5 15 4 logT -1.65110 -1.60740 42.54871487617493
5 15 4 logT -1.65045 -1.60744 42.45825004577637
5 15 4 logT -1.65088 -1.60746 42.60039949417114
5 15 4 logT -1.65210 -1.60738 42.74376463890076
5 15 4 logT -1.65702 -1.60741 42.56196665763855
5 15 4 logT -1.65435 -1.60734 42.560367822647095
5 15 4 logT -1.65105 -1.60745 42.418455362319946
5 15 4 logT -1.65610 -1.60741 42.81832408905029
5 15 4 logT -1.65057 -1.60753 42.61966037750244
5 15 4 logT -1.65265 -1.60712 42.89558005332947
5 15 5 logT -1.65980 -1.62196 50.24506664276123
5 15 5 logT -1.65732 -1.62217 50.2081036567688
5 15 5 logT -1.65645 -1.62186 50.408530712127686
5 15 5 logT -1.65697 -1.62199 50.23363542556763
5 15 5 logT -1.65702 -1.62179 50.33492922782898
5 15 5 logT -1.65765 -1.62194 50.33507943153381
5 15 5 logT -1.65695 -1.62206 50.181941986083984
5 15 5 logT -1.65749 -1.62195 50.28325581550598
5 15 5 logT -1.65657 -1.62214 50.17221188545227
5 15 5 logT -1.65846 -1.62175 50.18078684806824
5 15 6 logT -1.65982 -1.63169 57.68628239631653
5 15 6 logT -1.65799 -1.63147 57.76176929473877
5 15 6 logT -1.66109 -1.63148 58.10988736152649
5 15 6 logT -1.66242 -1.63180 57.78133463859558
5 15 6 logT -1.66309 -1.63150 57.845070600509644
5 15 6 logT -1.66019 -1.63129 57.84694147109985
5 15 6 logT -1.66024 -1.63123 57.9773805141449
5 15 6 logT -1.66106 -1.63197 57.796671628952026
5 15 6 logT -1.65948 -1.63157 57.79704689979553
5 15 6 logT -1.65990 -1.63117 57.9501006603241
5 15 7 logT -1.66292 -1.63893 65.3329586982727
5 15 7 logT -1.66144 -1.63845 65.45045566558838
5 15 7 logT -1.66250 -1.63913 65.24358248710632
5 15 7 logT -1.66393 -1.63877 65.36910843849182
5 15 7 logT -1.66249 -1.63893 65.43431830406189
5 15 7 logT -1.66063 -1.63852 65.56599473953247
5 15 7 logT -1.66183 -1.63865 65.66479802131653
5 15 7 logT -1.66083 -1.63846 65.5201997756958
5 15 7 logT -1.66142 -1.63836 65.28184366226196
5 15 7 logT -1.66253 -1.63876 65.34005403518677
5 15 8 logT -1.66418 -1.64400 72.93321871757507
5 15 8 logT -1.66254 -1.64456 73.08524227142334
5 15 8 logT -1.66305 -1.64430 73.1000406742096
5 15 8 logT -1.66316 -1.64449 73.11392664909363
5 15 8 logT -1.66265 -1.64411 73.03653025627136
5 15 8 logT -1.66378 -1.64421 73.03913426399231
5 15 8 logT -1.66395 -1.64447 72.91179728507996
5 15 8 logT -1.66449 -1.64475 72.99384593963623
5 15 8 logT -1.66355 -1.64429 73.02408528327942
5 15 8 logT -1.66387 -1.64396 73.02532291412354
5 15 9 logT -1.66411 -1.64844 80.62521600723267
5 15 9 logT -1.66446 -1.64806 80.84037375450134
5 15 9 logT -1.66434 -1.64863 80.65811681747437
5 15 9 logT -1.66410 -1.64916 80.89862728118896
5 15 9 logT -1.66535 -1.64848 80.88585996627808
5 15 9 logT -1.66535 -1.64870 80.60076117515564
5 15 9 logT -1.66458 -1.64879 80.75183248519897
5 15 9 logT -1.66442 -1.64905 80.51654601097107
5 15 9 logT -1.66457 -1.64883 80.43324637413025
5 15 9 logT -1.66417 -1.64882 80.59423279762268
5 15 10 logT -1.66535 -1.65258 88.30220031738281
5 15 10 logT -1.66481 -1.65322 88.2383017539978
5 15 10 logT -1.66449 -1.65282 88.18971681594849
5 15 10 logT -1.66462 -1.65287 88.25986170768738
5 15 10 logT -1.66453 -1.65287 88.06750583648682
5 15 10 logT -1.66522 -1.65239 88.26155853271484
5 15 10 logT -1.66450 -1.65326 88.1606285572052
5 15 10 logT -1.66439 -1.65209 88.31071662902832
5 15 10 logT -1.66451 -1.65240 88.1280472278595
5 15 10 logT -1.66492 -1.65297 88.26309418678284
5 15 11 logT -1.66535 -1.65613 95.69054579734802
5 15 11 logT -1.66535 -1.65603 95.78905701637268
5 15 11 logT -1.66522 -1.65633 95.93534111976624
5 15 11 logT -1.66524 -1.65560 95.79824090003967
5 15 11 logT -1.66523 -1.65521 95.67828702926636
5 15 11 logT -1.66511 -1.65640 95.95464181900024
5 15 11 logT -1.66535 -1.65640 95.64798998832703
5 15 11 logT -1.66535 -1.65656 95.78847813606262
5 15 11 logT -1.66525 -1.65607 95.69537258148193
5 15 11 logT -1.66521 -1.65676 95.79457592964172
5 15 12 logT -1.66535 -1.65849 103.48053121566772
5 15 12 logT -1.66535 -1.65865 103.30394244194031
5 15 12 logT -1.66525 -1.65942 103.49950003623962
5 15 12 logT -1.66535 -1.65910 103.39789056777954
5 15 12 logT -1.66523 -1.65866 103.51146674156189
5 15 12 logT -1.66535 -1.65869 103.41819477081299
5 15 12 logT -1.66535 -1.65876 103.53441071510315
5 15 12 logT -1.66535 -1.65887 103.634934425354
5 15 12 logT -1.66535 -1.65982 103.54362440109253
5 15 12 logT -1.66535 -1.65923 103.38343405723572
5 15 13 logT -1.66535 -1.66143 110.82060813903809
5 15 13 logT -1.66535 -1.66160 111.10588240623474
5 15 13 logT -1.66535 -1.66052 110.75495934486389
5 15 13 logT -1.66535 -1.66138 110.9329035282135
5 15 13 logT -1.66535 -1.66085 110.87630653381348
5 15 13 logT -1.66535 -1.66127 110.95945501327515
5 15 13 logT -1.66535 -1.66124 111.02090978622437
5 15 13 logT -1.66535 -1.66147 111.06877970695496
5 15 13 logT -1.66535 -1.66131 110.83628749847412
5 15 13 logT -1.66535 -1.66159 110.89877963066101
