5 15 4 logT -1.65451 -1.60886 42.639979124069214
5 15 4 logT -1.65274 -1.60888 42.69522213935852
5 15 4 logT -1.65104 -1.60893 42.77957582473755
5 15 4 logT -1.65340 -1.60901 42.69737458229065
5 15 4 logT -1.65290 -1.60889 42.829604387283325
5 15 4 logT -1.65047 -1.60896 42.62191843986511
5 15 4 logT -1.65331 -1.60898 42.700462102890015
5 15 4 logT -1.65231 -1.60880 42.775200605392456
5 15 4 logT -1.65220 -1.60885 42.65506625175476
5 15 4 logT -1.65222 -1.60887 43.08849787712097
5 15 5 logT -1.66043 -1.62279 50.370306968688965
5 15 5 logT -1.66124 -1.62294 50.35177564620972
5 15 5 logT -1.65876 -1.62303 50.51755690574646
5 15 5 logT -1.65714 -1.62279 50.52356481552124
5 15 5 logT -1.65780 -1.62280 50.282655477523804
5 15 5 logT -1.65904 -1.62258 50.47100901603699
5 15 5 logT -1.65731 -1.62288 50.45744585990906
5 15 5 logT -1.65937 -1.62298 50.25653004646301
5 15 5 logT -1.65949 -1.62279 50.21715593338013
5 15 5 logT -1.65785 -1.62276 50.35913348197937
5 15 6 logT -1.66264 -1.63175 58.03964352607727
5 15 6 logT -1.66262 -1.63164 58.017001152038574
5 15 6 logT -1.66258 -1.63169 58.035285234451294
5 15 6 logT -1.66294 -1.63173 57.895052433013916
5 15 6 logT -1.66290 -1.63186 58.10305118560791
5 15 6 logT -1.66291 -1.63147 57.95107078552246
5 15 6 logT -1.66275 -1.63171 57.8798406124115
5 15 6 logT -1.66126 -1.63153 57.93304133415222
5 15 6 logT -1.66250 -1.63174 58.07920742034912
5 15 6 logT -1.66264 -1.63177 57.901041746139526
5 15 7 logT -1.66524 -1.63837 65.55170917510986
5 15 7 logT -1.66505 -1.63821 65.6510374546051
5 15 7 logT -1.66656 -1.63850 65.45631241798401
5 15 7 logT -1.66519 -1.63834 65.54057669639587
5 15 7 logT -1.66607 -1.63862 65.61609244346619
5 15 7 logT -1.66514 -1.63857 66.07013654708862
5 15 7 logT -1.66579 -1.63863 65.55000925064087
5 15 7 logT -1.66478 -1.63844 65.70121121406555
5 15 7 logT -1.66467 -1.63881 65.43170809745789
5 15 7 logT -1.66586 -1.63821 65.74465560913086
5 15 8 logT -1.66520 -1.64382 73.14798879623413
5 15 8 logT -1.66657 -1.64386 73.19000291824341
5 15 8 logT -1.66622 -1.64397 73.20369935035706
5 15 8 logT -1.66555 -1.64404 72.91071319580078
5 15 8 logT -1.66555 -1.64367 73.06217360496521
5 15 8 logT -1.66645 -1.64381 73.14068746566772
5 15 8 logT -1.66494 -1.64337 73.3935124874115
5 15 8 logT -1.66585 -1.64371 73.15187406539917
5 15 8 logT -1.66607 -1.64371 72.95824360847473
5 15 8 logT -1.66467 -1.64360 73.3935797214508
5 15 9 logT -1.66621 -1.64945 80.64731931686401
5 15 9 logT -1.66667 -1.64948 80.68168020248413
5 15 9 logT -1.66668 -1.64923 80.635329246521
5 15 9 logT -1.66664 -1.64998 80.65974688529968
5 15 9 logT -1.66653 -1.64970 80.74576544761658
5 15 9 logT -1.66632 -1.64922 80.66895246505737
5 15 9 logT -1.66656 -1.64962 80.70751070976257
5 15 9 logT -1.66663 -1.64975 80.52826070785522
5 15 9 logT -1.66664 -1.64952 80.61696457862854
5 15 9 logT -1.66667 -1.64979 80.4398181438446
5 15 10 logT -1.66668 -1.65431 88.30038142204285
5 15 10 logT -1.66673 -1.65435 88.30363368988037
5 15 10 logT -1.66667 -1.65472 88.54822754859924
5 15 10 logT -1.66642 -1.65497 88.1574878692627
5 15 10 logT -1.66673 -1.65515 88.03448700904846
5 15 10 logT -1.66654 -1.65410 88.23920345306396
5 15 10 logT -1.66664 -1.65483 88.47522377967834
5 15 10 logT -1.66668 -1.65422 88.45499062538147
5 15 10 logT -1.66667 -1.65487 88.2641236782074
5 15 10 logT -1.66667 -1.65486 88.35894417762756
5 15 11 logT -1.66673 -1.65851 95.77862477302551
5 15 11 logT -1.66673 -1.65829 95.87843298912048
5 15 11 logT -1.66667 -1.65847 95.72867918014526
5 15 11 logT -1.66673 -1.65955 96.07848143577576
5 15 11 logT -1.66667 -1.65864 95.77718758583069
5 15 11 logT -1.66673 -1.65862 95.82252788543701
5 15 11 logT -1.66673 -1.65894 96.03052091598511
5 15 11 logT -1.66673 -1.65851 96.09068560600281
5 15 11 logT -1.66673 -1.65932 95.9566593170166
5 15 11 logT -1.66673 -1.66011 95.91405248641968
5 15 12 logT -1.66673 -1.66262 103.50905752182007
5 15 12 logT -1.66673 -1.66219 103.81044840812683
5 15 12 logT -1.66673 -1.66204 103.65644860267639
5 15 12 logT -1.66673 -1.66220 103.52430057525635
5 15 12 logT -1.66673 -1.66307 103.50784945487976
5 15 12 logT -1.66673 -1.66198 103.31129264831543
5 15 12 logT -1.66673 -1.66267 103.49817967414856
5 15 12 logT -1.66673 -1.66234 103.36129689216614
5 15 12 logT -1.66673 -1.66173 103.70216655731201
5 15 12 logT -1.66673 -1.66261 103.61637496948242
