5 15 4 logT -1.65779 -1.61267 42.71626400947571
5 15 4 logT -1.65847 -1.61270 42.64374041557312
5 15 4 logT -1.65720 -1.61267 42.831576108932495
5 15 4 logT -1.65554 -1.61268 42.82568073272705
5 15 4 logT -1.65569 -1.61255 42.50881624221802
5 15 4 logT -1.65440 -1.61265 42.8295419216156
5 15 4 logT -1.65470 -1.61262 42.71413612365723
5 15 4 logT -1.65677 -1.61257 42.77493596076965
5 15 4 logT -1.65745 -1.61268 42.79757523536682
5 15 4 logT -1.65818 -1.61258 42.42131948471069
5 15 5 logT -1.65890 -1.62655 50.32148718833923
5 15 5 logT -1.65948 -1.62643 50.42357897758484
5 15 5 logT -1.65986 -1.62661 50.41978216171265
5 15 5 logT -1.65983 -1.62638 50.4259078502655
5 15 5 logT -1.66071 -1.62659 50.41997981071472
5 15 5 logT -1.66016 -1.62662 50.33746075630188
5 15 5 logT -1.65984 -1.62657 50.41084623336792
5 15 5 logT -1.66040 -1.62654 50.04517889022827
5 15 5 logT -1.65913 -1.62645 50.328065156936646
5 15 5 logT -1.66022 -1.62666 50.36542749404907
5 15 6 logT -1.66215 -1.63598 58.05658960342407
5 15 6 logT -1.66228 -1.63573 57.90777778625488
5 15 6 logT -1.66227 -1.63573 58.01412105560303
5 15 6 logT -1.66221 -1.63581 58.19753050804138
5 15 6 logT -1.66227 -1.63576 58.015910148620605
5 15 6 logT -1.66146 -1.63603 58.12330722808838
5 15 6 logT -1.66100 -1.63583 58.05500912666321
5 15 6 logT -1.66213 -1.63574 57.92173790931702
5 15 6 logT -1.66232 -1.63559 57.9717652797699
5 15 6 logT -1.66104 -1.63584 58.15812063217163
5 15 7 logT -1.66378 -1.64240 65.59736967086792
5 15 7 logT -1.66296 -1.64273 65.59115743637085
5 15 7 logT -1.66359 -1.64248 65.38067674636841
5 15 7 logT -1.66465 -1.64264 65.47193241119385
5 15 7 logT -1.66285 -1.64234 65.4862334728241
5 15 7 logT -1.66377 -1.64268 65.33871722221375
5 15 7 logT -1.66373 -1.64265 65.49606275558472
5 15 7 logT -1.66339 -1.64260 65.4463906288147
5 15 7 logT -1.66340 -1.64250 65.4553165435791
5 15 7 logT -1.66399 -1.64250 65.32446026802063
5 15 8 logT -1.66390 -1.64801 73.2942214012146
5 15 8 logT -1.66440 -1.64832 73.20422053337097
5 15 8 logT -1.66414 -1.64837 73.05491423606873
5 15 8 logT -1.66467 -1.64830 73.12535619735718
5 15 8 logT -1.66450 -1.64828 73.10147190093994
5 15 8 logT -1.66478 -1.64801 73.2121570110321
5 15 8 logT -1.66526 -1.64796 73.00323581695557
5 15 8 logT -1.66450 -1.64818 73.38523983955383
5 15 8 logT -1.66520 -1.64833 73.33026075363159
5 15 8 logT -1.66461 -1.64800 73.32039642333984
5 15 9 logT -1.66502 -1.65302 80.62480068206787
5 15 9 logT -1.66554 -1.65391 80.92598581314087
5 15 9 logT -1.66568 -1.65351 80.75409245491028
5 15 9 logT -1.66520 -1.65325 80.68021059036255
5 15 9 logT -1.66534 -1.65311 80.57522869110107
5 15 9 logT -1.66517 -1.65293 80.7459192276001
5 15 9 logT -1.66558 -1.65310 80.3248245716095
5 15 9 logT -1.66546 -1.65307 80.45685911178589
5 15 9 logT -1.66524 -1.65301 80.75413393974304
5 15 9 logT -1.66550 -1.65378 80.73228907585144
5 15 10 logT -1.66623 -1.65725 88.29817867279053
5 15 10 logT -1.66618 -1.65740 88.338219165802
5 15 10 logT -1.66587 -1.65726 88.4144594669342
5 15 10 logT -1.66606 -1.65770 88.26538443565369
5 15 10 logT -1.66573 -1.65794 88.25202584266663
5 15 10 logT -1.66598 -1.65780 88.3387815952301
5 15 10 logT -1.66619 -1.65749 88.265634059906
5 15 10 logT -1.66567 -1.65690 88.20280146598816
5 15 10 logT -1.66580 -1.65724 88.16721558570862
5 15 10 logT -1.66600 -1.65735 88.39664316177368
5 15 11 logT -1.66594 -1.66064 95.7904589176178
5 15 11 logT -1.66600 -1.66001 96.15515685081482
5 15 11 logT -1.66604 -1.66040 96.29045486450195
5 15 11 logT -1.66613 -1.66034 95.82632160186768
5 15 11 logT -1.66613 -1.66073 95.86097002029419
5 15 11 logT -1.66613 -1.66054 95.8108549118042
5 15 11 logT -1.66608 -1.66025 95.92932415008545
5 15 11 logT -1.66614 -1.66048 96.05653619766235
5 15 11 logT -1.66619 -1.66064 96.10858845710754
5 15 11 logT -1.66590 -1.66077 96.20208764076233
5 15 12 logT -1.66619 -1.66230 103.50589418411255
5 15 12 logT -1.66623 -1.66287 103.20792770385742
5 15 12 logT -1.66623 -1.66250 103.48859548568726
5 15 12 logT -1.66619 -1.66210 103.47895193099976
5 15 12 logT -1.66623 -1.66225 103.60944509506226
5 15 12 logT -1.66623 -1.66259 103.24470520019531
5 15 12 logT -1.66623 -1.66255 103.5681312084198
5 15 12 logT -1.66623 -1.66249 103.53357458114624
5 15 12 logT -1.66623 -1.66266 103.32886123657227
5 15 12 logT -1.66623 -1.66278 103.41133260726929
5 15 13 logT -1.66623 -1.66377 110.9145290851593
5 15 13 logT -1.66623 -1.66427 111.03079771995544
5 15 13 logT -1.66623 -1.66372 111.24798965454102
5 15 13 logT -1.66623 -1.66373 111.18501806259155
5 15 13 logT -1.66619 -1.66367 111.04061961174011
5 15 13 logT -1.66623 -1.66376 111.25362181663513
5 15 13 logT -1.66623 -1.66400 111.12249422073364
5 15 13 logT -1.66623 -1.66389 110.94656610488892
5 15 13 logT -1.66623 -1.66384 111.10507011413574
5 15 13 logT -1.66623 -1.66382 111.08747363090515
