5 15 4 logT -1.67738 -1.63279 42.5802276134491
5 15 4 logT -1.67629 -1.63264 42.94943904876709
5 15 4 logT -1.68158 -1.63278 42.586313247680664
5 15 4 logT -1.67733 -1.63280 42.694578409194946
5 15 4 logT -1.67801 -1.63281 42.873432874679565
5 15 4 logT -1.68036 -1.63282 42.56159257888794
5 15 4 logT -1.68017 -1.63265 42.84699869155884
5 15 4 logT -1.67706 -1.63260 42.62627029418945
5 15 4 logT -1.67708 -1.63265 42.86343240737915
5 15 4 logT -1.67872 -1.63287 42.44039344787598
5 15 5 logT -1.68716 -1.64712 50.21282362937927
5 15 5 logT -1.68601 -1.64712 50.35095286369324
5 15 5 logT -1.68714 -1.64687 50.638641595840454
5 15 5 logT -1.68637 -1.64705 50.54501295089722
5 15 5 logT -1.68767 -1.64693 50.445427894592285
5 15 5 logT -1.68529 -1.64702 50.59696626663208
5 15 5 logT -1.68525 -1.64686 50.409756898880005
5 15 5 logT -1.68376 -1.64697 50.203046560287476
5 15 5 logT -1.68378 -1.64679 50.2085645198822
5 15 5 logT -1.68291 -1.64695 50.45608425140381
5 15 6 logT -1.68706 -1.65676 57.87030744552612
5 15 6 logT -1.68959 -1.65684 57.99019265174866
5 15 6 logT -1.68939 -1.65677 58.01263356208801
5 15 6 logT -1.68772 -1.65648 57.994056224823
5 15 6 logT -1.69071 -1.65690 57.84976267814636
5 15 6 logT -1.68789 -1.65664 57.76167416572571
5 15 6 logT -1.68869 -1.65642 57.795135498046875
5 15 6 logT -1.68737 -1.65634 58.060455322265625
5 15 6 logT -1.68874 -1.65656 57.79075765609741
5 15 6 logT -1.68768 -1.65686 57.83831834793091
5 15 7 logT -1.68975 -1.66525 65.33275198936462
5 15 7 logT -1.68941 -1.66498 65.62122440338135
5 15 7 logT -1.69074 -1.66532 65.55800271034241
5 15 7 logT -1.69105 -1.66491 65.31812572479248
5 15 7 logT -1.68965 -1.66494 65.4466016292572
5 15 7 logT -1.68898 -1.66525 65.43622732162476
5 15 7 logT -1.69069 -1.66493 65.48403072357178
5 15 7 logT -1.68948 -1.66493 65.60086965560913
5 15 7 logT -1.68911 -1.66465 65.45868396759033
5 15 7 logT -1.69003 -1.66494 65.29491853713989
5 15 8 logT -1.69149 -1.67290 73.11726927757263
5 15 8 logT -1.69063 -1.67306 73.07435941696167
5 15 8 logT -1.69058 -1.67315 73.45706963539124
5 15 8 logT -1.69083 -1.67244 73.13343334197998
5 15 8 logT -1.69055 -1.67277 72.9447283744812
5 15 8 logT -1.69070 -1.67249 72.99878764152527
5 15 8 logT -1.69097 -1.67295 73.09201645851135
5 15 8 logT -1.69038 -1.67246 73.52152180671692
5 15 8 logT -1.69099 -1.67289 73.27927875518799
5 15 8 logT -1.69051 -1.67245 73.15550947189331
5 15 9 logT -1.69155 -1.67954 80.4748637676239
5 15 9 logT -1.69104 -1.67941 80.50028681755066
5 15 9 logT -1.69104 -1.67960 80.78967761993408
5 15 9 logT -1.69106 -1.67952 80.90344834327698
5 15 9 logT -1.69116 -1.67946 81.03578162193298
5 15 9 logT -1.69086 -1.67904 80.8507764339447
5 15 9 logT -1.69092 -1.67908 80.6161904335022
5 15 9 logT -1.69088 -1.67894 80.57436776161194
5 15 9 logT -1.69130 -1.67879 80.3406457901001
5 15 9 logT -1.69125 -1.67909 80.43871331214905
5 15 10 logT -1.69142 -1.68454 88.12744808197021
5 15 10 logT -1.69137 -1.68417 88.03808975219727
5 15 10 logT -1.69125 -1.68418 88.01962018013
5 15 10 logT -1.69149 -1.68423 88.08058881759644
5 15 10 logT -1.69124 -1.68393 87.94123196601868
5 15 10 logT -1.69140 -1.68426 87.9523856639862
5 15 10 logT -1.69147 -1.68349 88.02603721618652
5 15 10 logT -1.69155 -1.68411 88.15017342567444
5 15 10 logT -1.69139 -1.68394 88.1401150226593
5 15 10 logT -1.69130 -1.68327 88.16872763633728
5 15 11 logT -1.69167 -1.68704 95.61243915557861
5 15 11 logT -1.69157 -1.68694 95.8915696144104
5 15 11 logT -1.69157 -1.68688 95.83751821517944
5 15 11 logT -1.69157 -1.68691 95.6676275730133
5 15 11 logT -1.69155 -1.68699 95.86591863632202
5 15 11 logT -1.69157 -1.68681 95.7343213558197
5 15 11 logT -1.69167 -1.68674 95.8215401172638
5 15 11 logT -1.69167 -1.68689 95.53739500045776
5 15 11 logT -1.69150 -1.68660 95.48682713508606
5 15 11 logT -1.69159 -1.68685 95.72098731994629
5 15 12 logT -1.69157 -1.68863 103.296302318573
5 15 12 logT -1.69167 -1.68850 103.46990537643433
5 15 12 logT -1.69157 -1.68823 103.35530400276184
5 15 12 logT -1.69167 -1.68873 103.28060722351074
5 15 12 logT -1.69167 -1.68879 103.26760196685791
5 15 12 logT -1.69157 -1.68832 103.4407308101654
5 15 12 logT -1.69165 -1.68845 103.25970768928528
5 15 12 logT -1.69167 -1.68860 103.4634735584259
5 15 12 logT -1.69165 -1.68841 103.3172459602356
5 15 12 logT -1.69159 -1.68879 103.59538626670837
5 15 13 logT -1.69167 -1.68971 111.16882824897766
5 15 13 logT -1.69167 -1.68971 111.24869775772095
5 15 13 logT -1.69167 -1.68975 111.10495567321777
5 15 13 logT -1.69167 -1.68956 111.21955704689026
5 15 13 logT -1.69167 -1.68972 111.22948980331421
5 15 13 logT -1.69167 -1.68951 111.18107008934021
5 15 13 logT -1.69167 -1.68942 110.95433139801025
5 15 13 logT -1.69167 -1.68949 111.03343605995178
5 15 13 logT -1.69167 -1.68974 111.23207068443298
5 15 13 logT -1.69167 -1.68985 111.13156652450562
