5 15 4 logT -1.66182 -1.61454 43.26880645751953
5 15 4 logT -1.66289 -1.61458 42.395883321762085
5 15 4 logT -1.66093 -1.61422 42.586920499801636
5 15 4 logT -1.66332 -1.61450 42.58337759971619
5 15 4 logT -1.66354 -1.61460 42.55524778366089
5 15 4 logT -1.66520 -1.61438 42.40333843231201
5 15 4 logT -1.66195 -1.61447 42.73270535469055
5 15 4 logT -1.66577 -1.61441 42.4436354637146
5 15 4 logT -1.66329 -1.61449 42.41442322731018
5 15 4 logT -1.66225 -1.61453 42.52834725379944
5 15 5 logT -1.66656 -1.62923 50.161675453186035
5 15 5 logT -1.66630 -1.62881 50.346834897994995
5 15 5 logT -1.66596 -1.62908 50.08023977279663
5 15 5 logT -1.66728 -1.62909 50.069878578186035
5 15 5 logT -1.66792 -1.62903 50.11728572845459
5 15 5 logT -1.66506 -1.62868 50.02399730682373
5 15 5 logT -1.66438 -1.62916 50.19265007972717
5 15 5 logT -1.66610 -1.62900 50.07407093048096
5 15 5 logT -1.66898 -1.62928 50.09394907951355
5 15 5 logT -1.66724 -1.62925 50.176899671554565
5 15 6 logT -1.66844 -1.64001 57.93493032455444
5 15 6 logT -1.66947 -1.64047 57.97944641113281
5 15 6 logT -1.67063 -1.63983 57.774235248565674
5 15 6 logT -1.66898 -1.63978 57.94260907173157
5 15 6 logT -1.66967 -1.63963 57.87756085395813
5 15 6 logT -1.67172 -1.63958 57.66294002532959
5 15 6 logT -1.66996 -1.63971 57.85621237754822
5 15 6 logT -1.66736 -1.63967 57.68992209434509
5 15 6 logT -1.66984 -1.63980 57.74143981933594
5 15 6 logT -1.66921 -1.63971 57.72305965423584
5 15 7 logT -1.67168 -1.64870 65.50603699684143
5 15 7 logT -1.67093 -1.64867 65.35043430328369
5 15 7 logT -1.67269 -1.64830 65.38639497756958
5 15 7 logT -1.67150 -1.64904 65.6109344959259
5 15 7 logT -1.67140 -1.64843 65.21389245986938
5 15 7 logT -1.67151 -1.64890 65.32083702087402
5 15 7 logT -1.67178 -1.64872 65.17937731742859
5 15 7 logT -1.66998 -1.64845 65.3499186038971
5 15 7 logT -1.67052 -1.64880 65.24107694625854
5 15 7 logT -1.67049 -1.64899 65.25149941444397
5 15 8 logT -1.67253 -1.65603 72.96765661239624
5 15 8 logT -1.67318 -1.65551 72.82257056236267
5 15 8 logT -1.67319 -1.65532 72.86958074569702
5 15 8 logT -1.67182 -1.65519 72.86983394622803
5 15 8 logT -1.67224 -1.65551 72.69983744621277
5 15 8 logT -1.67327 -1.65533 73.03970050811768
5 15 8 logT -1.67281 -1.65523 72.85688734054565
5 15 8 logT -1.67333 -1.65659 72.84497737884521
5 15 8 logT -1.67232 -1.65575 72.82964372634888
5 15 8 logT -1.67375 -1.65563 72.78491401672363
5 15 9 logT -1.67385 -1.66166 80.49408006668091
5 15 9 logT -1.67403 -1.66071 80.33353972434998
5 15 9 logT -1.67420 -1.66172 80.35959196090698
5 15 9 logT -1.67459 -1.66155 80.44761967658997
5 15 9 logT -1.67428 -1.66194 80.15039658546448
5 15 9 logT -1.67412 -1.66088 80.36719703674316
5 15 9 logT -1.67409 -1.66081 80.61269974708557
5 15 9 logT -1.67423 -1.66138 80.26541018486023
5 15 9 logT -1.67431 -1.66092 80.51801228523254
5 15 9 logT -1.67362 -1.66138 80.59540796279907
5 15 10 logT -1.67470 -1.66503 88.24147415161133
5 15 10 logT -1.67514 -1.66524 88.14910984039307
5 15 10 logT -1.67470 -1.66539 87.90787744522095
5 15 10 logT -1.67511 -1.66555 87.92464995384216
5 15 10 logT -1.67462 -1.66512 87.84786748886108
5 15 10 logT -1.67522 -1.66534 87.99738121032715
5 15 10 logT -1.67481 -1.66562 88.12917232513428
5 15 10 logT -1.67470 -1.66471 87.96904802322388
5 15 10 logT -1.67459 -1.66529 88.00844120979309
5 15 10 logT -1.67492 -1.66571 87.91487789154053
5 15 11 logT -1.67510 -1.66782 95.72254467010498
5 15 11 logT -1.67522 -1.66770 95.74525046348572
5 15 11 logT -1.67517 -1.66813 95.63830184936523
5 15 11 logT -1.67523 -1.66826 95.44770359992981
5 15 11 logT -1.67490 -1.66835 95.49770760536194
5 15 11 logT -1.67522 -1.66845 95.45513939857483
5 15 11 logT -1.67522 -1.66812 95.76888704299927
5 15 11 logT -1.67518 -1.66853 95.7550585269928
5 15 11 logT -1.67522 -1.66804 95.8714587688446
5 15 11 logT -1.67489 -1.66758 95.66222167015076
5 15 12 logT -1.67523 -1.67033 103.13677382469177
5 15 12 logT -1.67523 -1.67075 103.4972493648529
5 15 12 logT -1.67522 -1.67000 103.0471773147583
5 15 12 logT -1.67523 -1.67039 103.27831411361694
5 15 12 logT -1.67522 -1.67019 103.32637286186218
5 15 12 logT -1.67523 -1.67013 103.31450867652893
5 15 12 logT -1.67523 -1.67015 103.31969666481018
5 15 12 logT -1.67523 -1.66992 103.18049645423889
5 15 12 logT -1.67523 -1.67022 103.18315839767456
5 15 12 logT -1.67523 -1.67004 103.2560510635376
5 15 13 logT -1.67523 -1.67209 110.7977602481842
5 15 13 logT -1.67523 -1.67175 110.77941060066223
5 15 13 logT -1.67523 -1.67191 110.70254826545715
5 15 13 logT -1.67523 -1.67236 110.67760109901428
5 15 13 logT -1.67523 -1.67133 110.7898018360138
5 15 13 logT -1.67523 -1.67152 110.82344603538513
5 15 13 logT -1.67523 -1.67178 110.92839622497559
5 15 13 logT -1.67523 -1.67178 111.18757891654968
5 15 13 logT -1.67523 -1.67207 110.75498533248901
5 15 13 logT -1.67523 -1.67180 110.9469645023346
