5 15 4 logT -1.66691 -1.61340 42.697540044784546
5 15 4 logT -1.66521 -1.61340 42.705973386764526
5 15 4 logT -1.67031 -1.61351 42.62313675880432
5 15 4 logT -1.66273 -1.61360 42.646958351135254
5 15 4 logT -1.66265 -1.61338 42.35490798950195
5 15 4 logT -1.66445 -1.61364 42.82196235656738
5 15 4 logT -1.66305 -1.61350 42.5596661567688
5 15 4 logT -1.66230 -1.61323 42.580342054367065
5 15 4 logT -1.66424 -1.61360 42.60222291946411
5 15 4 logT -1.66312 -1.61337 42.647308349609375
5 15 5 logT -1.66900 -1.62990 50.236332416534424
5 15 5 logT -1.67058 -1.63030 50.09215593338013
5 15 5 logT -1.66716 -1.63001 50.353174686431885
5 15 5 logT -1.66814 -1.62980 50.359474658966064
5 15 5 logT -1.66727 -1.63033 50.31923961639404
5 15 5 logT -1.66636 -1.63034 50.46173357963562
5 15 5 logT -1.66781 -1.63057 50.28395938873291
5 15 5 logT -1.66906 -1.62997 50.425538778305054
5 15 5 logT -1.66800 -1.63060 50.0986807346344
5 15 5 logT -1.66841 -1.63004 50.39940857887268
5 15 6 logT -1.67149 -1.64240 57.82328414916992
5 15 6 logT -1.67073 -1.64253 57.82318449020386
5 15 6 logT -1.67075 -1.64264 57.79921841621399
5 15 6 logT -1.67188 -1.64277 57.76844048500061
5 15 6 logT -1.67075 -1.64239 57.96381998062134
5 15 6 logT -1.67164 -1.64299 58.025429248809814
5 15 6 logT -1.67040 -1.64311 58.28836631774902
5 15 6 logT -1.67152 -1.64241 57.976675510406494
5 15 6 logT -1.67170 -1.64245 57.76457238197327
5 15 6 logT -1.67020 -1.64292 58.026440382003784
5 15 7 logT -1.67273 -1.65243 65.19447374343872
5 15 7 logT -1.67383 -1.65206 65.4606122970581
5 15 7 logT -1.67369 -1.65232 65.50558948516846
5 15 7 logT -1.67272 -1.65248 65.28203201293945
5 15 7 logT -1.67242 -1.65166 65.51962041854858
5 15 7 logT -1.67327 -1.65172 65.54822206497192
5 15 7 logT -1.67441 -1.65256 65.34979319572449
5 15 7 logT -1.67312 -1.65226 65.57286858558655
5 15 7 logT -1.67424 -1.65189 65.65821862220764
5 15 7 logT -1.67333 -1.65182 65.33263540267944
5 15 8 logT -1.67411 -1.65943 73.14946055412292
5 15 8 logT -1.67469 -1.65995 73.17121648788452
5 15 8 logT -1.67432 -1.65963 72.821284532547
5 15 8 logT -1.67430 -1.65973 73.15798282623291
5 15 8 logT -1.67398 -1.65934 73.19370031356812
5 15 8 logT -1.67426 -1.65875 73.06985926628113
5 15 8 logT -1.67460 -1.65935 73.0564444065094
5 15 8 logT -1.67454 -1.65941 73.17262721061707
5 15 8 logT -1.67416 -1.65932 73.13206386566162
5 15 8 logT -1.67453 -1.65946 73.20235919952393
5 15 9 logT -1.67471 -1.66417 80.7947609424591
5 15 9 logT -1.67475 -1.66424 80.58050680160522
5 15 9 logT -1.67490 -1.66492 80.76322507858276
5 15 9 logT -1.67487 -1.66412 80.4774558544159
5 15 9 logT -1.67487 -1.66469 80.63056564331055
5 15 9 logT -1.67491 -1.66456 80.85463070869446
5 15 9 logT -1.67469 -1.66483 80.69775390625
5 15 9 logT -1.67462 -1.66476 80.433265209198
5 15 9 logT -1.67470 -1.66471 80.60561752319336
5 15 9 logT -1.67462 -1.66465 80.7897572517395
5 15 10 logT -1.67490 -1.66811 88.29834175109863
5 15 10 logT -1.67492 -1.66865 88.01521563529968
5 15 10 logT -1.67492 -1.66843 88.15800905227661
5 15 10 logT -1.67491 -1.66823 87.86611294746399
5 15 10 logT -1.67485 -1.66754 88.63651537895203
5 15 10 logT -1.67492 -1.66860 87.81800866127014
5 15 10 logT -1.67490 -1.66772 88.73429942131042
5 15 10 logT -1.67490 -1.66793 88.29727435112
5 15 10 logT -1.67491 -1.66855 88.43977284431458
5 15 10 logT -1.67490 -1.66833 87.81624937057495
5 15 11 logT -1.67492 -1.67090 95.89628791809082
5 15 11 logT -1.67491 -1.67072 96.04941582679749
5 15 11 logT -1.67492 -1.67080 95.80269598960876
5 15 11 logT -1.67491 -1.67104 95.76775193214417
5 15 11 logT -1.67492 -1.67099 95.9704372882843
5 15 11 logT -1.67492 -1.67116 96.08619403839111
5 15 11 logT -1.67492 -1.67052 96.09923124313354
5 15 11 logT -1.67492 -1.67035 95.9462342262268
5 15 11 logT -1.67492 -1.67120 96.04817914962769
5 15 11 logT -1.67492 -1.67106 95.9301369190216
5 15 12 logT -1.67492 -1.67225 103.39143705368042
5 15 12 logT -1.67492 -1.67259 103.33787703514099
5 15 12 logT -1.67492 -1.67280 103.42147517204285
5 15 12 logT -1.67492 -1.67250 103.37285828590393
5 15 12 logT -1.67492 -1.67273 103.54921674728394
5 15 12 logT -1.67492 -1.67233 103.54804801940918
5 15 12 logT -1.67492 -1.67281 103.22764039039612
5 15 12 logT -1.67492 -1.67273 103.50271272659302
5 15 12 logT -1.67492 -1.67224 103.61812996864319
5 15 12 logT -1.67492 -1.67222 103.31632685661316
