5 15 4 logT -1.72848 -1.67623 42.65021991729736
5 15 4 logT -1.72353 -1.67609 42.835143089294434
5 15 4 logT -1.72471 -1.67624 42.80865788459778
5 15 4 logT -1.72834 -1.67629 42.68760418891907
5 15 4 logT -1.72379 -1.67626 42.77692794799805
5 15 4 logT -1.72837 -1.67631 42.84278106689453
5 15 4 logT -1.72338 -1.67607 42.57575559616089
5 15 4 logT -1.72736 -1.67623 42.75560450553894
5 15 4 logT -1.72235 -1.67637 42.78884530067444
5 15 4 logT -1.72533 -1.67623 42.63964819908142
5 15 5 logT -1.73077 -1.69236 50.419357776641846
5 15 5 logT -1.73232 -1.69192 50.25458312034607
5 15 5 logT -1.73064 -1.69167 50.37184286117554
5 15 5 logT -1.73296 -1.69213 50.302146434783936
5 15 5 logT -1.73313 -1.69187 50.36502480506897
5 15 5 logT -1.73331 -1.69203 50.38018012046814
5 15 5 logT -1.73268 -1.69197 50.07084798812866
5 15 5 logT -1.73239 -1.69208 50.32887840270996
5 15 5 logT -1.73594 -1.69203 50.35297107696533
5 15 5 logT -1.73319 -1.69197 50.22066807746887
5 15 6 logT -1.73461 -1.70350 57.914905071258545
5 15 6 logT -1.73481 -1.70339 57.790395975112915
5 15 6 logT -1.73772 -1.70353 57.87479043006897
5 15 6 logT -1.73658 -1.70308 59.857685565948486
5 15 6 logT -1.73522 -1.70315 57.93165898323059
5 15 6 logT -1.73599 -1.70356 57.86452603340149
5 15 6 logT -1.73600 -1.70321 57.88355898857117
5 15 6 logT -1.73409 -1.70340 57.721758127212524
5 15 6 logT -1.73568 -1.70342 57.93613386154175
5 15 6 logT -1.73352 -1.70294 57.871448278427124
5 15 7 logT -1.73864 -1.71224 65.4300901889801
5 15 7 logT -1.73797 -1.71255 65.49501347541809
5 15 7 logT -1.73895 -1.71237 65.30288887023926
5 15 7 logT -1.73790 -1.71285 65.60287642478943
5 15 7 logT -1.73807 -1.71289 65.28726840019226
5 15 7 logT -1.73798 -1.71244 65.27493453025818
5 15 7 logT -1.74018 -1.71221 65.33441710472107
5 15 7 logT -1.73747 -1.71290 65.5352463722229
5 15 7 logT -1.73900 -1.71268 65.49006128311157
5 15 7 logT -1.73868 -1.71271 65.48315000534058
5 15 8 logT -1.74019 -1.72093 73.1767008304596
5 15 8 logT -1.73956 -1.72001 73.16102337837219
5 15 8 logT -1.73941 -1.72108 73.0855073928833
5 15 8 logT -1.73891 -1.72011 72.95377111434937
5 15 8 logT -1.73899 -1.71993 73.05477285385132
5 15 8 logT -1.74000 -1.72027 73.11504817008972
5 15 8 logT -1.74079 -1.72086 73.07166194915771
5 15 8 logT -1.74129 -1.71977 73.01996040344238
5 15 8 logT -1.73919 -1.72030 72.97012567520142
5 15 8 logT -1.73889 -1.72047 73.29778146743774
5 15 9 logT -1.74050 -1.72599 80.81125164031982
5 15 9 logT -1.73982 -1.72621 80.55880427360535
5 15 9 logT -1.74053 -1.72633 80.67402172088623
5 15 9 logT -1.74056 -1.72674 80.70100903511047
5 15 9 logT -1.74003 -1.72634 80.78716135025024
5 15 9 logT -1.74007 -1.72639 81.04614758491516
5 15 9 logT -1.73997 -1.72642 80.57208919525146
5 15 9 logT -1.74031 -1.72619 80.60970973968506
5 15 9 logT -1.74014 -1.72616 80.52096176147461
5 15 9 logT -1.74046 -1.72669 80.55216026306152
5 15 10 logT -1.74155 -1.73074 88.2932014465332
5 15 10 logT -1.74083 -1.73121 88.42675566673279
5 15 10 logT -1.74099 -1.73138 88.12385201454163
5 15 10 logT -1.74088 -1.73096 88.09354662895203
5 15 10 logT -1.74120 -1.73181 88.16866183280945
5 15 10 logT -1.74101 -1.73101 88.18946385383606
5 15 10 logT -1.74150 -1.73128 88.28848791122437
5 15 10 logT -1.74153 -1.73096 88.29645466804504
5 15 10 logT -1.74149 -1.73132 88.25642108917236
5 15 10 logT -1.74156 -1.73072 88.12333106994629
5 15 11 logT -1.74156 -1.73421 96.01691603660583
5 15 11 logT -1.74164 -1.73426 95.80060744285583
5 15 11 logT -1.74173 -1.73450 95.76072907447815
5 15 11 logT -1.74152 -1.73417 95.80557751655579
5 15 11 logT -1.74148 -1.73437 95.86465787887573
5 15 11 logT -1.74159 -1.73433 95.84422636032104
5 15 11 logT -1.74173 -1.73376 95.94626235961914
5 15 11 logT -1.74170 -1.73396 95.77045679092407
5 15 11 logT -1.74144 -1.73375 95.7750449180603
5 15 11 logT -1.74173 -1.73365 95.78053665161133
5 15 12 logT -1.74170 -1.73630 103.51468706130981
5 15 12 logT -1.74147 -1.73598 103.50338983535767
5 15 12 logT -1.74171 -1.73644 103.1948630809784
5 15 12 logT -1.74173 -1.73667 103.28445935249329
5 15 12 logT -1.74168 -1.73660 103.21643376350403
5 15 12 logT -1.74174 -1.73670 103.41983556747437
5 15 12 logT -1.74170 -1.73614 103.26521134376526
5 15 12 logT -1.74168 -1.73655 103.21817350387573
5 15 12 logT -1.74174 -1.73642 103.36005878448486
5 15 12 logT -1.74168 -1.73609 103.1572859287262
5 15 13 logT -1.74170 -1.73790 110.83009266853333
5 15 13 logT -1.74174 -1.73776 110.95222020149231
5 15 13 logT -1.74174 -1.73803 110.68245363235474
5 15 13 logT -1.74174 -1.73846 110.83945417404175
5 15 13 logT -1.74174 -1.73875 110.9021544456482
5 15 13 logT -1.74174 -1.73815 110.75852632522583
5 15 13 logT -1.74174 -1.73840 110.77794981002808
5 15 13 logT -1.74173 -1.73799 110.8164472579956
5 15 13 logT -1.74174 -1.73821 111.08851313591003
5 15 13 logT -1.74173 -1.73806 110.69936656951904
5 15 14 logT -1.74174 -1.73936 118.33260083198547
5 15 14 logT -1.74174 -1.73937 118.49153661727905
5 15 14 logT -1.74174 -1.73935 118.33644366264343
5 15 14 logT -1.74174 -1.73866 118.61892628669739
5 15 14 logT -1.74174 -1.73944 118.50338792800903
5 15 14 logT -1.74174 -1.73898 118.39713478088379
5 15 14 logT -1.74174 -1.73889 118.48581862449646
5 15 14 logT -1.74174 -1.73985 118.51517701148987
5 15 14 logT -1.74174 -1.73923 118.49606895446777
5 15 14 logT -1.74174 -1.73921 121.85882925987244
