5 15 4 logT -1.66105 -1.60354 42.611942529678345
5 15 4 logT -1.66129 -1.60338 42.61732578277588
5 15 4 logT -1.65610 -1.60335 42.66257190704346
5 15 4 logT -1.65458 -1.60347 42.70140075683594
5 15 4 logT -1.65946 -1.60346 42.75564503669739
5 15 4 logT -1.65794 -1.60337 42.6449031829834
5 15 4 logT -1.65936 -1.60342 42.72385573387146
5 15 4 logT -1.65529 -1.60338 42.697057485580444
5 15 4 logT -1.65984 -1.60333 42.61743497848511
5 15 4 logT -1.65991 -1.60342 42.623494386672974
5 15 5 logT -1.66667 -1.61790 50.27939558029175
5 15 5 logT -1.66580 -1.61796 50.36370849609375
5 15 5 logT -1.66259 -1.61846 50.15131330490112
5 15 5 logT -1.66560 -1.61782 50.30792570114136
5 15 5 logT -1.66793 -1.61788 50.35411310195923
5 15 5 logT -1.66867 -1.61817 50.30660796165466
5 15 5 logT -1.66422 -1.61822 50.34666633605957
5 15 5 logT -1.66423 -1.61824 50.45262789726257
5 15 5 logT -1.66391 -1.61832 50.39597129821777
5 15 5 logT -1.66624 -1.61820 50.477227210998535
5 15 6 logT -1.67003 -1.63119 57.97009825706482
5 15 6 logT -1.67115 -1.62977 57.88513159751892
5 15 6 logT -1.67002 -1.63019 57.84262275695801
5 15 6 logT -1.66911 -1.63032 57.930052757263184
5 15 6 logT -1.66984 -1.62986 57.99623441696167
5 15 6 logT -1.66836 -1.63043 58.014206409454346
5 15 6 logT -1.67042 -1.62985 57.960442304611206
5 15 6 logT -1.66731 -1.63016 57.96989154815674
5 15 6 logT -1.67000 -1.62988 57.84364938735962
5 15 6 logT -1.67048 -1.62981 57.91495680809021
5 15 7 logT -1.67148 -1.64177 65.45043897628784
5 15 7 logT -1.67182 -1.64216 65.65050745010376
5 15 7 logT -1.67210 -1.64201 65.57808518409729
5 15 7 logT -1.67198 -1.64236 65.52957963943481
5 15 7 logT -1.67203 -1.64171 65.6430995464325
5 15 7 logT -1.67176 -1.64165 65.5723967552185
5 15 7 logT -1.67190 -1.64271 65.55582451820374
5 15 7 logT -1.67148 -1.64341 65.5483078956604
5 15 7 logT -1.67176 -1.64216 65.4301085472107
5 15 7 logT -1.67213 -1.64159 65.72926712036133
5 15 8 logT -1.67261 -1.65338 73.12280201911926
5 15 8 logT -1.67223 -1.65377 73.40893626213074
5 15 8 logT -1.67269 -1.65273 73.00695276260376
5 15 8 logT -1.67269 -1.65419 73.11587905883789
5 15 8 logT -1.67218 -1.65424 73.10857439041138
5 15 8 logT -1.67262 -1.65436 73.00973439216614
5 15 8 logT -1.67275 -1.65357 73.10524702072144
5 15 8 logT -1.67253 -1.65410 73.00189685821533
5 15 8 logT -1.67230 -1.65403 73.07392644882202
5 15 8 logT -1.67236 -1.65252 73.15909886360168
5 15 9 logT -1.67275 -1.66179 80.69605350494385
5 15 9 logT -1.67275 -1.66181 80.68078851699829
5 15 9 logT -1.67273 -1.66241 80.70916891098022
5 15 9 logT -1.67275 -1.66339 80.68680572509766
5 15 9 logT -1.67275 -1.66216 80.95422172546387
5 15 9 logT -1.67275 -1.66156 80.59729337692261
5 15 9 logT -1.67275 -1.66165 80.77394723892212
5 15 9 logT -1.67275 -1.66175 80.72744631767273
5 15 9 logT -1.67269 -1.66206 80.64407801628113
5 15 9 logT -1.67269 -1.66188 80.47070550918579
5 15 10 logT -1.67275 -1.66770 88.21260595321655
5 15 10 logT -1.67275 -1.66832 88.29398512840271
5 15 10 logT -1.67275 -1.66733 88.27735829353333
5 15 10 logT -1.67275 -1.66806 88.26599621772766
5 15 10 logT -1.67275 -1.66687 88.1857397556305
5 15 10 logT -1.67275 -1.66758 88.30791282653809
5 15 10 logT -1.67275 -1.66784 88.2245843410492
5 15 10 logT -1.67275 -1.66751 88.26656651496887
5 15 10 logT -1.67275 -1.66788 88.35983443260193
5 15 10 logT -1.67275 -1.66795 88.23354029655457
