10 10 logT -1.70774 -1.70732 4.992700099945068
10 10 logT -1.70878 -1.70773 4.9984307289123535
10 10 logT -1.70621 -1.70519 4.99768590927124
10 10 logT -1.70709 -1.70620 4.997253179550171
10 10 logT -1.70476 -1.70378 4.996660470962524
10 10 logT -1.70521 -1.70432 4.997676134109497
10 10 logT -1.71165 -1.71125 4.997414827346802
10 10 logT -1.71196 -1.71168 4.998475551605225
10 10 logT -1.70681 -1.70616 4.996973991394043
10 10 logT -1.71156 -1.71085 4.998319864273071
10 15 logT -1.71192 -1.71169 7.775714159011841
10 15 logT -1.71275 -1.71192 7.776377439498901
10 15 logT -1.71383 -1.71314 7.777681112289429
10 15 logT -1.71331 -1.71292 7.7756383419036865
10 15 logT -1.71097 -1.71078 7.775224447250366
10 15 logT -1.71182 -1.71112 7.777835369110107
10 15 logT -1.70702 -1.70651 7.777294874191284
10 15 logT -1.71309 -1.71252 7.776551961898804
10 15 logT -1.71059 -1.70963 7.776549339294434
10 15 logT -1.70993 -1.70950 7.775666236877441
10 20 logT -1.71402 -1.71330 10.554665327072144
10 20 logT -1.71408 -1.71377 10.554232835769653
10 20 logT -1.71318 -1.71296 10.555316925048828
10 20 logT -1.71240 -1.71181 10.554104089736938
10 20 logT -1.71275 -1.71215 10.554233074188232
10 20 logT -1.71317 -1.71282 10.555664300918579
10 20 logT -1.71467 -1.71420 10.555016279220581
10 20 logT -1.71348 -1.71293 10.55441951751709
10 20 logT -1.71408 -1.71350 10.556601285934448
10 20 logT -1.71402 -1.71382 10.553168296813965
10 25 logT -1.71288 -1.71266 13.335449934005737
10 25 logT -1.71218 -1.71133 13.333407878875732
10 25 logT -1.71408 -1.71376 13.332914590835571
10 25 logT -1.71467 -1.71447 13.331906080245972
10 25 logT -1.71340 -1.71293 13.333234310150146
10 25 logT -1.71467 -1.71417 13.332070589065552
10 25 logT -1.71408 -1.71373 13.332720756530762
10 25 logT -1.71408 -1.71376 13.331996202468872
10 25 logT -1.71348 -1.71294 13.333031415939331
10 25 logT -1.71408 -1.71361 13.333417415618896
10 30 logT -1.71447 -1.71396 16.111279010772705
10 30 logT -1.71467 -1.71421 16.109929084777832
10 30 logT -1.71408 -1.71376 16.11015033721924
10 30 logT -1.71467 -1.71435 16.110578775405884
10 30 logT -1.71467 -1.71441 16.111141443252563
10 30 logT -1.71383 -1.71322 16.11140012741089
10 30 logT -1.71402 -1.71365 16.111332654953003
10 30 logT -1.71408 -1.71379 16.1116783618927
10 30 logT -1.71408 -1.71355 16.112558364868164
10 30 logT -1.71383 -1.71310 16.11051893234253
10 35 logT -1.71408 -1.71370 18.891850233078003
10 35 logT -1.71408 -1.71376 18.889270305633545
10 35 logT -1.71467 -1.71446 18.887741327285767
10 35 logT -1.71467 -1.71400 18.888986825942993
10 35 logT -1.71408 -1.71336 18.889508485794067
10 35 logT -1.71467 -1.71446 18.889187812805176
10 35 logT -1.71467 -1.71439 18.887075662612915
10 35 logT -1.71467 -1.71444 18.891757488250732
10 35 logT -1.71408 -1.71335 18.888336420059204
10 35 logT -1.71467 -1.71444 18.889230728149414
10 40 logT -1.71408 -1.71376 21.66742968559265
10 40 logT -1.71467 -1.71447 21.67039465904236
10 40 logT -1.71467 -1.71443 21.66993761062622
10 40 logT -1.71467 -1.71450 21.668626308441162
10 40 logT -1.71467 -1.71415 21.668596982955933
10 40 logT -1.71408 -1.71364 21.6694917678833
10 40 logT -1.71467 -1.71438 21.667208909988403
10 40 logT -1.71408 -1.71375 21.667418956756592
10 40 logT -1.71467 -1.71445 21.66693425178528
10 40 logT -1.71467 -1.71442 21.668235301971436
10 45 logT -1.71467 -1.71445 24.443827152252197
10 45 logT -1.71467 -1.71446 24.444409608840942
10 45 logT -1.71467 -1.71442 24.444286346435547
10 45 logT -1.71467 -1.71423 24.443923234939575
10 45 logT -1.71409 -1.71365 24.444852828979492
10 45 logT -1.71467 -1.71431 24.4474458694458
10 45 logT -1.71467 -1.71408 24.448500394821167
10 45 logT -1.71467 -1.71443 24.446255207061768
10 45 logT -1.71467 -1.71430 24.4468731880188
10 45 logT -1.71467 -1.71445 24.44728374481201
