10 10 logT -1.66701 -1.66648 4.995469331741333
10 10 logT -1.66329 -1.66253 4.9945127964019775
10 10 logT -1.66373 -1.66241 4.994630813598633
10 10 logT -1.66178 -1.66085 4.994616746902466
10 10 logT -1.66932 -1.66768 4.994114637374878
10 10 logT -1.67083 -1.66988 4.994040489196777
10 10 logT -1.66851 -1.66706 4.993528366088867
10 10 logT -1.67017 -1.66914 4.993724346160889
10 10 logT -1.67185 -1.67093 4.9935503005981445
10 10 logT -1.66175 -1.66096 5.000670909881592
10 15 logT -1.67393 -1.67303 7.780774831771851
10 15 logT -1.67492 -1.67450 7.7820188999176025
10 15 logT -1.67641 -1.67611 7.780632495880127
10 15 logT -1.67278 -1.67185 7.782961845397949
10 15 logT -1.67388 -1.67306 7.780394554138184
10 15 logT -1.67397 -1.67299 7.78100061416626
10 15 logT -1.67476 -1.67349 7.781205654144287
10 15 logT -1.66962 -1.66893 7.781975984573364
10 15 logT -1.66982 -1.66961 7.78126859664917
10 15 logT -1.67524 -1.67461 7.781415700912476
10 20 logT -1.67514 -1.67473 10.561856985092163
10 20 logT -1.67577 -1.67530 10.562596797943115
10 20 logT -1.67656 -1.67590 10.56239104270935
10 20 logT -1.67620 -1.67546 10.562047481536865
10 20 logT -1.67641 -1.67603 10.561521530151367
10 20 logT -1.67663 -1.67610 10.561734199523926
10 20 logT -1.67539 -1.67487 10.562841892242432
10 20 logT -1.67618 -1.67538 10.561427593231201
10 20 logT -1.67663 -1.67626 10.561753988265991
10 20 logT -1.67641 -1.67591 10.562735080718994
10 25 logT -1.67663 -1.67625 13.342425346374512
10 25 logT -1.67663 -1.67626 13.341766357421875
10 25 logT -1.67663 -1.67621 13.342375755310059
10 25 logT -1.67663 -1.67621 13.342143058776855
10 25 logT -1.67663 -1.67627 13.342117309570312
10 25 logT -1.67663 -1.67621 13.343864917755127
10 25 logT -1.67663 -1.67621 13.342053174972534
10 25 logT -1.67656 -1.67619 13.343442440032959
10 25 logT -1.67641 -1.67590 13.342054843902588
10 25 logT -1.67663 -1.67623 13.341972351074219
10 30 logT -1.67663 -1.67624 16.123135805130005
10 30 logT -1.67663 -1.67622 16.12239718437195
10 30 logT -1.67663 -1.67611 16.122544527053833
10 30 logT -1.67662 -1.67604 16.121957540512085
10 30 logT -1.67663 -1.67624 16.124595165252686
10 30 logT -1.67663 -1.67620 16.122345685958862
10 30 logT -1.67661 -1.67621 16.122740268707275
10 30 logT -1.67663 -1.67614 16.12429165840149
10 30 logT -1.67663 -1.67619 16.121229887008667
10 30 logT -1.67663 -1.67624 16.122621059417725
10 35 logT -1.67663 -1.67615 18.902512311935425
10 35 logT -1.67663 -1.67622 18.90085768699646
10 35 logT -1.67663 -1.67622 18.90267276763916
10 35 logT -1.67663 -1.67621 18.90236258506775
10 35 logT -1.67663 -1.67621 18.90312099456787
10 35 logT -1.67663 -1.67619 18.901044607162476
10 35 logT -1.67663 -1.67623 18.901244640350342
10 35 logT -1.67663 -1.67620 18.902387619018555
10 35 logT -1.67663 -1.67623 18.9017653465271
10 35 logT -1.67656 -1.67600 18.903549194335938
