10 10 logT -1.65625 -1.65595 4.994410514831543
10 10 logT -1.65975 -1.65928 4.994837045669556
10 10 logT -1.65975 -1.65888 4.994362831115723
10 10 logT -1.66109 -1.66063 4.993469953536987
10 10 logT -1.66146 -1.66061 4.998206377029419
10 10 logT -1.65828 -1.65749 5.000721454620361
10 10 logT -1.65887 -1.65806 5.000799179077148
10 10 logT -1.65861 -1.65732 5.00035285949707
10 10 logT -1.65510 -1.65444 4.999990701675415
10 10 logT -1.65848 -1.65803 4.999988794326782
10 15 logT -1.66594 -1.66544 7.781029462814331
10 15 logT -1.66469 -1.66430 7.781179189682007
10 15 logT -1.66383 -1.66340 7.780529260635376
10 15 logT -1.66445 -1.66372 7.781215190887451
10 15 logT -1.66336 -1.66305 7.781716346740723
10 15 logT -1.66587 -1.66546 7.780329942703247
10 15 logT -1.66464 -1.66418 7.780129671096802
10 15 logT -1.66388 -1.66302 7.7804083824157715
10 15 logT -1.66534 -1.66452 7.780150413513184
10 15 logT -1.66395 -1.66351 7.7806596755981445
10 20 logT -1.66587 -1.66536 10.560179471969604
10 20 logT -1.66586 -1.66518 10.561490774154663
10 20 logT -1.66704 -1.66675 10.560798645019531
10 20 logT -1.66587 -1.66542 10.560557842254639
10 20 logT -1.66496 -1.66451 10.559154748916626
10 20 logT -1.66625 -1.66586 10.560801982879639
10 20 logT -1.66398 -1.66337 10.56169080734253
10 20 logT -1.66493 -1.66446 10.561288595199585
10 20 logT -1.66581 -1.66548 10.560462474822998
10 20 logT -1.66413 -1.66353 10.56079888343811
10 25 logT -1.66587 -1.66525 13.340320348739624
10 25 logT -1.66587 -1.66526 13.339816331863403
10 25 logT -1.66587 -1.66537 13.34069299697876
10 25 logT -1.66587 -1.66521 13.340498924255371
10 25 logT -1.66707 -1.66672 13.339962244033813
10 25 logT -1.66581 -1.66526 13.341757774353027
10 25 logT -1.66699 -1.66599 13.341785669326782
10 25 logT -1.66636 -1.66574 13.341347694396973
10 25 logT -1.66625 -1.66580 13.342102527618408
10 25 logT -1.66543 -1.66463 13.340832471847534
10 30 logT -1.66707 -1.66669 16.121482610702515
10 30 logT -1.66668 -1.66591 16.120365142822266
10 30 logT -1.66637 -1.66589 16.12032389640808
10 30 logT -1.66658 -1.66596 16.12048053741455
10 30 logT -1.66688 -1.66620 16.12006402015686
10 30 logT -1.66707 -1.66670 16.12076234817505
10 30 logT -1.66704 -1.66667 16.120264291763306
10 30 logT -1.66636 -1.66583 16.121628999710083
10 30 logT -1.66699 -1.66647 16.11995244026184
10 30 logT -1.66703 -1.66661 16.119861841201782
10 35 logT -1.66707 -1.66665 18.89929747581482
10 35 logT -1.66682 -1.66653 18.900372982025146
10 35 logT -1.66707 -1.66661 18.897884368896484
10 35 logT -1.66707 -1.66670 18.89954113960266
10 35 logT -1.66707 -1.66666 18.899823427200317
10 35 logT -1.66704 -1.66674 18.898608922958374
10 35 logT -1.66707 -1.66669 18.899430990219116
10 35 logT -1.66704 -1.66639 18.894744634628296
10 35 logT -1.66706 -1.66644 18.897456645965576
10 35 logT -1.66707 -1.66670 18.895570516586304
10 40 logT -1.66707 -1.66657 21.664563417434692
10 40 logT -1.66707 -1.66633 21.655097246170044
10 40 logT -1.66707 -1.66672 21.649222135543823
10 40 logT -1.66707 -1.66622 21.66682720184326
10 40 logT -1.66707 -1.66665 21.680986881256104
10 40 logT -1.66707 -1.66664 21.679857969284058
10 40 logT -1.66707 -1.66660 21.6775221824646
10 40 logT -1.66707 -1.66668 21.678433656692505
10 40 logT -1.66707 -1.66675 21.67796230316162
10 40 logT -1.66707 -1.66666 21.671326637268066
