10 10 logT -1.68337 -1.68284 4.993366718292236
10 10 logT -1.69000 -1.68874 4.992887258529663
10 10 logT -1.68003 -1.67921 4.996817111968994
10 10 logT -1.68606 -1.68504 4.998334884643555
10 10 logT -1.68468 -1.68420 4.997675180435181
10 10 logT -1.68950 -1.68883 4.997816324234009
10 10 logT -1.68676 -1.68592 4.99714732170105
10 10 logT -1.68773 -1.68745 4.996842622756958
10 10 logT -1.68958 -1.68905 4.997537851333618
10 10 logT -1.69005 -1.68962 4.996845722198486
10 15 logT -1.69307 -1.69273 7.776313781738281
10 15 logT -1.69144 -1.69084 7.776715040206909
10 15 logT -1.69549 -1.69510 7.775668144226074
10 15 logT -1.69490 -1.69433 7.7763307094573975
10 15 logT -1.69455 -1.69426 7.776610851287842
10 15 logT -1.69570 -1.69491 7.7772369384765625
10 15 logT -1.69364 -1.69306 7.775690317153931
10 15 logT -1.69186 -1.69100 7.776644945144653
10 15 logT -1.69302 -1.69264 7.776428461074829
10 15 logT -1.69165 -1.69122 7.775646209716797
10 20 logT -1.69634 -1.69582 10.555126667022705
10 20 logT -1.69592 -1.69489 10.552812576293945
10 20 logT -1.69550 -1.69497 10.555663347244263
10 20 logT -1.69547 -1.69458 10.555622816085815
10 20 logT -1.69573 -1.69531 10.553805351257324
10 20 logT -1.69634 -1.69569 10.55515742301941
10 20 logT -1.69381 -1.69304 10.554864645004272
10 20 logT -1.69470 -1.69431 10.555644273757935
10 20 logT -1.69550 -1.69516 10.554267406463623
10 20 logT -1.69695 -1.69652 10.554898023605347
10 25 logT -1.69594 -1.69557 13.332651853561401
10 25 logT -1.69608 -1.69579 13.334479331970215
10 25 logT -1.69623 -1.69590 13.333997011184692
10 25 logT -1.69695 -1.69588 13.332581758499146
10 25 logT -1.69608 -1.69563 13.332479476928711
10 25 logT -1.69608 -1.69550 13.33492660522461
10 25 logT -1.69594 -1.69555 13.333344221115112
10 25 logT -1.69634 -1.69592 13.334531307220459
10 25 logT -1.69570 -1.69533 13.335163354873657
10 25 logT -1.69608 -1.69574 13.33374547958374
10 30 logT -1.69608 -1.69572 16.110846519470215
10 30 logT -1.69573 -1.69522 16.112633228302002
10 30 logT -1.69608 -1.69554 16.111343383789062
10 30 logT -1.69623 -1.69566 16.111635208129883
10 30 logT -1.69608 -1.69558 16.11175775527954
10 30 logT -1.69608 -1.69579 16.109423398971558
10 30 logT -1.69594 -1.69556 16.113056659698486
10 30 logT -1.69608 -1.69573 16.111021995544434
10 30 logT -1.69623 -1.69584 16.112959146499634
10 30 logT -1.69608 -1.69574 16.112576723098755
10 35 logT -1.69608 -1.69572 18.890727758407593
10 35 logT -1.69634 -1.69588 18.89193868637085
10 35 logT -1.69608 -1.69553 18.878647804260254
10 35 logT -1.69608 -1.69554 18.875173330307007
10 35 logT -1.69634 -1.69589 18.87437343597412
10 35 logT -1.69634 -1.69600 18.873870134353638
10 35 logT -1.69634 -1.69584 18.88033413887024
10 35 logT -1.69695 -1.69654 18.8884174823761
10 35 logT -1.69634 -1.69594 18.887523651123047
10 35 logT -1.69695 -1.69586 18.8908851146698
10 40 logT -1.69634 -1.69597 21.658448219299316
10 40 logT -1.69608 -1.69573 21.64977788925171
10 40 logT -1.69620 -1.69570 21.653085470199585
10 40 logT -1.69695 -1.69653 21.65567374229431
10 40 logT -1.69634 -1.69587 21.665236711502075
10 40 logT -1.69695 -1.69653 21.668352127075195
10 40 logT -1.69634 -1.69600 21.664397954940796
10 40 logT -1.69634 -1.69597 21.661112308502197
10 40 logT -1.69634 -1.69582 21.64968490600586
10 40 logT -1.69695 -1.69616 21.65600609779358
10 45 logT -1.69695 -1.69654 24.44181990623474
10 45 logT -1.69695 -1.69644 24.443341732025146
10 45 logT -1.69634 -1.69587 24.442070484161377
10 45 logT -1.69695 -1.69654 24.447816133499146
10 45 logT -1.69695 -1.69655 24.446351766586304
10 45 logT -1.69634 -1.69595 24.445680379867554
10 45 logT -1.69634 -1.69592 24.447296380996704
10 45 logT -1.69608 -1.69560 24.445096969604492
10 45 logT -1.69641 -1.69594 24.44723606109619
10 45 logT -1.69695 -1.69653 24.44812250137329
10 50 logT -1.69634 -1.69586 27.224151372909546
10 50 logT -1.69695 -1.69654 27.224422693252563
10 50 logT -1.69695 -1.69654 27.22544503211975
10 50 logT -1.69695 -1.69654 27.228489875793457
10 50 logT -1.69695 -1.69655 27.22646427154541
10 50 logT -1.69695 -1.69654 27.227670431137085
10 50 logT -1.69627 -1.69574 27.22784185409546
10 50 logT -1.69623 -1.69564 27.22854471206665
10 50 logT -1.69695 -1.69655 27.22842288017273
10 50 logT -1.69634 -1.69591 27.227588653564453
10 55 logT -1.69634 -1.69586 30.00518774986267
10 55 logT -1.69695 -1.69650 30.002711534500122
10 55 logT -1.69634 -1.69595 29.99960684776306
10 55 logT -1.69695 -1.69624 29.99631690979004
10 55 logT -1.69695 -1.69651 29.990989685058594
10 55 logT -1.69695 -1.69654 29.998499393463135
10 55 logT -1.69634 -1.69590 30.004868268966675
10 55 logT -1.69695 -1.69654 30.0037522315979
10 55 logT -1.69641 -1.69597 30.00334596633911
10 55 logT -1.69623 -1.69562 30.00517511367798
10 60 logT -1.69695 -1.69653 32.78344941139221
10 60 logT -1.69695 -1.69654 32.78300333023071
10 60 logT -1.69634 -1.69598 32.78226923942566
10 60 logT -1.69695 -1.69654 32.780781745910645
10 60 logT -1.69695 -1.69654 32.78086256980896
10 60 logT -1.69695 -1.69654 32.78318166732788
10 60 logT -1.69695 -1.69653 32.78219127655029
10 60 logT -1.69634 -1.69595 32.78272867202759
10 60 logT -1.69634 -1.69582 32.78661513328552
10 60 logT -1.69634 -1.69590 32.78276753425598
10 65 logT -1.69634 -1.69598 35.560083627700806
10 65 logT -1.69695 -1.69653 35.563719034194946
10 65 logT -1.69695 -1.69654 35.56530714035034
10 65 logT -1.69634 -1.69590 35.56661319732666
10 65 logT -1.69634 -1.69591 35.56257367134094
10 65 logT -1.69695 -1.69654 35.563414335250854
10 65 logT -1.69695 -1.69654 35.560917377471924
10 65 logT -1.69695 -1.69655 35.559518575668335
10 65 logT -1.69695 -1.69655 35.56418323516846
10 65 logT -1.69695 -1.69654 35.56343388557434
10 70 logT -1.69695 -1.69654 38.34204840660095
10 70 logT -1.69695 -1.69654 38.33836627006531
10 70 logT -1.69695 -1.69654 38.33825969696045
10 70 logT -1.69695 -1.69655 38.33716058731079
10 70 logT -1.69695 -1.69654 38.33826780319214
10 70 logT -1.69695 -1.69654 38.338945388793945
10 70 logT -1.69695 -1.69653 38.33985495567322
10 70 logT -1.69695 -1.69652 38.34088850021362
10 70 logT -1.69695 -1.69654 38.341270208358765
10 70 logT -1.69695 -1.69634 38.34023952484131
