5 15 4 logT -1.65742 -1.62379 156.1758942604065
5 15 4 logT -1.65747 -1.62378 156.08964204788208
5 15 4 logT -1.65686 -1.62378 156.2495241165161
5 15 4 logT -1.65616 -1.62377 156.30871653556824
5 15 4 logT -1.65616 -1.62377 156.19287180900574
5 15 4 logT -1.65597 -1.62380 156.12674808502197
5 15 4 logT -1.65813 -1.62377 156.13592982292175
5 15 4 logT -1.65394 -1.62376 156.2087152004242
5 15 4 logT -1.65898 -1.62380 156.01893424987793
5 15 4 logT -1.65953 -1.62376 156.26706552505493
5 15 5 logT -1.66721 -1.63517 197.1056034564972
5 15 5 logT -1.66575 -1.63520 197.1633780002594
5 15 5 logT -1.66410 -1.63515 197.2106430530548
5 15 5 logT -1.66400 -1.63516 197.2009162902832
5 15 5 logT -1.66461 -1.63519 197.15158987045288
5 15 5 logT -1.66383 -1.63519 197.18779730796814
5 15 5 logT -1.66646 -1.63516 197.9203703403473
5 15 5 logT -1.66411 -1.63518 196.94163060188293
5 15 5 logT -1.66659 -1.63516 197.24131178855896
5 15 5 logT -1.67024 -1.63520 197.03880786895752
5 15 6 logT -1.66818 -1.64178 238.22736191749573
5 15 6 logT -1.67191 -1.64178 238.21420907974243
5 15 6 logT -1.66813 -1.64185 238.10848999023438
5 15 6 logT -1.66990 -1.64180 238.0146119594574
5 15 6 logT -1.67477 -1.64181 238.25392651557922
5 15 6 logT -1.67156 -1.64178 238.1477210521698
5 15 6 logT -1.67083 -1.64183 238.15020179748535
5 15 6 logT -1.66831 -1.64186 238.28060722351074
5 15 6 logT -1.66970 -1.64181 238.18593311309814
5 15 6 logT -1.66970 -1.64185 238.41036772727966
5 15 7 logT -1.67347 -1.64641 279.0527560710907
5 15 7 logT -1.67422 -1.64638 279.11041927337646
5 15 7 logT -1.67317 -1.64639 278.93819642066956
5 15 7 logT -1.67248 -1.64631 278.99956154823303
5 15 7 logT -1.67151 -1.64636 278.93417382240295
5 15 7 logT -1.67243 -1.64636 278.7377848625183
5 15 7 logT -1.67277 -1.64637 279.1261372566223
5 15 7 logT -1.67197 -1.64638 279.07390880584717
5 15 7 logT -1.67339 -1.64638 279.0760200023651
5 15 7 logT -1.67342 -1.64637 278.9642117023468
5 15 8 logT -1.67366 -1.64980 320.72545194625854
5 15 8 logT -1.67371 -1.64976 319.95499992370605
5 15 8 logT -1.67602 -1.64974 320.0181038379669
5 15 8 logT -1.67322 -1.64973 320.2036256790161
5 15 8 logT -1.67750 -1.64976 320.11624217033386
5 15 8 logT -1.67563 -1.64977 319.84355664253235
5 15 8 logT -1.67855 -1.64978 319.91047072410583
5 15 8 logT -1.67637 -1.64986 319.97502756118774
5 15 8 logT -1.67649 -1.64976 320.10474395751953
5 15 8 logT -1.67634 -1.64985 319.9943389892578
5 15 9 logT -1.67906 -1.65246 361.808571100235
5 15 9 logT -1.67596 -1.65249 360.94745111465454
5 15 9 logT -1.67603 -1.65244 360.7937994003296
5 15 9 logT -1.67726 -1.65259 360.9796233177185
5 15 9 logT -1.67593 -1.65248 360.65788102149963
5 15 9 logT -1.67690 -1.65247 360.80546712875366
5 15 9 logT -1.67631 -1.65251 360.83499240875244
5 15 9 logT -1.67702 -1.65249 360.9474766254425
5 15 9 logT -1.67831 -1.65252 361.0404760837555
5 15 9 logT -1.67712 -1.65251 360.7054946422577
5 15 10 logT -1.67724 -1.65471 401.9983880519867
5 15 10 logT -1.67766 -1.65479 402.1387438774109
5 15 10 logT -1.68048 -1.65480 402.0412874221802
5 15 10 logT -1.67757 -1.65480 402.04934668540955
5 15 10 logT -1.67738 -1.65479 401.8480439186096
5 15 10 logT -1.68021 -1.65472 402.09924387931824
5 15 10 logT -1.67941 -1.65481 402.0961904525757
5 15 10 logT -1.68216 -1.65490 402.5108051300049
5 15 10 logT -1.67827 -1.65486 402.2303636074066
5 15 10 logT -1.67973 -1.65486 402.10802841186523
5 15 11 logT -1.67962 -1.65704 442.6722114086151
5 15 11 logT -1.67974 -1.65700 442.7187237739563
5 15 11 logT -1.67979 -1.65697 442.99780440330505
5 15 11 logT -1.68026 -1.65697 442.75874972343445
5 15 11 logT -1.67985 -1.65684 443.042352437973
5 15 11 logT -1.67980 -1.65694 443.33365201950073
5 15 11 logT -1.67841 -1.65686 442.97386956214905
5 15 11 logT -1.67885 -1.65681 442.8489191532135
5 15 11 logT -1.67977 -1.65688 442.8029501438141
5 15 11 logT -1.68239 -1.65684 442.78461146354675
5 15 12 logT -1.67931 -1.65879 483.77451634407043
5 15 12 logT -1.67919 -1.65847 483.8864817619324
5 15 12 logT -1.68581 -1.65895 484.3684434890747
5 15 12 logT -1.68014 -1.65876 483.8250095844269
5 15 12 logT -1.68109 -1.65880 484.1879277229309
5 15 12 logT -1.67956 -1.65874 483.82699608802795
5 15 12 logT -1.68431 -1.65888 484.08298540115356
5 15 12 logT -1.68116 -1.65883 483.84787702560425
5 15 12 logT -1.68001 -1.65872 483.6558530330658
5 15 12 logT -1.67960 -1.65896 484.02258491516113
5 15 13 logT -1.68200 -1.66053 526.4298651218414
5 15 13 logT -1.68187 -1.66071 524.4360315799713
5 15 13 logT -1.68081 -1.66050 525.3419229984283
5 15 13 logT -1.68109 -1.66047 524.6117956638336
5 15 13 logT -1.68086 -1.66064 524.9527308940887
5 15 13 logT -1.68133 -1.66071 524.821124792099
5 15 13 logT -1.68007 -1.66025 524.8158838748932
5 15 13 logT -1.68455 -1.66050 524.6047792434692
5 15 13 logT -1.68097 -1.66070 524.6040065288544
5 15 13 logT -1.68056 -1.66076 524.8764278888702
5 15 14 logT -1.68344 -1.66238 565.6971673965454
5 15 14 logT -1.68209 -1.66220 565.6175408363342
5 15 14 logT -1.68287 -1.66203 565.6411788463593
5 15 14 logT -1.68310 -1.66210 565.8662421703339
5 15 14 logT -1.68366 -1.66254 565.8976535797119
5 15 14 logT -1.68192 -1.66237 566.2196485996246
5 15 14 logT -1.68323 -1.66236 565.76433634758
5 15 14 logT -1.68404 -1.66231 565.7003710269928
5 15 14 logT -1.68312 -1.66239 565.8512399196625
5 15 14 logT -1.68317 -1.66242 565.841659784317
5 15 15 logT -1.68274 -1.66406 606.7338769435883
5 15 15 logT -1.68335 -1.66419 606.649578332901
5 15 15 logT -1.68554 -1.66419 606.6274344921112
5 15 15 logT -1.68370 -1.66412 606.5357332229614
5 15 15 logT -1.68408 -1.66378 607.0007636547089
5 15 15 logT -1.68456 -1.66405 606.6585524082184
5 15 15 logT -1.68370 -1.66396 606.606526851654
5 15 15 logT -1.68404 -1.66396 607.1954941749573
5 15 15 logT -1.68373 -1.66410 606.7185301780701
5 15 15 logT -1.68509 -1.66433 606.755161523819
5 15 16 logT -1.68779 -1.66607 647.5881276130676
5 15 16 logT -1.68564 -1.66540 647.7210328578949
5 15 16 logT -1.68569 -1.66638 647.6684439182281
5 15 16 logT -1.68527 -1.66569 648.175888299942
5 15 16 logT -1.68507 -1.66629 647.602881193161
5 15 16 logT -1.68561 -1.66688 647.5442273616791
5 15 16 logT -1.68536 -1.66619 647.7246725559235
5 15 16 logT -1.68595 -1.66661 647.7885105609894
5 15 16 logT -1.68463 -1.66590 647.860910654068
5 15 16 logT -1.68540 -1.66604 647.8785047531128
5 15 17 logT -1.68788 -1.66788 688.573760509491
5 15 17 logT -1.68629 -1.66785 688.6704642772675
5 15 17 logT -1.68751 -1.66875 688.8448724746704
5 15 17 logT -1.68617 -1.66846 688.5183525085449
5 15 17 logT -1.68674 -1.66881 689.6138143539429
5 15 17 logT -1.68583 -1.66728 688.7242124080658
5 15 17 logT -1.68563 -1.66843 688.3305907249451
5 15 17 logT -1.68578 -1.66828 688.6621146202087
5 15 17 logT -1.68669 -1.66923 688.8239734172821
5 15 17 logT -1.68504 -1.66834 689.4332430362701
5 15 18 logT -1.68740 -1.66976 729.8156900405884
5 15 18 logT -1.68784 -1.67116 729.6954011917114
5 15 18 logT -1.68656 -1.67050 729.4705872535706
5 15 18 logT -1.68762 -1.67095 729.7292790412903
5 15 18 logT -1.68733 -1.67051 729.8799529075623
5 15 18 logT -1.68580 -1.67045 729.5002987384796
5 15 18 logT -1.68514 -1.66978 729.546466588974
5 15 18 logT -1.68704 -1.67067 729.865567445755
5 15 18 logT -1.68643 -1.67029 729.6009857654572
5 15 18 logT -1.68664 -1.67085 730.1996822357178
5 15 19 logT -1.68775 -1.67405 770.5318684577942
5 15 19 logT -1.68831 -1.67501 770.3467216491699
5 15 19 logT -1.68834 -1.67275 770.3758249282837
5 15 19 logT -1.68833 -1.67347 770.4523239135742
5 15 19 logT -1.68769 -1.67407 771.3285582065582
5 15 19 logT -1.68819 -1.67312 770.4389083385468
5 15 19 logT -1.68735 -1.67349 770.5033538341522
5 15 19 logT -1.68776 -1.67452 770.5752286911011
5 15 19 logT -1.68709 -1.67377 770.5200009346008
5 15 19 logT -1.68719 -1.67326 770.9742066860199
5 15 20 logT -1.68816 -1.67602 811.5187606811523
5 15 20 logT -1.68879 -1.67628 811.4617605209351
5 15 20 logT -1.68698 -1.67496 811.4634625911713
5 15 20 logT -1.68829 -1.67698 811.6350045204163
5 15 20 logT -1.68758 -1.67531 812.030919790268
5 15 20 logT -1.68803 -1.67751 811.6235330104828
5 15 20 logT -1.68840 -1.67653 811.4800803661346
5 15 20 logT -1.68794 -1.67588 811.4936511516571
5 15 20 logT -1.68894 -1.67596 811.3373987674713
5 15 20 logT -1.68755 -1.67536 812.4140894412994
5 15 21 logT -1.68891 -1.67934 852.4488503932953
5 15 21 logT -1.68876 -1.67906 852.1839942932129
5 15 21 logT -1.68871 -1.67868 852.9123620986938
5 15 21 logT -1.68868 -1.67947 852.8631830215454
5 15 21 logT -1.68900 -1.67835 852.6418945789337
5 15 21 logT -1.68899 -1.67969 852.7815251350403
5 15 21 logT -1.68865 -1.67757 852.5474646091461
5 15 21 logT -1.68855 -1.67904 852.3237941265106
5 15 21 logT -1.68932 -1.67858 852.4502198696136
5 15 21 logT -1.68913 -1.67831 852.379851102829
5 15 22 logT -1.68860 -1.68090 893.6007652282715
5 15 22 logT -1.68937 -1.68085 893.5709064006805
5 15 22 logT -1.69013 -1.68167 893.3726687431335
5 15 22 logT -1.68967 -1.68126 893.2396440505981
5 15 22 logT -1.68970 -1.68114 893.5193564891815
5 15 22 logT -1.68971 -1.68057 893.8576574325562
5 15 22 logT -1.68941 -1.68035 893.6454825401306
5 15 22 logT -1.68944 -1.68086 893.4839282035828
5 15 22 logT -1.68949 -1.68069 893.3747520446777
5 15 22 logT -1.69018 -1.68172 893.6556594371796
5 15 23 logT -1.69030 -1.68284 934.4051332473755
5 15 23 logT -1.68948 -1.68214 934.2827425003052
5 15 23 logT -1.68925 -1.68244 934.4481172561646
5 15 23 logT -1.68971 -1.68326 934.5664112567902
5 15 23 logT -1.68942 -1.68243 934.2186810970306
5 15 23 logT -1.68957 -1.68301 934.4405031204224
5 15 23 logT -1.68996 -1.68243 934.2423992156982
5 15 23 logT -1.68966 -1.68307 934.3937726020813
5 15 23 logT -1.69019 -1.68258 934.3780055046082
5 15 23 logT -1.68989 -1.68322 933.997241973877
5 15 24 logT -1.68994 -1.68423 975.9079837799072
5 15 24 logT -1.68943 -1.68351 975.4825809001923
5 15 24 logT -1.69007 -1.68384 975.6114776134491
5 15 24 logT -1.69043 -1.68500 975.587916135788
5 15 24 logT -1.69022 -1.68491 975.3132870197296
5 15 24 logT -1.68963 -1.68429 975.7222864627838
5 15 24 logT -1.68979 -1.68348 975.332147359848
5 15 24 logT -1.68995 -1.68462 975.5494337081909
5 15 24 logT -1.69008 -1.68425 976.4811642169952
5 15 24 logT -1.69008 -1.68409 975.3095607757568
5 15 25 logT -1.69026 -1.68522 1016.3907477855682
5 15 25 logT -1.69077 -1.68589 1016.5631005764008
5 15 25 logT -1.69001 -1.68503 1016.3230655193329
5 15 25 logT -1.69009 -1.68441 1016.5789408683777
5 15 25 logT -1.69073 -1.68545 1016.2072472572327
5 15 25 logT -1.69030 -1.68525 1016.4272680282593
5 15 25 logT -1.69035 -1.68480 1016.1527500152588
5 15 25 logT -1.69032 -1.68521 1016.2396466732025
5 15 25 logT -1.69042 -1.68585 1016.5438146591187
5 15 25 logT -1.69052 -1.68564 1016.3089292049408
5 15 26 logT -1.69071 -1.68641 1057.1978294849396
5 15 26 logT -1.69040 -1.68650 1056.9747850894928
5 15 26 logT -1.69055 -1.68607 1057.1299676895142
5 15 26 logT -1.69052 -1.68644 1057.3029203414917
5 15 26 logT -1.69041 -1.68669 1057.2268919944763
5 15 26 logT -1.69053 -1.68608 1056.9690651893616
5 15 26 logT -1.69054 -1.68586 1057.0263407230377
5 15 26 logT -1.69068 -1.68684 1057.3642077445984
5 15 26 logT -1.69077 -1.68654 1057.546638250351
5 15 26 logT -1.69067 -1.68615 1057.057677268982
5 15 27 logT -1.69110 -1.68756 1098.1872556209564
5 15 27 logT -1.69075 -1.68742 1098.0852613449097
5 15 27 logT -1.69041 -1.68709 1098.0962512493134
5 15 27 logT -1.69073 -1.68734 1098.9537081718445
5 15 27 logT -1.69041 -1.68650 1098.3416278362274
5 15 27 logT -1.69092 -1.68686 1098.386334180832
5 15 27 logT -1.69112 -1.68744 1098.2246315479279
5 15 27 logT -1.69093 -1.68722 1098.3699955940247
5 15 27 logT -1.69074 -1.68742 1097.4261372089386
5 15 27 logT -1.69102 -1.68768 1098.1534295082092
5 15 28 logT -1.69101 -1.68785 1139.2313446998596
5 15 28 logT -1.69130 -1.68812 1139.5352516174316
5 15 28 logT -1.69101 -1.68767 1139.282247543335
5 15 28 logT -1.69101 -1.68781 1139.0719707012177
5 15 28 logT -1.69061 -1.68759 1139.3298346996307
5 15 28 logT -1.69092 -1.68814 1139.1033742427826
5 15 28 logT -1.69085 -1.68797 1139.2625234127045
5 15 28 logT -1.69095 -1.68815 1139.654045343399
5 15 28 logT -1.69076 -1.68769 1139.8688464164734
5 15 28 logT -1.69108 -1.68770 1139.6691324710846
5 15 29 logT -1.69138 -1.68883 1180.0633883476257
5 15 29 logT -1.69085 -1.68822 1180.0643503665924
5 15 29 logT -1.69087 -1.68822 1180.1696016788483
5 15 29 logT -1.69117 -1.68862 1179.9579696655273
5 15 29 logT -1.69131 -1.68888 1180.0321960449219
5 15 29 logT -1.69096 -1.68851 1179.7825558185577
5 15 29 logT -1.69134 -1.68877 1179.7458624839783
5 15 29 logT -1.69103 -1.68839 1180.1658883094788
5 15 29 logT -1.69113 -1.68855 1179.891455411911
5 15 29 logT -1.69075 -1.68810 1179.9759562015533
5 15 30 logT -1.69138 -1.68901 1220.8891777992249
5 15 30 logT -1.69135 -1.68908 1221.0799677371979
5 15 30 logT -1.69133 -1.68918 1220.6992020606995
5 15 30 logT -1.69112 -1.68903 1221.0263245105743
5 15 30 logT -1.69123 -1.68943 1221.0157532691956
5 15 30 logT -1.69168 -1.68926 1220.8743414878845
5 15 30 logT -1.69118 -1.68869 1221.1512050628662
5 15 30 logT -1.69130 -1.68898 1220.805162191391
5 15 30 logT -1.69122 -1.68900 1220.9970951080322
5 15 30 logT -1.69153 -1.68912 1220.9549942016602
5 15 31 logT -1.69125 -1.68915 1261.842707157135
5 15 31 logT -1.69149 -1.68987 1262.1664209365845
5 15 31 logT -1.69101 -1.68898 1261.6787559986115
5 15 31 logT -1.69151 -1.68960 1262.1403670310974
5 15 31 logT -1.69126 -1.68943 1262.336523771286
5 15 31 logT -1.69162 -1.68964 1261.9454219341278
5 15 31 logT -1.69129 -1.68932 1261.9943435192108
5 15 31 logT -1.69141 -1.68972 1262.0175020694733
5 15 31 logT -1.69142 -1.68953 1261.7690873146057
5 15 31 logT -1.69110 -1.68919 1261.9628529548645
5 15 32 logT -1.69161 -1.69025 1303.4632194042206
5 15 32 logT -1.69168 -1.68985 1302.344925403595
5 15 32 logT -1.69147 -1.68987 1303.3066267967224
5 15 32 logT -1.69178 -1.69002 1303.1216404438019
5 15 32 logT -1.69145 -1.68948 1302.9911379814148
5 15 32 logT -1.69151 -1.68975 1303.1198813915253
5 15 32 logT -1.69134 -1.69001 1303.321471452713
5 15 32 logT -1.69171 -1.68988 1303.0543324947357
5 15 32 logT -1.69132 -1.68959 1302.2758946418762
5 15 32 logT -1.69160 -1.68989 1302.9723825454712
5 15 33 logT -1.69154 -1.69017 1343.7035520076752
5 15 33 logT -1.69161 -1.69029 1343.9056165218353
5 15 33 logT -1.69157 -1.68984 1343.9311389923096
5 15 33 logT -1.69168 -1.69018 1343.8009428977966
5 15 33 logT -1.69165 -1.69014 1343.720006942749
5 15 33 logT -1.69161 -1.69010 1344.1306512355804
5 15 33 logT -1.69168 -1.69015 1344.1389751434326
5 15 33 logT -1.69149 -1.69010 1344.1493453979492
5 15 33 logT -1.69167 -1.68998 1344.1014580726624
5 15 33 logT -1.69148 -1.69005 1343.6656248569489
5 15 34 logT -1.69166 -1.69035 1385.2449996471405
5 15 34 logT -1.69183 -1.69050 1384.2992610931396
5 15 34 logT -1.69173 -1.69024 1384.681927204132
5 15 34 logT -1.69154 -1.69039 1384.2649805545807
5 15 34 logT -1.69188 -1.69068 1385.3777952194214
5 15 34 logT -1.69163 -1.69037 1385.1051359176636
5 15 34 logT -1.69176 -1.69050 1384.7175068855286
5 15 34 logT -1.69157 -1.69012 1385.2197992801666
5 15 34 logT -1.69161 -1.69037 1384.9277107715607
5 15 34 logT -1.69149 -1.69039 1385.5444235801697
5 15 35 logT -1.69167 -1.69066 1425.7400348186493
5 15 35 logT -1.69177 -1.69066 1425.6476256847382
5 15 35 logT -1.69179 -1.69062 1426.0837752819061
5 15 35 logT -1.69171 -1.69043 1425.0573470592499
5 15 35 logT -1.69181 -1.69053 1425.9720311164856
5 15 35 logT -1.69158 -1.69031 1425.7184739112854
5 15 35 logT -1.69148 -1.69034 1425.8818175792694
5 15 35 logT -1.69189 -1.69069 1426.017211675644
5 15 35 logT -1.69191 -1.69078 1425.8940274715424
5 15 35 logT -1.69183 -1.69080 1426.4526801109314
5 15 36 logT -1.69178 -1.69080 1467.39461684227
5 15 36 logT -1.69167 -1.69071 1466.6509773731232
5 15 36 logT -1.69176 -1.69054 1467.4616904258728
5 15 36 logT -1.69180 -1.69079 1467.0404875278473
5 15 36 logT -1.69184 -1.69091 1467.0484204292297
5 15 36 logT -1.69195 -1.69117 1466.8606951236725
5 15 36 logT -1.69184 -1.69093 1466.8004615306854
5 15 36 logT -1.69174 -1.69082 1466.8201386928558
5 15 36 logT -1.69180 -1.69063 1466.761596441269
5 15 36 logT -1.69195 -1.69100 1467.2710933685303
5 15 37 logT -1.69191 -1.69110 1507.7461247444153
5 15 37 logT -1.69175 -1.69102 1507.818121433258
5 15 37 logT -1.69191 -1.69095 1507.364760875702
5 15 37 logT -1.69189 -1.69105 1506.8343906402588
5 15 37 logT -1.69176 -1.69067 1507.791455745697
5 15 37 logT -1.69186 -1.69083 1507.5752427577972
5 15 37 logT -1.69182 -1.69106 1507.6703798770905
5 15 37 logT -1.69171 -1.69091 1507.5101399421692
5 15 37 logT -1.69183 -1.69082 1507.7197699546814
5 15 37 logT -1.69171 -1.69089 1507.6198391914368
5 15 38 logT -1.69191 -1.69121 1548.805722951889
5 15 38 logT -1.69202 -1.69128 1548.462749004364
5 15 38 logT -1.69189 -1.69107 1548.8171186447144
5 15 38 logT -1.69183 -1.69107 1548.6904430389404
5 15 38 logT -1.69191 -1.69118 1548.6007499694824
5 15 38 logT -1.69188 -1.69111 1549.077488899231
5 15 38 logT -1.69182 -1.69105 1548.98126578331
5 15 38 logT -1.69187 -1.69105 1548.3568031787872
5 15 38 logT -1.69188 -1.69100 1548.7550628185272
5 15 38 logT -1.69197 -1.69124 1548.5469374656677
5 15 39 logT -1.69180 -1.69109 1589.4054350852966
5 15 39 logT -1.69197 -1.69122 1589.5424420833588
5 15 39 logT -1.69179 -1.69111 1589.5629000663757
5 15 39 logT -1.69193 -1.69126 1589.4925310611725
5 15 39 logT -1.69190 -1.69124 1589.5821070671082
5 15 39 logT -1.69193 -1.69121 1590.0622415542603
5 15 39 logT -1.69202 -1.69124 1589.8782606124878
5 15 39 logT -1.69199 -1.69136 1589.4554798603058
5 15 39 logT -1.69193 -1.69123 1590.023612499237
5 15 39 logT -1.69197 -1.69134 1589.6740448474884
5 15 40 logT -1.69208 -1.69135 1630.5027227401733
5 15 40 logT -1.69203 -1.69143 1630.094458580017
5 15 40 logT -1.69211 -1.69155 1630.2643637657166
5 15 40 logT -1.69196 -1.69131 1630.3897082805634
5 15 40 logT -1.69193 -1.69133 1630.5787377357483
5 15 40 logT -1.69205 -1.69143 1630.657969713211
5 15 40 logT -1.69188 -1.69124 1629.9053041934967
5 15 40 logT -1.69204 -1.69137 1630.572374343872
5 15 40 logT -1.69188 -1.69124 1630.4759645462036
5 15 40 logT -1.69193 -1.69128 1630.3247241973877
5 15 41 logT -1.69201 -1.69149 1671.0429871082306
5 15 41 logT -1.69199 -1.69144 1671.5663876533508
5 15 41 logT -1.69185 -1.69120 1671.4575684070587
5 15 41 logT -1.69198 -1.69141 1671.5632946491241
5 15 41 logT -1.69201 -1.69139 1671.6067821979523
5 15 41 logT -1.69203 -1.69145 1670.965688943863
5 15 41 logT -1.69213 -1.69169 1671.6267440319061
5 15 41 logT -1.69208 -1.69152 1671.543937444687
5 15 41 logT -1.69200 -1.69134 1671.561202287674
5 15 41 logT -1.69202 -1.69140 1671.5838708877563
5 15 42 logT -1.69212 -1.69161 1712.52685213089
5 15 42 logT -1.69208 -1.69158 1712.419363975525
5 15 42 logT -1.69194 -1.69136 1712.4726588726044
5 15 42 logT -1.69209 -1.69156 1711.9074425697327
5 15 42 logT -1.69210 -1.69161 1712.5219614505768
5 15 42 logT -1.69193 -1.69125 1712.3029022216797
5 15 42 logT -1.69202 -1.69142 1712.5101416110992
5 15 42 logT -1.69202 -1.69139 1712.4793512821198
5 15 42 logT -1.69200 -1.69149 1712.7969074249268
5 15 42 logT -1.69196 -1.69140 1712.3105063438416
5 15 43 logT -1.69210 -1.69159 1753.462443113327
5 15 43 logT -1.69211 -1.69162 1753.7342023849487
5 15 43 logT -1.69199 -1.69145 1753.372815132141
5 15 43 logT -1.69208 -1.69158 1753.4695181846619
5 15 43 logT -1.69202 -1.69147 1753.126541376114
5 15 43 logT -1.69204 -1.69142 1753.1724562644958
5 15 43 logT -1.69205 -1.69146 1753.353616476059
5 15 43 logT -1.69198 -1.69143 1753.138179063797
5 15 43 logT -1.69211 -1.69163 1753.0570738315582
5 15 43 logT -1.69208 -1.69154 1753.1947991847992
5 15 44 logT -1.69208 -1.69161 1795.2005577087402
5 15 44 logT -1.69203 -1.69147 1794.4373590946198
5 15 44 logT -1.69212 -1.69159 1794.621345281601
5 15 44 logT -1.69213 -1.69164 1794.1903319358826
5 15 44 logT -1.69205 -1.69155 1794.6616778373718
5 15 44 logT -1.69213 -1.69169 1794.753083705902
5 15 44 logT -1.69209 -1.69163 1794.650009393692
5 15 44 logT -1.69211 -1.69164 1794.6452355384827
5 15 44 logT -1.69208 -1.69156 1794.5890383720398
5 15 44 logT -1.69208 -1.69158 1794.3536446094513
5 15 45 logT -1.69212 -1.69161 1835.0834698677063
5 15 45 logT -1.69212 -1.69169 1835.3004109859467
5 15 45 logT -1.69207 -1.69158 1835.2713932991028
5 15 45 logT -1.69213 -1.69160 1835.0698792934418
5 15 45 logT -1.69210 -1.69168 1835.1568400859833
5 15 45 logT -1.69213 -1.69170 1834.8240451812744
5 15 45 logT -1.69207 -1.69160 1835.9092452526093
5 15 45 logT -1.69211 -1.69164 1835.2975208759308
5 15 45 logT -1.69208 -1.69153 1835.9217767715454
5 15 45 logT -1.69213 -1.69171 1835.0000331401825
5 15 46 logT -1.69213 -1.69172 1876.7535376548767
5 15 46 logT -1.69213 -1.69166 1876.1272146701813
5 15 46 logT -1.69212 -1.69164 1876.201297044754
5 15 46 logT -1.69213 -1.69171 1876.266455411911
5 15 46 logT -1.69209 -1.69157 1876.5405781269073
5 15 46 logT -1.69209 -1.69162 1875.805503129959
5 15 46 logT -1.69213 -1.69170 1876.3528861999512
5 15 46 logT -1.69213 -1.69165 1876.3998229503632
5 15 46 logT -1.69209 -1.69161 1876.0237367153168
5 15 46 logT -1.69211 -1.69165 1876.3878345489502
5 15 47 logT -1.69213 -1.69171 1917.1986482143402
5 15 47 logT -1.69213 -1.69172 1916.5715775489807
5 15 47 logT -1.69213 -1.69172 1917.7240717411041
5 15 47 logT -1.69213 -1.69170 1917.147929430008
5 15 47 logT -1.69209 -1.69162 1917.6956477165222
5 15 47 logT -1.69212 -1.69168 1917.222490787506
5 15 47 logT -1.69213 -1.69171 1917.7541885375977
5 15 47 logT -1.69211 -1.69165 1917.477290391922
5 15 47 logT -1.69213 -1.69171 1917.4447252750397
5 15 47 logT -1.69213 -1.69171 1917.2013382911682
5 15 48 logT -1.69213 -1.69172 1958.5953052043915
5 15 48 logT -1.69213 -1.69172 1958.0962789058685
5 15 48 logT -1.69213 -1.69172 1958.6636083126068
5 15 48 logT -1.69211 -1.69163 1957.8141186237335
5 15 48 logT -1.69213 -1.69172 1957.9309034347534
5 15 48 logT -1.69213 -1.69172 1957.86194729805
5 15 48 logT -1.69208 -1.69152 1958.7068462371826
5 15 48 logT -1.69213 -1.69172 1958.3073642253876
5 15 48 logT -1.69213 -1.69171 1958.503547668457
5 15 48 logT -1.69213 -1.69172 1958.1750872135162
5 15 49 logT -1.69213 -1.69172 1999.052681684494
5 15 49 logT -1.69213 -1.69172 1999.3467235565186
5 15 49 logT -1.69213 -1.69172 1999.2613496780396
5 15 49 logT -1.69213 -1.69172 1999.0865836143494
5 15 49 logT -1.69213 -1.69172 1999.5974757671356
5 15 49 logT -1.69213 -1.69172 1999.0228021144867
5 15 49 logT -1.69213 -1.69167 1999.346996307373
5 15 49 logT -1.69213 -1.69172 1999.2638576030731
5 15 49 logT -1.69213 -1.69172 2000.137351989746
5 15 49 logT -1.69213 -1.69171 1999.184008359909
