10 30 36 Cv_beta -1.69796 -1.69773 794.6693699359894
10 30 36 Cv_beta -1.69796 -1.69773 792.2861082553864
10 30 36 Cv_beta -1.69796 -1.69773 795.2483713626862
10 30 36 Cv_beta -1.69796 -1.69773 797.2634184360504
10 30 36 Cv_beta -1.69796 -1.69773 791.0860524177551
10 30 36 Cv_beta -1.69796 -1.69773 795.8882913589478
10 30 36 Cv_beta -1.69796 -1.69773 791.2226388454437
10 30 36 Cv_beta -1.69796 -1.69773 791.1961300373077
10 30 36 Cv_beta -1.69796 -1.69773 796.6058566570282
10 30 36 Cv_beta -1.69796 -1.69773 791.584436416626
