10 30 36 Cv_beta -1.69004 -1.68960 790.8222181797028
10 30 36 Cv_beta -1.69004 -1.68960 790.7012865543365
10 30 36 Cv_beta -1.69004 -1.68960 790.4808316230774
10 30 36 Cv_beta -1.69004 -1.68960 790.8860232830048
10 30 36 Cv_beta -1.69004 -1.68960 790.7701332569122
10 30 36 Cv_beta -1.69004 -1.68960 790.7038826942444
10 30 36 Cv_beta -1.69004 -1.68960 790.1847388744354
10 30 36 Cv_beta -1.69004 -1.68960 790.3066921234131
10 30 36 Cv_beta -1.69004 -1.68960 790.5780274868011
10 30 36 Cv_beta -1.69004 -1.68960 790.3563244342804
