10 30 36 Cv_beta -1.71667 -1.71632 791.4113969802856
10 30 36 Cv_beta -1.71667 -1.71632 791.8864150047302
10 30 36 Cv_beta -1.71667 -1.71632 791.5029158592224
10 30 36 Cv_beta -1.71667 -1.71632 791.3370652198792
10 30 36 Cv_beta -1.71667 -1.71632 791.3012893199921
10 30 36 Cv_beta -1.71667 -1.71632 791.6127502918243
10 30 36 Cv_beta -1.71667 -1.71632 791.3176372051239
10 30 36 Cv_beta -1.71667 -1.71632 791.6859571933746
10 30 36 Cv_beta -1.71667 -1.71632 791.5152552127838
10 30 36 Cv_beta -1.71667 -1.71632 791.7861261367798
