0 1 1.196301
0 10 -0.978405
0 100 -0.637489
1 2 0.508046
1 11 0.673685
1 101 0.760807
2 3 0.430014
2 12 0.986381
2 102 0.309853
3 4 0.855417
3 13 0.514299
3 103 -0.449316
4 5 -0.218079
4 14 -0.235282
4 104 -1.560490
5 6 2.053717
5 15 -0.190542
5 105 0.265912
6 7 1.672343
6 16 -0.041982
6 106 2.227595
7 8 0.420409
7 17 -0.036707
7 107 -0.346519
8 9 -0.567329
8 18 -0.369412
8 108 -1.515277
9 0 -0.079869
9 19 -0.225842
9 109 -0.019056
10 11 -0.704589
10 20 1.080727
10 110 1.156516
11 12 -0.783611
11 21 -0.103080
11 111 -0.008514
12 13 0.407447
12 22 0.132181
12 112 -0.987943
13 14 -0.350362
13 23 0.294664
13 113 -0.121055
14 15 0.242530
14 24 0.044283
14 114 0.079158
15 16 0.311684
15 25 -1.426659
15 115 -0.284090
16 17 1.199873
16 26 1.198932
16 116 -1.087433
17 18 1.126886
17 27 0.815623
17 117 -0.549506
18 19 -0.071218
18 28 -0.259163
18 118 0.115827
19 10 -0.622641
19 29 -0.902630
19 119 0.805686
20 21 1.624844
20 30 2.596951
20 120 1.321562
21 22 -0.623110
21 31 -0.580804
21 121 -0.839304
22 23 0.773548
22 32 -0.093620
22 122 1.235392
23 24 -0.580880
23 33 -0.638572
23 123 0.241141
24 25 -1.229274
24 34 0.348402
24 124 -0.230120
25 26 0.850474
25 35 -0.112169
25 125 -0.534235
26 27 -1.147899
26 36 -0.626659
26 126 1.570859
27 28 0.739187
27 37 -0.789781
27 127 -0.394477
28 29 -1.172779
28 38 -0.083494
28 128 1.078575
29 20 1.720733
29 39 -1.067744
29 129 1.720578
30 31 -0.126609
30 40 0.374183
30 130 0.437959
31 32 0.452055
31 41 -1.819933
31 131 0.662148
32 33 -0.279987
32 42 1.433715
32 132 -1.473741
33 34 -0.189654
33 43 -1.991718
33 133 1.285850
34 35 0.569527
34 44 -1.011621
34 134 -1.165580
35 36 0.893603
35 45 0.656890
35 135 -0.500767
36 37 0.747233
36 46 0.272490
36 136 -0.787232
37 38 -0.815544
37 47 0.944908
37 137 -0.014640
38 39 0.016182
38 48 0.154526
38 138 -1.094987
39 30 -3.391664
39 49 0.331293
39 139 1.888270
40 41 -0.828898
40 50 1.612687
40 140 -0.202769
41 42 1.359514
41 51 0.198988
41 141 1.086799
42 43 0.944040
42 52 -0.736655
42 142 0.238448
43 44 -0.566908
43 53 -0.911880
43 143 0.178106
44 45 -1.377091
44 54 -1.549585
44 144 1.053097
45 46 -0.288098
45 55 1.904081
45 145 -0.122670
46 47 -0.130475
46 56 0.921042
46 146 0.490387
47 48 1.512356
47 57 0.994200
47 147 -0.747081
48 49 -0.730867
48 58 1.344680
48 148 -1.707181
49 40 0.795780
49 59 1.112776
49 149 1.732418
50 51 0.577336
50 60 0.156082
50 150 0.897303
51 52 -0.090296
51 61 -0.647161
51 151 -1.121428
52 53 -0.873638
52 62 1.222673
52 152 -0.936265
53 54 -0.029433
53 63 2.156778
53 153 1.301162
54 55 -1.215303
54 64 -1.548552
54 154 -0.986708
55 56 0.121197
55 65 -0.286211
55 155 -1.090129
56 57 -0.373706
56 66 1.463674
56 156 0.523295
57 58 -0.888082
57 67 0.307488
57 157 -0.363285
58 59 1.605232
58 68 -1.249408
58 158 0.537475
59 50 -1.234157
59 69 0.150046
59 159 -1.728881
60 61 -0.275721
60 70 -0.109651
60 160 0.818101
61 62 -2.060005
61 71 -0.965289
61 161 0.027140
62 63 -1.007996
62 72 0.070217
62 162 -1.319881
63 64 -0.159062
63 73 1.051607
63 163 1.208808
64 65 1.420220
64 74 1.178358
64 164 2.025035
65 66 -0.561280
65 75 -1.784061
65 165 -1.229175
66 67 -0.777787
66 76 -1.633722
66 166 -0.501760
67 68 0.770734
67 77 1.025529
67 167 1.191468
68 69 0.173655
68 78 -0.566868
68 168 -0.297610
69 60 1.299501
69 79 -2.295909
69 169 -0.756159
70 71 -0.160210
70 80 -0.170496
70 170 0.690241
71 72 -0.333980
71 81 0.072498
71 171 0.429601
72 73 -0.460720
72 82 1.194687
72 172 0.774716
73 74 0.979067
73 83 -0.287863
73 173 -0.027738
74 75 -0.836333
74 84 1.013306
74 174 -0.452166
75 76 0.623817
75 85 -0.545281
75 175 -0.642292
76 77 -0.790271
76 86 -0.600701
76 176 0.258244
77 78 -0.209897
77 87 -1.987890
77 177 0.756366
78 79 -0.794996
78 88 1.239881
78 178 1.393440
79 70 -1.257978
79 89 -0.615129
79 179 0.732310
80 81 0.104208
80 90 1.077410
80 180 0.339985
81 82 -0.932788
81 91 -0.026341
81 181 0.988366
82 83 -1.294717
82 92 -0.620082
82 182 1.843017
83 84 0.463776
83 93 0.132180
83 183 -0.288601
84 85 -1.150590
84 94 2.002383
84 184 -1.173447
85 86 1.126594
85 95 0.590891
85 185 0.712301
86 87 0.374719
86 96 -1.192815
86 186 -2.001879
87 88 1.203935
87 97 -0.774111
87 187 0.484101
88 89 -1.604511
88 98 -1.390558
88 188 -0.494850
89 80 -0.456344
89 99 -1.619944
89 189 0.961492
90 91 1.265542
90 0 0.220675
90 190 1.119309
91 92 0.867694
91 1 0.910170
91 191 -0.731270
92 93 0.083811
92 2 1.001481
92 192 -0.702414
93 94 0.645161
93 3 0.540773
93 193 -0.512932
94 95 1.588655
94 4 -0.753396
94 194 -0.641582
95 96 1.965548
95 5 1.119396
95 195 -0.060772
96 97 1.989240
96 6 -1.292718
96 196 -0.494509
97 98 -1.771009
97 7 0.465737
97 197 -0.242492
98 99 -0.972612
98 8 -1.881997
98 198 -1.307206
99 90 -0.358452
99 9 1.045217
99 199 2.484741
100 101 1.773818
100 110 -1.035047
100 200 -0.139104
101 102 1.525339
101 111 -1.195661
101 201 0.076637
102 103 -0.665638
102 112 -1.243848
102 202 -0.954251
103 104 -0.623548
103 113 0.032261
103 203 -0.318172
104 105 -0.420597
104 114 1.038074
104 204 -0.580664
105 106 -0.409604
105 115 -0.446517
105 205 -0.138372
106 107 -1.054037
106 116 -0.882323
106 206 -0.603910
107 108 0.152530
107 117 -0.498007
107 207 -0.045949
108 109 -0.503344
108 118 1.218297
108 208 1.949819
109 100 0.228718
109 119 -1.535364
109 209 -0.189146
110 111 0.186044
110 120 1.734502
110 210 0.287266
111 112 -0.300883
111 121 0.837004
111 211 0.390925
112 113 0.773529
112 122 1.146420
112 212 1.312344
113 114 0.366353
113 123 -0.319812
113 213 -2.798123
114 115 -1.152730
114 124 0.430752
114 214 -1.122645
115 116 -0.989967
115 125 0.807631
115 215 -0.221749
116 117 0.783319
116 126 -1.353926
116 216 -0.724877
117 118 -1.393676
117 127 -0.414251
117 217 -1.524444
118 119 0.745535
118 128 -1.167218
118 218 1.587506
119 110 -0.217989
119 129 1.459493
119 219 -0.174563
120 121 -0.906580
120 130 0.488776
120 220 1.423079
121 122 -0.393600
121 131 0.458154
121 221 0.628021
122 123 -0.227606
122 132 2.152247
122 222 -1.169133
123 124 -1.346020
123 133 0.514156
123 223 0.853223
124 125 -0.770266
124 134 1.283537
124 224 0.651172
125 126 -0.307229
125 135 0.898069
125 225 -0.449250
126 127 0.369270
126 136 -1.268471
126 226 0.851657
127 128 0.739100
127 137 -0.173387
127 227 1.069411
128 129 -0.897887
128 138 0.594527
128 228 -0.054041
129 120 1.170367
129 139 0.013655
129 229 -0.340937
130 131 0.629321
130 140 -2.352467
130 230 1.534385
131 132 -0.976715
131 141 0.787455
131 231 1.486952
132 133 -1.342142
132 142 -0.316179
132 232 0.511549
133 134 -0.473347
133 143 -2.483710
133 233 -0.869599
134 135 -1.134665
134 144 0.610898
134 234 -0.355782
135 136 -0.781003
135 145 0.624400
135 235 -1.769756
136 137 0.439399
136 146 1.263656
136 236 0.342624
137 138 0.300731
137 147 2.095668
137 237 -0.786696
138 139 0.083724
138 148 -0.004611
138 238 -1.782201
139 130 0.637796
139 149 -0.922802
139 239 1.564999
140 141 -0.227931
140 150 1.060820
140 240 0.958743
141 142 1.637782
141 151 -0.680819
141 241 -0.434646
142 143 -0.693711
142 152 -0.681477
142 242 0.856558
143 144 0.435548
143 153 -0.111276
143 243 0.462779
144 145 1.292781
144 154 -0.304899
144 244 0.510011
145 146 0.014190
145 155 0.705673
145 245 -0.836736
146 147 0.305282
146 156 -0.912025
146 246 0.291138
147 148 0.277219
147 157 0.003308
147 247 0.525054
148 149 -1.747372
148 158 -0.901073
148 248 1.086231
149 140 1.003257
149 159 1.191442
149 249 0.934690
150 151 -0.853817
150 160 -0.204084
150 250 0.581021
151 152 0.729223
151 161 0.106945
151 251 -0.142129
152 153 0.379904
152 162 -0.725335
152 252 -0.628885
153 154 0.281703
153 163 0.011990
153 253 -1.338444
154 155 -0.069156
154 164 0.474294
154 254 1.161814
155 156 0.005723
155 165 0.956742
155 255 -0.717766
156 157 -1.738677
156 166 -0.804036
156 256 0.222590
157 158 -0.675730
157 167 0.800684
157 257 0.444958
158 159 1.687895
158 168 0.075647
158 258 -0.589810
159 150 0.067963
159 169 1.151445
159 259 1.358408
160 161 -0.621139
160 170 1.544217
160 260 -2.434118
161 162 -0.991143
161 171 -0.269310
161 261 1.118444
162 163 -1.319815
162 172 2.878530
162 262 1.071201
163 164 -1.368439
163 173 1.169089
163 263 -0.986172
164 165 -0.240242
164 174 1.334159
164 264 -0.151282
165 166 0.654297
165 175 -1.086623
165 265 -2.137241
166 167 -0.042932
166 176 0.291334
166 266 -0.437740
167 168 -1.949932
167 177 0.319693
167 267 0.772732
168 169 1.852163
168 178 1.068067
168 268 2.280025
169 160 -0.492326
169 179 0.966516
169 269 -0.268241
170 171 1.817488
170 180 -1.168615
170 270 2.096722
171 172 -0.490992
171 181 -2.215233
171 271 -0.786208
172 173 1.639263
172 182 -0.097436
172 272 -0.134710
173 174 -0.586725
173 183 -0.918010
173 273 0.204649
174 175 -0.313426
174 184 -0.414595
174 274 0.284108
175 176 1.551094
175 185 0.240312
175 275 -0.455331
176 177 0.532452
176 186 0.904600
176 276 0.247566
177 178 -0.598625
177 187 -0.581143
177 277 -0.677092
178 179 -0.111820
178 188 -2.646842
178 278 -0.979295
179 170 0.202749
179 189 0.637537
179 279 -0.862135
180 181 2.851447
180 190 1.678509
180 280 0.580793
181 182 0.691943
181 191 -1.567621
181 281 0.210863
182 183 -1.587566
182 192 1.243049
182 282 -1.320640
183 184 1.953884
183 193 1.864436
183 283 -0.515620
184 185 -0.877123
184 194 -0.222946
184 284 -0.423424
185 186 1.164409
185 195 -0.626786
185 285 -0.243450
186 187 2.156714
186 196 -1.184293
186 286 -1.944106
187 188 -0.767850
187 197 1.019852
187 287 -2.145680
188 189 -0.584654
188 198 -0.107056
188 288 1.426652
189 180 0.775061
189 199 -2.362202
189 289 -1.340714
190 191 0.219232
190 100 0.062524
190 290 0.933518
191 192 0.026581
191 101 -0.888749
191 291 -1.555640
192 193 0.141025
192 102 -1.227504
192 292 -0.685603
193 194 -0.601103
193 103 0.969627
193 293 0.298689
194 195 0.034692
194 104 0.616880
194 294 -0.528561
195 196 0.058539
195 105 0.106976
195 295 -0.385939
196 197 0.458801
196 106 0.867915
196 296 1.074241
197 198 1.396622
197 107 0.119309
197 297 0.178636
198 199 -1.103929
198 108 -0.256317
198 298 -0.529458
199 190 1.551609
199 109 0.954736
199 299 -2.520946
200 201 -1.388451
200 210 0.923148
200 300 -1.643687
201 202 -0.838341
201 211 -0.246334
201 301 1.103132
202 203 0.352178
202 212 -0.186754
202 302 1.230032
203 204 1.340918
203 213 1.554558
203 303 0.837451
204 205 -1.447352
204 214 1.963204
204 304 -0.310082
205 206 -1.494870
205 215 -1.291282
205 305 0.990766
206 207 0.977971
206 216 0.457592
206 306 2.065696
207 208 -1.194924
207 217 0.910333
207 307 -1.163176
208 209 0.574171
208 218 -0.638076
208 308 -0.562457
209 200 -0.151174
209 219 0.042396
209 309 0.376247
210 211 0.978664
210 220 0.751713
210 310 1.189921
211 212 1.402813
211 221 0.745989
211 311 -0.788280
212 213 -0.625877
212 222 1.300366
212 312 1.084555
213 214 -1.134310
213 223 -0.335520
213 313 0.233078
214 215 -2.145046
214 224 -0.110266
214 314 1.360702
215 216 0.389279
215 225 1.274109
215 315 0.513081
216 217 1.403390
216 226 -0.552568
216 316 -0.379997
217 218 1.897804
217 227 0.272765
217 317 -1.585625
218 219 -1.278317
218 228 -1.457605
218 318 0.082564
219 210 -1.704651
219 229 0.888352
219 319 -0.096942
220 221 -1.524129
220 230 -0.045798
220 320 2.137345
221 222 -0.268649
221 231 -1.591094
221 321 -1.351550
222 223 1.508507
222 232 2.283396
222 322 -0.891622
223 224 2.010101
223 233 0.067689
223 323 1.732765
224 225 -0.898075
224 234 0.177212
224 324 0.290581
225 226 0.268803
225 235 -0.149463
225 325 -1.293008
226 227 1.712120
226 236 1.105209
226 326 -0.650405
227 228 0.853303
227 237 -1.333751
227 327 -0.328308
228 229 -0.824016
228 238 -0.133159
228 328 -1.519947
229 220 0.478260
229 239 -0.501287
229 329 -0.773115
230 231 -1.356678
230 240 0.572250
230 330 -0.807291
231 232 -0.798772
231 241 -0.170336
231 331 -0.300173
232 233 0.429609
232 242 -0.010120
232 332 -0.429246
233 234 1.604927
233 243 -0.370862
233 333 -0.117974
234 235 0.936403
234 244 2.239523
234 334 0.685616
235 236 -0.359933
235 245 -0.060353
235 335 0.331003
236 237 1.658954
236 246 -0.864734
236 336 -0.135371
237 238 -0.687187
237 247 -0.496235
237 337 -0.140658
238 239 -0.113811
238 248 3.242292
238 338 0.582966
239 230 0.574745
239 249 0.169949
239 339 -0.071612
240 241 -1.537296
240 250 0.085320
240 340 0.539844
241 242 -0.599203
241 251 0.398332
241 341 0.073229
242 243 1.428156
242 252 -1.306240
242 342 -0.187843
243 244 -0.012369
243 253 1.807186
243 343 0.825274
244 245 0.487074
244 254 -1.096705
244 344 1.549840
245 246 1.410407
245 255 -0.770628
245 345 -1.285276
246 247 -2.590330
246 256 1.336908
246 346 1.139387
247 248 -0.645818
247 257 -0.621943
247 347 -0.781796
248 249 0.096420
248 258 0.670006
248 348 1.134888
249 240 1.218266
249 259 0.105494
249 349 0.380918
250 251 0.531771
250 260 1.325741
250 350 -0.106325
251 252 0.181241
251 261 1.721730
251 351 0.664817
252 253 -0.370221
252 262 -2.031659
252 352 -0.801439
253 254 0.700363
253 263 0.332526
253 353 0.655637
254 255 -1.049813
254 264 0.847867
254 354 -0.156524
255 256 0.325740
255 265 -0.791914
255 355 0.607333
256 257 0.969733
256 266 -0.101180
256 356 0.511464
257 258 -1.103185
257 267 0.186498
257 357 1.990193
258 259 1.095353
258 268 0.001335
258 358 -0.999006
259 250 0.568172
259 269 -0.489969
259 359 0.998713
260 261 -0.455499
260 270 0.024491
260 360 0.402092
261 262 0.132153
261 271 -1.867008
261 361 -0.080648
262 263 -2.254712
262 272 0.459685
262 362 0.554177
263 264 -1.236577
263 273 0.127751
263 363 -0.477853
264 265 -1.140568
264 274 1.693204
264 364 -1.579653
265 266 -0.741116
265 275 -0.253865
265 365 -1.752213
266 267 1.963988
266 276 -0.943113
266 366 0.055953
267 268 -0.727224
267 277 -1.361902
267 367 0.923356
268 269 -0.108331
268 278 -0.706847
268 368 1.162092
269 260 -0.214491
269 279 0.798770
269 369 -0.772951
270 271 0.551899
270 280 0.832844
270 370 0.125661
271 272 0.103459
271 281 1.323739
271 371 -0.329374
272 273 -1.344870
272 282 0.432553
272 372 0.970384
273 274 -0.448950
273 283 1.227886
273 373 0.282223
274 275 0.286677
274 284 -1.151046
274 374 0.628035
275 276 -0.136551
275 285 -0.378790
275 375 1.061266
276 277 -1.064736
276 286 0.346591
276 376 -0.722948
277 278 0.185570
277 287 0.105320
277 377 -0.608923
278 279 -1.058181
278 288 0.415930
278 378 1.622050
279 270 -1.292284
279 289 0.745155
279 379 -0.232013
280 281 -1.343787
280 290 -0.640966
280 380 -0.338653
281 282 -0.175294
281 291 0.003291
281 381 -0.546025
282 283 0.286302
282 292 0.814777
282 382 -0.016149
283 284 0.541926
283 293 1.456100
283 383 0.140617
284 285 -0.029934
284 294 -0.452248
284 384 1.686223
285 286 -0.479063
285 295 -2.183562
285 385 0.061657
286 287 -1.040106
286 296 3.228837
286 386 -0.692292
287 288 -1.091320
287 297 -0.817143
287 387 -0.327624
288 289 0.909344
288 298 -0.276270
288 388 0.328095
289 280 0.448751
289 299 -2.580675
289 389 -0.566373
290 291 0.682702
290 200 -0.680376
290 390 0.533258
291 292 -0.596016
291 201 -1.833975
291 391 -0.692231
292 293 0.267997
292 202 -0.129920
292 392 -0.138151
293 294 0.221239
293 203 0.619019
293 393 -0.537361
294 295 -0.062468
294 204 0.995173
294 394 2.851841
295 296 -0.271247
295 205 -0.801973
295 395 -1.086818
296 297 -0.011433
296 206 1.240408
296 396 0.517919
297 298 -0.036828
297 207 1.348684
297 397 1.058519
298 299 0.094800
298 208 -0.012055
298 398 0.264702
299 290 0.030898
299 209 1.549032
299 399 -0.313814
300 301 1.105234
300 310 -1.262225
300 400 0.294776
301 302 -1.005501
301 311 -0.550710
301 401 -0.063201
302 303 -0.147063
302 312 -1.167093
302 402 -0.089582
303 304 0.414194
303 313 0.987395
303 403 0.659501
304 305 -0.275804
304 314 0.088956
304 404 -0.216995
305 306 -1.864964
305 315 -0.100888
305 405 0.776953
306 307 0.283211
306 316 0.735835
306 406 0.912557
307 308 -1.061058
307 317 -0.233380
307 407 0.226961
308 309 1.388878
308 318 0.643922
308 408 -0.394295
309 300 0.021569
309 319 -2.183596
309 409 0.004372
310 311 -1.037852
310 320 -0.336584
310 410 0.030271
311 312 0.297459
311 321 0.413896
311 411 1.489893
312 313 -0.057153
312 322 0.794283
312 412 -0.976072
313 314 -0.389652
313 323 0.188182
313 413 -0.293251
314 315 -0.061604
314 324 -0.077285
314 414 -0.093281
315 316 -0.839528
315 325 0.668626
315 415 1.041481
316 317 0.491796
316 326 -1.001259
316 416 1.465858
317 318 0.076528
317 327 1.192695
317 417 2.356002
318 319 0.659688
318 328 -1.552945
318 418 -1.412015
319 310 -0.039819
319 329 -1.128126
319 419 -1.877353
320 321 0.115151
320 330 2.485786
320 420 0.107517
321 322 1.443930
321 331 -1.079682
321 421 -0.595039
322 323 -1.348359
322 332 -0.228036
322 422 1.108504
323 324 0.472279
323 333 -0.031179
323 423 -0.959727
324 325 0.312761
324 334 0.144603
324 424 -0.842584
325 326 1.919569
325 335 0.580216
325 425 1.508830
326 327 1.345251
326 336 -1.570467
326 426 -0.494933
327 328 -1.525498
327 337 0.777371
327 427 -0.476069
328 329 0.006031
328 338 0.269413
328 428 -0.928208
329 320 0.390656
329 339 -0.475496
329 429 1.198832
330 331 -0.087320
330 340 -1.119580
330 430 0.117592
331 332 -0.479299
331 341 0.707337
331 431 -0.587546
332 333 -0.425462
332 342 -0.725348
332 432 0.465830
333 334 -0.891998
333 343 1.902039
333 433 0.321731
334 335 0.795829
334 344 -1.205191
334 434 -0.130544
335 336 0.317701
335 345 0.355437
335 435 -0.071243
336 337 -0.236557
336 346 0.123723
336 436 0.808173
337 338 -0.174746
337 347 -1.112894
337 437 -1.167566
338 339 -0.505979
338 348 0.425330
338 438 -0.459669
339 330 1.064337
339 349 -0.656617
339 439 -0.112384
340 341 0.950055
340 350 0.624433
340 440 -1.393434
341 342 -0.031876
341 351 -1.007143
341 441 -0.225326
342 343 -0.030889
342 352 0.897260
342 442 1.568085
343 344 -0.562053
343 353 1.688926
343 443 -0.438327
344 345 -1.357973
344 354 0.948643
344 444 -0.309970
345 346 -0.397032
345 355 0.524505
345 445 -0.655238
346 347 -0.708285
346 356 -0.541932
346 446 1.436022
347 348 1.810941
347 357 0.760726
347 447 0.317057
348 349 -0.528371
348 358 -0.397881
348 448 0.929479
349 340 -1.968707
349 359 -0.488928
349 449 -0.055757
350 351 0.255083
350 360 -1.412985
350 450 0.937640
351 352 0.310341
351 361 -0.418024
351 451 -0.010896
352 353 -0.967407
352 362 -0.282439
352 452 0.900898
353 354 1.131804
353 363 0.474764
353 453 -1.074418
354 355 -0.582268
354 364 -0.456251
354 454 0.384977
355 356 0.889988
355 365 -0.785275
355 455 -0.293804
356 357 2.043695
356 366 -1.164547
356 456 0.102530
357 358 0.702978
357 367 0.816089
357 457 -0.839167
358 359 -0.501593
358 368 -2.423341
358 458 -1.709296
359 350 -0.004099
359 369 -0.152556
359 459 -0.091362
360 361 -1.656098
360 370 -0.509075
360 460 -0.501401
361 362 0.170794
361 371 0.108651
361 461 -0.901236
362 363 2.189187
362 372 -0.144515
362 462 0.472682
363 364 0.402623
363 373 -1.092365
363 463 -1.110259
364 365 1.209477
364 374 -0.801198
364 464 1.057105
365 366 0.613836
365 375 -0.409539
365 465 0.050773
366 367 -1.155562
366 376 -0.164469
366 466 0.655713
367 368 0.683933
367 377 0.892094
367 467 -0.285063
368 369 1.156149
368 378 -0.241492
368 468 0.910390
369 360 0.686490
369 379 1.750798
369 469 1.076169
370 371 0.052745
370 380 0.726764
370 470 -0.405245
371 372 0.087672
371 381 -0.304639
371 471 1.499570
372 373 -1.799526
372 382 -1.015851
372 472 -0.187077
373 374 -2.260026
373 383 -0.282386
373 473 1.114943
374 375 -0.733409
374 384 -1.548444
374 474 -0.792744
375 376 -1.664606
375 385 -0.134841
375 475 2.696825
376 377 0.234631
376 386 -0.299158
376 476 0.205627
377 378 1.486270
377 387 -1.328870
377 477 -1.205975
378 379 0.302668
378 388 -1.179853
378 478 2.757889
379 370 -0.272467
379 389 0.207261
379 479 1.123644
380 381 1.656372
380 390 0.792967
380 480 -0.599339
381 382 0.456110
381 391 1.629132
381 481 -0.429328
382 383 -0.399956
382 392 -0.563997
382 482 -0.906828
383 384 0.445555
383 393 0.291935
383 483 -0.261303
384 385 0.209812
384 394 -0.294583
384 484 0.254584
385 386 0.365157
385 395 0.768656
385 485 -0.857294
386 387 0.411858
386 396 0.634483
386 486 0.021701
387 388 0.050224
387 397 0.490583
387 487 -0.686146
388 389 0.316079
388 398 -0.884499
388 488 2.416880
389 380 0.860882
389 399 1.255476
389 489 1.199331
390 391 1.800356
390 300 -0.504167
390 490 -0.145343
391 392 1.564758
391 301 2.108643
391 491 0.777497
392 393 -1.420478
392 302 1.099103
392 492 -2.008731
393 394 -0.548506
393 303 1.114274
393 493 0.167572
394 395 2.172005
394 304 0.988862
394 494 1.633842
395 396 -2.130553
395 305 0.183675
395 495 -1.256121
396 397 -0.735261
396 306 1.298295
396 496 -0.502522
397 398 1.006130
397 307 -1.355229
397 497 1.925944
398 399 -1.415549
398 308 0.322638
398 498 0.489619
399 390 1.025892
399 309 -1.829088
399 499 0.668605
400 401 0.186583
400 410 2.258477
400 500 0.929986
401 402 1.579327
401 411 -0.268278
401 501 -3.554975
402 403 0.093761
402 412 1.788766
402 502 -0.067269
403 404 0.029385
403 413 2.287961
403 503 0.066635
404 405 0.530648
404 414 0.076016
404 504 -0.360363
405 406 0.106685
405 415 -0.647891
405 505 -0.098093
406 407 2.384533
406 416 0.841134
406 506 0.244566
407 408 -0.259418
407 417 -0.000419
407 507 -0.163075
408 409 1.570660
408 418 -0.258974
408 508 -0.649161
409 400 0.228158
409 419 1.831943
409 509 -0.358146
410 411 -0.672133
410 420 -0.964451
410 510 -0.911431
411 412 0.949489
411 421 0.349497
411 511 -1.010386
412 413 -0.075072
412 422 0.103148
412 512 -0.732242
413 414 -0.551056
413 423 0.138975
413 513 -1.581925
414 415 -0.515138
414 424 -0.417156
414 514 1.254657
415 416 -0.160039
415 425 -0.702713
415 515 -1.067172
416 417 0.014715
416 426 1.640682
416 516 -0.608029
417 418 0.408303
417 427 -0.011671
417 517 -0.078461
418 419 -1.242624
418 428 -1.901132
418 518 1.354346
419 410 -1.770224
419 429 0.416392
419 519 0.759911
420 421 -2.007790
420 430 1.923510
420 520 1.636311
421 422 -0.408484
421 431 1.329047
421 521 0.060044
422 423 -0.380711
422 432 -0.423625
422 522 -0.863160
423 424 -0.964316
423 433 -1.115225
423 523 -1.194809
424 425 -0.609444
424 434 -0.748685
424 524 0.683896
425 426 0.891208
425 435 -0.145211
425 525 0.875149
426 427 -0.112794
426 436 -0.280713
426 526 -0.022518
427 428 1.048485
427 437 0.916197
427 527 -0.009408
428 429 -0.586259
428 438 1.175356
428 528 -0.384076
429 420 -0.319707
429 439 -0.504949
429 529 -0.899311
430 431 -0.144067
430 440 -0.171835
430 530 1.914246
431 432 0.059206
431 441 0.570917
431 531 1.007742
432 433 0.828615
432 442 0.274613
432 532 0.217004
433 434 0.383768
433 443 -0.548912
433 533 1.098369
434 435 1.085519
434 444 0.916779
434 534 -1.378572
435 436 -1.018646
435 445 -1.438194
435 535 0.538707
436 437 -0.186259
436 446 0.294494
436 536 -0.495837
437 438 0.297036
437 447 1.239506
437 537 2.059126
438 439 -0.162522
438 448 1.727460
438 538 1.209772
439 430 0.055617
439 449 0.231211
439 539 0.067864
440 441 -0.165713
440 450 0.348664
440 540 -0.324071
441 442 0.412562
441 451 -0.307907
441 541 -0.060759
442 443 -1.672714
442 452 -0.973824
442 542 0.254548
443 444 -1.108658
443 453 0.688608
443 543 -1.029609
444 445 0.397550
444 454 0.081593
444 544 0.817720
445 446 -1.177087
445 455 0.063360
445 545 -0.134938
446 447 -1.379229
446 456 0.072221
446 546 1.230865
447 448 -0.510136
447 457 -1.768165
447 547 0.317384
448 449 0.278853
448 458 -0.924960
448 548 0.254871
449 440 -1.143572
449 459 1.574681
449 549 1.384110
450 451 1.639483
450 460 -0.892802
450 550 1.707058
451 452 0.437397
451 461 -0.417872
451 551 0.569735
452 453 -0.254204
452 462 0.141897
452 552 1.553046
453 454 0.408188
453 463 0.829458
453 553 -0.701882
454 455 -0.349747
454 464 1.984179
454 554 -0.015621
455 456 0.926829
455 465 -0.617860
455 555 -1.318211
456 457 -0.922823
456 466 -0.334148
456 556 1.332536
457 458 -1.144576
457 467 0.541353
457 557 -0.463849
458 459 0.339541
458 468 0.357050
458 558 -0.518073
459 450 1.180467
459 469 -1.212413
459 559 0.570244
460 461 0.739754
460 470 0.178963
460 560 -0.496469
461 462 1.411345
461 471 0.210371
461 561 1.044249
462 463 0.817666
462 472 -0.288445
462 562 1.829951
463 464 1.182729
463 473 0.777696
463 563 0.559285
464 465 0.874488
464 474 0.860760
464 564 1.637430
465 466 0.672145
465 475 0.839111
465 565 -1.125231
466 467 0.342165
466 476 -0.732215
466 566 0.262859
467 468 -0.540729
467 477 -0.727435
467 567 -0.392880
468 469 -0.388214
468 478 1.065613
468 568 -1.246482
469 460 0.741158
469 479 0.315247
469 569 -1.414918
470 471 -0.455582
470 480 -0.450341
470 570 1.101706
471 472 -0.517167
471 481 -0.235784
471 571 1.803566
472 473 1.042788
472 482 -0.171998
472 572 0.190367
473 474 -0.747846
473 483 0.991680
473 573 1.571489
474 475 -0.603760
474 484 -0.423875
474 574 -0.241250
475 476 0.279581
475 485 1.362674
475 575 0.665300
476 477 1.649458
476 486 0.486597
476 576 -0.119161
477 478 -2.970276
477 487 1.141681
477 577 0.960678
478 479 1.516333
478 488 -0.022524
478 578 -0.164293
479 470 0.803678
479 489 -1.007649
479 579 -0.982026
480 481 0.623338
480 490 0.631875
480 580 -1.556693
481 482 0.508643
481 491 0.760327
481 581 0.370504
482 483 -0.170867
482 492 -0.451232
482 582 0.952735
483 484 2.817365
483 493 0.061492
483 583 -1.267242
484 485 0.179808
484 494 -1.635282
484 584 -0.415062
485 486 -1.174997
485 495 1.325635
485 585 -1.074270
486 487 0.182166
486 496 -0.523790
486 586 -1.042602
487 488 -0.910860
487 497 0.674440
487 587 0.007666
488 489 -1.091856
488 498 0.016494
488 588 1.384536
489 480 -0.123588
489 499 -1.450593
489 589 -0.133710
490 491 -0.519540
490 400 -0.208654
490 590 0.661223
491 492 -1.293329
491 401 -1.572909
491 591 1.576641
492 493 1.314572
492 402 1.099619
492 592 -0.626661
493 494 -0.555664
493 403 -1.266520
493 593 0.324363
494 495 0.137021
494 404 -0.268958
494 594 0.296170
495 496 -0.850594
495 405 -0.817782
495 595 0.850714
496 497 1.373329
496 406 1.181770
496 596 1.617990
497 498 -0.036454
497 407 -0.406546
497 597 0.570381
498 499 -1.024336
498 408 -1.233538
498 598 0.343244
499 490 -1.127511
499 409 0.046165
499 599 0.078417
500 501 -0.662314
500 510 1.434753
500 600 -2.060199
501 502 -0.923215
501 511 -1.154235
501 601 -2.297319
502 503 0.115819
502 512 -0.909791
502 602 -0.328505
503 504 0.611416
503 513 -0.713391
503 603 0.438117
504 505 2.409009
504 514 0.542941
504 604 -0.507531
505 506 0.800783
505 515 -0.525616
505 605 -1.205789
506 507 0.103580
506 516 -1.384470
506 606 0.816279
507 508 1.293581
507 517 -0.139797
507 607 1.154427
508 509 -1.161713
508 518 -0.147234
508 608 -1.289077
509 500 -0.628038
509 519 -0.202093
509 609 -1.151752
510 511 -0.063368
510 520 2.035900
510 610 0.212572
511 512 -0.370811
511 521 -0.868303
511 611 -1.647725
512 513 -0.610946
512 522 -0.715888
512 612 1.042960
513 514 -0.383154
513 523 -1.892654
513 613 0.370208
514 515 0.768790
514 524 -0.609133
514 614 -1.332662
515 516 -0.094485
515 525 0.240782
515 615 -0.606713
516 517 -0.360017
516 526 -0.263994
516 616 -0.938798
517 518 -0.302789
517 527 -1.148611
517 617 -0.012810
518 519 -0.797614
518 528 -1.189649
518 618 2.244081
519 510 -0.588095
519 529 -0.694446
519 619 0.389623
520 521 -1.060936
520 530 -0.569789
520 620 -0.685882
521 522 -0.739223
521 531 -3.437554
521 621 -0.182044
522 523 -1.184190
522 532 2.176418
522 622 -0.040318
523 524 0.755929
523 533 -0.627723
523 623 0.936543
524 525 1.269960
524 534 -0.395022
524 624 -0.069063
525 526 -0.645576
525 535 0.753570
525 625 0.777655
526 527 -0.113076
526 536 -1.099899
526 626 -0.474366
527 528 -1.050402
527 537 0.095369
527 627 -1.060092
528 529 1.156566
528 538 -0.086325
528 628 0.679650
529 520 -0.347986
529 539 1.449630
529 629 -0.755219
530 531 -1.407405
530 540 -0.145692
530 630 -0.328634
531 532 -1.100003
531 541 -1.064669
531 631 1.191081
532 533 -1.122746
532 542 -0.438945
532 632 -1.227333
533 534 1.112618
533 543 1.291012
533 633 -1.829474
534 535 0.093067
534 544 0.437626
534 634 0.727990
535 536 -1.341108
535 545 0.259026
535 635 0.068709
536 537 0.581360
536 546 0.682125
536 636 0.555255
537 538 -1.725761
537 547 -0.938571
537 637 -0.460660
538 539 -0.264018
538 548 0.834718
538 638 1.416838
539 530 -0.940742
539 549 -1.073540
539 639 0.174797
540 541 1.400126
540 550 0.085186
540 640 -0.701474
541 542 0.325411
541 551 -0.100304
541 641 -0.488370
542 543 -0.956785
542 552 -0.652686
542 642 0.629499
543 544 -1.152344
543 553 0.495633
543 643 0.776057
544 545 -0.590971
544 554 0.782682
544 644 1.094780
545 546 0.578996
545 555 -0.719493
545 645 0.711025
546 547 -0.176452
546 556 1.085460
546 646 0.123484
547 548 0.940881
547 557 0.158234
547 647 1.664042
548 549 -0.675716
548 558 -2.434567
548 648 -0.081251
549 540 -0.712603
549 559 -1.291630
549 649 -1.252085
550 551 0.315745
550 560 -0.490281
550 650 -1.378928
551 552 0.767807
551 561 -1.419348
551 651 -0.167174
552 553 0.294694
552 562 1.063263
552 652 -0.287812
553 554 -1.232603
553 563 -0.673494
553 653 -1.042420
554 555 0.186354
554 564 1.074998
554 654 1.575551
555 556 -0.623854
555 565 0.347883
555 655 -0.026791
556 557 -0.004159
556 566 0.295863
556 656 -1.016230
557 558 -0.195197
557 567 0.180560
557 657 0.342121
558 559 -0.150176
558 568 -1.258250
558 658 -0.284691
559 550 -1.622015
559 569 -0.531850
559 659 -0.327923
560 561 -0.534409
560 570 -1.306852
560 660 -0.972506
561 562 1.359263
561 571 -1.418353
561 661 -0.968108
562 563 0.233360
562 572 1.431386
562 662 -0.635877
563 564 -0.433071
563 573 0.872627
563 663 0.064958
564 565 0.051568
564 574 1.303430
564 664 -0.747142
565 566 0.086104
565 575 0.865798
565 665 -0.245212
566 567 -2.029601
566 576 1.295399
566 666 -0.242997
567 568 -1.058943
567 577 0.061487
567 667 -0.349515
568 569 -0.176278
568 578 -1.132659
568 668 1.028466
569 560 1.342725
569 579 1.085970
569 669 -1.396451
570 571 0.927492
570 580 0.438683
570 670 1.300915
571 572 0.149214
571 581 0.001845
571 671 0.320093
572 573 -0.755748
572 582 -0.020412
572 672 0.222962
573 574 -1.864541
573 583 -0.861102
573 673 -1.382256
574 575 1.397324
574 584 0.626173
574 674 1.316256
575 576 0.306639
575 585 -0.654160
575 675 2.156339
576 577 -0.233685
576 586 -1.040714
576 676 1.462059
577 578 2.144532
577 587 -0.102707
577 677 -0.257277
578 579 -0.335482
578 588 0.376567
578 678 -0.669054
579 570 -1.536657
579 589 -0.692862
579 679 0.575719
580 581 1.474435
580 590 -0.281958
580 680 0.013964
581 582 0.967756
581 591 -1.859171
581 681 -0.103244
582 583 -1.442963
582 592 -1.178599
582 682 -2.043345
583 584 0.538263
583 593 -1.332906
583 683 -0.110991
584 585 -2.927709
584 594 -0.158873
584 684 0.034884
585 586 3.346531
585 595 1.196148
585 685 0.629810
586 587 -0.038126
586 596 2.066487
586 686 -0.708228
587 588 1.393161
587 597 0.742578
587 687 0.772287
588 589 -0.772791
588 598 0.791076
588 688 0.764747
589 580 1.895724
589 599 -1.971463
589 689 -1.378748
590 591 -0.275835
590 500 -0.532622
590 690 0.380875
591 592 1.217454
591 501 -0.960069
591 691 -1.637355
592 593 -0.030320
592 502 0.760317
592 692 -0.028438
593 594 1.704026
593 503 -0.784543
593 693 -0.381067
594 595 2.615136
594 504 0.436147
594 694 1.824288
595 596 0.026491
595 505 -0.994954
595 695 0.309396
596 597 0.468099
596 506 -0.024432
596 696 1.145608
597 598 1.162709
597 507 -0.358114
597 697 1.465612
598 599 -0.610358
598 508 -1.622534
598 698 0.576073
599 590 -0.584707
599 509 -0.099386
599 699 -0.182097
600 601 -0.445279
600 610 0.263298
600 700 -1.250160
601 602 0.086733
601 611 1.877843
601 701 -0.131104
602 603 0.344760
602 612 -0.323331
602 702 -1.576824
603 604 0.869659
603 613 -0.723433
603 703 0.359660
604 605 0.715122
604 614 -0.842716
604 704 1.114482
605 606 -1.094607
605 615 -0.351424
605 705 -0.299776
606 607 1.583915
606 616 -0.537843
606 706 -0.955432
607 608 -0.479624
607 617 -1.037805
607 707 2.256750
608 609 -0.560946
608 618 0.291316
608 708 -0.156913
609 600 -1.435927
609 619 0.623905
609 709 0.621427
610 611 -1.330550
610 620 -0.183009
610 710 0.634342
611 612 0.401370
611 621 0.932688
611 711 -1.230986
612 613 1.007867
612 622 1.216772
612 712 -1.574450
613 614 1.507736
613 623 -1.138435
613 713 1.063756
614 615 1.134782
614 624 -1.445719
614 714 0.791337
615 616 1.046420
615 625 -0.592816
615 715 -1.046000
616 617 0.364649
616 626 -0.099233
616 716 0.033232
617 618 0.616656
617 627 0.230999
617 717 0.558348
618 619 -1.870176
618 628 0.221951
618 718 0.429645
619 610 0.507305
619 629 2.426342
619 719 1.059826
620 621 2.562921
620 630 -0.510916
620 720 1.280537
621 622 1.225500
621 631 0.562028
621 721 -1.084608
622 623 -0.317057
622 632 0.767053
622 722 -0.127942
623 624 0.240659
623 633 1.388068
623 723 0.528236
624 625 -1.079819
624 634 1.268514
624 724 -1.427312
625 626 -0.435759
625 635 -0.703617
625 725 1.312794
626 627 -0.840079
626 636 0.353675
626 726 2.106034
627 628 -0.685420
627 637 0.481023
627 727 -0.230515
628 629 -0.457952
628 638 -0.886670
628 728 -0.340196
629 620 1.858323
629 639 -1.209872
629 729 -0.461142
630 631 0.737032
630 640 -0.226872
630 730 0.995935
631 632 -0.900457
631 641 1.130115
631 731 3.032142
632 633 -0.237216
632 642 -1.851782
632 732 -0.091388
633 634 -2.172535
633 643 -1.499019
633 733 -0.586563
634 635 -0.082388
634 644 -1.064000
634 734 0.821906
635 636 0.655619
635 645 -2.610305
635 735 0.173079
636 637 1.065274
636 646 -0.433468
636 736 -0.335154
637 638 2.046181
637 647 0.239407
637 737 1.349128
638 639 -1.001735
638 648 0.161949
638 738 0.488627
639 630 -0.119613
639 649 1.269725
639 739 0.030042
640 641 0.180363
640 650 1.794238
640 740 0.126426
641 642 1.411323
641 651 0.836227
641 741 -0.972643
642 643 0.088202
642 652 0.247741
642 742 1.124074
643 644 -0.426167
643 653 1.515507
643 743 0.122295
644 645 1.280451
644 654 -0.282204
644 744 -0.217339
645 646 1.034922
645 655 -0.830765
645 745 1.055812
646 647 1.237611
646 656 -0.186653
646 746 0.456579
647 648 -0.786693
647 657 2.696180
647 747 0.720710
648 649 0.013440
648 658 0.106357
648 748 0.824943
649 640 -0.599051
649 659 1.753755
649 749 1.052666
650 651 1.075692
650 660 0.175582
650 750 0.119093
651 652 -0.075646
651 661 -1.025441
651 751 0.809961
652 653 0.656425
652 662 0.426496
652 752 -0.520634
653 654 1.708946
653 663 0.005262
653 753 -0.909095
654 655 0.758849
654 664 1.235347
654 754 3.160179
655 656 1.109079
655 665 -0.063339
655 755 -0.852450
656 657 -0.825731
656 666 -0.604371
656 756 1.445350
657 658 -0.194406
657 667 -0.408956
657 757 -0.491852
658 659 -0.308174
658 668 -0.014567
658 758 -0.180995
659 650 2.069026
659 669 0.822276
659 759 0.344932
660 661 0.103583
660 670 0.818082
660 760 -1.114488
661 662 -0.421965
661 671 0.709292
661 761 2.357760
662 663 -0.139827
662 672 -0.743192
662 762 -0.424315
663 664 2.628168
663 673 -0.087194
663 763 -1.367499
664 665 -0.832150
664 674 -0.196603
664 764 1.219816
665 666 0.142135
665 675 0.573320
665 765 -1.131260
666 667 0.334941
666 676 -0.719527
666 766 0.542275
667 668 -0.883501
667 677 0.111004
667 767 0.472726
668 669 0.166480
668 678 0.635894
668 768 -0.720357
669 660 0.319392
669 679 0.318157
669 769 -0.547257
670 671 0.442739
670 680 0.917515
670 770 -1.391668
671 672 0.963476
671 681 -1.787196
671 771 0.816810
672 673 1.668778
672 682 -0.196038
672 772 -0.886972
673 674 -1.288325
673 683 0.375788
673 773 0.559929
674 675 1.403491
674 684 0.719431
674 774 -1.958178
675 676 0.542242
675 685 -0.766837
675 775 0.624296
676 677 -0.168912
676 686 1.100885
676 776 -0.336560
677 678 0.031532
677 687 -0.016215
677 777 -0.785442
678 679 -1.423269
678 688 1.506904
678 778 0.079372
679 670 -1.034420
679 689 -0.605949
679 779 0.650657
680 681 -0.456180
680 690 0.248030
680 780 -1.108829
681 682 0.172876
681 691 -1.624697
681 781 -0.083313
682 683 -0.984061
682 692 -0.412727
682 782 0.252633
683 684 -1.039993
683 693 -0.587300
683 783 -0.151729
684 685 -1.182386
684 694 0.641426
684 784 -0.156091
685 686 0.847516
685 695 -1.586582
685 785 0.268266
686 687 -0.171038
686 696 -0.763464
686 786 -0.497726
687 688 0.178815
687 697 0.711454
687 787 -0.725594
688 689 1.269467
688 698 0.195904
688 788 -0.125182
689 680 -0.543876
689 699 0.942548
689 789 1.054762
690 691 0.886191
690 600 -1.123660
690 790 -0.693195
691 692 0.930128
691 601 0.868482
691 791 -0.418351
692 693 2.070251
692 602 1.257947
692 792 0.375407
693 694 -0.027647
693 603 -0.898538
693 793 -0.398885
694 695 -1.034727
694 604 -0.896135
694 794 -0.234485
695 696 0.985854
695 605 0.616554
695 795 -0.946343
696 697 0.041000
696 606 0.804253
696 796 1.204322
697 698 -0.075144
697 607 0.109903
697 797 -3.076981
698 699 1.456885
698 608 0.080409
698 798 2.112029
699 690 0.784458
699 609 2.468556
699 799 -0.999470
700 701 -0.183640
700 710 -1.114827
700 800 0.331960
701 702 1.463457
701 711 0.529689
701 801 0.113019
702 703 2.437643
702 712 -0.792050
702 802 -2.109950
703 704 -0.092365
703 713 0.200923
703 803 0.726672
704 705 0.246093
704 714 -0.003895
704 804 -0.458736
705 706 0.616387
705 715 -0.615055
705 805 -0.548142
706 707 -0.665187
706 716 0.890269
706 806 -1.982240
707 708 0.384136
707 717 0.392117
707 807 -0.511557
708 709 -0.773074
708 718 1.577974
708 808 -1.992301
709 700 -1.791404
709 719 0.167715
709 809 0.729066
710 711 -0.122236
710 720 1.130413
710 810 0.773003
711 712 0.165658
711 721 -1.116415
711 811 -1.233735
712 713 0.952223
712 722 1.265382
712 812 -0.132532
713 714 0.242415
713 723 1.274099
713 813 0.238368
714 715 -0.133804
714 724 0.276319
714 814 0.102688
715 716 -0.370156
715 725 -1.501555
715 815 -0.681668
716 717 -0.331165
716 726 -0.758010
716 816 -0.154819
717 718 0.045842
717 727 -1.572618
717 817 0.890326
718 719 0.406049
718 728 0.834406
718 818 -0.916986
719 710 0.326324
719 729 -1.177365
719 819 0.403740
720 721 -1.088922
720 730 0.131839
720 820 0.585287
721 722 -0.667140
721 731 -0.584733
721 821 -2.665956
722 723 -1.299701
722 732 1.188030
722 822 -0.533381
723 724 -0.550722
723 733 0.529154
723 823 -1.132514
724 725 -1.864489
724 734 0.944731
724 824 -1.052053
725 726 0.218885
725 735 1.019562
725 825 0.912979
726 727 0.543928
726 736 -0.673541
726 826 0.630007
727 728 1.066207
727 737 -1.086654
727 827 -1.127397
728 729 0.180017
728 738 0.890321
728 828 1.481709
729 720 -0.627303
729 739 -0.430945
729 829 0.547612
730 731 -0.384121
730 740 2.159322
730 830 -0.826419
731 732 1.105448
731 741 0.056355
731 831 -1.876134
732 733 -1.498256
732 742 -0.449418
732 832 0.831150
733 734 -0.485258
733 743 -0.425289
733 833 0.234084
734 735 0.800397
734 744 -0.549209
734 834 1.126767
735 736 -0.039117
735 745 -0.048018
735 835 -1.134852
736 737 -0.815003
736 746 -1.308990
736 836 0.255243
737 738 2.367701
737 747 0.105724
737 837 -0.473168
738 739 1.463561
738 748 -1.336981
738 838 1.390601
739 730 0.271657
739 749 0.577919
739 839 -0.280469
740 741 1.293086
740 750 -0.588423
740 840 0.147175
741 742 -1.317536
741 751 -0.422961
741 841 1.794343
742 743 -0.665029
742 752 -2.080889
742 842 -0.983217
743 744 0.818131
743 753 -0.602776
743 843 -1.716333
744 745 0.947381
744 754 -0.150424
744 844 0.842614
745 746 0.723444
745 755 -0.098553
745 845 0.396456
746 747 1.393114
746 756 -1.417900
746 846 -0.877772
747 748 0.743204
747 757 1.210019
747 847 0.190850
748 749 0.903509
748 758 0.052397
748 848 -0.552250
749 740 -0.272929
749 759 -1.360214
749 849 0.510273
750 751 -1.551800
750 760 -0.570628
750 850 -0.751585
751 752 -0.965244
751 761 -0.049269
751 851 1.002440
752 753 0.165183
752 762 1.536319
752 852 -0.587748
753 754 -0.890209
753 763 0.335336
753 853 -0.631333
754 755 -1.208266
754 764 -1.149737
754 854 0.267062
755 756 1.923219
755 765 -0.047654
755 855 -1.241716
756 757 2.328143
756 766 -0.477807
756 856 0.299593
757 758 -0.483387
757 767 -2.523218
757 857 1.211820
758 759 -1.270989
758 768 -0.676697
758 858 0.421238
759 750 1.027310
759 769 0.470424
759 859 0.052488
760 761 0.095199
760 770 -0.929733
760 860 0.028638
761 762 -0.275701
761 771 -0.062094
761 861 -0.248526
762 763 -2.088471
762 772 -1.877610
762 862 -1.219313
763 764 -0.571475
763 773 -0.432605
763 863 1.034507
764 765 0.707271
764 774 0.506180
764 864 -1.081258
765 766 -2.257034
765 775 0.542386
765 865 1.473066
766 767 -0.586951
766 776 -0.491541
766 866 -0.970055
767 768 -0.187653
767 777 -1.518724
767 867 2.551164
768 769 -0.083229
768 778 -0.310658
768 868 -0.940679
769 760 1.201967
769 779 -0.216902
769 869 -2.675983
770 771 0.672584
770 780 -1.052476
770 870 0.446562
771 772 -0.880315
771 781 0.291479
771 871 0.867173
772 773 0.493605
772 782 -0.081460
772 872 0.138807
773 774 1.549886
773 783 0.922650
773 873 -0.045685
774 775 0.997286
774 784 -1.145313
774 874 1.192340
775 776 -0.940538
775 785 0.612671
775 875 -0.241893
776 777 0.965048
776 786 0.239624
776 876 0.630549
777 778 -0.051365
777 787 -0.060690
777 877 0.245114
778 779 -0.362321
778 788 0.702336
778 878 -0.099122
779 770 -0.048018
779 789 -1.193186
779 879 -1.012405
780 781 1.138302
780 790 -0.086756
780 880 1.491547
781 782 -1.195950
781 791 -0.319739
781 881 0.142031
782 783 -0.118359
782 792 -0.580736
782 882 0.589637
783 784 -0.073402
783 793 1.569504
783 883 0.465466
784 785 -2.634803
784 794 -0.866252
784 884 -1.837972
785 786 0.559490
785 795 0.271862
785 885 0.230134
786 787 1.068047
786 796 -1.519095
786 886 -1.247461
787 788 0.124165
787 797 -1.186505
787 887 0.660545
788 789 0.361795
788 798 0.509279
788 888 0.485356
789 780 -0.436964
789 799 0.203083
789 889 -0.414391
790 791 -1.835040
790 700 -0.971926
790 890 -1.307932
791 792 0.811586
791 701 -2.134113
791 891 -1.242085
792 793 -0.532392
792 702 -1.347765
792 892 -0.172732
793 794 -0.259878
793 703 1.373823
793 893 -1.859827
794 795 -0.657413
794 704 -0.554728
794 894 0.356668
795 796 -1.064084
795 705 0.706050
795 895 0.411145
796 797 1.880094
796 706 -0.257296
796 896 0.488704
797 798 -0.842371
797 707 -0.200325
797 897 0.093393
798 799 -1.218982
798 708 -2.234561
798 898 0.781132
799 790 0.089175
799 709 0.545860
799 899 -0.835844
800 801 0.393635
800 810 0.590954
800 900 -0.968915
801 802 -2.075767
801 811 1.098338
801 901 -0.124590
802 803 0.081632
802 812 0.101463
802 902 -0.969327
803 804 2.368773
803 813 2.004157
803 903 0.374239
804 805 -0.889032
804 814 -0.016669
804 904 0.930813
805 806 0.428840
805 815 0.571226
805 905 -0.416065
806 807 1.591069
806 816 0.072694
806 906 0.551969
807 808 0.050062
807 817 1.796359
807 907 0.395652
808 809 0.062478
808 818 1.400492
808 908 -2.268598
809 800 -0.702223
809 819 1.521038
809 909 -1.077790
810 811 1.656219
810 820 0.576072
810 910 1.265296
811 812 0.965693
811 821 -0.932665
811 911 -1.521829
812 813 0.383101
812 822 -0.038904
812 912 -0.311367
813 814 -0.132137
813 823 -1.777963
813 913 -0.118663
814 815 1.019463
814 824 0.323758
814 914 -0.137092
815 816 2.166566
815 825 1.126688
815 915 -0.817213
816 817 -0.697408
816 826 0.162001
816 916 -0.683942
817 818 1.527833
817 827 0.304422
817 917 -1.001081
818 819 -2.196577
818 828 0.179880
818 918 0.990355
819 810 0.403755
819 829 -1.579456
819 919 0.822112
820 821 0.677666
820 830 0.050672
820 920 0.495982
821 822 -0.219027
821 831 1.529726
821 921 1.753122
822 823 -0.635006
822 832 -1.082997
822 922 -0.849233
823 824 0.727291
823 833 -0.230852
823 923 -1.344965
824 825 0.609048
824 834 0.792261
824 924 0.712972
825 826 0.148758
825 835 -1.189764
825 925 -0.227522
826 827 0.297592
826 836 -0.932496
826 926 -0.989759
827 828 -0.519845
827 837 -0.813708
827 927 0.393680
828 829 0.809393
828 838 -1.448579
828 928 -1.711493
829 820 -0.128512
829 839 -1.427900
829 929 1.392120
830 831 0.425042
830 840 -3.109033
830 930 0.293643
831 832 1.201475
831 841 -1.787371
831 931 -2.093533
832 833 0.016946
832 842 0.466103
832 932 -0.062779
833 834 0.017992
833 843 -0.829079
833 933 -1.049215
834 835 -0.653460
834 844 0.874064
834 934 -0.937878
835 836 -1.091449
835 845 0.264719
835 935 -0.376195
836 837 0.696188
836 846 -2.192939
836 936 -1.788391
837 838 -1.048952
837 847 0.930618
837 937 0.496431
838 839 2.102125
838 848 -1.165259
838 938 -1.010716
839 830 -1.048199
839 849 1.230603
839 939 -0.187969
840 841 0.665950
840 850 -0.685521
840 940 -0.955173
841 842 1.769022
841 851 -1.121986
841 941 1.251426
842 843 -0.120934
842 852 -0.120322
842 942 0.337796
843 844 1.926045
843 853 1.367094
843 943 0.526061
844 845 -0.737356
844 854 -0.784287
844 944 0.403960
845 846 -1.178498
845 855 0.966798
845 945 1.416041
846 847 -0.280732
846 856 -0.003261
846 946 0.227232
847 848 -0.024723
847 857 -0.542193
847 947 -2.385780
848 849 -0.448723
848 858 0.369835
848 948 -0.580215
849 840 0.805044
849 859 -1.900106
849 949 -0.227085
850 851 0.732927
850 860 -2.107607
850 950 1.270183
851 852 -0.101287
851 861 0.046151
851 951 0.083010
852 853 0.310490
852 862 1.064683
852 952 -0.126903
853 854 -0.988537
853 863 -1.309253
853 953 -0.868435
854 855 -0.044003
854 864 0.336738
854 954 0.643438
855 856 -1.078291
855 865 -1.533978
855 955 1.095252
856 857 1.506649
856 866 0.698383
856 956 -0.998769
857 858 0.421030
857 867 0.012009
857 957 -0.551425
858 859 2.143163
858 868 -0.936863
858 958 1.030073
859 850 0.415563
859 869 0.732485
859 959 0.132098
860 861 -0.046180
860 870 -0.317461
860 960 -1.270534
861 862 -1.029697
861 871 1.345709
861 961 -1.326202
862 863 0.544068
862 872 -1.704730
862 962 0.486907
863 864 1.118716
863 873 0.169935
863 963 0.673027
864 865 -1.630377
864 874 1.382275
864 964 0.485394
865 866 -0.230834
865 875 -0.059830
865 965 -0.422384
866 867 -0.220982
866 876 1.010302
866 966 -0.759383
867 868 -0.025263
867 877 0.134726
867 967 1.375728
868 869 0.605456
868 878 1.064582
868 968 0.065879
869 860 -0.018301
869 879 0.574128
869 969 0.502362
870 871 -0.410730
870 880 -1.432862
870 970 -1.542502
871 872 -0.512516
871 881 1.509053
871 971 0.342280
872 873 -0.743573
872 882 -0.149746
872 972 1.921103
873 874 -0.254130
873 883 -1.082482
873 973 -1.253226
874 875 0.591692
874 884 0.510915
874 974 0.014364
875 876 -0.454255
875 885 -1.585832
875 975 0.016614
876 877 0.155611
876 886 0.734346
876 976 -1.081578
877 878 0.489410
877 887 0.857566
877 977 0.907354
878 879 -0.796588
878 888 -0.403130
878 978 -0.086577
879 870 -0.237598
879 889 1.406357
879 979 -0.885717
880 881 -1.084787
880 890 0.297340
880 980 0.082485
881 882 -2.756287
881 891 -0.327683
881 981 -1.026537
882 883 -0.462020
882 892 -0.062919
882 982 0.564393
883 884 1.927379
883 893 0.056972
883 983 0.316063
884 885 -1.776568
884 894 -0.788675
884 984 1.095403
885 886 -0.590833
885 895 -1.912937
885 985 0.352682
886 887 0.469297
886 896 0.281791
886 986 1.563475
887 888 -0.512030
887 897 0.147016
887 987 0.049208
888 889 -0.704837
888 898 1.083954
888 988 -0.500407
889 880 2.183770
889 899 0.560176
889 989 1.207643
890 891 0.259325
890 800 0.570375
890 990 -1.422646
891 892 1.654812
891 801 0.374683
891 991 1.365633
892 893 0.518907
892 802 0.598911
892 992 0.478382
893 894 0.323739
893 803 0.187532
893 993 1.215202
894 895 1.837916
894 804 -1.531849
894 994 0.115655
895 896 0.529548
895 805 -0.975617
895 995 -0.438059
896 897 0.459342
896 806 0.282217
896 996 1.169454
897 898 -0.928116
897 807 1.328817
897 997 -1.304018
898 899 1.712439
898 808 0.577743
898 998 0.414634
899 890 0.241588
899 809 -0.820732
899 999 0.551016
900 901 -1.086840
900 910 -0.525734
900 0 0.689883
901 902 0.942239
901 911 0.621478
901 1 -0.714910
902 903 0.243737
902 912 1.282692
902 2 -0.037359
903 904 0.410823
903 913 -1.545813
903 3 1.103949
904 905 -0.086255
904 914 0.116300
904 4 -1.856173
905 906 1.105611
905 915 -0.542818
905 5 -0.737887
906 907 -1.727035
906 916 -0.176160
906 6 0.293466
907 908 0.071147
907 917 0.019998
907 7 -0.659590
908 909 -0.663361
908 918 -0.879153
908 8 -1.780379
909 900 0.093504
909 919 0.285586
909 9 -0.852900
910 911 -1.302541
910 920 1.198843
910 10 0.593116
911 912 -0.882945
911 921 0.407876
911 11 0.637880
912 913 -0.328974
912 922 -0.938001
912 12 -2.643182
913 914 0.425072
913 923 -0.123604
913 13 -2.921915
914 915 0.442169
914 924 -0.152449
914 14 -2.075466
915 916 0.649859
915 925 1.005464
915 15 1.178835
916 917 -1.355153
916 926 0.467646
916 16 -0.125319
917 918 -1.360527
917 927 -0.075747
917 17 1.559314
918 919 0.811053
918 928 -0.430619
918 18 1.643859
919 910 0.145917
919 929 -0.352159
919 19 0.035393
920 921 0.521152
920 930 -0.072277
920 20 -0.296060
921 922 -0.756490
921 931 0.004854
921 21 0.096460
922 923 -0.780080
922 932 -0.070654
922 22 -3.106824
923 924 0.288977
923 933 -0.480251
923 23 0.771942
924 925 -0.151356
924 934 1.009432
924 24 0.193271
925 926 1.393101
925 935 0.991637
925 25 -0.256629
926 927 -1.148423
926 936 2.255076
926 26 1.581646
927 928 0.256418
927 937 -0.010070
927 27 1.070380
928 929 -0.231731
928 938 0.436184
928 28 0.371729
929 920 -1.328855
929 939 -1.444456
929 29 -1.903718
930 931 -1.732368
930 940 -0.069603
930 30 -0.466094
931 932 -0.138649
931 941 1.565934
931 31 -0.355219
932 933 -2.176255
932 942 -0.018170
932 32 1.921906
933 934 -0.834443
933 943 0.504879
933 33 0.003409
934 935 1.415829
934 944 -0.119549
934 34 -0.037931
935 936 0.135515
935 945 -0.113462
935 35 0.533038
936 937 -0.078644
936 946 -1.225290
936 36 -0.494008
937 938 0.524224
937 947 0.231295
937 37 -0.768299
938 939 1.125276
938 948 -0.195434
938 38 0.224800
939 930 1.311688
939 949 1.084839
939 39 1.530180
940 941 -0.259582
940 950 2.484632
940 40 0.584531
941 942 -0.139284
941 951 0.344461
941 41 0.586284
942 943 -0.925403
942 952 0.486771
942 42 0.222904
943 944 0.758148
943 953 -0.655685
943 43 1.726301
944 945 -1.313134
944 954 1.406905
944 44 -0.898907
945 946 -1.087982
945 955 -1.083835
945 45 1.115069
946 947 -0.013561
946 956 -1.100682
946 46 -0.489436
947 948 1.936172
947 957 0.809242
947 47 -1.079565
948 949 -0.873620
948 958 -0.507530
948 48 0.812186
949 940 -0.599921
949 959 1.842914
949 49 0.370124
950 951 -1.220844
950 960 -2.277716
950 50 -0.937994
951 952 0.442669
951 961 -0.032357
951 51 -0.831484
952 953 -0.657368
952 962 -0.870919
952 52 -0.410165
953 954 0.279190
953 963 0.810269
953 53 -1.104507
954 955 -0.695793
954 964 0.175278
954 54 0.997920
955 956 0.975468
955 965 -2.279399
955 55 0.857491
956 957 -0.549087
956 966 0.888754
956 56 1.124409
957 958 1.545984
957 967 1.308771
957 57 1.186538
958 959 1.120583
958 968 1.006669
958 58 -0.305028
959 950 -0.064541
959 969 1.703421
959 59 0.955475
960 961 0.556981
960 970 -1.696869
960 60 -1.342038
961 962 1.248339
961 971 0.130180
961 61 -0.572339
962 963 1.355997
962 972 0.274005
962 62 -1.818618
963 964 0.827279
963 973 -0.706224
963 63 -0.022312
964 965 1.745736
964 974 0.492903
964 64 -0.138893
965 966 1.606093
965 975 1.321465
965 65 -0.201794
966 967 -0.066809
966 976 0.782137
966 66 -0.186275
967 968 0.618436
967 977 0.683595
967 67 0.472416
968 969 1.073098
968 978 2.259757
968 68 -0.094366
969 960 0.503819
969 979 1.030930
969 69 0.602557
970 971 0.136060
970 980 1.206341
970 70 -0.295332
971 972 -0.295504
971 981 -0.071532
971 71 0.924795
972 973 1.576512
972 982 0.235647
972 72 -0.433893
973 974 0.446327
973 983 -2.522498
973 73 0.126028
974 975 1.452282
974 984 -0.632949
974 74 0.660070
975 976 -1.267002
975 985 1.111726
975 75 0.257645
976 977 0.543543
976 986 -0.474564
976 76 -0.551062
977 978 0.592887
977 987 0.841302
977 77 -0.063558
978 979 -0.990791
978 988 -0.853913
978 78 1.358105
979 970 -0.856958
979 989 2.626096
979 79 -1.213397
980 981 -0.302226
980 990 0.621764
980 80 -0.544093
981 982 0.642598
981 991 0.253668
981 81 1.021495
982 983 -0.086904
982 992 0.645172
982 82 -3.573800
983 984 -0.067777
983 993 0.551803
983 83 -0.293941
984 985 -0.088345
984 994 0.746472
984 84 -0.457022
985 986 -1.779096
985 995 0.178715
985 85 1.334626
986 987 0.732707
986 996 0.164251
986 86 -1.447143
987 988 -0.491130
987 997 -0.209458
987 87 1.203375
988 989 0.444524
988 998 0.294069
988 88 -2.293239
989 980 0.069843
989 999 -1.603025
989 89 1.394269
990 991 -0.923520
990 900 0.937748
990 90 0.132110
991 992 1.606470
991 901 0.835513
991 91 1.458989
992 993 -0.667181
992 902 -0.297129
992 92 -0.812051
993 994 0.275597
993 903 -0.587190
993 93 -0.236875
994 995 0.676520
994 904 -1.048655
994 94 -1.020219
995 996 0.876422
995 905 0.195416
995 95 -1.923243
996 997 2.554373
996 906 -1.379880
996 96 -1.017339
997 998 0.183781
997 907 -0.442633
997 97 -0.694808
998 999 -1.485033
998 908 -0.694269
998 98 -1.124042
999 990 -0.098643
999 909 -0.295937
999 99 1.479893
