0 1 -0.092538
0 10 -0.168502
0 100 -0.540756
1 2 -1.174179
1 11 1.144744
1 101 -2.819299
2 3 0.528541
2 12 -0.923990
2 102 -0.846351
3 4 0.713812
3 13 -0.962315
3 103 -0.904220
4 5 -0.480637
4 14 1.865654
4 104 0.245226
5 6 0.372119
5 15 0.029921
5 105 -0.204750
6 7 0.442528
6 16 -0.230199
6 106 -0.140504
7 8 -0.121873
7 17 -0.425921
7 107 0.134891
8 9 -0.011762
8 18 0.727338
8 108 -0.616372
9 0 -1.053264
9 19 0.260537
9 109 0.654945
10 11 1.191266
10 20 -1.057961
10 110 1.047500
11 12 -1.896293
11 21 -0.444851
11 111 0.251462
12 13 0.109914
12 22 0.176890
12 112 -1.786520
13 14 0.998783
13 23 0.611817
13 113 -2.650128
14 15 0.985176
14 24 0.223978
14 114 2.026918
15 16 -1.243648
15 25 -0.500742
15 115 -1.952118
16 17 0.930510
16 26 0.300258
16 116 0.805250
17 18 -0.929334
17 27 0.380077
17 117 -0.434479
18 19 -0.205968
18 28 -0.193627
18 118 0.625578
19 10 0.226731
19 29 0.412284
19 119 2.014542
20 21 1.035734
20 30 1.491830
20 120 0.913023
21 22 0.019811
21 31 0.956377
21 121 -1.305113
22 23 1.418911
22 32 1.125179
22 122 0.372339
23 24 1.848420
23 33 -0.475158
23 123 0.335893
24 25 -1.405680
24 34 0.971977
24 124 0.432444
25 26 -1.241756
25 35 -0.276395
25 125 0.014402
26 27 0.649216
26 36 -0.005795
26 126 -0.298649
27 28 -1.277930
27 37 0.595197
27 127 1.052249
28 29 -1.127090
28 38 0.218557
28 128 1.256934
29 20 1.146663
29 39 -0.263455
29 129 1.213211
30 31 0.878479
30 40 -1.175269
30 130 -1.609074
31 32 -0.322523
31 41 -1.109231
31 131 -0.688282
32 33 0.374909
32 42 -1.400961
32 132 -0.481512
33 34 -0.848698
33 43 0.731364
33 133 0.430345
34 35 -0.142708
34 44 -1.226894
34 134 -0.475347
35 36 -1.100301
35 45 0.133724
35 135 1.191671
36 37 0.810485
36 46 -0.016673
36 136 1.640782
37 38 -1.023418
37 47 0.614487
37 137 0.215237
38 39 0.438277
38 48 1.878223
38 138 1.242055
39 30 -0.068461
39 49 -0.766567
39 139 0.679329
40 41 0.826009
40 50 -0.324800
40 140 -0.941274
41 42 -1.527508
41 51 -0.467957
41 141 0.355171
42 43 1.521521
42 52 -0.268546
42 142 -1.214776
43 44 -1.127523
43 53 2.035790
43 143 -0.684836
44 45 -1.035942
44 54 -0.401680
44 144 0.642294
45 46 -0.685579
45 55 -0.915105
45 145 -1.825017
46 47 0.529658
46 56 -0.416646
46 146 -1.315545
47 48 1.998505
47 57 -0.312920
47 147 1.675938
48 49 1.646283
48 58 -0.025595
48 148 0.369229
49 40 0.463015
49 59 -0.915753
49 149 -0.397348
50 51 0.923512
50 60 -2.263963
50 150 1.002746
51 52 0.351691
51 61 0.391618
51 151 0.253658
52 53 0.379542
52 62 -0.954894
52 152 0.965730
53 54 1.525781
53 63 -2.956975
53 153 0.615811
54 55 0.082860
54 64 1.073105
54 154 -0.638013
55 56 0.388634
55 65 0.792781
55 155 2.654734
56 57 -0.115737
56 66 -0.411349
56 156 -0.425112
57 58 1.100568
57 67 1.127021
57 157 2.175555
58 59 -0.070078
58 68 -1.243048
58 158 1.936933
59 50 -0.661038
59 69 0.450300
59 159 0.970767
60 61 -0.592746
60 70 -1.765112
60 160 -1.051288
61 62 -0.531928
61 71 -0.633761
61 161 -1.092633
62 63 0.955343
62 72 1.502461
62 162 1.625181
63 64 0.708656
63 73 0.208832
63 163 0.758120
64 65 2.104771
64 74 0.988225
64 164 0.473591
65 66 -0.498773
65 75 -0.977875
65 165 0.554080
66 67 1.426406
66 76 1.955831
66 166 -0.633485
67 68 -0.065953
67 77 -0.810841
67 167 0.340296
68 69 -0.480513
68 78 1.081619
68 168 -1.893924
69 60 -1.183633
69 79 -0.342321
69 169 0.769373
70 71 0.467079
70 80 1.743000
70 170 0.914914
71 72 -0.180150
71 81 0.121142
71 171 -0.292442
72 73 0.403790
72 82 -0.259934
72 172 -1.206751
73 74 0.560237
73 83 -2.302297
73 173 0.593409
74 75 1.305793
74 84 -0.683844
74 174 -0.220746
75 76 -2.312442
75 85 0.073565
75 175 0.143551
76 77 -0.172552
76 86 1.154956
76 176 -0.285513
77 78 -0.003557
77 87 0.616815
77 177 0.007119
78 79 -0.084336
78 88 0.391172
78 178 -0.966132
79 70 -0.533229
79 89 -0.113015
79 179 0.778468
80 81 1.514631
80 90 -0.316524
80 180 -0.221184
81 82 2.051734
81 91 -0.434234
81 181 -0.164371
82 83 1.238031
82 92 2.221626
82 182 -0.432547
83 84 0.580081
83 93 2.384964
83 183 2.362657
84 85 0.867694
84 94 0.548678
84 184 0.401196
85 86 -0.215049
85 95 0.820960
85 185 0.275145
86 87 -0.120668
86 96 0.138248
86 186 -0.351831
87 88 1.302393
87 97 -0.821505
87 187 -0.556971
88 89 0.100388
88 98 -0.079474
88 188 -0.125683
89 80 0.654336
89 99 -0.830963
89 189 -0.577378
90 91 -1.583837
90 0 -0.111500
90 190 -1.226792
91 92 0.327049
91 1 -0.981245
91 191 -0.136622
92 93 1.107351
92 2 -0.094330
92 192 -1.113159
93 94 0.509001
93 3 -1.480704
93 193 -1.119198
94 95 -0.865850
94 4 0.431468
94 194 0.583484
95 96 -1.526329
95 5 0.672662
95 195 0.991196
96 97 -1.562669
96 6 -0.481939
96 196 1.092532
97 98 -0.672851
97 7 0.036483
97 197 1.141943
98 99 0.316619
98 8 1.462379
98 198 0.290689
99 90 0.653932
99 9 1.539687
99 199 0.233939
100 101 1.481808
100 110 -0.193264
100 200 1.026029
101 102 1.341660
101 111 -0.388572
101 201 0.839790
102 103 1.659223
102 112 -0.438150
102 202 -0.393059
103 104 -0.713934
103 113 -1.450587
103 203 0.408465
104 105 1.575614
104 114 0.543188
104 204 0.013593
105 106 -1.287788
105 115 0.192919
105 205 0.809761
106 107 -0.221705
106 116 0.376352
106 206 0.192943
107 108 -1.323776
107 117 -0.412569
107 207 0.451101
108 109 0.242012
108 118 0.930893
108 208 -0.283937
109 100 0.608027
109 119 0.826325
109 209 -0.835510
110 111 0.088639
110 120 0.748465
110 210 -1.486042
111 112 1.572052
111 121 -0.766586
111 211 -0.661298
112 113 -1.900028
112 122 0.888694
112 212 0.613157
113 114 -0.416425
113 123 1.624055
113 213 -0.532423
114 115 2.329229
114 124 -0.133025
114 214 -0.451869
115 116 -0.844486
115 125 0.699302
115 215 1.380526
116 117 -0.523100
116 126 -0.495177
116 216 0.355594
117 118 -0.176963
117 127 1.274811
117 217 -0.833088
118 119 0.061528
118 128 1.320612
118 218 -1.589068
119 110 -1.369983
119 129 -0.718253
119 219 1.054773
120 121 1.498842
120 130 1.706351
120 220 -0.375127
121 122 -0.737423
121 131 0.962397
121 221 -0.194088
122 123 1.177716
122 132 -0.047098
122 222 0.258953
123 124 0.002304
123 133 -0.403705
123 223 -0.078479
124 125 -0.825098
124 134 1.300267
124 224 0.364977
125 126 -1.144530
125 135 -0.797453
125 225 -0.461847
126 127 -0.584653
126 136 -0.299051
126 226 -0.455253
127 128 0.465088
127 137 1.776788
127 227 1.250496
128 129 -1.616285
128 138 0.498262
128 228 1.290904
129 120 -0.506615
129 139 -0.402052
129 229 0.050877
130 131 0.214747
130 140 -1.155318
130 230 1.538573
131 132 -0.510004
131 141 -0.328028
131 231 0.628399
132 133 -1.175850
132 142 -0.385892
132 232 -0.599549
133 134 0.243857
133 143 -1.609421
133 233 -0.040939
134 135 -0.255734
134 144 -0.441422
134 234 -0.069286
135 136 0.998135
135 145 -1.504249
135 235 -0.124354
136 137 0.724519
136 146 0.077147
136 236 -1.956270
137 138 -1.015957
137 147 0.762800
137 237 0.097084
138 139 1.101614
138 148 -1.219400
138 238 0.079815
139 130 0.776190
139 149 -0.426829
139 239 -0.224402
140 141 0.308152
140 150 -1.828570
140 240 0.283673
141 142 -0.191931
141 151 0.166559
141 241 -1.087529
142 143 -1.579621
142 152 -0.004734
142 242 -0.409984
143 144 0.261243
143 153 1.700254
143 243 -0.664388
144 145 0.248605
144 154 -0.584851
144 244 0.045752
145 146 -0.243111
145 155 1.043537
145 245 0.569091
146 147 -0.330489
146 156 -0.806140
146 246 1.239252
147 148 -1.295016
147 157 0.557902
147 247 -1.170763
148 149 -2.150127
148 158 0.424651
148 248 0.179062
149 140 -0.309383
149 159 -1.050235
149 249 -0.439675
150 151 1.888530
150 160 -0.851674
150 250 0.002497
151 152 0.436147
151 161 0.416354
151 251 0.684641
152 153 0.056257
152 162 0.018428
152 252 -1.486337
153 154 -0.998968
153 163 0.005588
153 253 0.230642
154 155 -0.183228
154 164 2.136436
154 254 -0.215754
155 156 0.095540
155 165 0.451370
155 255 0.740088
156 157 -1.527684
156 166 -0.892306
156 256 -1.343813
157 158 2.055977
157 167 -1.193209
157 257 0.415485
158 159 -1.316796
158 168 1.317466
158 258 -0.789140
159 150 -0.820335
159 169 -1.227791
159 259 -2.614575
160 161 -1.650311
160 170 0.246865
160 260 -0.956196
161 162 2.189225
161 171 0.209665
161 261 -1.645024
162 163 -0.120177
162 172 -0.005211
162 262 -0.570116
163 164 -1.601201
163 173 0.547732
163 263 -1.224005
164 165 1.996494
164 174 -1.011395
164 264 1.846488
165 166 -0.264565
165 175 -0.367567
165 265 0.025703
166 167 1.589522
166 176 0.014880
166 266 -0.459705
167 168 -0.513873
167 177 -0.960055
167 267 1.725061
168 169 0.069854
168 178 0.417200
168 268 1.396460
169 160 1.022875
169 179 -1.738350
169 269 0.000110
170 171 -1.176460
170 180 -0.089897
170 270 -0.014344
171 172 0.445284
171 181 2.322725
171 271 1.424218
172 173 -0.351118
172 182 -0.909216
172 272 0.186058
173 174 0.185333
173 183 -1.478820
173 273 0.983721
174 175 1.337497
174 184 -0.745521
174 274 1.431394
175 176 -1.045320
175 185 -1.294390
175 275 -0.039356
176 177 -0.482602
176 186 -1.419662
176 276 -1.094031
177 178 0.665694
177 187 1.187514
177 277 -1.054607
178 179 -1.674153
178 188 -0.452914
178 278 -0.310847
179 170 -0.479616
179 189 -0.720749
179 279 1.253033
180 181 -1.112530
180 190 0.369450
180 280 -2.355296
181 182 0.737853
181 191 0.522345
181 281 0.085082
182 183 0.312906
182 192 0.400969
182 282 0.962727
183 184 -0.457040
183 193 0.046249
183 283 1.093080
184 185 -0.678717
184 194 -0.551783
184 284 -0.041438
185 186 0.028603
185 195 3.267991
185 285 -0.572010
186 187 -1.757157
186 196 0.831234
186 286 0.502571
187 188 0.023373
187 197 0.015645
187 287 -0.680614
188 189 -1.394403
188 198 -0.704127
188 288 -1.000492
189 180 1.001758
189 199 -0.122850
189 289 0.593502
190 191 -0.293142
190 100 0.655515
190 290 -1.128027
191 192 -0.228094
191 101 -0.013305
191 291 0.120372
192 193 0.864393
192 102 -1.050624
192 292 0.662203
193 194 0.790199
193 103 -0.759813
193 293 -0.076865
194 195 -0.644721
194 104 -1.705792
194 294 1.110696
195 196 0.965677
195 105 -2.511699
195 295 -0.869280
196 197 -0.222165
196 106 -1.187817
196 296 1.085413
197 198 0.887952
197 107 -0.228085
197 297 -1.344698
198 199 0.058611
198 108 1.336632
198 298 -0.332938
199 190 0.155806
199 109 -1.890882
199 299 -0.208799
200 201 1.380828
200 210 0.368739
200 300 0.362398
201 202 -2.130633
201 211 1.476802
201 301 -0.491252
202 203 -1.242451
202 212 -0.538346
202 302 0.570242
203 204 2.365432
203 213 0.507317
203 303 -0.348999
204 205 -0.095359
204 214 -1.119731
204 304 -0.839138
205 206 1.321693
205 215 0.019241
205 305 1.568711
206 207 -0.216270
206 216 -0.419137
206 306 0.804678
207 208 0.211755
207 217 -1.214713
207 307 -0.287632
208 209 -0.265592
208 218 0.477706
208 308 -0.775430
209 200 2.509773
209 219 0.987506
209 309 0.829481
210 211 -1.243790
210 220 0.133071
210 310 -1.643178
211 212 -0.732850
211 221 -0.424571
211 311 -0.592712
212 213 0.681901
212 222 -0.459764
212 312 -0.704101
213 214 -0.043761
213 223 0.947788
213 313 -0.416651
214 215 1.566852
214 224 1.085451
214 314 0.201270
215 216 -0.031984
215 225 0.799270
215 315 1.618584
216 217 0.656605
216 226 -0.697561
216 316 -0.176589
217 218 0.459795
217 227 -0.034509
217 317 0.629705
218 219 1.133330
218 228 0.586620
218 318 -0.211098
219 210 0.308576
219 229 0.072648
219 319 0.453962
220 221 0.061010
220 230 -1.848399
220 320 0.897029
221 222 -0.229560
221 231 -0.459932
221 321 0.661782
222 223 0.640225
222 232 0.245330
222 322 0.175870
223 224 -0.648182
223 233 1.880641
223 323 0.189384
224 225 0.036014
224 234 -2.657066
224 324 0.880868
225 226 -0.059688
225 235 0.725612
225 325 1.285510
226 227 1.975128
226 236 -0.294069
226 326 -0.039543
227 228 0.661851
227 237 0.209262
227 327 0.127959
228 229 -1.035819
228 238 0.127880
228 328 -1.836507
229 220 -0.148034
229 239 -0.400387
229 329 -0.363697
230 231 -0.256989
230 240 0.538653
230 330 -0.123549
231 232 -1.430606
231 241 0.023860
231 331 -0.073551
232 233 -0.840350
232 242 -0.293842
232 332 -0.059421
233 234 0.108128
233 243 -0.536290
233 333 -0.260261
234 235 -0.529688
234 244 -1.420591
234 334 0.458176
235 236 -0.690362
235 245 0.390605
235 335 0.669189
236 237 -1.264511
236 246 0.258763
236 336 -0.378945
237 238 0.401717
237 247 -0.835315
237 337 0.537844
238 239 -0.614421
238 248 0.044672
238 338 1.269111
239 230 -0.463023
239 249 1.055496
239 339 0.032915
240 241 -0.131349
240 250 0.317468
240 340 -0.051448
241 242 -2.253964
241 251 -0.848598
241 341 1.500568
242 243 -1.131968
242 252 -0.565459
242 342 2.037450
243 244 -0.235506
243 253 1.213568
243 343 1.047642
244 245 0.718125
244 254 -0.269928
244 344 2.107348
245 246 -1.186029
245 255 -0.371106
245 345 0.798323
246 247 1.756083
246 256 0.906773
246 346 -2.517054
247 248 1.615893
247 257 0.134208
247 347 1.239704
248 249 0.032474
248 258 0.268100
248 348 -0.542208
249 240 -0.854666
249 259 -0.284072
249 349 0.939352
250 251 -0.112898
250 260 -1.934506
250 350 -0.039991
251 252 -0.326964
251 261 0.377959
251 351 -0.704070
252 253 -0.104487
252 262 -0.055655
252 352 -0.217011
253 254 0.775202
253 263 0.165494
253 353 -0.710407
254 255 0.736703
254 264 -0.529716
254 354 -0.167417
255 256 1.273877
255 265 0.543179
255 355 -0.521191
256 257 0.637478
256 266 -0.612798
256 356 1.072974
257 258 -0.506037
257 267 0.012852
257 357 -0.361240
258 259 0.160439
258 268 1.310563
258 358 -2.256942
259 250 1.673240
259 269 -0.660142
259 359 -0.233820
260 261 -1.075033
260 270 -1.011830
260 360 -1.029571
261 262 0.315622
261 271 0.502617
261 361 0.839105
262 263 1.702416
262 272 -0.737640
262 362 1.934036
263 264 -0.242100
263 273 0.934020
263 363 2.213907
264 265 0.722023
264 274 -0.409346
264 364 1.386459
265 266 0.572626
265 275 0.463973
265 365 0.074684
266 267 -0.387004
266 276 1.492014
266 366 0.970317
267 268 0.837982
267 277 -0.780675
267 367 -2.908665
268 269 0.406145
268 278 0.937424
268 368 0.489409
269 260 -0.719560
269 279 2.132032
269 369 -0.113820
270 271 0.353572
270 280 0.853493
270 370 0.500147
271 272 -0.622294
271 281 0.576474
271 371 0.252732
272 273 -1.670100
272 282 1.031714
272 372 0.016745
273 274 -2.484118
273 283 0.854691
273 373 0.450827
274 275 -0.529036
274 284 -0.220360
274 374 0.976818
275 276 -0.548365
275 285 0.402703
275 375 -0.090683
276 277 0.113137
276 286 0.487005
276 376 -0.337513
277 278 -0.590752
277 287 -0.164383
277 377 -0.419330
278 279 -0.527099
278 288 0.463357
278 378 0.696724
279 270 0.188554
279 289 0.277124
279 379 0.559777
280 281 -1.089187
280 290 -1.174471
280 380 -0.522927
281 282 -0.444445
281 291 0.111854
281 381 0.462224
282 283 -0.608996
282 292 -0.040169
282 382 -1.134604
283 284 -0.040771
283 293 0.744957
283 383 -0.820488
284 285 -0.457060
284 294 2.352624
284 384 -0.767988
285 286 -1.376168
285 295 -0.107764
285 385 -0.371795
286 287 -0.245225
286 296 0.568613
286 386 -0.538958
287 288 -0.467975
287 297 0.885339
287 387 0.830964
288 289 1.653753
288 298 -0.140621
288 388 0.475506
289 280 1.407201
289 299 0.539160
289 389 -1.258648
290 291 0.905342
290 200 0.779757
290 390 -0.014463
291 292 0.539586
291 201 -0.292069
291 391 1.434948
292 293 -0.656384
292 202 1.201824
292 392 -0.732994
293 294 0.766568
293 203 0.459244
293 393 -0.007650
294 295 0.045486
294 204 -1.555785
294 394 -1.094181
295 296 0.839008
295 205 0.755855
295 395 0.060558
296 297 -0.756907
296 206 0.837483
296 396 -0.308001
297 298 0.871407
297 207 -2.702898
297 397 -0.945871
298 299 0.310635
298 208 0.273601
298 398 0.525212
299 290 -0.567880
299 209 0.640689
299 399 0.340147
300 301 0.144919
300 310 1.031051
300 400 0.787431
301 302 1.283408
301 311 -1.349912
301 401 -0.504023
302 303 -0.419529
302 312 1.287416
302 402 -0.284779
303 304 0.620244
303 313 0.157600
303 403 -0.837626
304 305 -0.956703
304 314 0.253562
304 404 -0.962716
305 306 -1.553158
305 315 -0.766839
305 405 0.501868
306 307 -0.733112
306 316 -0.099138
306 406 -0.894106
307 308 -0.337722
307 317 0.017777
307 407 0.084688
308 309 -0.015023
308 318 0.210895
308 408 -0.558413
309 300 -0.042903
309 319 0.707826
309 409 0.746842
310 311 1.138302
310 320 -0.292025
310 410 -0.289301
311 312 0.294320
311 321 2.103900
311 411 -1.384346
312 313 0.588798
312 322 1.142014
312 412 0.447490
313 314 -0.475257
313 323 0.285126
313 413 0.849820
314 315 -0.336661
314 324 -0.182921
314 414 1.926019
315 316 1.496750
315 325 1.187223
315 415 0.055339
316 317 -0.770282
316 326 -0.807361
316 416 -0.411312
317 318 -0.145708
317 327 0.268649
317 417 0.726463
318 319 -0.506879
318 328 -0.217570
318 418 0.993352
319 310 0.191172
319 329 -0.881848
319 419 2.057309
320 321 -0.293220
320 330 0.984339
320 420 -0.135194
321 322 -0.036044
321 331 0.753318
321 421 0.468659
322 323 0.070581
322 332 -0.758430
322 422 0.886416
323 324 0.511792
323 333 0.406650
323 423 0.629007
324 325 -0.193130
324 334 -0.098389
324 424 0.198313
325 326 0.522362
325 335 -0.422802
325 425 0.092035
326 327 1.450475
326 336 -2.009832
326 426 -0.625506
327 328 0.496176
327 337 -1.546166
327 427 -0.779677
328 329 0.393301
328 338 2.452228
328 428 -0.607377
329 320 0.775037
329 339 -1.556757
329 429 -0.522029
330 331 -0.942135
330 340 -2.203915
330 430 -0.028532
331 332 1.873975
331 341 -1.167942
331 431 1.856587
332 333 -1.582937
332 342 -0.216054
332 432 -0.650294
333 334 -1.837532
333 343 0.194233
333 433 0.940892
334 335 -0.038910
334 344 0.394868
334 434 1.247270
335 336 -0.125160
335 345 -0.416457
335 435 0.617597
336 337 1.405816
336 346 -1.274161
336 436 1.750184
337 338 -0.166909
337 347 0.906732
337 437 -1.701294
338 339 -0.228251
338 348 -0.117050
338 438 0.548431
339 330 -0.867710
339 349 0.846631
339 439 0.426253
340 341 0.849601
340 350 0.631703
340 440 0.881899
341 342 0.181978
341 351 0.175566
341 441 0.246044
342 343 -0.055504
342 352 1.379345
342 442 0.818734
343 344 1.109567
343 353 -0.460458
343 443 0.627434
344 345 -0.581844
344 354 0.424186
344 444 0.083225
345 346 1.518749
345 355 1.264943
345 445 -0.428618
346 347 -1.593381
346 356 -0.138123
346 446 -0.642332
347 348 -0.473584
347 357 -0.877061
347 447 -1.401556
348 349 0.043288
348 358 0.130007
348 448 0.116421
349 340 -1.431267
349 359 -1.995164
349 449 -2.175340
350 351 0.557306
350 360 1.179591
350 450 -0.151503
351 352 1.650319
351 361 2.028828
351 451 -0.233646
352 353 1.812740
352 362 1.718953
352 452 -0.978464
353 354 0.418431
353 363 -0.517572
353 453 0.157577
354 355 -1.043901
354 364 -0.765764
354 454 1.290474
355 356 -0.296282
355 365 -0.817234
355 455 -0.264868
356 357 -0.007280
356 366 0.663414
356 456 2.424714
357 358 -0.295221
357 367 0.492147
357 457 -0.182152
358 359 -0.500913
358 368 1.250268
358 458 1.828003
359 350 0.408079
359 369 -0.428648
359 459 -1.401631
360 361 -0.409061
360 370 0.555495
360 460 1.357180
361 362 1.329760
361 371 -0.222673
361 461 0.714347
362 363 0.298986
362 372 0.565358
362 462 1.091817
363 364 -0.544030
363 373 0.099783
363 463 -0.006276
364 365 0.043167
364 374 -2.178527
364 464 1.711204
365 366 -0.416052
365 375 0.528829
365 465 0.729770
366 367 -0.187871
366 376 -0.804326
366 466 -0.052419
367 368 0.228302
367 377 -0.789198
367 467 0.192881
368 369 0.228857
368 378 -1.958879
368 468 0.217972
369 360 -1.768538
369 379 0.323894
369 469 1.046986
370 371 -0.013935
370 380 -0.755913
370 470 -1.040310
371 372 -0.285276
371 381 -0.089815
371 471 -0.980334
372 373 1.037227
372 382 -1.022080
372 472 0.688883
373 374 0.270545
373 383 -0.067311
373 473 -1.219224
374 375 -0.309981
374 384 -0.325146
374 474 0.816546
375 376 0.954967
375 385 0.426596
375 475 1.310970
376 377 -1.563051
376 386 0.340496
376 476 -1.210983
377 378 -0.909806
377 387 0.224046
377 477 -0.996438
378 379 -0.241993
378 388 1.497312
378 478 0.718619
379 370 -1.644430
379 389 -0.894516
379 479 0.432146
380 381 0.592262
380 390 0.850583
380 480 -0.910463
381 382 0.508896
381 391 0.210223
381 481 -0.019114
382 383 -0.604545
382 392 0.447379
382 482 1.704803
383 384 0.570182
383 393 -0.730166
383 483 -0.683824
384 385 0.001585
384 394 0.396541
384 484 1.777314
385 386 -0.812508
385 395 0.012124
385 485 1.018943
386 387 -2.582106
386 396 -0.747144
386 486 -2.664226
387 388 0.692379
387 397 0.157174
387 487 0.334693
388 389 0.017833
388 398 -1.051998
388 488 1.438741
389 380 -0.524191
389 399 0.618653
389 489 -0.418764
390 391 -0.620605
390 300 0.320342
390 490 0.051129
391 392 0.314189
391 301 0.776597
391 491 -2.049934
392 393 0.002248
392 302 1.384523
392 492 0.987823
393 394 0.159592
393 303 -0.704339
393 493 1.916984
394 395 -0.898747
394 304 0.364056
394 494 -0.318402
395 396 -0.820448
395 305 0.535018
395 495 -1.023842
396 397 -0.301807
396 306 0.175307
396 496 1.440233
397 398 1.053785
397 307 0.409197
397 497 0.421191
398 399 1.240703
398 308 1.437008
398 498 0.842595
399 390 0.397666
399 309 -0.526806
399 499 -1.151783
400 401 -0.524917
400 410 1.144019
400 500 -1.182084
401 402 0.305930
401 411 -0.362911
401 501 -0.846814
402 403 -1.311101
402 412 -0.019421
402 502 -0.584199
403 404 -0.695570
403 413 1.390393
403 503 -0.170896
404 405 0.547600
404 414 0.488492
404 504 -1.017017
405 406 2.240625
405 415 0.039933
405 505 0.948362
406 407 0.947727
406 416 1.485817
406 506 0.947186
407 408 0.095492
407 417 0.589178
407 507 -0.899620
408 409 -0.530903
408 418 1.002931
408 508 -0.093028
409 400 0.060193
409 419 1.351592
409 509 1.551186
410 411 0.540107
410 420 0.729441
410 510 -0.151610
411 412 0.117393
411 421 -1.179164
411 511 1.040792
412 413 -0.823361
412 422 0.435468
412 512 0.388794
413 414 -0.355265
413 423 -0.790170
413 513 -0.609415
414 415 0.146853
414 424 -0.410222
414 514 -0.679190
415 416 0.439793
415 425 0.330207
415 515 -0.087171
416 417 -0.983913
416 426 1.375671
416 516 -0.197338
417 418 1.416638
417 427 -0.728678
417 517 -0.188104
418 419 1.085874
418 428 -1.164906
418 518 1.963967
419 410 -1.685321
419 429 0.377672
419 519 1.012605
420 421 0.372938
420 430 0.788302
420 520 -0.536189
421 422 -0.886754
421 431 0.605793
421 521 -0.428452
422 423 -0.824466
422 432 1.186402
422 522 0.644937
423 424 -0.256749
423 433 -0.516072
423 523 0.980561
424 425 1.213432
424 434 0.204438
424 524 -0.289420
425 426 -2.366180
425 435 0.416010
425 525 -1.688402
426 427 0.839379
426 436 0.652175
426 526 -0.259059
427 428 -0.897855
427 437 2.321309
427 527 1.480481
428 429 0.326727
428 438 -0.623037
428 528 0.935638
429 420 0.271068
429 439 0.215572
429 529 0.189616
430 431 2.354721
430 440 1.271492
430 530 -1.668851
431 432 0.225491
431 441 0.510843
431 531 -0.318384
432 433 -0.511753
432 442 -0.858701
432 532 -1.718532
433 434 -0.069727
433 443 0.005230
433 533 -0.883429
434 435 -0.644601
434 444 0.175375
434 534 0.496494
435 436 -0.707168
435 445 0.568446
435 535 3.548171
436 437 -0.027684
436 446 1.147487
436 536 1.565759
437 438 1.290668
437 447 0.350435
437 537 1.192556
438 439 0.974029
438 448 -1.053978
438 538 -0.048469
439 430 -0.534130
439 449 -0.291087
439 539 -0.648286
440 441 0.049036
440 450 -2.253501
440 540 1.294697
441 442 0.761839
441 451 -0.828912
441 541 -0.678890
442 443 -1.532999
442 452 -0.302683
442 542 -0.713445
443 444 -1.082226
443 453 0.234939
443 543 0.723911
444 445 2.462743
444 454 1.148488
444 544 2.557737
445 446 0.334388
445 455 0.019830
445 545 1.099172
446 447 -1.328815
446 456 -1.615404
446 546 -0.051741
447 448 1.219220
447 457 -3.291207
447 547 1.628811
448 449 -0.228306
448 458 -2.299251
448 548 2.036582
449 440 0.978156
449 459 1.196862
449 549 0.576108
450 451 -0.341942
450 460 -1.071960
450 550 1.929167
451 452 -0.489833
451 461 -0.300510
451 551 1.372847
452 453 -0.074947
452 462 0.391856
452 552 1.257425
453 454 -1.643390
453 463 -0.935922
453 553 -1.970587
454 455 0.696779
454 464 -0.676514
454 554 -1.547364
455 456 1.233646
455 465 -0.296125
455 555 1.164329
456 457 0.016713
456 466 1.249017
456 556 0.666539
457 458 -0.196336
457 467 -2.783071
457 557 -0.707768
458 459 0.316944
458 468 -0.796932
458 558 1.109074
459 450 0.766255
459 469 0.993379
459 559 0.396027
460 461 1.560350
460 470 -0.273462
460 560 -0.571473
461 462 0.567283
461 471 0.419196
461 561 0.853832
462 463 0.906242
462 472 0.067391
462 562 0.251286
463 464 -1.990552
463 473 0.020873
463 563 -0.680086
464 465 -0.531018
464 474 0.786126
464 564 -0.455764
465 466 0.024053
465 475 1.044062
465 565 -0.414296
466 467 -0.395791
466 476 0.233722
466 566 -0.891125
467 468 -0.208176
467 477 0.585804
467 567 0.628928
468 469 1.496382
468 478 -0.537445
468 568 0.004718
469 460 0.324909
469 479 0.437593
469 569 -2.533500
470 471 -0.909712
470 480 -1.406322
470 570 0.348183
471 472 1.367433
471 481 -1.369506
471 571 0.128116
472 473 -0.033525
472 482 1.191664
472 572 -0.235788
473 474 -0.490824
473 483 -0.905773
473 573 -0.519369
474 475 -0.109725
474 484 0.023047
474 574 0.584651
475 476 0.737494
475 485 0.740649
475 575 0.616455
476 477 0.476499
476 486 0.084855
476 576 -0.185732
477 478 1.044019
477 487 -0.905544
477 577 0.698878
478 479 0.153861
478 488 0.764253
478 578 0.850642
479 470 -0.798896
479 489 1.754789
479 579 -0.515030
480 481 0.231555
480 490 -1.433659
480 580 1.129236
481 482 -0.215627
481 491 1.117017
481 581 -0.567559
482 483 0.602748
482 492 0.921635
482 582 0.647665
483 484 -1.524877
483 493 0.728556
483 583 -0.258252
484 485 -0.737302
484 494 0.863354
484 584 -1.229531
485 486 -0.831039
485 495 -0.577355
485 585 -0.508356
486 487 -0.283186
486 496 -0.280268
486 586 -0.357634
487 488 -0.388043
487 497 -1.602435
487 587 0.244595
488 489 -0.950699
488 498 -0.112788
488 588 -1.837758
489 480 -0.594106
489 499 0.555798
489 589 -0.257567
490 491 0.202582
490 400 -0.390642
490 590 -0.805638
491 492 2.922182
491 401 -1.634827
491 591 0.752414
492 493 -1.177951
492 402 1.111601
492 592 -0.088776
493 494 1.152205
493 403 0.163429
493 593 -0.116272
494 495 -1.182396
494 404 -0.559212
494 594 -0.279076
495 496 1.181319
495 405 0.397009
495 595 0.314645
496 497 -0.385753
496 406 -1.322932
496 596 0.353016
497 498 0.169798
497 407 1.786623
497 597 -0.385136
498 499 -0.899649
498 408 0.570007
498 598 0.450321
499 490 2.564071
499 409 1.061585
499 599 0.156802
500 501 -0.802685
500 510 -0.243015
500 600 1.150587
501 502 -2.710605
501 511 1.392634
501 601 -1.160466
502 503 -1.554490
502 512 -0.193679
502 602 -0.842773
503 504 -0.687185
503 513 -0.786877
503 603 -1.187189
504 505 -0.987347
504 514 0.433752
504 604 -0.655973
505 506 -1.384607
505 515 -0.077384
505 605 -0.561518
506 507 -0.225255
506 516 0.107282
506 606 -0.286768
507 508 -0.334216
507 517 1.131100
507 607 0.849435
508 509 -0.308835
508 518 -1.795376
508 608 2.965434
509 500 -0.191056
509 519 0.700222
509 609 1.875638
510 511 -0.813936
510 520 0.334415
510 610 -0.792239
511 512 -1.171296
511 521 2.557362
511 611 0.220200
512 513 1.142721
512 522 1.586882
512 612 -0.006563
513 514 -1.918679
513 523 -0.049629
513 613 -0.638136
514 515 -0.187350
514 524 -1.769449
514 614 -0.643240
515 516 -1.122432
515 525 -0.540792
515 615 0.192101
516 517 1.619760
516 526 -0.193653
516 616 -1.123584
517 518 -1.018032
517 527 -0.915057
517 617 -0.508016
518 519 0.882890
518 528 -0.542664
518 618 -0.645071
519 510 0.000805
519 529 -0.445579
519 619 1.697195
520 521 -0.261075
520 530 -0.946389
520 620 0.318992
521 522 0.084387
521 531 0.333389
521 621 0.253753
522 523 1.130733
522 532 -0.716084
522 622 0.057972
523 524 -0.529036
523 533 -0.627984
523 623 0.246563
524 525 0.572690
524 534 1.372875
524 624 -1.111022
525 526 3.086683
525 535 -0.477647
525 625 0.010732
526 527 0.005291
526 536 0.742973
526 626 0.820384
527 528 1.278490
527 537 -0.149601
527 627 1.038687
528 529 -0.192376
528 538 -0.238561
528 628 -0.747255
529 520 1.658185
529 539 -1.908011
529 629 2.137102
530 531 0.512163
530 540 -0.002592
530 630 0.333764
531 532 0.527003
531 541 0.404701
531 631 0.777587
532 533 -2.624863
532 542 0.124947
532 632 0.094141
533 534 1.385900
533 543 -1.240996
533 633 -0.254748
534 535 -1.580009
534 544 -0.162349
534 634 1.240261
535 536 0.851821
535 545 -0.663028
535 635 2.175067
536 537 1.033894
536 546 -1.307020
536 636 0.343013
537 538 -0.405966
537 547 0.982172
537 637 1.077382
538 539 -1.146481
538 548 -1.102703
538 638 -0.286324
539 530 -2.250175
539 549 -0.360482
539 639 -2.175182
540 541 -2.140853
540 550 -0.779025
540 640 1.593984
541 542 1.290707
541 551 0.154085
541 641 -1.378010
542 543 -2.001953
542 552 0.126155
542 642 0.893824
543 544 1.109527
543 553 1.537956
543 643 -1.072950
544 545 -0.339633
544 554 -0.234966
544 644 1.261389
545 546 -1.147382
545 555 -0.067610
545 645 0.137036
546 547 2.525709
546 556 -0.429474
546 646 -0.863516
547 548 -0.782913
547 557 -0.198372
547 647 -0.511770
548 549 -0.523892
548 558 0.269731
548 648 0.302533
549 540 -0.589709
549 559 -0.793687
549 649 -0.017951
550 551 0.014077
550 560 -0.294988
550 650 -1.983031
551 552 0.647010
551 561 -0.770573
551 651 -1.367973
552 553 0.084499
552 562 -0.505201
552 652 -0.921620
553 554 -1.495141
553 563 -1.242378
553 653 0.825079
554 555 1.349577
554 564 -0.088105
554 654 -0.228568
555 556 0.631198
555 565 -1.079872
555 655 0.382602
556 557 1.029974
556 566 0.588088
556 656 -2.371643
557 558 1.368797
557 567 0.615542
557 657 -1.692683
558 559 -0.370821
558 568 0.126252
558 658 0.935792
559 550 1.541566
559 569 1.140263
559 659 -0.958475
560 561 0.180943
560 570 1.467496
560 660 -1.069111
561 562 0.853387
561 571 -1.477795
561 661 -0.042452
562 563 0.526938
562 572 0.720850
562 662 0.821006
563 564 0.454094
563 573 0.753903
563 663 -0.077466
564 565 -1.218260
564 574 1.957585
564 664 0.540466
565 566 0.465550
565 575 0.337055
565 665 0.987181
566 567 0.744025
566 576 -0.198835
566 666 0.410898
567 568 -0.217485
567 577 -0.561255
567 667 -2.560234
568 569 -0.525483
568 578 -0.091449
568 668 -0.512727
569 560 1.493585
569 579 0.001962
569 669 -0.281154
570 571 -0.563310
570 580 -0.838707
570 670 0.441819
571 572 1.758637
571 581 0.828260
571 671 -0.311381
572 573 0.198889
572 582 0.448287
572 672 0.892349
573 574 -0.224945
573 583 -1.036628
573 673 0.438928
574 575 0.635668
574 584 0.866681
574 674 0.225716
575 576 0.475680
575 585 0.021413
575 675 1.036960
576 577 0.695298
576 586 0.274071
576 676 1.225398
577 578 -0.529881
577 587 -0.965109
577 677 -0.536782
578 579 0.846575
578 588 0.380071
578 678 0.955325
579 570 0.584665
579 589 0.018805
579 679 0.031803
580 581 -1.254182
580 590 -0.116742
580 680 1.219113
581 582 1.627288
581 591 -0.470222
581 681 -1.729202
582 583 0.618017
582 592 1.236619
582 682 -0.838915
583 584 -1.486187
583 593 -0.434464
583 683 -0.778858
584 585 0.812717
584 594 -2.678771
584 684 1.361914
585 586 0.749135
585 595 0.319527
585 685 0.301163
586 587 1.132328
586 596 0.420586
586 686 0.806497
587 588 -0.394114
587 597 -0.357923
587 687 0.608359
588 589 0.452451
588 598 0.022151
588 688 -0.813803
589 580 -2.024192
589 599 0.154461
589 689 1.188682
590 591 -0.608078
590 500 0.526738
590 690 -1.083340
591 592 0.196904
591 501 -0.649231
591 691 1.219634
592 593 0.462499
592 502 1.937004
592 692 -0.917237
593 594 -0.036879
593 503 -0.804977
593 693 -1.019513
594 595 1.404640
594 504 -0.339899
594 694 -0.804944
595 596 -1.070704
595 505 0.460808
595 695 -2.576586
596 597 -1.160557
596 506 1.475200
596 696 -1.243050
597 598 -0.830397
597 507 -0.479633
597 697 0.043938
598 599 -0.186955
598 508 1.408956
598 698 0.448116
599 590 0.739816
599 509 0.232594
599 699 -0.946400
600 601 -0.284875
600 610 -0.081765
600 700 -0.906415
601 602 -1.531336
601 611 -0.878580
601 701 -0.801396
602 603 -0.246034
602 612 -1.021759
602 702 -0.986287
603 604 -0.189113
603 613 1.096534
603 703 0.053254
604 605 0.008916
604 614 -1.066392
604 704 -0.983591
605 606 -0.411100
605 615 0.284419
605 705 0.223678
606 607 -0.572225
606 616 1.006262
606 706 -0.797295
607 608 -0.890945
607 617 0.275036
607 707 1.251594
608 609 0.936638
608 618 -0.227379
608 708 -0.852432
609 600 -0.274333
609 619 -1.662626
609 709 1.636311
610 611 0.754795
610 620 -0.074577
610 710 -0.967215
611 612 1.155408
611 621 0.690347
611 711 -0.414695
612 613 -0.553747
612 622 0.041961
612 712 -0.486638
613 614 0.765435
613 623 -0.426865
613 713 -1.285113
614 615 -1.041970
614 624 -0.833203
614 714 -0.448879
615 616 2.492091
615 625 1.004184
615 715 0.234863
616 617 -0.859969
616 626 -0.367393
616 716 0.356853
617 618 1.340586
617 627 0.110433
617 717 -0.435923
618 619 -0.448626
618 628 -0.102699
618 718 -0.760173
619 610 0.680323
619 629 -1.673491
619 719 -0.590295
620 621 -2.149918
620 630 0.103944
620 720 -0.575889
621 622 -0.210836
621 631 -1.742282
621 721 -0.163191
622 623 -1.380798
622 632 -1.433773
622 722 1.129280
623 624 0.234586
623 633 0.703048
623 723 0.856724
624 625 1.706021
624 634 0.692327
624 724 0.053797
625 626 0.930992
625 635 0.393150
625 725 2.035414
626 627 0.100357
626 636 0.226803
626 726 -0.509940
627 628 -0.699882
627 637 -0.073601
627 727 1.468663
628 629 0.021811
628 638 -1.006501
628 728 0.298947
629 620 1.147416
629 639 -1.312635
629 729 -1.151058
630 631 -0.531355
630 640 0.095600
630 730 1.064371
631 632 -0.674653
631 641 -1.036291
631 731 0.117094
632 633 0.184229
632 642 1.554064
632 732 1.158655
633 634 0.819492
633 643 -0.180399
633 733 -0.714800
634 635 -0.791891
634 644 0.024235
634 734 -0.924588
635 636 0.978609
635 645 -0.554208
635 735 -0.711310
636 637 0.455208
636 646 -0.423219
636 736 -0.613390
637 638 0.686718
637 647 0.972545
637 737 -1.293446
638 639 -2.165418
638 648 -1.419946
638 738 -2.447458
639 630 -1.103726
639 649 1.250358
639 739 1.314688
640 641 -1.166394
640 650 -1.090041
640 740 -0.154079
641 642 -1.710748
641 651 -0.897291
641 741 -0.298194
642 643 0.084888
642 652 0.001709
642 742 -2.424634
643 644 -1.069335
643 653 0.254501
643 743 -1.777466
644 645 -1.649846
644 654 -1.124545
644 744 0.339308
645 646 0.067822
645 655 -1.077943
645 745 -0.087897
646 647 -0.485613
646 656 0.367728
646 746 0.291938
647 648 -0.632772
647 657 -0.241134
647 747 -0.589526
648 649 -0.250720
648 658 -0.239184
648 748 -0.909568
649 640 -0.988188
649 659 0.754943
649 749 -0.256422
650 651 0.381887
650 660 -1.067625
650 750 1.219524
651 652 -0.200531
651 661 1.014349
651 751 -0.856059
652 653 -0.349778
652 662 0.569228
652 752 0.629931
653 654 0.480940
653 663 1.446013
653 753 -0.014379
654 655 -2.315769
654 664 -1.144782
654 754 -0.407932
655 656 0.775835
655 665 -0.545843
655 755 0.001253
656 657 0.916150
656 666 -0.480363
656 756 1.405066
657 658 -0.370234
657 667 -0.124051
657 757 2.693115
658 659 -1.604892
658 668 0.324778
658 758 1.528286
659 650 -0.096750
659 669 -0.275326
659 759 0.602171
660 661 0.858893
660 670 -0.167241
660 760 1.781747
661 662 1.717740
661 671 -0.388416
661 761 1.138510
662 663 -0.679566
662 672 0.378545
662 762 1.811189
663 664 1.136256
663 673 -1.312398
663 763 0.245195
664 665 2.359355
664 674 -0.368955
664 764 -0.612914
665 666 -1.300659
665 675 0.192406
665 765 -0.351508
666 667 0.244204
666 676 1.249866
666 766 0.414439
667 668 0.581261
667 677 0.586465
667 767 1.224988
668 669 0.885354
668 678 0.048485
668 768 1.020665
669 660 -0.205798
669 679 0.006094
669 769 0.773260
670 671 1.401657
670 680 -1.115905
670 770 0.933511
671 672 1.064818
671 681 -1.050936
671 771 -0.607674
672 673 -0.385338
672 682 0.653979
672 772 1.395123
673 674 0.443281
673 683 0.859860
673 773 -0.061124
674 675 -0.035893
674 684 -1.161242
674 774 -0.451512
675 676 -0.657972
675 685 0.368551
675 775 -1.748657
676 677 0.277476
676 686 -1.029686
676 776 0.993420
677 678 -0.324528
677 687 -1.430628
677 777 0.308656
678 679 -1.394678
678 688 1.054987
678 778 -1.375092
679 670 0.800718
679 689 -2.332713
679 779 0.150841
680 681 1.849769
680 690 -1.143193
680 780 -0.519690
681 682 -0.786215
681 691 -0.519348
681 781 -0.878138
682 683 -0.641686
682 692 -0.373471
682 782 0.452750
683 684 -1.611202
683 693 2.474430
683 783 -0.208070
684 685 -1.404809
684 694 -1.845490
684 784 -0.546725
685 686 -0.749096
685 695 0.208145
685 785 -0.362759
686 687 -1.613606
686 696 -0.560138
686 786 -0.609967
687 688 1.723700
687 697 2.112188
687 787 0.180153
688 689 1.231665
688 698 1.341270
688 788 -1.717278
689 680 0.969803
689 699 -1.075321
689 789 -1.145278
690 691 -0.123611
690 600 1.478918
690 790 0.088069
691 692 1.284326
691 601 -0.905541
691 791 0.269102
692 693 -1.186894
692 602 0.767078
692 792 0.424937
693 694 0.265374
693 603 0.509903
693 793 0.604567
694 695 -0.814001
694 604 -0.260599
694 794 -0.660031
695 696 -1.199829
695 605 0.769778
695 795 0.897241
696 697 -1.103279
696 606 -1.052865
696 796 0.405293
697 698 0.597801
697 607 0.016572
697 797 0.567453
698 699 -0.139106
698 608 0.488517
698 798 0.353367
699 690 -0.725055
699 609 1.506122
699 799 -0.273559
700 701 -1.166323
700 710 -0.910796
700 800 -0.161537
701 702 -2.464442
701 711 1.098329
701 801 -0.699732
702 703 -0.865396
702 712 -0.481914
702 802 0.609945
703 704 0.192307
703 713 -0.434700
703 803 -0.069947
704 705 0.970303
704 714 0.083151
704 804 0.091154
705 706 -0.525727
705 715 -0.278629
705 805 0.800144
706 707 0.400707
706 716 -0.910357
706 806 -0.327053
707 708 -0.580514
707 717 -1.359422
707 807 -1.521775
708 709 -0.686422
708 718 -0.403173
708 808 1.240394
709 700 -0.766247
709 719 -0.784455
709 809 -1.176960
710 711 0.108960
710 720 -0.646502
710 810 0.197902
711 712 -0.379202
711 721 1.333273
711 811 0.514849
712 713 0.460342
712 722 1.253291
712 812 -0.962374
713 714 -1.596112
713 723 1.487361
713 813 3.353568
714 715 0.268077
714 724 0.294569
714 814 -1.123072
715 716 -0.318304
715 725 0.960315
715 815 0.061102
716 717 2.538415
716 726 -1.218490
716 816 -0.801296
717 718 -0.842475
717 727 0.058675
717 817 0.184937
718 719 0.624147
718 728 -1.055995
718 818 -1.694083
719 710 -0.592082
719 729 0.280636
719 819 1.175798
720 721 -1.664144
720 730 0.167457
720 820 0.488127
721 722 -0.820112
721 731 1.207350
721 821 -0.950976
722 723 -0.967076
722 732 -0.214594
722 822 -0.276218
723 724 0.510654
723 733 0.272922
723 823 1.571765
724 725 0.278092
724 734 -0.424957
724 824 0.143765
725 726 -0.595546
725 735 -0.565679
725 825 0.383981
726 727 -0.320173
726 736 0.321054
726 826 1.094399
727 728 0.436189
727 737 0.548255
727 827 -0.334233
728 729 -2.054564
728 738 2.518979
728 828 -0.181183
729 720 0.452432
729 739 -1.189015
729 829 -0.669787
730 731 -0.119531
730 740 -0.237276
730 830 1.533005
731 732 1.390419
731 741 0.073456
731 831 -0.136597
732 733 1.494227
732 742 -0.856955
732 832 0.941740
733 734 1.405901
733 743 0.125707
733 833 0.881985
734 735 -1.306435
734 744 -0.276621
734 834 0.887557
735 736 -0.043174
735 745 -0.848679
735 835 1.490954
736 737 0.754833
736 746 -0.109395
736 836 -0.773091
737 738 0.010669
737 747 2.728449
737 837 0.352049
738 739 -0.100763
738 748 0.291228
738 838 -0.092556
739 730 -0.544099
739 749 -0.468041
739 839 2.104934
740 741 -1.335563
740 750 -1.172602
740 840 0.639823
741 742 -0.825037
741 751 1.733391
741 841 -0.775458
742 743 0.447109
742 752 -2.085339
742 842 1.010048
743 744 -0.091395
743 753 1.639025
743 843 0.089748
744 745 1.445909
744 754 -0.040540
744 844 0.790481
745 746 0.868434
745 755 1.126025
745 845 -0.633780
746 747 0.459667
746 756 -1.029598
746 846 -0.470013
747 748 0.954013
747 757 -0.272966
747 847 1.036133
748 749 0.509984
748 758 1.296673
748 848 -0.454680
749 740 -0.062621
749 759 -2.419837
749 849 -2.470911
750 751 0.257918
750 760 -0.250545
750 850 2.076523
751 752 1.053848
751 761 0.159653
751 851 0.768950
752 753 0.715559
752 762 0.491555
752 852 -1.413029
753 754 -0.233468
753 763 -2.352786
753 853 0.439583
754 755 -0.700003
754 764 0.420239
754 854 0.772330
755 756 0.763054
755 765 -1.620926
755 855 -0.221779
756 757 -0.088794
756 766 -0.435501
756 856 -0.257024
757 758 -0.934794
757 767 0.777000
757 857 0.393582
758 759 0.759533
758 768 -0.203421
758 858 0.006541
759 750 -1.648915
759 769 0.058163
759 859 1.352251
760 761 0.184565
760 770 -0.882121
760 860 -0.889927
761 762 -0.240149
761 771 0.930989
761 861 -1.785464
762 763 1.998729
762 772 0.544889
762 862 0.553107
763 764 -1.272446
763 773 -0.933859
763 863 0.797727
764 765 1.487093
764 774 0.503932
764 864 -0.213584
765 766 1.759712
765 775 -1.996828
765 865 -0.124658
766 767 -1.082697
766 776 1.202876
766 866 -2.423835
767 768 -0.850886
767 777 -1.222818
767 867 -0.858327
768 769 0.414378
768 778 -0.044770
768 868 -0.981720
769 760 0.607888
769 779 0.172246
769 869 2.178149
770 771 1.033077
770 780 0.668836
770 870 0.256496
771 772 -0.309284
771 781 0.646935
771 871 1.427696
772 773 0.813679
772 782 -0.402491
772 872 -0.137554
773 774 0.432512
773 783 -2.004342
773 873 -0.161920
774 775 0.743970
774 784 0.443803
774 874 0.701346
775 776 -0.378065
775 785 -0.439098
775 875 -1.910569
776 777 -0.215603
776 786 1.407597
776 876 -0.602525
777 778 0.125419
777 787 0.406519
777 877 -0.686489
778 779 1.845028
778 788 1.060246
778 878 0.716597
779 770 0.336155
779 789 0.546281
779 879 -0.719065
780 781 0.297685
780 790 2.084455
780 880 -0.642406
781 782 -1.009132
781 791 -0.214945
781 881 -0.382475
782 783 -0.577973
782 792 -1.616997
782 882 -1.830890
783 784 -0.438861
783 793 -0.326861
783 883 1.004019
784 785 1.006355
784 794 -1.061946
784 884 -0.029993
785 786 0.603800
785 795 -1.711162
785 885 0.266377
786 787 -0.006575
786 796 0.750208
786 886 0.254843
787 788 -0.568397
787 797 0.730722
787 887 -0.594177
788 789 1.675326
788 798 0.466977
788 888 -2.828798
789 780 -0.881696
789 799 -0.177510
789 889 -0.141599
790 791 -2.818381
790 700 -0.492838
790 890 -0.529531
791 792 -1.749630
791 701 1.681435
791 891 -0.444317
792 793 -0.179558
792 702 1.835968
792 892 -0.873833
793 794 0.360686
793 703 1.069779
793 893 0.653764
794 795 -0.775451
794 704 0.657624
794 894 1.665737
795 796 -1.422038
795 705 -0.109663
795 895 -0.561440
796 797 1.356165
796 706 0.199983
796 896 1.070789
797 798 -0.560988
797 707 -2.426034
797 897 -0.305222
798 799 -0.803092
798 708 0.583456
798 898 0.526057
799 790 0.212853
799 709 0.972422
799 899 0.894836
800 801 -1.220987
800 810 1.126670
800 900 -1.111313
801 802 -0.261856
801 811 0.558342
801 901 -0.402300
802 803 -0.919080
802 812 -1.228289
802 902 -0.070759
803 804 0.022830
803 813 0.600435
803 903 -1.116387
804 805 -1.104288
804 814 -0.750229
804 904 1.508266
805 806 -0.764514
805 815 -0.609169
805 905 0.435781
806 807 -0.235212
806 816 2.335845
806 906 1.021508
807 808 0.161660
807 817 0.401590
807 907 0.745079
808 809 -1.024041
808 818 0.040251
808 908 -0.212690
809 800 -0.181900
809 819 1.454108
809 909 0.580648
810 811 -1.740562
810 820 0.017578
810 910 -0.819677
811 812 -0.222601
811 821 2.571870
811 911 0.389062
812 813 -1.315028
812 822 -1.813506
812 912 1.045298
813 814 -2.349487
813 823 -1.191707
813 913 -0.366613
814 815 0.159172
814 824 -1.690305
814 914 0.715043
815 816 -1.984199
815 825 -1.744607
815 915 -2.421420
816 817 0.338788
816 826 -0.393123
816 916 -0.627349
817 818 -0.267956
817 827 2.579554
817 917 -1.348558
818 819 0.967566
818 828 0.137168
818 918 0.126945
819 810 -1.845869
819 829 -0.475068
819 919 0.886025
820 821 0.398292
820 830 0.981783
820 920 1.421206
821 822 0.740136
821 831 -2.255608
821 921 -0.518071
822 823 -1.764279
822 832 -0.343912
822 922 -0.137244
823 824 -0.382514
823 833 -1.344871
823 923 -1.512556
824 825 -0.174029
824 834 -1.129216
824 924 1.570576
825 826 0.877904
825 835 1.077710
825 925 -0.270711
826 827 2.082338
826 836 0.926594
826 926 -1.123128
827 828 -0.298200
827 837 -1.373443
827 927 -0.166160
828 829 -0.602500
828 838 1.314856
828 928 2.022739
829 820 -1.872198
829 839 0.304368
829 929 0.244877
830 831 -0.977276
830 840 -0.965147
830 930 0.366134
831 832 1.215146
831 841 1.208942
831 931 1.984931
832 833 -0.270010
832 842 0.145399
832 932 1.002532
833 834 -1.710569
833 843 -2.151296
833 933 -1.378691
834 835 -0.014209
834 844 0.061883
834 934 -0.877331
835 836 0.363037
835 845 -0.346518
835 935 -2.059587
836 837 -0.722825
836 846 0.436046
836 936 -0.160625
837 838 0.413152
837 847 0.628234
837 937 0.506976
838 839 -0.736820
838 848 -1.701575
838 938 -0.291814
839 830 0.036317
839 849 -0.600228
839 939 -2.277049
840 841 0.880981
840 850 -0.187690
840 940 -0.815022
841 842 -0.649672
841 851 2.352300
841 941 1.337621
842 843 1.989402
842 852 -0.105915
842 942 1.992435
843 844 1.455747
843 853 -1.191625
843 943 -1.067924
844 845 0.537341
844 854 0.301485
844 944 -1.554680
845 846 -0.587583
845 855 1.908058
845 945 0.795008
846 847 -2.103489
846 856 -1.159530
846 946 0.624266
847 848 -0.531070
847 857 -1.946753
847 947 -0.040599
848 849 -0.586040
848 858 -0.115905
848 948 -1.419548
849 840 0.521005
849 859 -0.892235
849 949 -0.183459
850 851 1.754162
850 860 0.902067
850 950 1.182713
851 852 -1.001617
851 861 -1.483744
851 951 -2.123063
852 853 0.341701
852 862 -1.994743
852 952 -0.238367
853 854 -0.408322
853 863 -1.431335
853 953 -0.681088
854 855 -0.064691
854 864 -0.943245
854 954 -1.376846
855 856 0.739202
855 865 0.064229
855 955 -0.520636
856 857 -0.074324
856 866 -0.690134
856 956 0.827658
857 858 0.740544
857 867 -1.972330
857 957 -0.107813
858 859 -1.338320
858 868 -0.087842
858 958 0.727682
859 850 0.288933
859 869 -0.261625
859 959 -1.249152
860 861 1.092225
860 870 2.007217
860 960 -0.489709
861 862 -0.390919
861 871 -1.297061
861 961 0.498084
862 863 -1.023054
862 872 -0.144217
862 962 0.129806
863 864 -0.105551
863 873 -0.043361
863 963 1.142752
864 865 0.746094
864 874 -1.093823
864 964 -2.275523
865 866 0.265668
865 875 -0.881746
865 965 -0.351505
866 867 -1.351383
866 876 -0.677086
866 966 -0.124281
867 868 -0.199332
867 877 1.129247
867 967 -0.146847
868 869 -0.121477
868 878 -0.359452
868 968 -1.610280
869 860 1.011248
869 879 -0.564963
869 969 -1.575173
870 871 0.552517
870 880 0.488429
870 970 0.518270
871 872 -0.573215
871 881 -0.340178
871 971 0.662298
872 873 -0.161204
872 882 1.000607
872 972 0.678350
873 874 0.608651
873 883 -0.977288
873 973 0.261954
874 875 1.947818
874 884 -0.178632
874 974 0.843760
875 876 0.965500
875 885 1.340285
875 975 -0.141874
876 877 0.404368
876 886 1.016455
876 976 -0.567498
877 878 -0.020594
877 887 0.053353
877 977 -0.294613
878 879 0.402265
878 888 -0.146693
878 978 0.089535
879 870 1.445541
879 889 -1.679303
879 979 0.699714
880 881 1.067373
880 890 -0.209006
880 980 -1.649177
881 882 -1.237964
881 891 1.151069
881 981 -0.422415
882 883 -0.170895
882 892 0.848974
882 982 -0.090453
883 884 1.412480
883 893 0.626036
883 983 -0.181490
884 885 -1.225174
884 894 -1.236202
884 984 -1.166660
885 886 1.006815
885 895 0.629866
885 985 1.010593
886 887 0.421021
886 896 0.298254
886 986 0.769206
887 888 0.581039
887 897 0.872081
887 987 -1.272827
888 889 0.673170
888 898 -0.190372
888 988 2.111324
889 880 -2.176632
889 899 -0.216314
889 989 -2.266872
890 891 0.243687
890 800 0.588836
890 990 1.021281
891 892 -1.347041
891 801 -1.301547
891 991 -0.492057
892 893 0.419040
892 802 2.114511
892 992 -0.399560
893 894 0.880057
893 803 1.435482
893 993 -2.629919
894 895 -1.855727
894 804 -0.572298
894 994 -0.594169
895 896 0.427022
895 805 -0.796601
895 995 -0.462301
896 897 -0.684824
896 806 1.388222
896 996 -1.189145
897 898 -0.153767
897 807 -0.444476
897 997 -1.491657
898 899 -1.609524
898 808 0.652388
898 998 -0.510050
899 890 -1.005929
899 809 0.258452
899 999 -0.374964
900 901 2.070512
900 910 1.971203
900 0 0.586128
901 902 -0.939319
901 911 1.101526
901 1 1.014868
902 903 0.545608
902 912 0.051824
902 2 0.241885
903 904 -1.661505
903 913 -0.286287
903 3 -1.598825
904 905 1.854015
904 914 -1.099256
904 4 0.214559
905 906 0.641333
905 915 1.327403
905 5 0.245343
906 907 0.836170
906 916 1.040508
906 6 -1.753418
907 908 -1.667234
907 917 -0.081938
907 7 1.240403
908 909 0.209133
908 918 0.501930
908 8 -1.198639
909 900 -0.996033
909 919 -0.947259
909 9 -2.218438
910 911 0.721044
910 920 -1.980725
910 10 -0.770332
911 912 0.935245
911 921 1.503327
911 11 0.540994
912 913 -0.079556
912 922 0.031516
912 12 -0.106747
913 914 -0.156753
913 923 0.300490
913 13 0.341563
914 915 -1.104360
914 924 0.462773
914 14 -0.110780
915 916 -0.264286
915 925 -2.210469
915 15 1.099921
916 917 0.528144
916 926 -0.004313
916 16 0.491821
917 918 1.187736
917 927 1.115512
917 17 0.867967
918 919 0.431129
918 928 -1.116362
918 18 1.107848
919 910 -1.081286
919 929 -1.540155
919 19 2.083387
920 921 -0.589225
920 930 -1.018831
920 20 0.214624
921 922 0.452397
921 931 0.092920
921 21 0.390679
922 923 0.526506
922 932 1.259084
922 22 -1.468462
923 924 0.389590
923 933 -1.526414
923 23 -0.778624
924 925 -0.334728
924 934 1.463741
924 24 -2.003290
925 926 0.732947
925 935 1.623945
925 25 -0.144154
926 927 0.794359
926 936 -1.307361
926 26 -0.432212
927 928 -1.335918
927 937 1.635774
927 27 2.598767
928 929 -0.582173
928 938 0.337474
928 28 -1.188021
929 920 -1.015831
929 939 0.459682
929 29 -0.413308
930 931 0.210794
930 940 0.168948
930 30 -1.655151
931 932 -1.310856
931 941 0.010727
931 31 2.151447
932 933 1.337945
932 942 -1.168619
932 32 -0.868274
933 934 1.109058
933 943 0.411714
933 33 -0.678932
934 935 -1.000961
934 944 -0.026143
934 34 -0.663484
935 936 -1.644687
935 945 -1.311123
935 35 -0.950802
936 937 -0.636360
936 946 2.163639
936 36 -0.553642
937 938 1.080348
937 947 0.619269
937 37 -0.343380
938 939 1.500806
938 948 -0.263017
938 38 -0.864004
939 930 -0.407526
939 949 0.582395
939 39 -0.928554
940 941 0.076566
940 950 0.004578
940 40 1.553533
941 942 -0.308450
941 951 0.695103
941 41 -0.335133
942 943 0.861345
942 952 -0.216916
942 42 -1.002327
943 944 -1.234274
943 953 0.018379
943 43 1.521481
944 945 -0.043397
944 954 -0.061099
944 44 1.390220
945 946 2.219720
945 955 0.260278
945 45 -1.335053
946 947 -0.723313
946 956 -0.839779
946 46 -0.607943
947 948 -1.006669
947 957 -0.238721
947 47 -1.301589
948 949 -1.325973
948 958 -0.888698
948 48 -0.205465
949 940 0.880869
949 959 1.368847
949 49 -1.019482
950 951 -0.789876
950 960 -0.905372
950 50 -0.589457
951 952 0.813313
951 961 -1.628963
951 51 -0.877926
952 953 -1.976641
952 962 1.507912
952 52 1.173708
953 954 -0.776297
953 963 0.119115
953 53 0.653580
954 955 0.696574
954 964 0.306693
954 54 -0.871371
955 956 1.179703
955 965 1.046247
955 55 0.710548
956 957 1.895933
956 966 -0.615196
956 56 0.471532
957 958 0.818227
957 967 -0.776820
957 57 0.085673
958 959 0.520355
958 968 -0.417504
958 58 -0.390496
959 950 1.509631
959 969 -0.598465
959 59 -0.334438
960 961 -1.190528
960 970 0.139007
960 60 -2.428129
961 962 1.363452
961 971 0.006412
961 61 -0.090797
962 963 1.940616
962 972 -0.153228
962 62 0.469010
963 964 -1.348238
963 973 0.164320
963 63 -0.217896
964 965 1.192886
964 974 0.511335
964 64 0.464448
965 966 0.649458
965 975 -1.468349
965 65 -0.333964
966 967 -0.395795
966 976 -1.886678
966 66 1.375896
967 968 -0.307126
967 977 0.114572
967 67 -0.449474
968 969 1.531758
968 978 -0.120440
968 68 -1.127467
969 960 -0.545051
969 979 0.923948
969 69 0.873745
970 971 0.512544
970 980 -0.305353
970 70 -1.347628
971 972 -1.572165
971 981 0.068416
971 71 0.715653
972 973 1.441128
972 982 0.878640
972 72 -1.031334
973 974 0.643901
973 983 0.803763
973 73 -1.286200
974 975 0.571887
974 984 -0.575374
974 74 -0.301395
975 976 0.676474
975 985 -0.030620
975 75 -0.888174
976 977 1.046801
976 986 0.129763
976 76 -0.757606
977 978 -0.740987
977 987 -0.120601
977 77 0.394244
978 979 -0.641012
978 988 -0.176983
978 78 -0.122773
979 970 0.254856
979 989 -0.165928
979 79 -1.186659
980 981 0.653723
980 990 -0.122731
980 80 -0.330088
981 982 0.350131
981 991 1.271964
981 81 -0.428126
982 983 0.292146
982 992 -0.176559
982 82 1.370999
983 984 -0.571426
983 993 -1.912715
983 83 -0.687541
984 985 0.332265
984 994 -0.975467
984 84 1.981323
985 986 -0.539547
985 995 -1.453112
985 85 -0.774174
986 987 2.470637
986 996 0.686097
986 86 -1.447389
987 988 0.970261
987 997 0.627634
987 87 0.189817
988 989 -0.430386
988 998 0.608172
988 88 -0.049395
989 980 -0.866172
989 999 -2.371175
989 89 -0.062757
990 991 0.210228
990 900 0.301662
990 90 1.947271
991 992 -0.892067
991 901 -0.418566
991 91 0.600603
992 993 1.081803
992 902 -0.471310
992 92 -0.272842
993 994 -1.151968
993 903 -0.258855
993 93 -0.389830
994 995 1.456486
994 904 0.894504
994 94 -0.836282
995 996 0.815262
995 905 1.081840
995 95 1.236811
996 997 -0.127656
996 906 1.059617
996 96 0.794751
997 998 -1.416298
997 907 -1.077069
997 97 -0.345610
998 999 0.270754
998 908 -0.480851
998 98 0.530750
999 990 0.136667
999 909 0.237527
999 99 -0.127016
