0 1 2.036014
0 10 -0.627290
0 100 0.028412
1 2 -0.078612
1 11 -0.215961
1 101 -0.338820
2 3 -1.648993
2 12 0.334252
2 102 0.916582
3 4 0.352722
3 13 0.784529
3 103 -1.200108
4 5 0.617679
4 14 0.258338
4 104 -0.384036
5 6 -0.169952
5 15 -0.025517
5 105 -0.926067
6 7 0.221193
6 16 0.359147
6 106 0.394290
7 8 -0.624826
7 17 0.607947
7 107 -0.672482
8 9 1.197890
8 18 -0.790872
8 108 0.175919
9 0 -1.371504
9 19 -1.923459
9 109 0.044229
10 11 -1.852012
10 20 -0.497830
10 110 -0.376338
11 12 0.644914
11 21 1.155285
11 111 0.688121
12 13 -0.786806
12 22 1.273234
12 112 1.093608
13 14 -1.094740
13 23 0.298608
13 113 -2.109541
14 15 0.119191
14 24 0.042204
14 114 0.741302
15 16 0.143583
15 25 -0.266246
15 115 -1.643189
16 17 0.275770
16 26 0.484892
16 116 1.410130
17 18 -0.805884
17 27 0.496347
17 117 -0.998992
18 19 -1.035177
18 28 0.393608
18 118 -0.612254
19 10 -2.878147
19 29 0.280233
19 119 0.512695
20 21 0.071624
20 30 -0.898044
20 120 -0.005981
21 22 0.103011
21 31 -0.015816
21 121 0.356996
22 23 -0.001636
22 32 -1.754075
22 122 0.634220
23 24 0.028923
23 33 0.987468
23 123 -2.264830
24 25 -0.661424
24 34 0.212528
24 124 -1.523420
25 26 -1.041638
25 35 -0.995058
25 125 -0.140087
26 27 -0.094783
26 36 0.212519
26 126 -0.102301
27 28 1.439514
27 37 -0.432656
27 127 -1.184952
28 29 -1.177987
28 38 -0.196274
28 128 -0.232520
29 20 -0.260849
29 39 -1.977401
29 129 -0.025700
30 31 -1.538260
30 40 -1.435106
30 130 -0.661005
31 32 0.457691
31 41 -1.257022
31 131 2.161900
32 33 0.180210
32 42 0.513677
32 132 -0.576850
33 34 1.295004
33 43 -0.212455
33 133 -0.494233
34 35 0.620217
34 44 0.787516
34 134 -0.701465
35 36 0.644642
35 45 0.405026
35 135 1.226441
36 37 -0.064418
36 46 -0.273603
36 136 -2.220814
37 38 0.642905
37 47 -0.139135
37 137 -2.052711
38 39 0.366719
38 48 0.882884
38 138 0.690046
39 30 -0.542961
39 49 0.669087
39 139 0.321655
40 41 0.131674
40 50 -0.322480
40 140 -0.527275
41 42 1.832064
41 51 1.248002
41 141 1.417092
42 43 -0.049361
42 52 -0.771018
42 142 2.183387
43 44 0.857168
43 53 -0.298963
43 143 2.147029
44 45 -1.050017
44 54 1.998368
44 144 0.163009
45 46 0.915898
45 55 -1.685488
45 145 -3.475562
46 47 -1.342078
46 56 0.962149
46 146 -0.519426
47 48 2.367245
47 57 1.658309
47 147 1.223509
48 49 -0.908383
48 58 0.328431
48 148 -0.525977
49 40 -0.124271
49 59 -1.020965
49 149 -1.052831
50 51 -0.390023
50 60 0.405201
50 150 -0.821270
51 52 0.816198
51 61 -0.253028
51 151 -0.288432
52 53 -0.303744
52 62 -0.165349
52 152 -1.204236
53 54 0.557921
53 63 -0.274157
53 153 0.423024
54 55 -1.325529
54 64 1.718212
54 154 2.063527
55 56 -1.856856
55 65 -0.251990
55 155 0.575352
56 57 -0.214811
56 66 0.142973
56 156 -0.561302
57 58 -0.122369
57 67 -1.782419
57 157 1.076287
58 59 -0.062866
58 68 0.344144
58 158 1.121889
59 50 -0.896226
59 69 1.361959
59 159 -0.060030
60 61 -0.223023
60 70 2.106897
60 160 -1.068738
61 62 0.259386
61 71 0.382655
61 161 0.533661
62 63 0.133566
62 72 0.999505
62 162 2.170658
63 64 0.217953
63 73 -0.836422
63 163 0.279365
64 65 0.246698
64 74 -0.260918
64 164 -1.166159
65 66 0.063240
65 75 -0.685364
65 165 1.110706
66 67 0.059686
66 76 1.522734
66 166 -0.529775
67 68 -0.840453
67 77 -0.105627
67 167 -0.045932
68 69 0.736499
68 78 0.007878
68 168 0.262442
69 60 -1.734108
69 79 -1.249295
69 169 -0.551997
70 71 1.022950
70 80 -0.514677
70 170 -1.669587
71 72 0.530816
71 81 1.161830
71 171 1.297121
72 73 -0.477405
72 82 1.226022
72 172 -0.792586
73 74 -1.260510
73 83 0.768972
73 173 0.078692
74 75 0.760196
74 84 -0.144972
74 174 1.516852
75 76 -1.682294
75 85 -1.034958
75 175 1.447978
76 77 -0.603901
76 86 -0.491295
76 176 0.542773
77 78 1.362681
77 87 -2.057243
77 177 0.077491
78 79 -2.205260
78 88 0.218245
78 178 -1.077937
79 70 0.122274
79 89 1.020541
79 179 1.493350
80 81 -0.837470
80 90 1.822716
80 180 -2.024000
81 82 0.899475
81 91 -0.459245
81 181 -0.144412
82 83 -0.525830
82 92 -0.029610
82 182 0.891038
83 84 1.746393
83 93 1.048109
83 183 1.697579
84 85 0.841983
84 94 0.615165
84 184 -1.062929
85 86 -0.514403
85 95 1.157959
85 185 0.638231
86 87 0.868822
86 96 -0.541985
86 186 -0.532960
87 88 -0.918824
87 97 -0.563013
87 187 -0.222295
88 89 -0.351798
88 98 0.088992
88 188 -1.777182
89 80 -0.196254
89 99 0.489371
89 189 0.433118
90 91 0.126807
90 0 1.927163
90 190 0.108735
91 92 0.304168
91 1 -0.389100
91 191 1.107840
92 93 -0.379241
92 2 -1.114946
92 192 -0.086690
93 94 0.560393
93 3 0.367897
93 193 1.813173
94 95 0.273728
94 4 1.234623
94 194 -0.687511
95 96 -0.066430
95 5 0.046335
95 195 1.220568
96 97 -0.001484
96 6 -0.523875
96 196 1.761652
97 98 -0.714279
97 7 0.570362
97 197 0.131093
98 99 1.792966
98 8 1.198201
98 198 0.247492
99 90 -1.947462
99 9 1.638228
99 199 -0.295568
100 101 0.965378
100 110 1.809447
100 200 0.015345
101 102 -0.039592
101 111 -0.862135
101 201 -0.979642
102 103 -0.632410
102 112 0.743878
102 202 2.590975
103 104 0.593074
103 113 0.384856
103 203 -0.976821
104 105 2.481684
104 114 1.266747
104 204 0.718452
105 106 -1.579483
105 115 -0.043911
105 205 -0.845991
106 107 0.176805
106 116 -0.454079
106 206 0.305013
107 108 -0.281976
107 117 -0.034140
107 207 -0.445633
108 109 -0.327920
108 118 -0.930493
108 208 0.537176
109 100 0.745312
109 119 -0.645083
109 209 0.527798
110 111 2.374355
110 120 0.548253
110 210 -0.047492
111 112 1.076767
111 121 -0.848667
111 211 0.380781
112 113 -0.667526
112 122 -1.234043
112 212 -1.730476
113 114 -1.017789
113 123 -1.332525
113 213 0.917684
114 115 0.993735
114 124 0.941258
114 214 -2.032197
115 116 1.174952
115 125 -1.264823
115 215 -0.392002
116 117 1.080490
116 126 -1.404992
116 216 0.705853
117 118 -0.914210
117 127 1.261154
117 217 -0.611707
118 119 -2.076788
118 128 -1.518539
118 218 0.226747
119 110 1.794814
119 129 -0.498693
119 219 0.648795
120 121 0.400105
120 130 -0.452895
120 220 -0.647922
121 122 0.360934
121 131 0.107351
121 221 0.843252
122 123 1.570374
122 132 2.469367
122 222 0.014698
123 124 -0.538465
123 133 1.480768
123 223 -2.652784
124 125 -1.474153
124 134 -0.974616
124 224 2.625740
125 126 0.832654
125 135 1.980290
125 225 -0.301438
126 127 -2.176829
126 136 -0.332682
126 226 -0.580605
127 128 -1.177983
127 137 0.533345
127 227 -0.347977
128 129 0.973132
128 138 -0.461289
128 228 -0.804817
129 120 -1.300855
129 139 1.090376
129 229 0.599589
130 131 1.448679
130 140 -0.579298
130 230 1.409861
131 132 0.276708
131 141 -0.148679
131 231 -2.168228
132 133 1.367477
132 142 2.131833
132 232 1.002196
133 134 0.758588
133 143 0.159637
133 233 0.115117
134 135 -0.518570
134 144 0.027165
134 234 0.159901
135 136 0.975547
135 145 0.896445
135 235 0.113985
136 137 -1.565124
136 146 0.805963
136 236 0.207170
137 138 -1.085727
137 147 0.066183
137 237 -0.026277
138 139 0.497101
138 148 -0.508346
138 238 0.114616
139 130 -2.143080
139 149 -1.306242
139 239 -0.315267
140 141 -1.615269
140 150 0.757073
140 240 -0.851907
141 142 0.691415
141 151 1.213327
141 241 -2.130701
142 143 -1.491865
142 152 0.515511
142 242 -1.600502
143 144 0.504849
143 153 -1.066931
143 243 0.792142
144 145 -0.755286
144 154 -0.444173
144 244 -0.114040
145 146 0.880754
145 155 -0.277164
145 245 0.347289
146 147 -0.439007
146 156 0.575385
146 246 0.799816
147 148 0.093818
147 157 -0.602548
147 247 1.228881
148 149 -0.650791
148 158 -1.209728
148 248 0.941108
149 140 0.076827
149 159 -0.676761
149 249 0.266247
150 151 0.592733
150 160 0.619576
150 250 0.946925
151 152 0.022289
151 161 -0.406532
151 251 0.686390
152 153 -1.651509
152 162 1.129253
152 252 -0.383482
153 154 0.842448
153 163 -0.044984
153 253 0.015805
154 155 -0.453461
154 164 -1.230901
154 254 0.125955
155 156 -3.127592
155 165 1.380567
155 255 -0.296542
156 157 0.072007
156 166 -0.607714
156 256 0.840793
157 158 -0.753496
157 167 -1.906038
157 257 -0.374399
158 159 -0.667903
158 168 1.913702
158 258 0.752213
159 150 0.387298
159 169 -1.147125
159 259 -0.939299
160 161 0.226460
160 170 0.175372
160 260 -1.419955
161 162 -1.475447
161 171 -0.607185
161 261 0.100046
162 163 -0.197222
162 172 -1.927869
162 262 -0.042912
163 164 0.578064
163 173 -0.921691
163 263 -0.996019
164 165 0.304609
164 174 -0.817712
164 264 0.495155
165 166 0.623211
165 175 -0.628500
165 265 0.026928
166 167 -1.210894
166 176 -0.623266
166 266 -1.002769
167 168 -0.127551
167 177 -0.310194
167 267 -0.359999
168 169 -0.703464
168 178 -0.532638
168 268 0.210535
169 160 -2.306731
169 179 0.604465
169 269 -0.820934
170 171 0.061061
170 180 2.507843
170 270 0.088386
171 172 -0.542730
171 181 -0.180103
171 271 1.753721
172 173 0.331089
172 182 -0.472744
172 272 -0.555769
173 174 1.140012
173 183 0.791484
173 273 0.437443
174 175 0.478836
174 184 -0.184165
174 274 -2.088291
175 176 2.020600
175 185 -1.649041
175 275 -0.019266
176 177 0.641791
176 186 1.281149
176 276 -0.093078
177 178 0.267507
177 187 1.201852
177 277 -0.243335
178 179 -0.409323
178 188 0.489691
178 278 0.254112
179 170 0.116774
179 189 -0.828860
179 279 -1.941093
180 181 1.194835
180 190 -0.779885
180 280 -1.501095
181 182 0.652200
181 191 0.805271
181 281 -0.245036
182 183 0.724376
182 192 1.485302
182 282 1.719645
183 184 -1.424795
183 193 2.275164
183 283 2.445568
184 185 0.847460
184 194 -0.367837
184 284 -1.240454
185 186 0.283430
185 195 0.761138
185 285 2.037924
186 187 0.225772
186 196 0.123091
186 286 1.064176
187 188 2.549638
187 197 0.116707
187 287 0.106517
188 189 -0.287286
188 198 -0.154156
188 288 1.368729
189 180 -0.541189
189 199 -1.580950
189 289 -1.349846
190 191 0.933620
190 100 0.047373
190 290 0.851204
191 192 0.284539
191 101 0.129912
191 291 0.302935
192 193 0.211650
192 102 -0.782130
192 292 -0.296491
193 194 1.008828
193 103 1.213193
193 293 1.504991
194 195 -0.204020
194 104 1.471298
194 294 0.174125
195 196 -0.643036
195 105 0.057892
195 295 -0.838200
196 197 -0.423001
196 106 -0.004997
196 296 1.148759
197 198 0.093192
197 107 -0.084487
197 297 -0.651213
198 199 0.644155
198 108 0.070080
198 298 1.184343
199 190 2.190495
199 109 -0.468684
199 299 1.319758
200 201 -0.943484
200 210 0.816594
200 300 -0.535490
201 202 0.287984
201 211 -0.590961
201 301 -0.590241
202 203 1.304956
202 212 0.154955
202 302 -0.747224
203 204 1.601579
203 213 1.073241
203 303 -1.180486
204 205 0.761049
204 214 -0.446477
204 304 0.368388
205 206 -0.117257
205 215 -1.145876
205 305 0.679858
206 207 -1.151949
206 216 0.267087
206 306 -0.910287
207 208 1.667843
207 217 -0.318129
207 307 -0.997669
208 209 -0.418483
208 218 1.454717
208 308 0.519132
209 200 0.748301
209 219 -0.021634
209 309 -0.681980
210 211 0.367603
210 220 0.277629
210 310 -1.076731
211 212 0.587461
211 221 0.428220
211 311 -0.871627
212 213 -0.488314
212 222 -0.782596
212 312 -0.425913
213 214 -1.793514
213 223 -0.055134
213 313 -0.633705
214 215 0.450664
214 224 -1.140546
214 314 0.758412
215 216 -0.661708
215 225 0.924243
215 315 0.652522
216 217 -0.523587
216 226 0.869886
216 316 0.346408
217 218 0.533321
217 227 -1.573024
217 317 -0.044096
218 219 0.044919
218 228 -0.780831
218 318 0.713013
219 210 -0.418630
219 229 1.310673
219 319 -0.133895
220 221 -0.326688
220 230 0.083602
220 320 0.362739
221 222 1.327611
221 231 0.370159
221 321 0.531327
222 223 -0.373540
222 232 -0.758694
222 322 1.012262
223 224 -2.103082
223 233 0.634222
223 323 -0.581137
224 225 -1.153739
224 234 0.598134
224 324 1.523363
225 226 -0.113631
225 235 1.390820
225 325 0.197068
226 227 0.344087
226 236 1.257169
226 326 -0.613967
227 228 1.871468
227 237 -1.709230
227 327 -1.313571
228 229 -0.715105
228 238 -0.272928
228 328 -0.062420
229 220 0.474386
229 239 -1.097579
229 329 1.531281
230 231 0.690913
230 240 0.357139
230 330 0.262195
231 232 -0.312508
231 241 0.550771
231 331 -0.935014
232 233 -1.838118
232 242 -0.591494
232 332 0.407178
233 234 0.447863
233 243 0.269352
233 333 0.981535
234 235 3.110432
234 244 -1.467583
234 334 2.681732
235 236 0.145355
235 245 2.913040
235 335 0.398564
236 237 1.774578
236 246 -0.546535
236 336 1.947904
237 238 0.871274
237 247 0.880067
237 337 -1.766339
238 239 0.634593
238 248 0.788291
238 338 0.332112
239 230 0.440349
239 249 -0.270828
239 339 0.441455
240 241 0.390090
240 250 0.067951
240 340 -1.902628
241 242 0.030999
241 251 -0.971924
241 341 -0.047553
242 243 0.093358
242 252 0.731189
242 342 0.192866
243 244 -0.585038
243 253 0.407140
243 343 0.045261
244 245 -0.077212
244 254 -2.371133
244 344 0.554208
245 246 1.278800
245 255 -0.118896
245 345 0.882176
246 247 -0.956267
246 256 0.249252
246 346 -0.217132
247 248 -2.098906
247 257 0.288652
247 347 0.753432
248 249 0.091113
248 258 -1.304861
248 348 0.938625
249 240 0.089363
249 259 -0.883205
249 349 0.509944
250 251 0.127561
250 260 0.113217
250 350 0.342284
251 252 -0.015953
251 261 0.281792
251 351 -0.629995
252 253 0.042872
252 262 0.256725
252 352 -1.605249
253 254 -0.096505
253 263 0.727278
253 353 0.390909
254 255 0.438869
254 264 -0.879580
254 354 0.703423
255 256 -1.165316
255 265 -0.222837
255 355 0.133882
256 257 0.865300
256 266 -0.313661
256 356 0.344842
257 258 0.036239
257 267 0.154495
257 357 1.324060
258 259 1.814302
258 268 1.041665
258 358 -0.760897
259 250 -0.071985
259 269 -0.982687
259 359 -0.817837
260 261 -1.387547
260 270 1.195407
260 360 -0.839239
261 262 -0.188630
261 271 0.177330
261 361 -0.255366
262 263 -0.685934
262 272 0.847874
262 362 -0.142869
263 264 0.878069
263 273 0.261380
263 363 -0.574486
264 265 -1.505836
264 274 -0.607888
264 364 2.000870
265 266 -1.407117
265 275 1.397579
265 365 0.381202
266 267 1.186009
266 276 1.209056
266 366 -1.352955
267 268 -0.950133
267 277 -0.207864
267 367 -0.660928
268 269 -1.511385
268 278 1.105671
268 368 1.002901
269 260 0.532307
269 279 1.332593
269 369 -0.685609
270 271 -0.850831
270 280 -1.016426
270 370 -0.468536
271 272 0.860736
271 281 1.519199
271 371 -0.460901
272 273 0.081355
272 282 -1.908222
272 372 -0.550542
273 274 -0.722733
273 283 0.088707
273 373 1.342596
274 275 0.451148
274 284 0.436793
274 374 -0.167107
275 276 0.649746
275 285 3.085462
275 375 0.499977
276 277 -0.230799
276 286 0.035961
276 376 -0.432440
277 278 0.097394
277 287 -0.681190
277 377 -2.233766
278 279 -0.851521
278 288 -1.647182
278 378 0.308899
279 270 0.709273
279 289 -1.151648
279 379 -0.201709
280 281 -1.407130
280 290 -0.330078
280 380 -0.042928
281 282 0.121965
281 291 0.134135
281 381 -1.318974
282 283 2.161156
282 292 1.099821
282 382 1.262343
283 284 1.431269
283 293 -0.150804
283 383 1.430914
284 285 1.130283
284 294 -0.005822
284 384 0.647373
285 286 -0.235672
285 295 -0.673912
285 385 0.515922
286 287 1.019420
286 296 -0.304973
286 386 0.806702
287 288 1.522840
287 297 0.638361
287 387 -1.175488
288 289 -1.137493
288 298 0.159805
288 388 -0.124954
289 280 0.747141
289 299 -0.438327
289 389 1.310486
290 291 -0.769426
290 200 -0.992638
290 390 -0.512698
291 292 1.332364
291 201 1.345201
291 391 -0.308384
292 293 -0.501481
292 202 0.460926
292 392 -0.520794
293 294 -0.097227
293 203 0.033910
293 393 -0.977370
294 295 0.113187
294 204 -0.055202
294 394 -0.528271
295 296 0.712510
295 205 -0.974793
295 395 0.007586
296 297 -1.356225
296 206 -1.540158
296 396 -1.277364
297 298 0.532377
297 207 0.836748
297 397 0.869139
298 299 -1.664087
298 208 -0.848829
298 398 -1.652387
299 290 -1.005301
299 209 1.485181
299 399 -0.498601
300 301 0.359813
300 310 -1.314684
300 400 0.436686
301 302 -0.869855
301 311 -0.444430
301 401 1.219895
302 303 -0.369777
302 312 -1.809899
302 402 -1.311319
303 304 -0.472636
303 313 -0.790726
303 403 -0.479758
304 305 -1.728284
304 314 0.503818
304 404 -0.667935
305 306 0.219509
305 315 0.252725
305 405 1.220846
306 307 -0.454166
306 316 0.573202
306 406 1.209955
307 308 -0.215556
307 317 -1.211007
307 407 -0.472929
308 309 0.506716
308 318 0.627955
308 408 1.034120
309 300 -0.370460
309 319 1.448967
309 409 0.294879
310 311 -1.594484
310 320 -0.161442
310 410 0.744949
311 312 -0.055917
311 321 -0.015848
311 411 0.290970
312 313 -0.451501
312 322 -0.449112
312 412 1.095910
313 314 -0.303340
313 323 1.983093
313 413 -1.444830
314 315 1.584053
314 324 0.323643
314 414 -1.814913
315 316 0.517766
315 325 0.381406
315 415 -0.617519
316 317 -1.287587
316 326 -0.662317
316 416 -1.939304
317 318 -1.082870
317 327 0.673237
317 417 1.969263
318 319 0.565002
318 328 1.223226
318 418 0.047989
319 310 0.781274
319 329 0.222887
319 419 0.229259
320 321 -0.023935
320 330 1.242362
320 420 0.766149
321 322 0.740948
321 331 1.388553
321 421 0.087320
322 323 0.686022
322 332 -0.344415
322 422 0.887869
323 324 -0.280013
323 333 -1.093504
323 423 0.457304
324 325 0.247024
324 334 -0.290840
324 424 -1.795760
325 326 0.831321
325 335 -1.135921
325 425 0.703686
326 327 0.306979
326 336 0.424720
326 426 -0.774305
327 328 -0.173902
327 337 -0.165509
327 427 0.188518
328 329 -0.907221
328 338 1.737978
328 428 -0.926217
329 320 -0.775827
329 339 0.490719
329 429 -1.289770
330 331 -0.086103
330 340 0.048948
330 430 -0.044723
331 332 -0.180764
331 341 -1.015143
331 431 0.620313
332 333 -0.933012
332 342 -0.180357
332 432 0.591794
333 334 -0.786472
333 343 -2.348508
333 433 1.434469
334 335 -0.306264
334 344 1.997287
334 434 0.015217
335 336 -0.616297
335 345 -0.112903
335 435 0.532113
336 337 2.572745
336 346 -0.769583
336 436 0.645107
337 338 1.256808
337 347 1.030583
337 437 -0.558791
338 339 0.283167
338 348 -1.406710
338 438 0.852150
339 330 -2.036383
339 349 -1.808039
339 439 -2.193466
340 341 -0.111438
340 350 -0.155289
340 440 0.178321
341 342 -0.256747
341 351 -0.627609
341 441 0.362555
342 343 0.126743
342 352 0.321995
342 442 3.420318
343 344 0.198689
343 353 -0.122549
343 443 0.815175
344 345 0.322649
344 354 2.054771
344 444 1.913479
345 346 0.364940
345 355 -0.523505
345 445 -0.990244
346 347 -0.404111
346 356 -0.891255
346 446 0.540562
347 348 0.978019
347 357 0.065177
347 447 1.417031
348 349 -0.867789
348 358 0.768757
348 448 1.920330
349 340 -0.329454
349 359 0.529251
349 449 -0.669879
350 351 0.064949
350 360 -0.443345
350 450 0.988341
351 352 -0.823280
351 361 0.304336
351 451 0.021190
352 353 0.744703
352 362 0.678239
352 452 0.444499
353 354 0.184421
353 363 1.211746
353 453 -0.346681
354 355 -0.401261
354 364 0.386843
354 454 1.859729
355 356 1.315560
355 365 -0.901757
355 455 1.007113
356 357 2.537060
356 366 -1.052830
356 456 2.209956
357 358 0.632666
357 367 0.200433
357 457 0.312515
358 359 -1.529564
358 368 -1.007533
358 458 -0.953219
359 350 1.929822
359 369 0.524911
359 459 -1.772524
360 361 -0.586127
360 370 -0.745643
360 460 2.108783
361 362 -1.552389
361 371 -0.835889
361 461 -1.584821
362 363 -0.097083
362 372 -0.000190
362 462 0.328670
363 364 -0.165424
363 373 0.284166
363 463 0.708070
364 365 0.014480
364 374 -0.346074
364 464 -1.921148
365 366 -0.780554
365 375 0.776170
365 465 1.391313
366 367 -0.600804
366 376 1.218689
366 466 -0.509580
367 368 0.270302
367 377 -0.926656
367 467 -0.117628
368 369 0.745383
368 378 1.366484
368 468 0.928170
369 360 -0.544931
369 379 -0.128529
369 469 0.317873
370 371 0.630875
370 380 -1.646235
370 470 -0.718578
371 372 0.420761
371 381 0.118766
371 471 -1.347205
372 373 0.878183
372 382 0.039608
372 472 0.853936
373 374 -0.461729
373 383 1.598338
373 473 -0.941350
374 375 -0.367166
374 384 1.721079
374 474 -1.385788
375 376 -0.855000
375 385 -0.571268
375 475 -0.217430
376 377 -1.420635
376 386 -0.638767
376 476 -1.789575
377 378 0.040901
377 387 -1.521311
377 477 1.713331
378 379 0.329505
378 388 1.504361
378 478 -0.611245
379 370 -1.072553
379 389 0.366266
379 479 0.157885
380 381 -0.280270
380 390 1.518092
380 480 -0.169636
381 382 -1.731633
381 391 -0.323695
381 481 -0.218332
382 383 1.279298
382 392 0.668679
382 482 1.304348
383 384 -0.897566
383 393 -0.511940
383 483 1.386769
384 385 -1.248411
384 394 1.022270
384 484 -0.173599
385 386 0.871436
385 395 -0.720314
385 485 -1.068682
386 387 1.236136
386 396 -0.125195
386 486 0.454066
387 388 -2.341359
387 397 2.717874
387 487 -1.422237
388 389 1.027594
388 398 -0.281399
388 488 -0.162039
389 380 0.583219
389 399 0.865052
389 489 -0.089887
390 391 -0.695696
390 300 -0.599785
390 490 0.048905
391 392 0.591672
391 301 1.564122
391 491 0.443078
392 393 1.523279
392 302 2.026213
392 492 -1.622424
393 394 -0.465163
393 303 1.285173
393 493 0.039889
394 395 0.216129
394 304 -0.098479
394 494 -0.120063
395 396 -1.536306
395 305 0.296572
395 495 0.214817
396 397 1.150155
396 306 0.240367
396 496 -0.044487
397 398 0.139836
397 307 0.240571
397 497 0.472623
398 399 -0.190624
398 308 -0.109535
398 498 1.922257
399 390 -0.536420
399 309 0.770740
399 499 -0.656222
400 401 0.149827
400 410 1.089566
400 500 0.421851
401 402 0.277826
401 411 0.042227
401 501 1.297585
402 403 1.417668
402 412 -0.174141
402 502 1.348247
403 404 -0.211521
403 413 -0.044939
403 503 -0.320520
404 405 -0.996182
404 414 -0.820341
404 504 0.871923
405 406 -0.990992
405 415 0.854686
405 505 -1.520228
406 407 -0.766817
406 416 0.148835
406 506 -0.028392
407 408 0.640454
407 417 1.214542
407 507 -0.468084
408 409 -1.122715
408 418 0.914202
408 508 -0.199313
409 400 1.797083
409 419 0.507268
409 509 -0.460562
410 411 1.443630
410 420 -1.543934
410 510 -0.810021
411 412 1.034845
411 421 0.647563
411 511 1.302875
412 413 -0.886010
412 422 -1.082438
412 512 0.787793
413 414 1.795631
413 423 -1.236865
413 513 0.431820
414 415 -0.169039
414 424 0.922944
414 514 -0.000419
415 416 1.222893
415 425 1.036667
415 515 -2.455675
416 417 -0.391468
416 426 -0.989977
416 516 1.076407
417 418 0.971044
417 427 -1.378411
417 517 0.658600
418 419 -0.780168
418 428 0.156476
418 518 0.756077
419 410 1.192284
419 429 -0.888312
419 519 -1.064434
420 421 2.047814
420 430 1.191939
420 520 -1.437621
421 422 -0.059681
421 431 -1.267832
421 521 -0.214406
422 423 -0.008874
422 432 -0.801951
422 522 0.430506
423 424 0.227046
423 433 -1.197662
423 523 0.120754
424 425 -0.692827
424 434 -0.356837
424 524 2.228605
425 426 2.087732
425 435 -0.774833
425 525 1.263793
426 427 -0.283113
426 436 0.212039
426 526 -1.967761
427 428 0.110751
427 437 -1.117454
427 527 0.012694
428 429 0.518677
428 438 0.627282
428 528 1.130152
429 420 0.078701
429 439 0.330433
429 529 0.135987
430 431 -0.497171
430 440 -0.192237
430 530 -0.340899
431 432 0.250128
431 441 1.031917
431 531 0.729619
432 433 -0.187049
432 442 2.025171
432 532 -0.892695
433 434 0.045450
433 443 -0.022931
433 533 0.777206
434 435 0.511578
434 444 -0.485254
434 534 -0.561298
435 436 0.591814
435 445 0.496443
435 535 0.571565
436 437 -0.849231
436 446 -1.129491
436 536 -0.421381
437 438 0.210916
437 447 -0.910319
437 537 0.775533
438 439 0.086012
438 448 0.080327
438 538 -0.110192
439 430 0.877723
439 449 -1.105506
439 539 -0.658092
440 441 -1.577889
440 450 0.063289
440 540 0.057212
441 442 -1.639800
441 451 0.409554
441 541 -0.088085
442 443 0.336594
442 452 0.612416
442 542 -0.223124
443 444 0.019537
443 453 -2.261203
443 543 -1.545116
444 445 1.348158
444 454 0.507902
444 544 -2.226351
445 446 -0.938456
445 455 0.700074
445 545 0.886767
446 447 1.029900
446 456 -1.057077
446 546 0.705439
447 448 -0.227279
447 457 0.582653
447 547 0.238888
448 449 0.488653
448 458 -0.080840
448 548 1.038872
449 440 -0.880800
449 459 -0.341844
449 549 -0.763427
450 451 -0.209454
450 460 1.012306
450 550 -0.577112
451 452 -0.894321
451 461 0.755755
451 551 -1.063585
452 453 -0.878181
452 462 1.528216
452 552 1.052321
453 454 -1.130391
453 463 -0.594195
453 553 -0.011015
454 455 0.262793
454 464 1.333523
454 554 -1.425487
455 456 0.063322
455 465 -0.844379
455 555 -0.172478
456 457 -0.946307
456 466 -2.377539
456 556 -0.804097
457 458 1.534260
457 467 0.439969
457 557 -1.240723
458 459 0.225677
458 468 -0.780151
458 558 -0.219872
459 450 -1.430062
459 469 -1.367277
459 559 0.197636
460 461 -1.250121
460 470 -0.254217
460 560 -0.616223
461 462 0.124546
461 471 -0.284621
461 561 0.305475
462 463 -1.028545
462 472 1.642850
462 562 -0.055909
463 464 -1.258997
463 473 -0.767427
463 563 1.751070
464 465 0.949219
464 474 -1.448553
464 564 0.189218
465 466 0.583160
465 475 2.109335
465 565 -2.664495
466 467 1.003840
466 476 0.469525
466 566 -0.582793
467 468 0.709685
467 477 0.588006
467 567 0.039076
468 469 -0.720747
468 478 -0.176790
468 568 -0.810773
469 460 0.738971
469 479 0.611590
469 569 1.091021
470 471 1.350947
470 480 0.313435
470 570 -0.404451
471 472 0.069927
471 481 -0.952492
471 571 -1.494972
472 473 1.313743
472 482 -1.892503
472 572 1.030719
473 474 -1.905334
473 483 -0.280816
473 573 -0.687728
474 475 1.364328
474 484 1.656536
474 574 0.483302
475 476 0.022049
475 485 0.464073
475 575 -1.026041
476 477 -0.656054
476 486 0.787006
476 576 -0.737017
477 478 -0.204323
477 487 -1.431178
477 577 -2.532676
478 479 0.033409
478 488 0.408254
478 578 0.443864
479 470 0.615020
479 489 0.077716
479 579 -0.426060
480 481 -1.191039
480 490 0.726252
480 580 0.694144
481 482 0.177577
481 491 0.857411
481 581 1.565691
482 483 -2.468990
482 492 -0.498848
482 582 0.430059
483 484 -0.257529
483 493 0.882321
483 583 0.433609
484 485 0.021221
484 494 -0.121489
484 584 -0.569277
485 486 -0.209559
485 495 -0.014973
485 585 -1.181888
486 487 0.448360
486 496 1.882667
486 586 0.673194
487 488 0.390685
487 497 0.901584
487 587 0.497391
488 489 -0.456682
488 498 0.965624
488 588 1.539268
489 480 1.151277
489 499 2.138423
489 589 0.438510
490 491 -0.125203
490 400 1.095472
490 590 -0.900284
491 492 -0.938759
491 401 3.954804
491 591 -0.228592
492 493 -0.391202
492 402 -0.517969
492 592 0.217028
493 494 0.254152
493 403 1.662453
493 593 0.083052
494 495 -0.171013
494 404 -1.257489
494 594 -2.106202
495 496 0.534385
495 405 -0.796282
495 595 0.407143
496 497 -0.383512
496 406 -0.838681
496 596 2.379087
497 498 0.786297
497 407 0.543388
497 597 -0.896367
498 499 -0.616742
498 408 -0.572951
498 598 0.498623
499 490 1.948259
499 409 0.046694
499 599 -0.690554
500 501 -1.338087
500 510 0.560710
500 600 2.215062
501 502 0.064270
501 511 -0.921280
501 601 0.301812
502 503 -0.402756
502 512 0.254419
502 602 -2.112877
503 504 0.666635
503 513 -0.470735
503 603 -0.760631
504 505 -0.453682
504 514 0.184023
504 604 0.921111
505 506 0.503871
505 515 0.494763
505 605 -1.101840
506 507 0.245046
506 516 -0.768238
506 606 0.165269
507 508 0.883143
507 517 0.021336
507 607 -0.874285
508 509 -0.380128
508 518 1.731745
508 608 0.500281
509 500 -1.254787
509 519 -0.145748
509 609 0.241665
510 511 -0.969843
510 520 -1.273221
510 610 -0.706117
511 512 1.747281
511 521 0.561771
511 611 -1.292601
512 513 -0.093824
512 522 -0.365395
512 612 1.609475
513 514 1.576978
513 523 -0.986633
513 613 1.636247
514 515 -0.177556
514 524 -0.384243
514 614 1.018821
515 516 0.162654
515 525 -0.449299
515 615 1.200867
516 517 2.082452
516 526 -1.882325
516 616 0.209044
517 518 1.258746
517 527 -0.706743
517 617 1.138699
518 519 1.316249
518 528 0.650388
518 618 -0.836550
519 510 -0.126708
519 529 -0.339620
519 619 1.435894
520 521 -0.208542
520 530 -0.006849
520 620 0.565606
521 522 -0.952612
521 531 -0.835173
521 621 0.152603
522 523 -1.427654
522 532 1.715022
522 622 0.074986
523 524 1.044494
523 533 0.783428
523 623 1.731937
524 525 1.183584
524 534 -1.088565
524 624 1.762577
525 526 -1.690311
525 535 -0.160767
525 625 0.439120
526 527 -0.149080
526 536 1.844401
526 626 1.131805
527 528 -1.179090
527 537 -0.021849
527 627 -0.335446
528 529 -0.341326
528 538 0.894226
528 628 0.066698
529 520 0.924190
529 539 -1.358391
529 629 -0.398456
530 531 -1.228410
530 540 -0.791790
530 630 -0.810783
531 532 -0.573766
531 541 0.986103
531 631 0.446405
532 533 0.600843
532 542 -0.651758
532 632 0.836979
533 534 0.566153
533 543 1.453099
533 633 0.652846
534 535 -1.410243
534 544 1.328980
534 634 0.532537
535 536 -0.108551
535 545 0.899605
535 635 -0.968758
536 537 1.354251
536 546 -0.277306
536 636 0.011216
537 538 -0.129024
537 547 0.429699
537 637 -0.130022
538 539 -1.812367
538 548 -2.968091
538 638 0.575199
539 530 0.110380
539 549 1.320481
539 639 1.195023
540 541 0.079895
540 550 -0.887970
540 640 1.921762
541 542 -1.111707
541 551 -0.693150
541 641 -0.863939
542 543 0.088614
542 552 -0.212344
542 642 -0.027662
543 544 0.465475
543 553 -1.140819
543 643 -0.581654
544 545 0.638767
544 554 -0.341222
544 644 -0.460473
545 546 -0.229451
545 555 0.298423
545 645 0.308362
546 547 1.622975
546 556 -1.283233
546 646 -1.138762
547 548 -0.789425
547 557 -0.233801
547 647 -0.131838
548 549 0.008794
548 558 -0.087070
548 648 -3.006432
549 540 1.056310
549 559 0.631820
549 649 -0.038351
550 551 -0.911223
550 560 -0.435639
550 650 0.835679
551 552 -0.672798
551 561 -1.265900
551 651 -1.271499
552 553 -0.884817
552 562 -0.739101
552 652 -1.468990
553 554 -0.749301
553 563 -0.692941
553 653 -1.206411
554 555 -0.180918
554 564 0.808988
554 654 -0.172919
555 556 -0.631499
555 565 0.367092
555 655 0.230382
556 557 -0.941091
556 566 0.919933
556 656 -0.096020
557 558 0.325117
557 567 0.318191
557 657 0.218223
558 559 -0.718308
558 568 -0.168153
558 658 -0.296532
559 550 0.198083
559 569 -1.123476
559 659 -0.114536
560 561 1.344932
560 570 -0.804573
560 660 -0.640447
561 562 -0.210552
561 571 0.683041
561 661 -1.014991
562 563 -1.037793
562 572 -0.482556
562 662 -1.902951
563 564 1.124527
563 573 -0.538413
563 663 0.063938
564 565 -1.063529
564 574 0.343505
564 664 0.087520
565 566 0.333555
565 575 -0.649149
565 665 0.317550
566 567 -0.746147
566 576 0.565928
566 666 1.252298
567 568 -1.236797
567 577 -0.329647
567 667 -1.177599
568 569 -1.082222
568 578 -0.050213
568 668 0.589032
569 560 0.241493
569 579 0.457630
569 669 0.014093
570 571 0.090274
570 580 0.630121
570 670 0.146094
571 572 0.961363
571 581 2.450083
571 671 0.265494
572 573 -0.776841
572 582 0.407632
572 672 -0.217440
573 574 0.099754
573 583 0.086795
573 673 0.597239
574 575 -0.016503
574 584 -1.317082
574 674 -0.394611
575 576 2.020654
575 585 -1.687066
575 675 -0.984568
576 577 0.183702
576 586 -0.197211
576 676 -1.301343
577 578 -0.944152
577 587 -0.235247
577 677 -1.139936
578 579 -0.875281
578 588 -0.610009
578 678 0.534131
579 570 -1.773479
579 589 -0.584251
579 679 -0.200969
580 581 0.703738
580 590 1.756755
580 680 0.973866
581 582 -1.192077
581 591 1.978734
581 681 0.431200
582 583 0.314341
582 592 -2.044535
582 682 -0.409602
583 584 -1.476140
583 593 -1.293247
583 683 -0.236216
584 585 -0.755619
584 594 0.564586
584 684 0.586077
585 586 0.038003
585 595 0.444122
585 685 2.511191
586 587 0.523676
586 596 0.940122
586 686 -0.203578
587 588 0.631181
587 597 0.837957
587 687 0.929769
588 589 -1.714285
588 598 -1.480926
588 688 0.463495
589 580 -0.760045
589 599 0.230945
589 689 0.758866
590 591 -0.818967
590 500 -1.325518
590 690 0.271750
591 592 -0.637106
591 501 -0.657319
591 691 -1.422306
592 593 -0.229191
592 502 1.090879
592 692 0.560147
593 594 -0.627380
593 503 -1.152309
593 693 -0.033804
594 595 1.345148
594 504 2.598089
594 694 0.912783
595 596 -0.085228
595 505 0.540760
595 695 0.069779
596 597 -0.398206
596 506 0.638662
596 696 1.007095
597 598 -0.868727
597 507 1.213618
597 697 -0.167029
598 599 -0.314144
598 508 1.031741
598 698 -1.224230
599 590 -0.595005
599 509 -0.277382
599 699 0.610491
600 601 0.076935
600 610 -1.190808
600 700 0.541736
601 602 -1.693396
601 611 1.598043
601 701 0.561876
602 603 2.002173
602 612 0.694124
602 702 1.104332
603 604 -1.558099
603 613 -0.079599
603 703 0.144547
604 605 0.683363
604 614 -1.275625
604 704 -0.751876
605 606 -0.497995
605 615 -2.485146
605 705 0.658529
606 607 0.306600
606 616 -1.061097
606 706 -0.206417
607 608 0.386244
607 617 0.537631
607 707 0.761096
608 609 1.749069
608 618 -1.262143
608 708 0.572637
609 600 0.878095
609 619 0.217385
609 709 -0.623892
610 611 0.479827
610 620 -0.220290
610 710 -3.048653
611 612 0.774448
611 621 -1.148965
611 711 0.300283
612 613 -1.548254
612 622 -0.135866
612 712 -1.301911
613 614 1.675496
613 623 1.133871
613 713 -0.844790
614 615 0.494831
614 624 0.032649
614 714 0.821708
615 616 -0.778401
615 625 -0.403937
615 715 -0.045167
616 617 0.839846
616 626 0.881479
616 716 0.390841
617 618 1.184625
617 627 0.646237
617 717 -0.947517
618 619 -0.141881
618 628 -0.062634
618 718 -0.350343
619 610 -1.668580
619 629 -0.120489
619 719 0.257093
620 621 0.728787
620 630 -0.421395
620 720 -0.305626
621 622 0.281001
621 631 1.113378
621 721 -0.154956
622 623 0.510618
622 632 1.102957
622 722 0.686286
623 624 -0.085515
623 633 0.317264
623 723 -1.563709
624 625 -1.406855
624 634 -0.729272
624 724 1.041969
625 626 -0.353017
625 635 -0.493755
625 725 -0.815450
626 627 -0.453201
626 636 -1.201095
626 726 -0.734196
627 628 -0.274523
627 637 0.861257
627 727 -1.621968
628 629 0.525411
628 638 -1.030704
628 728 0.391971
629 620 0.914702
629 639 0.376984
629 729 -0.086836
630 631 -0.223243
630 640 0.732261
630 730 -0.493974
631 632 0.727696
631 641 -0.387453
631 731 0.531891
632 633 1.471980
632 642 0.497554
632 732 1.016321
633 634 -0.943103
633 643 0.162859
633 733 -0.606006
634 635 -0.424402
634 644 -1.025670
634 734 1.725063
635 636 -0.922873
635 645 -2.361164
635 735 0.010940
636 637 -0.356496
636 646 0.157024
636 736 -0.923619
637 638 0.093607
637 647 0.357827
637 737 -0.658981
638 639 0.533854
638 648 0.605384
638 738 -0.224398
639 630 -1.080276
639 649 0.510078
639 739 -2.005917
640 641 -2.037479
640 650 -0.441535
640 740 -0.668673
641 642 0.345309
641 651 1.745186
641 741 -0.623255
642 643 0.328991
642 652 -0.425131
642 742 0.068095
643 644 -0.522704
643 653 -1.563331
643 743 1.348690
644 645 0.266438
644 654 0.928983
644 744 -0.501680
645 646 1.238727
645 655 0.884373
645 745 -0.543260
646 647 -0.564435
646 656 0.315631
646 746 -0.147403
647 648 -1.780252
647 657 0.857337
647 747 -1.994088
648 649 0.954407
648 658 -1.514006
648 748 1.256684
649 640 -0.654896
649 659 -0.189960
649 749 -1.456527
650 651 0.730933
650 660 1.026655
650 750 0.125763
651 652 0.463661
651 661 -1.151475
651 751 -0.773245
652 653 0.387301
652 662 0.267775
652 752 -0.171038
653 654 -0.383218
653 663 -1.706687
653 753 -0.154694
654 655 0.650248
654 664 -1.948306
654 754 2.013094
655 656 1.986509
655 665 -1.826246
655 755 -1.646035
656 657 -0.612820
656 666 1.781228
656 756 -1.751442
657 658 -0.470856
657 667 -0.061125
657 757 -0.634036
658 659 -0.035716
658 668 0.969774
658 758 -0.524508
659 650 -1.468631
659 669 0.297678
659 759 0.381298
660 661 -0.608158
660 670 -2.595992
660 760 0.191234
661 662 1.876706
661 671 -1.053343
661 761 -1.248747
662 663 0.924772
662 672 -0.271463
662 762 -0.133704
663 664 -0.698054
663 673 2.275090
663 763 0.635442
664 665 1.384541
664 674 -0.855981
664 764 -0.535708
665 666 0.795245
665 675 0.755706
665 765 -1.514057
666 667 -0.694871
666 676 0.880821
666 766 0.515868
667 668 1.729861
667 677 1.045471
667 767 -1.152919
668 669 -1.225792
668 678 2.312421
668 768 0.680742
669 660 -0.743399
669 679 0.581056
669 769 -0.719283
670 671 0.195259
670 680 0.785875
670 770 0.592990
671 672 -1.040966
671 681 -1.232357
671 771 -1.216095
672 673 -1.106593
672 682 0.012211
672 772 2.034029
673 674 2.080571
673 683 0.954333
673 773 -0.250961
674 675 0.225439
674 684 0.230300
674 774 -0.289046
675 676 0.578832
675 685 0.903054
675 775 -0.331458
676 677 -0.864913
676 686 -0.936361
676 776 -2.392415
677 678 -0.928657
677 687 -0.242071
677 777 0.434079
678 679 -1.679543
678 688 1.085062
678 778 0.636375
679 670 1.216359
679 689 0.863973
679 779 0.082010
680 681 -1.207347
680 690 -0.951122
680 780 -0.512677
681 682 0.119114
681 691 0.680325
681 781 0.829531
682 683 0.796711
682 692 -0.354505
682 782 -0.521624
683 684 -0.430748
683 693 -0.299376
683 783 0.289687
684 685 0.316889
684 694 0.979893
684 784 -0.006841
685 686 0.383316
685 695 2.812161
685 785 0.730935
686 687 0.003241
686 696 -0.715880
686 786 0.659600
687 688 -1.012200
687 697 -1.488686
687 787 -0.014224
688 689 -0.007016
688 698 -0.789456
688 788 -1.523493
689 680 0.301263
689 699 -0.331533
689 789 0.105464
690 691 0.271322
690 600 1.047164
690 790 1.294299
691 692 -0.593117
691 601 1.643357
691 791 -2.129509
692 693 0.591969
692 602 -1.187347
692 792 -1.890376
693 694 -1.097250
693 603 -1.165748
693 793 1.759506
694 695 -0.790844
694 604 1.653295
694 794 -0.404794
695 696 -1.152132
695 605 -1.250876
695 795 0.870295
696 697 -0.345000
696 606 0.996072
696 796 -2.472686
697 698 -0.775669
697 607 0.628539
697 797 -0.962499
698 699 -0.556268
698 608 -0.095478
698 798 -1.182946
699 690 -0.476406
699 609 0.433565
699 799 -0.096256
700 701 -0.525427
700 710 -2.230235
700 800 -0.283730
701 702 -0.501596
701 711 -0.159159
701 801 -1.012106
702 703 0.000587
702 712 1.155975
702 802 -1.791538
703 704 1.858239
703 713 0.472013
703 803 -1.073581
704 705 -0.781958
704 714 -1.126750
704 804 0.040263
705 706 -0.025044
705 715 0.476207
705 805 -0.337821
706 707 0.853499
706 716 -0.761597
706 806 -0.842793
707 708 0.153056
707 717 -1.711824
707 807 -0.282055
708 709 -0.368126
708 718 0.884951
708 808 0.334703
709 700 -0.693106
709 719 -0.639115
709 809 0.163936
710 711 1.577668
710 720 1.342280
710 810 0.156481
711 712 2.490115
711 721 1.345302
711 811 -0.063261
712 713 1.280577
712 722 -0.137163
712 812 0.920941
713 714 -1.085116
713 723 1.378220
713 813 -0.725439
714 715 1.860695
714 724 -0.960006
714 814 1.587222
715 716 -0.440711
715 725 0.336805
715 815 0.807385
716 717 -1.289490
716 726 -0.505494
716 816 -1.222507
717 718 -0.556387
717 727 -1.000658
717 817 0.232013
718 719 0.851528
718 728 -0.336714
718 818 0.402627
719 710 0.986744
719 729 -1.615126
719 819 2.058775
720 721 -0.337834
720 730 0.897031
720 820 -1.214597
721 722 -0.209246
721 731 -1.073601
721 821 0.877383
722 723 1.568520
722 732 2.585354
722 822 -0.615591
723 724 -0.455901
723 733 0.030953
723 823 -1.615704
724 725 -2.955110
724 734 -0.410472
724 824 -0.824947
725 726 -0.638039
725 735 1.855522
725 825 -0.856214
726 727 0.223798
726 736 -0.748487
726 826 0.214036
727 728 -1.325139
727 737 1.000215
727 827 -0.164445
728 729 -1.242333
728 738 0.886133
728 828 -1.699438
729 720 -0.398521
729 739 0.107780
729 829 0.577453
730 731 0.710444
730 740 0.773138
730 830 0.680547
731 732 -1.892987
731 741 0.045303
731 831 1.816629
732 733 0.488304
732 742 -0.733838
732 832 -0.836414
733 734 0.309250
733 743 1.003980
733 833 -2.209550
734 735 0.306099
734 744 -1.062063
734 834 1.740071
735 736 0.592966
735 745 1.152154
735 835 -0.432412
736 737 1.381380
736 746 0.720764
736 836 -0.710358
737 738 0.962577
737 747 0.282236
737 837 -0.202359
738 739 0.733236
738 748 -0.425346
738 838 0.882877
739 730 0.311764
739 749 1.105341
739 839 -0.681335
740 741 -0.695678
740 750 0.307309
740 840 -0.245126
741 742 1.574920
741 751 -0.781693
741 841 -1.809183
742 743 -1.055640
742 752 -0.782119
742 842 -0.346998
743 744 0.534871
743 753 1.101890
743 843 0.594956
744 745 -2.056047
744 754 -0.608327
744 844 0.733606
745 746 0.313977
745 755 -0.437065
745 845 0.428858
746 747 0.978843
746 756 -1.645500
746 846 1.224494
747 748 1.394084
747 757 -0.988190
747 847 -1.765999
748 749 -2.575533
748 758 -0.946441
748 848 -1.356267
749 740 -0.026805
749 759 -1.350594
749 849 -1.048914
750 751 -0.946207
750 760 2.707551
750 850 -0.100935
751 752 1.947453
751 761 -1.189268
751 851 -0.874031
752 753 0.451075
752 762 -0.389383
752 852 -1.292153
753 754 -1.229601
753 763 -0.601541
753 853 -0.494942
754 755 -0.268848
754 764 -1.389928
754 854 0.814361
755 756 0.106479
755 765 0.575887
755 855 0.465588
756 757 -0.887826
756 766 0.871282
756 856 0.292403
757 758 -0.387115
757 767 -0.588856
757 857 0.991163
758 759 -1.304804
758 768 -0.875775
758 858 -0.604188
759 750 -0.835153
759 769 -0.243181
759 859 -1.311456
760 761 -1.372091
760 770 1.185348
760 860 0.661441
761 762 -0.864991
761 771 2.166370
761 861 1.380963
762 763 0.215083
762 772 -0.292501
762 862 -0.668415
763 764 -0.024182
763 773 -0.965611
763 863 0.048913
764 765 -1.130764
764 774 -1.898167
764 864 -2.290671
765 766 -0.127351
765 775 0.335987
765 865 -0.215779
766 767 1.777076
766 776 -0.683946
766 866 1.094248
767 768 -1.174045
767 777 -0.996696
767 867 0.520455
768 769 0.652673
768 778 -0.779672
768 868 -0.234407
769 760 -0.353044
769 779 0.873484
769 869 -0.421782
770 771 0.122608
770 780 -0.936140
770 870 0.083956
771 772 0.051523
771 781 0.893892
771 871 -0.061796
772 773 0.264621
772 782 0.332246
772 872 1.112765
773 774 1.198744
773 783 1.197315
773 873 -0.916804
774 775 -0.414311
774 784 1.267494
774 874 -0.077285
775 776 -2.115493
775 785 0.402620
775 875 -1.741879
776 777 -0.805520
776 786 0.838188
776 876 -0.704839
777 778 -1.511405
777 787 -1.115573
777 877 -2.175545
778 779 2.488914
778 788 1.960635
778 878 -1.164647
779 770 0.618973
779 789 0.174310
779 879 0.897484
780 781 1.673723
780 790 1.486665
780 880 -0.297267
781 782 0.040502
781 791 -0.233824
781 881 -0.408941
782 783 -1.190740
782 792 0.042092
782 882 -1.020720
783 784 2.087805
783 793 -0.020070
783 883 0.271179
784 785 -0.610035
784 794 1.454595
784 884 0.547719
785 786 -0.915342
785 795 0.281928
785 885 0.699396
786 787 -1.478316
786 796 -1.041438
786 886 -1.047179
787 788 1.081197
787 797 0.395329
787 887 -1.256170
788 789 -1.454203
788 798 -0.423479
788 888 -0.780487
789 780 -0.581665
789 799 0.642650
789 889 0.441622
790 791 0.351582
790 700 -1.060153
790 890 1.100026
791 792 -0.393329
791 701 -0.278018
791 891 0.025664
792 793 -0.172619
792 702 1.394571
792 892 0.814359
793 794 -0.858976
793 703 -2.210088
793 893 -0.534926
794 795 -1.369895
794 704 -0.310495
794 894 -0.643885
795 796 0.767079
795 705 0.325734
795 895 -0.845243
796 797 0.105280
796 706 -0.366101
796 896 -0.198997
797 798 0.234805
797 707 -0.136904
797 897 0.378137
798 799 -0.066709
798 708 -0.869817
798 898 0.826914
799 790 -1.277767
799 709 -0.236423
799 899 0.128603
800 801 0.233426
800 810 1.014136
800 900 0.758153
801 802 1.034561
801 811 -0.422146
801 901 0.536992
802 803 1.154856
802 812 0.431762
802 902 1.152194
803 804 0.787855
803 813 1.216733
803 903 -1.130699
804 805 0.493137
804 814 -1.252939
804 904 0.733971
805 806 0.342259
805 815 -0.677921
805 905 -0.958359
806 807 -0.224274
806 816 -0.537313
806 906 -0.389921
807 808 -1.451503
807 817 -0.489686
807 907 0.817150
808 809 0.500177
808 818 -0.070279
808 908 1.472989
809 800 -2.730434
809 819 -1.026575
809 909 -0.012236
810 811 0.268240
810 820 -0.480615
810 910 -0.167779
811 812 -0.427620
811 821 -0.326010
811 911 -0.134978
812 813 1.156830
812 822 0.380387
812 912 0.118890
813 814 2.348714
813 823 -1.176919
813 913 0.360240
814 815 -1.344391
814 824 0.270877
814 914 0.175494
815 816 -0.754045
815 825 -0.643778
815 915 -0.860215
816 817 0.101094
816 826 0.206450
816 916 0.598934
817 818 1.832587
817 827 0.016198
817 917 -0.530596
818 819 -0.277330
818 828 0.572601
818 918 -0.774137
819 810 -0.815259
819 829 0.435209
819 919 0.283792
820 821 -2.042807
820 830 -1.444580
820 920 -0.570337
821 822 -0.184491
821 831 -0.127820
821 921 0.298835
822 823 0.285829
822 832 -0.891230
822 922 0.353087
823 824 -0.808174
823 833 -1.433051
823 923 -0.558341
824 825 0.665520
824 834 -0.058478
824 924 0.240067
825 826 0.655399
825 835 0.939625
825 925 -0.649460
826 827 0.102050
826 836 1.446154
826 926 -0.316262
827 828 -1.472991
827 837 -0.822149
827 927 -1.792646
828 829 0.656954
828 838 -1.170865
828 928 -1.675127
829 820 -0.541925
829 839 -0.070519
829 929 0.038673
830 831 0.605758
830 840 1.262340
830 930 -0.055760
831 832 -0.327982
831 841 0.209501
831 931 0.352169
832 833 -1.454333
832 842 0.340699
832 932 0.412916
833 834 0.308468
833 843 0.796382
833 933 1.174818
834 835 1.279418
834 844 -1.679139
834 934 -0.473923
835 836 -1.071288
835 845 -0.674003
835 935 -0.170982
836 837 -1.611781
836 846 0.624405
836 936 0.217998
837 838 2.153649
837 847 0.733775
837 937 1.514471
838 839 0.060430
838 848 1.058762
838 938 0.252724
839 830 0.904909
839 849 -0.392251
839 939 0.556744
840 841 1.388960
840 850 -0.298195
840 940 -0.673781
841 842 -0.480047
841 851 0.092917
841 941 -0.444733
842 843 -0.718977
842 852 -0.281727
842 942 -0.399448
843 844 -0.194721
843 853 -0.777077
843 943 1.064893
844 845 0.054792
844 854 -1.775334
844 944 -0.608108
845 846 -0.290104
845 855 2.550370
845 945 0.248516
846 847 -1.078501
846 856 -0.983075
846 946 -1.466566
847 848 -0.162380
847 857 0.067926
847 947 -1.042467
848 849 -0.654990
848 858 -0.545886
848 948 -0.309202
849 840 1.122693
849 859 0.896459
849 949 0.721414
850 851 -1.023331
850 860 -0.560265
850 950 -2.547374
851 852 0.367281
851 861 -0.171033
851 951 0.183978
852 853 0.263299
852 862 -0.329828
852 952 -0.306311
853 854 -0.847121
853 863 -1.234782
853 953 -0.256051
854 855 -2.026626
854 864 -1.626856
854 954 0.440566
855 856 1.081973
855 865 0.212482
855 955 0.759015
856 857 0.074274
856 866 0.086271
856 956 0.627140
857 858 0.100566
857 867 0.563630
857 957 0.887185
858 859 -2.274951
858 868 0.491247
858 958 -1.866861
859 850 0.935590
859 869 0.284695
859 959 0.174785
860 861 0.391135
860 870 1.491068
860 960 -0.825469
861 862 0.355787
861 871 -0.085731
861 961 0.737565
862 863 0.848657
862 872 -0.744941
862 962 -0.301785
863 864 -0.049774
863 873 0.315630
863 963 0.774301
864 865 1.461134
864 874 -1.964724
864 964 0.569889
865 866 -0.586492
865 875 0.416323
865 965 -2.306298
866 867 -2.220119
866 876 0.026133
866 966 -0.399705
867 868 -0.188207
867 877 1.323006
867 967 -1.249848
868 869 -0.078935
868 878 -1.064666
868 968 -0.556704
869 860 0.594124
869 879 1.904858
869 969 0.603349
870 871 -0.669555
870 880 -0.545688
870 970 1.768913
871 872 1.521380
871 881 -0.983818
871 971 -1.473463
872 873 0.439821
872 882 -0.317249
872 972 -0.240851
873 874 1.130960
873 883 -0.546703
873 973 -0.669608
874 875 -1.735951
874 884 0.335303
874 974 0.386781
875 876 -0.683236
875 885 0.220725
875 975 1.474223
876 877 0.879101
876 886 0.830114
876 976 1.526355
877 878 0.593341
877 887 0.201641
877 977 0.669364
878 879 1.339586
878 888 1.926687
878 978 -0.946882
879 870 -0.486351
879 889 -2.985803
879 979 -0.049263
880 881 -0.683576
880 890 -0.047585
880 980 0.518301
881 882 0.942671
881 891 -0.878478
881 981 -0.077608
882 883 -1.246353
882 892 -0.990540
882 982 -0.470773
883 884 0.420093
883 893 0.268775
883 983 -0.297615
884 885 -0.186376
884 894 -0.060328
884 984 0.777690
885 886 -0.974215
885 895 -1.090681
885 985 0.170109
886 887 1.353187
886 896 -0.565000
886 986 1.410536
887 888 1.210296
887 897 -0.779838
887 987 -0.257734
888 889 -0.383804
888 898 0.210014
888 988 -0.486689
889 880 0.409655
889 899 0.444512
889 989 -0.460586
890 891 0.506513
890 800 -0.925962
890 990 -0.408613
891 892 1.397842
891 801 -0.917896
891 991 -0.248173
892 893 0.703860
892 802 1.575805
892 992 -0.824953
893 894 -0.110193
893 803 -0.012404
893 993 0.020183
894 895 -0.074351
894 804 -0.825251
894 994 -0.965885
895 896 -0.183036
895 805 -1.798417
895 995 -0.683496
896 897 0.346201
896 806 0.768046
896 996 0.003988
897 898 -1.500299
897 807 -0.090325
897 997 0.383454
898 899 -0.159778
898 808 0.701970
898 998 -0.996963
899 890 0.311087
899 809 -0.075966
899 999 0.408696
900 901 2.192929
900 910 -1.085597
900 0 -0.657391
901 902 -1.003031
901 911 0.575408
901 1 0.868178
902 903 -0.451758
902 912 -1.284530
902 2 -2.330723
903 904 -0.082943
903 913 -0.970954
903 3 1.374328
904 905 0.619599
904 914 -1.246606
904 4 0.598845
905 906 -0.007044
905 915 0.532050
905 5 -1.605737
906 907 1.170963
906 916 -0.576658
906 6 -0.721795
907 908 0.705272
907 917 0.061865
907 7 0.435666
908 909 0.190465
908 918 -0.647398
908 8 1.472100
909 900 -0.157233
909 919 0.229015
909 9 -0.908284
910 911 1.108281
910 920 -1.052110
910 10 0.799781
911 912 0.210332
911 921 -0.201973
911 11 -0.231834
912 913 1.017319
912 922 0.176224
912 12 -0.400077
913 914 -1.424352
913 923 -0.530091
913 13 1.269085
914 915 -0.704294
914 924 0.332496
914 14 -1.165369
915 916 -2.668116
915 925 0.753756
915 15 0.081165
916 917 -2.829841
916 926 0.518740
916 16 -1.014669
917 918 -0.453921
917 927 0.068688
917 17 -1.197680
918 919 0.527545
918 928 -0.151782
918 18 -0.115251
919 910 0.575963
919 929 0.793295
919 19 0.141507
920 921 1.001402
920 930 -0.858982
920 20 -0.600254
921 922 -0.330757
921 931 2.090343
921 21 0.020076
922 923 -0.415197
922 932 -0.528666
922 22 -0.320316
923 924 -0.864612
923 933 1.466886
923 23 0.521785
924 925 -2.219513
924 934 -0.321337
924 24 -1.331931
925 926 -0.746513
925 935 -0.093690
925 25 1.031441
926 927 0.554015
926 936 -2.891001
926 26 0.474375
927 928 0.305940
927 937 1.351641
927 27 0.568572
928 929 -0.562909
928 938 -0.126829
928 28 -0.162268
929 920 -0.481131
929 939 0.112994
929 29 1.059598
930 931 0.127558
930 940 -1.436616
930 30 -0.310730
931 932 -0.896354
931 941 -0.960150
931 31 1.241175
932 933 -1.038042
932 942 -1.472124
932 32 -1.725925
933 934 -0.051138
933 943 1.623375
933 33 -1.538811
934 935 0.206853
934 944 -0.941136
934 34 -1.597196
935 936 -0.019427
935 945 0.913905
935 35 0.193748
936 937 0.445563
936 946 1.023016
936 36 -0.083972
937 938 1.582921
937 947 -0.852170
937 37 -0.381974
938 939 0.551606
938 948 0.715646
938 38 1.518022
939 930 0.591700
939 949 -0.648750
939 39 -0.022776
940 941 -1.847308
940 950 -1.898354
940 40 0.305841
941 942 0.154049
941 951 0.110881
941 41 0.168757
942 943 0.378847
942 952 -0.807804
942 42 -0.069911
943 944 1.030105
943 953 -2.295293
943 43 -0.172247
944 945 -0.229893
944 954 -0.420435
944 44 -0.791780
945 946 0.423478
945 955 -0.694397
945 45 -0.463835
946 947 -0.509713
946 956 -1.322264
946 46 0.666867
947 948 -1.234387
947 957 1.450993
947 47 -0.860009
948 949 -0.336919
948 958 0.804591
948 48 -0.028929
949 940 0.916444
949 959 2.318096
949 49 -0.984787
950 951 0.719780
950 960 -0.167185
950 50 1.521035
951 952 -0.877912
951 961 0.528162
951 51 0.779888
952 953 0.992320
952 962 1.347599
952 52 0.630339
953 954 0.319142
953 963 -0.950366
953 53 -0.534206
954 955 0.960677
954 964 -1.385024
954 54 -1.197022
955 956 -1.989584
955 965 -0.276031
955 55 -1.271641
956 957 2.278703
956 966 0.650321
956 56 -0.049725
957 958 0.564776
957 967 -1.230769
957 57 0.037490
958 959 0.804348
958 968 1.178715
958 58 -0.101325
959 950 0.601208
959 969 0.581583
959 59 2.133487
960 961 -1.240987
960 970 0.880662
960 60 -1.213545
961 962 -0.433109
961 971 1.039872
961 61 0.656240
962 963 -0.094419
962 972 -2.647620
962 62 1.312009
963 964 1.147229
963 973 0.559098
963 63 0.804697
964 965 -0.484324
964 974 -1.368462
964 64 2.233341
965 966 0.949225
965 975 0.402860
965 65 1.830310
966 967 -0.211278
966 976 -0.230116
966 66 1.282595
967 968 -1.510071
967 977 1.183714
967 67 -0.066454
968 969 1.245052
968 978 -0.136484
968 68 -1.729392
969 960 -0.112705
969 979 0.318965
969 69 1.024807
970 971 0.299724
970 980 -1.678240
970 70 0.944573
971 972 -2.133487
971 981 1.457291
971 71 0.126799
972 973 -1.096171
972 982 0.004169
972 72 0.200529
973 974 -1.314304
973 983 -0.246180
973 73 -0.377193
974 975 1.056155
974 984 1.900094
974 74 -0.480645
975 976 0.361364
975 985 -0.040057
975 75 -0.263350
976 977 -0.245545
976 986 -0.795087
976 76 -0.824452
977 978 0.389736
977 987 -0.395745
977 77 -1.187951
978 979 0.822475
978 988 -0.250583
978 78 -0.964911
979 970 -0.429644
979 989 -1.392592
979 79 -0.832116
980 981 -0.467172
980 990 -1.164638
980 80 -1.074786
981 982 1.371440
981 991 0.006814
981 81 0.178513
982 983 1.612399
982 992 -0.613600
982 82 2.628482
983 984 0.681966
983 993 -0.092632
983 83 2.223184
984 985 0.138323
984 994 -0.146955
984 84 0.870459
985 986 -1.534889
985 995 -1.198465
985 85 -0.416590
986 987 -0.883221
986 996 -0.273235
986 86 0.127454
987 988 1.137876
987 997 -0.794487
987 87 1.639673
988 989 0.969431
988 998 0.355784
988 88 -0.807779
989 980 -0.856428
989 999 1.018941
989 89 -1.139626
990 991 1.818489
990 900 0.797613
990 90 -0.140665
991 992 0.737304
991 901 0.006745
991 91 0.610024
992 993 -0.752377
992 902 0.108514
992 92 0.317668
993 994 1.864040
993 903 -0.406957
993 93 1.877789
994 995 -0.187329
994 904 -1.765300
994 94 0.883320
995 996 -1.597687
995 905 -0.418359
995 95 -0.208287
996 997 0.183497
996 906 -1.845141
996 96 0.238936
997 998 -0.253238
997 907 0.039011
997 97 1.422758
998 999 0.803359
998 908 0.511429
998 98 -0.062621
999 990 0.812007
999 909 0.050549
999 99 -0.243703
