0 1 -0.312707
0 10 0.191773
0 100 -1.065820
1 2 -1.887133
1 11 -0.735788
1 101 0.874382
2 3 -0.757546
2 12 0.132896
2 102 -1.157448
3 4 -1.302772
3 13 -0.979608
3 103 1.488482
4 5 -0.455877
4 14 -0.705290
4 104 -0.797334
5 6 0.211320
5 15 -0.887830
5 105 0.637225
6 7 1.084871
6 16 -0.318171
6 106 -0.835068
7 8 0.147961
7 17 2.232700
7 107 0.057628
8 9 0.678474
8 18 0.003838
8 108 0.232173
9 0 2.237224
9 19 -0.224505
9 109 1.111006
10 11 0.320250
10 20 0.024091
10 110 -0.929570
11 12 -0.371775
11 21 0.561277
11 111 2.466262
12 13 0.306267
12 22 -0.696920
12 112 -1.594569
13 14 0.959641
13 23 -0.089781
13 113 0.746916
14 15 -0.728537
14 24 0.935649
14 114 -0.122031
15 16 0.630418
15 25 0.940715
15 115 0.018578
16 17 0.237169
16 26 -0.632018
16 116 0.499004
17 18 2.164535
17 27 -0.662379
17 117 1.172793
18 19 -1.361904
18 28 0.734722
18 118 -0.268550
19 10 0.538016
19 29 -0.156150
19 119 -0.851159
20 21 -0.511208
20 30 -0.287659
20 120 -0.839744
21 22 0.498604
21 31 1.738966
21 121 -0.521349
22 23 -1.464736
22 32 -0.589710
22 122 -1.746899
23 24 0.207896
23 33 0.563795
23 123 -1.202759
24 25 -1.150108
24 34 -0.495577
24 124 0.967224
25 26 -1.121925
25 35 1.318348
25 125 -1.294009
26 27 0.398036
26 36 -1.835605
26 126 -0.700387
27 28 -0.532046
27 37 0.174616
27 127 0.537374
28 29 0.876174
28 38 -0.018398
28 128 0.181388
29 20 1.375032
29 39 -0.288549
29 129 -0.625767
30 31 0.350601
30 40 -0.048712
30 130 1.294634
31 32 1.300923
31 41 1.121761
31 131 1.360903
32 33 -0.676486
32 42 -1.235218
32 132 2.037352
33 34 -0.134070
33 43 -0.286989
33 133 -1.992890
34 35 1.209065
34 44 -0.252884
34 134 1.205453
35 36 0.123401
35 45 -1.774272
35 135 -0.055632
36 37 -1.328809
36 46 -0.240309
36 136 -1.332484
37 38 -0.073622
37 47 -1.847530
37 137 0.822093
38 39 0.128227
38 48 -0.816046
38 138 0.018703
39 30 1.362101
39 49 1.695512
39 139 1.405250
40 41 0.889723
40 50 -0.294005
40 140 -1.405051
41 42 -0.312404
41 51 -0.190632
41 141 -2.378971
42 43 0.025358
42 52 0.604719
42 142 -0.138736
43 44 0.466510
43 53 0.497290
43 143 -1.559663
44 45 0.506059
44 54 0.947216
44 144 -0.052545
45 46 3.285770
45 55 -0.212680
45 145 -1.343743
46 47 -0.591205
46 56 -0.039914
46 146 0.131676
47 48 0.057695
47 57 -1.470557
47 147 0.570769
48 49 -1.825791
48 58 -1.986427
48 148 0.017545
49 40 -0.131267
49 59 -0.757827
49 149 0.296930
50 51 -2.311394
50 60 -0.610032
50 150 2.749676
51 52 1.505112
51 61 0.457091
51 151 -1.306650
52 53 1.191134
52 62 -2.009279
52 152 0.862493
53 54 -0.300694
53 63 -1.281606
53 153 1.725827
54 55 -0.820812
54 64 2.358473
54 154 0.459892
55 56 0.469684
55 65 -0.520543
55 155 1.079997
56 57 0.103018
56 66 -0.154665
56 156 1.167947
57 58 0.469128
57 67 -0.426950
57 157 0.999647
58 59 -0.290255
58 68 -0.910987
58 158 0.216477
59 50 -1.902248
59 69 1.120856
59 159 -0.264283
60 61 1.199999
60 70 0.296428
60 160 0.093617
61 62 -1.053288
61 71 -1.681190
61 161 0.507148
62 63 1.192203
62 72 0.722760
62 162 1.017368
63 64 -0.317484
63 73 0.728741
63 163 0.034852
64 65 1.523872
64 74 1.517753
64 164 1.753385
65 66 0.438984
65 75 -1.201301
65 165 -0.477043
66 67 -0.481991
66 76 -0.235799
66 166 -0.739030
67 68 -0.874565
67 77 -0.110100
67 167 0.434360
68 69 0.665589
68 78 -0.784271
68 168 -0.931728
69 60 0.396014
69 79 1.201931
69 169 -0.533448
70 71 0.196938
70 80 0.695214
70 170 -2.623428
71 72 -0.053936
71 81 0.537325
71 171 -1.897932
72 73 -1.214642
72 82 -0.373030
72 172 -3.273463
73 74 -1.738187
73 83 0.168969
73 173 1.913235
74 75 1.099579
74 84 1.955458
74 174 1.084844
75 76 -0.203370
75 85 -0.275306
75 175 -1.839959
76 77 1.108361
76 86 -0.142551
76 176 -0.558856
77 78 0.625471
77 87 -0.041832
77 177 1.516772
78 79 -0.538649
78 88 0.704401
78 178 0.706948
79 70 0.561371
79 89 -0.369114
79 179 0.946422
80 81 -0.651201
80 90 -0.703397
80 180 0.986056
81 82 -0.196609
81 91 0.968448
81 181 0.029333
82 83 0.340062
82 92 -1.803653
82 182 -0.361050
83 84 1.857273
83 93 -1.068460
83 183 0.018919
84 85 -1.034327
84 94 0.779773
84 184 -0.951097
85 86 -1.936402
85 95 1.290722
85 185 0.994542
86 87 -0.110346
86 96 -0.053925
86 186 -0.506707
87 88 0.471045
87 97 -0.421221
87 187 -0.012106
88 89 0.436049
88 98 1.025235
88 188 -0.087722
89 80 -1.771839
89 99 1.884501
89 189 0.256389
90 91 -0.453990
90 0 0.511563
90 190 -0.984930
91 92 0.742134
91 1 -0.054173
91 191 1.056273
92 93 -1.531846
92 2 -0.107810
92 192 0.143274
93 94 -0.111587
93 3 2.493606
93 193 -0.248496
94 95 -1.051479
94 4 0.187278
94 194 0.966394
95 96 1.768318
95 5 2.173903
95 195 1.819558
96 97 -0.503651
96 6 0.061971
96 196 -0.891499
97 98 1.135773
97 7 2.364045
97 197 -1.128896
98 99 0.283391
98 8 -1.090832
98 198 0.111250
99 90 -0.423408
99 9 0.133500
99 199 0.050516
100 101 -0.459115
100 110 0.300018
100 200 -2.180539
101 102 0.077187
101 111 0.967672
101 201 1.490731
102 103 1.261971
102 112 -1.321849
102 202 -1.129258
103 104 0.482097
103 113 -0.277647
103 203 0.257613
104 105 -2.131787
104 114 0.177702
104 204 -0.987938
105 106 -0.430017
105 115 0.031072
105 205 0.118260
106 107 -1.817769
106 116 0.934349
106 206 -1.508048
107 108 -0.991960
107 117 -0.965806
107 207 -0.613001
108 109 -1.004838
108 118 1.092648
108 208 -0.599813
109 100 -0.136395
109 119 -1.796556
109 209 -0.522879
110 111 -0.649265
110 120 2.359899
110 210 -1.384403
111 112 0.725012
111 121 -1.387977
111 211 -0.107330
112 113 -0.023184
112 122 -0.696027
112 212 -0.400388
113 114 -0.197355
113 123 0.751091
113 213 0.444807
114 115 -1.122106
114 124 -0.732973
114 214 0.223948
115 116 -1.390755
115 125 -0.274007
115 215 0.718939
116 117 1.263304
116 126 -0.079255
116 216 0.634701
117 118 -0.609127
117 127 -0.735620
117 217 2.419296
118 119 -0.404318
118 128 -0.723811
118 218 -1.636693
119 110 -0.449850
119 129 1.902389
119 219 -0.355219
120 121 1.007984
120 130 0.175055
120 220 0.645899
121 122 -0.418826
121 131 -0.763688
121 221 -0.539394
122 123 0.722236
122 132 -0.773798
122 222 -0.069920
123 124 0.613970
123 133 -0.182447
123 223 -1.170507
124 125 1.018484
124 134 1.170807
124 224 -0.673984
125 126 0.303510
125 135 2.469039
125 225 0.461999
126 127 0.204093
126 136 0.625591
126 226 1.225778
127 128 0.330568
127 137 -1.442064
127 227 0.889811
128 129 -0.753614
128 138 -0.114450
128 228 1.855107
129 120 1.661053
129 139 0.711362
129 229 -0.929659
130 131 0.315385
130 140 -2.057015
130 230 -2.309427
131 132 0.345489
131 141 1.941590
131 231 0.016758
132 133 1.444784
132 142 0.414532
132 232 0.255814
133 134 1.572538
133 143 -0.465581
133 233 -0.403551
134 135 -0.117078
134 144 0.556286
134 234 0.169039
135 136 -0.960837
135 145 2.266545
135 235 0.490794
136 137 0.309650
136 146 -0.942212
136 236 1.275496
137 138 1.506521
137 147 -0.678550
137 237 0.316023
138 139 -2.503735
138 148 -0.650773
138 238 -0.721921
139 130 -1.369954
139 149 -0.930703
139 239 -0.087638
140 141 0.006841
140 150 -0.316274
140 240 -0.740600
141 142 1.139823
141 151 0.109351
141 241 -0.270113
142 143 -2.127120
142 152 0.432880
142 242 1.582778
143 144 -0.626781
143 153 -0.928440
143 243 -1.287026
144 145 1.124603
144 154 -0.377348
144 244 0.468634
145 146 0.805365
145 155 -0.263305
145 245 -0.787831
146 147 -1.739900
146 156 0.676978
146 246 -1.165647
147 148 -1.816040
147 157 -0.578144
147 247 0.053791
148 149 -0.624618
148 158 0.851267
148 248 -0.682600
149 140 1.500641
149 159 -0.576852
149 249 0.058116
150 151 -0.428327
150 160 0.586443
150 250 -0.089216
151 152 -0.421336
151 161 0.184117
151 251 -1.122478
152 153 0.024234
152 162 2.031040
152 252 -1.300010
153 154 0.042608
153 163 -0.053901
153 253 0.206818
154 155 0.674510
154 164 0.650847
154 254 -0.118486
155 156 -0.402348
155 165 -0.905337
155 255 -0.886221
156 157 0.095933
156 166 0.368800
156 256 -0.491115
157 158 0.301595
157 167 0.340723
157 257 -0.226358
158 159 1.401249
158 168 -0.537937
158 258 -0.291059
159 150 1.249288
159 169 -0.492015
159 259 -1.562373
160 161 -0.890426
160 170 -1.104245
160 260 -0.498645
161 162 0.675432
161 171 0.584497
161 261 1.364012
162 163 -1.131438
162 172 -1.125350
162 262 -1.083346
163 164 -0.907625
163 173 -2.875100
163 263 -0.171357
164 165 -1.248668
164 174 1.207570
164 264 -2.449254
165 166 -0.334532
165 175 -0.047935
165 265 -0.791650
166 167 -1.632103
166 176 -0.947545
166 266 0.836665
167 168 0.361633
167 177 -1.460015
167 267 0.185397
168 169 0.460065
168 178 0.703420
168 268 -1.378008
169 160 0.215913
169 179 -0.973288
169 269 -0.686348
170 171 -0.814050
170 180 0.618680
170 270 1.747600
171 172 -1.094827
171 181 0.697914
171 271 0.691484
172 173 -0.295038
172 182 0.454705
172 272 1.713371
173 174 -0.670371
173 183 -1.744342
173 273 0.260060
174 175 0.370034
174 184 1.970989
174 274 1.497826
175 176 -1.237940
175 185 1.781889
175 275 0.327631
176 177 0.708429
176 186 1.066701
176 276 1.087686
177 178 0.434460
177 187 1.812374
177 277 1.995308
178 179 0.503327
178 188 -0.713053
178 278 1.563405
179 170 -0.649425
179 189 0.835321
179 279 1.611269
180 181 -2.071260
180 190 -0.608320
180 280 1.066354
181 182 -0.408216
181 191 -1.335723
181 281 0.481391
182 183 2.593014
182 192 0.991851
182 282 -0.609873
183 184 1.457596
183 193 -0.075846
183 283 2.192428
184 185 -0.992827
184 194 0.920147
184 284 0.928503
185 186 -0.029732
185 195 0.819058
185 285 0.018302
186 187 -1.028394
186 196 0.176340
186 286 -0.664463
187 188 1.149917
187 197 -0.135988
187 287 1.224761
188 189 -0.428567
188 198 1.179386
188 288 -1.770340
189 180 0.082969
189 199 -0.988244
189 289 0.782188
190 191 0.241046
190 100 0.803108
190 290 -2.789038
191 192 -0.857664
191 101 0.076957
191 291 0.238145
192 193 -1.167894
192 102 -2.720983
192 292 0.985247
193 194 -0.740681
193 103 -0.979263
193 293 0.374992
194 195 -0.267165
194 104 -0.227773
194 294 0.321733
195 196 0.623041
195 105 1.010015
195 295 0.002480
196 197 1.618485
196 106 -1.813697
196 296 -2.340703
197 198 -0.378526
197 107 -0.125386
197 297 -0.707223
198 199 0.043056
198 108 1.485649
198 298 0.534373
199 190 -1.043091
199 109 -1.311536
199 299 0.680277
200 201 -0.074502
200 210 -0.221107
200 300 -0.738412
201 202 -1.100059
201 211 -1.289157
201 301 -0.271652
202 203 -0.974914
202 212 -1.054122
202 302 -1.605344
203 204 0.193960
203 213 -0.340376
203 303 -0.999770
204 205 -1.012529
204 214 -0.168979
204 304 -0.094611
205 206 0.454286
205 215 1.672585
205 305 -1.170061
206 207 -1.896682
206 216 -1.298195
206 306 0.001876
207 208 -1.743474
207 217 -1.093867
207 307 0.544180
208 209 1.337763
208 218 2.712906
208 308 0.509168
209 200 -0.956001
209 219 0.250652
209 309 -0.352857
210 211 1.217356
210 220 1.043973
210 310 1.258640
211 212 0.289225
211 221 -0.209168
211 311 -0.120638
212 213 -0.176333
212 222 0.655386
212 312 0.659959
213 214 0.142474
213 223 0.088355
213 313 -1.214618
214 215 -2.328422
214 224 -0.699202
214 314 1.414115
215 216 -1.386356
215 225 -0.298280
215 315 0.854575
216 217 0.461709
216 226 0.040350
216 316 -0.536082
217 218 0.134284
217 227 -0.350292
217 317 -0.998849
218 219 -1.722884
218 228 2.689707
218 318 1.266358
219 210 0.438597
219 229 -0.578718
219 319 -0.588689
220 221 -0.597848
220 230 -0.564808
220 320 0.747922
221 222 -0.329110
221 231 1.499517
221 321 1.490241
222 223 -0.425625
222 232 -0.171971
222 322 -0.178629
223 224 -0.001859
223 233 -0.976212
223 323 0.304007
224 225 1.403196
224 234 -0.125601
224 324 -0.870383
225 226 -0.725311
225 235 0.335324
225 325 1.576259
226 227 -0.817874
226 236 1.896447
226 326 -1.761037
227 228 -0.168451
227 237 -0.610575
227 327 -0.136999
228 229 1.198203
228 238 -0.674367
228 328 -0.025875
229 220 -1.014968
229 239 -0.364259
229 329 -0.387554
230 231 2.084438
230 240 -1.337689
230 330 -0.295009
231 232 1.019064
231 241 1.793154
231 331 0.234895
232 233 -0.297085
232 242 -1.624267
232 332 -0.556405
233 234 1.771614
233 243 -0.676401
233 333 1.360027
234 235 0.470638
234 244 0.162534
234 334 0.998873
235 236 0.188755
235 245 -0.476392
235 335 0.826802
236 237 -1.242638
236 246 -1.603734
236 336 -1.416736
237 238 0.547166
237 247 -0.588755
237 337 2.268698
238 239 -1.836283
238 248 0.322323
238 338 -2.110070
239 230 0.240146
239 249 -0.313810
239 339 0.148309
240 241 -0.652867
240 250 0.043841
240 340 0.294351
241 242 0.455417
241 251 0.003368
241 341 -0.534429
242 243 1.196917
242 252 0.648174
242 342 1.395338
243 244 -0.397890
243 253 -0.809357
243 343 1.743618
244 245 0.933916
244 254 -1.547557
244 344 -0.381512
245 246 0.725308
245 255 0.897081
245 345 1.583622
246 247 -0.679534
246 256 0.611363
246 346 -1.089607
247 248 0.397378
247 257 -0.342539
247 347 -1.986391
248 249 0.192969
248 258 0.183697
248 348 0.165143
249 240 -0.119569
249 259 -0.705826
249 349 0.411679
250 251 -0.252180
250 260 -0.590899
250 350 -0.271668
251 252 0.716101
251 261 -0.233383
251 351 1.062584
252 253 -1.168164
252 262 1.496213
252 352 -0.425005
253 254 0.142755
253 263 0.952314
253 353 -2.199076
254 255 1.544853
254 264 0.045253
254 354 0.368344
255 256 -0.357640
255 265 -0.533499
255 355 -0.437108
256 257 -0.907201
256 266 0.470071
256 356 -0.639872
257 258 -0.979786
257 267 -0.524094
257 357 -1.055461
258 259 -0.717953
258 268 -0.384942
258 358 0.401241
259 250 0.449786
259 269 0.280369
259 359 -1.580134
260 261 0.119444
260 270 1.280650
260 360 -0.985709
261 262 -0.879426
261 271 -0.517142
261 361 -0.259593
262 263 -0.371916
262 272 0.401304
262 362 1.832530
263 264 -0.530310
263 273 0.096722
263 363 -0.440299
264 265 -0.939159
264 274 -1.882251
264 364 0.801644
265 266 0.047723
265 275 -0.116065
265 365 1.077772
266 267 1.401372
266 276 0.129893
266 366 1.923785
267 268 0.316807
267 277 0.535485
267 367 -1.174073
268 269 1.094628
268 278 0.259949
268 368 -0.067521
269 260 -0.295536
269 279 -1.763079
269 369 0.599280
270 271 1.209115
270 280 0.230702
270 370 -1.768820
271 272 -0.642697
271 281 1.135426
271 371 1.231645
272 273 1.631286
272 282 1.657346
272 372 -0.521365
273 274 -1.499563
273 283 1.800043
273 373 -0.971338
274 275 0.858967
274 284 -1.514563
274 374 0.130766
275 276 -0.182131
275 285 -0.773512
275 375 -0.147953
276 277 0.056394
276 286 -0.503659
276 376 1.579541
277 278 -2.037210
277 287 0.089695
277 377 -1.254951
278 279 0.477766
278 288 -2.214540
278 378 2.840872
279 270 -0.244449
279 289 1.768393
279 379 0.294499
280 281 -0.995554
280 290 -0.157051
280 380 0.498918
281 282 -0.358118
281 291 1.696750
281 381 0.029591
282 283 -0.159454
282 292 -0.066457
282 382 0.884225
283 284 0.862433
283 293 0.939302
283 383 -0.646356
284 285 -1.427914
284 294 1.913528
284 384 0.907109
285 286 -1.232897
285 295 1.293029
285 385 -0.781394
286 287 -0.092233
286 296 -0.511170
286 386 -0.614758
287 288 0.168281
287 297 1.081019
287 387 0.610130
288 289 -0.624325
288 298 0.319351
288 388 -0.829350
289 280 1.130727
289 299 -0.015183
289 389 1.324716
290 291 1.189068
290 200 1.479507
290 390 0.103810
291 292 -0.297895
291 201 -0.858001
291 391 -0.653047
292 293 -0.763728
292 202 -0.865199
292 392 -1.308006
293 294 -1.024572
293 203 -0.363659
293 393 0.086899
294 295 0.229268
294 204 -0.599542
294 394 0.974517
295 296 -0.637988
295 205 0.881329
295 395 -0.737463
296 297 0.359451
296 206 1.608367
296 396 0.888078
297 298 -2.915104
297 207 0.238755
297 397 -0.262072
298 299 -0.364736
298 208 0.402868
298 398 -1.306388
299 290 0.193913
299 209 -0.762276
299 399 -0.017908
300 301 0.212444
300 310 -0.540064
300 400 0.141721
301 302 -0.226618
301 311 -1.212964
301 401 -0.042412
302 303 1.044639
302 312 -0.537459
302 402 -1.515071
303 304 0.000804
303 313 -0.313603
303 403 0.351234
304 305 -0.715158
304 314 0.575679
304 404 -0.735025
305 306 1.237830
305 315 2.186209
305 405 -1.676722
306 307 -0.593466
306 316 0.099743
306 406 -0.681476
307 308 0.323037
307 317 -1.432346
307 407 1.112832
308 309 -0.769573
308 318 0.543792
308 408 -0.285425
309 300 1.054182
309 319 0.585595
309 409 0.643217
310 311 0.116079
310 320 0.276559
310 410 -1.655191
311 312 0.649363
311 321 0.166090
311 411 0.698896
312 313 -0.604910
312 322 -1.782049
312 412 -0.593002
313 314 0.467138
313 323 -0.778397
313 413 -0.355273
314 315 2.656302
314 324 -0.035897
314 414 0.363835
315 316 0.530388
315 325 0.344510
315 415 -0.427525
316 317 -0.049287
316 326 -0.762093
316 416 -0.567782
317 318 0.046614
317 327 1.305671
317 417 0.926067
318 319 0.625381
318 328 0.386375
318 418 0.207452
319 310 -0.834403
319 329 -0.212413
319 419 0.004925
320 321 -0.019641
320 330 -0.826569
320 420 0.919908
321 322 1.232982
321 331 -1.752903
321 421 0.149650
322 323 -0.045908
322 332 1.782304
322 422 1.258128
323 324 -1.776040
323 333 -0.092144
323 423 -0.943350
324 325 1.490327
324 334 -0.366120
324 424 -0.345458
325 326 -0.870908
325 335 0.531862
325 425 -1.873867
326 327 -0.496280
326 336 -0.014673
326 426 -0.974365
327 328 -0.153151
327 337 0.179994
327 427 -0.614795
328 329 -0.692602
328 338 -0.588067
328 428 0.107908
329 320 -0.182893
329 339 2.771425
329 429 1.831223
330 331 0.070692
330 340 0.765180
330 430 0.147723
331 332 -2.271497
331 341 0.429629
331 431 0.628545
332 333 0.410324
332 342 0.540287
332 432 1.170605
333 334 -0.179857
333 343 -1.381809
333 433 1.000975
334 335 -0.785072
334 344 -1.692534
334 434 -0.231849
335 336 0.386364
335 345 2.307072
335 435 -1.171030
336 337 0.516697
336 346 0.321899
336 436 1.946100
337 338 -0.605391
337 347 0.039035
337 437 0.221791
338 339 -1.225246
338 348 -1.249692
338 438 -0.116926
339 330 -0.639370
339 349 -1.550281
339 439 0.117263
340 341 1.364893
340 350 -0.294886
340 440 -0.420068
341 342 -0.466194
341 351 0.668408
341 441 -1.007238
342 343 -0.122217
342 352 -1.000487
342 442 0.100311
343 344 -0.255982
343 353 -0.215070
343 443 -2.581088
344 345 -1.611293
344 354 0.773441
344 444 1.189190
345 346 0.165024
345 355 1.123957
345 445 -1.565566
346 347 0.869628
346 356 -0.071040
346 446 -0.352174
347 348 0.731461
347 357 -0.315223
347 447 -0.244945
348 349 2.691275
348 358 -0.593245
348 448 1.256845
349 340 0.240184
349 359 0.594921
349 449 -0.090227
350 351 0.922294
350 360 -0.330175
350 450 0.497149
351 352 -1.430878
351 361 -0.036790
351 451 0.055258
352 353 2.125940
352 362 1.083447
352 452 2.549950
353 354 -0.874090
353 363 0.455446
353 453 -1.024045
354 355 0.967126
354 364 -1.588190
354 454 -0.977561
355 356 -0.385152
355 365 0.765642
355 455 0.720391
356 357 0.280055
356 366 -0.926671
356 456 2.004506
357 358 -1.449816
357 367 0.938496
357 457 0.629758
358 359 -1.233569
358 368 0.861418
358 458 -0.488827
359 350 0.303491
359 369 0.356153
359 459 -0.507049
360 361 0.293032
360 370 -0.647550
360 460 1.063113
361 362 -0.272380
361 371 -1.502111
361 461 0.438759
362 363 -0.569376
362 372 0.650012
362 462 -0.061520
363 364 0.371294
363 373 0.340840
363 463 0.952155
364 365 -0.576521
364 374 0.004633
364 464 1.246318
365 366 -0.802469
365 375 0.263971
365 465 0.035470
366 367 -0.630219
366 376 1.582027
366 466 -0.133241
367 368 -0.338463
367 377 0.056930
367 467 0.432759
368 369 -0.425892
368 378 1.190439
368 468 -0.558062
369 360 0.076247
369 379 1.453117
369 469 -0.508091
370 371 -0.631677
370 380 1.480197
370 470 0.007702
371 372 0.532025
371 381 0.087695
371 471 0.142254
372 373 -0.039057
372 382 -0.446272
372 472 -1.218141
373 374 -1.569869
373 383 -0.448333
373 473 -0.527392
374 375 1.282174
374 384 -0.016641
374 474 -0.499325
375 376 -0.919836
375 385 1.550351
375 475 -0.477574
376 377 0.667997
376 386 -1.197377
376 476 -0.976108
377 378 1.304505
377 387 0.307004
377 477 -0.651554
378 379 -0.874175
378 388 0.640655
378 478 1.721253
379 370 -0.404226
379 389 0.765597
379 479 -1.510775
380 381 -0.164885
380 390 0.646051
380 480 -0.067681
381 382 -1.085337
381 391 -1.421786
381 481 0.101660
382 383 0.927617
382 392 1.597889
382 482 -0.799417
383 384 -0.323502
383 393 0.313590
383 483 0.910437
384 385 1.088437
384 394 -0.066662
384 484 -0.134002
385 386 0.851683
385 395 -0.517049
385 485 0.511928
386 387 -0.117943
386 396 0.752215
386 486 0.256256
387 388 1.807831
387 397 -0.158435
387 487 0.231377
388 389 1.048546
388 398 0.596708
388 488 -1.541175
389 380 -0.414738
389 399 -0.605362
389 489 -0.154794
390 391 -0.508041
390 300 0.018707
390 490 -0.848570
391 392 -1.089258
391 301 -1.863659
391 491 -0.769107
392 393 -1.072678
392 302 -1.847819
392 492 0.681946
393 394 -1.883931
393 303 0.755680
393 493 -1.158236
394 395 0.845304
394 304 -0.271556
394 494 -0.919435
395 396 0.987679
395 305 0.073198
395 495 0.639668
396 397 -2.034775
396 306 -1.227891
396 496 1.283453
397 398 0.489045
397 307 -1.478114
397 497 -0.636671
398 399 -0.097639
398 308 -0.134100
398 498 0.180348
399 390 2.159279
399 309 -1.123512
399 499 1.325533
400 401 0.029501
400 410 0.893465
400 500 1.591792
401 402 1.868829
401 411 0.513123
401 501 0.695195
402 403 -2.634691
402 412 -0.594755
402 502 -0.479117
403 404 -0.621921
403 413 -0.570367
403 503 -0.778380
404 405 0.882333
404 414 1.156735
404 504 -0.399371
405 406 0.147977
405 415 -0.308156
405 505 -0.129963
406 407 -0.090585
406 416 -0.138355
406 506 -0.961170
407 408 -0.041843
407 417 -0.827447
407 507 -0.339321
408 409 -1.005802
408 418 -0.577526
408 508 -1.639230
409 400 1.158523
409 419 -0.180495
409 509 0.733128
410 411 -0.010929
410 420 -1.862605
410 510 0.356259
411 412 0.717394
411 421 0.869853
411 511 0.381383
412 413 1.083581
412 422 -1.379675
412 512 0.958432
413 414 -1.265303
413 423 0.562040
413 513 0.985010
414 415 -0.404061
414 424 -0.950269
414 514 -0.733632
415 416 0.052488
415 425 -1.355194
415 515 -0.207586
416 417 -0.750378
416 426 -0.006287
416 516 0.147134
417 418 -0.151117
417 427 0.348788
417 517 -1.653768
418 419 0.594632
418 428 -1.507606
418 518 0.893948
419 410 0.790540
419 429 -0.862250
419 519 -0.051500
420 421 0.650574
420 430 0.817912
420 520 -1.337499
421 422 -0.990672
421 431 -0.650648
421 521 -0.370139
422 423 -0.183848
422 432 -1.135074
422 522 -0.681669
423 424 0.855701
423 433 -0.584996
423 523 -0.489641
424 425 1.920737
424 434 -0.190147
424 524 0.854672
425 426 -2.538426
425 435 1.235791
425 525 -0.267018
426 427 1.027808
426 436 -1.455437
426 526 1.033436
427 428 -1.463238
427 437 -0.453699
427 527 -1.585990
428 429 0.799096
428 438 0.278045
428 528 0.438328
429 420 -0.101948
429 439 0.800061
429 529 0.630574
430 431 -1.498487
430 440 0.327195
430 530 2.247961
431 432 -0.636427
431 441 1.383163
431 531 0.433965
432 433 -1.208487
432 442 -0.370783
432 532 -0.227121
433 434 0.856284
433 443 -1.805087
433 533 1.329332
434 435 -1.541874
434 444 -1.766665
434 534 -0.095897
435 436 1.667709
435 445 -0.540150
435 535 -0.262407
436 437 0.520169
436 446 -0.622211
436 536 -0.523596
437 438 -0.804142
437 447 0.187668
437 537 0.064252
438 439 0.480468
438 448 0.586167
438 538 -0.981465
439 430 -0.678367
439 449 -0.405607
439 539 0.043703
440 441 -1.631805
440 450 -0.472801
440 540 -0.922620
441 442 0.391178
441 451 -0.057056
441 541 -0.493120
442 443 -0.599021
442 452 -0.099002
442 542 0.481839
443 444 0.588722
443 453 -1.170104
443 543 -0.476858
444 445 -0.425847
444 454 -0.113301
444 544 0.297509
445 446 -0.414333
445 455 0.111627
445 545 0.084630
446 447 1.572894
446 456 0.242678
446 546 -0.375328
447 448 -1.538047
447 457 -0.544137
447 547 -1.461384
448 449 -0.628031
448 458 0.784276
448 548 1.383262
449 440 0.146340
449 459 1.517516
449 549 0.680282
450 451 0.149095
450 460 -1.058074
450 550 -0.056205
451 452 0.338135
451 461 -1.062223
451 551 0.875680
452 453 -0.170494
452 462 0.513284
452 552 0.231934
453 454 -0.709743
453 463 0.560897
453 553 0.010392
454 455 -1.268462
454 464 1.693221
454 554 1.369689
455 456 -0.932229
455 465 0.917430
455 555 -0.434364
456 457 -2.599827
456 466 0.928890
456 556 1.529708
457 458 1.615072
457 467 -0.303518
457 557 0.129200
458 459 1.565572
458 468 -1.407697
458 558 -0.711047
459 450 -1.598245
459 469 0.788165
459 559 -0.289151
460 461 -0.713937
460 470 -0.218929
460 560 -1.244295
461 462 -0.072950
461 471 0.215977
461 561 -1.515117
462 463 -0.251840
462 472 -0.130883
462 562 -0.344760
463 464 -0.761456
463 473 -1.243748
463 563 -2.731565
464 465 -0.130224
464 474 1.887124
464 564 1.263449
465 466 -1.004387
465 475 1.305676
465 565 -0.452835
466 467 -2.541454
466 476 2.333330
466 566 0.727511
467 468 0.540384
467 477 0.953835
467 567 -0.675610
468 469 -0.467418
468 478 0.122038
468 568 -1.639925
469 460 -1.148693
469 479 0.483502
469 569 -0.811062
470 471 -1.347528
470 480 -0.654010
470 570 -1.162971
471 472 0.012535
471 481 -0.646562
471 571 -1.002645
472 473 0.458715
472 482 -0.508813
472 572 1.384545
473 474 -0.136260
473 483 0.604421
473 573 -1.405769
474 475 0.720728
474 484 0.775021
474 574 0.020876
475 476 -0.345777
475 485 0.109327
475 575 1.291876
476 477 1.721607
476 486 -0.609064
476 576 0.561570
477 478 -0.092541
477 487 1.195707
477 577 -0.613746
478 479 -0.512082
478 488 0.559114
478 578 -0.455893
479 470 -0.542641
479 489 0.199925
479 579 0.205212
480 481 0.713769
480 490 -0.192129
480 580 1.786602
481 482 0.362763
481 491 0.456159
481 581 -0.109979
482 483 -1.229002
482 492 0.800706
482 582 1.862009
483 484 1.144149
483 493 -0.996804
483 583 -0.026809
484 485 1.265172
484 494 0.006154
484 584 -0.517675
485 486 -1.002227
485 495 1.365187
485 585 -0.487290
486 487 -0.753832
486 496 -1.371058
486 586 -0.620629
487 488 0.969857
487 497 -1.139765
487 587 -0.162674
488 489 1.519854
488 498 0.138754
488 588 -1.092164
489 480 -1.271980
489 499 -1.279094
489 589 0.254272
490 491 -1.686907
490 400 1.005001
490 590 0.143095
491 492 -0.476188
491 401 -0.418570
491 591 0.462992
492 493 1.308755
492 402 -2.557877
492 592 -0.902795
493 494 -0.951860
493 403 -0.019002
493 593 -0.971319
494 495 -2.808914
494 404 0.356256
494 594 -1.291040
495 496 -1.306750
495 405 0.121036
495 595 -0.906850
496 497 -0.353389
496 406 -0.641204
496 596 0.241257
497 498 -0.406510
497 407 -1.856961
497 597 -0.972340
498 499 -0.843364
498 408 -1.233715
498 598 -0.048828
499 490 -1.872140
499 409 0.185362
499 599 -0.848506
500 501 1.022558
500 510 1.016270
500 600 0.659270
501 502 0.301805
501 511 0.917251
501 601 0.837163
502 503 -0.223146
502 512 0.035638
502 602 -0.364368
503 504 -0.216794
503 513 0.409782
503 603 0.279903
504 505 -0.278297
504 514 1.581970
504 604 -0.606017
505 506 -0.566240
505 515 1.155411
505 605 1.438759
506 507 1.282980
506 516 -0.001922
506 606 0.821714
507 508 1.233458
507 517 -0.171108
507 607 2.036555
508 509 1.215613
508 518 1.234340
508 608 -0.583601
509 500 -0.331096
509 519 0.951691
509 609 -2.057421
510 511 -0.379863
510 520 0.388430
510 610 2.264010
511 512 0.555412
511 521 0.962735
511 611 -0.899781
512 513 -1.620398
512 522 -0.659086
512 612 -1.112882
513 514 -1.137084
513 523 0.313374
513 613 -0.399876
514 515 -0.971811
514 524 0.386553
514 614 0.673654
515 516 0.116318
515 525 -1.380686
515 615 -1.058479
516 517 -0.660079
516 526 -0.175231
516 616 -0.923950
517 518 0.427434
517 527 -0.095567
517 617 -0.311964
518 519 -0.060166
518 528 -1.408487
518 618 -0.839146
519 510 -0.804471
519 529 0.780951
519 619 0.134323
520 521 0.482442
520 530 1.963215
520 620 0.926630
521 522 -0.040902
521 531 2.469316
521 621 0.455220
522 523 -0.639986
522 532 -0.921064
522 622 -1.581485
523 524 -0.289134
523 533 -0.063220
523 623 1.039834
524 525 0.559383
524 534 -0.054262
524 624 0.655439
525 526 0.866022
525 535 1.586360
525 625 0.291878
526 527 -1.149821
526 536 0.133506
526 626 -1.459530
527 528 -0.452685
527 537 -1.881994
527 627 0.054081
528 529 0.280652
528 538 0.272443
528 628 0.852462
529 520 -1.185768
529 539 -0.405132
529 629 0.270470
530 531 -1.058709
530 540 0.696243
530 630 -0.046978
531 532 -1.631274
531 541 0.022157
531 631 -0.990041
532 533 0.866941
532 542 1.148513
532 632 1.707276
533 534 1.372468
533 543 0.596576
533 633 -1.346704
534 535 0.624746
534 544 0.331468
534 634 1.991184
535 536 -0.681898
535 545 -0.549854
535 635 1.090509
536 537 -0.175867
536 546 0.434953
536 636 0.062538
537 538 0.653773
537 547 0.868004
537 637 -0.890982
538 539 -2.031361
538 548 -0.148100
538 638 0.123657
539 530 -0.274463
539 549 0.348986
539 639 0.827938
540 541 -0.626360
540 550 -1.958122
540 640 -2.651523
541 542 -0.945289
541 551 -0.487072
541 641 0.505541
542 543 -0.120885
542 552 0.555753
542 642 -0.900965
543 544 0.425027
543 553 -0.859535
543 643 -1.032469
544 545 0.219393
544 554 1.468019
544 644 -0.131001
545 546 1.796942
545 555 -0.328716
545 645 -0.955852
546 547 0.074803
546 556 -0.586571
546 646 0.718945
547 548 1.899269
547 557 -1.767308
547 647 0.313211
548 549 -0.647068
548 558 -0.374872
548 648 0.373433
549 540 1.484121
549 559 0.123131
549 649 -1.239090
550 551 -0.998780
550 560 0.394373
550 650 0.877931
551 552 0.172779
551 561 -0.830273
551 651 1.178473
552 553 0.427596
552 562 0.035961
552 652 -0.597016
553 554 -0.079411
553 563 0.463942
553 653 0.541259
554 555 -1.590062
554 564 0.691041
554 654 0.410896
555 556 -0.664223
555 565 -1.158187
555 655 0.196917
556 557 -1.328223
556 566 -0.892963
556 656 -0.009514
557 558 -1.083874
557 567 0.933485
557 657 -2.011138
558 559 0.238130
558 568 1.049839
558 658 1.440083
559 550 -0.685083
559 569 -0.839839
559 659 -0.621228
560 561 1.753981
560 570 -0.266272
560 660 -0.336791
561 562 -0.967846
561 571 -0.069992
561 661 0.141304
562 563 1.019333
562 572 -1.118548
562 662 0.248399
563 564 0.266108
563 573 -0.893749
563 663 1.050777
564 565 0.024405
564 574 0.309070
564 664 0.117984
565 566 -0.786084
565 575 0.646301
565 665 0.991221
566 567 -1.700153
566 576 1.255592
566 666 0.855018
567 568 1.140028
567 577 -1.314984
567 667 -0.882112
568 569 0.694439
568 578 -1.191927
568 668 -0.579228
569 560 2.218005
569 579 -1.091742
569 669 0.391644
570 571 -0.942755
570 580 -0.680345
570 670 1.853857
571 572 -0.990839
571 581 -0.047508
571 671 1.134735
572 573 -1.131595
572 582 0.650161
572 672 1.256540
573 574 0.008568
573 583 1.201828
573 673 0.508837
574 575 -0.763188
574 584 -1.010516
574 674 1.634481
575 576 -0.153647
575 585 -1.167882
575 675 -1.002091
576 577 0.765938
576 586 -1.897313
576 676 0.678574
577 578 -0.911004
577 587 -0.171237
577 677 0.588721
578 579 0.302587
578 588 0.634138
578 678 0.540557
579 570 0.402677
579 589 -1.111106
579 679 0.224685
580 581 -1.091071
580 590 -0.202204
580 680 1.099962
581 582 -0.274719
581 591 0.887861
581 681 0.363701
582 583 -0.481158
582 592 1.007568
582 682 -1.000127
583 584 0.420430
583 593 0.425194
583 683 -0.575549
584 585 0.193775
584 594 -0.199315
584 684 -1.131479
585 586 -0.391987
585 595 -2.284950
585 685 0.306096
586 587 0.071277
586 596 0.152363
586 686 -0.087056
587 588 -0.378540
587 597 0.761733
587 687 -0.682978
588 589 2.162574
588 598 0.112977
588 688 0.003631
589 580 -0.175238
589 599 0.032075
589 689 1.769346
590 591 -1.390703
590 500 0.698628
590 690 -1.383498
591 592 0.611146
591 501 0.076931
591 691 0.092332
592 593 -0.712178
592 502 0.977716
592 692 -1.785321
593 594 -0.468009
593 503 1.035977
593 693 0.217180
594 595 -0.793476
594 504 1.055306
594 694 0.229060
595 596 0.067788
595 505 1.174163
595 695 1.099599
596 597 0.794244
596 506 -0.167610
596 696 -0.110741
597 598 1.364429
597 507 -0.784099
597 697 -0.684705
598 599 -0.535995
598 508 -1.440514
598 698 0.098924
599 590 -0.768870
599 509 -0.025116
599 699 -1.595432
600 601 -1.766996
600 610 0.966913
600 700 -1.046733
601 602 -0.501851
601 611 -0.475861
601 701 -0.226500
602 603 0.248336
602 612 0.273125
602 702 1.220388
603 604 -2.079058
603 613 -0.869985
603 703 1.127343
604 605 0.824107
604 614 -0.364803
604 704 -0.627980
605 606 -0.759978
605 615 0.648795
605 705 1.349966
606 607 -0.393985
606 616 -0.140737
606 706 -0.111810
607 608 -1.059461
607 617 0.140993
607 707 2.232854
608 609 -0.606072
608 618 0.054503
608 708 1.091138
609 600 0.852661
609 619 -1.032004
609 709 -2.713029
610 611 -0.151310
610 620 0.595358
610 710 1.849834
611 612 0.501545
611 621 0.052301
611 711 -0.301610
612 613 -0.361707
612 622 -0.356185
612 712 -0.020553
613 614 1.440569
613 623 -0.324664
613 713 0.884344
614 615 -0.078263
614 624 0.299759
614 714 0.878266
615 616 1.717366
615 625 -0.176660
615 715 0.173016
616 617 1.261550
616 626 -1.313002
616 716 -0.779687
617 618 0.192139
617 627 -0.710782
617 717 0.802186
618 619 0.303111
618 628 0.378937
618 718 0.161090
619 610 -1.161622
619 629 0.407344
619 719 -0.029228
620 621 -1.063856
620 630 0.249150
620 720 0.163709
621 622 -0.104362
621 631 0.822897
621 721 -0.907141
622 623 -0.616467
622 632 -1.310939
622 722 0.074221
623 624 -0.238707
623 633 0.818926
623 723 -1.993679
624 625 0.336318
624 634 0.599884
624 724 0.562818
625 626 -1.332492
625 635 0.560966
625 725 1.008592
626 627 0.887234
626 636 -1.222068
626 726 0.631610
627 628 -1.040056
627 637 0.210337
627 727 -0.086114
628 629 0.330194
628 638 -0.660004
628 728 1.004192
629 620 1.075910
629 639 -0.295552
629 729 0.259633
630 631 -1.099782
630 640 -1.719897
630 730 -0.848005
631 632 0.984513
631 641 -0.267228
631 731 -0.328785
632 633 -0.849687
632 642 0.418247
632 732 0.140847
633 634 -0.249701
633 643 -0.057738
633 733 0.869271
634 635 0.645319
634 644 -2.074138
634 734 -0.366406
635 636 -1.180773
635 645 2.270517
635 735 0.006160
636 637 1.675800
636 646 -0.008533
636 736 -0.086940
637 638 -2.516392
637 647 -0.441736
637 737 0.593809
638 639 -0.027811
638 648 0.076161
638 738 -0.894421
639 630 0.482939
639 649 1.895697
639 739 -0.362172
640 641 0.139336
640 650 2.790542
640 740 -1.839842
641 642 -0.490139
641 651 0.588571
641 741 -0.620572
642 643 -0.328830
642 652 -0.987142
642 742 -0.261103
643 644 0.424819
643 653 0.471283
643 743 1.895240
644 645 0.057410
644 654 -1.041057
644 744 0.126711
645 646 -0.023487
645 655 -0.712691
645 745 -1.596376
646 647 1.676579
646 656 -0.552740
646 746 0.329725
647 648 2.332111
647 657 0.554685
647 747 -0.443393
648 649 -0.482206
648 658 0.388502
648 748 -1.042101
649 640 1.106982
649 659 -1.681404
649 749 -0.162516
650 651 1.392844
650 660 -1.704536
650 750 0.379246
651 652 -1.525706
651 661 1.212211
651 751 0.323618
652 653 -1.292476
652 662 -0.859952
652 752 0.262300
653 654 0.645458
653 663 -0.078912
653 753 -1.369308
654 655 1.698550
654 664 2.128925
654 754 -0.154052
655 656 -1.036057
655 665 -0.031332
655 755 -0.254963
656 657 0.388161
656 666 0.496291
656 756 -0.755161
657 658 0.543715
657 667 -1.048870
657 757 0.445279
658 659 -0.814171
658 668 1.412607
658 758 1.237467
659 650 -0.075196
659 669 -1.158787
659 759 0.038063
660 661 -0.408787
660 670 -0.425067
660 760 0.223380
661 662 1.499618
661 671 -0.009044
661 761 0.755124
662 663 -0.612581
662 672 0.264751
662 762 -0.597163
663 664 -1.083883
663 673 -0.011637
663 763 0.340145
664 665 -0.711257
664 674 -0.870635
664 764 1.221977
665 666 0.476868
665 675 -0.502779
665 765 0.071006
666 667 -0.601472
666 676 -0.355213
666 766 0.395700
667 668 1.082276
667 677 -0.199621
667 767 0.491319
668 669 -1.306384
668 678 -0.080578
668 768 -2.562597
669 660 1.163832
669 679 1.568295
669 769 -0.210878
670 671 1.234355
670 680 0.475439
670 770 -0.049264
671 672 0.545341
671 681 0.128103
671 771 1.643996
672 673 0.870537
672 682 0.173456
672 772 0.153892
673 674 -1.859792
673 683 0.536487
673 773 1.177163
674 675 -0.075439
674 684 -1.760148
674 774 0.633881
675 676 1.393036
675 685 0.095317
675 775 -0.492523
676 677 -1.525216
676 686 -0.196253
676 776 1.205333
677 678 0.970912
677 687 -0.504411
677 777 -0.274970
678 679 -0.409848
678 688 0.791001
678 778 0.297225
679 670 -0.245481
679 689 -0.603927
679 779 0.218956
680 681 1.804005
680 690 0.487326
680 780 -0.604116
681 682 1.012082
681 691 0.445990
681 781 -1.138340
682 683 -1.252208
682 692 1.141286
682 782 0.647213
683 684 1.082186
683 693 0.233541
683 783 -1.470152
684 685 -1.695956
684 694 1.921343
684 784 2.629078
685 686 0.635481
685 695 -0.088493
685 785 -0.443818
686 687 -0.774271
686 696 -1.291056
686 786 -0.302730
687 688 0.592532
687 697 1.403201
687 787 -0.820852
688 689 -1.605168
688 698 3.254959
688 788 1.226360
689 680 -0.339611
689 699 0.933372
689 789 0.098919
690 691 0.376360
690 600 -1.577890
690 790 0.838830
691 692 -0.540870
691 601 0.441069
691 791 -1.596198
692 693 0.521859
692 602 -0.760214
692 792 -0.460481
693 694 1.741898
693 603 -0.537374
693 793 -0.840369
694 695 1.959741
694 604 -1.888684
694 794 0.133466
695 696 0.609710
695 605 -0.620654
695 795 0.655201
696 697 1.205831
696 606 0.096147
696 796 0.755510
697 698 1.864120
697 607 0.824942
697 797 -2.740225
698 699 -0.558763
698 608 -0.262944
698 798 -1.943655
699 690 -0.193133
699 609 -0.493957
699 799 0.011030
700 701 0.967399
700 710 1.604809
700 800 -1.270878
701 702 1.712198
701 711 0.647746
701 801 0.210632
702 703 -1.123421
702 712 0.082597
702 802 0.566089
703 704 1.191039
703 713 0.155505
703 803 0.134525
704 705 -1.093221
704 714 -2.066959
704 804 1.150941
705 706 0.878223
705 715 0.577952
705 805 -1.371540
706 707 0.322813
706 716 -0.877841
706 806 0.161555
707 708 -2.059995
707 717 -0.254894
707 807 0.354683
708 709 -0.563984
708 718 -1.258954
708 808 -0.404790
709 700 -0.346521
709 719 -0.774742
709 809 -0.497942
710 711 1.708447
710 720 -0.008450
710 810 0.605471
711 712 -0.375650
711 721 0.755739
711 811 -1.145863
712 713 -1.310601
712 722 -0.492224
712 812 -1.450157
713 714 0.337512
713 723 0.916000
713 813 0.289003
714 715 0.683377
714 724 0.360621
714 814 -1.617061
715 716 -1.731519
715 725 -0.279414
715 815 -0.233032
716 717 -1.330798
716 726 -1.210651
716 816 2.334984
717 718 -0.389450
717 727 -1.140457
717 817 0.333264
718 719 -1.614473
718 728 1.193081
718 818 1.161162
719 710 0.956005
719 729 2.012454
719 819 -0.058286
720 721 2.015317
720 730 0.871342
720 820 0.552128
721 722 0.087726
721 731 0.120917
721 821 1.745672
722 723 1.144440
722 732 -0.302612
722 822 -0.145222
723 724 0.515280
723 733 -1.042065
723 823 -1.317510
724 725 2.212365
724 734 0.003910
724 824 0.238103
725 726 1.213350
725 735 0.193767
725 825 1.281923
726 727 -0.779745
726 736 2.731368
726 826 0.094821
727 728 0.445946
727 737 -0.857968
727 827 -0.523460
728 729 0.190213
728 738 0.376251
728 828 -0.939061
729 720 -1.068456
729 739 -0.104197
729 829 -0.361956
730 731 -0.849663
730 740 -0.054907
730 830 -0.245892
731 732 -1.061475
731 741 -1.047413
731 831 0.541671
732 733 0.880182
732 742 1.387723
732 832 -1.879656
733 734 0.516095
733 743 -0.059057
733 833 -0.488073
734 735 -1.340881
734 744 -2.905926
734 834 0.781098
735 736 -0.222338
735 745 0.460478
735 835 -0.266519
736 737 -0.904860
736 746 -0.258343
736 836 0.485167
737 738 -2.001760
737 747 1.473383
737 837 0.763927
738 739 -1.242458
738 748 -0.544526
738 838 0.148117
739 730 0.060017
739 749 0.985030
739 839 0.037720
740 741 0.873498
740 750 -0.565172
740 840 0.577309
741 742 -0.639785
741 751 0.917560
741 841 -0.058834
742 743 0.205228
742 752 -0.366334
742 842 0.712647
743 744 -1.795159
743 753 1.413613
743 843 0.397357
744 745 -0.234355
744 754 -2.242728
744 844 1.779506
745 746 1.065460
745 755 -0.441899
745 845 -0.510782
746 747 0.901063
746 756 2.339980
746 846 0.654049
747 748 2.194207
747 757 -0.546588
747 847 -0.524963
748 749 -1.078234
748 758 1.185752
748 848 0.384600
749 740 -0.809871
749 759 -0.447956
749 849 -0.746367
750 751 0.456950
750 760 0.164669
750 850 0.678022
751 752 0.029142
751 761 0.477962
751 851 -1.086945
752 753 1.640372
752 762 0.383483
752 852 1.319040
753 754 -1.533879
753 763 2.206698
753 853 -1.231076
754 755 -0.306306
754 764 1.774269
754 854 0.080989
755 756 1.839051
755 765 0.580419
755 855 1.200726
756 757 0.575843
756 766 0.052853
756 856 0.861222
757 758 -0.558173
757 767 -0.036412
757 857 -0.636742
758 759 0.052475
758 768 2.615521
758 858 0.967486
759 750 2.587165
759 769 -0.424388
759 859 0.121951
760 761 -0.854682
760 770 0.281523
760 860 1.640945
761 762 0.100565
761 771 1.351872
761 861 -0.904853
762 763 -0.586703
762 772 -1.039915
762 862 -1.222612
763 764 0.311854
763 773 0.364664
763 863 0.836026
764 765 -0.480818
764 774 -0.335836
764 864 0.150118
765 766 -1.055092
765 775 -1.633386
765 865 0.396857
766 767 -0.816254
766 776 1.547554
766 866 -0.175757
767 768 1.564105
767 777 -0.448872
767 867 0.052872
768 769 -0.170291
768 778 0.673805
768 868 -0.294374
769 760 1.500589
769 779 -0.507603
769 869 -1.746795
770 771 -0.434151
770 780 1.542979
770 870 1.544087
771 772 -1.058958
771 781 -0.748340
771 871 0.093317
772 773 -1.643951
772 782 -1.246016
772 872 0.690294
773 774 -0.330150
773 783 -0.257935
773 873 1.267829
774 775 -0.174651
774 784 -0.483848
774 874 0.163062
775 776 -1.251956
775 785 -0.262817
775 875 -0.523421
776 777 -0.498069
776 786 1.299170
776 876 0.116923
777 778 0.382011
777 787 -0.245216
777 877 0.740788
778 779 -1.806627
778 788 -2.028860
778 878 0.413721
779 770 -0.744212
779 789 -1.505363
779 879 -0.577842
780 781 -0.290213
780 790 -0.393255
780 880 -2.243422
781 782 -0.224259
781 791 -0.573909
781 881 0.288734
782 783 2.846386
782 792 -0.505983
782 882 -2.121371
783 784 1.808714
783 793 0.434541
783 883 0.139239
784 785 1.050227
784 794 1.235712
784 884 -0.975251
785 786 -0.554371
785 795 -0.850358
785 885 -0.322213
786 787 1.006925
786 796 -2.655460
786 886 -1.043729
787 788 -0.200052
787 797 1.622567
787 887 0.067232
788 789 -0.003862
788 798 -1.547863
788 888 0.923926
789 780 1.187122
789 799 -0.257329
789 889 -1.267810
790 791 0.405537
790 700 1.304998
790 890 -0.238891
791 792 -0.034429
791 701 0.997548
791 891 -0.558091
792 793 -1.413225
792 702 -1.795898
792 892 -1.059167
793 794 -0.342655
793 703 -0.655205
793 893 0.215177
794 795 -1.792374
794 704 -0.567921
794 894 0.090553
795 796 -0.322623
795 705 -0.043600
795 895 -1.016181
796 797 -0.176213
796 706 -0.001196
796 896 -0.831603
797 798 -1.349988
797 707 0.425803
797 897 0.173256
798 799 -1.669422
798 708 0.418106
798 898 -0.647323
799 790 -1.128204
799 709 -0.047153
799 899 0.072276
800 801 0.062969
800 810 1.594406
800 900 -0.435743
801 802 0.332156
801 811 0.118559
801 901 -0.363775
802 803 -0.573531
802 812 -0.083300
802 902 2.482545
803 804 -0.800807
803 813 -0.774366
803 903 0.102190
804 805 -0.997089
804 814 -0.874502
804 904 0.080925
805 806 0.338991
805 815 -0.754940
805 905 0.830965
806 807 -0.878193
806 816 -1.976927
806 906 0.540464
807 808 -1.139180
807 817 -0.579566
807 907 -0.025712
808 809 -0.468449
808 818 0.202326
808 908 2.195780
809 800 1.313230
809 819 -0.964343
809 909 -0.938845
810 811 -0.698617
810 820 -0.918293
810 910 1.824586
811 812 1.647025
811 821 -0.275061
811 911 -0.233166
812 813 -0.381390
812 822 -0.924805
812 912 1.311466
813 814 -0.632190
813 823 -0.237903
813 913 1.229890
814 815 -1.040492
814 824 -0.388801
814 914 -0.966173
815 816 -0.241254
815 825 -0.582657
815 915 0.416591
816 817 0.087262
816 826 -1.186629
816 916 1.738434
817 818 -0.244952
817 827 0.731206
817 917 0.015724
818 819 0.163050
818 828 -0.007812
818 918 -0.575879
819 810 0.262630
819 829 0.402726
819 919 -0.091174
820 821 0.141273
820 830 1.514769
820 920 -0.664893
821 822 -1.891940
821 831 -0.876934
821 921 1.579362
822 823 0.047814
822 832 -0.199466
822 922 0.379044
823 824 -0.655525
823 833 -0.680660
823 923 1.527963
824 825 -0.055564
824 834 0.312041
824 924 -1.409226
825 826 -0.422490
825 835 -2.266361
825 925 1.345942
826 827 -0.374494
826 836 0.267016
826 926 -0.993841
827 828 -1.172796
827 837 -0.458386
827 927 -0.639233
828 829 0.197590
828 838 -0.383979
828 928 0.558862
829 820 1.611392
829 839 0.809795
829 929 0.021937
830 831 -0.603650
830 840 0.470460
830 930 -0.088502
831 832 1.607232
831 841 1.764898
831 931 0.309324
832 833 -0.159877
832 842 0.206256
832 932 0.906920
833 834 -1.401982
833 843 -0.206881
833 933 -1.821972
834 835 -0.000784
834 844 0.369061
834 934 -0.640888
835 836 -0.014508
835 845 -0.474014
835 935 -0.123441
836 837 0.160683
836 846 0.101113
836 936 0.188141
837 838 0.708413
837 847 -0.803373
837 937 1.602728
838 839 -0.624286
838 848 -1.113152
838 938 0.086838
839 830 -0.221115
839 849 0.186769
839 939 -0.424779
840 841 0.060583
840 850 -1.578085
840 940 0.077912
841 842 -0.129648
841 851 -2.521826
841 941 0.798638
842 843 -1.523919
842 852 -0.484194
842 942 -0.479793
843 844 0.316849
843 853 0.414519
843 943 -1.313971
844 845 0.322222
844 854 -0.709791
844 944 -0.741800
845 846 -0.934762
845 855 -0.039651
845 945 -1.306388
846 847 0.675167
846 856 1.403640
846 946 -0.020424
847 848 0.640481
847 857 -0.694087
847 947 1.562144
848 849 -0.804633
848 858 -0.955249
848 948 0.051993
849 840 -1.362208
849 859 -1.049113
849 949 -1.413754
850 851 0.575161
850 860 -1.232898
850 950 0.629625
851 852 -0.978578
851 861 -2.817318
851 951 -0.804416
852 853 0.282702
852 862 -0.183834
852 952 1.666698
853 854 -1.348010
853 863 -0.498555
853 953 1.633433
854 855 1.628742
854 864 -0.227924
854 954 -1.551750
855 856 -0.022970
855 865 1.372461
855 955 -0.043385
856 857 0.218760
856 866 -0.904861
856 956 0.836943
857 858 3.498168
857 867 -0.037656
857 957 1.119341
858 859 -1.008681
858 868 0.336942
858 958 -0.117016
859 850 -1.031222
859 869 -0.989962
859 959 -0.274858
860 861 -0.943852
860 870 -0.769544
860 960 -0.114887
861 862 -1.607694
861 871 1.353141
861 961 -0.730784
862 863 0.235577
862 872 -0.120673
862 962 -0.322176
863 864 0.790143
863 873 -1.127798
863 963 -0.829552
864 865 -1.078996
864 874 -0.960929
864 964 0.223504
865 866 -2.068622
865 875 3.154820
865 965 0.280118
866 867 -0.203521
866 876 1.977177
866 966 0.212354
867 868 0.236594
867 877 0.175669
867 967 -0.401526
868 869 0.623517
868 878 0.450437
868 968 -0.581430
869 860 0.274775
869 879 0.477204
869 969 -0.779444
870 871 0.228184
870 880 1.728890
870 970 -1.422410
871 872 -2.102734
871 881 -1.921592
871 971 1.662683
872 873 -0.787699
872 882 0.011253
872 972 0.080703
873 874 0.356812
873 883 -1.341129
873 973 0.268273
874 875 -0.099282
874 884 -0.019033
874 974 0.489866
875 876 -0.007611
875 885 -1.274379
875 975 0.655987
876 877 -0.481479
876 886 0.762414
876 976 -1.114206
877 878 -0.456829
877 887 0.521435
877 977 -0.895422
878 879 -1.345858
878 888 0.624424
878 978 -0.476321
879 870 -0.081350
879 889 0.034387
879 979 -0.341518
880 881 -0.486078
880 890 -1.017140
880 980 0.080753
881 882 -1.065249
881 891 0.503595
881 981 1.062528
882 883 0.190726
882 892 0.145567
882 982 0.052039
883 884 1.569147
883 893 0.931323
883 983 -0.845237
884 885 -0.950611
884 894 1.452004
884 984 2.153271
885 886 -1.032568
885 895 1.302891
885 985 0.992442
886 887 0.727622
886 896 1.108701
886 986 0.977750
887 888 0.792302
887 897 2.416279
887 987 0.901145
888 889 -0.852293
888 898 -0.156319
888 988 -1.332249
889 880 -0.022507
889 899 1.202773
889 989 -1.863654
890 891 0.298021
890 800 1.061604
890 990 1.180130
891 892 0.660524
891 801 -0.087509
891 991 0.810070
892 893 -1.243064
892 802 -1.205854
892 992 -0.300404
893 894 1.826991
893 803 -2.526167
893 993 1.102818
894 895 -0.405788
894 804 0.765666
894 994 0.123171
895 896 -1.989486
895 805 1.695760
895 995 -0.671843
896 897 0.329535
896 806 0.229009
896 996 0.042104
897 898 -1.268367
897 807 0.919167
897 997 -1.575909
898 899 -0.043208
898 808 -0.148168
898 998 -0.640629
899 890 -0.445904
899 809 -0.711308
899 999 0.457091
900 901 -0.565330
900 910 0.295796
900 0 0.617795
901 902 -0.734512
901 911 1.323565
901 1 0.408874
902 903 -0.450887
902 912 -2.038340
902 2 -0.036706
903 904 -0.080931
903 913 0.485681
903 3 0.463682
904 905 -0.634041
904 914 1.516555
904 4 0.718057
905 906 0.117782
905 915 1.056424
905 5 -0.999995
906 907 0.956313
906 916 0.169071
906 6 -0.032519
907 908 -0.316461
907 917 0.859736
907 7 -0.360472
908 909 -0.213279
908 918 0.162396
908 8 0.048025
909 900 -0.515595
909 919 0.102042
909 9 1.337766
910 911 -1.431559
910 920 -0.379213
910 10 -1.158261
911 912 0.110990
911 921 -0.318376
911 11 1.886039
912 913 -1.861561
912 922 0.856468
912 12 0.738256
913 914 1.525080
913 923 0.254095
913 13 1.175519
914 915 0.450936
914 924 -0.293489
914 14 0.923447
915 916 -0.203191
915 925 0.937610
915 15 0.092047
916 917 0.016483
916 926 -0.029146
916 16 0.017473
917 918 0.766045
917 927 1.164269
917 17 1.462938
918 919 0.258130
918 928 0.840343
918 18 0.662208
919 910 -0.417925
919 929 -0.142242
919 19 0.518548
920 921 -1.055181
920 930 0.182928
920 20 0.007847
921 922 -0.883124
921 931 -1.221936
921 21 1.735185
922 923 -1.038060
922 932 0.537519
922 22 -0.882038
923 924 0.338160
923 933 0.529959
923 23 1.941915
924 925 0.714133
924 934 -0.860379
924 24 0.461300
925 926 -0.528687
925 935 -0.778755
925 25 -0.145885
926 927 0.758267
926 936 1.276592
926 26 -0.673524
927 928 -0.733650
927 937 -1.583811
927 27 0.053402
928 929 -0.228403
928 938 1.767348
928 28 -1.999687
929 920 1.570336
929 939 0.313880
929 29 -0.132883
930 931 -0.593176
930 940 -1.794836
930 30 0.300424
931 932 0.033905
931 941 2.402393
931 31 -1.094982
932 933 0.278951
932 942 -0.797772
932 32 0.611311
933 934 0.651846
933 943 0.375239
933 33 1.818715
934 935 -0.401211
934 944 -0.587916
934 34 0.033868
935 936 -0.104945
935 945 1.833240
935 35 -0.947470
936 937 2.174014
936 946 0.078033
936 36 2.023570
937 938 0.148281
937 947 -0.254151
937 37 -0.559282
938 939 0.636994
938 948 -1.306670
938 38 -0.344380
939 930 1.969653
939 949 0.441514
939 39 1.650802
940 941 -0.699396
940 950 1.017722
940 40 1.538080
941 942 0.599733
941 951 0.700151
941 41 -0.850892
942 943 0.637673
942 952 1.288812
942 42 -0.293703
943 944 0.061515
943 953 0.504800
943 43 0.625904
944 945 -1.501122
944 954 0.119039
944 44 1.738552
945 946 -0.535665
945 955 1.513377
945 45 -2.820095
946 947 -1.118840
946 956 0.563365
946 46 1.325391
947 948 -1.321865
947 957 -2.477222
947 47 -1.467804
948 949 0.989157
948 958 -1.148078
948 48 -0.092951
949 940 0.414002
949 959 -0.303076
949 49 -0.155845
950 951 1.473441
950 960 1.070191
950 50 0.515906
951 952 -0.435797
951 961 -0.512790
951 51 -1.966532
952 953 -0.237755
952 962 -1.191273
952 52 1.215685
953 954 -1.212386
953 963 0.570381
953 53 0.560441
954 955 0.079202
954 964 2.509058
954 54 2.035630
955 956 0.139866
955 965 0.587715
955 55 0.994560
956 957 -0.371695
956 966 -0.474943
956 56 0.551775
957 958 0.859071
957 967 -0.187301
957 57 -0.296648
958 959 -1.723547
958 968 0.789378
958 58 0.631888
959 950 -1.012555
959 969 -0.044580
959 59 -0.634578
960 961 -0.752649
960 970 1.596940
960 60 -0.493331
961 962 -0.673152
961 971 0.081181
961 61 -0.411349
962 963 -0.300402
962 972 -0.113443
962 62 0.129406
963 964 0.533734
963 973 0.234092
963 63 -0.647838
964 965 2.464248
964 974 0.452796
964 64 0.031120
965 966 1.111121
965 975 -0.585740
965 65 0.808571
966 967 1.331887
966 976 -0.396270
966 66 -0.013277
967 968 -0.425747
967 977 1.811386
967 67 -0.810306
968 969 1.000548
968 978 0.947441
968 68 1.104219
969 960 0.330781
969 979 -1.457141
969 69 -1.156897
970 971 -0.588501
970 980 1.127579
970 70 -0.592731
971 972 -0.047052
971 981 -0.040385
971 71 1.078970
972 973 -0.104387
972 982 0.545743
972 72 -0.071278
973 974 -0.366804
973 983 -0.110063
973 73 0.326419
974 975 1.938989
974 984 0.281985
974 74 0.229818
975 976 -0.711797
975 985 0.633685
975 75 0.892928
976 977 0.108313
976 986 -0.459714
976 76 -0.533845
977 978 3.313557
977 987 1.959588
977 77 0.169029
978 979 -0.501951
978 988 -0.928311
978 78 0.855229
979 970 0.465816
979 989 -0.702234
979 79 -2.563260
980 981 -2.134127
980 990 0.019052
980 80 -0.856733
981 982 -0.420579
981 991 1.673562
981 81 0.584415
982 983 -0.240458
982 992 1.530481
982 82 0.579717
983 984 0.362385
983 993 1.417035
983 83 -1.867066
984 985 -0.398660
984 994 0.317948
984 84 0.399937
985 986 0.114091
985 995 0.165761
985 85 1.136575
986 987 -0.959034
986 996 0.908653
986 86 -0.809318
987 988 -0.084001
987 997 1.590247
987 87 1.175823
988 989 -0.385841
988 998 -0.053047
988 88 0.516741
989 980 2.967197
989 999 0.587569
989 89 -1.120055
990 991 0.345557
990 900 -1.258966
990 90 -1.494574
991 992 -0.276901
991 901 -0.555183
991 91 0.094284
992 993 -0.730212
992 902 0.247664
992 92 0.064867
993 994 -0.649273
993 903 -0.261957
993 93 -0.500064
994 995 -1.557223
994 904 1.200181
994 94 2.035742
995 996 -1.936721
995 905 2.197723
995 95 1.494417
996 997 -1.255260
996 906 0.230857
996 96 1.013178
997 998 -0.363706
997 907 -0.897438
997 97 0.161506
998 999 0.075327
998 908 0.540934
998 98 0.212050
999 990 0.286157
999 909 -0.240090
999 99 -0.564871
