0 1 0.905230
0 10 -0.173414
0 100 0.961429
1 2 0.477022
1 11 1.516131
1 101 -3.429708
2 3 -0.579096
2 12 -0.756993
2 102 -1.211982
3 4 -0.464373
3 13 0.405942
3 103 0.187311
4 5 -0.116990
4 14 0.792828
4 104 -0.656215
5 6 2.601687
5 15 -0.903336
5 105 0.599017
6 7 -0.587966
6 16 0.538308
6 106 -0.380523
7 8 0.748111
7 17 -0.922149
7 107 -0.731509
8 9 0.042713
8 18 -0.547070
8 108 -1.063689
9 0 1.186388
9 19 -0.643899
9 109 -1.336041
10 11 -0.657768
10 20 1.362806
10 110 -0.396151
11 12 -0.473491
11 21 -0.425011
11 111 1.049431
12 13 -1.182270
12 22 -0.263023
12 112 0.911186
13 14 1.316606
13 23 -4.005510
13 113 -0.368949
14 15 1.360684
14 24 -1.245452
14 114 -1.266393
15 16 -1.284653
15 25 -1.549685
15 115 -1.241774
16 17 0.270702
16 26 -2.538028
16 116 -0.346228
17 18 -1.187143
17 27 0.876835
17 117 1.373609
18 19 0.468065
18 28 0.116787
18 118 -0.432139
19 10 1.005351
19 29 -1.113204
19 119 0.519388
20 21 0.080796
20 30 0.118235
20 120 0.222565
21 22 0.379614
21 31 1.881658
21 121 0.207434
22 23 0.932304
22 32 0.507499
22 122 0.121556
23 24 0.605158
23 33 -0.718053
23 123 -0.024796
24 25 -0.472408
24 34 -2.146127
24 124 0.404191
25 26 1.038701
25 35 0.511745
25 125 0.947596
26 27 1.788965
26 36 -3.192444
26 126 0.120723
27 28 -0.162723
27 37 -0.476294
27 127 -0.681800
28 29 0.472860
28 38 1.033588
28 128 1.729436
29 20 0.076873
29 39 -0.090561
29 129 0.558789
30 31 -0.873184
30 40 2.227573
30 130 0.028508
31 32 0.767705
31 41 -0.655689
31 131 -0.348443
32 33 -0.670055
32 42 -0.355717
32 132 1.168118
33 34 -0.504279
33 43 -0.528822
33 133 0.184721
34 35 1.880226
34 44 -0.430436
34 134 -1.107183
35 36 -0.361741
35 45 1.501294
35 135 0.540141
36 37 0.256695
36 46 -1.503131
36 136 -0.773536
37 38 -0.293982
37 47 -0.220339
37 137 -0.864285
38 39 -0.154957
38 48 -0.886228
38 138 0.086177
39 30 -1.125837
39 49 0.908974
39 139 -0.180345
40 41 -1.017159
40 50 0.221096
40 140 1.624993
41 42 0.014092
41 51 -0.106881
41 141 -1.587798
42 43 -0.982071
42 52 -0.848846
42 142 -0.819869
43 44 0.516798
43 53 0.191489
43 143 0.252567
44 45 -0.111211
44 54 -0.544128
44 144 -0.090715
45 46 -0.242883
45 55 1.097143
45 145 1.224123
46 47 1.198949
46 56 1.614316
46 146 0.188575
47 48 1.178953
47 57 -0.200357
47 147 -0.754039
48 49 -0.859041
48 58 0.334280
48 148 1.073022
49 40 0.975687
49 59 -0.647558
49 149 0.049408
50 51 -0.123417
50 60 -0.972083
50 150 -0.168079
51 52 0.152305
51 61 1.278938
51 151 1.452068
52 53 -0.036223
52 62 0.257173
52 152 0.375547
53 54 -0.065754
53 63 0.239103
53 153 -0.646568
54 55 0.205600
54 64 -1.116286
54 154 -0.175722
55 56 0.477685
55 65 -0.466132
55 155 0.787068
56 57 -1.836471
56 66 0.641438
56 156 0.578713
57 58 1.480989
57 67 0.271555
57 157 -0.360897
58 59 0.294823
58 68 -1.072095
58 158 -1.988998
59 50 -0.384736
59 69 2.201975
59 159 0.209101
60 61 -1.010349
60 70 0.574810
60 160 -1.702862
61 62 -0.745569
61 71 0.386903
61 161 1.067623
62 63 0.574834
62 72 1.209932
62 162 0.010388
63 64 0.854094
63 73 0.777715
63 163 -2.221277
64 65 -0.109719
64 74 -0.275252
64 164 0.617578
65 66 0.934951
65 75 -1.580874
65 165 -1.434656
66 67 1.964709
66 76 0.466225
66 166 -0.868137
67 68 0.537244
67 77 0.243714
67 167 -0.602337
68 69 -0.643652
68 78 -0.180599
68 168 -0.965556
69 60 -0.086590
69 79 0.428485
69 169 -0.569860
70 71 -0.449412
70 80 -0.939600
70 170 -1.448477
71 72 0.067089
71 81 -0.276481
71 171 0.469157
72 73 0.952969
72 82 -0.306073
72 172 -1.864166
73 74 0.397292
73 83 -0.726919
73 173 0.213043
74 75 0.753313
74 84 1.827002
74 174 -0.007153
75 76 0.239026
75 85 0.785814
75 175 0.786124
76 77 0.124821
76 86 0.920095
76 176 -1.752795
77 78 0.471536
77 87 1.265188
77 177 -1.313940
78 79 -0.250002
78 88 0.558436
78 178 -0.694147
79 70 -1.633628
79 89 -0.505372
79 179 -0.318578
80 81 0.090025
80 90 0.501413
80 180 -0.024610
81 82 -1.104334
81 91 0.524115
81 181 -0.825729
82 83 1.824040
82 92 0.707855
82 182 -0.226468
83 84 1.843653
83 93 0.018577
83 183 -0.656643
84 85 1.168051
84 94 0.184880
84 184 1.398083
85 86 -0.220614
85 95 -0.127970
85 185 0.660729
86 87 -0.976374
86 96 1.340492
86 186 1.642796
87 88 -1.118835
87 97 0.066152
87 187 -0.669548
88 89 -1.151715
88 98 0.406779
88 188 0.594977
89 80 -0.341152
89 99 -1.642022
89 189 -0.617698
90 91 -0.445614
90 0 -0.260167
90 190 -0.548508
91 92 -2.878288
91 1 -1.250804
91 191 -0.917785
92 93 0.302945
92 2 2.091478
92 192 0.487603
93 94 -0.093117
93 3 -0.313596
93 193 -0.179315
94 95 -1.515064
94 4 -0.316714
94 194 0.150969
95 96 -0.448198
95 5 -0.282748
95 195 -1.146685
96 97 -1.595673
96 6 0.175991
96 196 -1.378100
97 98 -1.419938
97 7 0.560160
97 197 0.185912
98 99 0.146694
98 8 1.910734
98 198 0.961747
99 90 -0.891063
99 9 -0.457732
99 199 1.035645
100 101 0.463154
100 110 0.157750
100 200 0.491619
101 102 -0.278350
101 111 -0.597002
101 201 1.047643
102 103 -0.150282
102 112 1.811370
102 202 -1.935133
103 104 -0.847816
103 113 0.416120
103 203 1.279832
104 105 -1.706394
104 114 -0.813468
104 204 0.122013
105 106 0.869382
105 115 -0.577593
105 205 3.381659
106 107 0.119230
106 116 -0.347862
106 206 0.922055
107 108 -1.079880
107 117 -1.056356
107 207 -1.494311
108 109 -1.024950
108 118 -1.307907
108 208 -0.074803
109 100 0.162540
109 119 -1.700920
109 209 -1.209992
110 111 0.624692
110 120 -1.529485
110 210 -0.115448
111 112 -0.836987
111 121 1.284930
111 211 -0.614069
112 113 2.328395
112 122 -2.236911
112 212 -0.561095
113 114 -0.166564
113 123 -0.719545
113 213 -2.621498
114 115 -1.239706
114 124 -0.083822
114 214 1.633742
115 116 0.507765
115 125 -0.412052
115 215 1.962293
116 117 0.959343
116 126 0.067785
116 216 -0.409207
117 118 0.670440
117 127 -1.165798
117 217 -1.144365
118 119 -1.745765
118 128 0.936811
118 218 -0.480665
119 110 -0.149913
119 129 1.168910
119 219 -1.886064
120 121 -0.519328
120 130 -1.272814
120 220 0.730282
121 122 -0.063187
121 131 1.183338
121 221 1.080705
122 123 -0.224914
122 132 0.858128
122 222 -0.078585
123 124 1.115461
123 133 0.072203
123 223 -1.224245
124 125 -0.084047
124 134 1.631753
124 224 0.421242
125 126 0.015741
125 135 -0.134976
125 225 -0.445134
126 127 -0.300682
126 136 -0.867762
126 226 0.637373
127 128 0.049369
127 137 -1.541256
127 227 -0.664044
128 129 -0.623935
128 138 -0.199147
128 228 0.358020
129 120 -0.297619
129 139 -0.652189
129 229 0.978588
130 131 1.131293
130 140 -0.851398
130 230 -0.693594
131 132 -1.289006
131 141 -1.621012
131 231 -0.779140
132 133 -0.830699
132 142 -2.125062
132 232 -0.040332
133 134 -1.084821
133 143 0.805946
133 233 -1.942649
134 135 1.152659
134 144 1.817767
134 234 0.787275
135 136 -0.195544
135 145 1.859808
135 235 0.597973
136 137 -2.005844
136 146 -0.486419
136 236 -0.267537
137 138 -0.101089
137 147 0.897054
137 237 -2.741538
138 139 -1.142533
138 148 -0.343637
138 238 0.590835
139 130 0.147426
139 149 -0.698719
139 239 0.087725
140 141 1.368833
140 150 0.366092
140 240 0.576333
141 142 -0.882343
141 151 0.536518
141 241 -1.023952
142 143 0.014200
142 152 0.986489
142 242 0.469733
143 144 -2.340035
143 153 -0.261475
143 243 0.337672
144 145 -0.430460
144 154 -0.229394
144 244 0.491423
145 146 0.367739
145 155 -0.367072
145 245 -1.139108
146 147 1.169054
146 156 -0.630896
146 246 0.389131
147 148 -1.012765
147 157 0.203457
147 247 -1.044229
148 149 1.269390
148 158 -0.208293
148 248 -0.496644
149 140 -0.097765
149 159 -0.360448
149 249 0.534401
150 151 -0.331677
150 160 0.504916
150 250 0.463788
151 152 0.036502
151 161 0.257991
151 251 -0.730095
152 153 0.891913
152 162 -1.411934
152 252 -1.005095
153 154 1.088716
153 163 -1.023921
153 253 1.084736
154 155 -0.628838
154 164 -0.308461
154 254 -0.405326
155 156 -0.575937
155 165 0.939066
155 255 0.314765
156 157 -0.365366
156 166 -0.102118
156 256 0.524314
157 158 -0.367393
157 167 0.702706
157 257 -1.673456
158 159 -0.162889
158 168 -1.263964
158 258 -1.365763
159 150 0.039696
159 169 -0.320351
159 259 0.688009
160 161 0.057195
160 170 -0.215054
160 260 -0.581351
161 162 -0.539660
161 171 0.301390
161 261 0.279175
162 163 1.167699
162 172 1.388931
162 262 0.006621
163 164 1.613548
163 173 -1.487095
163 263 0.825415
164 165 0.523305
164 174 1.633580
164 264 -1.575452
165 166 -2.130950
165 175 0.593179
165 265 1.629184
166 167 0.245265
166 176 0.466831
166 266 1.314431
167 168 0.348522
167 177 0.191071
167 267 1.795109
168 169 1.832993
168 178 1.239096
168 268 0.941096
169 160 0.860933
169 179 -0.053521
169 269 1.384854
170 171 -0.162604
170 180 -1.086674
170 270 1.580907
171 172 -1.386685
171 181 2.008816
171 271 -0.526767
172 173 -0.390761
172 182 1.112889
172 272 0.740124
173 174 -0.366466
173 183 0.207772
173 273 0.791544
174 175 -0.072121
174 184 -0.254563
174 274 0.347616
175 176 0.911201
175 185 -1.173378
175 275 0.250597
176 177 -1.135058
176 186 0.382522
176 276 -0.810072
177 178 -0.222138
177 187 1.946217
177 277 1.106493
178 179 -0.026182
178 188 -0.341033
178 278 0.622101
179 170 -1.033837
179 189 -0.578124
179 279 -0.004423
180 181 0.152879
180 190 -0.865378
180 280 -1.542010
181 182 0.098031
181 191 -0.659441
181 281 -0.097482
182 183 0.458229
182 192 1.082674
182 282 1.520807
183 184 -0.552487
183 193 -0.552930
183 283 0.822137
184 185 0.110249
184 194 -0.415479
184 284 -2.150353
185 186 -0.240553
185 195 0.280605
185 285 -1.163445
186 187 1.011532
186 196 1.769175
186 286 -1.385381
187 188 0.383108
187 197 0.128832
187 287 -0.421665
188 189 -1.534306
188 198 -0.782720
188 288 -0.102598
189 180 1.753742
189 199 0.486885
189 289 -0.004079
190 191 -1.492089
190 100 0.461255
190 290 -0.078901
191 192 -0.239600
191 101 0.092787
191 291 -1.523563
192 193 -0.442836
192 102 0.645503
192 292 -0.042060
193 194 0.441467
193 103 -0.036241
193 293 -0.374031
194 195 0.213730
194 104 1.011129
194 294 -0.626462
195 196 -1.315806
195 105 -0.922740
195 295 -0.020422
196 197 0.783609
196 106 -0.132261
196 296 1.974436
197 198 -1.115975
197 107 -0.914665
197 297 -0.383862
198 199 0.735600
198 108 -0.842530
198 298 -0.202292
199 190 1.014026
199 109 -1.163328
199 299 0.794627
200 201 1.397721
200 210 0.458409
200 300 -0.680213
201 202 1.933259
201 211 1.321170
201 301 1.309439
202 203 -0.228980
202 212 1.086688
202 302 0.912931
203 204 -0.543097
203 213 0.315641
203 303 -0.309386
204 205 0.761596
204 214 0.556933
204 304 0.615810
205 206 -0.226671
205 215 1.354407
205 305 0.118835
206 207 -1.320171
206 216 0.451615
206 306 0.357309
207 208 -1.322031
207 217 2.538622
207 307 -2.252492
208 209 -1.150795
208 218 2.117270
208 308 0.479238
209 200 0.925903
209 219 0.136074
209 309 1.803468
210 211 0.921898
210 220 -0.786660
210 310 0.300381
211 212 -1.065264
211 221 -0.092674
211 311 -1.342395
212 213 0.677211
212 222 0.363034
212 312 1.875547
213 214 0.238404
213 223 -0.605784
213 313 -0.006057
214 215 -0.182377
214 224 -0.272792
214 314 -0.551789
215 216 0.626641
215 225 0.563732
215 315 1.287136
216 217 -0.034012
216 226 -0.697448
216 316 -1.215047
217 218 0.949530
217 227 -2.260897
217 317 1.253847
218 219 -0.336735
218 228 -0.314407
218 318 1.188381
219 210 0.876644
219 229 -0.001681
219 319 0.339193
220 221 0.490280
220 230 -1.970972
220 320 -0.476182
221 222 0.082189
221 231 -0.165903
221 321 -1.362329
222 223 -1.915077
222 232 -0.685975
222 322 0.021223
223 224 0.493786
223 233 -0.183449
223 323 0.738008
224 225 -0.619110
224 234 -0.170717
224 324 -0.204168
225 226 0.676238
225 235 1.393681
225 325 -0.815991
226 227 -1.758529
226 236 -1.476164
226 326 -0.460782
227 228 -0.983136
227 237 0.206522
227 327 0.327935
228 229 -0.528579
228 238 -0.384353
228 328 1.292534
229 220 0.433006
229 239 2.069424
229 329 0.588635
230 231 0.505146
230 240 -0.407409
230 330 0.112869
231 232 0.151669
231 241 1.945836
231 331 1.145587
232 233 -0.719868
232 242 0.326777
232 332 -2.426340
233 234 -0.826654
233 243 -0.157024
233 333 0.231235
234 235 1.311527
234 244 0.045074
234 334 -0.667993
235 236 0.621499
235 245 -1.286802
235 335 1.070273
236 237 -0.257135
236 246 0.061211
236 336 -2.041892
237 238 -0.331236
237 247 -0.181133
237 337 -0.073990
238 239 0.973705
238 248 -0.630255
238 338 -0.799907
239 230 1.354271
239 249 -0.490477
239 339 -0.449947
240 241 1.709121
240 250 0.681965
240 340 0.507020
241 242 0.558162
241 251 1.646816
241 341 -0.259079
242 243 1.368697
242 252 0.007676
242 342 1.463356
243 244 -1.966520
243 253 1.088286
243 343 -0.290940
244 245 -0.716609
244 254 -2.027739
244 344 -0.444443
245 246 0.108239
245 255 0.572460
245 345 1.509354
246 247 1.048040
246 256 1.059762
246 346 -0.805262
247 248 -0.067177
247 257 0.640829
247 347 1.325874
248 249 -1.564033
248 258 -0.063432
248 348 -0.252119
249 240 0.533412
249 259 0.770434
249 349 -0.062986
250 251 -1.034125
250 260 -0.008944
250 350 0.635819
251 252 -0.412926
251 261 -0.916536
251 351 -1.979301
252 253 1.340719
252 262 -0.587087
252 352 -0.481469
253 254 -0.548383
253 263 -0.041158
253 353 -1.760823
254 255 -1.118275
254 264 -0.911814
254 354 0.843732
255 256 -1.063945
255 265 1.701064
255 355 1.426916
256 257 -1.266965
256 266 -4.073871
256 356 -1.641983
257 258 1.079927
257 267 1.767592
257 357 0.167717
258 259 -1.003150
258 268 -1.218686
258 358 -0.644690
259 250 -0.867548
259 269 0.890593
259 359 -0.203880
260 261 -0.407532
260 270 -1.173792
260 360 0.189859
261 262 1.025503
261 271 2.324066
261 361 -1.447307
262 263 0.192687
262 272 -0.195074
262 362 -0.336494
263 264 -0.366475
263 273 1.432282
263 363 -1.301685
264 265 0.208440
264 274 0.464005
264 364 -0.047893
265 266 -2.067117
265 275 -1.407625
265 365 -0.811379
266 267 -0.527042
266 276 0.724229
266 366 -0.950822
267 268 -1.301687
267 277 1.360798
267 367 0.334511
268 269 -0.627546
268 278 -0.850183
268 368 -1.393626
269 260 0.024267
269 279 -0.364761
269 369 0.090751
270 271 -0.062785
270 280 0.404769
270 370 1.376244
271 272 -0.357058
271 281 -1.749203
271 371 -0.387977
272 273 1.065446
272 282 1.756683
272 372 -0.562048
273 274 -1.000071
273 283 1.023846
273 373 2.925109
274 275 -0.225638
274 284 0.221932
274 374 0.568575
275 276 -1.048572
275 285 0.957296
275 375 -0.213203
276 277 -0.087440
276 286 0.674535
276 376 -0.310160
277 278 0.196067
277 287 0.624648
277 377 0.360221
278 279 1.065097
278 288 0.853932
278 378 -1.676756
279 270 2.363532
279 289 -0.848718
279 379 -1.578122
280 281 0.152651
280 290 1.287406
280 380 0.095218
281 282 0.695324
281 291 -1.626207
281 381 -0.530498
282 283 0.313316
282 292 0.600157
282 382 1.447627
283 284 -0.144184
283 293 1.416646
283 383 -1.340877
284 285 -0.414092
284 294 -0.524737
284 384 0.427933
285 286 -0.535170
285 295 0.960057
285 385 -0.821683
286 287 -0.134327
286 296 0.947265
286 386 1.230946
287 288 0.847377
287 297 1.568700
287 387 -0.952770
288 289 0.476099
288 298 1.310608
288 388 1.047640
289 280 0.115241
289 299 -0.789357
289 389 -0.947688
290 291 -0.569292
290 200 -0.826347
290 390 0.835219
291 292 0.819025
291 201 0.090967
291 391 -1.041909
292 293 -1.633088
292 202 -0.150293
292 392 1.306403
293 294 -0.161832
293 203 -2.377653
293 393 -0.744724
294 295 0.437430
294 204 -0.903219
294 394 -0.177163
295 296 -0.965836
295 205 -0.787798
295 395 -0.661302
296 297 1.856187
296 206 -2.413163
296 396 0.299232
297 298 0.244136
297 207 -1.132385
297 397 -1.640776
298 299 -1.524102
298 208 0.208859
298 398 -0.968236
299 290 0.581465
299 209 0.129633
299 399 0.682737
300 301 1.101834
300 310 0.770411
300 400 0.747888
301 302 3.144335
301 311 -0.364723
301 401 -1.106781
302 303 -0.300029
302 312 -1.246826
302 402 -0.437236
303 304 0.897017
303 313 0.882697
303 403 0.832320
304 305 -0.987778
304 314 -0.082876
304 404 0.940616
305 306 -0.106144
305 315 -0.490142
305 405 -0.610023
306 307 -0.155659
306 316 -0.679575
306 406 -1.077094
307 308 -0.861097
307 317 0.720733
307 407 1.599214
308 309 -1.089783
308 318 -0.167036
308 408 -0.872471
309 300 0.319114
309 319 0.407375
309 409 0.220214
310 311 -1.888325
310 320 0.360705
310 410 0.268183
311 312 0.164534
311 321 1.142807
311 411 -0.177890
312 313 1.575488
312 322 -0.546793
312 412 1.025680
313 314 -0.115053
313 323 -0.151407
313 413 -1.119615
314 315 1.994427
314 324 -0.578765
314 414 2.161635
315 316 -0.129989
315 325 1.152555
315 415 0.116114
316 317 1.367341
316 326 -0.979682
316 416 1.747049
317 318 -1.963930
317 327 -0.983725
317 417 -1.518955
318 319 -0.537409
318 328 1.934829
318 418 0.672353
319 310 -1.552231
319 329 0.057429
319 419 0.675292
320 321 -2.554038
320 330 -0.712564
320 420 1.116206
321 322 -1.559579
321 331 -0.711582
321 421 2.435782
322 323 -1.757222
322 332 -1.336440
322 422 -0.724983
323 324 1.916892
323 333 0.588615
323 423 -0.846301
324 325 0.005803
324 334 -0.675524
324 424 -0.302786
325 326 -0.973611
325 335 2.234185
325 425 -0.976175
326 327 1.050393
326 336 1.167377
326 426 -1.239726
327 328 -0.178760
327 337 1.243368
327 427 0.473511
328 329 0.142051
328 338 -0.900253
328 428 -0.432353
329 320 -0.703873
329 339 0.640079
329 429 -0.676987
330 331 0.677400
330 340 0.380427
330 430 0.659020
331 332 0.577320
331 341 -0.689204
331 431 1.099673
332 333 0.699600
332 342 -0.836876
332 432 1.106666
333 334 0.198706
333 343 -0.856023
333 433 1.124620
334 335 0.585550
334 344 0.993499
334 434 -0.417902
335 336 1.292504
335 345 1.026307
335 435 -0.583621
336 337 -0.095097
336 346 -1.029951
336 436 1.795829
337 338 -1.006583
337 347 0.255627
337 437 -0.028131
338 339 -0.545833
338 348 0.629533
338 438 1.936670
339 330 -0.369984
339 349 0.889709
339 439 0.390484
340 341 0.749860
340 350 1.236931
340 440 0.407714
341 342 0.169323
341 351 -1.936284
341 441 -0.138564
342 343 -0.376500
342 352 -1.263389
342 442 -0.406240
343 344 -0.980249
343 353 -0.130753
343 443 -0.673474
344 345 0.519208
344 354 -1.184191
344 444 -0.235570
345 346 0.312484
345 355 -1.081518
345 445 -0.479507
346 347 -0.477164
346 356 -0.492387
346 446 -0.002233
347 348 -0.996691
347 357 -1.008619
347 447 -1.224416
348 349 0.365475
348 358 0.408186
348 448 -0.670932
349 340 0.450874
349 359 0.111439
349 449 0.207953
350 351 0.914341
350 360 -0.807872
350 450 0.579003
351 352 1.283979
351 361 -0.080166
351 451 0.658790
352 353 -0.737344
352 362 0.148175
352 452 -1.084284
353 354 2.215179
353 363 -0.841270
353 453 0.463817
354 355 1.189225
354 364 -0.181158
354 454 -0.032053
355 356 1.337254
355 365 2.834627
355 455 -1.279497
356 357 0.432527
356 366 0.888278
356 456 0.054389
357 358 2.027308
357 367 0.061263
357 457 0.571146
358 359 -1.269472
358 368 0.176117
358 458 -0.426504
359 350 0.228181
359 369 -1.117089
359 459 1.002198
360 361 0.663120
360 370 -0.678556
360 460 -0.594422
361 362 0.746188
361 371 0.634419
361 461 -0.362704
362 363 -2.173922
362 372 -0.963806
362 462 1.453497
363 364 2.256019
363 373 -0.707828
363 463 -1.438872
364 365 0.011090
364 374 0.252847
364 464 0.664134
365 366 -0.805262
365 375 -0.220774
365 465 0.691740
366 367 1.024181
366 376 -2.284734
366 466 -0.615200
367 368 1.012406
367 377 0.260112
367 467 -0.446681
368 369 -0.091982
368 378 0.868402
368 468 0.415776
369 360 0.942359
369 379 1.312724
369 469 0.767915
370 371 2.229878
370 380 -0.495614
370 470 1.304484
371 372 -0.479417
371 381 -0.590426
371 471 -0.441674
372 373 -0.952085
372 382 0.701265
372 472 -0.902848
373 374 -0.669528
373 383 0.283879
373 473 -1.819072
374 375 -0.978294
374 384 -1.354668
374 474 -0.343600
375 376 0.135799
375 385 -0.251771
375 475 -0.196115
376 377 0.845633
376 386 -0.797520
376 476 -0.584254
377 378 -0.424748
377 387 0.638022
377 477 0.148647
378 379 -0.011437
378 388 -2.544137
378 478 1.324179
379 370 -0.439637
379 389 -2.649116
379 479 -0.880665
380 381 1.719474
380 390 2.019801
380 480 2.518136
381 382 0.691035
381 391 1.455659
381 481 0.989688
382 383 -0.136794
382 392 1.162672
382 482 -1.095441
383 384 -0.906054
383 393 -1.859652
383 483 0.017630
384 385 -1.495076
384 394 0.029346
384 484 0.206326
385 386 -1.269455
385 395 1.022089
385 485 0.901957
386 387 0.736592
386 396 -0.703910
386 486 1.231815
387 388 -0.439097
387 397 -0.788709
387 487 0.692187
388 389 -1.278890
388 398 -0.544076
388 488 -0.399672
389 380 -0.497835
389 399 0.542292
389 489 0.394701
390 391 -0.315633
390 300 -0.437406
390 490 0.988726
391 392 -1.374035
391 301 0.899820
391 491 -0.534617
392 393 -2.150614
392 302 -1.212506
392 492 -0.866201
393 394 1.882005
393 303 0.794286
393 493 0.304884
394 395 -1.815404
394 304 -0.051893
394 494 1.356965
395 396 -0.838011
395 305 -0.888955
395 495 -1.760278
396 397 -0.458926
396 306 -0.848766
396 496 -1.498627
397 398 -0.252003
397 307 -0.638435
397 497 -0.583987
398 399 -0.636025
398 308 -0.888609
398 498 -0.262048
399 390 -0.409903
399 309 1.099751
399 499 0.610006
400 401 0.576685
400 410 1.846718
400 500 0.152189
401 402 0.470038
401 411 0.974742
401 501 1.079906
402 403 -0.002731
402 412 -0.070409
402 502 -0.714300
403 404 0.041031
403 413 -0.946801
403 503 0.781079
404 405 -1.314768
404 414 0.359114
404 504 -0.141628
405 406 1.351910
405 415 0.272690
405 505 -0.968196
406 407 -0.470260
406 416 -1.413832
406 506 0.164118
407 408 -0.430095
407 417 0.089878
407 507 -1.142772
408 409 -0.510154
408 418 0.849457
408 508 2.401168
409 400 1.414027
409 419 2.040703
409 509 0.807352
410 411 0.273369
410 420 -0.490807
410 510 -0.005551
411 412 0.679940
411 421 0.912011
411 511 0.090307
412 413 0.163655
412 422 -0.884757
412 512 0.565148
413 414 0.291514
413 423 0.948799
413 513 -0.507879
414 415 0.859669
414 424 2.106918
414 514 1.501449
415 416 0.854821
415 425 -0.495237
415 515 -0.072658
416 417 -0.648232
416 426 0.221001
416 516 0.403093
417 418 0.965259
417 427 1.033770
417 517 -0.181606
418 419 0.675728
418 428 -0.382667
418 518 -0.143442
419 410 0.411588
419 429 0.591800
419 519 0.433122
420 421 -0.396439
420 430 -0.101598
420 520 0.356593
421 422 -0.021995
421 431 -0.060522
421 521 0.132427
422 423 -0.242377
422 432 0.333311
422 522 -1.888975
423 424 0.741250
423 433 -0.531249
423 523 -0.938970
424 425 -0.355294
424 434 0.053393
424 524 0.038659
425 426 -0.540943
425 435 -0.273934
425 525 -1.034179
426 427 0.858201
426 436 1.228566
426 526 -0.757257
427 428 0.566683
427 437 -1.775427
427 527 -1.241741
428 429 -1.045754
428 438 1.314038
428 528 -0.030191
429 420 0.704173
429 439 0.051314
429 529 -1.512696
430 431 -0.342759
430 440 -1.272358
430 530 -0.187120
431 432 -1.829484
431 441 -0.323443
431 531 0.029866
432 433 -0.641480
432 442 -0.341606
432 532 -0.439675
433 434 0.217937
433 443 0.154540
433 533 0.373580
434 435 -0.746656
434 444 -1.917169
434 534 -1.670389
435 436 0.541993
435 445 0.080739
435 535 0.487971
436 437 -1.148365
436 446 0.246854
436 536 -0.115575
437 438 0.345702
437 447 0.395233
437 537 0.737615
438 439 0.378170
438 448 -0.926407
438 538 0.717065
439 430 1.147911
439 449 0.084056
439 539 -1.567072
440 441 0.188777
440 450 0.304420
440 540 -0.388419
441 442 0.990185
441 451 0.607833
441 541 0.547737
442 443 0.083816
442 452 -1.688075
442 542 0.246619
443 444 -0.047890
443 453 -0.194677
443 543 -1.400872
444 445 0.074970
444 454 -0.159700
444 544 -0.191150
445 446 0.180417
445 455 -1.101822
445 545 1.157089
446 447 0.950303
446 456 -0.816359
446 546 2.024791
447 448 0.508244
447 457 -1.133283
447 547 -0.906939
448 449 0.362161
448 458 0.675023
448 548 -1.283836
449 440 -0.819585
449 459 -1.846864
449 549 -0.516488
450 451 -1.146636
450 460 0.317875
450 550 -1.582570
451 452 0.309314
451 461 -0.265379
451 551 1.747612
452 453 -1.142456
452 462 0.217603
452 552 0.483382
453 454 -0.407015
453 463 1.038043
453 553 0.786498
454 455 0.641486
454 464 1.114342
454 554 2.774951
455 456 -1.615204
455 465 1.982428
455 555 0.504844
456 457 -0.067524
456 466 -0.091905
456 556 -0.327295
457 458 2.178561
457 467 0.361589
457 557 1.087651
458 459 -0.378824
458 468 0.928605
458 558 1.523054
459 450 -0.304752
459 469 0.534254
459 559 -1.941276
460 461 -0.010870
460 470 0.091583
460 560 -0.076594
461 462 0.371520
461 471 -1.994700
461 561 0.701695
462 463 1.465381
462 472 2.210635
462 562 0.896174
463 464 -0.643050
463 473 0.075621
463 563 -1.124297
464 465 -0.322292
464 474 -0.067347
464 564 -0.715982
465 466 1.080707
465 475 0.613220
465 565 -0.198287
466 467 -0.620205
466 476 -0.426228
466 566 0.106067
467 468 -0.194096
467 477 1.145602
467 567 -0.467926
468 469 0.183009
468 478 -0.119145
468 568 0.546481
469 460 -0.797050
469 479 -0.328952
469 569 1.875776
470 471 2.327420
470 480 0.936169
470 570 0.979830
471 472 1.499041
471 481 0.258300
471 571 -0.308696
472 473 0.071777
472 482 -0.264710
472 572 0.290234
473 474 0.748995
473 483 1.638538
473 573 -1.175113
474 475 -1.746627
474 484 0.990504
474 574 1.676524
475 476 1.158286
475 485 1.518037
475 575 1.017829
476 477 -0.555952
476 486 -0.226132
476 576 -1.308454
477 478 1.287326
477 487 -1.887794
477 577 -1.261129
478 479 -0.189490
478 488 0.676203
478 578 -0.479095
479 470 -1.396071
479 489 0.724822
479 579 0.046933
480 481 -0.747526
480 490 0.694968
480 580 -1.203227
481 482 0.606962
481 491 1.503901
481 581 0.078790
482 483 0.620382
482 492 1.862989
482 582 1.013012
483 484 -2.502835
483 493 0.723379
483 583 -0.872005
484 485 0.628606
484 494 0.835544
484 584 -0.744017
485 486 0.156236
485 495 -1.568611
485 585 -0.417703
486 487 -0.931257
486 496 -1.341939
486 586 -1.086160
487 488 -1.185474
487 497 0.420049
487 587 2.444331
488 489 0.548237
488 498 0.439025
488 588 0.338237
489 480 0.100626
489 499 -0.862003
489 589 0.683700
490 491 0.036855
490 400 -1.544046
490 590 -0.307435
491 492 1.100658
491 401 2.335099
491 591 -0.209847
492 493 -1.650929
492 402 -0.962040
492 592 0.022241
493 494 -0.534145
493 403 0.935978
493 593 -0.108674
494 495 0.634629
494 404 0.356091
494 594 0.282076
495 496 -0.481027
495 405 0.317387
495 595 -3.430388
496 497 -1.302353
496 406 0.792356
496 596 -0.881444
497 498 -0.425330
497 407 -0.277701
497 597 -0.207014
498 499 -0.089226
498 408 -2.845049
498 598 0.921755
499 490 -0.514418
499 409 -0.124713
499 599 1.004125
500 501 -1.492153
500 510 -1.411142
500 600 -0.403287
501 502 -0.387935
501 511 -0.663474
501 601 -0.187699
502 503 -0.072452
502 512 0.714075
502 602 0.748040
503 504 0.440766
503 513 0.889028
503 603 1.007728
504 505 -0.320704
504 514 0.818957
504 604 -0.446075
505 506 1.282803
505 515 0.160038
505 605 0.497233
506 507 1.395398
506 516 -0.285355
506 606 0.022500
507 508 -1.218561
507 517 -0.720611
507 607 1.930760
508 509 0.664286
508 518 -0.374107
508 608 -0.256299
509 500 0.791358
509 519 -1.687062
509 609 -1.496516
510 511 -0.249488
510 520 1.610668
510 610 -1.152394
511 512 0.985561
511 521 0.884908
511 611 -0.908485
512 513 2.792419
512 522 2.647759
512 612 -0.899990
513 514 0.974644
513 523 -1.652945
513 613 1.186660
514 515 -1.392443
514 524 0.278508
514 614 0.068026
515 516 0.755763
515 525 -1.058407
515 615 0.093157
516 517 -0.006422
516 526 -1.698422
516 616 0.381117
517 518 -1.296918
517 527 -0.362349
517 617 0.180073
518 519 0.225874
518 528 -0.289036
518 618 0.547242
519 510 1.033971
519 529 0.311807
519 619 0.516731
520 521 -0.015413
520 530 -0.188598
520 620 0.035201
521 522 -1.003969
521 531 0.362157
521 621 -0.729445
522 523 1.704446
522 532 0.694824
522 622 -1.319935
523 524 0.860718
523 533 0.258770
523 623 -0.249805
524 525 0.716974
524 534 0.167045
524 624 -0.645319
525 526 -1.034444
525 535 0.301498
525 625 -1.242241
526 527 -1.409701
526 536 -0.251492
526 626 -1.029712
527 528 0.180975
527 537 0.768075
527 627 0.928219
528 529 -0.817526
528 538 0.747833
528 628 0.671049
529 520 0.998949
529 539 -3.154399
529 629 -1.537013
530 531 -0.527910
530 540 -2.315990
530 630 0.343914
531 532 2.034896
531 541 1.937636
531 631 -0.211565
532 533 -0.455136
532 542 0.471466
532 632 0.880474
533 534 0.265252
533 543 -1.476395
533 633 1.819253
534 535 0.028214
534 544 -1.435735
534 634 2.177472
535 536 0.079612
535 545 0.205460
535 635 -0.532894
536 537 0.906919
536 546 -0.592144
536 636 -0.275107
537 538 1.637692
537 547 -1.870512
537 637 1.333214
538 539 0.033133
538 548 -0.540416
538 638 -0.265582
539 530 0.175992
539 549 0.633558
539 639 -1.141688
540 541 1.754992
540 550 -0.349945
540 640 0.630720
541 542 1.174044
541 551 -1.630148
541 641 -0.017288
542 543 -0.506003
542 552 1.903564
542 642 -1.000617
543 544 1.029781
543 553 -1.131411
543 643 -0.069060
544 545 -0.558319
544 554 -1.114675
544 644 0.559029
545 546 0.073337
545 555 -0.541443
545 645 1.137462
546 547 -0.074266
546 556 -1.399328
546 646 -0.886515
547 548 0.057658
547 557 0.175091
547 647 1.446118
548 549 -1.228181
548 558 -0.804511
548 648 0.719666
549 540 0.015820
549 559 1.120201
549 649 -1.359013
550 551 0.461332
550 560 -0.626938
550 650 2.574068
551 552 1.235377
551 561 0.601145
551 651 -0.072409
552 553 -1.722688
552 562 -1.284173
552 652 1.554362
553 554 0.805902
553 563 -1.212398
553 653 -0.400870
554 555 -0.146255
554 564 0.390266
554 654 0.241645
555 556 0.110384
555 565 -1.116867
555 655 0.028941
556 557 0.295612
556 566 -1.397678
556 656 -0.778743
557 558 -0.105753
557 567 -0.338240
557 657 0.029447
558 559 -0.753187
558 568 1.256211
558 658 0.503417
559 550 0.767077
559 569 0.126444
559 659 -0.225559
560 561 0.091183
560 570 1.969202
560 660 0.532110
561 562 -0.424281
561 571 1.242317
561 661 -0.403379
562 563 -0.971670
562 572 0.438367
562 662 -0.271854
563 564 -2.208083
563 573 0.596955
563 663 -0.190087
564 565 -1.056713
564 574 1.013075
564 664 0.206839
565 566 -0.627414
565 575 -0.535698
565 665 2.228340
566 567 1.461268
566 576 -0.018640
566 666 -0.250906
567 568 0.476588
567 577 -0.081064
567 667 -0.424989
568 569 -1.814045
568 578 -0.876915
568 668 0.333698
569 560 -0.319040
569 579 -1.644113
569 669 0.362058
570 571 0.047887
570 580 -0.246966
570 670 -0.964326
571 572 -0.047945
571 581 -0.123612
571 671 0.923577
572 573 -0.352029
572 582 -1.016815
572 672 -1.329553
573 574 -0.627159
573 583 0.027151
573 673 1.990862
574 575 -0.004761
574 584 -0.273554
574 674 0.806455
575 576 0.277812
575 585 0.640775
575 675 0.932304
576 577 -0.529045
576 586 0.134196
576 676 -0.069919
577 578 -0.190143
577 587 -0.716275
577 677 1.012423
578 579 0.049156
578 588 0.278991
578 678 -0.831193
579 570 -1.946127
579 589 0.589337
579 679 -0.573962
580 581 -0.039799
580 590 -0.409480
580 680 -0.515495
581 582 -1.231052
581 591 -0.696187
581 681 -0.444210
582 583 0.045516
582 592 -0.201990
582 682 0.014809
583 584 0.010409
583 593 1.821617
583 683 -0.510039
584 585 1.229681
584 594 0.558365
584 684 0.847236
585 586 1.246593
585 595 -1.468499
585 685 0.555844
586 587 -0.467601
586 596 -0.129711
586 686 0.829776
587 588 -0.279090
587 597 0.898056
587 687 0.877695
588 589 -0.877927
588 598 -0.633064
588 688 0.567602
589 580 -0.747472
589 599 -2.173941
589 689 -1.542409
590 591 0.453452
590 500 0.108248
590 690 -1.319009
591 592 0.565230
591 501 2.152115
591 691 -1.870948
592 593 -0.211615
592 502 1.003777
592 692 0.889920
593 594 -0.987276
593 503 1.736318
593 693 0.694899
594 595 0.215895
594 504 0.508678
594 694 0.676120
595 596 1.339297
595 505 -0.271608
595 695 0.645031
596 597 -1.253996
596 506 0.121739
596 696 -0.432887
597 598 1.027756
597 507 -0.061359
597 697 0.522893
598 599 -1.426591
598 508 -0.000716
598 698 -0.583191
599 590 -0.502715
599 509 0.132360
599 699 -0.713257
600 601 -1.353885
600 610 1.218743
600 700 0.622130
601 602 -0.642064
601 611 0.464065
601 701 -1.587087
602 603 0.025904
602 612 1.095965
602 702 -1.513738
603 604 -1.903703
603 613 0.235644
603 703 0.235602
604 605 0.753759
604 614 0.119822
604 704 -0.112800
605 606 -1.191888
605 615 -0.675486
605 705 -2.353357
606 607 -0.723075
606 616 0.871653
606 706 -1.032376
607 608 -0.437489
607 617 -0.537857
607 707 2.097330
608 609 -0.594909
608 618 0.074843
608 708 -0.844046
609 600 0.860329
609 619 0.580005
609 709 0.467567
610 611 -0.500471
610 620 0.738851
610 710 -0.880793
611 612 -1.149801
611 621 2.056701
611 711 -0.223749
612 613 -0.214140
612 622 0.935145
612 712 -0.119207
613 614 -0.155723
613 623 -1.359743
613 713 0.094299
614 615 -0.734878
614 624 -0.074978
614 714 0.173310
615 616 0.764890
615 625 -1.251401
615 715 -0.890766
616 617 -1.060663
616 626 1.292857
616 716 -1.552040
617 618 -0.098022
617 627 -0.092310
617 717 1.643799
618 619 1.000287
618 628 0.280990
618 718 0.988121
619 610 -2.241011
619 629 -1.004050
619 719 0.447946
620 621 0.607611
620 630 0.216419
620 720 1.597923
621 622 1.053946
621 631 0.052657
621 721 0.636124
622 623 0.655747
622 632 1.455182
622 722 1.053247
623 624 0.757636
623 633 1.327585
623 723 -1.179669
624 625 -2.123588
624 634 -0.248941
624 724 0.079804
625 626 0.809437
625 635 -1.132676
625 725 -1.028464
626 627 -0.007404
626 636 -0.040161
626 726 0.774759
627 628 0.959848
627 637 0.075834
627 727 -0.072450
628 629 1.227038
628 638 1.194435
628 728 0.186679
629 620 -0.987957
629 639 0.962701
629 729 0.061772
630 631 -0.195082
630 640 0.019174
630 730 -1.321571
631 632 0.288746
631 641 -2.292893
631 731 0.282110
632 633 -0.858287
632 642 1.258921
632 732 0.340670
633 634 0.333462
633 643 1.961177
633 733 -0.197182
634 635 0.113369
634 644 -0.555914
634 734 0.738004
635 636 0.777017
635 645 -0.028147
635 735 -0.952596
636 637 -0.190181
636 646 -0.544581
636 736 0.133653
637 638 1.211616
637 647 -0.128710
637 737 0.519990
638 639 -1.142196
638 648 0.867118
638 738 0.904700
639 630 -0.250424
639 649 -0.054543
639 739 0.227899
640 641 0.280897
640 650 -2.116257
640 740 -1.504416
641 642 0.251634
641 651 -0.224304
641 741 0.628733
642 643 -0.899178
642 652 -0.204823
642 742 1.604744
643 644 0.702276
643 653 0.074013
643 743 -0.864020
644 645 -1.609175
644 654 0.071050
644 744 0.090671
645 646 -0.004495
645 655 0.615935
645 745 -0.081123
646 647 -1.065742
646 656 0.597472
646 746 0.803068
647 648 0.649059
647 657 0.817896
647 747 1.120444
648 649 0.050402
648 658 0.160135
648 748 0.606586
649 640 -0.756902
649 659 -1.232766
649 749 0.768078
650 651 -0.248197
650 660 0.634243
650 750 -0.563508
651 652 0.147141
651 661 0.329917
651 751 -0.179673
652 653 0.613928
652 662 -0.875359
652 752 0.685881
653 654 1.553581
653 663 0.687689
653 753 0.490792
654 655 -0.614078
654 664 -1.443757
654 754 0.729239
655 656 0.426845
655 665 0.754997
655 755 1.458378
656 657 1.257854
656 666 1.360657
656 756 -0.182623
657 658 -0.278331
657 667 -0.039114
657 757 0.652413
658 659 -0.362457
658 668 -0.725009
658 758 0.883623
659 650 -1.507519
659 669 -0.982928
659 759 -0.351836
660 661 0.252503
660 670 -1.153178
660 760 1.011551
661 662 -0.009982
661 671 -0.829576
661 761 0.023576
662 663 0.438048
662 672 -0.177713
662 762 -0.380905
663 664 -0.499364
663 673 0.187890
663 763 -0.765394
664 665 1.438536
664 674 -0.252053
664 764 0.607733
665 666 1.284416
665 675 -0.147995
665 765 -0.037279
666 667 0.525449
666 676 -0.014743
666 766 0.034858
667 668 -1.060668
667 677 -0.358067
667 767 1.226134
668 669 -1.325163
668 678 0.001850
668 768 -0.084218
669 660 -0.316767
669 679 -1.079645
669 769 0.247072
670 671 -0.602952
670 680 -1.485864
670 770 0.478915
671 672 -0.070357
671 681 -0.817058
671 771 0.061853
672 673 0.828509
672 682 1.366434
672 772 1.686330
673 674 -1.774183
673 683 0.589148
673 773 -0.577917
674 675 0.436205
674 684 0.173190
674 774 -0.851658
675 676 1.010794
675 685 -0.846299
675 775 1.141650
676 677 0.145415
676 686 -1.226181
676 776 -0.721367
677 678 0.655413
677 687 1.016043
677 777 1.788760
678 679 -0.203944
678 688 -0.784107
678 778 1.649211
679 670 0.563338
679 689 2.016104
679 779 2.569218
680 681 0.775456
680 690 0.538856
680 780 0.559650
681 682 -1.190816
681 691 0.714231
681 781 0.874422
682 683 -0.286938
682 692 0.688289
682 782 -0.435830
683 684 -0.695390
683 693 1.848133
683 783 0.510958
684 685 -0.033941
684 694 -0.529204
684 784 -0.451996
685 686 0.574669
685 695 1.363618
685 785 0.793267
686 687 -0.421629
686 696 -1.014196
686 786 1.209343
687 688 -1.348658
687 697 -0.278080
687 787 -0.429009
688 689 -1.226095
688 698 1.086200
688 788 0.329411
689 680 0.527529
689 699 0.621367
689 789 -2.070473
690 691 -1.130250
690 600 0.261586
690 790 -0.992972
691 692 -0.478786
691 601 1.494394
691 791 0.514517
692 693 2.325374
692 602 1.569563
692 792 -0.603848
693 694 -0.431523
693 603 1.428093
693 793 0.255890
694 695 -0.367531
694 604 0.445893
694 794 0.400407
695 696 0.630463
695 605 -0.328270
695 795 1.264657
696 697 0.059173
696 606 1.384768
696 796 1.503054
697 698 0.747874
697 607 0.226400
697 797 0.803915
698 699 0.169234
698 608 -0.202989
698 798 -0.510539
699 690 1.501226
699 609 -0.396432
699 799 -0.686846
700 701 -1.071033
700 710 -2.111546
700 800 0.240736
701 702 1.246421
701 711 2.059584
701 801 -0.595136
702 703 -0.612404
702 712 -1.060252
702 802 -0.564860
703 704 -0.986226
703 713 -1.059567
703 803 1.086044
704 705 -1.543492
704 714 0.947114
704 804 -0.165267
705 706 0.016495
705 715 -1.870617
705 805 0.852077
706 707 0.792182
706 716 0.327366
706 806 -2.346943
707 708 -0.051914
707 717 -0.724107
707 807 -1.008940
708 709 0.697564
708 718 -0.184168
708 808 0.712022
709 700 -0.297462
709 719 -0.492461
709 809 0.649113
710 711 -0.300610
710 720 -0.991806
710 810 -1.889386
711 712 -0.181267
711 721 0.154683
711 811 0.754139
712 713 -0.424633
712 722 -1.498919
712 812 0.999776
713 714 -0.862440
713 723 -0.389040
713 813 -1.273484
714 715 1.124809
714 724 -0.169265
714 814 -0.331987
715 716 0.452058
715 725 0.476723
715 815 -0.237269
716 717 0.072656
716 726 1.176172
716 816 0.054550
717 718 -0.370825
717 727 0.229711
717 817 0.038416
718 719 -1.278625
718 728 0.080796
718 818 -2.043110
719 710 1.164460
719 729 1.770418
719 819 0.007183
720 721 -0.855849
720 730 0.674629
720 820 -0.593482
721 722 2.310397
721 731 0.174227
721 821 -0.829803
722 723 -1.758144
722 732 -0.729558
722 822 0.958504
723 724 0.579712
723 733 -0.605704
723 823 2.309253
724 725 0.645720
724 734 -0.367117
724 824 -0.241495
725 726 -0.213547
725 735 0.705085
725 825 -0.727694
726 727 0.283324
726 736 -0.630926
726 826 -0.944902
727 728 0.494031
727 737 -1.027671
727 827 -0.234573
728 729 0.299736
728 738 0.628622
728 828 1.788931
729 720 1.454727
729 739 0.967238
729 829 -0.798468
730 731 -0.378055
730 740 -1.073203
730 830 1.740402
731 732 0.140862
731 741 -0.410733
731 831 0.037564
732 733 0.713108
732 742 -1.084774
732 832 -0.019839
733 734 -0.248872
733 743 0.400050
733 833 2.572970
734 735 -0.465247
734 744 -2.805842
734 834 -2.386972
735 736 -0.300786
735 745 0.408989
735 835 -0.646841
736 737 -0.200859
736 746 -0.246459
736 836 -1.362963
737 738 1.106768
737 747 0.341956
737 837 0.259337
738 739 -0.950001
738 748 -0.169206
738 838 1.259619
739 730 0.327466
739 749 -1.383191
739 839 -1.110167
740 741 -0.128609
740 750 -0.434305
740 840 0.332119
741 742 1.265015
741 751 0.958897
741 841 0.242432
742 743 -0.370947
742 752 -0.079264
742 842 -1.579397
743 744 0.088267
743 753 -0.741074
743 843 -0.363611
744 745 -0.868552
744 754 1.434354
744 844 2.432954
745 746 -0.102120
745 755 0.205242
745 845 -2.033873
746 747 -1.019568
746 756 0.033227
746 846 -0.333670
747 748 -1.472961
747 757 1.214179
747 847 0.616662
748 749 0.099929
748 758 -1.102964
748 848 -0.919927
749 740 0.707123
749 759 -1.610383
749 849 0.871614
750 751 0.851628
750 760 1.324304
750 850 -2.196912
751 752 0.472856
751 761 -0.425484
751 851 0.405045
752 753 0.841046
752 762 0.880048
752 852 0.445985
753 754 0.501159
753 763 0.400348
753 853 -0.671255
754 755 0.634261
754 764 -1.049974
754 854 1.026364
755 756 1.769702
755 765 -0.005110
755 855 0.644643
756 757 -0.091626
756 766 0.625821
756 856 2.066991
757 758 0.938926
757 767 0.627031
757 857 0.778602
758 759 -1.212594
758 768 -1.450147
758 858 -0.075023
759 750 0.544043
759 769 -0.096407
759 859 0.371587
760 761 -0.211352
760 770 -0.544384
760 860 -0.509015
761 762 1.362442
761 771 1.514197
761 861 -1.468547
762 763 -1.695143
762 772 1.991607
762 862 1.187700
763 764 -0.767058
763 773 -0.184339
763 863 0.005893
764 765 -0.590424
764 774 0.207365
764 864 -0.760956
765 766 1.613000
765 775 1.026983
765 865 -0.815445
766 767 0.505293
766 776 1.017843
766 866 1.526861
767 768 0.034047
767 777 -0.712325
767 867 0.252704
768 769 0.572890
768 778 -1.162377
768 868 -0.377447
769 760 -1.918731
769 779 0.250061
769 869 -0.742164
770 771 -1.158883
770 780 -0.434101
770 870 -0.145464
771 772 1.195391
771 781 -1.741830
771 871 0.382473
772 773 0.680146
772 782 -0.707792
772 872 0.311964
773 774 -0.393443
773 783 1.609365
773 873 -1.227103
774 775 0.360509
774 784 -0.615560
774 874 0.700006
775 776 0.440482
775 785 0.604531
775 875 -0.713531
776 777 0.359765
776 786 -0.011852
776 876 0.414902
777 778 -1.710091
777 787 -0.950525
777 877 0.228069
778 779 0.034837
778 788 -1.503697
778 878 -0.211972
779 770 -1.879150
779 789 1.543910
779 879 1.327141
780 781 1.100441
780 790 -1.985152
780 880 -0.365042
781 782 0.142689
781 791 -0.058459
781 881 -1.061521
782 783 2.190125
782 792 -1.321992
782 882 -0.084753
783 784 0.289330
783 793 -0.864086
783 883 -0.935736
784 785 1.604592
784 794 -0.374505
784 884 1.521344
785 786 -0.730563
785 795 0.721298
785 885 -1.236461
786 787 0.298717
786 796 -0.193577
786 886 0.164089
787 788 -1.035049
787 797 -0.498143
787 887 -0.096842
788 789 1.656346
788 798 0.289165
788 888 0.419646
789 780 -0.448776
789 799 -0.387333
789 889 -1.808631
790 791 -0.598828
790 700 -0.109851
790 890 0.343650
791 792 1.212252
791 701 -1.387532
791 891 -0.099277
792 793 -0.404826
792 702 -0.890804
792 892 1.115790
793 794 -3.293330
793 703 -0.235618
793 893 0.804412
794 795 -0.608567
794 704 -0.042864
794 894 -2.149237
795 796 0.372994
795 705 0.647116
795 895 0.949989
796 797 0.870026
796 706 0.390322
796 896 -1.792307
797 798 -1.037593
797 707 -2.204185
797 897 -1.893533
798 799 -0.750386
798 708 0.313427
798 898 -1.844287
799 790 0.213595
799 709 -0.081251
799 899 -0.275663
800 801 -0.695501
800 810 1.526363
800 900 0.178438
801 802 -0.115822
801 811 -1.015043
801 901 -0.656386
802 803 0.269436
802 812 -0.858434
802 902 0.326092
803 804 1.800518
803 813 0.176520
803 903 1.484440
804 805 0.549016
804 814 0.990576
804 904 -0.218246
805 806 0.509602
805 815 1.444870
805 905 1.370592
806 807 -0.869401
806 816 -0.905487
806 906 0.098094
807 808 -0.368255
807 817 -1.542391
807 907 1.191891
808 809 -0.308490
808 818 -1.053619
808 908 -0.634167
809 800 0.133983
809 819 -1.674320
809 909 -1.569205
810 811 0.640916
810 820 -1.091128
810 910 0.263574
811 812 2.222411
811 821 -0.118180
811 911 -1.677196
812 813 -1.060544
812 822 -0.088816
812 912 -0.312564
813 814 -1.658192
813 823 -0.531096
813 913 -1.365010
814 815 0.586090
814 824 -1.192823
814 914 1.310125
815 816 -0.308384
815 825 0.108404
815 915 -1.305493
816 817 -1.667683
816 826 -0.167125
816 916 -0.050024
817 818 -0.115402
817 827 2.586628
817 917 -1.216937
818 819 -1.373652
818 828 -0.804926
818 918 0.380769
819 810 -1.072780
819 829 -1.145933
819 919 0.384727
820 821 0.674851
820 830 0.841000
820 920 -0.336287
821 822 -0.090688
821 831 0.496272
821 921 1.655276
822 823 -2.374705
822 832 -0.144281
822 922 1.480992
823 824 -0.315092
823 833 -0.443503
823 923 -0.143188
824 825 -1.488453
824 834 -0.148081
824 924 1.803732
825 826 -0.346787
825 835 0.057679
825 925 0.289544
826 827 0.771839
826 836 0.356453
826 926 -0.155252
827 828 -1.843071
827 837 -2.428520
827 927 0.785504
828 829 -0.313443
828 838 1.247093
828 928 1.949045
829 820 -0.098996
829 839 0.561365
829 929 -0.867843
830 831 -1.917489
830 840 0.368766
830 930 -1.079713
831 832 -0.085510
831 841 0.283517
831 931 1.511675
832 833 0.683129
832 842 -0.152680
832 932 -0.535290
833 834 0.621940
833 843 1.284453
833 933 -1.113867
834 835 -0.158650
834 844 -0.600571
834 934 1.020789
835 836 -0.876493
835 845 -0.639443
835 935 2.153494
836 837 -0.530978
836 846 -0.272397
836 936 -0.949628
837 838 -1.083360
837 847 0.466734
837 937 -0.651247
838 839 0.624982
838 848 0.917234
838 938 -1.109010
839 830 -1.086367
839 849 -0.641471
839 939 -0.001775
840 841 0.594675
840 850 1.114611
840 940 -2.836170
841 842 -0.194208
841 851 1.464132
841 941 -0.230245
842 843 -0.545506
842 852 -0.370966
842 942 -0.121270
843 844 0.329269
843 853 -0.564714
843 943 1.228432
844 845 0.438206
844 854 -0.295975
844 944 0.776295
845 846 0.231880
845 855 -1.623424
845 945 -1.008378
846 847 -0.034031
846 856 -0.488083
846 946 -0.815881
847 848 0.137934
847 857 1.083179
847 947 1.281780
848 849 -0.998741
848 858 0.682075
848 948 0.151155
849 840 1.119533
849 859 0.930996
849 949 0.668522
850 851 0.609302
850 860 0.255995
850 950 -0.217383
851 852 -0.050951
851 861 -0.151716
851 951 1.518436
852 853 2.234377
852 862 0.677344
852 952 -0.832431
853 854 0.911331
853 863 0.523630
853 953 0.222765
854 855 -1.256089
854 864 0.534521
854 954 -0.486453
855 856 0.111746
855 865 0.147460
855 955 -1.156293
856 857 -0.704103
856 866 -0.152053
856 956 -3.031696
857 858 1.239024
857 867 1.290930
857 957 0.050363
858 859 -0.995851
858 868 1.446275
858 958 0.131448
859 850 0.125629
859 869 0.321846
859 959 -0.774072
860 861 0.233321
860 870 -1.775064
860 960 -0.520416
861 862 -0.210054
861 871 -0.312988
861 961 -2.242206
862 863 1.065282
862 872 1.276493
862 962 0.282715
863 864 -0.288076
863 873 -0.989644
863 963 -0.436157
864 865 2.162854
864 874 2.560883
864 964 -1.312793
865 866 1.379033
865 875 -0.512466
865 965 0.178965
866 867 -0.332474
866 876 -0.986925
866 966 -1.185365
867 868 0.021096
867 877 0.645272
867 967 0.899687
868 869 0.117879
868 878 1.732172
868 968 0.206587
869 860 -0.177860
869 879 -0.247379
869 969 0.952937
870 871 -1.098378
870 880 0.988049
870 970 -0.695315
871 872 1.108268
871 881 -1.508938
871 971 0.792097
872 873 0.259179
872 882 0.973515
872 972 0.128566
873 874 -0.506012
873 883 -0.068490
873 973 1.002704
874 875 -0.864850
874 884 0.942351
874 974 -2.263904
875 876 0.635711
875 885 0.722964
875 975 -0.343982
876 877 1.024174
876 886 1.365274
876 976 0.525193
877 878 0.077315
877 887 1.637613
877 977 -0.901711
878 879 1.488809
878 888 0.082247
878 978 -1.948229
879 870 1.808007
879 889 -0.415453
879 979 1.399212
880 881 0.378406
880 890 -1.584535
880 980 0.315401
881 882 1.346084
881 891 -1.164145
881 981 0.196530
882 883 -0.088199
882 892 1.258349
882 982 -3.293202
883 884 -0.207466
883 893 1.239255
883 983 1.108517
884 885 1.875430
884 894 1.424142
884 984 0.818271
885 886 -0.410423
885 895 0.889383
885 985 0.377397
886 887 1.701889
886 896 0.766583
886 986 0.972232
887 888 0.982079
887 897 -1.930056
887 987 -0.196128
888 889 -1.701906
888 898 0.793956
888 988 1.468672
889 880 1.177127
889 899 0.356499
889 989 -1.985325
890 891 0.267729
890 800 0.351616
890 990 0.478643
891 892 -1.243868
891 801 -1.550769
891 991 -0.496974
892 893 -0.218604
892 802 -0.425991
892 992 -0.812584
893 894 0.682076
893 803 -1.125093
893 993 -0.295352
894 895 0.986103
894 804 0.943029
894 994 -0.180798
895 896 -0.011094
895 805 -1.795442
895 995 -0.025836
896 897 -0.262992
896 806 0.451660
896 996 0.535691
897 898 -0.301592
897 807 -0.490870
897 997 -0.183302
898 899 0.339445
898 808 -1.603966
898 998 0.608396
899 890 0.237985
899 809 0.036831
899 999 -0.006123
900 901 -0.751556
900 910 -0.761176
900 0 -0.618404
901 902 1.429739
901 911 0.201951
901 1 0.285771
902 903 2.146353
902 912 -0.821806
902 2 0.021370
903 904 -0.863977
903 913 0.302283
903 3 0.486200
904 905 -1.316180
904 914 -0.713869
904 4 -0.346990
905 906 -1.284623
905 915 0.893915
905 5 0.642192
906 907 0.179470
906 916 -0.109768
906 6 -0.428522
907 908 0.484111
907 917 -0.853871
907 7 0.120084
908 909 1.834872
908 918 0.402666
908 8 0.137121
909 900 0.202385
909 919 -3.105295
909 9 -0.645780
910 911 -0.071033
910 920 0.947270
910 10 0.405506
911 912 -0.661007
911 921 0.683965
911 11 0.681099
912 913 -0.857644
912 922 -2.356605
912 12 0.639612
913 914 0.771952
913 923 0.362965
913 13 -1.190345
914 915 0.343604
914 924 -0.377627
914 14 -0.019716
915 916 -0.002420
915 925 -0.542697
915 15 -0.592822
916 917 -0.511455
916 926 0.237771
916 16 0.313459
917 918 0.134907
917 927 0.138913
917 17 1.568406
918 919 -1.256908
918 928 0.848063
918 18 -0.248929
919 910 0.000544
919 929 1.380501
919 19 0.739070
920 921 0.295756
920 930 -0.381706
920 20 -0.146749
921 922 -1.122815
921 931 0.577274
921 21 -0.715793
922 923 -0.308417
922 932 -1.468446
922 22 0.393527
923 924 1.420607
923 933 -0.582186
923 23 -0.266049
924 925 0.962391
924 934 0.833151
924 24 -0.612132
925 926 1.168682
925 935 1.342939
925 25 -0.168441
926 927 0.047914
926 936 0.211145
926 26 -0.715133
927 928 0.217746
927 937 -0.400380
927 27 -0.484572
928 929 -0.576996
928 938 0.390443
928 28 0.194493
929 920 -1.718435
929 939 0.772216
929 29 0.161053
930 931 -1.298712
930 940 -0.437633
930 30 0.615296
931 932 -0.352126
931 941 1.155845
931 31 -0.298071
932 933 -2.229700
932 942 1.584578
932 32 1.846112
933 934 1.728337
933 943 -0.489065
933 33 -2.269747
934 935 -3.589812
934 944 0.147933
934 34 0.138801
935 936 1.054706
935 945 -0.164228
935 35 -0.373123
936 937 1.488825
936 946 1.409085
936 36 0.209790
937 938 -1.528419
937 947 0.237936
937 37 0.778409
938 939 -0.326842
938 948 -0.689911
938 38 0.616548
939 930 0.212870
939 949 1.871654
939 39 -1.647539
940 941 -0.449145
940 950 1.281872
940 40 0.330462
941 942 -1.081607
941 951 -1.017616
941 41 0.959109
942 943 -1.558652
942 952 -1.195000
942 42 -1.128406
943 944 1.121034
943 953 -0.219421
943 43 -1.301865
944 945 -0.955389
944 954 -0.489291
944 44 -0.032532
945 946 -0.385336
945 955 1.915063
945 45 0.718364
946 947 -0.889859
946 956 -1.044598
946 46 -0.757782
947 948 -0.198793
947 957 0.669413
947 47 -0.741585
948 949 -0.543517
948 958 -0.938288
948 48 0.655241
949 940 -1.427294
949 959 0.389136
949 49 0.196269
950 951 2.356938
950 960 -0.555924
950 50 -2.479566
951 952 0.756871
951 961 1.287482
951 51 -0.722182
952 953 -1.622952
952 962 -0.797818
952 52 0.145151
953 954 0.211749
953 963 -0.426529
953 53 -0.258379
954 955 1.357013
954 964 -0.479124
954 54 0.192258
955 956 0.061663
955 965 0.119093
955 55 0.309074
956 957 2.067817
956 966 1.499426
956 56 0.404829
957 958 0.055447
957 967 0.014840
957 57 -0.680596
958 959 -0.324750
958 968 0.488750
958 58 0.327981
959 950 -0.661807
959 969 -0.294605
959 59 0.414308
960 961 1.726513
960 970 0.388248
960 60 -0.018306
961 962 -0.593881
961 971 0.792363
961 61 -1.974165
962 963 -2.479875
962 972 0.333835
962 62 1.366693
963 964 0.317867
963 973 0.577931
963 63 -0.175356
964 965 -0.365161
964 974 1.178927
964 64 -0.016342
965 966 0.139350
965 975 0.385028
965 65 -1.299023
966 967 2.147376
966 976 1.522736
966 66 1.159216
967 968 -0.050943
967 977 0.226972
967 67 -0.046699
968 969 -0.158528
968 978 -0.014033
968 68 -0.825127
969 960 0.728077
969 979 0.541230
969 69 -1.055499
970 971 1.046620
970 980 -0.240075
970 70 -2.658654
971 972 0.594136
971 981 0.169821
971 71 1.110503
972 973 0.598805
972 982 2.038334
972 72 1.376909
973 974 0.388836
973 983 1.348751
973 73 0.866978
974 975 0.661781
974 984 0.151436
974 74 0.271497
975 976 -1.364315
975 985 -1.806419
975 75 1.312118
976 977 0.345794
976 986 -1.121282
976 76 0.394652
977 978 0.184275
977 987 0.066388
977 77 0.213248
978 979 2.558537
978 988 -0.177958
978 78 0.750235
979 970 0.060136
979 989 0.701293
979 79 -0.697289
980 981 -0.019620
980 990 -0.311671
980 80 0.991143
981 982 0.827801
981 991 0.559551
981 81 -0.681310
982 983 1.228807
982 992 -0.481254
982 82 0.158476
983 984 0.445873
983 993 0.401233
983 83 -1.648439
984 985 -1.156423
984 994 -0.871865
984 84 -1.266601
985 986 0.093825
985 995 -0.127450
985 85 1.156460
986 987 1.502496
986 996 -0.219278
986 86 -0.713558
987 988 0.623460
987 997 -0.369976
987 87 -0.887443
988 989 -0.473438
988 998 -0.567825
988 88 -0.230704
989 980 1.326311
989 999 1.517626
989 89 -0.716525
990 991 0.571797
990 900 0.939051
990 90 -0.365097
991 992 0.116189
991 901 -0.456845
991 91 -1.374045
992 993 0.428253
992 902 -0.370273
992 92 -1.099082
993 994 0.118050
993 903 0.977222
993 93 0.829028
994 995 -1.886774
994 904 0.006270
994 94 -0.639454
995 996 -1.666233
995 905 1.715353
995 95 0.805711
996 997 0.560888
996 906 0.005579
996 96 2.704432
997 998 2.505624
997 907 0.894267
997 97 -1.261804
998 999 -0.958153
998 908 -1.242320
998 98 1.226043
999 990 -1.689699
999 909 1.030704
999 99 0.978143
