0 1 0.478752
0 10 -0.551074
0 100 -1.222824
1 2 -0.271272
1 11 -0.561240
1 101 0.732508
2 3 -0.675004
2 12 1.360665
2 102 0.998888
3 4 0.757376
3 13 -0.343834
3 103 -1.453787
4 5 0.543271
4 14 -0.744713
4 104 0.250895
5 6 -0.045415
5 15 0.496137
5 105 -0.228715
6 7 -0.223013
6 16 0.441052
6 106 0.475398
7 8 0.000641
7 17 -0.206357
7 107 1.034894
8 9 0.143169
8 18 -0.774660
8 108 0.440590
9 0 0.522968
9 19 -0.629706
9 109 -0.460423
10 11 -0.552031
10 20 -0.944560
10 110 1.206216
11 12 -1.142501
11 21 0.336881
11 111 -1.121262
12 13 0.164408
12 22 -0.403571
12 112 0.265088
13 14 1.507239
13 23 0.776195
13 113 0.484235
14 15 0.868295
14 24 -1.368193
14 114 0.109339
15 16 1.670127
15 25 0.521244
15 115 1.465204
16 17 -0.739413
16 26 -1.015037
16 116 -0.304724
17 18 -0.011578
17 27 1.567594
17 117 -1.330010
18 19 0.899409
18 28 0.684394
18 118 1.538203
19 10 -0.485217
19 29 0.574499
19 119 0.000390
20 21 -1.021337
20 30 1.850872
20 120 0.858772
21 22 0.121241
21 31 1.778889
21 121 -0.818316
22 23 -1.391633
22 32 -1.120412
22 122 0.285996
23 24 1.044719
23 33 0.906554
23 123 0.908573
24 25 1.166325
24 34 -0.259564
24 124 0.337941
25 26 1.052448
25 35 -1.391239
25 125 -0.837402
26 27 -1.232201
26 36 1.673387
26 126 -0.846945
27 28 -1.865636
27 37 -0.486171
27 127 1.139904
28 29 1.166208
28 38 -1.752881
28 128 0.057092
29 20 -0.376986
29 39 -0.615207
29 129 -0.553157
30 31 -0.682329
30 40 -1.052181
30 130 0.654092
31 32 -0.711474
31 41 2.810829
31 131 2.398229
32 33 -0.063609
32 42 -0.524823
32 132 0.243965
33 34 0.103471
33 43 -0.074780
33 133 -0.474004
34 35 0.335076
34 44 -1.540975
34 134 0.550376
35 36 -1.844478
35 45 0.043288
35 135 0.354478
36 37 0.150390
36 46 -0.504919
36 136 -0.232676
37 38 -1.231028
37 47 -0.232585
37 137 1.949801
38 39 0.018957
38 48 0.200206
38 138 -0.217855
39 30 -1.485004
39 49 -0.943597
39 139 -0.972710
40 41 1.223271
40 50 0.136704
40 140 -0.661314
41 42 -1.030116
41 51 -0.298702
41 141 1.499176
42 43 0.819443
42 52 -0.796073
42 142 0.143455
43 44 -1.647412
43 53 -0.465068
43 143 1.268753
44 45 1.766666
44 54 0.097582
44 144 -0.558095
45 46 0.368002
45 55 0.020063
45 145 -1.081866
46 47 -1.540955
46 56 -1.486595
46 146 0.523873
47 48 -0.659949
47 57 -0.877576
47 147 2.541633
48 49 1.326850
48 58 -1.759803
48 148 -0.670220
49 40 -0.649960
49 59 0.438400
49 149 1.071380
50 51 0.315695
50 60 -0.418113
50 150 -0.361551
51 52 0.079723
51 61 -0.607482
51 151 -0.497957
52 53 1.530354
52 62 -1.009228
52 152 0.507010
53 54 0.730288
53 63 -1.648699
53 153 0.198217
54 55 -0.665523
54 64 -1.916008
54 154 -1.383526
55 56 -0.214245
55 65 -0.942431
55 155 0.977275
56 57 -0.369558
56 66 -0.046398
56 156 0.704549
57 58 -0.477013
57 67 -0.228012
57 157 -0.003712
58 59 0.071842
58 68 -0.479622
58 158 -1.781252
59 50 -1.033670
59 69 1.189127
59 159 -0.196731
60 61 -1.614026
60 70 1.637253
60 160 -0.177152
61 62 0.326589
61 71 0.344617
61 161 -1.951127
62 63 0.160787
62 72 1.228283
62 162 -0.695949
63 64 -0.476276
63 73 0.203657
63 163 0.890215
64 65 -2.331292
64 74 0.407287
64 164 -1.048827
65 66 1.178678
65 75 -0.747358
65 165 0.822758
66 67 -1.088727
66 76 0.513009
66 166 -1.159614
67 68 0.939053
67 77 -0.986183
67 167 0.357817
68 69 0.427793
68 78 -0.675771
68 168 0.531197
69 60 1.308980
69 79 -0.094674
69 169 -0.289562
70 71 0.471537
70 80 1.378520
70 170 -0.651858
71 72 -0.270912
71 81 0.405989
71 171 1.300669
72 73 -1.704963
72 82 0.623548
72 172 0.889006
73 74 -0.144273
73 83 2.114622
73 173 0.060376
74 75 0.001019
74 84 -0.327283
74 174 0.828022
75 76 -0.010571
75 85 0.510628
75 175 -0.171591
76 77 -0.863683
76 86 0.600318
76 176 0.678608
77 78 -0.305810
77 87 -0.625695
77 177 0.846802
78 79 0.728996
78 88 -0.505066
78 178 0.643954
79 70 0.085963
79 89 -0.044670
79 179 1.175911
80 81 1.755349
80 90 -0.258510
80 180 0.087247
81 82 -0.773203
81 91 -0.352478
81 181 -0.673342
82 83 2.906544
82 92 0.489198
82 182 1.043371
83 84 -1.185226
83 93 0.140690
83 183 0.797879
84 85 0.723026
84 94 1.317570
84 184 1.533720
85 86 0.920299
85 95 -0.247217
85 185 0.076017
86 87 0.654557
86 96 -0.107225
86 186 -0.425634
87 88 1.065643
87 97 0.321272
87 187 -1.031483
88 89 -0.439864
88 98 0.268808
88 188 -0.682590
89 80 -0.280466
89 99 -0.646350
89 189 0.565057
90 91 -0.953881
90 0 -1.260207
90 190 1.770978
91 92 0.738754
91 1 0.503500
91 191 0.737082
92 93 1.830157
92 2 -1.326078
92 192 -0.532155
93 94 0.318432
93 3 0.429928
93 193 -0.266870
94 95 1.336503
94 4 -0.110246
94 194 -0.669785
95 96 -0.746738
95 5 -0.719098
95 195 -1.226360
96 97 -0.208358
96 6 0.721307
96 196 -0.737591
97 98 -0.037719
97 7 -0.375991
97 197 0.118492
98 99 -0.548718
98 8 1.669931
98 198 0.438957
99 90 0.053943
99 9 -0.388633
99 199 -1.747403
100 101 1.632049
100 110 0.335497
100 200 0.776148
101 102 1.523118
101 111 0.892036
101 201 -0.057187
102 103 0.419602
102 112 -2.305153
102 202 -1.244735
103 104 0.417714
103 113 0.910538
103 203 -0.536220
104 105 -1.245159
104 114 1.589985
104 204 0.736265
105 106 -0.103877
105 115 -0.232656
105 205 0.076870
106 107 -0.840280
106 116 -0.880582
106 206 -1.535039
107 108 -1.161245
107 117 2.351136
107 207 -0.445100
108 109 0.357200
108 118 0.579284
108 208 -0.994352
109 100 1.286950
109 119 -0.155834
109 209 -2.164778
110 111 2.503684
110 120 -2.361194
110 210 -0.574060
111 112 -1.954075
111 121 1.957688
111 211 -0.068487
112 113 2.353670
112 122 -0.532650
112 212 -0.320756
113 114 1.593891
113 123 -1.043361
113 213 -1.061832
114 115 0.411740
114 124 1.212767
114 214 0.293933
115 116 -1.651818
115 125 0.508241
115 215 0.898750
116 117 0.872573
116 126 -0.562770
116 216 -0.583786
117 118 -0.288269
117 127 0.157995
117 217 0.565741
118 119 0.161833
118 128 -1.439876
118 218 -1.319363
119 110 -1.265487
119 129 -0.257572
119 219 -0.289550
120 121 0.391414
120 130 -0.238565
120 220 0.481266
121 122 -0.191432
121 131 0.913294
121 221 0.215265
122 123 -1.050199
122 132 -0.457461
122 222 -0.433798
123 124 0.358644
123 133 2.782943
123 223 0.255396
124 125 0.122959
124 134 1.842525
124 224 -0.941651
125 126 -0.646463
125 135 -0.108835
125 225 1.137157
126 127 -0.416478
126 136 -0.338848
126 226 -0.609072
127 128 -0.211570
127 137 0.257423
127 227 0.609478
128 129 0.268945
128 138 -0.778576
128 228 -1.042292
129 120 -0.230584
129 139 0.257175
129 229 0.714866
130 131 -0.774472
130 140 -0.537498
130 230 1.122700
131 132 0.123194
131 141 0.767612
131 231 1.406662
132 133 0.455146
132 142 0.807878
132 232 -2.068413
133 134 0.643089
133 143 0.563729
133 233 2.701547
134 135 -1.663976
134 144 -0.364141
134 234 1.134745
135 136 -0.229409
135 145 -0.460541
135 235 0.197099
136 137 0.415168
136 146 0.332311
136 236 0.774903
137 138 0.253315
137 147 0.694871
137 237 0.994422
138 139 0.344104
138 148 0.851296
138 238 1.306712
139 130 -0.169375
139 149 0.510384
139 239 -0.086319
140 141 -0.518267
140 150 0.284825
140 240 0.300375
141 142 -0.309631
141 151 -0.323063
141 241 -0.380271
142 143 0.187674
142 152 0.868457
142 242 0.698284
143 144 -0.214645
143 153 -0.055581
143 243 0.192006
144 145 -0.033461
144 154 1.656683
144 244 0.376333
145 146 -0.535402
145 155 -0.105652
145 245 -2.290224
146 147 -0.730695
146 156 0.085950
146 246 -2.089416
147 148 -0.065062
147 157 -0.225742
147 247 0.889990
148 149 1.279063
148 158 1.011600
148 248 0.300656
149 140 0.233948
149 159 0.291816
149 249 -0.607595
150 151 0.017100
150 160 0.767734
150 250 0.744685
151 152 -0.238720
151 161 -0.547522
151 251 -0.141135
152 153 -1.261923
152 162 -0.297677
152 252 -0.380864
153 154 0.448828
153 163 -2.341350
153 253 -1.139316
154 155 -0.389676
154 164 -0.287371
154 254 -0.338454
155 156 -0.177821
155 165 0.376246
155 255 -0.675142
156 157 1.423378
156 166 1.379309
156 256 -1.028658
157 158 0.094080
157 167 -0.511013
157 257 1.104588
158 159 1.536970
158 168 -0.561813
158 258 0.940092
159 150 0.335385
159 169 -1.129903
159 259 0.192278
160 161 0.899063
160 170 0.018319
160 260 1.394499
161 162 0.632181
161 171 1.162748
161 261 -0.519795
162 163 0.433860
162 172 -1.373223
162 262 -0.045624
163 164 -0.192366
163 173 -1.812876
163 263 -0.055661
164 165 0.717378
164 174 -0.067354
164 264 -1.730019
165 166 0.605429
165 175 0.746997
165 265 -1.250730
166 167 0.723904
166 176 0.103830
166 266 -0.307869
167 168 -0.067546
167 177 0.016261
167 267 -1.862373
168 169 2.451376
168 178 1.639734
168 268 0.409982
169 160 0.798007
169 179 -1.415335
169 269 -0.098388
170 171 0.203956
170 180 2.497270
170 270 -0.501033
171 172 -0.837325
171 181 -0.652824
171 271 0.112827
172 173 1.813141
172 182 -0.324849
172 272 0.928107
173 174 0.596282
173 183 -0.849882
173 273 0.716825
174 175 -0.851630
174 184 -0.453627
174 274 0.794499
175 176 -0.143510
175 185 2.313057
175 275 -1.074227
176 177 -0.967962
176 186 0.428522
176 276 -0.534041
177 178 -1.143319
177 187 -1.672950
177 277 -0.066715
178 179 -0.281529
178 188 2.571814
178 278 -0.726388
179 170 -0.710646
179 189 -0.364890
179 279 1.642552
180 181 -0.693444
180 190 -0.643229
180 280 0.471740
181 182 0.603019
181 191 0.171115
181 281 -1.474832
182 183 3.112654
182 192 1.648582
182 282 -1.397769
183 184 0.666344
183 193 1.707122
183 283 0.459970
184 185 0.913818
184 194 0.734044
184 284 -1.007166
185 186 0.013838
185 195 1.653498
185 285 0.276822
186 187 -1.775392
186 196 0.158631
186 286 -1.067401
187 188 -1.146745
187 197 -0.239232
187 287 -1.756178
188 189 -1.700957
188 198 1.384772
188 288 -1.124600
189 180 -0.929151
189 199 2.095909
189 289 -1.737169
190 191 0.353254
190 100 1.201260
190 290 1.356091
191 192 2.277316
191 101 -1.195832
191 291 0.961585
192 193 3.163888
192 102 -0.929653
192 292 -0.536313
193 194 0.501657
193 103 -0.398097
193 293 -1.829271
194 195 1.360851
194 104 0.610003
194 294 -0.352547
195 196 -0.447799
195 105 -0.805491
195 295 -0.199877
196 197 -0.731344
196 106 1.129792
196 296 -0.331460
197 198 -1.334492
197 107 1.777684
197 297 -1.054345
198 199 1.369480
198 108 -0.088711
198 298 -0.295621
199 190 -0.589629
199 109 -1.566145
199 299 0.877759
200 201 0.915720
200 210 0.067923
200 300 1.251896
201 202 0.343089
201 211 0.197687
201 301 0.435257
202 203 -1.499994
202 212 -0.152298
202 302 -1.722595
203 204 -0.323642
203 213 -1.427586
203 303 -0.565094
204 205 -0.614899
204 214 0.685532
204 304 0.490414
205 206 0.265707
205 215 -0.643225
205 305 -1.823173
206 207 0.218991
206 216 -1.207024
206 306 0.069011
207 208 -0.985645
207 217 -2.000476
207 307 -2.025002
208 209 0.466638
208 218 -0.967729
208 308 0.170094
209 200 1.356710
209 219 -0.695911
209 309 -0.094660
210 211 1.750578
210 220 0.770561
210 310 -1.299127
211 212 0.351379
211 221 1.451048
211 311 -0.646781
212 213 -0.213258
212 222 0.326774
212 312 0.920593
213 214 0.438216
213 223 2.106104
213 313 -2.801946
214 215 -1.143760
214 224 -0.436781
214 314 -1.422139
215 216 0.134553
215 225 0.621387
215 315 -0.395149
216 217 -0.137428
216 226 0.125714
216 316 0.217454
217 218 0.861122
217 227 -0.696427
217 317 0.463662
218 219 1.943450
218 228 0.513852
218 318 -0.548986
219 210 -0.503722
219 229 0.347323
219 319 -0.309110
220 221 0.409195
220 230 -0.310441
220 320 0.790612
221 222 0.688272
221 231 0.322749
221 321 -1.513118
222 223 0.694844
222 232 -0.030056
222 322 -1.073841
223 224 1.391301
223 233 0.767317
223 323 -0.778416
224 225 -0.731098
224 234 1.239840
224 324 0.633656
225 226 -0.920268
225 235 0.642176
225 325 0.756845
226 227 -1.503611
226 236 -1.203535
226 326 -1.403105
227 228 1.856836
227 237 -0.208895
227 327 -0.322486
228 229 -0.871972
228 238 0.016188
228 328 -0.591926
229 220 -0.370711
229 239 0.430325
229 329 -0.317389
230 231 2.174127
230 240 0.318679
230 330 0.425683
231 232 -0.946457
231 241 0.320923
231 331 1.438512
232 233 1.123602
232 242 -0.926623
232 332 -1.361888
233 234 -0.658488
233 243 -0.589126
233 333 -1.703943
234 235 0.363873
234 244 -2.334317
234 334 -0.823929
235 236 0.293873
235 245 0.926803
235 335 2.036860
236 237 -1.101215
236 246 -0.800824
236 336 0.317776
237 238 1.170233
237 247 0.283251
237 337 1.029152
238 239 -0.145611
238 248 0.810569
238 338 -0.660148
239 230 0.054913
239 249 1.605986
239 339 -0.729642
240 241 -1.027719
240 250 -0.632464
240 340 -1.090901
241 242 0.102576
241 251 -1.411785
241 341 -0.092986
242 243 -0.310587
242 252 -0.590086
242 342 1.642348
243 244 -0.356428
243 253 -0.076008
243 343 0.771971
244 245 0.225697
244 254 0.311521
244 344 -0.530048
245 246 -1.163760
245 255 0.514673
245 345 -0.013838
246 247 0.634910
246 256 0.612593
246 346 1.275929
247 248 1.273186
247 257 -1.485873
247 347 0.409019
248 249 -0.566728
248 258 -1.084502
248 348 -0.066605
249 240 0.099452
249 259 0.661057
249 349 -1.898351
250 251 0.611205
250 260 -0.247752
250 350 0.089688
251 252 1.208238
251 261 0.452525
251 351 0.639264
252 253 0.773857
252 262 -0.031112
252 352 -1.086437
253 254 -0.823141
253 263 0.720224
253 353 0.456745
254 255 0.040509
254 264 -0.478132
254 354 -0.609145
255 256 0.181855
255 265 -1.756359
255 355 -0.735853
256 257 -0.038590
256 266 -0.392321
256 356 -1.251471
257 258 -0.368899
257 267 0.523156
257 357 -0.978291
258 259 -1.147416
258 268 0.205135
258 358 0.291642
259 250 0.424715
259 269 -1.282510
259 359 2.319050
260 261 1.514397
260 270 -0.308683
260 360 -0.269754
261 262 -1.102765
261 271 -1.371684
261 361 -0.109793
262 263 -0.165379
262 272 0.328665
262 362 -1.543346
263 264 1.605864
263 273 1.805194
263 363 -0.800689
264 265 0.026065
264 274 0.831174
264 364 -0.503920
265 266 -0.312069
265 275 -0.171535
265 365 -1.135087
266 267 2.673750
266 276 0.243084
266 366 0.289022
267 268 1.161816
267 277 -1.653635
267 367 0.477250
268 269 -0.644506
268 278 -1.168951
268 368 0.025800
269 260 1.090304
269 279 0.350784
269 369 -1.951297
270 271 -0.095117
270 280 -0.102318
270 370 -1.082453
271 272 -0.802420
271 281 2.179479
271 371 -0.498155
272 273 0.936904
272 282 1.829053
272 372 0.513186
273 274 -1.498482
273 283 -1.471534
273 373 -0.977047
274 275 0.672249
274 284 -0.041655
274 374 0.917723
275 276 -0.553935
275 285 1.893007
275 375 -0.060325
276 277 0.479998
276 286 -2.039282
276 376 0.193687
277 278 0.776013
277 287 -0.574552
277 377 -1.649427
278 279 0.560387
278 288 -1.364349
278 378 -0.428048
279 270 0.354191
279 289 0.750829
279 379 -1.940772
280 281 -0.448300
280 290 -0.758291
280 380 -2.148451
281 282 -0.152844
281 291 0.290398
281 381 0.018216
282 283 -0.565723
282 292 -0.985392
282 382 0.620471
283 284 -0.794878
283 293 0.739081
283 383 -0.005022
284 285 -0.328922
284 294 -0.025744
284 384 -1.838193
285 286 0.185236
285 295 -0.116928
285 385 -0.955372
286 287 -1.165386
286 296 -1.669394
286 386 -0.621601
287 288 1.765176
287 297 0.772978
287 387 -0.920935
288 289 0.758283
288 298 -2.008529
288 388 -0.953466
289 280 -2.729298
289 299 -0.233067
289 389 -0.742323
290 291 -1.037525
290 200 1.463761
290 390 -0.770465
291 292 -0.677543
291 201 -0.575449
291 391 -0.933860
292 293 -0.387562
292 202 -1.345996
292 392 -1.316148
293 294 -0.845246
293 203 -0.562310
293 393 -0.553401
294 295 -0.409302
294 204 -1.023486
294 394 -1.175536
295 296 0.372823
295 205 -1.559283
295 395 0.368422
296 297 1.131091
296 206 -0.101695
296 396 -0.254084
297 298 0.371862
297 207 0.076452
297 397 -0.220327
298 299 0.595019
298 208 -1.435229
298 398 0.728851
299 290 -0.151979
299 209 -0.253592
299 399 0.342644
300 301 1.261640
300 310 -1.059101
300 400 0.488889
301 302 0.328964
301 311 -0.758751
301 401 -0.079196
302 303 1.615384
302 312 -1.603593
302 402 0.068625
303 304 1.226799
303 313 0.047738
303 403 0.415938
304 305 -0.679208
304 314 -0.767783
304 404 1.621401
305 306 -0.346236
305 315 1.049099
305 405 -1.235501
306 307 -0.103279
306 316 -0.243936
306 406 -0.282728
307 308 -0.167894
307 317 0.664949
307 407 -0.347027
308 309 0.456478
308 318 -0.339357
308 408 1.004169
309 300 -0.372698
309 319 -1.470484
309 409 -0.233324
310 311 1.067916
310 320 -0.765082
310 410 -0.469597
311 312 1.325003
311 321 0.657033
311 411 0.099122
312 313 0.413939
312 322 -1.092836
312 412 1.598328
313 314 -0.637874
313 323 -1.595616
313 413 1.400638
314 315 1.080661
314 324 0.353463
314 414 -2.808414
315 316 0.109691
315 325 -0.760947
315 415 0.256379
316 317 -0.167229
316 326 -0.253252
316 416 -0.792496
317 318 -0.722108
317 327 0.105005
317 417 0.455568
318 319 0.317089
318 328 1.472761
318 418 -0.199016
319 310 -0.502289
319 329 -0.495233
319 419 1.646104
320 321 1.436571
320 330 -1.293810
320 420 -0.931507
321 322 0.168672
321 331 -2.150278
321 421 0.544904
322 323 0.843081
322 332 -0.939906
322 422 -0.487655
323 324 0.432625
323 333 -1.155523
323 423 0.589529
324 325 -1.303027
324 334 -0.117258
324 424 1.091230
325 326 0.785298
325 335 -0.134220
325 425 0.004346
326 327 0.728331
326 336 0.979232
326 426 -0.335949
327 328 -0.633717
327 337 -1.173874
327 427 -2.029273
328 329 2.535639
328 338 -1.633096
328 428 -0.234668
329 320 -0.216971
329 339 1.496071
329 429 0.694532
330 331 -0.785852
330 340 -0.816662
330 430 0.767356
331 332 0.715306
331 341 0.630472
331 431 -1.730824
332 333 -0.283136
332 342 0.974096
332 432 0.793084
333 334 -0.685311
333 343 -0.146547
333 433 -0.033698
334 335 0.176490
334 344 -0.745236
334 434 0.073795
335 336 -0.772121
335 345 -1.921395
335 435 0.472571
336 337 0.268140
336 346 -0.632497
336 436 0.869946
337 338 -0.647159
337 347 -0.872066
337 437 -0.124073
338 339 -1.219620
338 348 -1.441851
338 438 -2.026118
339 330 0.908498
339 349 -1.177712
339 439 0.261880
340 341 -0.150762
340 350 -0.515986
340 440 -0.479069
341 342 -0.440958
341 351 -0.467405
341 441 -1.689398
342 343 -0.366317
342 352 -1.385489
342 442 -1.090936
343 344 1.782227
343 353 0.764035
343 443 -0.517741
344 345 -1.147703
344 354 -1.016378
344 444 0.380140
345 346 0.161287
345 355 -0.054053
345 445 -0.480339
346 347 -1.406631
346 356 -1.348204
346 446 -1.415961
347 348 -0.071648
347 357 -1.391813
347 447 0.666927
348 349 0.186607
348 358 -1.582180
348 448 -1.212749
349 340 -1.097362
349 359 -0.999276
349 449 0.586316
350 351 0.887394
350 360 0.617581
350 450 -0.059938
351 352 1.406739
351 361 1.393263
351 451 0.252967
352 353 -1.086380
352 362 0.256901
352 452 -0.145109
353 354 -0.193351
353 363 -1.597296
353 453 0.169831
354 355 0.204181
354 364 -1.375815
354 454 -1.042904
355 356 1.164188
355 365 0.043480
355 455 1.453830
356 357 0.445366
356 366 0.289295
356 456 0.869063
357 358 -1.193407
357 367 -1.998583
357 457 0.627534
358 359 -0.932067
358 368 -1.093787
358 458 0.268417
359 350 -1.069352
359 369 -1.380737
359 459 -0.675923
360 361 -0.139095
360 370 0.310911
360 460 0.642953
361 362 0.431592
361 371 1.361724
361 461 -0.578791
362 363 -1.059022
362 372 -1.191405
362 462 -1.573079
363 364 0.358276
363 373 2.149413
363 463 -0.384401
364 365 1.154503
364 374 -0.757363
364 464 -0.515244
365 366 -2.990907
365 375 1.404903
365 465 -1.265509
366 367 0.513798
366 376 -1.235793
366 466 1.383436
367 368 0.825544
367 377 2.419539
367 467 0.321219
368 369 -0.772445
368 378 -0.427126
368 468 1.551420
369 360 0.132980
369 379 -0.775227
369 469 -0.002451
370 371 0.512467
370 380 1.121592
370 470 -0.167266
371 372 0.223167
371 381 -0.299786
371 471 1.106258
372 373 0.849109
372 382 -1.832605
372 472 -1.404875
373 374 0.510434
373 383 0.975600
373 473 0.810448
374 375 -1.178749
374 384 -1.074863
374 474 1.950040
375 376 0.629572
375 385 0.914884
375 475 -0.075283
376 377 -0.027988
376 386 1.563629
376 476 -1.482794
377 378 -0.174373
377 387 0.452246
377 477 -0.039630
378 379 0.197241
378 388 -0.563633
378 478 0.414999
379 370 0.205718
379 389 0.503314
379 479 0.444448
380 381 -0.219130
380 390 0.001847
380 480 -1.879544
381 382 -1.667077
381 391 0.269943
381 481 -0.971774
382 383 -1.537302
382 392 1.389734
382 482 -0.222007
383 384 0.917542
383 393 1.136452
383 483 0.597553
384 385 1.205565
384 394 -1.567918
384 484 -0.602244
385 386 -0.681661
385 395 -0.004919
385 485 -0.361985
386 387 -0.268774
386 396 -0.538513
386 486 -1.120613
387 388 -0.022738
387 397 -0.584374
387 487 -0.393285
388 389 0.749986
388 398 2.311961
388 488 0.146826
389 380 0.563623
389 399 0.839762
389 489 0.793860
390 391 1.107876
390 300 -0.052839
390 490 0.562148
391 392 0.468657
391 301 0.344236
391 491 -1.139963
392 393 -0.436465
392 302 -0.171384
392 492 0.583149
393 394 0.574271
393 303 0.285078
393 493 -0.752968
394 395 0.325883
394 304 -1.422552
394 494 -0.906046
395 396 0.054704
395 305 2.205572
395 495 0.073255
396 397 0.685826
396 306 1.064604
396 496 -0.128125
397 398 -0.290383
397 307 -0.982421
397 497 -1.057003
398 399 0.710070
398 308 0.642486
398 498 -1.523850
399 390 -0.524805
399 309 0.331319
399 499 1.589884
400 401 1.685425
400 410 0.682102
400 500 0.324995
401 402 1.938263
401 411 0.168898
401 501 1.331695
402 403 -0.890955
402 412 1.042811
402 502 0.383472
403 404 2.034421
403 413 -0.542232
403 503 -0.399285
404 405 -0.835654
404 414 1.523075
404 504 0.634669
405 406 -0.015847
405 415 -0.802560
405 505 0.486346
406 407 0.161787
406 416 -0.449838
406 506 -0.481825
407 408 0.619587
407 417 0.268089
407 507 -0.592390
408 409 0.082200
408 418 0.383754
408 508 0.734017
409 400 -0.330339
409 419 0.325045
409 509 0.628604
410 411 1.279118
410 420 -0.169658
410 510 -1.844445
411 412 1.500007
411 421 -1.237586
411 511 1.101253
412 413 -0.538762
412 422 -0.253159
412 512 -1.052986
413 414 -0.035370
413 423 -0.523251
413 513 -0.305810
414 415 -1.284079
414 424 -0.700843
414 514 -0.581066
415 416 -0.577696
415 425 -0.684982
415 515 -1.869007
416 417 1.041228
416 426 0.359435
416 516 -0.442576
417 418 1.014853
417 427 0.446043
417 517 -1.152780
418 419 0.109726
418 428 -1.254997
418 518 0.633399
419 410 -0.173945
419 429 -0.733334
419 519 0.457257
420 421 0.238228
420 430 1.869586
420 520 -0.595384
421 422 -0.259011
421 431 -1.152560
421 521 0.533779
422 423 2.568931
422 432 -2.485446
422 522 -1.012747
423 424 1.927482
423 433 1.177114
423 523 -0.699321
424 425 0.345325
424 434 -1.669355
424 524 -0.630872
425 426 0.866996
425 435 -0.002100
425 525 -0.740648
426 427 -0.125994
426 436 -1.517885
426 526 -1.715058
427 428 0.601846
427 437 0.213980
427 527 0.776629
428 429 0.777036
428 438 0.697920
428 528 0.253173
429 420 0.384585
429 439 0.511975
429 529 -0.914109
430 431 -0.775702
430 440 0.238109
430 530 0.125213
431 432 -0.458691
431 441 -0.093632
431 531 0.246502
432 433 0.380347
432 442 -0.068453
432 532 1.074638
433 434 1.293063
433 443 1.207534
433 533 2.627563
434 435 -2.278951
434 444 -1.163935
434 534 -0.759537
435 436 -0.124395
435 445 0.072442
435 535 0.685584
436 437 0.089382
436 446 -1.117342
436 536 -0.969678
437 438 0.328926
437 447 -2.178178
437 537 -1.126297
438 439 -0.665683
438 448 -0.229311
438 538 -0.081563
439 430 1.721661
439 449 0.470438
439 539 0.026495
440 441 -0.595818
440 450 1.018842
440 540 -0.057224
441 442 -0.304937
441 451 -0.141464
441 541 -0.492195
442 443 0.748741
442 452 -0.733214
442 542 0.811045
443 444 -0.290333
443 453 2.416225
443 543 0.884748
444 445 -1.053523
444 454 0.932144
444 544 -0.470396
445 446 -0.300792
445 455 0.400723
445 545 0.879636
446 447 -0.569440
446 456 -0.779757
446 546 -1.058939
447 448 0.372126
447 457 -0.666863
447 547 -1.952193
448 449 -0.743822
448 458 0.864182
448 548 -0.875163
449 440 -0.289199
449 459 -0.550091
449 549 1.710547
450 451 -0.475903
450 460 -0.553803
450 550 -1.007059
451 452 -1.918137
451 461 -0.702871
451 551 -0.523692
452 453 -1.111954
452 462 -0.280040
452 552 0.253882
453 454 0.047605
453 463 -0.753388
453 553 0.939419
454 455 -0.408339
454 464 -1.241351
454 554 -0.551690
455 456 0.032800
455 465 -1.540214
455 555 0.287706
456 457 -1.701095
456 466 -1.359555
456 556 1.093911
457 458 -1.315266
457 467 -0.833054
457 557 -1.693670
458 459 -0.040633
458 468 -0.819132
458 558 -1.758336
459 450 0.905426
459 469 -2.067302
459 559 -0.335871
460 461 0.617149
460 470 -0.474251
460 560 1.650567
461 462 -0.535092
461 471 1.372455
461 561 0.441019
462 463 1.456770
462 472 0.296142
462 562 -0.843970
463 464 0.052959
463 473 -0.694936
463 563 1.106940
464 465 -0.526332
464 474 -0.452249
464 564 3.106091
465 466 0.243639
465 475 -0.119715
465 565 0.494512
466 467 -0.225221
466 476 -1.200201
466 566 3.250834
467 468 -0.903775
467 477 -0.650546
467 567 -0.615840
468 469 -1.468116
468 478 1.389342
468 568 -1.749583
469 460 -0.068169
469 479 0.369989
469 569 -0.338975
470 471 0.963358
470 480 1.335573
470 570 -0.421019
471 472 0.536966
471 481 -0.256075
471 571 -2.654499
472 473 -0.086119
472 482 -0.184675
472 572 0.716033
473 474 1.026415
473 483 -0.192290
473 573 0.607487
474 475 0.080668
474 484 0.157596
474 574 0.160091
475 476 1.417269
475 485 -0.226133
475 575 -1.967888
476 477 0.081862
476 486 -0.455288
476 576 1.249756
477 478 -0.927467
477 487 -0.192020
477 577 0.764482
478 479 -0.255348
478 488 -0.254991
478 578 -1.043182
479 470 0.583886
479 489 -1.399434
479 579 -0.339281
480 481 -0.720295
480 490 -0.996365
480 580 0.513831
481 482 0.175549
481 491 0.396333
481 581 -0.190688
482 483 -0.874029
482 492 -0.949597
482 582 -0.041573
483 484 -2.120841
483 493 -1.126515
483 583 1.267375
484 485 1.372063
484 494 -2.846365
484 584 -0.289644
485 486 0.922082
485 495 -0.161836
485 585 -0.211233
486 487 0.114105
486 496 0.095924
486 586 -0.308456
487 488 -1.361200
487 497 1.668318
487 587 1.909580
488 489 1.151860
488 498 1.926218
488 588 0.578733
489 480 0.416787
489 499 -1.212371
489 589 0.777272
490 491 0.874307
490 400 -1.099296
490 590 0.213892
491 492 -0.917185
491 401 0.635176
491 591 1.474828
492 493 -1.101170
492 402 1.077327
492 592 -0.317138
493 494 -0.059692
493 403 -1.539663
493 593 -1.221826
494 495 -0.584116
494 404 -1.567572
494 594 0.209424
495 496 1.166558
495 405 -0.898521
495 595 0.515940
496 497 -1.302685
496 406 1.101346
496 596 0.724988
497 498 -0.055052
497 407 0.561257
497 597 1.646499
498 499 0.825271
498 408 1.385246
498 598 1.156606
499 490 1.155987
499 409 0.502035
499 599 -0.441765
500 501 0.702703
500 510 0.151312
500 600 -0.224282
501 502 -0.613476
501 511 0.249742
501 601 -0.616061
502 503 -1.344488
502 512 1.961055
502 602 -0.951542
503 504 -1.681396
503 513 -1.290646
503 603 1.262061
504 505 0.043478
504 514 -0.342863
504 604 -0.257937
505 506 -0.936479
505 515 0.507210
505 605 -0.538437
506 507 -0.549974
506 516 -0.992782
506 606 -1.505328
507 508 -0.479060
507 517 1.644434
507 607 0.197698
508 509 0.219362
508 518 -0.484486
508 608 1.240683
509 500 0.189054
509 519 -1.360855
509 609 -0.312334
510 511 1.084038
510 520 -0.608574
510 610 1.301681
511 512 -0.824155
511 521 1.129184
511 611 1.806812
512 513 0.872779
512 522 1.264673
512 612 -0.204358
513 514 0.218879
513 523 -1.821536
513 613 -0.402403
514 515 0.891019
514 524 -0.307772
514 614 0.149131
515 516 0.096257
515 525 1.250929
515 615 -1.662052
516 517 0.472393
516 526 2.058150
516 616 1.896808
517 518 0.122784
517 527 1.099811
517 617 -0.008006
518 519 -0.187576
518 528 0.425850
518 618 -1.528087
519 510 -0.931231
519 529 -0.198141
519 619 -0.014571
520 521 -0.528097
520 530 1.779726
520 620 0.646025
521 522 1.585680
521 531 0.725891
521 621 2.068609
522 523 -1.002778
522 532 2.412595
522 622 0.909624
523 524 -0.809504
523 533 0.971190
523 623 0.555180
524 525 0.154938
524 534 0.173736
524 624 -1.072199
525 526 -0.024138
525 535 1.156556
525 625 0.761513
526 527 -0.561394
526 536 0.179101
526 626 0.910812
527 528 0.363014
527 537 1.239200
527 627 -0.777638
528 529 -0.236703
528 538 -0.522808
528 628 -1.325205
529 520 -1.205135
529 539 0.767251
529 629 1.461133
530 531 0.843306
530 540 1.320809
530 630 -0.604791
531 532 0.354558
531 541 1.676341
531 631 0.272366
532 533 -1.975184
532 542 1.094672
532 632 0.557824
533 534 0.279899
533 543 0.303520
533 633 0.079956
534 535 2.164764
534 544 -0.255328
534 634 -1.357714
535 536 0.800470
535 545 -0.350136
535 635 -1.257767
536 537 0.190787
536 546 -0.109705
536 636 1.145622
537 538 -1.013945
537 547 -0.284933
537 637 -0.191557
538 539 0.709473
538 548 -0.403178
538 638 0.194167
539 530 2.381915
539 549 -0.570623
539 639 -0.987036
540 541 0.980198
540 550 0.524190
540 640 -0.354517
541 542 -0.967312
541 551 -1.815587
541 641 1.524253
542 543 -1.091360
542 552 -0.912511
542 642 -1.443271
543 544 -0.404660
543 553 -0.128821
543 643 -1.413449
544 545 -0.600930
544 554 0.290898
544 644 0.196115
545 546 1.154314
545 555 -0.505503
545 645 1.162807
546 547 -0.549577
546 556 -2.086182
546 646 0.065245
547 548 -1.665647
547 557 0.796006
547 647 1.025147
548 549 0.130253
548 558 0.325449
548 648 0.555786
549 540 0.507562
549 559 -0.397560
549 649 0.980207
550 551 1.038122
550 560 0.314361
550 650 -0.579658
551 552 0.686429
551 561 0.089473
551 651 -0.308624
552 553 -1.146118
552 562 -1.646242
552 652 0.123491
553 554 0.109733
553 563 0.694488
553 653 0.877183
554 555 -0.988289
554 564 1.127646
554 654 0.557106
555 556 0.377692
555 565 1.331304
555 655 1.001883
556 557 -0.119402
556 566 1.140982
556 656 0.516663
557 558 1.252865
557 567 0.976621
557 657 0.694566
558 559 1.117510
558 568 0.550456
558 658 0.691915
559 550 1.814627
559 569 0.505366
559 659 0.347529
560 561 0.772424
560 570 0.240417
560 660 0.491328
561 562 2.638753
561 571 -0.325032
561 661 -2.088164
562 563 0.643101
562 572 -1.123557
562 662 -1.740154
563 564 0.006751
563 573 -1.386591
563 663 -0.011061
564 565 0.245774
564 574 -1.545771
564 664 -1.443799
565 566 -0.633337
565 575 0.815088
565 665 -0.535281
566 567 0.287605
566 576 0.013960
566 666 -1.164699
567 568 0.595960
567 577 1.607687
567 667 -0.013778
568 569 0.793587
568 578 1.181523
568 668 1.168893
569 560 -0.138746
569 579 -0.109728
569 669 1.777672
570 571 1.637956
570 580 1.162021
570 670 0.166825
571 572 -0.070078
571 581 -0.917673
571 671 1.470445
572 573 0.121865
572 582 0.836613
572 672 -1.510198
573 574 -1.028912
573 583 2.705105
573 673 -0.665547
574 575 0.156541
574 584 0.212355
574 674 0.237469
575 576 0.027524
575 585 -0.295690
575 675 -0.186636
576 577 0.196541
576 586 0.787372
576 676 0.128511
577 578 0.699688
577 587 -0.814174
577 677 -1.538466
578 579 -0.889607
578 588 -0.348580
578 678 -1.917091
579 570 -0.634529
579 589 0.559767
579 679 -0.776646
580 581 -0.870445
580 590 -0.015615
580 680 -1.473979
581 582 -0.700211
581 591 1.116370
581 681 -0.043529
582 583 1.116990
582 592 0.124641
582 682 1.035385
583 584 -0.505010
583 593 -0.763395
583 683 -0.069553
584 585 -0.885003
584 594 -0.740897
584 684 0.102207
585 586 0.183859
585 595 0.002115
585 685 -1.421013
586 587 1.033246
586 596 -0.406576
586 686 1.015555
587 588 0.061607
587 597 -0.438642
587 687 -0.673116
588 589 -0.804421
588 598 -0.946035
588 688 -1.323105
589 580 -0.853556
589 599 0.191799
589 689 1.416388
590 591 -0.038685
590 500 -0.019508
590 690 0.362186
591 592 0.278029
591 501 -0.308497
591 691 0.966387
592 593 1.139389
592 502 -0.818148
592 692 -0.873007
593 594 -0.841436
593 503 1.232162
593 693 -0.408078
594 595 0.602243
594 504 0.412553
594 694 1.168071
595 596 0.929588
595 505 0.031998
595 695 -0.056491
596 597 -1.597076
596 506 -0.809066
596 696 0.296280
597 598 -1.124585
597 507 1.328863
597 697 0.963250
598 599 -2.955763
598 508 0.406164
598 698 -0.305884
599 590 0.425850
599 509 1.241579
599 699 -0.028533
600 601 0.260742
600 610 -1.757564
600 700 -0.287060
601 602 -0.242549
601 611 0.840828
601 701 0.588649
602 603 -0.048070
602 612 -0.896807
602 702 -0.908329
603 604 -0.367086
603 613 0.983455
603 703 0.074016
604 605 -0.636843
604 614 1.185350
604 704 0.044338
605 606 -0.783337
605 615 -1.195637
605 705 -1.552702
606 607 -0.546774
606 616 0.216413
606 706 -0.022030
607 608 -1.207708
607 617 0.132987
607 707 -1.550199
608 609 -1.020457
608 618 -0.420620
608 708 1.435833
609 600 2.093503
609 619 0.690637
609 709 1.184841
610 611 -0.338156
610 620 -0.384027
610 710 0.017865
611 612 2.967465
611 621 2.340207
611 711 0.235453
612 613 0.720769
612 622 0.931130
612 712 0.579406
613 614 -1.328961
613 623 0.797476
613 713 -0.157345
614 615 -0.517012
614 624 -0.022289
614 714 1.441724
615 616 -0.149984
615 625 -0.934117
615 715 1.294508
616 617 1.121358
616 626 1.850812
616 716 1.933844
617 618 -0.862717
617 627 0.217456
617 717 -2.049492
618 619 1.402671
618 628 1.475357
618 718 -0.111765
619 610 0.833284
619 629 0.100507
619 719 1.967427
620 621 -1.737209
620 630 -0.623147
620 720 1.318751
621 622 -0.579065
621 631 -0.317556
621 721 -0.375523
622 623 -1.449901
622 632 0.554204
622 722 0.890070
623 624 1.221828
623 633 0.302654
623 723 0.820123
624 625 0.643918
624 634 -0.050900
624 724 0.018478
625 626 0.279655
625 635 -0.101526
625 725 -0.279939
626 627 1.002693
626 636 0.408504
626 726 -0.634470
627 628 -0.034096
627 637 0.592431
627 727 0.111241
628 629 -0.094959
628 638 -1.141157
628 728 -0.423543
629 620 1.158540
629 639 1.632452
629 729 -0.200671
630 631 1.004705
630 640 -0.418868
630 730 1.467017
631 632 1.447121
631 641 -1.509305
631 731 0.838995
632 633 0.569538
632 642 0.970423
632 732 0.487557
633 634 -0.285358
633 643 -0.460472
633 733 -0.836025
634 635 0.268282
634 644 -0.051378
634 734 -0.070717
635 636 -0.683832
635 645 0.309267
635 735 -1.182006
636 637 -0.262637
636 646 0.889105
636 736 -0.774659
637 638 0.822760
637 647 1.988046
637 737 -0.944859
638 639 -0.394853
638 648 -0.051216
638 738 -0.206404
639 630 0.347788
639 649 1.249311
639 739 1.150769
640 641 2.397659
640 650 0.977101
640 740 -1.400196
641 642 -0.205061
641 651 0.091567
641 741 -1.439430
642 643 0.156557
642 652 0.628156
642 742 0.673466
643 644 0.201421
643 653 -1.837294
643 743 0.229724
644 645 -0.166134
644 654 -1.293241
644 744 -0.500406
645 646 -0.565141
645 655 -3.190141
645 745 -1.003369
646 647 -0.818205
646 656 -0.277203
646 746 0.313214
647 648 -0.267562
647 657 0.564573
647 747 0.483389
648 649 0.011502
648 658 0.341895
648 748 0.859006
649 640 1.140152
649 659 1.443094
649 749 0.357150
650 651 -1.067652
650 660 -1.194707
650 750 -1.113962
651 652 0.488508
651 661 -0.080168
651 751 2.181134
652 653 2.201708
652 662 -1.547471
652 752 -1.977557
653 654 1.411684
653 663 0.365794
653 753 0.012842
654 655 -0.025870
654 664 -2.071979
654 754 0.672520
655 656 -0.005220
655 665 -0.321979
655 755 2.641724
656 657 1.054751
656 666 0.041821
656 756 -0.620910
657 658 -0.746202
657 667 0.914272
657 757 -1.030324
658 659 2.073811
658 668 -1.189442
658 758 -1.657204
659 650 -0.577728
659 669 -0.055856
659 759 0.045405
660 661 0.250466
660 670 -0.222843
660 760 1.425427
661 662 1.122670
661 671 -2.758595
661 761 -0.195926
662 663 1.644370
662 672 -0.409826
662 762 0.144326
663 664 -0.529389
663 673 2.338118
663 763 -0.448728
664 665 -0.228456
664 674 0.636216
664 764 2.058111
665 666 0.122247
665 675 -0.644605
665 765 -0.161408
666 667 -0.337218
666 676 0.104226
666 766 0.726150
667 668 0.203010
667 677 0.926459
667 767 -1.366486
668 669 0.433138
668 678 -1.211448
668 768 0.199589
669 660 -1.417999
669 679 -0.128209
669 769 0.186606
670 671 0.385309
670 680 -1.276210
670 770 -0.482611
671 672 1.228202
671 681 -1.025344
671 771 -1.181812
672 673 -1.542225
672 682 -0.552986
672 772 -0.523390
673 674 1.485988
673 683 -0.830417
673 773 -0.949913
674 675 0.139450
674 684 -0.777556
674 774 -0.040857
675 676 1.717003
675 685 2.390428
675 775 -0.223064
676 677 -0.026397
676 686 0.682510
676 776 -0.431506
677 678 -2.105886
677 687 -2.241498
677 777 -0.583300
678 679 0.189717
678 688 0.516399
678 778 1.655026
679 670 -1.467304
679 689 0.191803
679 779 -0.473330
680 681 1.065031
680 690 0.944814
680 780 -0.259588
681 682 -1.031272
681 691 0.785446
681 781 0.176191
682 683 1.902881
682 692 -1.185622
682 782 -0.608711
683 684 1.333070
683 693 1.566409
683 783 -0.821231
684 685 2.776860
684 694 -0.220237
684 784 1.321923
685 686 0.370251
685 695 -0.441473
685 785 -0.558688
686 687 -0.261702
686 696 -0.274367
686 786 -0.714719
687 688 0.517141
687 697 -0.441926
687 787 -0.110598
688 689 -0.618676
688 698 2.332852
688 788 -0.980613
689 680 0.286065
689 699 -0.338433
689 789 0.391197
690 691 -0.018633
690 600 0.934136
690 790 -0.495791
691 692 0.296838
691 601 -1.514693
691 791 1.042525
692 693 0.903898
692 602 1.206527
692 792 -0.371925
693 694 -0.300497
693 603 1.374317
693 793 0.973738
694 695 -1.184461
694 604 0.312564
694 794 -0.182886
695 696 0.253608
695 605 0.239997
695 795 0.779909
696 697 -0.567003
696 606 0.887474
696 796 -0.378372
697 698 -0.186987
697 607 -0.319427
697 797 -0.425287
698 699 0.543309
698 608 -0.946550
698 798 -0.657903
699 690 1.558583
699 609 -0.639232
699 799 -1.019051
700 701 0.045934
700 710 -0.141762
700 800 2.026780
701 702 1.992335
701 711 -0.891851
701 801 -0.175937
702 703 -1.420445
702 712 -0.315060
702 802 -0.089323
703 704 0.296546
703 713 1.006939
703 803 -0.305079
704 705 0.760621
704 714 0.392149
704 804 0.291822
705 706 -0.945816
705 715 -0.590828
705 805 0.418131
706 707 0.330652
706 716 -0.285814
706 806 -0.764999
707 708 0.256438
707 717 2.588715
707 807 0.836353
708 709 0.130919
708 718 0.262712
708 808 -0.141101
709 700 -2.274402
709 719 2.171157
709 809 -0.090771
710 711 -0.701885
710 720 0.382861
710 810 -1.082247
711 712 -1.175781
711 721 -1.410637
711 811 -0.134570
712 713 1.570854
712 722 -1.516655
712 812 0.415183
713 714 -0.366578
713 723 0.518138
713 813 1.990364
714 715 -0.124898
714 724 -1.171650
714 814 -2.082327
715 716 -0.682378
715 725 0.339282
715 815 0.499130
716 717 -0.945578
716 726 -1.675925
716 816 0.211614
717 718 -1.151573
717 727 -1.569627
717 817 -1.724853
718 719 -0.008590
718 728 -1.548812
718 818 -0.141584
719 710 0.639461
719 729 -0.818947
719 819 -1.604007
720 721 -0.730437
720 730 -0.384722
720 820 -0.811011
721 722 -1.803489
721 731 -0.722988
721 821 0.659274
722 723 -0.526558
722 732 -0.492090
722 822 -0.577698
723 724 0.236549
723 733 1.496839
723 823 -2.388370
724 725 0.021425
724 734 -0.794505
724 824 0.706365
725 726 0.128159
725 735 1.030767
725 825 1.475310
726 727 -0.635462
726 736 0.146549
726 826 -0.313659
727 728 -1.486062
727 737 -2.035904
727 827 0.745566
728 729 -2.261168
728 738 -0.904778
728 828 -0.496324
729 720 0.216829
729 739 0.640714
729 829 -0.002638
730 731 -0.526888
730 740 -1.856277
730 830 1.001301
731 732 -0.087477
731 741 -0.179255
731 831 1.910515
732 733 -0.175205
732 742 -1.809911
732 832 0.329255
733 734 -0.598747
733 743 0.798605
733 833 -1.772629
734 735 1.147680
734 744 0.460945
734 834 0.538692
735 736 -1.244687
735 745 0.263679
735 835 -1.787763
736 737 0.222043
736 746 1.001996
736 836 0.234196
737 738 -1.552993
737 747 -0.967284
737 837 -0.923793
738 739 -0.163390
738 748 1.827826
738 838 0.546025
739 730 -0.654526
739 749 0.028865
739 839 0.845286
740 741 1.201439
740 750 1.327295
740 840 -0.893124
741 742 -0.877171
741 751 0.038751
741 841 0.254965
742 743 -0.029395
742 752 0.045519
742 842 0.803774
743 744 -0.462377
743 753 0.180210
743 843 1.263719
744 745 1.277661
744 754 0.380300
744 844 -0.672318
745 746 -1.259132
745 755 0.410895
745 845 -0.495222
746 747 -0.210861
746 756 0.929066
746 846 0.437345
747 748 -1.001240
747 757 -0.419539
747 847 -0.043347
748 749 0.766652
748 758 0.159548
748 848 -1.438399
749 740 -0.614298
749 759 -0.489172
749 849 -0.925738
750 751 -0.500083
750 760 2.167784
750 850 -1.865229
751 752 -1.601439
751 761 -1.024837
751 851 -0.902442
752 753 -0.699480
752 762 -0.392901
752 852 0.215760
753 754 0.046701
753 763 -0.625707
753 853 -1.052417
754 755 -1.472175
754 764 0.633048
754 854 0.023085
755 756 0.008606
755 765 -1.592589
755 855 0.456806
756 757 -1.048017
756 766 0.342629
756 856 0.282559
757 758 0.736648
757 767 1.228972
757 857 -0.389327
758 759 1.808926
758 768 -1.141992
758 858 0.352812
759 750 0.912791
759 769 -0.768553
759 859 -0.091582
760 761 -0.339518
760 770 -0.045445
760 860 0.484189
761 762 -0.853647
761 771 -0.696495
761 861 0.950038
762 763 0.158919
762 772 0.469730
762 862 -0.418332
763 764 0.859438
763 773 2.601483
763 863 -0.129908
764 765 0.236958
764 774 -0.308482
764 864 1.234686
765 766 0.100084
765 775 0.692503
765 865 0.697739
766 767 -0.270592
766 776 0.616482
766 866 -0.079715
767 768 -1.112326
767 777 0.083065
767 867 0.048856
768 769 -0.313456
768 778 -0.697514
768 868 -1.051106
769 760 -1.642023
769 779 -1.506874
769 869 0.258279
770 771 -0.738026
770 780 -1.046534
770 870 -0.502641
771 772 1.122850
771 781 1.510843
771 871 -1.369909
772 773 0.162622
772 782 -0.902024
772 872 -0.723204
773 774 -1.244730
773 783 0.026560
773 873 -1.245094
774 775 1.146135
774 784 -1.072487
774 874 0.388800
775 776 -2.260070
775 785 -0.519779
775 875 -0.716322
776 777 -0.423087
776 786 1.668325
776 876 -0.451054
777 778 -1.094772
777 787 0.430173
777 877 -0.919933
778 779 0.764597
778 788 1.010684
778 878 1.786365
779 770 1.642781
779 789 -0.651303
779 879 -0.459441
780 781 0.586329
780 790 -0.149028
780 880 -0.704381
781 782 -0.106970
781 791 -0.618259
781 881 -0.791311
782 783 0.776042
782 792 0.006714
782 882 0.258156
783 784 0.259908
783 793 -0.858455
783 883 1.096410
784 785 -0.353239
784 794 -0.685102
784 884 1.471560
785 786 0.218844
785 795 -0.357107
785 885 -0.253251
786 787 -0.127862
786 796 -0.541624
786 886 -2.142071
787 788 0.031148
787 797 0.114096
787 887 0.366202
788 789 0.441793
788 798 -1.412824
788 888 -1.447333
789 780 0.394756
789 799 0.954278
789 889 -0.594708
790 791 -1.832240
790 700 -1.375975
790 890 0.811426
791 792 -0.918445
791 701 0.031710
791 891 -0.681499
792 793 -0.171982
792 702 -2.225866
792 892 0.455700
793 794 -0.487183
793 703 0.769333
793 893 0.697171
794 795 0.308386
794 704 -0.450908
794 894 -0.003207
795 796 0.621812
795 705 -0.248071
795 895 0.222484
796 797 0.293253
796 706 2.176848
796 896 0.251850
797 798 -0.748959
797 707 2.398642
797 897 0.996572
798 799 0.774941
798 708 -0.008075
798 898 -0.335145
799 790 0.823124
799 709 -0.027955
799 899 -0.055332
800 801 0.765763
800 810 -0.979226
800 900 -0.233641
801 802 -1.275187
801 811 -0.357998
801 901 0.095342
802 803 -0.689572
802 812 0.147343
802 902 -0.524701
803 804 -0.522386
803 813 -0.566445
803 903 2.328678
804 805 -0.371547
804 814 2.348809
804 904 -2.945317
805 806 1.096291
805 815 0.304770
805 905 -0.274722
806 807 -1.969432
806 816 -0.131012
806 906 1.887162
807 808 -0.396164
807 817 0.548832
807 907 0.446810
808 809 -0.157445
808 818 -0.526639
808 908 1.073668
809 800 1.841132
809 819 0.319622
809 909 0.884923
810 811 0.994325
810 820 -1.459247
810 910 0.196985
811 812 -0.903623
811 821 -0.376338
811 911 -0.951137
812 813 -1.071481
812 822 -1.525450
812 912 1.521719
813 814 1.699358
813 823 -1.047965
813 913 0.449774
814 815 -1.196850
814 824 0.067693
814 914 -0.339025
815 816 -1.417802
815 825 -0.898634
815 915 0.554131
816 817 -0.325470
816 826 -1.571181
816 916 -0.823430
817 818 0.935240
817 827 0.997687
817 917 0.843202
818 819 2.844335
818 828 -2.766721
818 918 0.283937
819 810 -0.489866
819 829 1.145147
819 919 -0.369464
820 821 -0.348938
820 830 0.215480
820 920 -0.894419
821 822 1.508514
821 831 0.374006
821 921 -0.058375
822 823 -0.093234
822 832 -1.231856
822 922 1.649717
823 824 -0.982562
823 833 -1.782840
823 923 -1.889409
824 825 0.194158
824 834 0.528818
824 924 0.131478
825 826 -0.177590
825 835 0.866117
825 925 -0.315865
826 827 -0.428085
826 836 -0.571455
826 926 -0.086425
827 828 0.395333
827 837 0.652446
827 927 -0.479338
828 829 -0.840345
828 838 1.634860
828 928 1.184218
829 820 -0.449556
829 839 -0.752609
829 929 -0.239933
830 831 -0.975857
830 840 -0.133152
830 930 1.099881
831 832 -0.247709
831 841 -0.864808
831 931 -1.654549
832 833 0.691032
832 842 1.230112
832 932 0.756935
833 834 -2.419302
833 843 0.104753
833 933 -0.689060
834 835 -0.951623
834 844 0.329151
834 934 0.670620
835 836 1.890039
835 845 0.783411
835 935 1.713672
836 837 0.179002
836 846 -0.582250
836 936 -0.892839
837 838 1.092042
837 847 1.169518
837 937 0.627982
838 839 1.290879
838 848 -1.050855
838 938 0.409427
839 830 -0.328589
839 849 1.370925
839 939 0.319271
840 841 1.981044
840 850 0.254856
840 940 -0.462141
841 842 0.167764
841 851 0.373657
841 941 1.572534
842 843 -0.761918
842 852 2.830948
842 942 1.094402
843 844 -0.821232
843 853 0.757914
843 943 -1.805210
844 845 0.150330
844 854 1.520058
844 944 -0.466061
845 846 -0.374609
845 855 -2.960034
845 945 -1.277590
846 847 -0.558166
846 856 -0.270306
846 946 1.702950
847 848 -0.732793
847 857 1.588679
847 947 0.372843
848 849 -0.668877
848 858 -0.785954
848 948 -1.288343
849 840 -0.666891
849 859 0.117992
849 949 -0.135582
850 851 0.290298
850 860 -0.180572
850 950 -1.079739
851 852 -0.147541
851 861 -0.300531
851 951 0.649370
852 853 1.468584
852 862 -1.060224
852 952 1.610663
853 854 -0.781037
853 863 0.507598
853 953 0.535433
854 855 -0.364365
854 864 -0.421035
854 954 -0.129531
855 856 2.110392
855 865 1.696919
855 955 -1.100534
856 857 -0.940789
856 866 -0.020059
856 956 0.398411
857 858 -1.519786
857 867 1.009679
857 957 1.700016
858 859 -0.847647
858 868 0.061853
858 958 1.472339
859 850 2.349570
859 869 -0.550289
859 959 1.264382
860 861 0.127613
860 870 -2.705168
860 960 -0.293318
861 862 -0.659143
861 871 1.795127
861 961 -0.997617
862 863 -0.787380
862 872 -0.234355
862 962 0.154104
863 864 2.117327
863 873 0.318241
863 963 1.064366
864 865 0.243972
864 874 -0.832626
864 964 2.225462
865 866 0.644563
865 875 -0.419358
865 965 -0.823276
866 867 0.948177
866 876 0.125288
866 966 -0.002484
867 868 1.994294
867 877 -1.143449
867 967 1.405368
868 869 -0.032733
868 878 -2.237447
868 968 -0.731612
869 860 -2.010609
869 879 -1.466183
869 969 -1.976251
870 871 -0.539538
870 880 1.134323
870 970 0.675060
871 872 -1.327725
871 881 0.589238
871 971 -0.108813
872 873 1.194188
872 882 0.765687
872 972 0.335896
873 874 -0.714637
873 883 -0.566831
873 973 0.376505
874 875 3.443880
874 884 0.188230
874 974 -1.149574
875 876 0.126118
875 885 0.062091
875 975 -1.557666
876 877 -0.350730
876 886 -0.639546
876 976 -1.178706
877 878 0.604183
877 887 0.071931
877 977 -0.530283
878 879 -0.966683
878 888 -1.633836
878 978 -0.245995
879 870 0.270994
879 889 0.696776
879 979 0.765293
880 881 -2.822218
880 890 0.443256
880 980 -0.440985
881 882 -1.178508
881 891 0.033048
881 981 0.562204
882 883 -1.140957
882 892 -3.947320
882 982 -0.394452
883 884 0.411257
883 893 1.046202
883 983 0.430963
884 885 0.618604
884 894 1.086085
884 984 0.214807
885 886 -0.404941
885 895 -1.457456
885 985 -1.321962
886 887 -0.255987
886 896 0.400831
886 986 0.406249
887 888 -0.049430
887 897 0.650837
887 987 -1.274968
888 889 0.734799
888 898 -0.403895
888 988 -0.773509
889 880 1.043084
889 899 -0.050229
889 989 0.962962
890 891 1.317505
890 800 -1.116158
890 990 -0.323884
891 892 -0.214373
891 801 -0.532378
891 991 -0.290825
892 893 -0.445161
892 802 -0.061780
892 992 2.089141
893 894 0.293800
893 803 0.325354
893 993 -1.280851
894 895 -1.110141
894 804 1.493596
894 994 0.352424
895 896 1.772985
895 805 0.482938
895 995 -0.493159
896 897 -1.042960
896 806 -2.332368
896 996 -0.866441
897 898 -0.948033
897 807 0.494257
897 997 -0.919725
898 899 -1.282792
898 808 -0.155013
898 998 -1.923793
899 890 -1.052720
899 809 1.274664
899 999 -0.949668
900 901 -1.733333
900 910 -0.430014
900 0 1.990625
901 902 1.207926
901 911 -1.453713
901 1 -0.609377
902 903 -0.987779
902 912 -0.435403
902 2 -0.184509
903 904 0.479800
903 913 0.695021
903 3 -1.205709
904 905 -3.183124
904 914 0.581554
904 4 -0.246242
905 906 0.679118
905 915 -0.556710
905 5 1.565902
906 907 -1.556955
906 916 0.046518
906 6 -0.104895
907 908 -1.035116
907 917 0.034809
907 7 -0.774655
908 909 -1.391419
908 918 -1.743668
908 8 0.633421
909 900 2.337233
909 919 -0.810920
909 9 -1.706429
910 911 0.421745
910 920 0.328933
910 10 -0.785902
911 912 0.003518
911 921 -1.214321
911 11 -0.354629
912 913 -0.129619
912 922 0.863865
912 12 -0.938158
913 914 -0.051770
913 923 0.331830
913 13 -1.835479
914 915 1.811944
914 924 0.327807
914 14 -2.075578
915 916 1.093738
915 925 0.613619
915 15 0.911107
916 917 -1.479038
916 926 -0.447042
916 16 -1.032669
917 918 -0.772281
917 927 -0.134222
917 17 0.204871
918 919 0.243684
918 928 -1.340891
918 18 0.159695
919 910 -2.312908
919 929 -1.335795
919 19 1.016503
920 921 -0.847637
920 930 0.511401
920 20 -1.494052
921 922 0.085402
921 931 -0.520732
921 21 0.994572
922 923 -1.068263
922 932 1.302883
922 22 2.289114
923 924 0.351526
923 933 0.521394
923 23 2.300343
924 925 -1.885399
924 934 -2.157817
924 24 -0.205334
925 926 0.932439
925 935 0.470600
925 25 0.466884
926 927 -0.612840
926 936 0.531685
926 26 -0.134602
927 928 1.202343
927 937 -1.700256
927 27 -0.686906
928 929 -1.433018
928 938 1.337057
928 28 0.679105
929 920 -0.408620
929 939 0.480880
929 29 0.093641
930 931 -0.715715
930 940 0.744315
930 30 -1.082278
931 932 0.810208
931 941 0.291863
931 31 1.394712
932 933 -0.807437
932 942 1.197501
932 32 0.373893
933 934 0.315958
933 943 -1.449826
933 33 0.518944
934 935 -0.330908
934 944 -0.615083
934 34 1.104418
935 936 0.412711
935 945 -0.541849
935 35 -0.277933
936 937 2.195731
936 946 -0.227611
936 36 -1.004158
937 938 -1.489767
937 947 -0.307888
937 37 0.792924
938 939 0.203433
938 948 -2.034160
938 38 1.658152
939 930 -0.539080
939 949 -1.980305
939 39 -0.923970
940 941 -1.063543
940 950 1.566542
940 40 -1.037144
941 942 0.555268
941 951 1.774845
941 41 -2.093511
942 943 -1.438048
942 952 -1.470823
942 42 0.433644
943 944 -0.229655
943 953 2.202798
943 43 -0.324979
944 945 2.065282
944 954 -0.881129
944 44 -1.330558
945 946 -1.582638
945 955 1.077750
945 45 -0.535385
946 947 -0.410798
946 956 -1.476636
946 46 0.294605
947 948 0.256990
947 957 -2.158549
947 47 0.391450
948 949 0.039025
948 958 1.085807
948 48 0.030231
949 940 0.337275
949 959 -0.446491
949 49 1.407825
950 951 -0.854074
950 960 -0.767721
950 50 0.506224
951 952 2.223868
951 961 -1.255427
951 51 1.901248
952 953 0.557274
952 962 -0.288832
952 52 0.334999
953 954 -0.318988
953 963 1.209421
953 53 -0.949400
954 955 -0.937432
954 964 0.232206
954 54 -0.673001
955 956 -0.274763
955 965 -0.888866
955 55 1.317641
956 957 -0.241161
956 966 -1.338200
956 56 -1.914881
957 958 0.128253
957 967 0.201608
957 57 -0.159617
958 959 1.709836
958 968 -0.157297
958 58 -2.214638
959 950 -0.734410
959 969 -0.592172
959 59 1.026262
960 961 1.949501
960 970 -0.432911
960 60 0.469117
961 962 0.931935
961 971 -0.092574
961 61 -0.465979
962 963 -0.021072
962 972 -1.949666
962 62 0.267783
963 964 1.445121
963 973 -0.132282
963 63 -0.442501
964 965 1.196237
964 974 1.107256
964 64 -0.909955
965 966 0.344856
965 975 -0.772702
965 65 -0.219433
966 967 1.823219
966 976 0.192489
966 66 -0.736651
967 968 0.546061
967 977 -0.695670
967 67 1.544297
968 969 0.735847
968 978 1.117000
968 68 0.040113
969 960 -0.637289
969 979 0.345917
969 69 -1.586186
970 971 0.301432
970 980 -0.529429
970 70 -0.408825
971 972 -1.083984
971 981 0.356254
971 71 0.770853
972 973 -0.027623
972 982 -0.031854
972 72 -0.102159
973 974 0.305410
973 983 0.063927
973 73 -0.709062
974 975 -0.792255
974 984 -0.781152
974 74 -1.668203
975 976 -0.187387
975 985 1.957847
975 75 -1.343332
976 977 0.432688
976 986 0.957374
976 76 -0.683362
977 978 0.459364
977 987 1.065608
977 77 0.183927
978 979 1.108477
978 988 -0.138066
978 78 0.405794
979 970 -0.440655
979 989 0.618412
979 79 0.112277
980 981 0.803700
980 990 -0.368002
980 80 0.280513
981 982 1.033115
981 991 0.391710
981 81 3.131865
982 983 0.258291
982 992 -0.661444
982 82 0.294795
983 984 -1.517465
983 993 0.092162
983 83 0.919486
984 985 1.075526
984 994 0.533554
984 84 0.824447
985 986 0.805057
985 995 -0.240475
985 85 1.021903
986 987 0.941855
986 996 2.392867
986 86 0.383538
987 988 -1.324737
987 997 -1.626604
987 87 -0.053084
988 989 -0.012342
988 998 0.506870
988 88 -1.386594
989 980 0.424918
989 999 -0.455232
989 89 1.111580
990 991 0.738557
990 900 1.979236
990 90 -0.683321
991 992 0.065397
991 901 -1.642749
991 91 -0.373319
992 993 -1.191375
992 902 -0.525599
992 92 1.244446
993 994 0.323452
993 903 -1.694972
993 93 0.441367
994 995 0.621893
994 904 -0.972477
994 94 -0.869558
995 996 1.247409
995 905 -0.593523
995 95 1.091526
996 997 0.112877
996 906 1.804043
996 96 -0.615290
997 998 1.083968
997 907 -1.034838
997 97 0.833644
998 999 -0.727342
998 908 0.426028
998 98 0.359810
999 990 0.368654
999 909 0.018645
999 99 -0.478224
