0 1 -0.049527
0 10 0.776669
0 100 0.826159
1 2 0.292948
1 11 0.404692
1 101 0.267181
2 3 -1.173347
2 12 -0.197796
2 102 -0.261166
3 4 -0.722991
3 13 0.903226
3 103 -1.205805
4 5 -0.233637
4 14 0.177718
4 104 -0.947267
5 6 -1.094529
5 15 2.265351
5 105 1.734568
6 7 -0.647314
6 16 -0.176319
6 106 2.251661
7 8 0.117527
7 17 -0.308860
7 107 0.040463
8 9 -0.170203
8 18 -1.611660
8 108 -0.458266
9 0 1.378796
9 19 0.585168
9 109 1.634121
10 11 -0.297540
10 20 -1.101941
10 110 -1.209399
11 12 0.312835
11 21 0.624798
11 111 -0.532316
12 13 0.066236
12 22 -0.806604
12 112 -1.456398
13 14 0.087354
13 23 -1.508741
13 113 -0.628846
14 15 0.001934
14 24 0.253651
14 114 2.080905
15 16 1.226962
15 25 -0.520954
15 115 -1.815430
16 17 -1.654403
16 26 0.101255
16 116 0.727158
17 18 1.213048
17 27 -0.246614
17 117 -0.511756
18 19 -0.906302
18 28 -0.524488
18 118 0.666194
19 10 -0.187622
19 29 -0.671486
19 119 0.305650
20 21 1.058037
20 30 -0.104435
20 120 0.124651
21 22 -0.594068
21 31 -0.490010
21 121 -0.567363
22 23 0.037843
22 32 -0.554039
22 122 -0.554022
23 24 -0.120919
23 33 0.117579
23 123 1.099234
24 25 -0.212718
24 34 -0.841379
24 124 -1.022579
25 26 1.155701
25 35 1.098246
25 125 0.268444
26 27 1.414182
26 36 1.855011
26 126 0.571258
27 28 0.318416
27 37 0.643051
27 127 -0.248485
28 29 -0.049180
28 38 -0.006449
28 128 0.716745
29 20 0.424494
29 39 0.320256
29 129 -0.947496
30 31 -0.433054
30 40 0.944145
30 130 1.122876
31 32 0.754206
31 41 0.441182
31 131 -0.436934
32 33 0.468907
32 42 -0.526027
32 132 0.223358
33 34 -2.800468
33 43 -0.086546
33 133 -1.223267
34 35 -0.522263
34 44 2.048260
34 134 -1.273202
35 36 -2.408145
35 45 0.447608
35 135 0.654592
36 37 2.386532
36 46 0.736912
36 136 -2.273411
37 38 -0.646665
37 47 0.247870
37 137 0.075854
38 39 -0.426714
38 48 0.457159
38 138 2.332742
39 30 0.880983
39 49 -1.928615
39 139 0.381098
40 41 -0.525028
40 50 0.242388
40 140 -1.613297
41 42 1.429354
41 51 -0.166205
41 141 0.555754
42 43 0.289153
42 52 -0.109742
42 142 -1.139790
43 44 0.796632
43 53 -1.137191
43 143 1.051933
44 45 0.369115
44 54 0.524847
44 144 -0.055231
45 46 1.116463
45 55 1.191346
45 145 -0.582412
46 47 1.172879
46 56 0.441972
46 146 -0.849826
47 48 -0.886272
47 57 -0.743459
47 147 0.262721
48 49 0.057966
48 58 -0.275711
48 148 0.492404
49 40 1.396042
49 59 1.359547
49 149 -1.087441
50 51 -2.508862
50 60 0.965992
50 150 -1.127532
51 52 2.034477
51 61 1.313818
51 151 -1.065412
52 53 0.163960
52 62 -0.899521
52 152 0.582918
53 54 0.892629
53 63 -2.265150
53 153 1.934034
54 55 1.567247
54 64 -0.287453
54 154 1.125095
55 56 -0.926833
55 65 2.045842
55 155 0.682209
56 57 -0.696423
56 66 -0.958438
56 156 -0.657972
57 58 0.509678
57 67 0.761537
57 157 -0.570676
58 59 -1.024396
58 68 -0.655444
58 158 0.439197
59 50 0.355761
59 69 0.252675
59 159 0.808099
60 61 0.919708
60 70 2.056074
60 160 -1.673926
61 62 -1.816758
61 71 1.875598
61 161 0.219172
62 63 -0.591803
62 72 0.779933
62 162 0.070783
63 64 -0.776703
63 73 -0.447934
63 163 0.878692
64 65 -0.304153
64 74 0.981727
64 164 2.934470
65 66 -0.510741
65 75 -1.195360
65 165 0.289050
66 67 -1.537534
66 76 1.663549
66 166 -2.180038
67 68 -0.325408
67 77 0.729931
67 167 1.590671
68 69 -0.047907
68 78 -1.465588
68 168 -0.146350
69 60 -0.600334
69 79 0.410274
69 169 -1.306205
70 71 0.566191
70 80 2.283716
70 170 0.107531
71 72 -2.219947
71 81 0.132017
71 171 2.458058
72 73 -0.753388
72 82 -0.655294
72 172 -0.450496
73 74 -2.419797
73 83 -1.596168
73 173 0.761148
74 75 -1.170277
74 84 -1.442408
74 174 -0.929347
75 76 -0.069260
75 85 -0.073445
75 175 0.257294
76 77 2.039459
76 86 0.616423
76 176 -0.108306
77 78 -0.762703
77 87 1.071884
77 177 -0.643278
78 79 -0.540665
78 88 1.321381
78 178 1.439686
79 70 -1.375529
79 89 0.639934
79 179 1.868073
80 81 0.699615
80 90 -0.981823
80 180 -0.291448
81 82 0.215634
81 91 0.091896
81 181 -1.659059
82 83 -0.617232
82 92 -0.187292
82 182 -0.530538
83 84 -0.294162
83 93 -1.375475
83 183 -0.363430
84 85 -0.854160
84 94 -0.077429
84 184 -0.089807
85 86 -0.142160
85 95 -0.744958
85 185 0.779810
86 87 -0.524842
86 96 -1.957624
86 186 0.819676
87 88 1.697612
87 97 0.168922
87 187 -0.404162
88 89 0.275660
88 98 -2.306852
88 188 -1.239010
89 80 0.042100
89 99 0.802028
89 189 0.292525
90 91 -0.086857
90 0 -1.439318
90 190 0.760663
91 92 0.798763
91 1 0.335434
91 191 -0.397944
92 93 -1.137187
92 2 1.142812
92 192 0.020681
93 94 1.582748
93 3 -1.191215
93 193 -0.300962
94 95 -0.353003
94 4 -0.301833
94 194 1.144783
95 96 -0.973959
95 5 0.247994
95 195 -1.380515
96 97 0.670445
96 6 -1.151292
96 196 -2.610417
97 98 -1.041849
97 7 0.981311
97 197 0.782979
98 99 0.843166
98 8 0.738681
98 198 0.466369
99 90 -0.483711
99 9 1.033029
99 199 0.676027
100 101 0.000946
100 110 -0.239837
100 200 0.070321
101 102 -0.693496
101 111 -0.949162
101 201 -0.380814
102 103 -0.050791
102 112 -1.312678
102 202 0.344662
103 104 -0.385230
103 113 -0.413094
103 203 -0.509877
104 105 0.286313
104 114 -1.116713
104 204 -1.222318
105 106 -0.065257
105 115 -0.362516
105 205 -0.625232
106 107 0.373564
106 116 0.720049
106 206 -0.203944
107 108 -1.601997
107 117 -0.498153
107 207 -0.561028
108 109 0.069792
108 118 -0.448749
108 208 -1.393151
109 100 -0.730814
109 119 0.313079
109 209 -0.186790
110 111 1.407774
110 120 -0.046669
110 210 -0.586463
111 112 1.170679
111 121 0.225842
111 211 -0.239412
112 113 -1.156868
112 122 0.042880
112 212 0.657896
113 114 -0.030503
113 123 -0.404525
113 213 0.045962
114 115 0.395279
114 124 0.538110
114 214 -0.046300
115 116 -0.324466
115 125 0.947467
115 215 -0.362395
116 117 -0.071716
116 126 0.767260
116 216 0.818126
117 118 -0.528149
117 127 0.790560
117 217 -1.426859
118 119 0.441319
118 128 1.313023
118 218 -0.773541
119 110 1.797647
119 129 0.681336
119 219 0.641268
120 121 -0.059424
120 130 -0.244251
120 220 0.827678
121 122 0.557669
121 131 1.024067
121 221 -0.303964
122 123 0.299329
122 132 -0.148016
122 222 0.171997
123 124 0.076525
123 133 1.474908
123 223 0.277284
124 125 0.580663
124 134 -0.537162
124 224 -1.245238
125 126 -0.355425
125 135 0.300484
125 225 -0.245534
126 127 0.089472
126 136 -0.436494
126 226 -0.396416
127 128 0.881375
127 137 0.637945
127 227 -0.486535
128 129 3.018710
128 138 1.172147
128 228 0.845232
129 120 -0.238319
129 139 1.107833
129 229 0.329302
130 131 -0.240542
130 140 -0.701876
130 230 0.475297
131 132 0.127910
131 141 -0.605819
131 231 -0.801266
132 133 0.128430
132 142 -0.371539
132 232 0.580602
133 134 0.138131
133 143 -2.170366
133 233 -0.269993
134 135 -1.497856
134 144 0.175177
134 234 -0.743507
135 136 -0.064124
135 145 0.988176
135 235 0.303694
136 137 -0.248736
136 146 -0.503449
136 236 0.746053
137 138 2.622460
137 147 -0.811181
137 237 -0.218117
138 139 -1.384162
138 148 0.370980
138 238 -0.263919
139 130 -0.797535
139 149 -0.009241
139 239 0.140220
140 141 1.003337
140 150 0.666863
140 240 2.031916
141 142 -0.174216
141 151 -0.418395
141 241 0.016274
142 143 0.475124
142 152 0.206512
142 242 0.818820
143 144 -0.469292
143 153 0.575290
143 243 0.064540
144 145 0.340692
144 154 -0.670325
144 244 0.756346
145 146 -1.716506
145 155 0.752506
145 245 1.191868
146 147 1.969513
146 156 0.688523
146 246 1.939221
147 148 0.576951
147 157 0.125349
147 247 0.114760
148 149 -2.678717
148 158 -1.283666
148 248 0.390010
149 140 1.286437
149 159 -0.277650
149 249 0.498096
150 151 0.260520
150 160 -0.409268
150 250 1.297329
151 152 0.393431
151 161 -0.038292
151 251 -0.587083
152 153 0.299346
152 162 -1.313120
152 252 0.715817
153 154 -1.772490
153 163 -0.746059
153 253 1.105164
154 155 -1.137836
154 164 1.582118
154 254 0.248151
155 156 -1.918190
155 165 -0.798811
155 255 0.648816
156 157 0.956445
156 166 -0.546913
156 256 0.295503
157 158 0.267081
157 167 -0.370490
157 257 -0.298555
158 159 2.437419
158 168 -0.007301
158 258 -0.344424
159 150 0.338516
159 169 -1.394956
159 259 0.909911
160 161 0.240385
160 170 0.994554
160 260 0.377901
161 162 -0.176216
161 171 0.503483
161 261 1.226072
162 163 -1.430934
162 172 -0.955261
162 262 -0.911079
163 164 -0.652023
163 173 -1.174128
163 263 -0.964617
164 165 -1.433812
164 174 -0.553970
164 264 0.406924
165 166 0.192059
165 175 0.523480
165 265 0.378542
166 167 -0.731710
166 176 -0.033274
166 266 -0.258107
167 168 -1.107490
167 177 1.863058
167 267 0.597264
168 169 -0.348411
168 178 -0.057236
168 268 -0.315260
169 160 -2.038113
169 179 -0.177051
169 269 1.730693
170 171 0.892282
170 180 1.525235
170 270 1.641324
171 172 1.307559
171 181 0.179757
171 271 -1.177800
172 173 -1.934639
172 182 -1.076726
172 272 0.476067
173 174 -0.483418
173 183 0.723597
173 273 0.126680
174 175 0.823444
174 184 0.753702
174 274 -0.602943
175 176 0.992543
175 185 -0.326805
175 275 1.537763
176 177 -1.589155
176 186 -1.349616
176 276 -0.730042
177 178 -0.645786
177 187 -1.122467
177 277 1.330292
178 179 1.901551
178 188 0.111879
178 278 0.092407
179 170 1.836515
179 189 -1.297025
179 279 -0.902557
180 181 0.460870
180 190 -0.319878
180 280 0.741887
181 182 -0.133789
181 191 -1.331712
181 281 -0.329631
182 183 -0.362740
182 192 1.417060
182 282 -0.087127
183 184 -0.066731
183 193 -0.961527
183 283 0.833001
184 185 -0.922504
184 194 -0.608661
184 284 -0.791180
185 186 -0.050942
185 195 -0.183132
185 285 -0.031650
186 187 0.447419
186 196 2.268779
186 286 0.105149
187 188 0.646826
187 197 1.792516
187 287 0.292834
188 189 -0.231612
188 198 -0.483804
188 288 -0.731278
189 180 0.566272
189 199 0.295351
189 289 1.192673
190 191 0.226286
190 100 1.760275
190 290 -0.108329
191 192 0.594401
191 101 -0.502288
191 291 0.212480
192 193 -0.916378
192 102 1.242655
192 292 0.377317
193 194 -0.158615
193 103 0.034605
193 293 1.095915
194 195 1.851418
194 104 2.078503
194 294 0.526600
195 196 2.540927
195 105 -1.171898
195 295 -0.539485
196 197 -0.331688
196 106 1.219659
196 296 -1.219753
197 198 -0.750283
197 107 0.196349
197 297 -0.717009
198 199 -0.140258
198 108 1.996792
198 298 -1.749609
199 190 1.819488
199 109 -0.001094
199 299 -0.146446
200 201 1.574571
200 210 -1.802397
200 300 1.024159
201 202 0.743862
201 211 1.249765
201 301 -0.025967
202 203 0.053346
202 212 0.921116
202 302 0.257804
203 204 -0.623533
203 213 -0.172041
203 303 0.286892
204 205 1.526203
204 214 -0.761569
204 304 0.147324
205 206 1.218197
205 215 0.611506
205 305 0.462149
206 207 -1.862830
206 216 -1.037321
206 306 0.724975
207 208 0.151413
207 217 -0.252240
207 307 -0.805718
208 209 0.293993
208 218 0.315935
208 308 -0.691969
209 200 -0.360324
209 219 0.534583
209 309 0.499913
210 211 1.015491
210 220 -0.098284
210 310 0.503262
211 212 -0.809746
211 221 1.596451
211 311 -1.330774
212 213 1.270819
212 222 -0.271281
212 312 1.869418
213 214 -0.936757
213 223 0.505202
213 313 0.132316
214 215 -0.850838
214 224 0.562797
214 314 -0.555547
215 216 -0.350564
215 225 0.986297
215 315 -1.345674
216 217 -0.017751
216 226 -0.180822
216 316 -0.958655
217 218 -0.323723
217 227 -1.881190
217 317 -0.177316
218 219 1.674992
218 228 1.692181
218 318 -0.090361
219 210 0.516964
219 229 0.904989
219 319 -0.647090
220 221 0.032456
220 230 0.367439
220 320 -0.596440
221 222 0.518840
221 231 0.957824
221 321 -0.081145
222 223 0.481335
222 232 -0.622816
222 322 -1.098464
223 224 1.781458
223 233 0.140434
223 323 -0.290425
224 225 -1.785501
224 234 0.929688
224 324 0.003397
225 226 -0.082881
225 235 0.320644
225 325 -0.438976
226 227 1.458951
226 236 2.272375
226 326 -0.030918
227 228 -2.387236
227 237 0.047111
227 327 1.489637
228 229 1.510877
228 238 -0.147087
228 328 0.471169
229 220 -0.712468
229 239 -0.045318
229 329 -1.313552
230 231 -1.138313
230 240 0.405600
230 330 -0.850537
231 232 0.658367
231 241 -0.460398
231 331 0.351209
232 233 -0.024326
232 242 0.238337
232 332 -0.118022
233 234 -0.114822
233 243 0.255033
233 333 0.474952
234 235 -0.571796
234 244 0.458753
234 334 -0.270731
235 236 -0.502075
235 245 1.681829
235 335 -0.486741
236 237 -0.473990
236 246 -0.453439
236 336 -0.447499
237 238 0.493875
237 247 1.211110
237 337 0.737052
238 239 -0.674141
238 248 0.781581
238 338 -1.610583
239 230 0.893418
239 249 1.110659
239 339 0.917606
240 241 -0.285374
240 250 0.107954
240 340 0.440372
241 242 1.460012
241 251 1.811684
241 341 -0.049858
242 243 0.725979
242 252 -0.450916
242 342 -0.574149
243 244 1.350193
243 253 0.199014
243 343 -0.670113
244 245 0.739544
244 254 0.828697
244 344 -0.034153
245 246 0.401719
245 255 0.346000
245 345 -0.146648
246 247 -2.111122
246 256 0.687608
246 346 0.745914
247 248 -0.930558
247 257 -0.917758
247 347 1.017949
248 249 0.433534
248 258 -0.805036
248 348 -1.552979
249 240 -2.108132
249 259 1.191352
249 349 -1.932436
250 251 0.762114
250 260 -0.001759
250 350 -0.669573
251 252 0.582132
251 261 -0.405870
251 351 0.716384
252 253 0.929010
252 262 -0.789801
252 352 1.608655
253 254 -0.244616
253 263 0.349965
253 353 0.118796
254 255 0.011523
254 264 0.577514
254 354 0.834466
255 256 -1.071266
255 265 -0.580191
255 355 -0.054446
256 257 -0.325470
256 266 0.329570
256 356 2.173001
257 258 1.431796
257 267 -0.173133
257 357 0.015463
258 259 0.558876
258 268 -0.341322
258 358 -0.692890
259 250 -0.384917
259 269 0.360722
259 359 0.445839
260 261 -1.986798
260 270 0.854890
260 360 0.517978
261 262 0.213529
261 271 0.425873
261 361 1.266290
262 263 0.590968
262 272 -1.638001
262 362 -1.446050
263 264 -0.855185
263 273 1.278119
263 363 0.172922
264 265 0.542499
264 274 -0.644734
264 364 0.914667
265 266 -1.631079
265 275 1.555945
265 365 -0.056752
266 267 1.428529
266 276 -0.196097
266 366 0.903672
267 268 2.002146
267 277 -0.607779
267 367 0.023038
268 269 -1.003999
268 278 0.760843
268 368 0.185035
269 260 -0.221572
269 279 -1.016239
269 369 -0.533487
270 271 -0.553343
270 280 -0.402437
270 370 0.737904
271 272 -0.046780
271 281 -0.203449
271 371 0.318494
272 273 -0.517764
272 282 -1.038037
272 372 0.441640
273 274 -1.207108
273 283 -0.889575
273 373 -0.736705
274 275 0.468289
274 284 -2.491532
274 374 0.046610
275 276 1.119440
275 285 -0.338745
275 375 -0.331643
276 277 -1.414325
276 286 0.133785
276 376 0.686622
277 278 -1.916062
277 287 0.042057
277 377 -0.583487
278 279 0.631704
278 288 2.520901
278 378 -0.449766
279 270 1.773109
279 289 0.625446
279 379 0.532534
280 281 1.467643
280 290 -0.546029
280 380 0.359210
281 282 1.916616
281 291 -0.827180
281 381 -0.250919
282 283 -0.046901
282 292 1.564559
282 382 -1.464540
283 284 1.458675
283 293 -1.677077
283 383 0.349108
284 285 -0.964317
284 294 0.485870
284 384 0.825999
285 286 -1.189201
285 295 0.420716
285 385 0.213023
286 287 -0.717671
286 296 1.782645
286 386 -0.221216
287 288 -0.439293
287 297 -0.713304
287 387 -0.680551
288 289 2.343478
288 298 0.039583
288 388 -0.409482
289 280 -0.005892
289 299 -0.435497
289 389 1.823205
290 291 -0.652503
290 200 1.614647
290 390 0.529794
291 292 1.268427
291 201 -0.744133
291 391 1.204854
292 293 -0.619709
292 202 -0.305858
292 392 -0.755019
293 294 -0.095141
293 203 0.097267
293 393 -0.374645
294 295 -1.141237
294 204 0.786888
294 394 0.037458
295 296 1.368856
295 205 -0.149046
295 395 0.184970
296 297 0.717902
296 206 -0.253830
296 396 -0.042921
297 298 1.307634
297 207 -0.971226
297 397 0.677742
298 299 0.387311
298 208 -0.533062
298 398 0.938118
299 290 0.908362
299 209 -2.650101
299 399 1.795204
300 301 0.259809
300 310 -1.724105
300 400 0.194242
301 302 -0.048419
301 311 -0.663941
301 401 2.172241
302 303 -0.132416
302 312 0.881485
302 402 -0.295176
303 304 -0.616016
303 313 -0.046945
303 403 0.728101
304 305 2.169615
304 314 0.127921
304 404 -0.573432
305 306 -0.644173
305 315 1.497252
305 405 0.035020
306 307 -0.384877
306 316 1.159737
306 406 0.605699
307 308 -1.709509
307 317 0.739368
307 407 -0.463310
308 309 -0.570277
308 318 -1.199135
308 408 -1.703049
309 300 0.101592
309 319 -0.354318
309 409 -0.811717
310 311 0.786528
310 320 -1.940429
310 410 0.028557
311 312 -1.192759
311 321 1.198117
311 411 -1.842180
312 313 -0.946187
312 322 1.181558
312 412 2.589019
313 314 -0.005298
313 323 0.403158
313 413 -2.061352
314 315 -0.259617
314 324 -1.391760
314 414 1.680208
315 316 1.311721
315 325 0.152610
315 415 -0.931361
316 317 0.403885
316 326 0.172212
316 416 -0.874314
317 318 -1.070333
317 327 1.142032
317 417 0.304930
318 319 -0.867710
318 328 -0.316145
318 418 0.439980
319 310 0.893502
319 329 0.691523
319 419 -1.224708
320 321 1.507046
320 330 -2.010123
320 420 0.188360
321 322 0.336974
321 331 -1.963255
321 421 0.025216
322 323 0.195734
322 332 -1.106151
322 422 0.317039
323 324 -0.054288
323 333 -1.133982
323 423 -0.504645
324 325 1.478693
324 334 -0.624054
324 424 -0.291724
325 326 -0.680741
325 335 0.247375
325 425 0.131249
326 327 -1.464225
326 336 -1.699570
326 426 0.513667
327 328 -0.307852
327 337 -0.522045
327 427 -2.789366
328 329 0.233517
328 338 -0.317541
328 428 -0.379186
329 320 1.181527
329 339 1.460399
329 429 -1.556830
330 331 -0.476029
330 340 1.901382
330 430 -1.259145
331 332 0.765521
331 341 0.362835
331 431 -0.878143
332 333 1.347842
332 342 1.600046
332 432 0.492569
333 334 0.713885
333 343 0.598952
333 433 -0.969557
334 335 0.543458
334 344 -0.821346
334 434 -1.593571
335 336 0.849818
335 345 0.150775
335 435 0.261403
336 337 -1.142773
336 346 -0.708246
336 436 2.243940
337 338 0.192665
337 347 0.680307
337 437 0.234889
338 339 0.008860
338 348 0.076455
338 438 -2.224952
339 330 -0.865342
339 349 0.938050
339 439 0.064915
340 341 -0.245235
340 350 1.071240
340 440 -0.258392
341 342 0.534908
341 351 0.080139
341 441 -0.419781
342 343 0.297174
342 352 0.774050
342 442 1.123937
343 344 0.675267
343 353 -0.940193
343 443 0.051685
344 345 -0.265323
344 354 -0.038253
344 444 0.977076
345 346 -1.130512
345 355 1.572300
345 445 -0.151968
346 347 -1.359192
346 356 -0.745828
346 446 0.131422
347 348 -1.063732
347 357 -1.561206
347 447 0.234023
348 349 -0.981182
348 358 -0.515853
348 448 -0.692162
349 340 -0.540776
349 359 -0.753596
349 449 0.155752
350 351 -0.344112
350 360 0.817823
350 450 1.253919
351 352 1.438330
351 361 1.671248
351 451 -1.120750
352 353 1.334858
352 362 0.560185
352 452 0.142543
353 354 0.997257
353 363 1.820502
353 453 1.454793
354 355 1.500667
354 364 -0.560575
354 454 0.640977
355 356 0.206310
355 365 -0.164889
355 455 1.037410
356 357 -0.084141
356 366 1.044249
356 456 1.869216
357 358 1.072160
357 367 1.153565
357 457 1.004712
358 359 0.830850
358 368 0.357696
358 458 -0.847716
359 350 0.075133
359 369 0.655344
359 459 -1.725137
360 361 0.087015
360 370 -0.654456
360 460 -0.457703
361 362 -0.019508
361 371 1.527331
361 461 -1.022963
362 363 -1.077659
362 372 0.877140
362 462 -0.504868
363 364 1.074194
363 373 -1.354286
363 463 -1.199860
364 365 0.327819
364 374 -0.854739
364 464 0.065561
365 366 1.505878
365 375 0.631628
365 465 -0.805307
366 367 0.399487
366 376 1.058975
366 466 0.889527
367 368 0.874756
367 377 -0.968148
367 467 0.419880
368 369 -0.071256
368 378 -0.161229
368 468 0.109859
369 360 -0.093919
369 379 1.005738
369 469 -0.523753
370 371 0.409719
370 380 -2.190542
370 470 0.667711
371 372 0.152752
371 381 -1.949308
371 471 -2.111606
372 373 -0.261218
372 382 0.036054
372 472 -0.166246
373 374 0.540226
373 383 1.416464
373 473 -0.346741
374 375 0.526545
374 384 0.500625
374 474 -1.448238
375 376 0.372744
375 385 -0.085260
375 475 1.357200
376 377 -0.993757
376 386 -0.592226
376 476 1.639333
377 378 -0.837352
377 387 1.552408
377 477 -1.630175
378 379 -0.411712
378 388 -0.214023
378 478 -1.369335
379 370 0.454782
379 389 1.390524
379 479 1.072457
380 381 0.707144
380 390 0.127034
380 480 -0.371872
381 382 0.137335
381 391 -0.094266
381 481 0.263620
382 383 2.355109
382 392 0.469003
382 482 1.070496
383 384 -1.219535
383 393 1.274598
383 483 0.014444
384 385 -0.921937
384 394 -0.705243
384 484 0.191075
385 386 0.106207
385 395 -0.435431
385 485 0.359720
386 387 -1.152614
386 396 -0.956451
386 486 -1.429507
387 388 -1.973334
387 397 -0.990982
387 487 -0.834077
388 389 1.491417
388 398 0.698827
388 488 0.827945
389 380 -0.708813
389 399 -0.500496
389 489 0.106096
390 391 2.008572
390 300 -0.560396
390 490 -1.627644
391 392 -1.358028
391 301 -1.574361
391 491 1.044053
392 393 0.246339
392 302 0.691950
392 492 -0.859111
393 394 0.944103
393 303 -0.801442
393 493 -0.441588
394 395 -0.141346
394 304 0.227089
394 494 -1.971634
395 396 0.153046
395 305 1.111737
395 495 -0.835924
396 397 0.496265
396 306 2.084185
396 496 -0.324536
397 398 -0.126439
397 307 0.576031
397 497 -0.351883
398 399 0.567839
398 308 -0.316100
398 498 2.218520
399 390 -0.626059
399 309 -0.586774
399 499 0.233348
400 401 -0.739085
400 410 0.824340
400 500 -0.221467
401 402 -0.321456
401 411 0.874239
401 501 0.446468
402 403 0.209979
402 412 -2.230954
402 502 1.314393
403 404 -0.716315
403 413 1.680976
403 503 -0.356782
404 405 0.200059
404 414 -0.460727
404 504 0.898759
405 406 -0.820847
405 415 0.169587
405 505 -0.585946
406 407 -0.207782
406 416 -1.082205
406 506 0.283455
407 408 -1.086487
407 417 -0.046941
407 507 0.255441
408 409 -0.266191
408 418 -0.121552
408 508 -0.259483
409 400 1.057591
409 419 0.347863
409 509 -0.488002
410 411 0.926077
410 420 -1.535784
410 510 -0.890698
411 412 -1.075701
411 421 -1.182256
411 511 1.165240
412 413 1.233246
412 422 -0.084710
412 512 0.086050
413 414 -0.626325
413 423 -0.977241
413 513 0.704741
414 415 1.951918
414 424 1.363578
414 514 -0.117256
415 416 0.463673
415 425 1.863851
415 515 -0.529419
416 417 -1.082096
416 426 -1.289777
416 516 -1.320778
417 418 -0.519295
417 427 0.487567
417 517 -1.279551
418 419 1.315432
418 428 0.002068
418 518 -0.216769
419 410 -1.325123
419 429 1.677300
419 519 -1.156080
420 421 1.725377
420 430 0.082777
420 520 -1.098697
421 422 0.949717
421 431 0.069401
421 521 -2.386128
422 423 0.111712
422 432 1.081172
422 522 0.539367
423 424 0.417694
423 433 -1.662568
423 523 -1.176347
424 425 1.243486
424 434 0.758321
424 524 -0.819729
425 426 -1.455715
425 435 -1.261585
425 525 -0.998149
426 427 -0.026329
426 436 0.017094
426 526 0.064289
427 428 1.624820
427 437 1.072614
427 527 -0.285524
428 429 0.543344
428 438 -0.040717
428 528 0.914576
429 420 -1.139215
429 439 -0.070591
429 529 -0.010036
430 431 0.339469
430 440 0.559097
430 530 0.799686
431 432 -0.798640
431 441 -0.838028
431 531 1.633576
432 433 1.790156
432 442 -0.856688
432 532 -0.433549
433 434 0.686748
433 443 0.150492
433 533 -1.655358
434 435 -1.531122
434 444 -1.642563
434 534 0.134619
435 436 -0.047008
435 445 -2.688587
435 535 1.245244
436 437 -0.482921
436 446 0.460792
436 536 -0.681277
437 438 0.504969
437 447 0.133893
437 537 0.832289
438 439 -0.834999
438 448 0.663062
438 538 0.136389
439 430 -0.068804
439 449 0.269201
439 539 -1.108707
440 441 0.594148
440 450 0.167527
440 540 -0.232782
441 442 -0.340636
441 451 -0.217605
441 541 -0.446440
442 443 -0.474796
442 452 2.082558
442 542 -0.509611
443 444 -2.186182
443 453 0.352062
443 543 -0.117665
444 445 -2.111564
444 454 1.951741
444 544 -0.598080
445 446 0.242147
445 455 1.778534
445 545 -0.751917
446 447 0.774926
446 456 0.723885
446 546 -1.410516
447 448 0.291935
447 457 0.673191
447 547 1.943399
448 449 -0.986850
448 458 -1.041638
448 548 1.703368
449 440 0.497148
449 459 1.145272
449 549 -0.443866
450 451 0.614771
450 460 -1.365053
450 550 -1.004914
451 452 1.599373
451 461 0.510923
451 551 -0.997133
452 453 1.308347
452 462 0.222165
452 552 0.747812
453 454 -0.155391
453 463 -0.803594
453 553 1.737333
454 455 -0.291119
454 464 1.302088
454 554 0.324286
455 456 -0.812176
455 465 1.223996
455 555 -0.501002
456 457 0.672428
456 466 -0.720033
456 556 0.078030
457 458 0.230384
457 467 -0.141915
457 557 0.126080
458 459 0.520056
458 468 -1.436645
458 558 -0.323114
459 450 -0.467555
459 469 -0.751918
459 559 0.773760
460 461 -0.718367
460 470 0.522402
460 560 0.429210
461 462 0.620264
461 471 -1.379136
461 561 -0.244378
462 463 -1.242705
462 472 -0.932966
462 562 0.259580
463 464 -1.940898
463 473 -0.856411
463 563 -0.996434
464 465 -0.735143
464 474 -0.282091
464 564 -0.304009
465 466 -1.295089
465 475 2.003925
465 565 2.046672
466 467 1.027171
466 476 -0.159757
466 566 0.160352
467 468 0.274136
467 477 -0.321690
467 567 -0.563002
468 469 0.571978
468 478 0.044800
468 568 -1.607431
469 460 -0.076160
469 479 0.962451
469 569 -1.033988
470 471 -1.113942
470 480 1.537708
470 570 0.169733
471 472 0.299483
471 481 0.896342
471 571 -2.020047
472 473 -3.694085
472 482 0.786156
472 572 0.496950
473 474 0.467390
473 483 -0.430127
473 573 0.302404
474 475 -1.555687
474 484 -0.522213
474 574 0.186881
475 476 1.778039
475 485 0.858458
475 575 0.459080
476 477 -0.073329
476 486 0.709562
476 576 -0.526673
477 478 0.526736
477 487 0.567988
477 577 -1.262012
478 479 2.257573
478 488 0.405651
478 578 1.698455
479 470 -0.506273
479 489 0.610179
479 579 -0.481539
480 481 0.425463
480 490 -0.377713
480 580 -1.362435
481 482 -0.463572
481 491 -1.103497
481 581 1.071043
482 483 -0.756934
482 492 0.306466
482 582 -0.533046
483 484 -1.004846
483 493 -0.577046
483 583 -0.642779
484 485 -0.707444
484 494 0.001548
484 584 0.516061
485 486 0.258289
485 495 -2.708261
485 585 0.377282
486 487 1.415078
486 496 0.277869
486 586 0.522508
487 488 1.296882
487 497 0.247592
487 587 0.204461
488 489 0.057100
488 498 -2.243949
488 588 0.933640
489 480 -0.479740
489 499 -1.237849
489 589 0.911995
490 491 -1.000843
490 400 1.117607
490 590 -0.720984
491 492 -0.968153
491 401 -0.219209
491 591 1.797271
492 493 -1.170783
492 402 0.209116
492 592 1.593145
493 494 1.089764
493 403 -1.021501
493 593 -0.883880
494 495 -1.209554
494 404 -1.629325
494 594 -1.296670
495 496 -0.292875
495 405 0.024174
495 595 0.757495
496 497 -1.916502
496 406 0.164822
496 596 -0.127534
497 498 0.108839
497 407 -0.555113
497 597 -0.068147
498 499 -0.281519
498 408 1.897109
498 598 0.966539
499 490 -1.693053
499 409 0.431309
499 599 0.423053
500 501 1.122053
500 510 1.007849
500 600 1.428584
501 502 -0.553343
501 511 0.191308
501 601 1.374444
502 503 1.960206
502 512 1.047363
502 602 0.277316
503 504 0.004563
503 513 0.351226
503 603 -0.050678
504 505 -0.666445
504 514 0.527781
504 604 -0.257898
505 506 -0.906111
505 515 -1.289026
505 605 -0.425543
506 507 0.911334
506 516 1.419549
506 606 -2.191296
507 508 1.172579
507 517 -1.011609
507 607 0.525699
508 509 -0.959543
508 518 0.336034
508 608 -0.422246
509 500 -1.333287
509 519 -0.627057
509 609 0.884565
510 511 0.410652
510 520 -1.819750
510 610 -0.052996
511 512 0.454994
511 521 0.509515
511 611 -1.464464
512 513 1.532753
512 522 -1.328450
512 612 0.212564
513 514 1.117578
513 523 0.215847
513 613 -2.063435
514 515 -0.183095
514 524 -1.084429
514 614 2.230249
515 516 0.034055
515 525 -0.669880
515 615 -1.206761
516 517 -0.270343
516 526 -0.700102
516 616 0.236156
517 518 -1.171628
517 527 -1.263792
517 617 1.357113
518 519 0.626850
518 528 0.688427
518 618 1.190297
519 510 -0.211587
519 529 -0.118412
519 619 -1.756275
520 521 -0.316147
520 530 0.234227
520 620 1.130985
521 522 0.118491
521 531 1.121937
521 621 0.516054
522 523 0.602268
522 532 -0.500118
522 622 0.671068
523 524 -0.840351
523 533 -0.329104
523 623 -1.782781
524 525 -0.571088
524 534 1.037167
524 624 0.013672
525 526 1.228843
525 535 -0.814681
525 625 0.602524
526 527 -1.776923
526 536 0.792774
526 626 -1.163921
527 528 2.357291
527 537 -0.647263
527 627 -0.198587
528 529 0.329616
528 538 1.409112
528 628 0.314824
529 520 1.551613
529 539 -0.081093
529 629 -0.954799
530 531 -1.449532
530 540 -0.028893
530 630 -1.966706
531 532 -1.544204
531 541 1.569604
531 631 -0.387118
532 533 0.553899
532 542 -0.395346
532 632 -1.383601
533 534 -0.770067
533 543 1.052344
533 633 -0.675386
534 535 0.236640
534 544 -1.104640
534 634 0.531472
535 536 -0.212105
535 545 -2.011457
535 635 -0.688243
536 537 2.074371
536 546 -0.842407
536 636 -0.842384
537 538 -0.029862
537 547 -0.199464
537 637 -0.287909
538 539 -1.276835
538 548 1.412259
538 638 0.712774
539 530 -0.602691
539 549 -0.552168
539 639 -0.748364
540 541 -0.680210
540 550 -1.529628
540 640 -0.141890
541 542 -0.763382
541 551 -1.199196
541 641 1.210867
542 543 -0.298137
542 552 -0.136924
542 642 0.240677
543 544 -0.485254
543 553 -0.363226
543 643 -0.867611
544 545 -0.599724
544 554 2.092513
544 644 -0.174044
545 546 -0.035213
545 555 -0.956773
545 645 -0.682817
546 547 -1.128482
546 556 0.356224
546 646 -0.712784
547 548 2.419378
547 557 -0.118564
547 647 0.885517
548 549 1.437894
548 558 0.575685
548 648 -0.908943
549 540 -1.603887
549 559 -0.739012
549 649 1.015757
550 551 0.737309
550 560 1.486272
550 650 -1.829177
551 552 -0.004701
551 561 -0.036058
551 651 0.856158
552 553 -1.030279
552 562 0.329088
552 652 -0.035558
553 554 0.335939
553 563 -1.677692
553 653 0.619137
554 555 -0.654356
554 564 0.154449
554 654 0.055594
555 556 -1.986514
555 565 1.199310
555 655 -0.976916
556 557 0.289895
556 566 2.376765
556 656 0.610882
557 558 1.910270
557 567 0.855867
557 657 -1.339781
558 559 0.233916
558 568 -0.045620
558 658 -1.729935
559 550 -0.275591
559 569 -0.135874
559 659 -0.345975
560 561 -1.300993
560 570 -1.264176
560 660 0.596588
561 562 1.004864
561 571 1.339944
561 661 -0.140491
562 563 -0.041591
562 572 0.867953
562 662 0.772959
563 564 -0.105731
563 573 1.482894
563 663 -1.693907
564 565 1.155083
564 574 -1.568619
564 664 -1.381735
565 566 -0.614970
565 575 1.201035
565 665 -0.164137
566 567 0.843086
566 576 -2.493103
566 666 0.311008
567 568 -0.452876
567 577 1.113594
567 667 -0.154607
568 569 0.479118
568 578 -0.300591
568 668 0.593534
569 560 0.166130
569 579 -3.012723
569 669 0.850567
570 571 -0.678980
570 580 -1.488148
570 670 0.089601
571 572 -1.736127
571 581 0.931689
571 671 0.557723
572 573 -0.346459
572 582 -0.706268
572 672 -0.643105
573 574 -0.434093
573 583 -0.843489
573 673 0.879881
574 575 0.355959
574 584 -0.218739
574 674 -0.675094
575 576 1.132316
575 585 -0.506495
575 675 -0.094043
576 577 -0.384346
576 586 0.792355
576 676 1.333955
577 578 -0.036676
577 587 0.921096
577 677 -1.095304
578 579 1.368628
578 588 0.512300
578 678 -0.597370
579 570 -1.997540
579 589 1.345724
579 679 0.683512
580 581 -0.319890
580 590 -0.014255
580 680 0.285047
581 582 -0.752954
581 591 0.511657
581 681 -0.808921
582 583 0.867889
582 592 -1.192589
582 682 0.812442
583 584 -0.397296
583 593 0.805163
583 683 -0.000531
584 585 -0.617605
584 594 0.975379
584 684 -1.142812
585 586 0.441533
585 595 1.018308
585 685 -0.947412
586 587 0.064064
586 596 -0.150819
586 686 1.847688
587 588 -0.267051
587 597 -0.640402
587 687 0.249629
588 589 1.590641
588 598 0.758809
588 688 -0.929348
589 580 -1.726745
589 599 1.389585
589 689 -1.411666
590 591 0.527069
590 500 -0.302674
590 690 0.223720
591 592 -1.514803
591 501 -0.931296
591 691 -1.344550
592 593 0.661525
592 502 -0.702115
592 692 -2.724871
593 594 1.105282
593 503 -0.152347
593 693 0.074923
594 595 -0.043276
594 504 -0.459063
594 694 -1.185307
595 596 0.334524
595 505 -0.083635
595 695 0.069541
596 597 -0.417604
596 506 0.260134
596 696 -1.108496
597 598 0.126932
597 507 1.729775
597 697 0.617677
598 599 0.830600
598 508 0.762941
598 698 -0.240961
599 590 0.359730
599 509 0.188438
599 699 -0.709159
600 601 0.628100
600 610 0.551607
600 700 1.018400
601 602 -0.636014
601 611 0.047575
601 701 1.404291
602 603 1.737418
602 612 0.155302
602 702 -0.814905
603 604 1.479812
603 613 1.092633
603 703 1.364358
604 605 0.358622
604 614 -1.378293
604 704 1.524638
605 606 0.125668
605 615 0.851442
605 705 -0.961951
606 607 1.219634
606 616 0.365854
606 706 -1.457141
607 608 -0.176097
607 617 -1.074347
607 707 -1.046420
608 609 1.445903
608 618 -0.226639
608 708 -0.690454
609 600 2.025199
609 619 -0.069255
609 709 0.824754
610 611 0.405554
610 620 -1.253205
610 710 0.496058
611 612 -0.464748
611 621 0.154961
611 711 -0.066508
612 613 0.323846
612 622 -1.143107
612 712 -0.455984
613 614 -0.354409
613 623 -1.096001
613 713 0.377364
614 615 0.574916
614 624 -0.013424
614 714 -0.541281
615 616 0.010191
615 625 -0.598256
615 715 0.064645
616 617 -0.724103
616 626 -0.651265
616 716 -0.317899
617 618 0.932516
617 627 -0.826356
617 717 0.534368
618 619 0.362272
618 628 -0.005296
618 718 1.859040
619 610 -0.535058
619 629 0.667191
619 719 1.313490
620 621 -1.008375
620 630 1.041270
620 720 0.476535
621 622 -0.622082
621 631 -0.277783
621 721 -1.213859
622 623 -2.160512
622 632 1.025573
622 722 -1.504268
623 624 -0.413152
623 633 -0.286366
623 723 -0.198366
624 625 -0.154627
624 634 0.053865
624 724 -0.790012
625 626 -0.095431
625 635 -0.066946
625 725 1.994453
626 627 1.333292
626 636 1.430189
626 726 -0.676106
627 628 0.908150
627 637 -0.943464
627 727 1.800811
628 629 0.407547
628 638 1.668690
628 728 0.521643
629 620 -2.024993
629 639 -0.755607
629 729 0.295224
630 631 1.102630
630 640 -0.149024
630 730 -0.126737
631 632 -0.832757
631 641 0.267979
631 731 0.511372
632 633 -0.672976
632 642 0.183873
632 732 0.572567
633 634 -0.401442
633 643 0.029194
633 733 -0.373814
634 635 0.424648
634 644 1.015952
634 734 0.235065
635 636 0.437192
635 645 0.844879
635 735 0.683525
636 637 -0.858291
636 646 0.408755
636 736 0.405454
637 638 0.164764
637 647 0.297993
637 737 -0.579642
638 639 -1.242813
638 648 0.508332
638 738 0.033648
639 630 1.115262
639 649 0.799019
639 739 -0.623123
640 641 -1.796392
640 650 -0.068023
640 740 0.410642
641 642 -1.571465
641 651 -0.251743
641 741 -0.429052
642 643 -0.232084
642 652 0.681844
642 742 -1.523409
643 644 -0.491602
643 653 0.144113
643 743 0.981929
644 645 1.345088
644 654 -0.031736
644 744 1.503461
645 646 0.159922
645 655 -0.916794
645 745 -1.721289
646 647 -1.615261
646 656 0.341402
646 746 0.294695
647 648 -0.417372
647 657 1.096309
647 747 -0.218053
648 649 1.142506
648 658 -0.329675
648 748 0.381049
649 640 0.540258
649 659 -1.164411
649 749 -1.931188
650 651 -0.104792
650 660 -0.157414
650 750 0.574953
651 652 -0.735208
651 661 0.364092
651 751 -1.698260
652 653 0.099919
652 662 1.367550
652 752 0.979516
653 654 -0.219366
653 663 1.119827
653 753 -0.601157
654 655 -0.336411
654 664 1.331773
654 754 -0.959406
655 656 1.201420
655 665 -1.765704
655 755 1.407949
656 657 1.057618
656 666 -0.678738
656 756 3.789312
657 658 0.271248
657 667 0.649655
657 757 -0.551117
658 659 -0.552800
658 668 1.856940
658 758 0.220857
659 650 0.350862
659 669 1.168198
659 759 -0.659471
660 661 0.417387
660 670 1.414450
660 760 -0.437672
661 662 -0.765880
661 671 0.594083
661 761 0.818799
662 663 -0.078130
662 672 -1.320563
662 762 -0.220232
663 664 1.380706
663 673 0.515402
663 763 0.108978
664 665 -0.325509
664 674 0.979623
664 764 0.543092
665 666 -1.004119
665 675 -0.191510
665 765 -0.373401
666 667 0.344111
666 676 0.410513
666 766 -0.590808
667 668 -1.569090
667 677 1.722318
667 767 -0.360415
668 669 -0.073909
668 678 0.451385
668 768 -0.685535
669 660 -0.206878
669 679 0.595613
669 769 0.534357
670 671 2.124032
670 680 -0.342956
670 770 0.879216
671 672 -1.831667
671 681 -1.213357
671 771 -1.710773
672 673 0.602708
672 682 0.709263
672 772 0.134141
673 674 -0.600523
673 683 0.970877
673 773 0.070253
674 675 1.047485
674 684 -0.233255
674 774 0.334649
675 676 1.767211
675 685 1.347180
675 775 -1.160415
676 677 1.390106
676 686 -0.907532
676 776 -0.327900
677 678 -0.560591
677 687 -0.330508
677 777 -0.922037
678 679 -1.464417
678 688 -0.219279
678 778 0.522473
679 670 -0.032717
679 689 0.131830
679 779 -0.373117
680 681 -0.709233
680 690 -1.571849
680 780 0.346729
681 682 0.716455
681 691 -1.025838
681 781 -0.880503
682 683 -0.542704
682 692 0.863804
682 782 -0.947620
683 684 0.355340
683 693 -0.165206
683 783 -0.956442
684 685 0.498020
684 694 0.968191
684 784 -2.060629
685 686 -0.672087
685 695 -0.517367
685 785 -0.678393
686 687 -0.437980
686 696 0.388757
686 786 -1.112566
687 688 0.433657
687 697 -1.616152
687 787 0.900091
688 689 0.936867
688 698 -0.862985
688 788 -1.573762
689 680 -0.535003
689 699 -1.328713
689 789 1.006207
690 691 -0.947076
690 600 0.978891
690 790 0.383830
691 692 -0.056808
691 601 1.046037
691 791 -0.315358
692 693 0.024458
692 602 -0.319359
692 792 0.732769
693 694 0.852742
693 603 0.546119
693 793 0.125683
694 695 0.179108
694 604 0.881426
694 794 -0.122020
695 696 -2.181903
695 605 0.490247
695 795 -1.863629
696 697 0.615199
696 606 -0.845269
696 796 -1.274625
697 698 0.157048
697 607 -2.758557
697 797 -0.588365
698 699 -1.023234
698 608 1.579158
698 798 -0.472874
699 690 0.459389
699 609 -0.417699
699 799 0.070879
700 701 -0.502292
700 710 0.234784
700 800 -0.495550
701 702 0.802174
701 711 1.548071
701 801 -0.046564
702 703 -1.590049
702 712 0.990851
702 802 0.040237
703 704 0.828003
703 713 -1.720918
703 803 -0.541236
704 705 -0.646998
704 714 0.500191
704 804 -0.457636
705 706 -0.054135
705 715 1.155813
705 805 -0.391415
706 707 1.114251
706 716 1.482053
706 806 -0.920517
707 708 0.072092
707 717 -0.527445
707 807 1.149706
708 709 -2.168522
708 718 0.291812
708 808 -0.593250
709 700 0.007312
709 719 -0.727989
709 809 -0.088057
710 711 -1.686132
710 720 0.540725
710 810 -0.304307
711 712 1.589632
711 721 -0.683816
711 811 -1.069571
712 713 2.474584
712 722 -0.769827
712 812 0.730093
713 714 -0.178978
713 723 -0.932629
713 813 -0.065411
714 715 -0.006331
714 724 0.150469
714 814 1.160603
715 716 0.909111
715 725 -0.305428
715 815 -0.754079
716 717 0.318073
716 726 0.201598
716 816 0.917989
717 718 1.452702
717 727 -0.093466
717 817 -0.443907
718 719 -1.740705
718 728 -0.137983
718 818 -0.767852
719 710 0.918947
719 729 1.395017
719 819 -0.955848
720 721 1.509092
720 730 -1.259411
720 820 -0.007918
721 722 -0.456444
721 731 -0.207346
721 821 -2.195927
722 723 -0.595770
722 732 1.236793
722 822 -1.224413
723 724 -1.452239
723 733 -0.166323
723 823 -1.172260
724 725 1.068419
724 734 -1.788801
724 824 1.394141
725 726 -0.523048
725 735 -0.620935
725 825 -0.312468
726 727 2.756144
726 736 -0.937239
726 826 1.704299
727 728 -1.398842
727 737 -0.471350
727 827 -0.003195
728 729 -1.778099
728 738 -0.844037
728 828 0.826267
729 720 0.293925
729 739 0.289789
729 829 -1.492226
730 731 -0.749335
730 740 0.276608
730 830 -1.214635
731 732 1.434639
731 741 0.491813
731 831 0.929726
732 733 0.452264
732 742 0.896814
732 832 1.768466
733 734 0.715918
733 743 0.415825
733 833 -0.185972
734 735 -0.196307
734 744 -0.821983
734 834 -1.143811
735 736 0.634745
735 745 -0.947399
735 835 0.932877
736 737 0.228651
736 746 -0.235818
736 836 0.857453
737 738 0.118943
737 747 -1.413338
737 837 0.095028
738 739 -0.220115
738 748 -1.614338
738 838 -1.829033
739 730 1.266245
739 749 0.704601
739 839 0.441862
740 741 -0.288851
740 750 -0.110378
740 840 -0.408041
741 742 -0.214861
741 751 -1.587422
741 841 1.013705
742 743 0.736968
742 752 -1.329903
742 842 1.184820
743 744 -1.526352
743 753 -0.095007
743 843 -0.190859
744 745 -0.456672
744 754 0.285176
744 844 -0.798611
745 746 -0.489994
745 755 0.476526
745 845 -1.490668
746 747 2.285859
746 756 -0.065805
746 846 -0.097752
747 748 1.718493
747 757 0.156182
747 847 0.176317
748 749 0.225200
748 758 1.243308
748 848 -0.281894
749 740 -1.245328
749 759 2.089064
749 849 -0.073780
750 751 -1.803564
750 760 -0.375172
750 850 0.283916
751 752 -1.482554
751 761 0.645875
751 851 0.646927
752 753 0.611576
752 762 -0.798240
752 852 -0.219329
753 754 -0.771976
753 763 1.166230
753 853 -0.613661
754 755 0.484020
754 764 0.557276
754 854 -0.146858
755 756 1.425268
755 765 0.934181
755 855 -1.365938
756 757 -1.321747
756 766 2.426611
756 856 0.569148
757 758 -1.171429
757 767 -2.070468
757 857 1.115549
758 759 -0.853991
758 768 -1.045810
758 858 0.781527
759 750 -0.761401
759 769 0.261748
759 859 -0.279997
760 761 0.755113
760 770 -0.277115
760 860 -0.960578
761 762 -0.282110
761 771 0.959195
761 861 -0.375128
762 763 0.774045
762 772 -0.538562
762 862 1.581179
763 764 -1.012356
763 773 -0.352457
763 863 0.302635
764 765 -0.420423
764 774 -0.353494
764 864 -0.314591
765 766 0.628787
765 775 -0.504832
765 865 0.907921
766 767 -1.087535
766 776 -1.214534
766 866 -1.127778
767 768 -0.153104
767 777 -1.120879
767 867 0.392740
768 769 -0.248288
768 778 1.212445
768 868 -0.377470
769 760 1.123332
769 779 -2.289796
769 869 0.289125
770 771 1.063019
770 780 0.433660
770 870 -0.926915
771 772 2.389852
771 781 -0.146803
771 871 -1.749163
772 773 -1.076709
772 782 -1.254496
772 872 -0.640727
773 774 -0.705907
773 783 -0.016773
773 873 -1.568337
774 775 0.677184
774 784 0.138002
774 874 0.844005
775 776 -1.731458
775 785 -1.051821
775 875 -1.584802
776 777 0.547962
776 786 -0.941612
776 876 0.368945
777 778 -2.362761
777 787 2.497175
777 877 -0.784358
778 779 2.201708
778 788 0.015771
778 878 -0.511568
779 770 0.406128
779 789 -0.258203
779 879 -1.079952
780 781 2.119132
780 790 -0.322196
780 880 1.260625
781 782 -0.956768
781 791 -0.835024
781 881 0.077329
782 783 -0.597522
782 792 -1.266755
782 882 -0.450844
783 784 -1.133101
783 793 0.272961
783 883 0.167638
784 785 -0.064264
784 794 0.338675
784 884 -0.222421
785 786 -0.397752
785 795 0.484523
785 885 -0.318008
786 787 2.192270
786 796 -0.250988
786 886 1.031056
787 788 -0.097959
787 797 1.394050
787 887 -0.782549
788 789 -1.774949
788 798 -0.470791
788 888 -0.109530
789 780 0.050410
789 799 -0.469524
789 889 1.054594
790 791 -0.822572
790 700 -0.315453
790 890 0.543375
791 792 0.229482
791 701 -1.395088
791 891 -0.810131
792 793 -0.920946
792 702 -0.628294
792 892 -0.047803
793 794 1.266456
793 703 -1.217477
793 893 -0.671800
794 795 2.129268
794 704 0.795672
794 894 -0.964190
795 796 1.544732
795 705 0.597686
795 895 -0.582308
796 797 -1.352377
796 706 -1.634018
796 896 -0.478971
797 798 -0.797507
797 707 0.321190
797 897 0.194105
798 799 -0.095575
798 708 1.081220
798 898 -1.425617
799 790 0.053125
799 709 0.021277
799 899 -0.214296
800 801 1.404060
800 810 0.309872
800 900 -0.452387
801 802 -0.538072
801 811 -0.511468
801 901 1.687040
802 803 0.403730
802 812 2.345595
802 902 -1.004297
803 804 0.126385
803 813 -0.034878
803 903 -0.635159
804 805 -0.421699
804 814 -1.092396
804 904 1.120385
805 806 0.225557
805 815 -1.625427
805 905 0.580277
806 807 -1.356437
806 816 0.016334
806 906 1.466192
807 808 -0.076289
807 817 0.823058
807 907 -0.428789
808 809 0.412031
808 818 -0.704458
808 908 -1.061410
809 800 -1.334364
809 819 -0.674865
809 909 -2.426910
810 811 1.386681
810 820 1.656828
810 910 0.915774
811 812 -1.590300
811 821 0.365616
811 911 0.115161
812 813 -1.138389
812 822 -0.206452
812 912 -0.125842
813 814 0.177219
813 823 -1.935180
813 913 -1.308147
814 815 -1.514283
814 824 -0.581855
814 914 -0.567844
815 816 -1.031292
815 825 1.696669
815 915 1.244050
816 817 0.057862
816 826 -1.147804
816 916 -0.586739
817 818 -1.296784
817 827 1.586059
817 917 0.095375
818 819 -1.145112
818 828 -1.993137
818 918 1.428408
819 810 0.233000
819 829 -1.588947
819 919 -1.296262
820 821 -2.366691
820 830 0.184491
820 920 -0.965315
821 822 0.295695
821 831 -0.614468
821 921 -0.217329
822 823 0.773187
822 832 -0.932237
822 922 0.231207
823 824 1.841006
823 833 0.526335
823 923 0.394110
824 825 1.683459
824 834 1.140526
824 924 -0.651779
825 826 1.356422
825 835 0.002841
825 925 -1.152105
826 827 -0.364256
826 836 0.989029
826 926 -0.729954
827 828 -0.625454
827 837 0.103776
827 927 1.631192
828 829 0.797338
828 838 1.038593
828 928 1.248230
829 820 0.488060
829 839 -0.214791
829 929 -1.480259
830 831 -0.310888
830 840 -1.702824
830 930 1.040089
831 832 0.140214
831 841 0.595042
831 931 0.048903
832 833 0.370723
832 842 -1.306795
832 932 -0.758003
833 834 0.265315
833 843 -0.862793
833 933 -0.432431
834 835 -1.327528
834 844 0.114673
834 934 0.015592
835 836 0.022883
835 845 1.900931
835 935 -1.558204
836 837 -1.422013
836 846 -1.423952
836 936 0.223960
837 838 -1.357193
837 847 -0.542122
837 937 -1.219902
838 839 1.077991
838 848 0.632368
838 938 -1.097459
839 830 1.008884
839 849 0.259676
839 939 -1.082965
840 841 0.561790
840 850 -0.928995
840 940 1.132101
841 842 -1.357291
841 851 0.264835
841 941 1.639219
842 843 0.598084
842 852 0.690950
842 942 -1.462066
843 844 -0.743363
843 853 0.948406
843 943 0.735488
844 845 -0.097244
844 854 0.925777
844 944 0.244956
845 846 -0.318224
845 855 0.189188
845 945 1.272879
846 847 -0.359840
846 856 0.556249
846 946 0.372725
847 848 2.492719
847 857 -0.093096
847 947 0.770990
848 849 -0.315574
848 858 -0.987095
848 948 -1.637606
849 840 0.892196
849 859 1.512210
849 949 -0.470966
850 851 0.557009
850 860 -0.682556
850 950 0.782989
851 852 -0.984838
851 861 -1.192843
851 951 -1.321837
852 853 0.273197
852 862 -1.666483
852 952 -1.322273
853 854 0.599307
853 863 -2.187315
853 953 1.198377
854 855 1.634549
854 864 -0.614732
854 954 0.850112
855 856 0.780396
855 865 -0.009280
855 955 0.110844
856 857 2.100456
856 866 1.096718
856 956 1.029702
857 858 -1.089088
857 867 2.323606
857 957 0.813828
858 859 0.598740
858 868 0.544092
858 958 1.206384
859 850 -0.690879
859 869 0.141862
859 959 -0.216441
860 861 -0.476316
860 870 -1.243516
860 960 0.213432
861 862 -1.084789
861 871 -0.267080
861 961 1.512239
862 863 -1.640839
862 872 -1.657619
862 962 0.279583
863 864 -0.728235
863 873 -1.552267
863 963 -0.092446
864 865 0.364553
864 874 0.550052
864 964 -0.368982
865 866 -1.476061
865 875 0.755792
865 965 0.473459
866 867 0.210594
866 876 0.764806
866 966 -1.571362
867 868 -0.099932
867 877 1.110347
867 967 1.334921
868 869 -1.418880
868 878 -0.824295
868 968 -1.267461
869 860 -1.000279
869 879 -1.012473
869 969 0.344990
870 871 -0.440852
870 880 1.632742
870 970 -1.373762
871 872 -0.205194
871 881 0.502998
871 971 0.363324
872 873 0.856858
872 882 -1.412995
872 972 1.046410
873 874 -1.007488
873 883 1.691486
873 973 -0.775415
874 875 -1.438123
874 884 0.724928
874 974 0.100137
875 876 1.419181
875 885 1.069802
875 975 -0.997646
876 877 -0.822171
876 886 -1.673930
876 976 -0.164147
877 878 -1.058042
877 887 -0.386457
877 977 -0.108381
878 879 -0.013354
878 888 1.133746
878 978 1.552484
879 870 2.174259
879 889 -1.655511
879 979 0.552611
880 881 -1.277225
880 890 0.536976
880 980 -0.104499
881 882 1.427794
881 891 -1.350056
881 981 -0.447939
882 883 0.090059
882 892 -1.563258
882 982 0.504608
883 884 2.207579
883 893 -0.668289
883 983 -0.167400
884 885 0.097318
884 894 0.658389
884 984 -0.920123
885 886 1.002623
885 895 -1.152199
885 985 -0.123740
886 887 -1.373327
886 896 -0.706141
886 986 -1.820616
887 888 2.087086
887 897 -1.208779
887 987 1.255249
888 889 1.813814
888 898 1.092168
888 988 -0.293273
889 880 -0.827940
889 899 0.530835
889 989 -0.008079
890 891 -0.219012
890 800 -0.126781
890 990 2.938932
891 892 -0.276476
891 801 0.032333
891 991 -0.463373
892 893 -1.218973
892 802 0.563886
892 992 0.643822
893 894 -1.340913
893 803 0.325876
893 993 1.246199
894 895 -0.322382
894 804 1.242913
894 994 -0.245577
895 896 -0.619109
895 805 0.238526
895 995 -0.008388
896 897 0.132898
896 806 -1.052380
896 996 1.762544
897 898 -0.029458
897 807 -0.655949
897 997 -0.580342
898 899 1.100623
898 808 -0.091998
898 998 0.007527
899 890 -1.504815
899 809 0.052703
899 999 -0.474474
900 901 1.643667
900 910 0.826959
900 0 -0.633505
901 902 -0.452846
901 911 -0.486993
901 1 1.277488
902 903 1.393402
902 912 -0.537870
902 2 -0.860810
903 904 -1.065106
903 913 -0.306583
903 3 -0.912167
904 905 1.562722
904 914 -1.510171
904 4 0.534912
905 906 0.546769
905 915 -0.676444
905 5 -1.036714
906 907 0.419904
906 916 -0.617097
906 6 0.498823
907 908 -0.001789
907 917 -0.893826
907 7 -1.331545
908 909 -0.815358
908 918 -1.156024
908 8 -1.252747
909 900 1.048586
909 919 0.110894
909 9 0.241532
910 911 -0.133638
910 920 0.164377
910 10 -2.983243
911 912 0.989712
911 921 -0.596148
911 11 0.103408
912 913 -0.419045
912 922 1.630775
912 12 0.386139
913 914 -0.482313
913 923 0.026656
913 13 0.760872
914 915 -1.405003
914 924 0.101028
914 14 -0.945673
915 916 0.251539
915 925 1.436451
915 15 0.372127
916 917 0.058365
916 926 0.761401
916 16 -0.287240
917 918 -0.882074
917 927 0.157554
917 17 2.028114
918 919 -1.395923
918 928 0.337355
918 18 1.815331
919 910 0.444473
919 929 0.748627
919 19 0.355986
920 921 -0.199475
920 930 -0.977290
920 20 -1.952996
921 922 -1.242053
921 931 -0.167536
921 21 -0.370895
922 923 0.429926
922 932 1.530432
922 22 0.309717
923 924 0.391173
923 933 -0.430304
923 23 -1.415242
924 925 2.113077
924 934 2.671493
924 24 0.029856
925 926 -1.573020
925 935 -2.486769
925 25 0.257137
926 927 0.642764
926 936 -1.133425
926 26 -0.099979
927 928 -0.237642
927 937 -1.821526
927 27 2.560830
928 929 -1.049538
928 938 -0.120977
928 28 0.001542
929 920 -0.124307
929 939 -0.922591
929 29 0.444582
930 931 -1.081537
930 940 0.744976
930 30 -0.190453
931 932 0.481399
931 941 1.222446
931 31 -1.631554
932 933 -1.952951
932 942 1.487962
932 32 -0.871975
933 934 -0.279165
933 943 -0.174135
933 33 1.029052
934 935 -0.796804
934 944 -0.469442
934 34 -0.460981
935 936 1.338065
935 945 1.552974
935 35 -0.213906
936 937 0.057229
936 946 1.534429
936 36 1.461800
937 938 0.236429
937 947 -0.485850
937 37 -1.219396
938 939 -1.095417
938 948 -0.960004
938 38 -0.270694
939 930 1.080882
939 949 -0.647450
939 39 -0.217581
940 941 0.266825
940 950 -0.291845
940 40 -0.794539
941 942 -0.630511
941 951 -1.132719
941 41 -0.751923
942 943 -0.340802
942 952 0.492240
942 42 -1.287218
943 944 -0.010946
943 953 -0.931746
943 43 -0.937718
944 945 -0.989267
944 954 -1.096420
944 44 -0.840684
945 946 -0.097103
945 955 -0.031486
945 45 1.020327
946 947 -0.764117
946 956 -0.226042
946 46 -0.715434
947 948 0.248066
947 957 0.825580
947 47 0.208979
948 949 0.063295
948 958 -0.862266
948 48 1.516200
949 940 1.144677
949 959 -0.582202
949 49 0.580652
950 951 0.509572
950 960 -1.443499
950 50 1.579940
951 952 -1.879722
951 961 0.699604
951 51 0.130713
952 953 1.085679
952 962 0.111187
952 52 -0.397032
953 954 -0.381729
953 963 1.334438
953 53 -0.489703
954 955 -0.410020
954 964 0.424775
954 54 -1.871364
955 956 1.204168
955 965 1.254755
955 55 -0.445216
956 957 -1.149896
956 966 -1.006835
956 56 0.300200
957 958 0.031099
957 967 0.757602
957 57 -0.742152
958 959 1.284945
958 968 -1.064974
958 58 -0.525640
959 950 1.432829
959 969 -1.367617
959 59 -0.714849
960 961 -0.599644
960 970 -1.564627
960 60 -0.466284
961 962 0.255028
961 971 -0.698041
961 61 0.481949
962 963 -0.364892
962 972 0.812863
962 62 1.035320
963 964 1.657571
963 973 0.586573
963 63 1.995954
964 965 -0.402030
964 974 0.070681
964 64 0.980568
965 966 -1.131593
965 975 -1.622287
965 65 -0.470745
966 967 1.874695
966 976 -2.239301
966 66 -0.545336
967 968 -0.515752
967 977 -2.046102
967 67 -0.355415
968 969 1.274700
968 978 0.559122
968 68 0.653578
969 960 0.176515
969 979 0.604031
969 69 -1.373164
970 971 1.522310
970 980 -0.573885
970 70 0.150465
971 972 -0.470341
971 981 0.685923
971 71 -0.637326
972 973 1.067608
972 982 2.000261
972 72 1.017427
973 974 1.902676
973 983 1.369858
973 73 1.457807
974 975 -0.470043
974 984 0.126613
974 74 1.195775
975 976 0.189197
975 985 0.313947
975 75 -0.390442
976 977 -0.135861
976 986 0.240165
976 76 -0.144242
977 978 0.214614
977 987 0.331418
977 77 0.024921
978 979 -0.293725
978 988 0.575727
978 78 0.210845
979 970 0.283825
979 989 1.051747
979 79 -1.394748
980 981 -0.666046
980 990 0.415131
980 80 0.241378
981 982 1.264415
981 991 -0.199995
981 81 -0.802425
982 983 -0.622509
982 992 -2.295025
982 82 1.746337
983 984 0.598134
983 993 -1.212737
983 83 -0.402473
984 985 -1.102116
984 994 0.475203
984 84 0.072670
985 986 0.067152
985 995 -0.659150
985 85 -0.612069
986 987 0.614619
986 996 -0.689833
986 86 -1.254101
987 988 1.356545
987 997 -1.653764
987 87 0.251830
988 989 -1.778880
988 998 -2.748669
988 88 -1.258130
989 980 1.243425
989 999 -0.060096
989 89 0.919409
990 991 -1.292334
990 900 0.577837
990 90 -0.707546
991 992 1.517768
991 901 0.906476
991 91 0.275568
992 993 -1.518626
992 902 0.170621
992 92 -0.589767
993 994 -2.412064
993 903 0.968796
993 93 0.398388
994 995 0.063532
994 904 1.021732
994 94 -0.183420
995 996 -0.141415
995 905 2.383399
995 95 -1.343919
996 997 -0.266616
996 906 -2.137397
996 96 -0.441754
997 998 -0.476306
997 907 0.299566
997 97 0.545547
998 999 0.473831
998 908 -1.395750
998 98 -1.239434
999 990 -0.993476
999 909 -0.293961
999 99 -0.773723
