0 1 0.589374
0 10 -0.070710
0 100 0.334118
1 2 -0.157596
1 11 1.065922
1 101 0.034491
2 3 0.872198
2 12 -0.444928
2 102 0.120097
3 4 -1.718741
3 13 -0.544901
3 103 -0.670399
4 5 -0.800965
4 14 -0.792150
4 104 1.143552
5 6 0.252240
5 15 2.153290
5 105 1.268613
6 7 -0.954605
6 16 -1.429854
6 106 0.798090
7 8 -0.853382
7 17 -0.702820
7 107 0.498034
8 9 1.595518
8 18 0.263012
8 108 0.954138
9 0 0.754081
9 19 -0.849366
9 109 0.740546
10 11 -0.022590
10 20 0.230070
10 110 -0.937354
11 12 -0.504351
11 21 0.218672
11 111 -1.110759
12 13 0.461660
12 22 -1.410858
12 112 -0.945940
13 14 1.143451
13 23 -2.193263
13 113 0.198016
14 15 0.201194
14 24 -0.260564
14 114 -1.005900
15 16 -1.926857
15 25 -0.043497
15 115 -1.131492
16 17 1.270781
16 26 -0.161149
16 116 -0.331453
17 18 -0.304840
17 27 -0.512475
17 117 -2.931360
18 19 -0.394599
18 28 1.120728
18 118 -1.030851
19 10 -0.024542
19 29 -0.974952
19 119 0.314070
20 21 -0.030644
20 30 0.268556
20 120 -0.068163
21 22 -1.105127
21 31 1.284530
21 121 -0.519760
22 23 -0.406634
22 32 1.619697
22 122 0.822192
23 24 -2.165539
23 33 0.140447
23 123 0.364366
24 25 -0.459515
24 34 0.423038
24 124 -0.369000
25 26 -0.351078
25 35 -0.910141
25 125 -0.460342
26 27 2.385713
26 36 -0.403891
26 126 -0.788013
27 28 -0.895760
27 37 -1.442981
27 127 1.229336
28 29 -0.049491
28 38 -1.089819
28 128 0.660113
29 20 0.219000
29 39 1.212831
29 129 -0.087293
30 31 1.366296
30 40 1.444826
30 130 1.475105
31 32 1.126117
31 41 -0.307313
31 131 -0.138995
32 33 -0.625694
32 42 -0.951385
32 132 0.633366
33 34 1.215711
33 43 -0.385203
33 133 1.206610
34 35 -0.843943
34 44 0.768001
34 134 0.233886
35 36 -0.952051
35 45 -0.401632
35 135 -0.645489
36 37 1.536197
36 46 -0.624236
36 136 -0.546068
37 38 -0.540468
37 47 -1.372071
37 137 0.847605
38 39 0.654262
38 48 -1.964690
38 138 0.115191
39 30 -1.568904
39 49 1.066126
39 139 -1.200866
40 41 1.222611
40 50 0.225354
40 140 0.744406
41 42 -0.083377
41 51 -0.502034
41 141 0.606826
42 43 0.300471
42 52 0.676401
42 142 0.424949
43 44 -0.274979
43 53 0.049325
43 143 0.965658
44 45 0.776267
44 54 1.618760
44 144 0.728467
45 46 -1.921111
45 55 -0.277788
45 145 0.023470
46 47 0.193387
46 56 0.042088
46 146 0.099223
47 48 0.609361
47 57 -1.129584
47 147 0.509927
48 49 -0.162168
48 58 0.327186
48 148 2.524860
49 40 1.458232
49 59 -1.121448
49 149 -0.145717
50 51 -0.168115
50 60 -0.319845
50 150 0.868298
51 52 1.408890
51 61 0.538624
51 151 -0.071774
52 53 -1.502835
52 62 1.462273
52 152 -0.009439
53 54 -2.426836
53 63 -0.305753
53 153 0.301625
54 55 1.734239
54 64 0.755406
54 154 0.457677
55 56 1.283279
55 65 1.385849
55 155 0.238784
56 57 1.289852
56 66 -0.762793
56 156 -0.874008
57 58 -0.947814
57 67 0.561106
57 157 0.085250
58 59 -1.725615
58 68 1.076511
58 158 -0.093822
59 50 -1.306880
59 69 0.084047
59 159 0.790481
60 61 -1.802910
60 70 -0.380909
60 160 -0.942124
61 62 -1.165298
61 71 0.425087
61 161 0.360341
62 63 -1.508008
62 72 0.000258
62 162 0.804513
63 64 1.135064
63 73 -1.236196
63 163 1.932214
64 65 1.276108
64 74 1.290750
64 164 1.487640
65 66 0.007715
65 75 -0.367051
65 165 1.061263
66 67 -0.905648
66 76 -0.109959
66 166 -0.477956
67 68 -0.073107
67 77 -0.838223
67 167 0.224600
68 69 0.029530
68 78 -0.101136
68 168 -1.244035
69 60 0.540808
69 79 -0.145809
69 169 0.763778
70 71 -0.421127
70 80 -0.231376
70 170 -0.138278
71 72 -0.267504
71 81 -0.712631
71 171 1.198496
72 73 0.760133
72 82 0.273035
72 172 0.511904
73 74 -0.559379
73 83 1.241171
73 173 -0.752522
74 75 -0.487238
74 84 -0.444485
74 174 2.621033
75 76 1.773222
75 85 -1.616192
75 175 -0.881180
76 77 -0.751942
76 86 0.676664
76 176 -0.563497
77 78 0.504432
77 87 -0.225519
77 177 -2.532039
78 79 -1.082683
78 88 -0.417458
78 178 -0.959121
79 70 -1.509014
79 89 0.012481
79 179 -0.058457
80 81 -1.029459
80 90 -0.715206
80 180 0.516232
81 82 0.016791
81 91 0.626295
81 181 0.212046
82 83 0.952076
82 92 0.710663
82 182 0.684541
83 84 -1.009358
83 93 0.564383
83 183 0.716392
84 85 1.520403
84 94 -0.225433
84 184 0.533472
85 86 -1.879791
85 95 0.501116
85 185 -0.981386
86 87 1.723842
86 96 0.288576
86 186 -0.109364
87 88 0.244180
87 97 -2.086868
87 187 0.993684
88 89 -0.397277
88 98 -0.692585
88 188 -0.776322
89 80 -0.682383
89 99 -0.149671
89 189 -1.080200
90 91 0.599551
90 0 -1.519845
90 190 -0.841635
91 92 -0.266108
91 1 -0.366379
91 191 -0.253638
92 93 0.843601
92 2 0.041456
92 192 -1.111986
93 94 0.136756
93 3 1.292722
93 193 -0.758088
94 95 -0.168520
94 4 -0.120198
94 194 -1.135204
95 96 1.758020
95 5 -0.553538
95 195 0.642565
96 97 0.305458
96 6 0.519796
96 196 0.325241
97 98 -0.335442
97 7 0.891167
97 197 0.137110
98 99 0.527973
98 8 0.611519
98 198 1.879614
99 90 -0.636472
99 9 -0.567266
99 199 -0.750400
100 101 0.942519
100 110 -0.815903
100 200 1.987821
101 102 -0.213279
101 111 -1.004440
101 201 -1.099300
102 103 -0.100198
102 112 0.288837
102 202 0.876005
103 104 0.868739
103 113 -1.163307
103 203 -0.434018
104 105 -0.495286
104 114 1.029250
104 204 1.397087
105 106 0.618225
105 115 0.226877
105 205 0.435072
106 107 -0.638493
106 116 0.247864
106 206 -0.887605
107 108 -1.405328
107 117 0.995433
107 207 -0.655647
108 109 -0.741927
108 118 -0.886971
108 208 0.743899
109 100 0.218436
109 119 -0.183762
109 209 -1.007149
110 111 -1.978740
110 120 -0.901650
110 210 -0.377649
111 112 1.169493
111 121 -0.221808
111 211 -0.491976
112 113 1.972390
112 122 -0.197645
112 212 0.431456
113 114 -0.193940
113 123 0.704307
113 213 -1.834383
114 115 -0.446329
114 124 -1.086597
114 214 -0.405238
115 116 0.511628
115 125 -0.554201
115 215 1.186640
116 117 -0.765607
116 126 -0.292808
116 216 -0.242705
117 118 -0.799775
117 127 -0.362227
117 217 -0.071368
118 119 0.175975
118 128 0.859776
118 218 0.417377
119 110 0.744753
119 129 0.384004
119 219 0.022616
120 121 -0.068973
120 130 1.765520
120 220 0.026241
121 122 -0.372620
121 131 1.196276
121 221 0.220850
122 123 -1.278861
122 132 0.057323
122 222 0.601521
123 124 1.280039
123 133 -1.121878
123 223 0.269184
124 125 1.379815
124 134 0.363360
124 224 0.285992
125 126 1.399140
125 135 0.766566
125 225 -0.976633
126 127 0.762251
126 136 0.791851
126 226 1.349964
127 128 0.647712
127 137 0.765906
127 227 0.227797
128 129 -0.305586
128 138 -0.925229
128 228 -0.829391
129 120 0.655272
129 139 -2.318834
129 229 -0.174892
130 131 -0.208244
130 140 0.088025
130 230 0.222613
131 132 0.888292
131 141 -1.912614
131 231 0.428649
132 133 -0.004884
132 142 -0.486088
132 232 0.642223
133 134 0.409270
133 143 -1.645419
133 233 1.428624
134 135 -0.346730
134 144 0.593608
134 234 -0.750896
135 136 -1.724039
135 145 0.487173
135 235 1.102418
136 137 1.386158
136 146 0.141334
136 236 -1.362341
137 138 -1.224119
137 147 -0.188532
137 237 -0.287427
138 139 0.805422
138 148 -1.443640
138 238 -1.636836
139 130 -0.336062
139 149 -0.375436
139 239 0.205766
140 141 -0.810993
140 150 -0.263278
140 240 1.411771
141 142 -0.526780
141 151 0.169626
141 241 -0.209370
142 143 -0.267278
142 152 0.047807
142 242 -0.064643
143 144 -1.474160
143 153 -0.824343
143 243 -1.489123
144 145 0.833065
144 154 0.667060
144 244 2.083115
145 146 -1.201379
145 155 0.093377
145 245 -0.053760
146 147 -1.149877
146 156 1.333263
146 246 -0.128489
147 148 -0.958011
147 157 0.641159
147 247 -0.520160
148 149 -0.764541
148 158 -0.219865
148 248 -0.054324
149 140 -0.474303
149 159 0.792628
149 249 -0.023511
150 151 0.671578
150 160 0.882294
150 250 0.880195
151 152 0.590529
151 161 -0.443108
151 251 -0.448668
152 153 0.845545
152 162 0.303027
152 252 0.967284
153 154 0.425189
153 163 0.432136
153 253 -0.723447
154 155 -1.503583
154 164 -1.012259
154 254 0.510332
155 156 0.249577
155 165 1.452962
155 255 1.045356
156 157 0.578163
156 166 -1.193090
156 256 2.052773
157 158 -0.928432
157 167 0.092210
157 257 -0.678821
158 159 0.079020
158 168 1.129864
158 258 0.239916
159 150 1.040452
159 169 1.482879
159 259 -0.193237
160 161 0.655193
160 170 -0.353868
160 260 -0.023423
161 162 1.829259
161 171 -0.346533
161 261 0.062224
162 163 -2.853742
162 172 0.110421
162 262 -0.276306
163 164 0.615945
163 173 1.153809
163 263 -2.263143
164 165 0.833421
164 174 0.121555
164 264 1.614416
165 166 -2.213173
165 175 1.002603
165 265 0.909379
166 167 1.072071
166 176 -0.254686
166 266 0.050445
167 168 -0.906100
167 177 -1.305805
167 267 -1.089626
168 169 -0.251200
168 178 0.483629
168 268 -0.682295
169 160 -0.463299
169 179 0.701105
169 269 -1.727639
170 171 1.448039
170 180 -0.977665
170 270 1.201318
171 172 0.192059
171 181 0.504132
171 271 -2.007953
172 173 -0.041326
172 182 1.565461
172 272 0.178443
173 174 0.380573
173 183 1.571273
173 273 1.043842
174 175 -0.471780
174 184 -1.469639
174 274 0.480861
175 176 -0.854769
175 185 -0.365315
175 275 -0.120358
176 177 -1.956709
176 186 0.408286
176 276 -2.173015
177 178 0.705854
177 187 0.831849
177 277 0.404222
178 179 0.034086
178 188 -0.774351
178 278 1.747453
179 170 -0.799089
179 189 -1.548508
179 279 2.213490
180 181 1.827312
180 190 1.445378
180 280 -0.161105
181 182 0.571861
181 191 1.691674
181 281 1.149733
182 183 0.318553
182 192 1.686935
182 282 0.655208
183 184 -1.294020
183 193 -0.051654
183 283 -0.632684
184 185 0.752271
184 194 1.003118
184 284 -1.664714
185 186 -1.020555
185 195 -0.196109
185 285 1.449311
186 187 0.881869
186 196 1.244627
186 286 -1.726274
187 188 -0.868223
187 197 0.151015
187 287 -0.312958
188 189 -0.799736
188 198 0.185081
188 288 -0.124592
189 180 -0.214286
189 199 -0.453281
189 289 0.035875
190 191 0.987544
190 100 -0.425117
190 290 1.264710
191 192 0.432501
191 101 -3.887226
191 291 0.167901
192 193 0.029704
192 102 -1.065140
192 292 0.780586
193 194 1.464698
193 103 -0.147464
193 293 1.395305
194 195 -0.087011
194 104 1.946121
194 294 -1.091781
195 196 -0.152169
195 105 -0.919185
195 295 0.820330
196 197 1.141187
196 106 0.003414
196 296 -0.323189
197 198 -0.180062
197 107 -0.782296
197 297 0.105216
198 199 -0.688179
198 108 1.833729
198 298 -0.931050
199 190 -0.529044
199 109 -0.245065
199 299 0.713439
200 201 -0.146238
200 210 0.359155
200 300 0.731309
201 202 1.442097
201 211 2.073263
201 301 0.388722
202 203 0.976586
202 212 -0.554270
202 302 -1.681285
203 204 -0.803899
203 213 -0.696676
203 303 2.026026
204 205 0.565785
204 214 -1.007575
204 304 -0.698983
205 206 0.386398
205 215 0.381055
205 305 0.670341
206 207 -0.983279
206 216 1.274817
206 306 -0.112911
207 208 0.269200
207 217 1.352872
207 307 -0.821684
208 209 0.492441
208 218 -2.202645
208 308 -0.052439
209 200 -0.864834
209 219 -0.537691
209 309 -0.586525
210 211 0.522111
210 220 1.125322
210 310 0.873551
211 212 0.284819
211 221 0.626036
211 311 0.005244
212 213 0.985359
212 222 -0.050630
212 312 -0.122477
213 214 0.890524
213 223 -0.073878
213 313 -0.131453
214 215 -0.869239
214 224 -1.607241
214 314 0.616625
215 216 0.120288
215 225 -0.249142
215 315 -0.867818
216 217 -0.273474
216 226 1.527048
216 316 -0.291617
217 218 -2.437976
217 227 0.570478
217 317 -0.488211
218 219 1.447196
218 228 0.075833
218 318 -0.904349
219 210 -0.090708
219 229 -0.189649
219 319 0.881954
220 221 1.169982
220 230 -1.228653
220 320 0.590041
221 222 0.257777
221 231 -0.384315
221 321 -0.040836
222 223 1.390361
222 232 -1.022176
222 322 -0.717833
223 224 0.782275
223 233 0.040694
223 323 0.264071
224 225 -1.433673
224 234 0.154768
224 324 -0.791667
225 226 -1.610545
225 235 0.020550
225 325 0.630137
226 227 -0.770196
226 236 -0.814584
226 326 -0.433222
227 228 -0.066048
227 237 0.770502
227 327 0.739433
228 229 -1.050324
228 238 0.990572
228 328 -0.555273
229 220 -0.330782
229 239 -0.678293
229 329 -0.077551
230 231 0.281512
230 240 0.193719
230 330 0.990574
231 232 2.038753
231 241 -0.119324
231 331 -1.603598
232 233 2.959740
232 242 -0.173371
232 332 0.639473
233 234 -0.719357
233 243 -0.518733
233 333 1.863973
234 235 -0.307447
234 244 1.444836
234 334 0.422946
235 236 1.175863
235 245 -0.537312
235 335 -0.451956
236 237 -0.867898
236 246 0.316805
236 336 0.069117
237 238 0.584885
237 247 2.267496
237 337 -0.512166
238 239 -0.064182
238 248 -0.278976
238 338 -1.130403
239 230 1.340632
239 249 -0.032740
239 339 1.396926
240 241 -1.334600
240 250 -0.130463
240 340 0.492987
241 242 0.424732
241 251 -0.205932
241 341 0.564727
242 243 0.521671
242 252 -0.403525
242 342 0.611129
243 244 0.727055
243 253 0.880706
243 343 0.085676
244 245 -1.039188
244 254 0.103073
244 344 -0.566815
245 246 -0.315506
245 255 -1.564192
245 345 1.275546
246 247 -1.940007
246 256 1.552799
246 346 0.243264
247 248 -0.579113
247 257 0.406453
247 347 0.411967
248 249 -0.058676
248 258 0.156568
248 348 -0.101101
249 240 2.367764
249 259 -1.266675
249 349 0.371579
250 251 -0.295740
250 260 0.609242
250 350 -2.198427
251 252 0.682229
251 261 -1.925583
251 351 0.457595
252 253 -1.357217
252 262 0.331451
252 352 -1.889223
253 254 -0.288337
253 263 0.066772
253 353 -0.208135
254 255 0.016306
254 264 -1.109336
254 354 0.795619
255 256 0.074765
255 265 -0.405472
255 355 -1.843952
256 257 -1.172345
256 266 -0.899676
256 356 -1.745904
257 258 -0.180238
257 267 0.123056
257 357 -0.208957
258 259 -0.379533
258 268 -0.638813
258 358 0.791473
259 250 0.554723
259 269 0.497571
259 359 0.574562
260 261 -0.440185
260 270 -1.462102
260 360 -0.479433
261 262 0.863697
261 271 1.145153
261 361 -1.484143
262 263 0.056572
262 272 0.440389
262 362 0.619564
263 264 -0.367496
263 273 -0.330180
263 363 -1.050289
264 265 -0.600187
264 274 1.109762
264 364 1.743476
265 266 -1.228430
265 275 0.826470
265 365 -1.283746
266 267 0.173345
266 276 -0.041862
266 366 -0.112612
267 268 0.724693
267 277 0.064249
267 367 0.216918
268 269 0.415977
268 278 -0.267935
268 368 0.819906
269 260 0.688549
269 279 1.172618
269 369 -0.088693
270 271 0.329950
270 280 -1.104429
270 370 -1.221089
271 272 -1.141763
271 281 -0.134923
271 371 0.251642
272 273 -1.125090
272 282 0.445509
272 372 -1.965631
273 274 -0.167183
273 283 -0.398811
273 373 -0.505099
274 275 0.259886
274 284 0.194525
274 374 -0.964785
275 276 1.547397
275 285 0.855684
275 375 -1.284671
276 277 -1.853035
276 286 -1.415885
276 376 -1.879743
277 278 2.171247
277 287 -1.775649
277 377 -0.507761
278 279 -0.007467
278 288 1.461962
278 378 -0.451005
279 270 -1.028759
279 289 -0.016575
279 379 -0.773313
280 281 -0.079297
280 290 -0.084091
280 380 0.537268
281 282 -0.748826
281 291 -1.073716
281 381 -0.451882
282 283 0.972643
282 292 -3.020735
282 382 -1.096574
283 284 -0.708295
283 293 -0.027168
283 383 -1.018683
284 285 0.010434
284 294 0.092526
284 384 -0.570766
285 286 0.286057
285 295 0.776891
285 385 0.206859
286 287 0.381643
286 296 -0.563374
286 386 1.202966
287 288 0.521997
287 297 -0.810039
287 387 -0.853808
288 289 0.004357
288 298 -0.413817
288 388 -0.824699
289 280 1.699124
289 299 -0.026725
289 389 -0.383911
290 291 2.670208
290 200 -0.508407
290 390 0.785638
291 292 -0.115712
291 201 1.194948
291 391 1.138588
292 293 -2.009694
292 202 -0.979635
292 392 0.615897
293 294 -0.332884
293 203 0.440973
293 393 0.290529
294 295 0.915575
294 204 0.353771
294 394 -2.044445
295 296 0.827299
295 205 -0.430636
295 395 -1.393711
296 297 0.245371
296 206 0.731059
296 396 0.977163
297 298 0.297664
297 207 -0.033727
297 397 -0.137722
298 299 -1.741926
298 208 0.943871
298 398 -1.083542
299 290 -0.827064
299 209 1.415066
299 399 0.626569
300 301 1.686633
300 310 1.282987
300 400 0.870072
301 302 -0.211010
301 311 -0.561211
301 401 0.634993
302 303 -1.005268
302 312 0.755143
302 402 -0.628405
303 304 0.480951
303 313 -0.181740
303 403 -0.445185
304 305 -0.929177
304 314 0.467786
304 404 -1.823466
305 306 1.378136
305 315 0.177672
305 405 0.384442
306 307 0.173728
306 316 -0.532051
306 406 -1.391953
307 308 -1.170236
307 317 -1.349135
307 407 0.753172
308 309 3.056097
308 318 -0.196407
308 408 0.519791
309 300 0.664885
309 319 0.623905
309 409 -1.882091
310 311 0.968282
310 320 0.739389
310 410 0.481080
311 312 -0.768163
311 321 1.804078
311 411 0.903411
312 313 -0.250165
312 322 -1.959184
312 412 -0.013195
313 314 0.782435
313 323 -1.066786
313 413 0.747563
314 315 0.544946
314 324 -0.823800
314 414 -0.211945
315 316 -1.062756
315 325 1.895334
315 415 -0.298007
316 317 0.365499
316 326 0.733408
316 416 -1.558100
317 318 4.021917
317 327 1.111168
317 417 -0.949025
318 319 -1.850399
318 328 -0.790816
318 418 1.714683
319 310 -0.706020
319 329 0.615209
319 419 -0.181900
320 321 -0.008011
320 330 -0.394148
320 420 1.241307
321 322 1.630605
321 331 1.444128
321 421 1.003402
322 323 0.416526
322 332 -0.423221
322 422 0.852248
323 324 0.483717
323 333 1.967052
323 423 0.508176
324 325 0.816773
324 334 2.177195
324 424 0.138396
325 326 -0.064609
325 335 0.016570
325 425 0.161339
326 327 1.163927
326 336 0.424653
326 426 0.557216
327 328 -0.164518
327 337 0.259238
327 427 0.532289
328 329 -0.643308
328 338 0.753272
328 428 0.234991
329 320 -0.591133
329 339 -0.427593
329 429 -0.208111
330 331 -0.916633
330 340 -0.050889
330 430 -0.709911
331 332 -0.512968
331 341 1.245455
331 431 -0.589834
332 333 0.790643
332 342 -0.200873
332 432 0.121398
333 334 -0.053479
333 343 -0.354424
333 433 -0.745241
334 335 -0.201075
334 344 -1.767164
334 434 -1.815723
335 336 -0.616280
335 345 -0.490146
335 435 -1.650852
336 337 0.293885
336 346 0.371192
336 436 0.523540
337 338 0.591276
337 347 -0.774512
337 437 -1.027986
338 339 1.191516
338 348 -0.400640
338 438 -0.664898
339 330 -0.216188
339 349 -0.255728
339 439 -0.751667
340 341 0.361640
340 350 0.857812
340 440 0.617353
341 342 0.361945
341 351 -0.679841
341 441 0.354478
342 343 -0.151529
342 352 0.367331
342 442 1.252066
343 344 -0.835661
343 353 -0.860590
343 443 -2.070548
344 345 -0.159708
344 354 -0.794894
344 444 -0.195477
345 346 -0.233287
345 355 0.112729
345 445 0.948563
346 347 -0.565325
346 356 -0.524960
346 446 -0.954429
347 348 -1.150115
347 357 -0.360834
347 447 1.160636
348 349 -0.574435
348 358 -2.166431
348 448 0.927932
349 340 -0.009898
349 359 0.397543
349 449 -0.713343
350 351 -0.344300
350 360 1.794386
350 450 0.969596
351 352 1.806992
351 361 0.644767
351 451 0.738430
352 353 -0.724617
352 362 1.292402
352 452 0.577133
353 354 -0.374351
353 363 1.490648
353 453 1.342277
354 355 1.158554
354 364 1.213743
354 454 -0.516273
355 356 0.136603
355 365 1.850054
355 455 1.466560
356 357 1.010921
356 366 0.274781
356 456 1.451856
357 358 -0.852500
357 367 1.735324
357 457 0.001244
358 359 -0.678680
358 368 2.302268
358 458 1.454408
359 350 -0.442956
359 369 -0.688295
359 459 0.651407
360 361 0.229451
360 370 1.822163
360 460 -0.900741
361 362 -0.208010
361 371 -1.831740
361 461 0.216118
362 363 0.104477
362 372 0.929448
362 462 0.028360
363 364 -1.100794
363 373 0.517712
363 463 0.173569
364 365 1.787268
364 374 -2.293739
364 464 -0.216559
365 366 0.898074
365 375 -0.245120
365 465 -1.495069
366 367 -0.897335
366 376 0.190043
366 466 2.919399
367 368 -0.242348
367 377 -2.311773
367 467 1.029816
368 369 -1.573194
368 378 0.231949
368 468 -1.130621
369 360 0.660883
369 379 1.292294
369 469 -0.916289
370 371 1.171590
370 380 -0.334052
370 470 2.200872
371 372 -1.645889
371 381 1.004456
371 471 -2.596070
372 373 1.364574
372 382 0.837890
372 472 0.443177
373 374 0.054280
373 383 0.634864
373 473 0.491942
374 375 1.411682
374 384 0.162891
374 474 -0.599824
375 376 0.077303
375 385 -1.706314
375 475 0.457228
376 377 0.043000
376 386 0.759208
376 476 -0.415992
377 378 -1.250584
377 387 1.784681
377 477 -0.390890
378 379 1.183349
378 388 1.110068
378 478 0.365855
379 370 0.633055
379 389 0.720658
379 479 -1.165099
380 381 -1.430459
380 390 0.729171
380 480 -0.575149
381 382 -0.694050
381 391 -1.185231
381 481 0.144775
382 383 0.535554
382 392 0.946376
382 482 1.323387
383 384 0.008508
383 393 -2.908540
383 483 -0.080828
384 385 -1.817606
384 394 -0.145817
384 484 0.563486
385 386 -0.745289
385 395 -0.784224
385 485 -0.231638
386 387 -0.829276
386 396 0.620623
386 486 0.283185
387 388 0.260538
387 397 1.051872
387 487 1.106660
388 389 0.387963
388 398 0.125974
388 488 0.626998
389 380 -1.447298
389 399 -0.077105
389 489 -2.490443
390 391 -0.168586
390 300 0.127683
390 490 0.211241
391 392 0.465495
391 301 0.564930
391 491 0.676946
392 393 -0.446066
392 302 0.243709
392 492 1.482864
393 394 1.174685
393 303 0.499637
393 493 1.463597
394 395 -0.844206
394 304 -0.561518
394 494 0.196773
395 396 0.225234
395 305 0.958418
395 495 3.033231
396 397 -0.277211
396 306 0.918923
396 496 -0.263384
397 398 1.097580
397 307 1.408788
397 497 -0.648147
398 399 -1.414751
398 308 1.228357
398 498 1.742313
399 390 0.474669
399 309 0.069095
399 499 -0.266874
400 401 -0.245849
400 410 1.394809
400 500 0.252117
401 402 -0.004639
401 411 -0.132716
401 501 0.319402
402 403 -1.605045
402 412 0.618860
402 502 -0.209992
403 404 1.014102
403 413 -0.272632
403 503 -0.910325
404 405 1.096497
404 414 0.103642
404 504 -0.002700
405 406 -1.114173
405 415 2.206346
405 505 1.327558
406 407 1.029621
406 416 -0.289213
406 506 1.259388
407 408 -0.520455
407 417 -0.316055
407 507 -1.088102
408 409 -0.153156
408 418 -1.346064
408 508 0.325068
409 400 0.121739
409 419 -0.045275
409 509 -0.483622
410 411 -0.392619
410 420 0.244844
410 510 1.640670
411 412 -0.129718
411 421 0.291440
411 511 -0.373212
412 413 0.837046
412 422 -0.933455
412 512 -1.594811
413 414 -0.152389
413 423 0.298396
413 513 -1.148657
414 415 0.104872
414 424 -0.657641
414 514 0.874435
415 416 0.134825
415 425 0.086430
415 515 -0.718860
416 417 0.096116
416 426 -0.870319
416 516 -0.978730
417 418 0.684766
417 427 -2.139956
417 517 -0.201528
418 419 -0.080764
418 428 1.209179
418 518 0.821087
419 410 0.394119
419 429 -0.684341
419 519 1.108042
420 421 0.733364
420 430 0.442018
420 520 -0.555551
421 422 0.417776
421 431 0.323908
421 521 -0.333537
422 423 2.500261
422 432 -0.863932
422 522 -2.351851
423 424 0.686252
423 433 -0.665067
423 523 0.804270
424 425 -1.636347
424 434 1.106885
424 524 1.583758
425 426 -0.535188
425 435 0.384525
425 525 1.632873
426 427 0.850908
426 436 0.044840
426 526 1.462945
427 428 -1.007086
427 437 -1.168271
427 527 0.299822
428 429 0.395613
428 438 -0.166695
428 528 0.785485
429 420 0.189495
429 439 1.478303
429 529 0.281099
430 431 -1.153163
430 440 0.055040
430 530 1.176045
431 432 0.772225
431 441 0.614419
431 531 -0.748039
432 433 -1.410776
432 442 0.629430
432 532 -0.986956
433 434 -0.629373
433 443 -0.858178
433 533 -0.790378
434 435 1.513733
434 444 -0.246463
434 534 1.605350
435 436 -1.360391
435 445 -0.782945
435 535 -0.870718
436 437 0.879985
436 446 1.358943
436 536 -1.912023
437 438 -1.582422
437 447 -0.799787
437 537 -0.659393
438 439 2.693063
438 448 0.289740
438 538 1.367142
439 430 -0.681869
439 449 -0.567284
439 539 -0.544511
440 441 0.478187
440 450 -0.488541
440 540 1.306521
441 442 -0.911916
441 451 -0.210171
441 541 -1.404583
442 443 0.092387
442 452 1.075984
442 542 -1.377011
443 444 -0.270465
443 453 0.049508
443 543 2.307723
444 445 0.225050
444 454 -1.424510
444 544 -1.174257
445 446 -0.184596
445 455 -0.548727
445 545 -0.678976
446 447 1.378534
446 456 0.416030
446 546 -1.102340
447 448 -0.238216
447 457 -0.630406
447 547 0.937663
448 449 0.498612
448 458 1.062940
448 548 -0.086423
449 440 -0.171162
449 459 0.425738
449 549 0.308894
450 451 0.253690
450 460 -0.599183
450 550 1.442952
451 452 -1.294863
451 461 -1.229183
451 551 -0.697595
452 453 0.119860
452 462 -0.654171
452 552 -0.361130
453 454 -0.265661
453 463 0.139255
453 553 1.755196
454 455 0.048476
454 464 1.539292
454 554 -0.736652
455 456 0.330470
455 465 0.002155
455 555 -0.011559
456 457 -0.351147
456 466 0.004748
456 556 1.161745
457 458 -1.932802
457 467 1.265061
457 557 -0.886250
458 459 -2.164891
458 468 1.614794
458 558 0.239680
459 450 1.163837
459 469 2.223899
459 559 0.181438
460 461 1.096945
460 470 -0.821241
460 560 -0.399045
461 462 -0.235573
461 471 0.984045
461 561 1.087893
462 463 1.367937
462 472 -0.348422
462 562 -0.035876
463 464 -0.239790
463 473 -0.641826
463 563 -0.885114
464 465 -1.067084
464 474 0.638828
464 564 -1.129127
465 466 -0.642346
465 475 -2.859917
465 565 0.346312
466 467 -0.092060
466 476 -0.361440
466 566 2.376647
467 468 1.611087
467 477 1.222516
467 567 1.307670
468 469 -0.887200
468 478 -1.432009
468 568 -0.360354
469 460 -0.355365
469 479 1.031056
469 569 0.271380
470 471 -0.421478
470 480 2.489722
470 570 0.083328
471 472 0.354516
471 481 0.812160
471 571 -0.601076
472 473 -1.402467
472 482 0.424058
472 572 -1.193167
473 474 0.149879
473 483 1.912204
473 573 1.846485
474 475 -1.780287
474 484 -0.478339
474 574 1.304676
475 476 0.127992
475 485 0.453476
475 575 0.665659
476 477 0.026124
476 486 -0.184528
476 576 2.231616
477 478 -0.796222
477 487 -0.075967
477 577 1.205966
478 479 -0.103227
478 488 1.047306
478 578 0.133409
479 470 1.019752
479 489 -0.632971
479 579 -1.162539
480 481 0.172660
480 490 -0.827016
480 580 0.090429
481 482 0.158398
481 491 0.213565
481 581 0.540283
482 483 0.412374
482 492 -0.222261
482 582 -0.152802
483 484 0.566897
483 493 -2.726526
483 583 0.730123
484 485 0.243934
484 494 0.753777
484 584 1.568315
485 486 0.582586
485 495 0.815928
485 585 0.607615
486 487 -1.787244
486 496 -0.384988
486 586 0.375595
487 488 -1.120120
487 497 0.527608
487 587 0.711860
488 489 0.924580
488 498 -0.616227
488 588 1.227329
489 480 -0.599371
489 499 1.747289
489 589 -0.575545
490 491 -0.824021
490 400 -1.120395
490 590 0.137135
491 492 -0.230897
491 401 -1.491149
491 591 0.844076
492 493 0.766096
492 402 -0.740864
492 592 -1.050139
493 494 1.663302
493 403 0.656940
493 593 0.511988
494 495 0.076351
494 404 1.285549
494 594 0.700171
495 496 0.615745
495 405 2.131477
495 595 -1.007178
496 497 -0.196597
496 406 -1.552670
496 596 -1.167725
497 498 -0.583718
497 407 -0.598681
497 597 -0.494085
498 499 -0.530376
498 408 0.613724
498 598 -1.289506
499 490 -1.051707
499 409 -1.470021
499 599 -1.338537
500 501 0.455558
500 510 -0.907603
500 600 -0.132061
501 502 -0.398879
501 511 1.296805
501 601 0.194341
502 503 1.359667
502 512 0.651511
502 602 -1.019637
503 504 -0.448846
503 513 0.132683
503 603 -0.491070
504 505 0.637498
504 514 1.672523
504 604 0.720811
505 506 0.289099
505 515 -1.192150
505 605 -1.610221
506 507 -1.860351
506 516 -1.524621
506 606 -1.567714
507 508 -0.090727
507 517 0.251489
507 607 0.961242
508 509 -0.396170
508 518 -0.368375
508 608 -0.209724
509 500 -0.293076
509 519 0.882627
509 609 0.599491
510 511 -0.515874
510 520 0.411319
510 610 -0.218133
511 512 -0.561619
511 521 -0.297761
511 611 -0.801103
512 513 1.301105
512 522 0.166723
512 612 0.571717
513 514 0.948057
513 523 1.099500
513 613 1.516570
514 515 0.204308
514 524 -1.488167
514 614 0.207315
515 516 -0.840856
515 525 1.465128
515 615 0.530442
516 517 -0.463388
516 526 1.040912
516 616 0.038424
517 518 -1.018430
517 527 0.360065
517 617 0.410944
518 519 0.115325
518 528 -0.880735
518 618 0.227115
519 510 -0.226267
519 529 -1.469551
519 619 -0.601832
520 521 1.271415
520 530 0.608417
520 620 -0.959834
521 522 -1.240904
521 531 -1.491957
521 621 0.007046
522 523 0.401415
522 532 0.419281
522 622 -0.269939
523 524 0.878585
523 533 2.082731
523 623 -0.249620
524 525 -0.083371
524 534 -0.387211
524 624 0.206816
525 526 0.276533
525 535 0.374410
525 625 -0.057967
526 527 0.823135
526 536 -0.028965
526 626 -0.143352
527 528 0.855082
527 537 0.565075
527 627 -0.485935
528 529 -0.994659
528 538 -0.566211
528 628 0.870182
529 520 -0.353320
529 539 -0.092057
529 629 0.188296
530 531 -0.272113
530 540 0.039194
530 630 0.177353
531 532 -0.731764
531 541 2.111975
531 631 0.815906
532 533 1.122246
532 542 -1.327850
532 632 -0.644675
533 534 0.440822
533 543 0.302556
533 633 -0.917312
534 535 -2.440460
534 544 0.027582
534 634 1.080033
535 536 0.476865
535 545 0.859964
535 635 1.677665
536 537 -1.045708
536 546 1.337937
536 636 0.424844
537 538 0.400105
537 547 -0.379490
537 637 -0.019285
538 539 1.281831
538 548 -0.220467
538 638 0.085036
539 530 -0.888186
539 549 0.723449
539 639 0.869633
540 541 -1.773396
540 550 0.320875
540 640 0.086039
541 542 1.559410
541 551 0.991633
541 641 1.493945
542 543 1.368359
542 552 0.498983
542 642 -0.336064
543 544 -3.298926
543 553 -1.102131
543 643 0.358545
544 545 0.159456
544 554 0.184602
544 644 1.112724
545 546 -0.506926
545 555 -1.919464
545 645 0.667006
546 547 -0.689173
546 556 -0.687875
546 646 -0.026445
547 548 0.637330
547 557 0.581201
547 647 0.792261
548 549 -0.124831
548 558 1.801623
548 648 -0.004661
549 540 0.330424
549 559 0.785092
549 649 -0.176192
550 551 -1.252891
550 560 0.769409
550 650 0.155971
551 552 1.637512
551 561 -0.571817
551 651 -0.056226
552 553 -2.072741
552 562 -0.422260
552 652 0.128477
553 554 -0.931396
553 563 1.668466
553 653 -0.816002
554 555 -0.214683
554 564 0.426003
554 654 0.589295
555 556 1.389269
555 565 0.154404
555 655 -1.692103
556 557 -1.152691
556 566 0.126815
556 656 0.362905
557 558 -1.363139
557 567 -1.069400
557 657 -0.395978
558 559 -2.319474
558 568 0.125959
558 658 -0.969648
559 550 -0.140883
559 569 0.272639
559 659 -0.800140
560 561 0.649381
560 570 -0.111859
560 660 0.558890
561 562 -2.218750
561 571 -0.343140
561 661 -1.211354
562 563 0.134515
562 572 -0.465322
562 662 2.004034
563 564 0.659951
563 573 0.540925
563 663 -1.691301
564 565 -0.200955
564 574 -0.261643
564 664 0.259519
565 566 1.676411
565 575 1.537530
565 665 0.836800
566 567 -0.149675
566 576 -1.638617
566 666 -0.811118
567 568 -0.399837
567 577 0.383335
567 667 1.416385
568 569 -0.295060
568 578 -1.648736
568 668 0.158597
569 560 1.111108
569 579 -1.011988
569 669 -0.421958
570 571 0.753225
570 580 -2.635893
570 670 -0.800268
571 572 0.890965
571 581 0.521546
571 671 1.059584
572 573 2.171072
572 582 0.755977
572 672 0.355509
573 574 0.231830
573 583 -0.842423
573 673 0.300657
574 575 0.783929
574 584 -1.792158
574 674 1.119722
575 576 -0.772756
575 585 -1.460313
575 675 -0.553718
576 577 -0.072779
576 586 -0.550379
576 676 -1.355197
577 578 -1.123162
577 587 -1.159076
577 677 -0.758037
578 579 -2.537273
578 588 0.163334
578 678 -1.671729
579 570 -1.610216
579 589 0.875050
579 679 0.631909
580 581 0.646891
580 590 0.023860
580 680 -0.145254
581 582 -0.063078
581 591 1.018803
581 681 0.922437
582 583 -1.186191
582 592 -0.764390
582 682 -0.005630
583 584 0.357359
583 593 -0.360160
583 683 -1.316682
584 585 -0.699202
584 594 -0.478267
584 684 0.233727
585 586 -1.340307
585 595 0.755017
585 685 0.408059
586 587 -0.994733
586 596 0.103217
586 686 -1.113838
587 588 -0.041947
587 597 -0.935808
587 687 -0.880172
588 589 1.649056
588 598 0.150228
588 688 0.172382
589 580 0.187563
589 599 0.362803
589 689 -0.542407
590 591 -0.877735
590 500 0.711337
590 690 -1.393299
591 592 2.265247
591 501 -1.956557
591 691 0.206964
592 593 -0.352380
592 502 1.682842
592 692 -0.408886
593 594 1.352108
593 503 0.648028
593 693 1.818561
594 595 1.387838
594 504 -0.317317
594 694 -1.402441
595 596 0.577009
595 505 0.192301
595 695 -1.495877
596 597 -1.084058
596 506 1.676931
596 696 -0.144812
597 598 -1.299456
597 507 0.104287
597 697 0.498822
598 599 0.911095
598 508 0.199243
598 698 0.933358
599 590 0.081107
599 509 -1.132383
599 699 -0.490692
600 601 -1.743243
600 610 -0.681593
600 700 1.175142
601 602 -1.385641
601 611 0.445980
601 701 -1.167524
602 603 -2.716495
602 612 0.494812
602 702 -0.975925
603 604 1.174704
603 613 0.030445
603 703 -1.512620
604 605 0.239393
604 614 -0.417241
604 704 -1.182304
605 606 1.129110
605 615 0.832312
605 705 -0.551351
606 607 0.066162
606 616 -1.291868
606 706 0.815924
607 608 0.724250
607 617 -1.263089
607 707 0.289822
608 609 1.275843
608 618 -0.160688
608 708 -0.442051
609 600 0.233175
609 619 0.726191
609 709 0.322841
610 611 0.361789
610 620 -0.615770
610 710 -0.255371
611 612 -0.274125
611 621 -0.509088
611 711 -1.645421
612 613 -1.164254
612 622 0.983053
612 712 -1.802342
613 614 0.836098
613 623 1.336360
613 713 0.092028
614 615 -1.814630
614 624 0.199995
614 714 -1.446263
615 616 1.642335
615 625 0.259127
615 715 1.365425
616 617 -0.863580
616 626 0.357420
616 716 0.136302
617 618 0.845682
617 627 1.887984
617 717 0.649903
618 619 0.113758
618 628 -0.978623
618 718 -0.569904
619 610 0.758605
619 629 -0.618674
619 719 -0.295161
620 621 -1.527874
620 630 -0.827704
620 720 0.040283
621 622 0.828063
621 631 -0.492971
621 721 -1.697383
622 623 0.623017
622 632 -0.659901
622 722 -0.189111
623 624 -3.587945
623 633 0.980805
623 723 -0.902367
624 625 1.594488
624 634 -0.107812
624 724 0.930896
625 626 -1.238878
625 635 1.007086
625 725 -1.009227
626 627 -0.062435
626 636 0.366311
626 726 1.210672
627 628 1.104380
627 637 -0.315137
627 727 1.281218
628 629 -1.160707
628 638 0.993664
628 728 -0.268880
629 620 -0.207677
629 639 1.075400
629 729 1.540881
630 631 -0.372891
630 640 -1.253653
630 730 -1.385387
631 632 0.942205
631 641 -1.223163
631 731 0.124719
632 633 1.327437
632 642 1.495958
632 732 -0.973280
633 634 0.489207
633 643 0.795835
633 733 -1.198163
634 635 0.918697
634 644 2.177413
634 734 -0.046794
635 636 -0.060011
635 645 1.024782
635 735 0.801863
636 637 -0.025157
636 646 1.160288
636 736 0.166810
637 638 -2.366276
637 647 0.475441
637 737 -0.061174
638 639 1.257394
638 648 -0.579984
638 738 0.644952
639 630 0.164012
639 649 0.079221
639 739 0.565333
640 641 -0.288571
640 650 0.774040
640 740 1.826681
641 642 0.277668
641 651 -0.535051
641 741 -0.017797
642 643 2.841345
642 652 0.600371
642 742 -0.092768
643 644 0.136978
643 653 -0.127010
643 743 1.111566
644 645 -0.841611
644 654 0.316237
644 744 0.743354
645 646 0.648452
645 655 -0.134836
645 745 -1.105768
646 647 -1.470076
646 656 0.400799
646 746 0.889471
647 648 0.204460
647 657 -0.027926
647 747 -0.386876
648 649 -0.005044
648 658 -1.358694
648 748 1.295096
649 640 -1.204232
649 659 0.187853
649 749 0.183690
650 651 -0.865014
650 660 0.671064
650 750 0.553533
651 652 -1.326920
651 661 0.049410
651 751 -2.505328
652 653 -0.014705
652 662 1.275651
652 752 -1.258065
653 654 0.646773
653 663 0.453726
653 753 0.400330
654 655 -0.118821
654 664 0.105277
654 754 -0.448273
655 656 -0.883759
655 665 -0.148603
655 755 1.185694
656 657 -1.786743
656 666 1.274342
656 756 0.114160
657 658 -0.899463
657 667 -2.522562
657 757 0.021368
658 659 2.005554
658 668 1.205244
658 758 0.731566
659 650 0.677485
659 669 -0.740512
659 759 -0.015254
660 661 -0.558024
660 670 -0.495394
660 760 -0.246650
661 662 0.771411
661 671 1.589911
661 761 1.616323
662 663 0.363109
662 672 0.825027
662 762 2.454513
663 664 -2.497817
663 673 0.566692
663 763 -0.770053
664 665 -0.991427
664 674 1.672764
664 764 -0.827050
665 666 -0.240445
665 675 0.143659
665 765 -0.354181
666 667 1.107875
666 676 0.199663
666 766 -0.447209
667 668 -1.847761
667 677 -1.575161
667 767 -0.770176
668 669 -0.986135
668 678 -0.890249
668 768 -1.425528
669 660 0.031784
669 679 0.767815
669 769 -0.876411
670 671 -2.091630
670 680 -0.540234
670 770 1.073172
671 672 1.118019
671 681 0.962710
671 771 1.600953
672 673 0.630633
672 682 0.459976
672 772 0.247457
673 674 -0.864676
673 683 1.534902
673 773 -0.033464
674 675 0.523541
674 684 -0.302036
674 774 -1.418620
675 676 0.517555
675 685 -0.949793
675 775 -1.062773
676 677 2.049117
676 686 -1.221444
676 776 -0.365453
677 678 0.065398
677 687 -0.908509
677 777 -0.403011
678 679 0.738309
678 688 0.317173
678 778 -0.269535
679 670 -0.102712
679 689 1.807985
679 779 2.272837
680 681 0.390091
680 690 0.781734
680 780 0.649196
681 682 0.058490
681 691 1.213107
681 781 -1.548797
682 683 -0.303860
682 692 0.561393
682 782 -0.188516
683 684 -0.691737
683 693 1.207618
683 783 1.040226
684 685 -1.086220
684 694 -0.339634
684 784 1.082546
685 686 1.814699
685 695 1.477340
685 785 0.339082
686 687 -0.650912
686 696 -0.590794
686 786 -0.043097
687 688 -0.771187
687 697 0.398784
687 787 1.607229
688 689 -0.599856
688 698 -0.936154
688 788 -0.909551
689 680 -1.981254
689 699 -0.712640
689 789 -1.710341
690 691 0.956746
690 600 -0.897943
690 790 1.149434
691 692 0.991615
691 601 -0.242729
691 791 -0.399415
692 693 2.500890
692 602 -0.754575
692 792 1.028925
693 694 -0.377753
693 603 2.041072
693 793 1.376061
694 695 1.821328
694 604 -0.989522
694 794 1.894977
695 696 -1.965605
695 605 -0.142486
695 795 0.026746
696 697 0.322315
696 606 1.072981
696 796 1.024360
697 698 0.510446
697 607 0.425439
697 797 2.037015
698 699 -0.822402
698 608 -0.513702
698 798 0.346306
699 690 -2.036730
699 609 0.511009
699 799 2.175034
700 701 0.264558
700 710 -0.168920
700 800 1.095597
701 702 -0.043837
701 711 0.680262
701 801 -0.672446
702 703 0.256868
702 712 -0.618148
702 802 1.092696
703 704 -0.798149
703 713 -0.660525
703 803 -2.122427
704 705 -1.683923
704 714 0.801938
704 804 -0.594785
705 706 -0.300060
705 715 1.290000
705 805 2.154352
706 707 -0.219357
706 716 -0.906728
706 806 0.699749
707 708 0.874930
707 717 -1.078304
707 807 -0.596164
708 709 0.902833
708 718 1.191349
708 808 -0.155729
709 700 -0.539526
709 719 1.019915
709 809 -1.234191
710 711 0.809114
710 720 -0.256928
710 810 0.398281
711 712 -0.122465
711 721 -0.005971
711 811 0.494896
712 713 -0.855134
712 722 -0.038067
712 812 1.085875
713 714 -0.984032
713 723 0.152045
713 813 1.056615
714 715 1.688787
714 724 0.740452
714 814 0.022794
715 716 0.125782
715 725 0.446886
715 815 2.896652
716 717 -0.995002
716 726 0.420916
716 816 0.765251
717 718 -0.187988
717 727 -1.273473
717 817 1.961297
718 719 -0.327055
718 728 0.341091
718 818 -0.616793
719 710 -0.278627
719 729 0.745718
719 819 -0.467486
720 721 0.273769
720 730 -1.212046
720 820 0.797904
721 722 1.726978
721 731 -0.275138
721 821 -1.054807
722 723 -0.478352
722 732 -0.649082
722 822 -1.136918
723 724 -0.541518
723 733 1.507431
723 823 2.270510
724 725 0.614607
724 734 -0.900590
724 824 0.526730
725 726 0.505404
725 735 -1.373329
725 825 -0.354558
726 727 -0.774948
726 736 0.551896
726 826 -0.667175
727 728 0.109032
727 737 -0.329678
727 827 0.759678
728 729 0.221628
728 738 0.960890
728 828 -0.905989
729 720 1.256688
729 739 -2.055710
729 829 -3.168309
730 731 1.192488
730 740 -1.988262
730 830 -0.170921
731 732 0.253182
731 741 1.294032
731 831 -1.736942
732 733 0.871748
732 742 0.766723
732 832 -0.188471
733 734 -0.923904
733 743 0.123582
733 833 -0.099576
734 735 -0.815999
734 744 -1.080038
734 834 -0.961796
735 736 0.966916
735 745 0.635725
735 835 0.554375
736 737 0.666045
736 746 -0.192651
736 836 -1.147041
737 738 0.232095
737 747 -0.526041
737 837 -0.350157
738 739 -0.332555
738 748 2.094964
738 838 -1.002892
739 730 0.719758
739 749 1.375450
739 839 1.155865
740 741 -1.228576
740 750 -1.895671
740 840 2.769465
741 742 0.097869
741 751 0.591255
741 841 -1.182680
742 743 0.989657
742 752 -0.722974
742 842 -2.395891
743 744 -0.110013
743 753 -1.145834
743 843 0.182420
744 745 0.421959
744 754 -0.799929
744 844 0.232169
745 746 -0.955133
745 755 0.272439
745 845 0.070159
746 747 0.558782
746 756 -0.018333
746 846 -1.540974
747 748 -0.858017
747 757 -0.685531
747 847 0.710579
748 749 0.460981
748 758 1.391921
748 848 0.803106
749 740 -1.814849
749 759 -0.644383
749 849 -0.859036
750 751 0.537131
750 760 -0.567923
750 850 -0.460562
751 752 0.031542
751 761 -0.935246
751 851 -1.008709
752 753 -1.272239
752 762 -0.127381
752 852 -0.859057
753 754 0.111981
753 763 -0.074937
753 853 0.987147
754 755 2.262979
754 764 -0.018203
754 854 -0.411808
755 756 -0.218536
755 765 -0.675474
755 855 -1.793034
756 757 -1.020670
756 766 -0.508648
756 856 0.416181
757 758 0.698426
757 767 0.089793
757 857 0.680874
758 759 -1.252328
758 768 -2.100975
758 858 0.798690
759 750 0.337261
759 769 0.041517
759 859 -0.837265
760 761 1.704481
760 770 -0.674404
760 860 0.363464
761 762 -0.248740
761 771 1.521895
761 861 0.251103
762 763 -0.927792
762 772 -0.927797
762 862 0.289854
763 764 0.525226
763 773 1.708341
763 863 -0.839655
764 765 -1.390658
764 774 -0.534942
764 864 -1.262799
765 766 0.025003
765 775 -0.122682
765 865 -0.308114
766 767 -0.701491
766 776 2.755568
766 866 -2.061627
767 768 -1.034952
767 777 0.770692
767 867 0.712216
768 769 -1.086829
768 778 -0.512345
768 868 2.425280
769 760 -2.075460
769 779 -0.387486
769 869 -0.330012
770 771 -0.748392
770 780 -0.097469
770 870 0.675757
771 772 3.934744
771 781 -0.222079
771 871 -0.017750
772 773 0.054897
772 782 0.849126
772 872 1.241732
773 774 0.856259
773 783 0.366003
773 873 -0.647141
774 775 0.759019
774 784 -0.451728
774 874 -0.166837
775 776 -1.304431
775 785 0.027685
775 875 -2.428298
776 777 -1.428268
776 786 -0.454051
776 876 -0.537525
777 778 0.115644
777 787 -0.982200
777 877 -0.369788
778 779 1.256593
778 788 1.692086
778 878 -0.857883
779 770 0.278315
779 789 0.101214
779 879 -2.556081
780 781 1.270004
780 790 1.333284
780 880 -0.735078
781 782 -0.245128
781 791 -0.680139
781 881 -0.949438
782 783 -0.748736
782 792 -0.167830
782 882 0.596909
783 784 0.619101
783 793 1.073696
783 883 0.281619
784 785 1.012198
784 794 -1.867900
784 884 1.820821
785 786 0.225512
785 795 2.331633
785 885 -0.538367
786 787 1.293554
786 796 1.310341
786 886 -1.884714
787 788 -0.542641
787 797 0.903317
787 887 -1.278931
788 789 0.004162
788 798 -0.895716
788 888 -0.399227
789 780 -0.401062
789 799 1.027288
789 889 0.172555
790 791 0.793098
790 700 0.364862
790 890 0.808706
791 792 0.474612
791 701 0.930888
791 891 -2.016037
792 793 0.182003
792 702 0.121710
792 892 -0.530077
793 794 -0.760701
793 703 0.184962
793 893 -0.509119
794 795 -0.228186
794 704 0.496343
794 894 0.182300
795 796 -0.501990
795 705 -0.974659
795 895 -1.323013
796 797 -0.047054
796 706 -0.751489
796 896 -1.184142
797 798 0.475508
797 707 1.118830
797 897 -0.295090
798 799 -1.837021
798 708 -0.546131
798 898 0.656421
799 790 -1.152054
799 709 0.236477
799 899 -0.502697
800 801 -1.672572
800 810 -1.432458
800 900 0.719113
801 802 0.368852
801 811 0.401015
801 901 -0.902531
802 803 0.241305
802 812 -0.773048
802 902 0.275743
803 804 -0.039896
803 813 0.045633
803 903 -1.000427
804 805 -0.393089
804 814 -0.246456
804 904 0.577954
805 806 -2.153795
805 815 -0.221052
805 905 -1.105475
806 807 -2.421247
806 816 0.054518
806 906 -0.603785
807 808 -1.140546
807 817 0.647618
807 907 0.540675
808 809 0.654850
808 818 -0.636325
808 908 0.716471
809 800 -1.064336
809 819 -0.398099
809 909 0.385673
810 811 -0.141642
810 820 1.565673
810 910 1.269593
811 812 1.148707
811 821 0.439772
811 911 1.019514
812 813 -0.951922
812 822 -1.438776
812 912 0.171813
813 814 -0.192578
813 823 0.159515
813 913 -1.293174
814 815 0.751728
814 824 -2.281259
814 914 -0.037687
815 816 -0.782900
815 825 -0.451658
815 915 -0.192754
816 817 -0.029060
816 826 0.851771
816 916 0.925916
817 818 0.504404
817 827 -0.577004
817 917 -0.364262
818 819 2.289635
818 828 -0.618963
818 918 -2.361388
819 810 0.716816
819 829 0.924496
819 919 0.905444
820 821 -0.804177
820 830 0.361456
820 920 -0.301899
821 822 -0.188579
821 831 0.498167
821 921 -0.425020
822 823 -0.213186
822 832 0.154610
822 922 0.155788
823 824 -1.061694
823 833 0.034613
823 923 0.402117
824 825 -1.990460
824 834 0.965230
824 924 1.276384
825 826 -0.174286
825 835 -0.033771
825 925 1.238689
826 827 0.057520
826 836 -0.809265
826 926 1.859674
827 828 -1.017576
827 837 -1.626133
827 927 -0.592078
828 829 -0.787538
828 838 -0.139381
828 928 0.128277
829 820 -0.968667
829 839 0.053237
829 929 -1.829965
830 831 0.538451
830 840 0.360120
830 930 0.606999
831 832 0.731485
831 841 -0.446215
831 931 -0.943963
832 833 0.398756
832 842 0.948930
832 932 1.995900
833 834 -1.555872
833 843 1.646400
833 933 1.933053
834 835 0.367578
834 844 -1.658621
834 934 -0.251329
835 836 -0.705962
835 845 -0.339768
835 935 0.457624
836 837 -0.488717
836 846 -0.784799
836 936 -0.886143
837 838 0.092984
837 847 1.209727
837 937 -0.363185
838 839 -0.487403
838 848 1.126730
838 938 1.073167
839 830 -0.105121
839 849 -0.944564
839 939 -0.474859
840 841 -1.304457
840 850 -0.421353
840 940 0.612958
841 842 0.053957
841 851 1.560265
841 941 -0.057055
842 843 1.427289
842 852 -0.547263
842 942 1.873387
843 844 -1.044345
843 853 -0.054965
843 943 -1.108238
844 845 1.200275
844 854 -0.134927
844 944 -0.438885
845 846 -0.112092
845 855 -1.703574
845 945 0.821615
846 847 3.439042
846 856 -1.107032
846 946 -0.401622
847 848 -0.152787
847 857 -2.196505
847 947 0.694067
848 849 -0.279064
848 858 -0.535575
848 948 -0.755987
849 840 -0.718846
849 859 0.257701
849 949 0.448551
850 851 0.002829
850 860 1.489823
850 950 0.062182
851 852 -0.704764
851 861 -0.760507
851 951 0.574334
852 853 -0.582137
852 862 0.596001
852 952 0.534069
853 854 0.485297
853 863 0.631996
853 953 -0.171347
854 855 0.285040
854 864 0.438841
854 954 -1.235411
855 856 -1.000527
855 865 0.091370
855 955 -0.453530
856 857 -0.725747
856 866 -0.029251
856 956 -1.422340
857 858 -1.704520
857 867 0.255820
857 957 -0.397701
858 859 -1.602646
858 868 1.203009
858 958 -1.307428
859 850 -0.627655
859 869 0.407235
859 959 0.822544
860 861 0.782064
860 870 1.691029
860 960 -0.476816
861 862 0.051594
861 871 0.849845
861 961 0.532451
862 863 -1.317992
862 872 1.405210
862 962 -1.407506
863 864 0.755612
863 873 0.986724
863 963 -1.158713
864 865 0.266463
864 874 0.260964
864 964 0.519866
865 866 -0.525403
865 875 -1.157202
865 965 0.320404
866 867 1.161239
866 876 0.856001
866 966 -1.442110
867 868 -0.679711
867 877 0.537343
867 967 0.392358
868 869 -0.084469
868 878 -0.602745
868 968 -1.092313
869 860 -1.095941
869 879 -1.201648
869 969 0.312735
870 871 0.958335
870 880 0.458316
870 970 0.309271
871 872 0.196730
871 881 -0.616493
871 971 0.054974
872 873 -0.542521
872 882 0.460932
872 972 2.725352
873 874 0.933710
873 883 0.542282
873 973 -0.243482
874 875 0.326542
874 884 -0.256500
874 974 -1.356881
875 876 1.022323
875 885 -1.650853
875 975 -0.545448
876 877 0.875162
876 886 -1.555401
876 976 -0.585925
877 878 0.722233
877 887 -0.591604
877 977 2.050813
878 879 0.815870
878 888 0.204163
878 978 0.933272
879 870 0.273532
879 889 -0.355021
879 979 -0.247026
880 881 -0.714399
880 890 -0.495457
880 980 -0.547174
881 882 0.574705
881 891 1.357248
881 981 0.652156
882 883 -0.363974
882 892 -1.283645
882 982 0.408415
883 884 -1.066850
883 893 1.019654
883 983 -1.518581
884 885 1.698433
884 894 -0.815286
884 984 -0.122437
885 886 0.463012
885 895 -1.043904
885 985 -0.387578
886 887 2.077280
886 896 -0.507881
886 986 0.529507
887 888 -0.526939
887 897 1.576387
887 987 -1.454749
888 889 0.749875
888 898 0.135242
888 988 -0.405633
889 880 1.674726
889 899 0.704501
889 989 0.096947
890 891 -1.439178
890 800 0.235321
890 990 2.062565
891 892 0.326260
891 801 0.014790
891 991 -0.609744
892 893 1.265100
892 802 -1.743670
892 992 -0.161413
893 894 0.783736
893 803 -1.923356
893 993 -1.164043
894 895 -0.608180
894 804 2.466896
894 994 -0.150758
895 896 -0.401536
895 805 0.596065
895 995 0.641877
896 897 -0.255551
896 806 1.742922
896 996 -0.518042
897 898 -1.115705
897 807 2.486459
897 997 -0.038309
898 899 -0.242855
898 808 -0.182460
898 998 0.958012
899 890 0.333458
899 809 1.267260
899 999 1.440177
900 901 -0.254626
900 910 -0.500091
900 0 1.050992
901 902 0.966771
901 911 0.399226
901 1 -0.733102
902 903 0.411142
902 912 0.191158
902 2 0.821541
903 904 0.539885
903 913 0.533079
903 3 -0.826646
904 905 0.407339
904 914 -0.475109
904 4 1.494470
905 906 -2.122357
905 915 -0.819801
905 5 1.006469
906 907 0.842335
906 916 -0.162370
906 6 -0.286753
907 908 -1.226098
907 917 -1.571096
907 7 0.436843
908 909 0.916061
908 918 -0.584032
908 8 0.577649
909 900 0.878767
909 919 0.971321
909 9 0.002869
910 911 0.053043
910 920 -1.115637
910 10 -0.575227
911 912 1.364481
911 921 2.601707
911 11 0.360101
912 913 0.281578
912 922 -1.620882
912 12 -1.457645
913 914 -0.380967
913 923 -1.700861
913 13 -1.152572
914 915 2.159707
914 924 0.740800
914 14 0.439021
915 916 -1.058936
915 925 -1.753563
915 15 0.022840
916 917 -1.296761
916 926 0.986326
916 16 0.148596
917 918 0.249181
917 927 0.332470
917 17 -0.392513
918 919 0.140826
918 928 -0.865338
918 18 0.641292
919 910 -0.366109
919 929 0.707040
919 19 -1.504176
920 921 -2.285042
920 930 0.125468
920 20 1.671627
921 922 0.939436
921 931 -0.409918
921 21 -0.965841
922 923 0.323436
922 932 1.333395
922 22 -1.004457
923 924 0.538550
923 933 0.788810
923 23 -0.039140
924 925 1.647163
924 934 1.312756
924 24 0.981610
925 926 0.968654
925 935 -2.924334
925 25 -0.035864
926 927 -1.257657
926 936 0.258246
926 26 -0.130324
927 928 -0.031801
927 937 0.645133
927 27 -0.306685
928 929 1.070156
928 938 -0.748977
928 28 1.654375
929 920 0.205732
929 939 0.020154
929 29 -0.392117
930 931 -1.270472
930 940 0.814294
930 30 -1.332810
931 932 -0.557738
931 941 0.246746
931 31 0.312790
932 933 0.491451
932 942 -0.082675
932 32 1.076156
933 934 0.447471
933 943 0.656319
933 33 0.673335
934 935 -0.411741
934 944 -1.395116
934 34 1.037938
935 936 -1.704267
935 945 1.075325
935 35 -0.066953
936 937 1.064600
936 946 1.395607
936 36 0.695581
937 938 -0.956986
937 947 -0.574967
937 37 1.165875
938 939 0.064683
938 948 0.595079
938 38 1.030475
939 930 0.862233
939 949 0.268212
939 39 -0.031452
940 941 0.914179
940 950 0.915002
940 40 -1.041393
941 942 -0.051248
941 951 -0.402279
941 41 -0.075060
942 943 0.596508
942 952 -0.847711
942 42 -0.613068
943 944 -0.078946
943 953 -0.605160
943 43 1.602100
944 945 -0.163631
944 954 0.497935
944 44 -0.835638
945 946 0.557398
945 955 1.166285
945 45 -0.827340
946 947 0.741277
946 956 -0.853914
946 46 -0.229721
947 948 1.214848
947 957 -0.338682
947 47 0.813384
948 949 -2.000440
948 958 -0.589992
948 48 0.152678
949 940 0.813627
949 959 -1.812628
949 49 -2.150784
950 951 -0.902773
950 960 -0.827144
950 50 -0.318918
951 952 -1.211889
951 961 0.131902
951 51 -0.643109
952 953 0.187967
952 962 0.221858
952 52 0.631043
953 954 1.173786
953 963 -1.199146
953 53 -0.973690
954 955 -1.635098
954 964 1.672743
954 54 -1.831307
955 956 0.032061
955 965 -0.563379
955 55 0.937981
956 957 0.770751
956 966 -0.135999
956 56 -0.830691
957 958 -0.557855
957 967 -0.276184
957 57 -0.703912
958 959 0.819515
958 968 -0.799803
958 58 0.072624
959 950 -0.137077
959 969 -0.705371
959 59 -1.096541
960 961 -1.410167
960 970 1.365876
960 60 -1.576766
961 962 0.410702
961 971 1.853536
961 61 -1.187082
962 963 -0.228572
962 972 -0.724727
962 62 -0.651105
963 964 0.440232
963 973 -0.109915
963 63 -1.084086
964 965 0.055284
964 974 -0.398400
964 64 -0.323029
965 966 -1.049540
965 975 -0.353335
965 65 -0.602851
966 967 -0.587912
966 976 0.533719
966 66 -1.608164
967 968 -1.324749
967 977 0.527024
967 67 0.048752
968 969 0.982831
968 978 -0.583121
968 68 0.518025
969 960 0.996125
969 979 -0.140588
969 69 0.401573
970 971 0.172615
970 980 -0.593352
970 70 -1.795466
971 972 -0.836832
971 981 0.655451
971 71 1.957504
972 973 -1.480088
972 982 -1.113447
972 72 1.096683
973 974 -0.174106
973 983 -0.992859
973 73 1.261055
974 975 -1.583386
974 984 0.220707
974 74 -1.052134
975 976 -2.616425
975 985 -0.554490
975 75 0.823099
976 977 -0.395174
976 986 -0.827863
976 76 0.225569
977 978 -2.046881
977 987 -1.397808
977 77 -1.489034
978 979 -0.470578
978 988 0.625706
978 78 -0.873126
979 970 0.544445
979 989 0.263365
979 79 -2.273259
980 981 0.047050
980 990 -0.114938
980 80 2.815588
981 982 0.327816
981 991 -0.092987
981 81 1.397969
982 983 -0.306811
982 992 0.138912
982 82 0.192055
983 984 0.097107
983 993 -0.778645
983 83 -0.306386
984 985 0.680315
984 994 0.537107
984 84 0.924615
985 986 -0.544706
985 995 -0.123777
985 85 -1.437131
986 987 -0.971212
986 996 0.151550
986 86 0.222977
987 988 -0.860951
987 997 0.174186
987 87 -0.121596
988 989 -0.591756
988 998 -0.055289
988 88 1.525468
989 980 0.920301
989 999 0.795794
989 89 0.893322
990 991 -1.759419
990 900 -0.528698
990 90 -1.454034
991 992 -1.759197
991 901 0.934159
991 91 -0.681488
992 993 0.615240
992 902 1.670186
992 92 0.743534
993 994 1.294716
993 903 0.372679
993 93 -0.151681
994 995 -0.960855
994 904 -1.505229
994 94 0.194737
995 996 0.916483
995 905 1.624055
995 95 -1.343232
996 997 0.260731
996 906 -0.469693
996 96 0.871921
997 998 0.087813
997 907 0.291655
997 97 0.416476
998 999 -0.877447
998 908 -0.731771
998 98 0.232530
999 990 2.694488
999 909 0.173049
999 99 0.542881
