0 1 0.001765
0 10 0.244406
0 100 -0.805335
1 2 -0.760468
1 11 -0.484470
1 101 0.902078
2 3 2.059845
2 12 -0.305568
2 102 -1.614105
3 4 0.451097
3 13 -0.930437
3 103 1.101276
4 5 1.105619
4 14 1.095633
4 104 -0.134980
5 6 0.762183
5 15 1.193661
5 105 -1.507566
6 7 -0.664117
6 16 0.394133
6 106 -1.653505
7 8 -0.684293
7 17 0.457247
7 107 2.202202
8 9 -2.071088
8 18 0.146548
8 108 -1.045139
9 0 -0.449091
9 19 -0.356190
9 109 -0.885130
10 11 0.957546
10 20 0.979922
10 110 -0.973761
11 12 -1.455078
11 21 0.716728
11 111 0.432448
12 13 -2.050351
12 22 0.584093
12 112 0.370897
13 14 1.269140
13 23 1.618294
13 113 0.980103
14 15 0.525847
14 24 0.017041
14 114 -1.553050
15 16 0.343341
15 25 0.211560
15 115 -0.063788
16 17 0.500562
16 26 -0.388795
16 116 -1.387062
17 18 0.904575
17 27 1.123794
17 117 -0.114386
18 19 -0.323193
18 28 2.199575
18 118 -1.426991
19 10 0.648302
19 29 -0.384451
19 119 -0.356801
20 21 -0.611195
20 30 -0.294272
20 120 1.742555
21 22 -1.285349
21 31 -0.212061
21 121 -0.550783
22 23 -0.800964
22 32 0.106282
22 122 -0.558480
23 24 2.536824
23 33 0.695299
23 123 1.274510
24 25 -0.311980
24 34 -0.814079
24 124 -0.387390
25 26 0.725035
25 35 -1.587168
25 125 0.529117
26 27 0.130195
26 36 -1.116792
26 126 0.423666
27 28 1.009424
27 37 -1.007936
27 127 0.842006
28 29 -1.132252
28 38 1.325290
28 128 0.699305
29 20 -2.157673
29 39 -0.076335
29 129 0.805956
30 31 0.786102
30 40 0.456772
30 130 0.178707
31 32 -0.920361
31 41 0.805873
31 131 1.308137
32 33 1.102081
32 42 0.026720
32 132 -0.086811
33 34 -1.095050
33 43 0.418013
33 133 -1.475452
34 35 -0.205968
34 44 1.256291
34 134 0.468704
35 36 0.531253
35 45 0.007081
35 135 0.546151
36 37 -0.013013
36 46 -0.926039
36 136 0.630970
37 38 -0.182684
37 47 -2.007115
37 137 0.641026
38 39 -0.751828
38 48 -1.928494
38 138 2.520939
39 30 0.112539
39 49 -1.114586
39 139 0.847214
40 41 0.561860
40 50 -0.315871
40 140 1.752899
41 42 -0.284912
41 51 -0.937722
41 141 0.190826
42 43 1.112120
42 52 -0.499134
42 142 1.512711
43 44 -1.098167
43 53 0.963346
43 143 -0.460630
44 45 0.925986
44 54 -0.132964
44 144 -0.428805
45 46 2.771460
45 55 1.884876
45 145 0.544787
46 47 -1.042901
46 56 -0.478125
46 146 0.731702
47 48 0.930845
47 57 -2.173120
47 147 0.321001
48 49 0.394136
48 58 -0.177546
48 148 -0.288583
49 40 -0.025831
49 59 -0.215609
49 149 -0.136255
50 51 0.993393
50 60 -0.349046
50 150 -1.684975
51 52 1.704998
51 61 1.448259
51 151 -0.787775
52 53 -0.401857
52 62 -0.070132
52 152 -0.665224
53 54 0.237925
53 63 -1.692959
53 153 0.481806
54 55 0.090318
54 64 -0.644191
54 154 1.986843
55 56 0.484520
55 65 0.754098
55 155 -0.301558
56 57 -0.551771
56 66 0.069562
56 156 -0.269236
57 58 -0.008658
57 67 -0.747344
57 157 -2.447060
58 59 -0.747660
58 68 0.051454
58 158 -1.470666
59 50 -1.175183
59 69 -1.203557
59 159 0.724978
60 61 -1.054131
60 70 -1.936786
60 160 -0.421676
61 62 -0.408101
61 71 1.152884
61 161 -0.496240
62 63 1.277105
62 72 -1.032049
62 162 1.775785
63 64 0.884078
63 73 1.081650
63 163 -0.184185
64 65 0.472466
64 74 0.082013
64 164 1.642373
65 66 1.669860
65 75 0.502437
65 165 0.853475
66 67 1.633988
66 76 -0.252341
66 166 0.184816
67 68 1.583040
67 77 0.382720
67 167 -0.518407
68 69 0.710244
68 78 -0.197814
68 168 -1.550988
69 60 -0.757950
69 79 -1.449805
69 169 -0.387783
70 71 0.147263
70 80 -0.773715
70 170 0.480718
71 72 1.088890
71 81 0.042626
71 171 -0.303219
72 73 -0.370095
72 82 -0.571770
72 172 0.040684
73 74 0.578453
73 83 0.302978
73 173 -0.863049
74 75 -0.119776
74 84 -0.395302
74 174 -1.225757
75 76 -0.926013
75 85 -1.222229
75 175 1.881372
76 77 0.886510
76 86 -0.959678
76 176 0.553345
77 78 -0.281304
77 87 -0.697905
77 177 -1.310173
78 79 0.113304
78 88 1.425807
78 178 0.292473
79 70 1.150346
79 89 -2.259142
79 179 0.097939
80 81 -1.044846
80 90 0.279381
80 180 -1.052521
81 82 1.526813
81 91 -0.160711
81 181 -0.736768
82 83 1.396091
82 92 1.326826
82 182 0.998915
83 84 -1.344953
83 93 -0.584283
83 183 -1.724959
84 85 -0.129769
84 94 1.390008
84 184 -1.687365
85 86 1.366290
85 95 0.561958
85 185 -1.142968
86 87 2.510612
86 96 -0.825631
86 186 1.109750
87 88 -0.647885
87 97 -0.237383
87 187 -0.607202
88 89 -1.384520
88 98 0.244595
88 188 -0.047092
89 80 -0.763336
89 99 -0.817610
89 189 1.834383
90 91 0.491490
90 0 -1.104157
90 190 -1.266665
91 92 -1.245001
91 1 0.874523
91 191 1.504660
92 93 0.202146
92 2 0.830660
92 192 0.065743
93 94 1.231884
93 3 -0.405433
93 193 0.595009
94 95 -0.057246
94 4 1.330651
94 194 0.299367
95 96 -0.678306
95 5 0.151458
95 195 0.830354
96 97 -0.786932
96 6 -1.006071
96 196 -0.526678
97 98 0.851910
97 7 -0.313062
97 197 0.557755
98 99 -1.074213
98 8 -0.644187
98 198 -0.459109
99 90 1.376557
99 9 -0.532752
99 199 1.459273
100 101 2.038940
100 110 -0.871685
100 200 -1.015336
101 102 -1.510809
101 111 0.121555
101 201 -0.036167
102 103 -2.008161
102 112 0.971432
102 202 1.866075
103 104 -0.539256
103 113 0.335738
103 203 0.391327
104 105 -0.786017
104 114 1.773679
104 204 -0.079027
105 106 -1.446905
105 115 -1.401598
105 205 -0.818467
106 107 0.111522
106 116 -0.437480
106 206 -0.721109
107 108 1.102930
107 117 -0.917400
107 207 -0.126953
108 109 -0.029801
108 118 1.504108
108 208 -1.210603
109 100 1.196252
109 119 -0.726893
109 209 0.326306
110 111 1.971653
110 120 -0.149199
110 210 -0.602558
111 112 -0.810711
111 121 0.863073
111 211 -0.739576
112 113 -0.551797
112 122 0.465927
112 212 0.438827
113 114 -0.339515
113 123 -0.991959
113 213 -0.036458
114 115 0.394414
114 124 0.040366
114 214 1.446040
115 116 -1.294130
115 125 2.224654
115 215 -0.340082
116 117 3.864842
116 126 -1.642887
116 216 0.555209
117 118 -0.071920
117 127 2.288052
117 217 1.517086
118 119 -1.549480
118 128 0.786682
118 218 1.093381
119 110 1.184711
119 129 0.355325
119 219 1.630838
120 121 -0.036827
120 130 0.472031
120 220 -1.533089
121 122 0.233973
121 131 0.589795
121 221 -1.281920
122 123 -0.444030
122 132 0.689530
122 222 -0.041926
123 124 0.560851
123 133 0.495119
123 223 0.764798
124 125 0.919975
124 134 0.251932
124 224 1.097295
125 126 -0.831826
125 135 -0.709265
125 225 -1.305447
126 127 -0.874516
126 136 0.013927
126 226 0.638723
127 128 1.562641
127 137 -0.264740
127 227 -0.865114
128 129 -0.617072
128 138 -0.499293
128 228 0.503168
129 120 0.347396
129 139 -0.042593
129 229 1.259983
130 131 -1.765215
130 140 -0.070968
130 230 -0.009920
131 132 0.924101
131 141 -1.245082
131 231 -0.007811
132 133 -0.460249
132 142 -0.341250
132 232 -0.829897
133 134 0.166395
133 143 -0.553286
133 233 1.829667
134 135 0.134625
134 144 0.318665
134 234 1.385092
135 136 -0.653135
135 145 -0.162271
135 235 -1.471510
136 137 0.495623
136 146 -2.096681
136 236 0.226325
137 138 0.182003
137 147 -1.256588
137 237 -1.244490
138 139 0.160606
138 148 0.954275
138 238 -0.045662
139 130 0.851022
139 149 0.385481
139 239 -1.013885
140 141 0.973780
140 150 -1.188636
140 240 -0.595042
141 142 -1.583720
141 151 1.617519
141 241 -1.985859
142 143 -0.872221
142 152 -0.322809
142 242 0.746466
143 144 -1.107581
143 153 -1.694202
143 243 -0.247284
144 145 0.689539
144 154 -0.192865
144 244 -0.621430
145 146 1.051824
145 155 -0.873548
145 245 -1.335363
146 147 -0.593954
146 156 -1.142421
146 246 -0.459377
147 148 -0.802530
147 157 1.292064
147 247 0.294796
148 149 0.008093
148 158 -1.184721
148 248 -1.217314
149 140 -1.869594
149 159 -0.721427
149 249 0.436952
150 151 -0.103983
150 160 1.237746
150 250 0.247386
151 152 -0.223959
151 161 -1.736545
151 251 0.394918
152 153 0.912902
152 162 1.001433
152 252 -0.399178
153 154 0.808186
153 163 1.415494
153 253 -0.868004
154 155 1.720806
154 164 0.137288
154 254 1.624627
155 156 -0.659879
155 165 -0.432463
155 255 -1.139997
156 157 -0.124707
156 166 -0.196822
156 256 -2.646710
157 158 0.058924
157 167 1.123007
157 257 -0.953374
158 159 1.209440
158 168 -0.326674
158 258 -0.055752
159 150 0.655224
159 169 -0.734121
159 259 1.014825
160 161 -0.784911
160 170 0.240244
160 260 0.394129
161 162 -0.352445
161 171 -0.326397
161 261 0.038414
162 163 -1.678631
162 172 0.353134
162 262 -0.699858
163 164 0.333226
163 173 -0.670207
163 263 -0.118553
164 165 1.589749
164 174 -1.901379
164 264 0.336121
165 166 -0.019376
165 175 -0.534615
165 265 -0.110889
166 167 0.487436
166 176 -3.182592
166 266 1.692192
167 168 0.330761
167 177 -1.938928
167 267 0.098763
168 169 1.292740
168 178 -0.050912
168 268 -0.259079
169 160 -1.353589
169 179 -0.750773
169 269 -0.617825
170 171 1.325506
170 180 -1.247633
170 270 1.140384
171 172 2.267308
171 181 0.187938
171 271 -1.072733
172 173 0.455210
172 182 1.384036
172 272 0.282173
173 174 -0.509399
173 183 -0.751853
173 273 1.510220
174 175 -0.356194
174 184 0.807230
174 274 -2.630892
175 176 2.299033
175 185 -0.024326
175 275 -0.925097
176 177 -0.567932
176 186 -1.594894
176 276 -0.684112
177 178 -0.983487
177 187 1.946602
177 277 -0.073651
178 179 -0.041499
178 188 -0.822335
178 278 -1.016587
179 170 -1.337425
179 189 0.260572
179 279 -0.730848
180 181 -0.254912
180 190 -0.360678
180 280 -1.159795
181 182 -1.488229
181 191 -0.635239
181 281 0.882253
182 183 -0.876063
182 192 -1.421652
182 282 -0.537262
183 184 -0.537557
183 193 1.462502
183 283 0.617777
184 185 -1.574017
184 194 0.775738
184 284 0.967102
185 186 0.890569
185 195 -1.308540
185 285 -1.648295
186 187 1.124349
186 196 -0.814114
186 286 -0.467365
187 188 -0.530199
187 197 0.879849
187 287 1.990512
188 189 0.475094
188 198 -0.565974
188 288 -0.542673
189 180 0.362199
189 199 1.985696
189 289 -0.677812
190 191 0.259253
190 100 0.631416
190 290 0.270702
191 192 0.024083
191 101 -0.989558
191 291 0.219650
192 193 0.672855
192 102 0.907646
192 292 -0.222649
193 194 0.586674
193 103 -0.185568
193 293 -1.326670
194 195 0.600549
194 104 0.026636
194 294 0.553342
195 196 0.014040
195 105 1.259983
195 295 0.044785
196 197 -0.141106
196 106 0.829815
196 296 -0.704296
197 198 -0.007542
197 107 0.868536
197 297 0.451322
198 199 -0.542610
198 108 1.579127
198 298 1.071607
199 190 0.783607
199 109 1.373984
199 299 -0.335942
200 201 -0.768643
200 210 -0.645250
200 300 0.337822
201 202 -0.176183
201 211 0.809716
201 301 -1.635102
202 203 -0.348604
202 212 1.359147
202 302 -0.304625
203 204 0.954922
203 213 -1.300659
203 303 1.123537
204 205 0.103952
204 214 -0.135024
204 304 0.953853
205 206 0.843229
205 215 -0.784802
205 305 1.814282
206 207 0.995377
206 216 -1.002643
206 306 -2.188653
207 208 -1.083423
207 217 -0.146730
207 307 -1.303781
208 209 0.673988
208 218 1.188062
208 308 -1.596670
209 200 0.397252
209 219 -0.271887
209 309 0.127026
210 211 0.360550
210 220 -0.216511
210 310 0.921574
211 212 0.548132
211 221 -0.453361
211 311 -0.700226
212 213 1.242064
212 222 -0.174771
212 312 -0.601443
213 214 -1.070402
213 223 -0.596302
213 313 -2.358683
214 215 -0.962378
214 224 0.468188
214 314 0.453854
215 216 -1.028187
215 225 0.651193
215 315 -0.423681
216 217 1.772351
216 226 -0.272875
216 316 -0.219415
217 218 0.461399
217 227 -0.741125
217 317 1.154343
218 219 -0.480407
218 228 -0.409567
218 318 0.131674
219 210 0.722315
219 229 -0.252798
219 319 0.098464
220 221 -1.623996
220 230 0.105464
220 320 -0.711950
221 222 -1.194452
221 231 0.497168
221 321 0.965844
222 223 0.764481
222 232 0.946651
222 322 0.262904
223 224 -1.324485
223 233 -0.339820
223 323 -0.159397
224 225 0.199720
224 234 -0.062662
224 324 -1.593488
225 226 0.001977
225 235 -0.542021
225 325 -0.086301
226 227 0.056994
226 236 0.301432
226 326 0.049725
227 228 1.319298
227 237 1.852416
227 327 2.461410
228 229 0.450130
228 238 1.243240
228 328 0.856926
229 220 -0.581057
229 239 0.690942
229 329 1.886291
230 231 -0.353284
230 240 0.626352
230 330 0.225639
231 232 -2.568369
231 241 -0.885971
231 331 -0.968229
232 233 -0.732145
232 242 -0.670800
232 332 0.339665
233 234 -1.315298
233 243 -1.680533
233 333 0.930060
234 235 -1.471174
234 244 -0.234162
234 334 0.739691
235 236 0.931842
235 245 0.328077
235 335 0.500419
236 237 -0.516525
236 246 -0.769671
236 336 0.782400
237 238 1.078849
237 247 -1.439073
237 337 -3.442618
238 239 -1.996786
238 248 0.999305
238 338 -2.994520
239 230 1.719495
239 249 -1.988874
239 339 -0.950361
240 241 -0.452377
240 250 0.007513
240 340 0.524765
241 242 0.091107
241 251 -0.711113
241 341 0.915267
242 243 0.215222
242 252 0.791043
242 342 -0.435998
243 244 0.609197
243 253 -1.313925
243 343 -0.620481
244 245 -0.175491
244 254 -0.927644
244 344 0.452469
245 246 0.273163
245 255 0.606931
245 345 -0.237410
246 247 -0.923232
246 256 0.409389
246 346 0.715105
247 248 -0.182630
247 257 0.720230
247 347 0.564068
248 249 0.826378
248 258 -0.144210
248 348 1.198514
249 240 -0.833350
249 259 -1.418056
249 349 -1.051856
250 251 -1.091316
250 260 0.233736
250 350 -0.273847
251 252 0.138305
251 261 -0.916329
251 351 -0.044828
252 253 -0.683800
252 262 1.317595
252 352 -1.638670
253 254 -0.293811
253 263 -0.234082
253 353 -0.194208
254 255 0.245895
254 264 -0.753626
254 354 0.503363
255 256 0.053753
255 265 2.676544
255 355 0.645858
256 257 0.234750
256 266 0.152657
256 356 -0.154096
257 258 -0.721601
257 267 0.905458
257 357 0.824621
258 259 1.111817
258 268 0.488680
258 358 0.959011
259 250 0.212095
259 269 -0.059549
259 359 -0.499084
260 261 -0.219078
260 270 -0.674089
260 360 0.203386
261 262 -1.693655
261 271 1.893873
261 361 0.555764
262 263 -0.648733
262 272 0.671142
262 362 0.129793
263 264 0.047929
263 273 0.704312
263 363 -0.757754
264 265 -0.374583
264 274 -0.646479
264 364 0.126164
265 266 -0.207250
265 275 0.379849
265 365 -0.447580
266 267 -0.280736
266 276 0.286585
266 366 1.888215
267 268 -0.070021
267 277 -0.110749
267 367 1.581521
268 269 -1.554088
268 278 -0.577474
268 368 -0.345359
269 260 -0.173703
269 279 -0.613136
269 369 -0.683410
270 271 -0.548497
270 280 -0.241100
270 370 -0.198019
271 272 -0.858689
271 281 -1.292361
271 371 -0.573993
272 273 0.718921
272 282 0.150165
272 372 -1.271801
273 274 -2.693932
273 283 1.270210
273 373 0.154224
274 275 0.369835
274 284 -0.617231
274 374 -0.094362
275 276 -0.903209
275 285 -0.703053
275 375 -0.695204
276 277 0.550969
276 286 0.269849
276 376 -0.316600
277 278 1.304060
277 287 0.100288
277 377 -1.912194
278 279 -0.743579
278 288 -0.027437
278 378 0.130470
279 270 -0.587398
279 289 0.912473
279 379 -0.979331
280 281 0.303332
280 290 -0.318376
280 380 0.587238
281 282 -1.326499
281 291 -0.208414
281 381 0.375937
282 283 0.024365
282 292 0.475883
282 382 0.427050
283 284 -1.150301
283 293 -0.366301
283 383 -0.821863
284 285 -1.129741
284 294 -0.284679
284 384 0.439446
285 286 0.528218
285 295 1.027425
285 385 2.404453
286 287 1.397590
286 296 0.538772
286 386 -2.201626
287 288 -1.131570
287 297 0.550772
287 387 -0.042172
288 289 -0.218361
288 298 -0.674677
288 388 -0.003987
289 280 -0.032688
289 299 -0.033069
289 389 -0.733505
290 291 -1.547719
290 200 -0.497142
290 390 1.430429
291 292 1.016037
291 201 1.525918
291 391 -1.724126
292 293 0.942589
292 202 -0.484684
292 392 -1.588845
293 294 -0.447951
293 203 1.284496
293 393 0.102931
294 295 -0.802607
294 204 0.993636
294 394 0.494053
295 296 0.622026
295 205 0.130107
295 395 -1.230710
296 297 -0.648835
296 206 0.073182
296 396 1.756484
297 298 -2.084522
297 207 -0.744167
297 397 -0.337781
298 299 -0.108172
298 208 -0.167675
298 398 -0.285397
299 290 0.040866
299 209 -2.180606
299 399 2.102729
300 301 -0.676761
300 310 0.388951
300 400 -2.107348
301 302 1.049337
301 311 -1.411317
301 401 1.036556
302 303 -1.056399
302 312 -0.025465
302 402 1.036314
303 304 0.794963
303 313 0.742007
303 403 -0.495461
304 305 1.123851
304 314 -0.973025
304 404 0.567597
305 306 -0.296295
305 315 2.117782
305 405 0.001674
306 307 -1.785910
306 316 -0.645597
306 406 0.057431
307 308 -0.052699
307 317 0.012894
307 407 0.158701
308 309 -0.960255
308 318 -0.500610
308 408 -0.323913
309 300 0.061345
309 319 -0.746114
309 409 0.522702
310 311 -1.470706
310 320 0.743797
310 410 0.885251
311 312 -0.030680
311 321 -0.206423
311 411 -0.260626
312 313 1.724707
312 322 0.211032
312 412 0.724100
313 314 0.562656
313 323 -0.391024
313 413 0.021216
314 315 -2.222713
314 324 0.811074
314 414 -1.763415
315 316 0.091392
315 325 -1.093231
315 415 -0.828786
316 317 -0.380850
316 326 -1.814013
316 416 -0.222492
317 318 -0.821411
317 327 -1.760987
317 417 0.347338
318 319 0.585683
318 328 -0.624271
318 418 1.703513
319 310 0.953620
319 329 0.139203
319 419 0.746642
320 321 -1.390578
320 330 -0.375214
320 420 -0.201315
321 322 1.035839
321 331 0.469748
321 421 -0.939218
322 323 0.556209
322 332 0.512938
322 422 -0.513019
323 324 0.580548
323 333 0.757802
323 423 0.663997
324 325 1.055805
324 334 -0.135932
324 424 0.640170
325 326 -0.943452
325 335 -1.322744
325 425 0.417010
326 327 -1.001719
326 336 -0.551869
326 426 -0.524592
327 328 -0.686101
327 337 0.744869
327 427 -0.200821
328 329 -0.835957
328 338 0.902757
328 428 -0.221100
329 320 0.053844
329 339 0.392905
329 429 0.467747
330 331 -0.339527
330 340 -0.183303
330 430 0.597663
331 332 0.047326
331 341 -0.822786
331 431 -1.098304
332 333 -0.280171
332 342 -0.106299
332 432 1.641493
333 334 1.627498
333 343 -1.285775
333 433 -0.989883
334 335 0.060297
334 344 -0.049677
334 434 -0.181294
335 336 -0.246984
335 345 -0.801424
335 435 -0.815279
336 337 -0.960738
336 346 -0.646898
336 436 -1.318900
337 338 0.228408
337 347 -0.003464
337 437 -0.000425
338 339 0.658021
338 348 0.217952
338 438 -0.640577
339 330 0.210807
339 349 -1.121747
339 439 0.507406
340 341 -0.613731
340 350 -0.723643
340 440 0.110553
341 342 -0.543432
341 351 -0.742610
341 441 0.457648
342 343 0.438852
342 352 0.421216
342 442 0.115098
343 344 0.409812
343 353 0.695939
343 443 1.103856
344 345 0.301955
344 354 -0.188433
344 444 -0.101702
345 346 -1.098684
345 355 -1.184213
345 445 2.172876
346 347 -0.929950
346 356 1.027809
346 446 -0.291617
347 348 -0.098743
347 357 -1.755024
347 447 -0.061620
348 349 -1.652295
348 358 0.575721
348 448 0.595929
349 340 -0.216493
349 359 0.709789
349 449 1.708733
350 351 -0.580065
350 360 -1.582115
350 450 0.951539
351 352 0.964927
351 361 -0.002302
351 451 0.110553
352 353 -1.075716
352 362 2.536839
352 452 -1.185625
353 354 0.776335
353 363 1.277567
353 453 -0.228402
354 355 -1.102969
354 364 -0.508975
354 454 -1.514173
355 356 -0.622866
355 365 0.928150
355 455 0.216123
356 357 0.425629
356 366 0.263234
356 456 0.924919
357 358 -0.408450
357 367 -0.381956
357 457 0.189134
358 359 0.921890
358 368 0.690265
358 458 0.068657
359 350 0.296380
359 369 -1.713912
359 459 -0.279073
360 361 -0.356962
360 370 -0.516965
360 460 0.035899
361 362 1.328864
361 371 0.222573
361 461 -0.250938
362 363 0.640221
362 372 -1.038642
362 462 0.578756
363 364 -0.443022
363 373 1.424578
363 463 -0.281522
364 365 1.386774
364 374 -1.411005
364 464 1.299366
365 366 -0.687072
365 375 0.302066
365 465 -1.531441
366 367 -0.288349
366 376 0.645796
366 466 -1.471637
367 368 0.100106
367 377 0.867357
367 467 -0.831958
368 369 0.572186
368 378 1.094574
368 468 -1.506484
369 360 0.617808
369 379 0.087027
369 469 -0.670942
370 371 -0.370198
370 380 0.729870
370 470 -0.742000
371 372 0.000342
371 381 -2.056234
371 471 0.859025
372 373 -0.993368
372 382 1.356269
372 472 0.768712
373 374 0.502702
373 383 0.173471
373 473 -0.469047
374 375 -0.746420
374 384 1.621421
374 474 0.803808
375 376 0.347630
375 385 0.606478
375 475 -1.282949
376 377 0.316399
376 386 1.338262
376 476 0.716582
377 378 0.183364
377 387 -0.388835
377 477 0.609385
378 379 1.228732
378 388 -0.036250
378 478 -0.354284
379 370 0.170447
379 389 -0.686053
379 479 -0.105577
380 381 -0.951356
380 390 -0.582279
380 480 0.105766
381 382 2.629372
381 391 0.863502
381 481 0.278396
382 383 0.813782
382 392 1.167466
382 482 0.545601
383 384 0.614364
383 393 -1.076379
383 483 1.519889
384 385 -0.923464
384 394 0.034194
384 484 0.570517
385 386 1.507078
385 395 1.119106
385 485 0.167539
386 387 -0.495227
386 396 -0.999427
386 486 0.653500
387 388 -0.393062
387 397 0.401357
387 487 -1.379170
388 389 -1.392748
388 398 -0.368875
388 488 0.146770
389 380 -0.918136
389 399 -0.199755
389 489 -0.596043
390 391 0.946800
390 300 -0.185059
390 490 0.652623
391 392 0.644788
391 301 -0.128065
391 491 -1.550823
392 393 2.255495
392 302 -0.152756
392 492 1.091820
393 394 0.486065
393 303 1.641416
393 493 1.129607
394 395 -2.275294
394 304 -1.421586
394 494 -0.586014
395 396 0.305141
395 305 -2.713431
395 495 0.637454
396 397 -0.509862
396 306 1.068321
396 496 1.312480
397 398 1.191717
397 307 -1.811958
397 497 -0.183729
398 399 0.701021
398 308 1.463540
398 498 0.425100
399 390 -0.478645
399 309 1.285169
399 499 -0.173577
400 401 1.001742
400 410 -0.394481
400 500 -1.740748
401 402 -0.023364
401 411 -0.357395
401 501 -1.210449
402 403 -0.308169
402 412 0.859345
402 502 1.572216
403 404 -0.164718
403 413 1.002884
403 503 -1.026252
404 405 0.244423
404 414 -1.149523
404 504 -1.433323
405 406 -1.310395
405 415 -0.227408
405 505 -1.264116
406 407 1.036961
406 416 1.306191
406 506 1.196519
407 408 -0.297390
407 417 -0.122009
407 507 -0.980129
408 409 1.191198
408 418 0.542342
408 508 1.795791
409 400 0.794187
409 419 0.891792
409 509 0.115224
410 411 0.812687
410 420 -1.097619
410 510 1.638363
411 412 0.102900
411 421 -0.343585
411 511 -0.043613
412 413 0.109014
412 422 -1.363297
412 512 1.235185
413 414 1.222880
413 423 1.304132
413 513 1.855087
414 415 1.130126
414 424 1.187665
414 514 -0.309461
415 416 -0.722037
415 425 -0.400559
415 515 1.683223
416 417 -0.072196
416 426 0.115085
416 516 -0.206386
417 418 -0.779822
417 427 -0.121793
417 517 1.438416
418 419 -1.289560
418 428 -1.070774
418 518 -0.183943
419 410 -1.519136
419 429 2.128268
419 519 0.952742
420 421 -0.450162
420 430 -0.837839
420 520 -1.632723
421 422 0.041458
421 431 0.154641
421 521 -1.513954
422 423 -0.257122
422 432 0.555214
422 522 -0.505675
423 424 -1.755261
423 433 1.257575
423 523 -1.486839
424 425 -0.611455
424 434 0.178336
424 524 2.243897
425 426 -0.025479
425 435 -1.344834
425 525 -0.838054
426 427 0.820798
426 436 1.078282
426 526 -0.677720
427 428 0.485598
427 437 -1.232861
427 527 -0.723872
428 429 -2.115146
428 438 -0.497147
428 528 0.928952
429 420 0.345749
429 439 -0.245028
429 529 -0.165926
430 431 -1.063217
430 440 -0.614961
430 530 -1.668754
431 432 -1.476935
431 441 0.719709
431 531 0.730788
432 433 0.013108
432 442 0.504534
432 532 0.598197
433 434 0.621870
433 443 -1.192307
433 533 -0.238948
434 435 -0.640306
434 444 -1.433979
434 534 -1.662659
435 436 0.519033
435 445 0.081386
435 535 -0.286575
436 437 -0.033220
436 446 0.408497
436 536 -0.954464
437 438 -0.736189
437 447 1.740272
437 537 0.481192
438 439 -0.358175
438 448 -0.644173
438 538 2.007699
439 430 1.126702
439 449 -0.594254
439 539 -1.281415
440 441 -1.274378
440 450 0.939063
440 540 0.500016
441 442 0.201982
441 451 1.296998
441 541 0.109108
442 443 0.329713
442 452 0.081446
442 542 0.599615
443 444 0.780463
443 453 -0.668853
443 543 0.079330
444 445 0.450603
444 454 0.259140
444 544 -0.377361
445 446 0.255702
445 455 0.482778
445 545 -1.078432
446 447 0.850973
446 456 0.988356
446 546 0.834869
447 448 -0.092382
447 457 -0.945865
447 547 1.216805
448 449 -0.184132
448 458 1.108885
448 548 -0.400186
449 440 -0.446275
449 459 0.212687
449 549 0.848092
450 451 -1.057300
450 460 -0.157348
450 550 -0.799912
451 452 -0.116382
451 461 -0.608824
451 551 1.521801
452 453 0.988516
452 462 0.893440
452 552 0.156277
453 454 0.242379
453 463 0.306603
453 553 -1.283598
454 455 2.219896
454 464 -1.110852
454 554 0.407987
455 456 0.505448
455 465 0.166635
455 555 -0.287393
456 457 0.219987
456 466 -1.547824
456 556 1.013636
457 458 0.163761
457 467 0.416533
457 557 -0.443899
458 459 -0.042098
458 468 0.341527
458 558 0.058316
459 450 2.253142
459 469 -2.623249
459 559 1.400166
460 461 0.014978
460 470 -2.025280
460 560 0.432182
461 462 -0.232881
461 471 -0.525452
461 561 0.835516
462 463 0.654743
462 472 0.830735
462 562 0.437773
463 464 -0.279139
463 473 1.360564
463 563 0.914168
464 465 0.339157
464 474 -1.080791
464 564 0.390868
465 466 1.446577
465 475 0.774899
465 565 -0.950074
466 467 0.360196
466 476 -1.602636
466 566 -1.480375
467 468 0.320211
467 477 -0.402698
467 567 -1.101833
468 469 -0.596849
468 478 0.266437
468 568 -0.221836
469 460 -0.102160
469 479 1.354641
469 569 -0.617222
470 471 0.666123
470 480 0.718130
470 570 0.999755
471 472 0.891355
471 481 -0.016549
471 571 -0.317568
472 473 0.840349
472 482 -0.364554
472 572 -0.963757
473 474 -1.030284
473 483 0.231839
473 573 0.343318
474 475 -0.635334
474 484 -0.775078
474 574 -0.956771
475 476 -0.345139
475 485 -0.351248
475 575 -0.621320
476 477 0.504895
476 486 0.369291
476 576 1.075783
477 478 -0.764917
477 487 -0.613410
477 577 1.463052
478 479 0.436876
478 488 -0.623813
478 578 -0.671105
479 470 -1.490603
479 489 -0.629120
479 579 -0.020547
480 481 -0.142858
480 490 0.846463
480 580 -1.039904
481 482 -0.713784
481 491 0.076788
481 581 1.821436
482 483 0.414532
482 492 -0.148186
482 582 0.207820
483 484 -0.718457
483 493 0.092603
483 583 1.058395
484 485 -1.062617
484 494 2.203722
484 584 -1.051604
485 486 0.783511
485 495 0.834651
485 585 -0.400378
486 487 0.964005
486 496 0.002475
486 586 0.758904
487 488 0.269965
487 497 -1.448217
487 587 0.204536
488 489 -2.792264
488 498 1.692967
488 588 -1.432519
489 480 0.127310
489 499 0.734455
489 589 -0.465144
490 491 -0.485800
490 400 0.278025
490 590 0.292293
491 492 0.293370
491 401 0.967665
491 591 0.459791
492 493 -1.283555
492 402 0.391160
492 592 0.509319
493 494 -1.265173
493 403 -1.632574
493 593 0.525610
494 495 -0.453565
494 404 -0.931087
494 594 -0.084479
495 496 0.792771
495 405 -0.531282
495 595 0.266859
496 497 -0.698338
496 406 -0.165230
496 596 -2.035652
497 498 -0.859049
497 407 1.233799
497 597 2.759948
498 499 -0.596180
498 408 0.492565
498 598 -1.221170
499 490 1.039725
499 409 0.611211
499 599 -0.565658
500 501 -0.334634
500 510 -1.076839
500 600 0.556884
501 502 0.417241
501 511 1.354461
501 601 -0.291677
502 503 -0.353966
502 512 -1.586873
502 602 0.867637
503 504 -0.085736
503 513 -0.127974
503 603 0.103078
504 505 -0.780271
504 514 -1.095238
504 604 -0.082882
505 506 0.244790
505 515 -0.338978
505 605 0.985884
506 507 -1.404898
506 516 -0.035347
506 606 -0.203993
507 508 -0.976295
507 517 0.620777
507 607 -0.771877
508 509 -0.782557
508 518 0.953440
508 608 1.541862
509 500 -0.987561
509 519 -1.618071
509 609 0.065645
510 511 0.774056
510 520 -0.339136
510 610 0.585756
511 512 -1.421394
511 521 1.662869
511 611 0.283231
512 513 0.738170
512 522 0.141644
512 612 1.385586
513 514 1.999076
513 523 -1.379447
513 613 -0.607766
514 515 -2.027252
514 524 -0.557413
514 614 -1.170220
515 516 -0.461374
515 525 0.932676
515 615 0.819108
516 517 -0.552907
516 526 -2.100074
516 616 0.120350
517 518 0.206219
517 527 -2.518266
517 617 -0.095450
518 519 -0.963710
518 528 2.150601
518 618 -0.540788
519 510 0.626108
519 529 -0.947921
519 619 1.525209
520 521 -0.768267
520 530 -0.751269
520 620 -0.020001
521 522 -0.908257
521 531 0.900843
521 621 0.667368
522 523 -0.509157
522 532 -0.205372
522 622 0.256053
523 524 1.149095
523 533 0.713006
523 623 1.230924
524 525 0.327436
524 534 -0.306941
524 624 -0.247631
525 526 -0.107616
525 535 -0.945464
525 625 0.894781
526 527 -2.330948
526 536 1.266988
526 626 -2.948683
527 528 -0.885075
527 537 -1.141935
527 627 -0.462096
528 529 0.243396
528 538 0.834617
528 628 -0.965202
529 520 0.623310
529 539 1.266197
529 629 2.958688
530 531 0.391681
530 540 -0.032962
530 630 -0.140090
531 532 0.459047
531 541 -1.520031
531 631 -0.012178
532 533 -0.431774
532 542 0.216102
532 632 1.147086
533 534 -1.639080
533 543 0.717274
533 633 0.839035
534 535 -1.447796
534 544 -0.797877
534 634 1.590186
535 536 -1.054187
535 545 0.590235
535 635 -0.177945
536 537 0.073329
536 546 0.069238
536 636 1.103798
537 538 1.893857
537 547 0.869322
537 637 -0.175271
538 539 -0.684723
538 548 0.769096
538 638 0.604214
539 530 0.465399
539 549 0.306876
539 639 1.711530
540 541 -0.200065
540 550 -1.358459
540 640 -0.225798
541 542 -0.145314
541 551 -0.472100
541 641 -1.974463
542 543 -0.752616
542 552 0.336706
542 642 3.556987
543 544 -0.953048
543 553 0.420010
543 643 0.173026
544 545 0.066184
544 554 -1.513003
544 644 1.795383
545 546 0.201703
545 555 1.055098
545 645 -0.396249
546 547 -0.618177
546 556 -0.731165
546 646 0.714716
547 548 -0.676727
547 557 -1.930290
547 647 -0.938922
548 549 1.257885
548 558 0.131679
548 648 -0.351720
549 540 -1.071989
549 559 0.938968
549 649 0.489755
550 551 -1.439820
550 560 -0.500075
550 650 -0.584884
551 552 0.775502
551 561 -0.067038
551 651 0.376244
552 553 -0.082163
552 562 0.101347
552 652 0.799747
553 554 -0.501892
553 563 -1.251927
553 653 -0.970940
554 555 -0.071082
554 564 0.318496
554 654 -0.362254
555 556 -0.255021
555 565 0.423853
555 655 -0.028355
556 557 -0.531303
556 566 -0.358614
556 656 0.261306
557 558 -0.659809
557 567 1.290373
557 657 -0.425964
558 559 -0.817996
558 568 1.402479
558 658 -0.660947
559 550 -1.132851
559 569 0.590686
559 659 0.265175
560 561 1.754959
560 570 1.171366
560 660 -0.093467
561 562 0.346424
561 571 -0.372663
561 661 -0.084064
562 563 -0.328514
562 572 -0.441991
562 662 0.680364
563 564 0.457310
563 573 0.185010
563 663 2.564334
564 565 -0.697498
564 574 1.974009
564 664 1.460994
565 566 0.885074
565 575 0.904215
565 665 -0.657640
566 567 1.606812
566 576 -0.421472
566 666 -0.823126
567 568 -0.074994
567 577 1.113581
567 667 -0.860616
568 569 0.922026
568 578 -1.002250
568 668 0.259681
569 560 -0.461515
569 579 1.114231
569 669 0.501546
570 571 -2.630374
570 580 -1.486125
570 670 1.163437
571 572 -2.061693
571 581 0.839357
571 671 0.462277
572 573 0.659925
572 582 0.033779
572 672 0.325848
573 574 0.137049
573 583 1.022689
573 673 -2.894499
574 575 -1.828243
574 584 -1.069482
574 674 0.165135
575 576 -0.927917
575 585 -0.090798
575 675 -1.644155
576 577 0.114639
576 586 0.150237
576 676 0.813266
577 578 0.474800
577 587 0.072800
577 677 -0.437225
578 579 0.846586
578 588 0.289378
578 678 -1.541941
579 570 -0.541216
579 589 -0.536793
579 679 0.065593
580 581 -1.217533
580 590 -0.081201
580 680 0.935829
581 582 0.936107
581 591 0.242092
581 681 -0.036694
582 583 -1.316723
582 592 -1.535008
582 682 0.968448
583 584 -1.355920
583 593 -0.273856
583 683 0.194606
584 585 -0.382738
584 594 -0.683637
584 684 -0.735372
585 586 0.467975
585 595 -1.150359
585 685 -2.103784
586 587 0.155069
586 596 1.431034
586 686 0.617197
587 588 1.081479
587 597 0.305383
587 687 0.162455
588 589 -1.500007
588 598 -0.393851
588 688 0.106430
589 580 -1.908207
589 599 2.242674
589 689 0.761065
590 591 -0.370745
590 500 0.685766
590 690 -0.904287
591 592 0.461308
591 501 -0.018111
591 691 0.096736
592 593 -1.464889
592 502 -0.352725
592 692 -0.619145
593 594 0.078220
593 503 0.589624
593 693 -0.347077
594 595 1.572247
594 504 0.239096
594 694 -0.023986
595 596 0.776990
595 505 -0.537695
595 695 -1.384746
596 597 1.584017
596 506 0.676732
596 696 -1.309648
597 598 -0.321989
597 507 0.855359
597 697 1.779522
598 599 -0.196476
598 508 1.141196
598 698 -0.904787
599 590 -2.235470
599 509 1.562034
599 699 -1.441929
600 601 -0.586843
600 610 1.108179
600 700 0.333938
601 602 -0.346240
601 611 -1.051236
601 701 2.864194
602 603 0.113822
602 612 -1.399523
602 702 0.501429
603 604 -0.609619
603 613 -1.313127
603 703 0.916114
604 605 -0.982669
604 614 -0.336776
604 704 0.687787
605 606 0.489619
605 615 0.817135
605 705 -2.110828
606 607 0.271495
606 616 -1.281012
606 706 0.289746
607 608 -0.737939
607 617 -0.624739
607 707 -1.393221
608 609 -1.247023
608 618 -0.829419
608 708 -1.674810
609 600 -0.702818
609 619 -0.252658
609 709 -0.288479
610 611 -0.169533
610 620 0.548013
610 710 0.082370
611 612 0.835141
611 621 0.736047
611 711 0.163930
612 613 0.093988
612 622 0.072992
612 712 -0.095290
613 614 0.635799
613 623 -0.408207
613 713 0.038805
614 615 0.620193
614 624 0.907053
614 714 0.519299
615 616 0.746877
615 625 -0.830609
615 715 -1.013909
616 617 1.536134
616 626 0.754116
616 716 0.685012
617 618 -1.739898
617 627 -1.784577
617 717 -0.256251
618 619 -0.281058
618 628 0.925559
618 718 1.870549
619 610 0.368007
619 629 0.697730
619 719 -0.870068
620 621 0.740627
620 630 -0.162071
620 720 1.094897
621 622 1.070883
621 631 1.378000
621 721 0.028906
622 623 0.078132
622 632 2.079434
622 722 1.918277
623 624 -1.111083
623 633 0.850725
623 723 0.679149
624 625 0.613265
624 634 -0.235446
624 724 1.393988
625 626 -0.761880
625 635 0.134839
625 725 -2.124228
626 627 0.192277
626 636 -0.149635
626 726 0.243897
627 628 0.376160
627 637 -2.657716
627 727 -0.190268
628 629 0.789887
628 638 -2.131563
628 728 -0.405748
629 620 -0.178736
629 639 -0.576888
629 729 1.388740
630 631 -0.411733
630 640 0.332516
630 730 -0.962156
631 632 -0.073495
631 641 -0.086388
631 731 -1.509405
632 633 -1.248158
632 642 1.311089
632 732 -2.145059
633 634 2.183317
633 643 -0.492426
633 733 0.215810
634 635 -0.620362
634 644 -0.051476
634 734 0.159471
635 636 -0.525112
635 645 -1.059158
635 735 0.030846
636 637 -0.775263
636 646 0.875233
636 736 1.701503
637 638 0.248906
637 647 0.054541
637 737 -0.012375
638 639 -1.902544
638 648 0.697974
638 738 -0.227454
639 630 0.948434
639 649 0.439476
639 739 -1.203052
640 641 -0.633998
640 650 0.826567
640 740 0.410628
641 642 -1.285973
641 651 -1.155475
641 741 0.012244
642 643 -0.159079
642 652 -0.296504
642 742 -1.343265
643 644 0.862330
643 653 0.418062
643 743 0.070753
644 645 0.851102
644 654 1.910006
644 744 1.149061
645 646 -1.956216
645 655 -0.999894
645 745 0.047260
646 647 2.025122
646 656 0.372522
646 746 0.034906
647 648 1.801210
647 657 0.492412
647 747 -1.950266
648 649 0.372142
648 658 -1.117014
648 748 -0.965998
649 640 -1.879626
649 659 -1.497099
649 749 1.406871
650 651 1.634017
650 660 0.177478
650 750 -0.030931
651 652 1.995723
651 661 0.114208
651 751 -0.324999
652 653 0.400339
652 662 -0.824139
652 752 -0.396280
653 654 1.067049
653 663 0.375198
653 753 -0.320550
654 655 -0.354287
654 664 -0.067552
654 754 -2.302737
655 656 -1.296897
655 665 0.955095
655 755 0.488428
656 657 -0.499251
656 666 -0.536636
656 756 0.719342
657 658 1.002699
657 667 -0.705538
657 757 1.200793
658 659 0.511766
658 668 1.064294
658 758 -1.641563
659 650 0.592379
659 669 0.411923
659 759 -0.568292
660 661 1.158586
660 670 0.789090
660 760 -0.461359
661 662 -0.060165
661 671 -0.923093
661 761 0.526631
662 663 -2.410542
662 672 1.719141
662 762 0.317348
663 664 -2.318401
663 673 -0.318386
663 763 -0.286378
664 665 0.335552
664 674 -0.507369
664 764 0.354460
665 666 0.425437
665 675 -0.615192
665 765 -0.051684
666 667 1.424762
666 676 0.287064
666 766 2.060032
667 668 -1.443484
667 677 -0.758057
667 767 0.825490
668 669 -0.055404
668 678 -0.194353
668 768 0.378258
669 660 1.807019
669 679 1.477360
669 769 1.136522
670 671 -1.553186
670 680 0.713362
670 770 -0.180462
671 672 -1.169749
671 681 -1.808883
671 771 -1.499735
672 673 -1.097146
672 682 0.022157
672 772 2.642848
673 674 -0.971428
673 683 1.073012
673 773 -0.057091
674 675 -0.399411
674 684 -0.574192
674 774 1.668471
675 676 1.687171
675 685 -0.763263
675 775 -0.130491
676 677 0.782116
676 686 -0.478583
676 776 0.035776
677 678 0.666116
677 687 -0.190126
677 777 -0.315443
678 679 -0.510151
678 688 0.115547
678 778 0.413717
679 670 0.710109
679 689 1.824836
679 779 -0.905575
680 681 -1.172858
680 690 0.699848
680 780 -0.127352
681 682 -0.171575
681 691 1.282992
681 781 -0.168500
682 683 -0.748782
682 692 0.679381
682 782 0.968812
683 684 -1.640740
683 693 0.411873
683 783 1.817288
684 685 -0.341003
684 694 1.321144
684 784 0.643355
685 686 -0.182490
685 695 0.245707
685 785 0.846263
686 687 -1.813345
686 696 1.316338
686 786 0.813771
687 688 -0.429950
687 697 0.532528
687 787 -0.459818
688 689 0.662374
688 698 -1.481768
688 788 0.454627
689 680 -0.150111
689 699 0.189136
689 789 1.824821
690 691 0.435549
690 600 -0.424173
690 790 -0.681915
691 692 0.169132
691 601 -0.926792
691 791 -0.167683
692 693 1.191649
692 602 -0.683037
692 792 -1.115057
693 694 -0.982613
693 603 0.620920
693 793 0.377351
694 695 -0.107792
694 604 -0.570589
694 794 0.176468
695 696 0.442896
695 605 -0.189313
695 795 -0.267849
696 697 -0.886423
696 606 1.498331
696 796 -0.614801
697 698 -1.358353
697 607 -0.834866
697 797 1.255189
698 699 2.370681
698 608 2.488724
698 798 -0.931643
699 690 2.074883
699 609 -0.766287
699 799 0.401803
700 701 -0.580014
700 710 -0.097193
700 800 0.310472
701 702 0.256816
701 711 0.470285
701 801 -1.280246
702 703 1.386607
702 712 -0.568017
702 802 -0.085583
703 704 0.987050
703 713 -0.595754
703 803 0.342199
704 705 -0.868622
704 714 -0.619497
704 804 0.004269
705 706 0.654044
705 715 -1.054347
705 805 0.938577
706 707 0.225985
706 716 -2.382243
706 806 -0.402108
707 708 -0.134575
707 717 -0.302592
707 807 0.205199
708 709 -0.832293
708 718 0.494217
708 808 -0.778449
709 700 0.312988
709 719 -0.585884
709 809 0.928969
710 711 0.498887
710 720 -0.487806
710 810 1.143759
711 712 -0.004501
711 721 1.239561
711 811 -1.398030
712 713 0.553542
712 722 -0.359630
712 812 -0.653200
713 714 1.239272
713 723 -1.577032
713 813 2.039007
714 715 0.862773
714 724 -0.888671
714 814 0.590217
715 716 1.244899
715 725 1.571152
715 815 0.173338
716 717 -1.055238
716 726 -1.524673
716 816 -0.470463
717 718 0.417327
717 727 0.332471
717 817 -0.836013
718 719 -0.348207
718 728 -1.468413
718 818 0.033614
719 710 1.599953
719 729 -2.426767
719 819 -0.777764
720 721 -0.431975
720 730 -0.679586
720 820 1.023239
721 722 -1.353556
721 731 0.045179
721 821 -0.212577
722 723 -0.210568
722 732 1.200330
722 822 0.281227
723 724 -0.677655
723 733 0.158781
723 823 0.024049
724 725 1.014468
724 734 -0.655094
724 824 -0.132680
725 726 1.275870
725 735 -1.625224
725 825 1.336822
726 727 -0.567384
726 736 1.494282
726 826 0.360399
727 728 0.620879
727 737 0.268260
727 827 -0.263025
728 729 1.490458
728 738 0.800615
728 828 1.349476
729 720 1.333930
729 739 -1.401920
729 829 2.489927
730 731 0.787472
730 740 -1.099678
730 830 1.736256
731 732 1.869832
731 741 -1.027036
731 831 -0.209085
732 733 1.372069
732 742 -0.917597
732 832 -0.346166
733 734 -0.228009
733 743 -0.515771
733 833 -0.575241
734 735 -0.459537
734 744 0.560171
734 834 -0.219194
735 736 -0.423961
735 745 1.192968
735 835 -0.476821
736 737 -0.433171
736 746 1.173867
736 836 0.273726
737 738 0.179337
737 747 0.098727
737 837 -0.905636
738 739 0.287351
738 748 -0.088942
738 838 -0.869452
739 730 -0.422757
739 749 -1.110731
739 839 -0.824314
740 741 -0.647952
740 750 1.670220
740 840 -1.173033
741 742 -0.934101
741 751 -0.054025
741 841 -0.614347
742 743 -0.871965
742 752 -0.676348
742 842 -0.952322
743 744 0.085978
743 753 -0.732752
743 843 0.236793
744 745 -0.947635
744 754 0.826007
744 844 1.087727
745 746 0.727442
745 755 -0.051766
745 845 -0.282050
746 747 0.531537
746 756 0.618301
746 846 1.330102
747 748 -1.211297
747 757 1.051045
747 847 0.110309
748 749 1.806791
748 758 -0.550066
748 848 -0.413430
749 740 -1.125412
749 759 1.030113
749 849 -1.635139
750 751 1.357796
750 760 1.009679
750 850 0.093296
751 752 -0.358702
751 761 -0.012061
751 851 0.883605
752 753 0.402019
752 762 -1.183525
752 852 -0.297899
753 754 0.322251
753 763 0.434304
753 853 -0.231517
754 755 0.160431
754 764 -0.767437
754 854 -0.572206
755 756 -0.069617
755 765 0.598643
755 855 0.298910
756 757 0.014204
756 766 0.171699
756 856 0.829698
757 758 -0.568502
757 767 1.699900
757 857 -2.907765
758 759 0.290152
758 768 -1.296591
758 858 -0.754111
759 750 0.988571
759 769 -1.193625
759 859 2.333682
760 761 -0.634611
760 770 -0.075213
760 860 -0.428250
761 762 1.126088
761 771 0.891997
761 861 -0.596180
762 763 0.318629
762 772 0.333710
762 862 0.859836
763 764 -1.222100
763 773 0.010450
763 863 -1.562159
764 765 -1.765606
764 774 0.777955
764 864 -1.117528
765 766 -0.123548
765 775 0.209518
765 865 0.996038
766 767 0.220294
766 776 0.085365
766 866 0.244961
767 768 1.912039
767 777 0.026716
767 867 -0.553760
768 769 -0.692804
768 778 -0.070223
768 868 -0.412592
769 760 -0.200946
769 779 0.298769
769 869 1.258889
770 771 1.043220
770 780 1.463858
770 870 -0.374302
771 772 -0.719668
771 781 0.273956
771 871 0.462201
772 773 0.869542
772 782 -1.180872
772 872 1.231191
773 774 0.685810
773 783 0.792783
773 873 0.322207
774 775 1.455649
774 784 -0.882530
774 874 1.068044
775 776 1.264502
775 785 0.978070
775 875 0.015086
776 777 -0.048809
776 786 0.580313
776 876 -0.558537
777 778 0.207740
777 787 -0.040177
777 877 0.369777
778 779 -0.960634
778 788 -0.696271
778 878 0.759414
779 770 0.294143
779 789 0.086206
779 879 -1.047950
780 781 -0.749468
780 790 1.448182
780 880 0.622143
781 782 0.310755
781 791 1.275945
781 881 -0.565925
782 783 0.369796
782 792 -1.096042
782 882 3.096286
783 784 0.249585
783 793 0.881681
783 883 0.623967
784 785 0.598497
784 794 -0.484766
784 884 -1.639478
785 786 0.144452
785 795 0.328417
785 885 0.755553
786 787 1.724024
786 796 0.035836
786 886 -0.324964
787 788 -0.242325
787 797 0.837773
787 887 0.879471
788 789 -0.457018
788 798 2.924908
788 888 -1.465786
789 780 0.201680
789 799 1.597604
789 889 1.072267
790 791 0.420130
790 700 -0.879773
790 890 0.618846
791 792 -0.047497
791 701 -0.861238
791 891 0.081736
792 793 -0.252082
792 702 -0.813135
792 892 0.957087
793 794 -0.355772
793 703 -0.073607
793 893 -0.385163
794 795 -1.075483
794 704 -0.658058
794 894 -1.355641
795 796 -0.577815
795 705 0.078205
795 895 -2.745534
796 797 1.041076
796 706 -2.042293
796 896 -1.436382
797 798 -0.109729
797 707 0.065188
797 897 0.860472
798 799 0.476928
798 708 -1.076511
798 898 -0.248691
799 790 0.998444
799 709 1.139939
799 899 -0.727034
800 801 1.684054
800 810 -0.541974
800 900 -0.166890
801 802 1.355291
801 811 -0.155573
801 901 -1.047845
802 803 0.675169
802 812 -3.177161
802 902 -1.777879
803 804 -0.652514
803 813 -0.751692
803 903 -0.251510
804 805 -0.836942
804 814 -0.676309
804 904 0.810715
805 806 1.771055
805 815 -0.035795
805 905 0.465292
806 807 -0.111226
806 816 -0.642005
806 906 0.475140
807 808 0.325732
807 817 -0.597424
807 907 -1.503111
808 809 0.791206
808 818 0.385841
808 908 -0.722730
809 800 -1.302938
809 819 0.197250
809 909 0.070151
810 811 -0.646482
810 820 -1.867011
810 910 -0.248713
811 812 0.935899
811 821 -1.786265
811 911 -0.441082
812 813 1.118435
812 822 1.570516
812 912 -1.557863
813 814 1.023760
813 823 0.180258
813 913 -0.089756
814 815 -0.391280
814 824 0.529074
814 914 -1.235446
815 816 -0.093305
815 825 -0.701925
815 915 -1.160140
816 817 0.853013
816 826 0.063481
816 916 0.621324
817 818 1.286732
817 827 0.916074
817 917 -0.777544
818 819 1.012789
818 828 -0.452956
818 918 1.082826
819 810 -1.289560
819 829 -0.688810
819 919 -0.209565
820 821 -2.013854
820 830 0.163747
820 920 -3.046074
821 822 -0.417886
821 831 -2.012665
821 921 -0.605511
822 823 0.210557
822 832 -0.060508
822 922 -0.257946
823 824 0.109247
823 833 0.101249
823 923 1.163917
824 825 0.614731
824 834 0.546637
824 924 1.166040
825 826 -0.128138
825 835 0.112721
825 925 0.853555
826 827 -0.814796
826 836 0.219354
826 926 -0.919669
827 828 1.907613
827 837 -1.315573
827 927 1.053725
828 829 0.853188
828 838 1.147367
828 928 0.303301
829 820 0.387327
829 839 1.296413
829 929 0.143390
830 831 0.671961
830 840 -0.162582
830 930 -1.507901
831 832 0.211722
831 841 -0.106942
831 931 1.419498
832 833 1.012698
832 842 -0.521005
832 932 -0.323561
833 834 -0.087187
833 843 -0.721615
833 933 -0.053744
834 835 -1.560134
834 844 0.683237
834 934 0.898443
835 836 -1.731008
835 845 -0.371727
835 935 -0.434401
836 837 -0.537947
836 846 0.170750
836 936 -0.236547
837 838 0.693393
837 847 -0.866499
837 937 0.888896
838 839 -1.824500
838 848 -0.744518
838 938 1.516956
839 830 -0.409933
839 849 0.130655
839 939 -1.552556
840 841 0.197250
840 850 0.580898
840 940 -0.792525
841 842 1.072521
841 851 -0.401411
841 941 0.559467
842 843 0.818506
842 852 0.836053
842 942 -0.904735
843 844 -1.161382
843 853 0.028645
843 943 -0.598649
844 845 0.853159
844 854 1.035975
844 944 -0.497283
845 846 -0.252063
845 855 -0.234713
845 945 0.214007
846 847 1.736420
846 856 -0.176119
846 946 -0.679696
847 848 0.170881
847 857 -0.485161
847 947 1.045747
848 849 0.133824
848 858 0.198290
848 948 -0.965370
849 840 0.543140
849 859 0.281005
849 949 -1.307379
850 851 0.167937
850 860 -1.263524
850 950 -0.467169
851 852 0.336527
851 861 0.980754
851 951 -0.993538
852 853 1.663699
852 862 0.911672
852 952 0.154619
853 854 1.809062
853 863 -0.865978
853 953 -0.465882
854 855 -0.435408
854 864 -1.257454
854 954 0.887917
855 856 0.092404
855 865 -1.199214
855 955 0.095709
856 857 1.044774
856 866 -0.501371
856 956 -0.493930
857 858 1.422552
857 867 0.002249
857 957 -0.982468
858 859 -0.158659
858 868 0.928572
858 958 -1.367029
859 850 -1.297583
859 869 -0.069712
859 959 -1.623765
860 861 0.063517
860 870 -0.903500
860 960 -1.725919
861 862 -0.371749
861 871 0.504430
861 961 1.209519
862 863 -0.228031
862 872 -1.184685
862 962 0.712380
863 864 -0.801859
863 873 0.002596
863 963 0.301355
864 865 0.977167
864 874 0.735771
864 964 -0.388878
865 866 1.311586
865 875 1.916266
865 965 -0.259745
866 867 0.107958
866 876 2.305400
866 966 0.023846
867 868 -0.341109
867 877 -0.990662
867 967 -0.061706
868 869 -0.673879
868 878 -0.594838
868 968 0.687340
869 860 1.331469
869 879 -0.311499
869 969 1.265363
870 871 0.096480
870 880 0.122457
870 970 0.461908
871 872 0.134090
871 881 0.263935
871 971 0.228107
872 873 1.102547
872 882 -0.210600
872 972 -1.770789
873 874 -2.172306
873 883 -1.576968
873 973 -0.169801
874 875 0.361130
874 884 0.477894
874 974 -0.472548
875 876 -0.061241
875 885 -0.892873
875 975 -2.956120
876 877 1.520634
876 886 1.495084
876 976 -0.776927
877 878 -0.085505
877 887 -0.904272
877 977 -0.163985
878 879 -0.721534
878 888 0.082419
878 978 0.034191
879 870 -0.822729
879 889 0.973823
879 979 0.486881
880 881 1.824718
880 890 -0.171137
880 980 -0.291794
881 882 1.656981
881 891 -1.945814
881 981 -0.224628
882 883 -2.312427
882 892 0.381651
882 982 -0.009767
883 884 -1.172954
883 893 0.538913
883 983 0.246742
884 885 -1.917840
884 894 0.492477
884 984 1.206655
885 886 -0.659499
885 895 1.619472
885 985 1.375969
886 887 0.034604
886 896 -0.639318
886 986 1.280188
887 888 -0.248253
887 897 -0.050179
887 987 -1.369794
888 889 -0.289397
888 898 -0.886438
888 988 0.176080
889 880 0.302550
889 899 0.432294
889 989 -0.103074
890 891 1.411246
890 800 -1.106828
890 990 -0.734924
891 892 0.577397
891 801 0.836377
891 991 -1.205782
892 893 0.190012
892 802 -0.961979
892 992 -1.960872
893 894 0.811941
893 803 2.297324
893 993 0.884662
894 895 0.989996
894 804 0.974351
894 994 2.256896
895 896 -1.673715
895 805 -0.408964
895 995 0.786682
896 897 2.862018
896 806 -0.080118
896 996 -0.057623
897 898 0.714227
897 807 1.960036
897 997 -1.326848
898 899 0.362258
898 808 1.491993
898 998 0.182277
899 890 -1.405073
899 809 -0.946730
899 999 -0.877363
900 901 -0.391490
900 910 1.239626
900 0 1.155393
901 902 1.344578
901 911 1.807519
901 1 -0.526638
902 903 1.494257
902 912 0.512187
902 2 1.198578
903 904 -0.566926
903 913 -0.010602
903 3 1.033277
904 905 -0.083827
904 914 -1.444178
904 4 1.115850
905 906 1.607107
905 915 -2.092000
905 5 -0.464613
906 907 1.376459
906 916 -0.605173
906 6 0.116422
907 908 0.247850
907 917 0.067932
907 7 -0.895852
908 909 -0.068806
908 918 0.167407
908 8 0.172930
909 900 0.222497
909 919 -0.486639
909 9 -0.633950
910 911 1.530601
910 920 0.141836
910 10 -0.641945
911 912 -1.366651
911 921 0.011330
911 11 0.472590
912 913 -0.815429
912 922 0.346233
912 12 1.348334
913 914 2.180077
913 923 -0.396319
913 13 0.115836
914 915 -0.036416
914 924 -0.902139
914 14 0.976262
915 916 -0.280376
915 925 0.271915
915 15 0.633459
916 917 -1.233954
916 926 -0.854233
916 16 1.382659
917 918 1.165010
917 927 0.796301
917 17 -0.283636
918 919 0.811922
918 928 1.822909
918 18 -0.193563
919 910 -0.212765
919 929 0.415450
919 19 -0.928192
920 921 0.584710
920 930 -0.165588
920 20 0.400538
921 922 0.865714
921 931 -0.305105
921 21 -0.204046
922 923 0.525343
922 932 0.804099
922 22 0.618957
923 924 0.216564
923 933 0.615044
923 23 -0.384037
924 925 0.736294
924 934 0.284632
924 24 -0.331344
925 926 0.605098
925 935 -0.469672
925 25 -1.843186
926 927 1.352081
926 936 0.677130
926 26 0.130084
927 928 0.780992
927 937 -0.355355
927 27 1.007436
928 929 -0.581380
928 938 -1.768880
928 28 0.852761
929 920 -0.380753
929 939 1.274800
929 29 1.058340
930 931 -0.312294
930 940 2.003464
930 30 -0.709697
931 932 0.859130
931 941 0.191989
931 31 0.382416
932 933 0.452587
932 942 1.286501
932 32 -2.095878
933 934 -1.118247
933 943 0.802801
933 33 0.204843
934 935 -0.801195
934 944 -0.947672
934 34 0.983880
935 936 1.013657
935 945 0.736499
935 35 -1.211461
936 937 0.022504
936 946 -0.163500
936 36 -1.781988
937 938 -0.711411
937 947 -0.674466
937 37 0.931564
938 939 -1.367777
938 948 -0.685206
938 38 -2.218057
939 930 -0.847049
939 949 -0.754480
939 39 0.223669
940 941 -2.307719
940 950 -1.547458
940 40 -0.455990
941 942 2.463021
941 951 1.667936
941 41 0.154022
942 943 -0.549776
942 952 -0.288052
942 42 0.268058
943 944 -0.208911
943 953 1.282425
943 43 -0.530480
944 945 0.634300
944 954 -0.274393
944 44 0.087593
945 946 -0.310124
945 955 2.338241
945 45 0.875682
946 947 1.759775
946 956 0.198126
946 46 0.930399
947 948 -0.216659
947 957 -0.460929
947 47 -1.331169
948 949 -0.452695
948 958 0.849488
948 48 -2.016826
949 940 -1.331460
949 959 -0.828405
949 49 -0.740891
950 951 -0.138507
950 960 1.491519
950 50 -1.082632
951 952 -1.982686
951 961 -1.170216
951 51 -1.622992
952 953 -0.384309
952 962 1.642426
952 52 -0.049049
953 954 -2.204056
953 963 0.882485
953 53 -0.891285
954 955 1.600342
954 964 -1.122013
954 54 -1.307451
955 956 0.009993
955 965 -0.468304
955 55 1.594163
956 957 0.507928
956 966 -0.364366
956 56 2.326154
957 958 1.459432
957 967 0.865153
957 57 0.193460
958 959 2.652066
958 968 -1.667569
958 58 -0.165644
959 950 -1.221094
959 969 0.753351
959 59 0.550056
960 961 0.486200
960 970 0.245006
960 60 -2.396599
961 962 1.400080
961 971 -0.501180
961 61 -0.063227
962 963 -0.129123
962 972 -0.312273
962 62 1.114968
963 964 -0.778436
963 973 0.757539
963 63 0.461209
964 965 0.995217
964 974 1.018875
964 64 -0.108127
965 966 -1.047632
965 975 0.441493
965 65 -0.730728
966 967 -0.559133
966 976 -2.049749
966 66 0.033402
967 968 -1.574027
967 977 1.516222
967 67 -0.129471
968 969 0.857692
968 978 -0.668207
968 68 -0.623893
969 960 0.443585
969 979 0.211575
969 69 0.351792
970 971 -0.755920
970 980 -0.228393
970 70 -0.357813
971 972 -0.988248
971 981 -0.913147
971 71 1.668399
972 973 0.906596
972 982 -0.047850
972 72 -0.723987
973 974 1.284130
973 983 -0.605836
973 73 1.396320
974 975 0.768452
974 984 -0.100186
974 74 -0.121457
975 976 0.727301
975 985 1.263228
975 75 1.920104
976 977 0.939774
976 986 -2.156945
976 76 -2.567272
977 978 0.336450
977 987 0.340861
977 77 0.194649
978 979 0.311698
978 988 -2.158394
978 78 -0.404177
979 970 2.032678
979 989 -0.831456
979 79 -0.780258
980 981 -1.074747
980 990 1.945049
980 80 0.644845
981 982 1.879988
981 991 1.198841
981 81 -1.858499
982 983 -2.445944
982 992 -0.156569
982 82 0.647773
983 984 -1.897241
983 993 -1.349842
983 83 -1.186774
984 985 -0.023355
984 994 -0.425911
984 84 -0.835673
985 986 0.615146
985 995 -0.156979
985 85 -0.322872
986 987 0.209134
986 996 -0.817885
986 86 0.731937
987 988 -0.323653
987 997 0.866353
987 87 -0.599234
988 989 1.516979
988 998 -1.118896
988 88 1.360056
989 980 -1.490402
989 999 0.529614
989 89 -0.245416
990 991 1.292260
990 900 2.789202
990 90 0.986004
991 992 -0.842603
991 901 1.933385
991 91 0.627410
992 993 0.872010
992 902 -0.462636
992 92 -0.125572
993 994 0.160227
993 903 2.894578
993 93 -1.058832
994 995 0.115863
994 904 -0.979697
994 94 -1.169103
995 996 0.493269
995 905 0.247576
995 95 -0.878813
996 997 0.819017
996 906 0.791298
996 96 0.528731
997 998 0.209700
997 907 -1.814023
997 97 -0.206132
998 999 0.267393
998 908 -1.765962
998 98 -0.307985
999 990 0.862787
999 909 0.566275
999 99 1.245964
