0 1 -0.289125
0 10 -0.760148
0 100 -0.880411
1 2 0.046115
1 11 -1.333360
1 101 -0.160279
2 3 1.275371
2 12 0.585826
2 102 -0.349590
3 4 0.111077
3 13 -1.053113
3 103 -0.956513
4 5 0.653495
4 14 -0.409324
4 104 -0.212639
5 6 0.130142
5 15 -2.523956
5 105 0.690828
6 7 0.100231
6 16 -0.157461
6 106 0.011471
7 8 0.589952
7 17 -0.979530
7 107 -0.833234
8 9 0.680028
8 18 0.760949
8 108 1.229235
9 0 0.364091
9 19 -1.822944
9 109 0.215894
10 11 -0.425034
10 20 -0.844545
10 110 -1.502796
11 12 0.392160
11 21 1.267111
11 111 -0.877400
12 13 0.313907
12 22 0.200836
12 112 0.499257
13 14 -0.570955
13 23 -1.454111
13 113 -0.346131
14 15 0.780889
14 24 -0.823547
14 114 -0.095009
15 16 0.212049
15 25 -0.895847
15 115 -0.151530
16 17 -0.246369
16 26 1.444587
16 116 0.104002
17 18 -0.844280
17 27 -1.346464
17 117 0.559019
18 19 -0.272188
18 28 -0.948940
18 118 -0.267690
19 10 1.657656
19 29 1.833222
19 119 0.873923
20 21 -2.291582
20 30 0.715622
20 120 0.841284
21 22 0.473370
21 31 -0.283304
21 121 0.992115
22 23 -0.105514
22 32 0.116962
22 122 2.040536
23 24 0.891394
23 33 -1.620719
23 123 -0.785900
24 25 -0.388271
24 34 1.537967
24 124 -1.520762
25 26 -1.910841
25 35 1.068604
25 125 0.541250
26 27 -0.938832
26 36 0.544256
26 126 0.207810
27 28 -0.968300
27 37 1.168185
27 127 1.573651
28 29 0.026715
28 38 0.369524
28 128 -0.494455
29 20 -1.251742
29 39 0.751994
29 129 0.338143
30 31 -0.680760
30 40 0.946347
30 130 -0.233525
31 32 0.519156
31 41 -0.744954
31 131 -1.181755
32 33 0.087241
32 42 0.037122
32 132 -0.501007
33 34 0.402379
33 43 0.124241
33 133 0.690703
34 35 0.790273
34 44 0.060895
34 134 -0.523322
35 36 -2.191776
35 45 -0.388282
35 135 0.647939
36 37 0.153836
36 46 0.951233
36 136 -1.630247
37 38 -0.735332
37 47 0.567539
37 137 0.983507
38 39 -0.296388
38 48 -1.042644
38 138 1.638851
39 30 -1.333394
39 49 1.359059
39 139 -0.152165
40 41 0.421042
40 50 0.815511
40 140 0.155908
41 42 -0.536044
41 51 0.378397
41 141 0.044330
42 43 0.843631
42 52 0.376369
42 142 0.318111
43 44 0.537391
43 53 -0.185298
43 143 -0.634947
44 45 -0.122220
44 54 -1.424795
44 144 -0.427717
45 46 -0.286234
45 55 -1.193198
45 145 0.157574
46 47 1.878459
46 56 -0.075018
46 146 -0.574768
47 48 0.748712
47 57 -1.031971
47 147 0.610841
48 49 -0.058739
48 58 -1.560292
48 148 -0.253942
49 40 0.518519
49 59 -1.695950
49 149 -0.936880
50 51 -0.157726
50 60 0.022674
50 150 0.739989
51 52 0.495936
51 61 0.507931
51 151 0.558489
52 53 -1.241467
52 62 -0.783194
52 152 0.977815
53 54 -0.237000
53 63 0.150091
53 153 0.614518
54 55 1.663564
54 64 -1.059456
54 154 0.459978
55 56 -0.074405
55 65 1.415155
55 155 -0.202571
56 57 -0.505754
56 66 -0.362780
56 156 0.205731
57 58 -0.864122
57 67 -1.628326
57 157 -0.328466
58 59 -0.659563
58 68 0.661491
58 158 1.391603
59 50 -0.060899
59 69 0.682874
59 159 -1.786117
60 61 0.585099
60 70 0.474631
60 160 0.642013
61 62 1.070812
61 71 0.432369
61 161 0.382722
62 63 0.139420
62 72 -0.370208
62 162 -0.062358
63 64 -0.360931
63 73 -0.499795
63 163 -0.476400
64 65 -1.167725
64 74 -2.235462
64 164 -0.325127
65 66 -0.361747
65 75 -1.055513
65 165 -0.759671
66 67 -0.230146
66 76 -0.432229
66 166 -2.452230
67 68 0.408427
67 77 0.192132
67 167 0.426615
68 69 1.258942
68 78 0.828916
68 168 0.475528
69 60 -0.584391
69 79 0.351733
69 169 0.208331
70 71 -0.853891
70 80 0.886738
70 170 -0.654646
71 72 -0.877984
71 81 2.405569
71 171 -0.866934
72 73 -0.032671
72 82 1.032874
72 172 -0.924973
73 74 -0.712802
73 83 0.137767
73 173 -1.090326
74 75 2.443029
74 84 0.073728
74 174 0.708200
75 76 -2.256888
75 85 -0.212333
75 175 -0.244753
76 77 0.661637
76 86 -0.921157
76 176 -1.531827
77 78 -1.177600
77 87 0.265012
77 177 0.086328
78 79 0.022882
78 88 1.732092
78 178 0.503637
79 70 -0.026272
79 89 0.574083
79 179 -0.235948
80 81 0.048122
80 90 -0.128652
80 180 0.417721
81 82 -0.639110
81 91 1.919779
81 181 0.708533
82 83 0.941483
82 92 -0.662468
82 182 -0.397489
83 84 -1.178457
83 93 1.635867
83 183 -1.396114
84 85 -0.328751
84 94 -0.798933
84 184 -0.051816
85 86 -1.160582
85 95 0.009117
85 185 0.441344
86 87 0.638187
86 96 -1.028252
86 186 -1.506779
87 88 0.178915
87 97 0.602144
87 187 -1.531248
88 89 0.477672
88 98 0.661593
88 188 -0.236460
89 80 0.739994
89 99 0.866863
89 189 -0.023215
90 91 0.438236
90 0 -0.185682
90 190 -1.439625
91 92 0.053800
91 1 -1.928928
91 191 0.244027
92 93 -0.021977
92 2 0.229132
92 192 0.397411
93 94 0.877938
93 3 1.094258
93 193 1.214636
94 95 1.283421
94 4 -0.131326
94 194 1.351274
95 96 0.236053
95 5 1.178406
95 195 0.363745
96 97 -0.359236
96 6 -2.392105
96 196 -0.301082
97 98 0.627881
97 7 -0.457274
97 197 0.327969
98 99 -1.433541
98 8 -0.066150
98 198 0.470341
99 90 -2.281802
99 9 -1.025197
99 199 -1.186212
100 101 -0.290732
100 110 -2.525907
100 200 -2.281422
101 102 1.588849
101 111 -0.284875
101 201 -0.177698
102 103 -0.062419
102 112 -0.975332
102 202 0.094940
103 104 0.919462
103 113 -0.499228
103 203 -0.797925
104 105 -0.251793
104 114 0.204444
104 204 0.319854
105 106 -0.725651
105 115 0.342720
105 205 -0.110329
106 107 0.174518
106 116 -0.378422
106 206 -0.443952
107 108 0.417031
107 117 0.175604
107 207 2.589072
108 109 0.368448
108 118 -0.799093
108 208 0.419540
109 100 -0.116590
109 119 -1.112090
109 209 -0.044068
110 111 -1.203804
110 120 -1.353413
110 210 -0.657955
111 112 0.135089
111 121 -0.785793
111 211 0.258576
112 113 -0.123871
112 122 0.575336
112 212 0.064727
113 114 -0.385525
113 123 0.490768
113 213 1.540281
114 115 0.523109
114 124 -0.946473
114 214 -1.196752
115 116 1.398334
115 125 0.233181
115 215 1.275587
116 117 0.147306
116 126 -0.522106
116 216 0.959946
117 118 1.469027
117 127 -0.583369
117 217 -0.213140
118 119 -0.728616
118 128 -1.572458
118 218 -2.103092
119 110 0.596725
119 129 -1.785467
119 219 -1.023629
120 121 -1.228990
120 130 0.321514
120 220 -0.128181
121 122 1.139609
121 131 0.400768
121 221 -0.434637
122 123 -1.405241
122 132 1.468268
122 222 -1.298956
123 124 -0.940539
123 133 0.747335
123 223 0.284842
124 125 -1.651200
124 134 1.472916
124 224 0.899684
125 126 -1.084918
125 135 -0.673951
125 225 1.463532
126 127 -0.629589
126 136 2.016499
126 226 -1.531298
127 128 -0.049529
127 137 -1.060898
127 227 0.139429
128 129 0.392687
128 138 0.613691
128 228 0.001143
129 120 0.220014
129 139 1.951452
129 229 0.816649
130 131 -0.342697
130 140 -1.542198
130 230 -0.774224
131 132 2.262138
131 141 -1.313602
131 231 0.992324
132 133 -0.128613
132 142 -0.310976
132 232 1.153457
133 134 -0.476815
133 143 -0.522961
133 233 0.227867
134 135 -1.355778
134 144 1.351369
134 234 1.208100
135 136 -0.789145
135 145 0.025768
135 235 -2.610874
136 137 -0.073974
136 146 0.858181
136 236 -0.711849
137 138 -0.031318
137 147 0.264616
137 237 -0.276404
138 139 1.270114
138 148 -0.507519
138 238 -0.406447
139 130 0.186215
139 149 -0.886475
139 239 -1.188444
140 141 0.282900
140 150 0.447081
140 240 -0.622136
141 142 0.977523
141 151 -0.963060
141 241 -0.753023
142 143 -0.166250
142 152 1.731471
142 242 0.684369
143 144 1.676835
143 153 0.574876
143 243 -1.756191
144 145 0.767190
144 154 0.678910
144 244 -0.012353
145 146 -0.318990
145 155 0.425421
145 245 0.442735
146 147 -1.140003
146 156 0.515751
146 246 -1.086803
147 148 -0.363386
147 157 0.488523
147 247 0.810669
148 149 -1.447942
148 158 -0.074087
148 248 -0.265783
149 140 -0.265082
149 159 -0.440340
149 249 0.529708
150 151 -1.259878
150 160 -1.836630
150 250 1.115621
151 152 2.396922
151 161 -1.160282
151 251 -1.649969
152 153 0.767105
152 162 -0.340835
152 252 -0.035727
153 154 1.193227
153 163 -0.630235
153 253 -1.073008
154 155 -2.414420
154 164 -1.834788
154 254 -0.137027
155 156 1.475865
155 165 0.419091
155 255 0.312639
156 157 -0.548489
156 166 -0.000209
156 256 1.273048
157 158 -1.127320
157 167 -0.237137
157 257 -0.347582
158 159 -1.027265
158 168 -1.280327
158 258 -1.241453
159 150 0.320241
159 169 -0.556311
159 259 -0.318235
160 161 -0.051747
160 170 0.423613
160 260 -1.250527
161 162 -1.034041
161 171 -0.435938
161 261 0.520990
162 163 -0.537893
162 172 1.552027
162 262 0.653293
163 164 0.611791
163 173 0.342917
163 263 -0.207148
164 165 0.386047
164 174 0.579796
164 264 0.235723
165 166 -0.597562
165 175 -1.343520
165 265 -1.318128
166 167 -0.609707
166 176 0.014995
166 266 0.776813
167 168 -0.935171
167 177 1.502174
167 267 -0.058165
168 169 -1.046339
168 178 -0.275955
168 268 0.066405
169 160 -1.393541
169 179 0.940804
169 269 -0.533359
170 171 -0.516579
170 180 1.180677
170 270 0.244520
171 172 0.538533
171 181 0.289222
171 271 -2.256271
172 173 0.526966
172 182 0.552860
172 272 -1.300532
173 174 -1.773427
173 183 0.317838
173 273 -0.210477
174 175 0.836609
174 184 -0.463268
174 274 -0.428135
175 176 -0.363920
175 185 -0.737783
175 275 -0.914221
176 177 0.928991
176 186 0.314309
176 276 -0.106793
177 178 0.192357
177 187 0.910041
177 277 1.915007
178 179 -0.556571
178 188 -0.137514
178 278 -0.543060
179 170 1.063075
179 189 0.764244
179 279 -2.171179
180 181 -0.198179
180 190 0.897698
180 280 -0.067299
181 182 2.150227
181 191 -2.126772
181 281 -0.087248
182 183 1.583958
182 192 -0.917724
182 282 2.082864
183 184 0.829172
183 193 -1.610449
183 283 1.540316
184 185 1.057825
184 194 1.090268
184 284 -1.143597
185 186 -1.132213
185 195 -0.663374
185 285 -0.556124
186 187 -0.676679
186 196 0.066809
186 286 0.870877
187 188 -0.350408
187 197 -0.990384
187 287 -0.502457
188 189 1.615374
188 198 -0.240694
188 288 0.376389
189 180 -0.521897
189 199 0.287126
189 289 1.057512
190 191 -0.001311
190 100 1.858129
190 290 -0.742527
191 192 0.656341
191 101 0.889391
191 291 0.603702
192 193 -1.782897
192 102 -0.419530
192 292 -0.376472
193 194 0.164263
193 103 0.242682
193 293 0.315474
194 195 -0.389649
194 104 -1.043141
194 294 -0.336027
195 196 -0.130972
195 105 -0.562261
195 295 -1.032888
196 197 0.292644
196 106 1.035986
196 296 0.055686
197 198 -0.327551
197 107 -0.456912
197 297 0.812821
198 199 0.524745
198 108 0.299543
198 298 -1.964810
199 190 -0.153775
199 109 -0.641904
199 299 0.746093
200 201 -0.450606
200 210 0.192979
200 300 -1.388002
201 202 -0.712249
201 211 0.143667
201 301 0.616500
202 203 0.985134
202 212 -1.015917
202 302 1.147994
203 204 -0.620520
203 213 -1.096099
203 303 0.273778
204 205 -1.847443
204 214 0.507890
204 304 -1.534054
205 206 -0.162517
205 215 -0.562979
205 305 -0.508579
206 207 1.143381
206 216 0.193112
206 306 1.084749
207 208 -0.584576
207 217 -0.489927
207 307 -0.814635
208 209 -1.159026
208 218 0.298708
208 308 -0.385972
209 200 1.295344
209 219 -0.543725
209 309 0.152234
210 211 0.344668
210 220 -0.379638
210 310 -0.042439
211 212 1.159115
211 221 0.495760
211 311 -0.729556
212 213 -0.724173
212 222 -0.595477
212 312 1.111338
213 214 0.578498
213 223 -0.741131
213 313 -0.244931
214 215 1.375578
214 224 -0.456281
214 314 1.437672
215 216 -0.060938
215 225 -0.115176
215 315 -0.330647
216 217 0.462068
216 226 3.125400
216 316 -1.445346
217 218 0.432258
217 227 -0.742570
217 317 -0.239123
218 219 -0.625990
218 228 1.019792
218 318 0.303633
219 210 -0.414359
219 229 0.189722
219 319 -0.806871
220 221 -1.964862
220 230 -0.161098
220 320 -0.734237
221 222 -0.442173
221 231 1.235249
221 321 -0.545957
222 223 -0.825492
222 232 0.079772
222 322 -0.488315
223 224 0.767628
223 233 -0.496588
223 323 -0.521671
224 225 0.189367
224 234 -0.393138
224 324 0.787055
225 226 0.773900
225 235 0.899093
225 325 0.783592
226 227 -0.757392
226 236 -0.936170
226 326 -0.589649
227 228 1.400031
227 237 -1.139638
227 327 -1.355569
228 229 0.426949
228 238 -0.361055
228 328 -0.883778
229 220 -0.019494
229 239 -0.292396
229 329 -0.880723
230 231 -1.745072
230 240 -0.273835
230 330 0.457585
231 232 -0.633255
231 241 -0.230548
231 331 -0.456514
232 233 0.094839
232 242 0.068376
232 332 -0.011337
233 234 0.029056
233 243 -1.031060
233 333 -0.442975
234 235 0.493855
234 244 -0.200945
234 334 -1.202115
235 236 0.439058
235 245 -0.086963
235 335 1.004095
236 237 -0.034042
236 246 -1.593252
236 336 1.065396
237 238 -0.945859
237 247 0.636642
237 337 0.413246
238 239 1.649016
238 248 -0.164472
238 338 -0.540618
239 230 -2.007026
239 249 -0.995817
239 339 -1.189939
240 241 0.406658
240 250 0.301452
240 340 0.579185
241 242 -0.670971
241 251 1.014659
241 341 0.646898
242 243 -0.277276
242 252 0.195914
242 342 -1.133401
243 244 -1.998022
243 253 0.443668
243 343 -1.291243
244 245 -0.127971
244 254 0.003128
244 344 -1.883935
245 246 -1.523907
245 255 -0.920043
245 345 0.934214
246 247 0.055297
246 256 0.606880
246 346 -0.792136
247 248 -0.870281
247 257 -0.952808
247 347 -1.647826
248 249 0.554267
248 258 0.791398
248 348 0.384925
249 240 -0.639342
249 259 -0.335271
249 349 -0.992182
250 251 -0.204538
250 260 0.508624
250 350 -0.130308
251 252 -1.458388
251 261 0.444176
251 351 0.326845
252 253 -0.897543
252 262 -1.019038
252 352 -1.436533
253 254 -1.289502
253 263 -0.097477
253 353 -0.132135
254 255 1.341399
254 264 -1.488827
254 354 -0.459878
255 256 1.083659
255 265 -0.202262
255 355 -1.240074
256 257 1.668780
256 266 1.522913
256 356 -2.011420
257 258 0.773493
257 267 -0.569480
257 357 0.079364
258 259 -0.429979
258 268 0.737306
258 358 -0.790394
259 250 0.553483
259 269 0.658872
259 359 0.328615
260 261 -2.204001
260 270 1.519486
260 360 -1.488372
261 262 1.195304
261 271 -0.739021
261 361 1.461309
262 263 -0.270444
262 272 0.320782
262 362 -1.331378
263 264 -0.507730
263 273 0.374673
263 363 0.187075
264 265 0.683761
264 274 -1.826962
264 364 0.432039
265 266 0.555940
265 275 -2.105639
265 365 0.422405
266 267 -0.724088
266 276 1.131320
266 366 -1.641126
267 268 -1.090370
267 277 0.021412
267 367 -0.157797
268 269 -1.429470
268 278 0.860053
268 368 -0.912813
269 260 -0.718162
269 279 0.566938
269 369 -2.110123
270 271 1.963568
270 280 -0.470894
270 370 0.433338
271 272 0.576064
271 281 1.395967
271 371 -0.898333
272 273 0.276968
272 282 -0.073967
272 372 -0.973403
273 274 1.001356
273 283 0.571263
273 373 1.492234
274 275 0.002707
274 284 -0.648647
274 374 0.457846
275 276 -0.872173
275 285 0.509412
275 375 1.131411
276 277 -0.000577
276 286 -2.513205
276 376 1.038475
277 278 -0.485306
277 287 -1.303441
277 377 -0.611826
278 279 -0.488657
278 288 1.488136
278 378 -1.077839
279 270 0.389755
279 289 -0.632594
279 379 0.251046
280 281 0.339420
280 290 -0.671438
280 380 0.126977
281 282 -0.744913
281 291 0.194705
281 381 -0.212905
282 283 -1.916942
282 292 -0.237136
282 382 -0.766958
283 284 -1.392164
283 293 1.001540
283 383 0.268250
284 285 2.337483
284 294 0.811568
284 384 -1.160666
285 286 1.791591
285 295 -0.223839
285 385 -0.423891
286 287 -1.377687
286 296 1.052158
286 386 -0.619392
287 288 -0.633772
287 297 0.688939
287 387 0.022367
288 289 -0.594869
288 298 0.906842
288 388 0.881646
289 280 1.664291
289 299 0.761322
289 389 -0.630626
290 291 -0.098673
290 200 1.472065
290 390 2.555033
291 292 -0.053602
291 201 0.211120
291 391 -1.722565
292 293 -0.294920
292 202 -0.208419
292 392 0.674034
293 294 1.654089
293 203 -0.869255
293 393 -1.333215
294 295 0.965538
294 204 1.358534
294 394 -2.320268
295 296 0.792577
295 205 -0.267455
295 395 0.258457
296 297 -0.403277
296 206 1.171563
296 396 -0.006729
297 298 1.572349
297 207 -1.641056
297 397 -0.143076
298 299 -1.207900
298 208 -1.232936
298 398 0.004096
299 290 1.961006
299 209 1.488354
299 399 0.427540
300 301 -0.680537
300 310 -0.146875
300 400 0.775672
301 302 -1.123977
301 311 -0.661633
301 401 -0.631142
302 303 0.031443
302 312 -0.810753
302 402 -1.730323
303 304 -0.081773
303 313 0.358576
303 403 -1.055574
304 305 -0.127635
304 314 0.121467
304 404 1.380290
305 306 -0.694679
305 315 -0.170193
305 405 -0.334522
306 307 -0.829370
306 316 0.231633
306 406 0.148650
307 308 0.656121
307 317 -0.249814
307 407 2.002543
308 309 0.954861
308 318 -0.382161
308 408 -0.826762
309 300 -1.474236
309 319 1.885024
309 409 1.485972
310 311 -0.294671
310 320 2.091253
310 410 -1.059968
311 312 -0.442017
311 321 -0.355971
311 411 0.248365
312 313 1.281357
312 322 -0.583492
312 412 -0.474425
313 314 -1.189888
313 323 -1.262559
313 413 0.085253
314 315 -1.837364
314 324 0.530471
314 414 0.297017
315 316 -0.237891
315 325 0.040915
315 415 1.776862
316 317 -0.075240
316 326 0.427469
316 416 0.964649
317 318 -0.829064
317 327 -0.895511
317 417 0.945676
318 319 -0.519018
318 328 -0.392944
318 418 -1.397047
319 310 -1.810780
319 329 0.031330
319 419 -0.488880
320 321 1.091266
320 330 -0.773031
320 420 1.435377
321 322 1.162389
321 331 0.121192
321 421 2.233738
322 323 1.652026
322 332 -1.176577
322 422 0.532591
323 324 -0.335437
323 333 -0.124726
323 423 -0.203908
324 325 0.046099
324 334 -1.381803
324 424 1.486606
325 326 -0.419623
325 335 -0.637859
325 425 3.059748
326 327 0.715207
326 336 -1.332008
326 426 0.237742
327 328 1.010963
327 337 -0.755977
327 427 0.211590
328 329 0.274671
328 338 0.266917
328 428 1.523605
329 320 -0.804243
329 339 0.171933
329 429 0.405440
330 331 0.394386
330 340 1.147307
330 430 1.302300
331 332 0.631173
331 341 -1.437677
331 431 0.837002
332 333 -0.549697
332 342 0.015120
332 432 0.076555
333 334 -0.377298
333 343 0.749184
333 433 2.185797
334 335 0.067858
334 344 -2.091065
334 434 3.110891
335 336 -1.373728
335 345 -0.270550
335 435 0.437845
336 337 -2.011991
336 346 0.879374
336 436 -0.250794
337 338 0.296117
337 347 -0.241684
337 437 1.099763
338 339 0.798089
338 348 0.788773
338 438 -0.485865
339 330 -0.648339
339 349 -0.973811
339 439 1.161475
340 341 0.792311
340 350 -1.219202
340 440 1.913682
341 342 0.707402
341 351 0.539975
341 441 1.650814
342 343 -0.465312
342 352 -0.948017
342 442 -0.290760
343 344 0.140802
343 353 0.176423
343 443 1.844856
344 345 -0.769039
344 354 -0.843495
344 444 -0.201243
345 346 -0.993724
345 355 0.856382
345 445 -0.738609
346 347 -0.976085
346 356 -0.634330
346 446 0.743994
347 348 -0.777345
347 357 -1.382889
347 447 1.892724
348 349 -0.458698
348 358 0.680479
348 448 0.029011
349 340 -0.369729
349 359 -0.110884
349 449 0.123205
350 351 0.258577
350 360 -0.292658
350 450 -0.050352
351 352 -1.625798
351 361 0.324225
351 451 -1.496793
352 353 0.081151
352 362 0.610657
352 452 0.249782
353 354 0.042206
353 363 0.350074
353 453 -0.824811
354 355 0.894597
354 364 0.223928
354 454 -0.128573
355 356 1.357077
355 365 -1.980849
355 455 0.707759
356 357 0.258789
356 366 -1.269952
356 456 -0.851121
357 358 1.455427
357 367 0.885462
357 457 0.808578
358 359 -0.559963
358 368 -1.231829
358 458 0.910058
359 350 1.951496
359 369 -0.540385
359 459 0.060881
360 361 -0.292769
360 370 0.640761
360 460 -0.083152
361 362 -0.874943
361 371 -0.267181
361 461 0.779606
362 363 0.406153
362 372 0.235142
362 462 -1.507468
363 364 -0.836218
363 373 -0.922466
363 463 0.844848
364 365 -0.698281
364 374 0.441140
364 464 1.281857
365 366 -0.212959
365 375 -0.028185
365 465 -1.265160
366 367 1.052545
366 376 1.294568
366 466 0.211893
367 368 1.258395
367 377 -0.653920
367 467 -0.179147
368 369 0.449349
368 378 0.025298
368 468 0.877834
369 360 -0.270332
369 379 -2.408252
369 469 -0.410244
370 371 0.756223
370 380 -0.656734
370 470 -0.827747
371 372 0.040052
371 381 1.481450
371 471 -0.159483
372 373 -0.698282
372 382 -0.648453
372 472 0.457862
373 374 -0.640166
373 383 -1.229211
373 473 0.082606
374 375 -1.032050
374 384 -1.543167
374 474 -1.098525
375 376 1.688986
375 385 -0.722329
375 475 2.158836
376 377 -2.007984
376 386 2.014522
376 476 0.142094
377 378 -0.370669
377 387 1.211246
377 477 -0.364860
378 379 1.897079
378 388 0.011155
378 478 -0.762208
379 370 1.112833
379 389 1.558200
379 479 -0.213157
380 381 -0.688569
380 390 1.668289
380 480 1.113446
381 382 0.884704
381 391 -0.270439
381 481 -1.972961
382 383 -1.270028
382 392 2.188812
382 482 0.324445
383 384 0.812430
383 393 0.461870
383 483 -0.314525
384 385 0.053440
384 394 0.069286
384 484 -0.653341
385 386 0.387422
385 395 -0.882779
385 485 -2.092361
386 387 1.056269
386 396 -0.816692
386 486 -0.705870
387 388 -1.051527
387 397 -0.866380
387 487 -0.532464
388 389 0.950092
388 398 -0.843487
388 488 -0.646730
389 380 0.505018
389 399 1.019714
389 489 -1.928595
390 391 0.518381
390 300 0.379953
390 490 1.427823
391 392 -1.770553
391 301 2.080203
391 491 0.333148
392 393 -0.729558
392 302 -0.139014
392 492 -0.318906
393 394 0.489086
393 303 -0.715469
393 493 -0.434567
394 395 -0.356705
394 304 0.792605
394 494 1.795431
395 396 -0.991430
395 305 -0.761161
395 495 0.501879
396 397 1.615907
396 306 1.445764
396 496 0.311781
397 398 -0.654489
397 307 -1.062300
397 497 -0.745717
398 399 0.974685
398 308 -0.150064
398 498 0.147369
399 390 1.214057
399 309 0.614228
399 499 0.377049
400 401 -0.704049
400 410 1.142693
400 500 0.743217
401 402 -0.175977
401 411 -0.713851
401 501 0.162795
402 403 1.423979
402 412 -0.138980
402 502 -0.866839
403 404 0.648869
403 413 -0.663330
403 503 -0.689815
404 405 1.111778
404 414 -1.403106
404 504 -1.192799
405 406 -0.564755
405 415 0.616801
405 505 0.015466
406 407 -0.023417
406 416 -1.841572
406 506 0.088162
407 408 -0.376949
407 417 0.159356
407 507 0.498465
408 409 0.006320
408 418 1.330347
408 508 0.252622
409 400 0.158686
409 419 1.292788
409 509 1.339652
410 411 1.364967
410 420 -1.153598
410 510 0.885689
411 412 -0.854616
411 421 -1.712088
411 511 -0.966903
412 413 0.030820
412 422 0.347753
412 512 1.193298
413 414 1.187405
413 423 -0.287874
413 513 0.486474
414 415 -0.086012
414 424 -0.277316
414 514 0.211666
415 416 1.108751
415 425 -0.621175
415 515 0.709910
416 417 0.747825
416 426 0.897614
416 516 -1.184860
417 418 -0.911306
417 427 0.427958
417 517 0.618221
418 419 -0.176496
418 428 0.553184
418 518 0.051548
419 410 -1.665095
419 429 1.945095
419 519 0.014721
420 421 1.129193
420 430 -2.517179
420 520 -0.655233
421 422 0.239299
421 431 -1.771411
421 521 -0.495022
422 423 0.597693
422 432 -0.311966
422 522 -1.773969
423 424 0.016905
423 433 1.167198
423 523 0.532776
424 425 -0.104994
424 434 1.652234
424 524 0.542184
425 426 -0.402567
425 435 1.579698
425 525 3.335860
426 427 -1.178502
426 436 0.903577
426 526 -1.707891
427 428 -0.742486
427 437 0.927557
427 527 -0.408047
428 429 1.145442
428 438 1.415761
428 528 1.004911
429 420 -0.218618
429 439 -0.312318
429 529 -1.622484
430 431 -1.503507
430 440 -0.993780
430 530 1.532796
431 432 -1.605400
431 441 -1.362113
431 531 0.514992
432 433 0.153961
432 442 -1.132532
432 532 -0.362978
433 434 -0.884652
433 443 1.419020
433 533 -0.720775
434 435 -1.983064
434 444 1.175093
434 534 -1.651002
435 436 -1.378255
435 445 -0.635062
435 535 1.597653
436 437 0.722002
436 446 0.140432
436 536 0.357677
437 438 -0.630637
437 447 0.535135
437 537 1.680114
438 439 0.844050
438 448 -0.723945
438 538 -1.808132
439 430 0.755429
439 449 -0.329738
439 539 -0.494535
440 441 1.006185
440 450 -0.630871
440 540 -1.538871
441 442 1.092155
441 451 -0.129071
441 541 -0.962520
442 443 0.135190
442 452 -1.912258
442 542 0.786736
443 444 -2.103122
443 453 -1.575272
443 543 0.308522
444 445 -0.940481
444 454 -0.493604
444 544 2.234243
445 446 1.258781
445 455 -0.392401
445 545 0.120349
446 447 1.089762
446 456 -0.250186
446 546 0.422387
447 448 -0.425343
447 457 0.053745
447 547 -0.216237
448 449 -0.296721
448 458 0.680050
448 548 1.319600
449 440 2.191004
449 459 -1.322608
449 549 -0.179423
450 451 0.651042
450 460 0.407789
450 550 -0.050905
451 452 -0.040852
451 461 -0.367506
451 551 -0.987884
452 453 -0.370592
452 462 -0.154231
452 552 1.811123
453 454 -0.952218
453 463 0.594318
453 553 0.117924
454 455 -2.551132
454 464 0.446355
454 554 -0.927009
455 456 1.044349
455 465 0.206727
455 555 1.521228
456 457 -1.214242
456 466 -1.005683
456 556 0.297727
457 458 -1.845435
457 467 -0.197679
457 557 -0.648813
458 459 0.444934
458 468 1.352454
458 558 0.206173
459 450 -0.571006
459 469 1.148832
459 559 -0.187932
460 461 -0.008215
460 470 -0.086333
460 560 0.429129
461 462 -0.596377
461 471 0.529074
461 561 1.538651
462 463 1.814231
462 472 0.238405
462 562 0.318306
463 464 -1.499545
463 473 -0.385855
463 563 -0.773826
464 465 0.601418
464 474 -0.610368
464 564 0.130339
465 466 -0.656511
465 475 -0.498949
465 565 -1.666748
466 467 -0.814217
466 476 -2.097156
466 566 -0.531944
467 468 1.066829
467 477 -0.241896
467 567 -0.312322
468 469 -0.421126
468 478 -1.356891
468 568 0.436097
469 460 -0.568088
469 479 -0.397480
469 569 0.540147
470 471 1.808846
470 480 0.245327
470 570 -0.359657
471 472 1.501996
471 481 -1.166980
471 571 0.256493
472 473 -0.405201
472 482 1.932414
472 572 0.627921
473 474 0.082771
473 483 -0.138033
473 573 1.001868
474 475 0.485697
474 484 0.298499
474 574 -0.234748
475 476 0.421363
475 485 0.227927
475 575 0.491875
476 477 -0.653652
476 486 -0.052662
476 576 -0.417759
477 478 0.416708
477 487 -1.242001
477 577 2.182260
478 479 1.759863
478 488 0.438279
478 578 -1.437027
479 470 -0.574739
479 489 0.835492
479 579 0.847098
480 481 0.284125
480 490 0.715020
480 580 -0.602249
481 482 -0.028515
481 491 0.597339
481 581 0.450665
482 483 1.323328
482 492 -0.516902
482 582 1.631000
483 484 -0.174670
483 493 1.789349
483 583 1.239979
484 485 0.861434
484 494 0.370131
484 584 1.486357
485 486 1.719734
485 495 -2.855202
485 585 -0.781330
486 487 1.209213
486 496 -1.320920
486 586 -0.324438
487 488 0.611482
487 497 1.302436
487 587 -1.076985
488 489 1.065791
488 498 0.228016
488 588 -2.050269
489 480 -0.745877
489 499 -0.063765
489 589 0.424461
490 491 0.825255
490 400 0.273230
490 590 -0.131808
491 492 -0.736910
491 401 -0.538728
491 591 0.269567
492 493 -0.018899
492 402 -1.130309
492 592 -0.511877
493 494 1.322866
493 403 0.119972
493 593 1.102135
494 495 0.282254
494 404 1.928460
494 594 -0.041485
495 496 -1.644000
495 405 0.550696
495 595 -1.030875
496 497 -0.676683
496 406 -0.047531
496 596 1.672341
497 498 -0.895198
497 407 0.452412
497 597 0.501838
498 499 0.248468
498 408 -0.686567
498 598 -1.544559
499 490 0.593514
499 409 0.116823
499 599 -0.322062
500 501 0.396574
500 510 -0.531595
500 600 -0.916006
501 502 -0.885879
501 511 1.333892
501 601 1.921603
502 503 1.201479
502 512 0.625668
502 602 2.075491
503 504 2.123223
503 513 1.649513
503 603 -0.588066
504 505 0.593250
504 514 1.079758
504 604 1.387169
505 506 -0.265219
505 515 2.369765
505 605 1.230606
506 507 -0.840463
506 516 0.215118
506 606 -0.083405
507 508 -0.636480
507 517 -0.006276
507 607 1.401408
508 509 1.116362
508 518 0.682182
508 608 -0.217466
509 500 1.703467
509 519 -0.489268
509 609 1.007310
510 511 -0.356704
510 520 0.738954
510 610 -0.612692
511 512 1.780671
511 521 -0.088367
511 611 0.628729
512 513 -1.300443
512 522 -0.772171
512 612 -1.179187
513 514 -0.126969
513 523 0.679331
513 613 0.136549
514 515 1.073873
514 524 0.316153
514 614 0.499015
515 516 2.215403
515 525 1.733280
515 615 0.158626
516 517 0.424210
516 526 0.264743
516 616 -0.552602
517 518 -0.841988
517 527 -2.175461
517 617 -0.017130
518 519 0.683091
518 528 0.323584
518 618 -0.475617
519 510 -3.095153
519 529 -0.871589
519 619 -0.651293
520 521 -1.256226
520 530 -0.889169
520 620 0.589408
521 522 0.254496
521 531 0.701495
521 621 0.911092
522 523 -0.446124
522 532 -0.402689
522 622 0.066340
523 524 0.733842
523 533 -0.583025
523 623 0.704319
524 525 -0.086972
524 534 0.137779
524 624 -0.667985
525 526 -0.413316
525 535 -0.192156
525 625 -0.717167
526 527 -2.062825
526 536 -1.076544
526 626 0.808226
527 528 -0.684410
527 537 1.212269
527 627 1.838345
528 529 0.595838
528 538 1.183500
528 628 0.964737
529 520 -0.911347
529 539 0.405291
529 629 2.456853
530 531 1.277041
530 540 0.269771
530 630 0.080620
531 532 -1.113080
531 541 -0.199510
531 631 0.297627
532 533 1.072273
532 542 -0.355952
532 632 -0.796462
533 534 0.884721
533 543 1.161997
533 633 1.424987
534 535 0.042775
534 544 1.740723
534 634 0.775673
535 536 -0.724606
535 545 -0.506291
535 635 0.023402
536 537 -0.975170
536 546 -1.444104
536 636 -1.155411
537 538 1.265162
537 547 0.927267
537 637 -0.925787
538 539 0.476750
538 548 2.401957
538 638 -1.054295
539 530 -0.923615
539 549 -1.169193
539 639 -0.770816
540 541 0.274440
540 550 -0.636968
540 640 -0.414360
541 542 -1.226963
541 551 -0.047555
541 641 1.049110
542 543 0.885095
542 552 -0.751421
542 642 -0.441558
543 544 0.249143
543 553 0.436528
543 643 1.550529
544 545 0.455513
544 554 0.339545
544 644 0.358915
545 546 0.658857
545 555 -1.012849
545 645 0.065161
546 547 -0.066845
546 556 -1.353903
546 646 0.339002
547 548 0.417073
547 557 1.035536
547 647 0.328389
548 549 0.311726
548 558 -0.905051
548 648 0.830602
549 540 1.094631
549 559 -1.142291
549 649 -0.885471
550 551 1.369902
550 560 1.103010
550 650 1.004441
551 552 -0.537708
551 561 2.766235
551 651 -0.938228
552 553 0.718265
552 562 0.154297
552 652 -0.894727
553 554 -0.958577
553 563 -0.529809
553 653 -0.646464
554 555 -0.898354
554 564 -0.625173
554 654 0.635826
555 556 -0.125963
555 565 -0.088114
555 655 0.051055
556 557 -0.935829
556 566 0.201180
556 656 0.265719
557 558 -2.488166
557 567 1.613787
557 657 0.079355
558 559 -1.212832
558 568 2.149637
558 658 -0.836610
559 550 0.272293
559 569 1.261195
559 659 0.265071
560 561 -0.145517
560 570 -0.788451
560 660 0.751725
561 562 -1.038077
561 571 -0.598502
561 661 -0.795989
562 563 0.553432
562 572 -1.583956
562 662 -1.020203
563 564 -0.451572
563 573 1.102078
563 663 -0.678655
564 565 -0.879407
564 574 -0.356579
564 664 0.646911
565 566 -1.037285
565 575 0.124550
565 665 0.038773
566 567 -0.842250
566 576 0.118600
566 666 -0.540319
567 568 -1.389480
567 577 0.985777
567 667 1.169459
568 569 -0.453635
568 578 -0.270674
568 668 0.320617
569 560 -1.106087
569 579 1.097954
569 669 -1.118905
570 571 0.657355
570 580 1.025424
570 670 -0.214224
571 572 -2.276866
571 581 0.299257
571 671 1.237443
572 573 -0.920685
572 582 -1.063246
572 672 0.247106
573 574 -1.168201
573 583 -0.528159
573 673 -1.209071
574 575 0.541328
574 584 -1.302184
574 674 0.203082
575 576 -0.458404
575 585 0.858742
575 675 -0.557387
576 577 0.850356
576 586 -0.289596
576 676 0.864663
577 578 -0.469974
577 587 -0.147022
577 677 0.104719
578 579 -1.211862
578 588 0.629283
578 678 -0.772239
579 570 1.824117
579 589 -0.699266
579 679 1.223360
580 581 -0.379590
580 590 -0.724597
580 680 0.351284
581 582 -1.112267
581 591 0.832846
581 681 0.408696
582 583 0.398481
582 592 -0.304723
582 682 1.672654
583 584 -1.287113
583 593 -0.714876
583 683 0.620865
584 585 2.551503
584 594 1.363003
584 684 1.381133
585 586 -0.802308
585 595 0.669938
585 685 -1.622240
586 587 1.717939
586 596 -0.694815
586 686 1.391064
587 588 0.175857
587 597 -1.116653
587 687 0.694801
588 589 -1.402292
588 598 0.389962
588 688 1.312700
589 580 0.994306
589 599 0.400382
589 689 -0.485684
590 591 -0.578463
590 500 -0.682908
590 690 -1.321156
591 592 -0.116267
591 501 -0.153197
591 691 0.193916
592 593 1.431507
592 502 -0.011033
592 692 1.531652
593 594 0.639531
593 503 0.916741
593 693 0.497298
594 595 1.092511
594 504 -0.295937
594 694 0.587538
595 596 1.638845
595 505 -0.820384
595 695 1.170921
596 597 -0.522989
596 506 -1.632672
596 696 -0.977360
597 598 -0.278009
597 507 -0.447082
597 697 0.918492
598 599 -1.439578
598 508 -1.000382
598 698 0.315809
599 590 -1.094020
599 509 0.465908
599 699 -1.262199
600 601 -1.408950
600 610 0.554303
600 700 0.507194
601 602 -0.893498
601 611 1.625603
601 701 -1.578565
602 603 -0.851083
602 612 1.095269
602 702 -1.528707
603 604 0.284007
603 613 0.793696
603 703 -0.063885
604 605 -0.482475
604 614 1.337850
604 704 1.194266
605 606 -1.330197
605 615 -0.767744
605 705 0.803259
606 607 0.781050
606 616 0.907510
606 706 0.560952
607 608 -0.534402
607 617 1.396761
607 707 0.663070
608 609 1.401781
608 618 -0.576111
608 708 -0.182787
609 600 1.992655
609 619 -0.190845
609 709 -0.585923
610 611 -0.556944
610 620 1.652224
610 710 -0.018646
611 612 -1.209638
611 621 -0.150725
611 711 0.827131
612 613 -0.602421
612 622 -0.366465
612 712 0.391354
613 614 0.159600
613 623 -0.474501
613 713 -2.102826
614 615 1.383277
614 624 -0.266503
614 714 -0.134958
615 616 -0.842363
615 625 1.325424
615 715 1.108063
616 617 1.553287
616 626 0.206083
616 716 -1.570315
617 618 0.276890
617 627 -0.042881
617 717 1.103511
618 619 0.093759
618 628 0.823819
618 718 -0.260634
619 610 0.486386
619 629 0.316214
619 719 -0.283238
620 621 -0.003772
620 630 0.410753
620 720 1.294995
621 622 -1.128587
621 631 -1.666960
621 721 0.966193
622 623 0.363280
622 632 1.630346
622 722 3.078230
623 624 -0.086371
623 633 -1.237063
623 723 0.399143
624 625 -1.612389
624 634 0.819949
624 724 -1.142346
625 626 -0.519883
625 635 -0.101299
625 725 0.948840
626 627 -0.091811
626 636 -0.174083
626 726 -0.815573
627 628 -0.887142
627 637 -1.704684
627 727 0.023007
628 629 -0.981053
628 638 -1.267487
628 728 0.317626
629 620 0.306103
629 639 -0.309082
629 729 -0.442622
630 631 -0.865397
630 640 -0.113447
630 730 0.718182
631 632 -0.333566
631 641 0.893920
631 731 -0.593328
632 633 -0.172325
632 642 -0.457191
632 732 0.270486
633 634 -0.609105
633 643 0.423054
633 733 -0.138479
634 635 0.040647
634 644 0.086419
634 734 -2.872414
635 636 1.709237
635 645 -0.256306
635 735 1.017798
636 637 -1.260925
636 646 0.739609
636 736 0.301965
637 638 -0.654290
637 647 -0.467093
637 737 0.245731
638 639 -1.159147
638 648 -1.399616
638 738 0.345769
639 630 0.447562
639 649 0.717594
639 739 -0.006823
640 641 -0.364624
640 650 -0.760111
640 740 -1.731844
641 642 -0.412805
641 651 -0.133647
641 741 0.527086
642 643 -0.961951
642 652 0.145821
642 742 1.661191
643 644 0.413198
643 653 1.105332
643 743 -0.098296
644 645 -0.579704
644 654 -1.475762
644 744 -0.260020
645 646 -1.492211
645 655 -0.546907
645 745 0.123399
646 647 -1.176911
646 656 0.530289
646 746 -0.898338
647 648 -1.106106
647 657 -0.085022
647 747 0.479546
648 649 1.258932
648 658 1.052227
648 748 -0.013065
649 640 1.725544
649 659 0.402141
649 749 0.477665
650 651 0.559376
650 660 -0.772161
650 750 -0.060966
651 652 0.257193
651 661 -0.310302
651 751 -1.427006
652 653 0.237846
652 662 -0.140245
652 752 1.089199
653 654 0.697658
653 663 -1.472634
653 753 -0.283917
654 655 -0.622662
654 664 0.755305
654 754 0.316719
655 656 -0.207628
655 665 -1.672235
655 755 1.344434
656 657 -0.602712
656 666 -1.787417
656 756 2.239981
657 658 -0.050223
657 667 -1.945744
657 757 -0.977365
658 659 0.224812
658 668 0.285614
658 758 0.568427
659 650 0.653299
659 669 0.250279
659 759 -0.213707
660 661 -0.791291
660 670 -0.236720
660 760 0.147241
661 662 0.457006
661 671 -1.185891
661 761 1.820989
662 663 0.595570
662 672 0.574898
662 762 0.885746
663 664 -0.587692
663 673 -0.210558
663 763 -1.391913
664 665 0.999721
664 674 0.432420
664 764 0.210325
665 666 -0.891296
665 675 0.484115
665 765 -0.444039
666 667 -1.439162
666 676 0.495530
666 766 -1.128689
667 668 -2.092103
667 677 1.184544
667 767 -0.274064
668 669 -0.997203
668 678 0.247383
668 768 1.001385
669 660 0.820071
669 679 -0.368000
669 769 -1.328450
670 671 2.058130
670 680 -0.474417
670 770 0.303810
671 672 0.062707
671 681 1.570121
671 771 1.990342
672 673 -0.041906
672 682 0.148523
672 772 -0.729486
673 674 -0.173939
673 683 -3.412802
673 773 -1.980100
674 675 -0.848166
674 684 0.094747
674 774 0.071716
675 676 0.292918
675 685 -0.203436
675 775 0.070086
676 677 -0.460140
676 686 0.971682
676 776 -1.096194
677 678 2.934034
677 687 -0.760167
677 777 0.546520
678 679 -1.741643
678 688 0.602628
678 778 -0.853787
679 670 1.364887
679 689 0.038926
679 779 0.384255
680 681 0.469776
680 690 -0.302119
680 780 -1.494546
681 682 -1.351681
681 691 -1.957234
681 781 -2.693124
682 683 0.367445
682 692 -1.500658
682 782 -0.070694
683 684 -0.423105
683 693 -0.931159
683 783 0.565363
684 685 -0.932754
684 694 0.120088
684 784 -0.118552
685 686 -0.001513
685 695 0.792561
685 785 0.194028
686 687 1.201898
686 696 -0.731615
686 786 0.663042
687 688 0.283739
687 697 -0.562943
687 787 1.133820
688 689 -0.401372
688 698 -1.269817
688 788 1.047672
689 680 -0.796135
689 699 -0.309833
689 789 -0.801422
690 691 0.301030
690 600 -0.497717
690 790 0.534531
691 692 -0.127482
691 601 -0.784939
691 791 0.076296
692 693 0.012300
692 602 0.853755
692 792 0.066046
693 694 -1.550958
693 603 0.819015
693 793 -0.241148
694 695 -1.345976
694 604 -1.961335
694 794 0.320853
695 696 -1.663494
695 605 0.798299
695 795 -0.124010
696 697 -0.355653
696 606 0.693276
696 796 -0.998220
697 698 0.580878
697 607 -1.190700
697 797 -0.021633
698 699 0.344968
698 608 0.698513
698 798 -0.054558
699 690 -1.472816
699 609 0.917147
699 799 1.649962
700 701 -0.583276
700 710 -0.352203
700 800 -1.113861
701 702 -0.692252
701 711 -0.546606
701 801 -0.136801
702 703 -0.143439
702 712 -0.085382
702 802 0.003665
703 704 0.526451
703 713 -0.065654
703 803 1.229845
704 705 2.199898
704 714 -1.034102
704 804 -0.586733
705 706 1.172330
705 715 0.327821
705 805 0.195439
706 707 -2.194599
706 716 -0.862653
706 806 -1.582528
707 708 0.886344
707 717 -0.365515
707 807 -0.210107
708 709 0.002776
708 718 -0.189211
708 808 -0.559403
709 700 0.659618
709 719 1.239875
709 809 -0.580140
710 711 -0.032357
710 720 0.551625
710 810 -0.254308
711 712 -0.883412
711 721 1.623219
711 811 0.017861
712 713 -0.812865
712 722 1.245652
712 812 -1.713897
713 714 2.231888
713 723 0.431232
713 813 -0.207264
714 715 -0.720490
714 724 -1.815706
714 814 -0.031528
715 716 -1.170708
715 725 -1.544167
715 815 -0.447552
716 717 -0.461610
716 726 -1.322786
716 816 0.026474
717 718 1.250354
717 727 0.057167
717 817 1.460579
718 719 -0.091636
718 728 -0.770230
718 818 1.423096
719 710 0.751016
719 729 1.012593
719 819 -0.654990
720 721 -0.049583
720 730 -0.399919
720 820 0.814406
721 722 -0.309835
721 731 -0.035049
721 821 -0.901258
722 723 -0.928920
722 732 -0.387301
722 822 0.225047
723 724 -0.543730
723 733 -1.076577
723 823 -0.127762
724 725 -1.069313
724 734 0.778062
724 824 -0.399949
725 726 -1.932806
725 735 -0.913567
725 825 -0.496705
726 727 -0.165311
726 736 -0.664027
726 826 0.217116
727 728 -0.889661
727 737 -1.009638
727 827 0.795513
728 729 -1.047809
728 738 0.829331
728 828 -0.203549
729 720 -0.426558
729 739 -0.650570
729 829 0.193321
730 731 0.633252
730 740 0.802564
730 830 -0.891901
731 732 1.201017
731 741 1.191905
731 831 0.658529
732 733 1.578556
732 742 -0.651783
732 832 0.310815
733 734 0.665498
733 743 -1.068126
733 833 0.504662
734 735 -1.131025
734 744 -0.879690
734 834 -1.015343
735 736 -0.740577
735 745 0.705213
735 835 0.845020
736 737 0.437544
736 746 -1.418010
736 836 -0.425830
737 738 0.546397
737 747 -1.425075
737 837 1.576759
738 739 0.605783
738 748 -1.223353
738 838 0.234395
739 730 0.138189
739 749 -0.452800
739 839 1.824332
740 741 0.031212
740 750 0.002665
740 840 0.130996
741 742 0.325084
741 751 -0.772096
741 841 -0.336341
742 743 -1.010529
742 752 -0.059435
742 842 -0.431757
743 744 -1.915244
743 753 1.804513
743 843 -1.682044
744 745 -0.053317
744 754 -0.728616
744 844 -0.825972
745 746 1.340599
745 755 -0.079073
745 845 -0.499818
746 747 -0.469755
746 756 1.425515
746 846 -0.694802
747 748 -0.166895
747 757 0.552318
747 847 0.065108
748 749 1.314439
748 758 -0.009882
748 848 -1.260827
749 740 -0.685277
749 759 -0.680420
749 849 -1.985032
750 751 0.464850
750 760 -1.496299
750 850 -0.267792
751 752 -1.660704
751 761 -0.319839
751 851 1.049319
752 753 -1.612594
752 762 -0.067880
752 852 -0.943402
753 754 0.854718
753 763 -1.058550
753 853 -0.457977
754 755 0.707149
754 764 -1.492673
754 854 -0.030033
755 756 0.148299
755 765 0.401537
755 855 0.877388
756 757 -0.179585
756 766 0.272955
756 856 -0.257534
757 758 1.901631
757 767 -0.158286
757 857 0.379618
758 759 -1.105678
758 768 -0.780092
758 858 -0.109928
759 750 0.729455
759 769 -0.321818
759 859 -1.179981
760 761 -1.859691
760 770 1.857275
760 860 -0.620376
761 762 -1.318037
761 771 -1.249219
761 861 2.030423
762 763 0.134223
762 772 1.962379
762 862 0.705773
763 764 -0.424272
763 773 -1.176591
763 863 -0.509954
764 765 -0.694147
764 774 -0.328338
764 864 -2.356550
765 766 -0.344326
765 775 -0.707173
765 865 -1.322370
766 767 -0.355960
766 776 1.506758
766 866 0.254089
767 768 0.013934
767 777 0.616580
767 867 1.910166
768 769 -0.014959
768 778 -0.132261
768 868 -0.360138
769 760 0.193433
769 779 -1.152691
769 869 0.354780
770 771 2.474526
770 780 -0.057308
770 870 0.736410
771 772 -0.686280
771 781 -1.047421
771 871 -0.075295
772 773 1.701586
772 782 0.775194
772 872 -0.141183
773 774 -0.081783
773 783 -0.236884
773 873 -0.630657
774 775 -0.548318
774 784 1.257658
774 874 -0.037794
775 776 -1.132662
775 785 -1.204619
775 875 -0.440950
776 777 -0.556335
776 786 -0.089536
776 876 -0.126149
777 778 -0.009470
777 787 0.526634
777 877 0.699600
778 779 1.597927
778 788 -1.300642
778 878 1.002831
779 770 0.514458
779 789 1.026776
779 879 1.762945
780 781 -0.099980
780 790 0.650781
780 880 0.771485
781 782 0.519086
781 791 1.473387
781 881 -0.518800
782 783 1.020585
782 792 0.612204
782 882 -0.098282
783 784 1.693404
783 793 1.163856
783 883 -0.689226
784 785 -1.542285
784 794 -0.825395
784 884 -0.206570
785 786 -0.385751
785 795 -0.926893
785 885 -0.947747
786 787 0.283932
786 796 -0.619105
786 886 1.481838
787 788 0.466864
787 797 0.287856
787 887 0.689486
788 789 1.354954
788 798 0.406484
788 888 -0.465682
789 780 0.845205
789 799 -0.647996
789 889 0.079331
790 791 -0.655286
790 700 0.796919
790 890 -0.248579
791 792 1.342681
791 701 0.824775
791 891 -1.740446
792 793 -1.659137
792 702 -1.119394
792 892 -0.287139
793 794 -0.007713
793 703 0.239028
793 893 -1.043913
794 795 -1.464179
794 704 0.883118
794 894 -0.432668
795 796 0.366690
795 705 0.818868
795 895 2.223413
796 797 0.460479
796 706 1.724269
796 896 -1.169985
797 798 1.799001
797 707 1.462333
797 897 1.666182
798 799 0.308497
798 708 -0.348292
798 898 -1.347856
799 790 0.700937
799 709 -0.424495
799 899 -0.282734
800 801 -0.300885
800 810 0.644815
800 900 0.913095
801 802 0.635186
801 811 -0.143985
801 901 0.062259
802 803 -0.351793
802 812 0.983550
802 902 0.636657
803 804 0.576936
803 813 -1.517432
803 903 -0.244988
804 805 1.333485
804 814 0.522649
804 904 0.386071
805 806 0.083920
805 815 -0.897668
805 905 2.329293
806 807 -0.817717
806 816 0.982934
806 906 -0.753889
807 808 -0.895807
807 817 -0.803410
807 907 -0.349072
808 809 -1.361621
808 818 1.301674
808 908 -0.314568
809 800 -0.930630
809 819 1.700002
809 909 -1.412887
810 811 -0.714156
810 820 -0.157929
810 910 -0.655137
811 812 -0.465541
811 821 -0.642709
811 911 0.646034
812 813 1.263104
812 822 -0.150586
812 912 0.594554
813 814 -1.571217
813 823 -0.647754
813 913 0.245355
814 815 1.632612
814 824 -0.835080
814 914 -0.159295
815 816 0.561990
815 825 1.067527
815 915 -1.518095
816 817 -0.016340
816 826 -0.034898
816 916 0.508616
817 818 0.333867
817 827 -0.074164
817 917 -0.763087
818 819 0.167791
818 828 -0.181520
818 918 -1.513102
819 810 1.088231
819 829 -1.364286
819 919 -0.628363
820 821 0.647176
820 830 -0.655742
820 920 -0.851968
821 822 0.793115
821 831 0.557527
821 921 -1.214881
822 823 -0.278461
822 832 -0.114947
822 922 0.718429
823 824 1.082686
823 833 1.432062
823 923 0.597052
824 825 -1.855138
824 834 0.513327
824 924 -0.233654
825 826 -0.039530
825 835 0.358039
825 925 0.536074
826 827 -0.549346
826 836 1.571123
826 926 -1.987542
827 828 -1.208571
827 837 0.657392
827 927 -0.700823
828 829 0.585091
828 838 1.371750
828 928 -0.469181
829 820 0.417457
829 839 -0.327163
829 929 1.105586
830 831 -2.119196
830 840 -0.483178
830 930 0.172914
831 832 1.225706
831 841 -0.970503
831 931 0.200688
832 833 0.337356
832 842 0.949392
832 932 1.566258
833 834 -0.815411
833 843 -0.448750
833 933 0.904025
834 835 -1.103129
834 844 1.339650
834 934 0.034130
835 836 -0.059403
835 845 -0.735655
835 935 -0.692628
836 837 0.438743
836 846 0.682562
836 936 0.510755
837 838 0.502018
837 847 -0.741370
837 937 0.021794
838 839 1.320841
838 848 -0.045750
838 938 -0.406788
839 830 -0.304905
839 849 0.720940
839 939 0.183719
840 841 1.283260
840 850 -0.205868
840 940 -3.983596
841 842 0.517656
841 851 -1.674649
841 941 -2.049600
842 843 -0.214914
842 852 0.355949
842 942 0.290651
843 844 1.194128
843 853 0.166997
843 943 -0.828358
844 845 -0.735701
844 854 -1.906519
844 944 -1.258904
845 846 1.811139
845 855 0.539884
845 945 -0.778149
846 847 1.176182
846 856 -0.367637
846 946 1.616756
847 848 -0.398093
847 857 0.082577
847 947 0.086641
848 849 2.362096
848 858 0.207187
848 948 -0.106272
849 840 -2.019702
849 859 1.304169
849 949 -2.469354
850 851 -1.771800
850 860 0.065832
850 950 -1.628656
851 852 0.461076
851 861 0.035309
851 951 -0.301211
852 853 1.231920
852 862 1.188273
852 952 1.511555
853 854 1.918436
853 863 0.847153
853 953 -0.768932
854 855 1.132367
854 864 -0.505756
854 954 -0.555431
855 856 0.248720
855 865 -0.722168
855 955 1.083296
856 857 -0.234559
856 866 -0.224037
856 956 -0.928334
857 858 -0.695044
857 867 1.164265
857 957 -1.157975
858 859 -1.203150
858 868 0.138921
858 958 -0.384966
859 850 -1.512097
859 869 0.769003
859 959 0.068139
860 861 1.146040
860 870 1.637743
860 960 1.447529
861 862 -0.790956
861 871 0.323883
861 961 0.281989
862 863 0.251335
862 872 -1.995843
862 962 0.363275
863 864 -1.250610
863 873 -0.039170
863 963 0.302224
864 865 -0.159057
864 874 -0.627048
864 964 -0.431017
865 866 -1.917767
865 875 1.380412
865 965 1.695333
866 867 2.475940
866 876 -1.026791
866 966 0.270777
867 868 0.507103
867 877 0.052162
867 967 -0.259220
868 869 1.171448
868 878 0.943635
868 968 2.097602
869 860 1.131727
869 879 -0.028577
869 969 -0.579825
870 871 0.872657
870 880 1.326102
870 970 -0.963788
871 872 -0.345829
871 881 -0.261267
871 971 0.742777
872 873 -0.060475
872 882 -1.111131
872 972 0.249398
873 874 -1.095079
873 883 -0.666874
873 973 1.081818
874 875 -0.278606
874 884 -0.146621
874 974 -1.455906
875 876 -0.470312
875 885 2.660354
875 975 2.304030
876 877 -1.085671
876 886 0.325486
876 976 -0.233343
877 878 -0.113188
877 887 -1.022840
877 977 -0.337452
878 879 0.500850
878 888 0.221419
878 978 1.522298
879 870 1.088004
879 889 -1.210460
879 979 -0.350455
880 881 0.290452
880 890 -0.110459
880 980 -1.119777
881 882 1.557883
881 891 0.985709
881 981 -0.794970
882 883 0.622731
882 892 -1.093176
882 982 0.837506
883 884 -0.517561
883 893 -1.570484
883 983 -1.215473
884 885 0.346322
884 894 -0.964468
884 984 -0.350624
885 886 -0.761543
885 895 0.240429
885 985 -2.515830
886 887 0.326136
886 896 -0.791057
886 986 0.092225
887 888 -1.133923
887 897 0.951467
887 987 1.055421
888 889 -0.337094
888 898 0.075648
888 988 0.505055
889 880 -0.428251
889 899 2.438482
889 989 -0.730102
890 891 -0.048037
890 800 -1.083737
890 990 0.326666
891 892 -0.790308
891 801 1.564959
891 991 1.166925
892 893 0.343957
892 802 0.051077
892 992 -1.127236
893 894 0.193694
893 803 1.322097
893 993 2.248338
894 895 -1.248165
894 804 -0.514272
894 994 -1.340890
895 896 2.040820
895 805 -0.178469
895 995 -1.466307
896 897 -0.426995
896 806 0.224455
896 996 -1.438433
897 898 0.081198
897 807 0.134147
897 997 0.544030
898 899 -1.051690
898 808 -2.407618
898 998 -1.483790
899 890 1.273146
899 809 0.449752
899 999 -1.663124
900 901 0.529945
900 910 -0.262244
900 0 -0.588997
901 902 -0.188340
901 911 -0.617777
901 1 0.143599
902 903 1.136302
902 912 1.035267
902 2 0.166900
903 904 0.624021
903 913 -0.657115
903 3 -0.178388
904 905 0.009885
904 914 -0.302499
904 4 0.797678
905 906 -0.786489
905 915 0.070974
905 5 -1.738346
906 907 0.775006
906 916 1.379062
906 6 -0.673406
907 908 -0.377818
907 917 1.417853
907 7 0.410900
908 909 -0.238806
908 918 -1.525828
908 8 1.545849
909 900 -0.163344
909 919 1.572251
909 9 -1.965512
910 911 -0.516395
910 920 0.622891
910 10 -1.283881
911 912 -0.490774
911 921 -1.574047
911 11 -0.842718
912 913 -0.268830
912 922 0.872859
912 12 1.340456
913 914 0.236524
913 923 0.320570
913 13 -0.213927
914 915 0.019173
914 924 0.672117
914 14 -0.720190
915 916 -1.585587
915 925 1.713782
915 15 -1.215025
916 917 0.244175
916 926 -0.064691
916 16 1.315329
917 918 -0.830495
917 927 -0.508748
917 17 -0.429176
918 919 2.307848
918 928 -0.001772
918 18 -0.022874
919 910 0.105915
919 929 0.932212
919 19 -0.614936
920 921 -0.054381
920 930 -1.245660
920 20 -0.282240
921 922 -1.168871
921 931 -1.300098
921 21 0.044377
922 923 0.363930
922 932 -0.968995
922 22 1.007834
923 924 0.525094
923 933 0.895830
923 23 0.770340
924 925 1.679457
924 934 -1.284186
924 24 -0.449471
925 926 -0.932148
925 935 0.218205
925 25 -2.199275
926 927 -0.715625
926 936 1.296911
926 26 1.014753
927 928 -0.774680
927 937 -0.686034
927 27 0.306303
928 929 -0.168813
928 938 -0.746811
928 28 -0.630316
929 920 0.218446
929 939 -0.888142
929 29 0.025579
930 931 0.606384
930 940 0.092480
930 30 -0.253046
931 932 -0.913555
931 941 2.013729
931 31 -1.695589
932 933 -0.259065
932 942 0.213845
932 32 0.934474
933 934 -0.375951
933 943 0.595786
933 33 -1.262896
934 935 0.829259
934 944 0.312179
934 34 -0.465526
935 936 0.148371
935 945 -0.017779
935 35 -0.672711
936 937 -1.091758
936 946 0.667411
936 36 -0.716104
937 938 0.849035
937 947 0.242061
937 37 -0.135728
938 939 1.974236
938 948 1.706383
938 38 -1.503173
939 930 1.367291
939 949 -0.221333
939 39 1.661685
940 941 0.462912
940 950 -0.072218
940 40 -0.498630
941 942 0.911625
941 951 -0.351053
941 41 -1.103248
942 943 -0.086402
942 952 -0.239298
942 42 -1.149102
943 944 -0.903503
943 953 1.707071
943 43 -0.536767
944 945 -0.160439
944 954 -1.708744
944 44 -0.708797
945 946 -0.598805
945 955 -2.237347
945 45 0.579183
946 947 -1.986938
946 956 0.602937
946 46 -1.163822
947 948 -1.509604
947 957 -0.010194
947 47 -0.456266
948 949 0.561893
948 958 0.283469
948 48 -0.559920
949 940 -0.540521
949 959 -0.813394
949 49 -1.099479
950 951 1.143195
950 960 2.119736
950 50 -1.043351
951 952 1.237743
951 961 -0.203057
951 51 2.025041
952 953 -0.683878
952 962 -0.541100
952 52 -0.081160
953 954 -0.532210
953 963 -2.319168
953 53 0.369817
954 955 -0.615997
954 964 -0.824444
954 54 -1.158688
955 956 2.382319
955 965 0.426038
955 55 0.589566
956 957 0.499795
956 966 0.934180
956 56 0.372012
957 958 -0.300075
957 967 -1.491520
957 57 -0.293317
958 959 0.572281
958 968 -0.184593
958 58 0.407661
959 950 -0.987664
959 969 -1.153805
959 59 -0.674998
960 961 -0.368224
960 970 -1.949215
960 60 -1.910054
961 962 -1.175057
961 971 -0.901536
961 61 -1.105098
962 963 2.262332
962 972 0.807448
962 62 -0.745528
963 964 0.851445
963 973 -1.342820
963 63 0.902718
964 965 -1.170855
964 974 -0.353649
964 64 -0.105517
965 966 0.889598
965 975 1.254829
965 65 -1.010566
966 967 0.216580
966 976 -2.035262
966 66 -1.182596
967 968 0.035098
967 977 -0.774280
967 67 0.310436
968 969 1.194167
968 978 0.356721
968 68 0.018947
969 960 -1.885234
969 979 -0.292416
969 69 -0.560606
970 971 -1.686337
970 980 0.178116
970 70 -0.467915
971 972 -0.917533
971 981 -0.232807
971 71 0.548110
972 973 0.735961
972 982 -0.420654
972 72 -0.890822
973 974 -0.357944
973 983 -0.555989
973 73 1.329812
974 975 -0.883699
974 984 1.301295
974 74 0.250056
975 976 1.382800
975 985 0.555026
975 75 -0.690056
976 977 -0.140057
976 986 1.348393
976 76 -0.873001
977 978 -1.257541
977 987 1.189103
977 77 0.686626
978 979 -1.332269
978 988 0.724029
978 78 1.006783
979 970 1.161627
979 989 0.103478
979 79 0.632676
980 981 0.073925
980 990 -0.075674
980 80 1.247480
981 982 0.466428
981 991 0.647903
981 81 -0.634925
982 983 -0.747442
982 992 0.083903
982 82 -0.869333
983 984 -0.121143
983 993 1.272720
983 83 -1.422196
984 985 -1.430424
984 994 0.792180
984 84 -0.788551
985 986 0.395571
985 995 1.172507
985 85 -0.096432
986 987 -0.477767
986 996 0.281246
986 86 1.383855
987 988 0.010359
987 997 -0.668889
987 87 -0.012675
988 989 -0.449385
988 998 0.221284
988 88 -0.436739
989 980 1.024781
989 999 0.360855
989 89 -0.040875
990 991 1.395037
990 900 0.497701
990 90 -0.113575
991 992 -0.394626
991 901 -0.274143
991 91 -0.263275
992 993 0.799124
992 902 -1.644696
992 92 -0.105953
993 994 -2.044465
993 903 -0.412008
993 93 0.717301
994 995 -0.593710
994 904 -0.357952
994 94 -0.814533
995 996 -1.417003
995 905 -1.611028
995 95 -0.571852
996 997 -0.985660
996 906 -0.093626
996 96 -0.612631
997 998 2.571320
997 907 0.853653
997 97 1.281667
998 999 -1.847573
998 908 -1.088798
998 98 -1.349653
999 990 -0.304639
999 909 -0.793082
999 99 -0.687475
