0 1 -0.827491
0 10 0.308166
0 100 0.012666
1 2 -0.893100
1 11 0.651420
1 101 0.154906
2 3 -0.357620
2 12 -0.375997
2 102 -1.955079
3 4 -1.845628
3 13 -1.683401
3 103 -1.091898
4 5 1.781554
4 14 -1.054644
4 104 0.907022
5 6 -0.281908
5 15 1.742583
5 105 1.819095
6 7 -0.187029
6 16 1.322348
6 106 -0.830198
7 8 -0.932275
7 17 0.421285
7 107 0.377483
8 9 -0.570612
8 18 1.075615
8 108 0.589443
9 0 -0.019107
9 19 0.055592
9 109 0.108792
10 11 -0.502721
10 20 -1.307843
10 110 -0.845166
11 12 -1.250375
11 21 0.925835
11 111 0.667239
12 13 1.759207
12 22 -1.685743
12 112 1.098119
13 14 -0.342034
13 23 -0.026340
13 113 0.660366
14 15 -0.549174
14 24 -1.107900
14 114 -0.620632
15 16 -0.894593
15 25 1.837022
15 115 0.024261
16 17 -0.920603
16 26 -0.432750
16 116 -0.642353
17 18 -0.290396
17 27 0.167142
17 117 0.605681
18 19 0.396648
18 28 1.327591
18 118 -0.280281
19 10 -0.741426
19 29 0.039135
19 119 -0.619622
20 21 -0.112826
20 30 0.265173
20 120 0.852075
21 22 2.042437
21 31 -1.162854
21 121 -1.454026
22 23 -0.212394
22 32 -1.875638
22 122 -0.842686
23 24 0.597850
23 33 -0.445503
23 123 -1.553117
24 25 -1.117868
24 34 2.393957
24 124 0.065145
25 26 -0.026681
25 35 -1.121001
25 125 0.942048
26 27 -0.461145
26 36 1.377222
26 126 0.804142
27 28 -0.268958
27 37 0.831247
27 127 1.389502
28 29 -0.898840
28 38 0.860902
28 128 -2.081650
29 20 1.089142
29 39 -1.376370
29 129 -0.484820
30 31 1.215230
30 40 0.577423
30 130 0.913627
31 32 1.046324
31 41 -1.436448
31 131 -0.524018
32 33 -0.825413
32 42 -2.583192
32 132 1.192466
33 34 -0.463386
33 43 0.689628
33 133 1.617107
34 35 1.281216
34 44 0.333744
34 134 0.350130
35 36 -0.874607
35 45 0.077950
35 135 2.752989
36 37 0.000418
36 46 0.203365
36 136 -0.702289
37 38 2.061262
37 47 0.532169
37 137 0.317480
38 39 0.140786
38 48 -0.137244
38 138 0.357843
39 30 1.757161
39 49 -1.701489
39 139 -0.091513
40 41 0.559214
40 50 0.249886
40 140 0.012816
41 42 -0.915443
41 51 -0.446785
41 141 -0.004457
42 43 -0.361364
42 52 1.292828
42 142 -0.247873
43 44 0.853454
43 53 -0.156444
43 143 0.521069
44 45 -0.879928
44 54 -1.397435
44 144 -1.333307
45 46 0.889681
45 55 0.483943
45 145 -0.384968
46 47 -0.836781
46 56 0.654186
46 146 1.388650
47 48 1.713840
47 57 0.835394
47 147 -1.223476
48 49 1.851588
48 58 1.338624
48 148 -0.421577
49 40 -1.161944
49 59 0.653393
49 149 0.354129
50 51 0.446746
50 60 -0.135342
50 150 -0.467562
51 52 -0.273425
51 61 -0.146702
51 151 0.613809
52 53 -0.134149
52 62 -0.035630
52 152 0.277617
53 54 0.337527
53 63 -0.297001
53 153 -1.192817
54 55 -1.204535
54 64 -0.618223
54 154 0.889517
55 56 -0.525746
55 65 0.607175
55 155 -1.070825
56 57 0.963912
56 66 -0.638246
56 156 0.706551
57 58 0.139170
57 67 -0.108067
57 157 -1.607651
58 59 -0.446637
58 68 -0.288392
58 158 0.707693
59 50 0.048507
59 69 2.314322
59 159 -2.170177
60 61 -0.962160
60 70 1.342482
60 160 0.968887
61 62 -0.338145
61 71 -0.372943
61 161 0.577136
62 63 0.405479
62 72 -0.416031
62 162 -2.302223
63 64 0.627090
63 73 1.543532
63 163 2.550150
64 65 0.389036
64 74 -0.504590
64 164 0.094164
65 66 0.646692
65 75 -1.334440
65 165 1.638094
66 67 -1.027108
66 76 0.490449
66 166 -0.799341
67 68 0.685640
67 77 0.856648
67 167 -0.351138
68 69 -0.980750
68 78 1.076661
68 168 -0.875042
69 60 -0.519918
69 79 2.151793
69 169 -1.438920
70 71 -1.072865
70 80 -0.069681
70 170 -0.334278
71 72 0.238972
71 81 0.192201
71 171 0.005635
72 73 -0.808830
72 82 -0.101279
72 172 -0.361432
73 74 1.345385
73 83 0.766055
73 173 0.545235
74 75 -1.576633
74 84 -0.111293
74 174 0.058254
75 76 -1.588049
75 85 0.969860
75 175 0.464297
76 77 2.390144
76 86 -0.884797
76 176 0.930041
77 78 -0.862431
77 87 0.402054
77 177 -0.528475
78 79 0.622681
78 88 0.122530
78 178 0.554488
79 70 -0.322929
79 89 0.862036
79 179 -0.266260
80 81 -0.194445
80 90 0.297111
80 180 1.336294
81 82 0.668568
81 91 0.646599
81 181 0.150603
82 83 -0.332622
82 92 -0.560184
82 182 0.595760
83 84 -0.863221
83 93 0.438740
83 183 -0.047885
84 85 1.394025
84 94 -0.248404
84 184 -0.732715
85 86 1.441222
85 95 0.477305
85 185 -0.831751
86 87 0.298739
86 96 -0.067653
86 186 -1.438357
87 88 0.275351
87 97 -0.903415
87 187 -0.703409
88 89 -1.491870
88 98 0.824044
88 188 1.020000
89 80 0.397139
89 99 0.047273
89 189 1.032989
90 91 -0.392517
90 0 0.786066
90 190 -0.507697
91 92 -1.069757
91 1 0.178148
91 191 1.961847
92 93 -0.166621
92 2 -1.356417
92 192 -1.552794
93 94 0.352766
93 3 0.144440
93 193 0.755537
94 95 -0.105490
94 4 1.050659
94 194 -0.027702
95 96 1.267650
95 5 1.401684
95 195 1.070377
96 97 -0.118237
96 6 0.618186
96 196 -0.239728
97 98 -1.307235
97 7 0.979632
97 197 1.402791
98 99 0.091371
98 8 -0.862053
98 198 -0.956652
99 90 0.852978
99 9 1.069704
99 199 0.967856
100 101 0.286507
100 110 1.856623
100 200 1.042773
101 102 -0.603316
101 111 0.156000
101 201 1.239500
102 103 1.346655
102 112 -0.977705
102 202 2.189789
103 104 0.809829
103 113 -0.391157
103 203 0.586837
104 105 -1.362438
104 114 1.005595
104 204 -0.763423
105 106 0.620996
105 115 -0.111392
105 205 -0.252826
106 107 -0.217305
106 116 -0.148809
106 206 -0.790151
107 108 0.558511
107 117 -0.863648
107 207 0.371207
108 109 0.426863
108 118 -1.676872
108 208 -0.154834
109 100 0.309841
109 119 1.096656
109 209 1.327982
110 111 -1.246250
110 120 -0.254031
110 210 1.147144
111 112 -1.477655
111 121 0.380704
111 211 -1.632122
112 113 -1.425965
112 122 -0.451254
112 212 -1.136980
113 114 -1.154489
113 123 0.940041
113 213 0.776660
114 115 -0.272777
114 124 0.402074
114 214 1.482932
115 116 0.599317
115 125 0.718524
115 215 -0.205872
116 117 -0.468161
116 126 0.884673
116 216 0.176739
117 118 -0.857381
117 127 -0.251668
117 217 -0.495294
118 119 -0.669075
118 128 -0.239048
118 218 -0.543415
119 110 1.155285
119 129 0.574086
119 219 -1.072380
120 121 0.525259
120 130 0.065897
120 220 1.277213
121 122 1.262358
121 131 1.316596
121 221 0.253101
122 123 -0.126815
122 132 -0.325666
122 222 0.357608
123 124 -0.258863
123 133 -1.409244
123 223 1.056479
124 125 -1.544767
124 134 1.014062
124 224 0.516184
125 126 0.661957
125 135 -2.609637
125 225 0.458901
126 127 -0.017306
126 136 -0.341440
126 226 0.038319
127 128 -0.487466
127 137 0.781334
127 227 0.747913
128 129 -1.464861
128 138 -1.091141
128 228 0.809165
129 120 -0.403480
129 139 2.559549
129 229 -0.015377
130 131 -0.607812
130 140 -0.527760
130 230 -0.120278
131 132 -0.778590
131 141 -0.924949
131 231 -0.801564
132 133 2.071004
132 142 -0.141256
132 232 -0.384902
133 134 -0.902336
133 143 0.092669
133 233 0.405352
134 135 0.179576
134 144 -0.654594
134 234 0.875996
135 136 -0.662500
135 145 -0.106620
135 235 -0.211897
136 137 -0.277742
136 146 -1.078356
136 236 -0.527366
137 138 0.818066
137 147 -0.939053
137 237 0.744171
138 139 -1.775089
138 148 1.425250
138 238 -0.306602
139 130 -1.704787
139 149 0.818118
139 239 -0.168559
140 141 0.732874
140 150 1.077969
140 240 -1.178482
141 142 1.683635
141 151 -0.086467
141 241 -1.412011
142 143 -1.182014
142 152 1.631581
142 242 -0.672798
143 144 2.707322
143 153 0.449516
143 243 2.261186
144 145 2.779413
144 154 0.140551
144 244 0.980440
145 146 0.449371
145 155 1.536946
145 245 2.661560
146 147 -0.952427
146 156 -0.688361
146 246 0.143413
147 148 0.566654
147 157 0.201046
147 247 -0.335485
148 149 -0.237756
148 158 1.289937
148 248 0.329074
149 140 -0.764415
149 159 -1.515222
149 249 1.160775
150 151 0.467788
150 160 -2.936917
150 250 0.076991
151 152 -1.232451
151 161 0.648229
151 251 0.642093
152 153 -0.203963
152 162 1.134662
152 252 0.178950
153 154 1.043390
153 163 0.794875
153 253 -1.163939
154 155 -0.067974
154 164 -1.203344
154 254 -0.510477
155 156 -1.408292
155 165 -0.171778
155 255 -0.161761
156 157 0.995560
156 166 -0.672618
156 256 0.625910
157 158 0.234478
157 167 -0.092128
157 257 -0.291230
158 159 0.257554
158 168 -0.131896
158 258 0.620683
159 150 0.398252
159 169 -0.127683
159 259 -1.324701
160 161 2.359007
160 170 1.773321
160 260 -0.147545
161 162 0.107727
161 171 -0.354463
161 261 1.230917
162 163 0.625707
162 172 -1.019117
162 262 2.370688
163 164 -0.319557
163 173 -0.221643
163 263 -1.182392
164 165 -1.206090
164 174 -0.408192
164 264 -0.144608
165 166 0.416058
165 175 -0.115372
165 265 0.916163
166 167 0.980545
166 176 -0.391433
166 266 0.119614
167 168 -0.098271
167 177 -0.989534
167 267 0.815667
168 169 -1.117848
168 178 1.313713
168 268 0.397375
169 160 0.087956
169 179 1.534017
169 269 -1.272030
170 171 0.579974
170 180 0.408373
170 270 0.009915
171 172 -1.233519
171 181 -0.170508
171 271 -0.987039
172 173 1.244846
172 182 -0.827475
172 272 -0.357182
173 174 0.498137
173 183 -0.272883
173 273 0.743309
174 175 -0.932413
174 184 0.464696
174 274 -0.956127
175 176 1.070379
175 185 -1.525958
175 275 -2.392328
176 177 -1.191226
176 186 -2.154705
176 276 1.278378
177 178 0.882978
177 187 -0.890890
177 277 0.399663
178 179 -1.110333
178 188 0.723813
178 278 -0.530637
179 170 0.947801
179 189 0.015942
179 279 0.506098
180 181 2.214622
180 190 -2.428016
180 280 -0.139487
181 182 -0.383100
181 191 1.811230
181 281 0.618789
182 183 1.132514
182 192 0.476766
182 282 0.266511
183 184 0.899202
183 193 -0.149294
183 283 1.969194
184 185 -0.453140
184 194 -1.580289
184 284 0.004358
185 186 0.077297
185 195 0.151163
185 285 0.000530
186 187 0.081550
186 196 -0.502886
186 286 0.774574
187 188 -0.088835
187 197 0.867818
187 287 -1.529849
188 189 -0.390788
188 198 -0.752707
188 288 0.698032
189 180 0.971795
189 199 2.022635
189 289 -1.141526
190 191 0.411402
190 100 -0.324315
190 290 -0.654852
191 192 1.005361
191 101 -0.259011
191 291 0.130242
192 193 1.462857
192 102 -0.719229
192 292 0.643311
193 194 -0.034484
193 103 -1.979002
193 293 -0.237340
194 195 0.148002
194 104 0.569160
194 294 0.560015
195 196 -1.035837
195 105 0.118519
195 295 -0.025706
196 197 -1.266444
196 106 -0.245934
196 296 1.616848
197 198 -0.205507
197 107 -0.409140
197 297 0.511821
198 199 -0.317284
198 108 1.665445
198 298 -0.997990
199 190 -1.081909
199 109 -0.736957
199 299 0.240172
200 201 -1.012967
200 210 -1.700842
200 300 2.359676
201 202 0.087766
201 211 1.383308
201 301 0.511865
202 203 -0.640204
202 212 0.049128
202 302 -0.546607
203 204 -0.633087
203 213 -2.055789
203 303 -0.242585
204 205 0.515663
204 214 0.056644
204 304 -0.494463
205 206 -0.033291
205 215 0.989747
205 305 -0.281022
206 207 -0.056501
206 216 -0.381200
206 306 1.210066
207 208 -1.671230
207 217 -0.355353
207 307 -1.717195
208 209 -0.567617
208 218 -2.174170
208 308 0.959449
209 200 -1.101806
209 219 0.468279
209 309 0.500677
210 211 1.073552
210 220 0.341561
210 310 1.034515
211 212 0.280295
211 221 -0.314107
211 311 -1.137085
212 213 -0.107124
212 222 1.821513
212 312 1.299165
213 214 -0.146213
213 223 0.499077
213 313 1.789728
214 215 -0.687652
214 224 0.896152
214 314 -0.219845
215 216 -0.563419
215 225 0.535717
215 315 -0.202891
216 217 -0.527768
216 226 0.076080
216 316 1.087426
217 218 -0.679948
217 227 0.765841
217 317 1.956186
218 219 -1.955723
218 228 0.121348
218 318 -0.769747
219 210 -0.579714
219 229 -1.454326
219 319 -0.361330
220 221 1.260603
220 230 0.439203
220 320 -0.268143
221 222 0.889594
221 231 -0.532673
221 321 1.284000
222 223 -0.364427
222 232 0.021181
222 322 -0.026141
223 224 1.259977
223 233 0.827512
223 323 1.118862
224 225 -1.248268
224 234 -0.472379
224 324 -1.108803
225 226 1.200020
225 235 -0.792716
225 325 -0.054427
226 227 -2.990125
226 236 -0.048865
226 326 1.541615
227 228 0.905799
227 237 -0.802331
227 327 0.558358
228 229 -0.297970
228 238 0.863916
228 328 0.585133
229 220 0.116319
229 239 -0.317703
229 329 0.510266
230 231 1.671541
230 240 0.751174
230 330 0.565436
231 232 1.054834
231 241 0.179190
231 331 0.017206
232 233 0.740193
232 242 1.631325
232 332 -0.622582
233 234 1.336213
233 243 -1.015824
233 333 0.460695
234 235 0.794644
234 244 1.887769
234 334 -0.339053
235 236 0.131661
235 245 -0.025854
235 335 2.129763
236 237 0.342222
236 246 -1.119966
236 336 -1.498577
237 238 -1.113203
237 247 0.040427
237 337 -1.281673
238 239 1.421617
238 248 -0.938052
238 338 0.079062
239 230 -2.305157
239 249 -0.502924
239 339 2.358373
240 241 1.004958
240 250 0.074577
240 340 1.002100
241 242 1.082221
241 251 -0.622150
241 341 1.481356
242 243 -0.495319
242 252 -0.228934
242 342 0.594102
243 244 0.626500
243 253 0.260466
243 343 0.903428
244 245 -0.066957
244 254 -0.740171
244 344 0.662817
245 246 1.109705
245 255 0.291359
245 345 0.720047
246 247 1.329784
246 256 -0.514717
246 346 1.436492
247 248 -0.365745
247 257 -0.524028
247 347 -2.202919
248 249 -0.358729
248 258 -0.954639
248 348 -0.020250
249 240 1.051624
249 259 0.736182
249 349 -1.202631
250 251 -0.047416
250 260 0.717625
250 350 1.110008
251 252 -0.318971
251 261 0.717437
251 351 -0.578320
252 253 1.390006
252 262 -2.354829
252 352 -2.030561
253 254 -0.057980
253 263 0.307183
253 353 -0.905844
254 255 -1.475655
254 264 -2.084457
254 354 -0.339835
255 256 -0.665950
255 265 0.598651
255 355 0.142629
256 257 -0.692048
256 266 -0.495952
256 356 -3.198681
257 258 -1.661603
257 267 0.060478
257 357 0.546219
258 259 -0.502394
258 268 -0.987702
258 358 0.712681
259 250 0.733892
259 269 0.930520
259 359 0.062503
260 261 0.431704
260 270 -1.648267
260 360 1.674639
261 262 -0.805580
261 271 -0.663831
261 361 0.857811
262 263 0.124224
262 272 -0.966920
262 362 0.271714
263 264 -0.826691
263 273 -1.104450
263 363 1.962543
264 265 1.349499
264 274 -0.911786
264 364 -0.072900
265 266 2.050850
265 275 1.193137
265 365 0.214995
266 267 0.711005
266 276 0.041391
266 366 -0.566261
267 268 0.007871
267 277 0.396990
267 367 -0.536483
268 269 -1.074186
268 278 -0.468381
268 368 -0.173069
269 260 0.202429
269 279 -2.086373
269 369 0.002431
270 271 -0.013780
270 280 0.535215
270 370 0.848913
271 272 -0.051459
271 281 -1.036219
271 371 0.637675
272 273 1.194322
272 282 -2.178883
272 372 0.696536
273 274 0.304771
273 283 1.538206
273 373 -1.542397
274 275 -1.282865
274 284 -0.861097
274 374 -0.056684
275 276 -2.460023
275 285 0.660119
275 375 -0.774974
276 277 -1.004905
276 286 -0.709967
276 376 -1.491051
277 278 -0.082049
277 287 -0.855051
277 377 0.958101
278 279 0.277631
278 288 -0.169543
278 378 0.277845
279 270 -1.110163
279 289 1.210565
279 379 -0.924233
280 281 -0.771452
280 290 -0.833054
280 380 0.154729
281 282 0.113470
281 291 -0.351366
281 381 1.142761
282 283 0.985093
282 292 1.056031
282 382 0.049448
283 284 -0.164265
283 293 1.920048
283 383 -0.888043
284 285 1.011600
284 294 0.406412
284 384 0.377111
285 286 -1.403435
285 295 -1.342666
285 385 -0.370523
286 287 0.134990
286 296 -1.639571
286 386 0.010114
287 288 -1.515750
287 297 0.575773
287 387 0.466461
288 289 -1.442935
288 298 -0.610688
288 388 -2.123491
289 280 -1.153602
289 299 -0.077086
289 389 0.221193
290 291 1.222408
290 200 -1.304064
290 390 0.438021
291 292 -1.181312
291 201 0.290226
291 391 0.760661
292 293 -0.376692
292 202 1.702634
292 392 0.292125
293 294 -0.137823
293 203 -0.703080
293 393 -1.437377
294 295 1.124070
294 204 0.723254
294 394 0.312085
295 296 0.610773
295 205 0.854215
295 395 -0.037002
296 297 0.601477
296 206 2.191415
296 396 2.349549
297 298 0.060016
297 207 0.767554
297 397 -1.273698
298 299 -0.252597
298 208 -2.079018
298 398 -1.092132
299 290 -0.122649
299 209 -1.055402
299 399 1.562174
300 301 -0.435200
300 310 -0.924844
300 400 -0.627066
301 302 -1.077211
301 311 1.311234
301 401 0.901908
302 303 -0.896711
302 312 2.224531
302 402 1.183068
303 304 -0.932400
303 313 1.819195
303 403 -0.165183
304 305 2.126972
304 314 -0.414713
304 404 0.424316
305 306 1.076694
305 315 -0.458865
305 405 -1.077096
306 307 0.702378
306 316 0.432259
306 406 0.585864
307 308 -0.652280
307 317 1.160592
307 407 -0.131410
308 309 -0.116081
308 318 0.152990
308 408 0.344336
309 300 1.569559
309 319 -0.386650
309 409 -1.380710
310 311 0.839251
310 320 0.029056
310 410 0.694401
311 312 -2.382731
311 321 -0.984771
311 411 0.682632
312 313 0.658361
312 322 0.285981
312 412 2.053840
313 314 -0.800624
313 323 -0.012017
313 413 0.083338
314 315 0.258676
314 324 -1.356503
314 414 1.603519
315 316 0.369708
315 325 1.088648
315 415 -0.868464
316 317 -1.066251
316 326 -1.495511
316 416 -0.693187
317 318 0.163796
317 327 -1.575261
317 417 -0.050479
318 319 -0.825860
318 328 -0.349157
318 418 1.298635
319 310 0.036065
319 329 0.115521
319 419 -2.708010
320 321 -1.241819
320 330 -0.033679
320 420 -0.474776
321 322 -0.147685
321 331 -0.098504
321 421 -0.234409
322 323 0.559131
322 332 0.987019
322 422 1.181150
323 324 0.871440
323 333 -0.776141
323 423 0.046660
324 325 0.411149
324 334 1.504236
324 424 0.599896
325 326 1.083123
325 335 0.555358
325 425 -0.200089
326 327 -0.460331
326 336 -0.815113
326 426 0.201799
327 328 -0.338892
327 337 -0.448243
327 427 0.267099
328 329 0.411193
328 338 0.475866
328 428 -0.510455
329 320 0.903236
329 339 0.496476
329 429 -0.705169
330 331 -0.568998
330 340 -1.192550
330 430 0.424574
331 332 0.859404
331 341 2.215395
331 431 -1.215206
332 333 -0.362077
332 342 2.454358
332 432 0.822106
333 334 -0.515649
333 343 0.079744
333 433 0.594741
334 335 2.148170
334 344 0.173637
334 434 1.057411
335 336 -0.190479
335 345 0.674733
335 435 0.433434
336 337 -0.984390
336 346 -1.233253
336 436 -1.553100
337 338 -0.460175
337 347 0.275811
337 437 -0.161954
338 339 0.127761
338 348 0.724818
338 438 0.583957
339 330 0.013388
339 349 -0.303307
339 439 -1.329068
340 341 0.059273
340 350 -1.083021
340 440 0.837607
341 342 -1.118860
341 351 -0.119696
341 441 1.384221
342 343 -0.493065
342 352 0.128503
342 442 -0.884282
343 344 -0.742565
343 353 2.478236
343 443 -0.544743
344 345 -0.162511
344 354 0.204188
344 444 0.095313
345 346 -0.265661
345 355 2.222723
345 445 0.753075
346 347 0.535209
346 356 0.530604
346 446 1.707493
347 348 0.686603
347 357 -0.683090
347 447 -1.066927
348 349 0.534188
348 358 0.221629
348 448 1.447770
349 340 -0.608010
349 359 -0.536779
349 449 -0.224809
350 351 -0.796601
350 360 0.929427
350 450 0.268981
351 352 -0.248788
351 361 -0.028883
351 451 -1.345699
352 353 -0.806195
352 362 2.275491
352 452 -0.616726
353 354 -1.491941
353 363 0.781513
353 453 1.342766
354 355 -0.197184
354 364 0.372242
354 454 0.536780
355 356 -1.806069
355 365 -1.380396
355 455 -1.757425
356 357 1.771410
356 366 0.688951
356 456 -0.705884
357 358 -1.295278
357 367 -0.001388
357 457 -0.863485
358 359 1.276143
358 368 -0.082032
358 458 -1.146361
359 350 -0.237497
359 369 0.298994
359 459 -0.111871
360 361 -1.032367
360 370 -0.370696
360 460 0.506459
361 362 2.140350
361 371 -1.356018
361 461 -0.309326
362 363 0.269303
362 372 -0.755672
362 462 -1.386472
363 364 -0.047532
363 373 -1.184874
363 463 0.032833
364 365 0.101143
364 374 -1.170162
364 464 0.492406
365 366 -1.766679
365 375 -1.080906
365 465 -0.185233
366 367 -0.808925
366 376 1.499477
366 466 -3.009977
367 368 -0.204661
367 377 1.626648
367 467 1.044460
368 369 1.254029
368 378 0.112912
368 468 -0.091413
369 360 -0.119928
369 379 -0.390121
369 469 -0.209620
370 371 -0.513759
370 380 -0.150544
370 470 -0.493103
371 372 -0.910462
371 381 0.946691
371 471 -1.174079
372 373 0.044304
372 382 1.175804
372 472 0.054252
373 374 0.114600
373 383 0.312557
373 473 -0.362903
374 375 -3.355795
374 384 -1.198984
374 474 -1.566055
375 376 0.106185
375 385 -0.510796
375 475 1.150076
376 377 1.047823
376 386 -1.247391
376 476 -2.008344
377 378 -0.888509
377 387 0.416562
377 477 -0.714421
378 379 -1.348672
378 388 0.469356
378 478 0.124922
379 370 -2.363808
379 389 1.394544
379 479 1.263737
380 381 0.498038
380 390 0.604401
380 480 -0.441009
381 382 0.359404
381 391 -0.434582
381 481 1.816299
382 383 -1.798894
382 392 0.104438
382 482 -1.384058
383 384 -0.050959
383 393 -1.245716
383 483 -0.940735
384 385 -0.978642
384 394 2.278290
384 484 -0.315518
385 386 -0.072459
385 395 -0.239116
385 485 0.079916
386 387 -0.547763
386 396 2.192647
386 486 -0.692462
387 388 -1.076679
387 397 1.678845
387 487 1.055747
388 389 1.366801
388 398 -1.068433
388 488 -0.436675
389 380 -0.430105
389 399 -1.507920
389 489 0.508868
390 391 -1.417635
390 300 1.910889
390 490 -1.343492
391 392 0.012382
391 301 -0.849602
391 491 -2.126046
392 393 -0.139056
392 302 0.071667
392 492 2.100818
393 394 -1.206331
393 303 0.976669
393 493 0.722967
394 395 1.526877
394 304 -1.199974
394 494 -0.707251
395 396 -0.113266
395 305 0.807989
395 495 -0.166622
396 397 0.301917
396 306 0.223499
396 496 1.423019
397 398 2.337477
397 307 -0.812559
397 497 -1.723069
398 399 -0.479788
398 308 0.284063
398 498 -0.406150
399 390 1.360197
399 309 -0.367973
399 499 1.267696
400 401 -0.624318
400 410 -0.328990
400 500 -0.812058
401 402 -0.900202
401 411 1.639186
401 501 0.363038
402 403 0.415907
402 412 1.360573
402 502 2.718970
403 404 2.025685
403 413 1.633435
403 503 -1.092594
404 405 -0.511901
404 414 0.960897
404 504 -0.551132
405 406 1.156396
405 415 -1.054021
405 505 -0.087486
406 407 -0.798427
406 416 0.009486
406 506 -1.647217
407 408 -1.187100
407 417 0.253909
407 507 -1.168009
408 409 -1.333762
408 418 -0.189638
408 508 -0.024994
409 400 1.448255
409 419 1.136616
409 509 -0.357741
410 411 -0.829682
410 420 0.988152
410 510 -0.620492
411 412 0.085432
411 421 -0.617543
411 511 0.686736
412 413 0.877023
412 422 0.340155
412 512 0.022185
413 414 0.495283
413 423 0.330271
413 513 0.313893
414 415 -2.062609
414 424 -0.036169
414 514 0.330983
415 416 1.219886
415 425 0.291350
415 515 0.615309
416 417 2.067269
416 426 -1.497332
416 516 -0.312524
417 418 0.759942
417 427 -0.308428
417 517 0.276902
418 419 -0.139929
418 428 0.013539
418 518 -0.648710
419 410 -1.364943
419 429 -0.358190
419 519 -0.521837
420 421 -0.957813
420 430 0.427432
420 520 0.599972
421 422 -1.401751
421 431 -1.180462
421 521 0.318801
422 423 -2.352061
422 432 0.129443
422 522 0.741123
423 424 -0.250763
423 433 -0.494549
423 523 -0.497482
424 425 -1.728614
424 434 0.148400
424 524 -0.652499
425 426 -1.286021
425 435 -1.693618
425 525 -1.317649
426 427 1.459955
426 436 0.332402
426 526 0.981258
427 428 -0.024840
427 437 0.646647
427 527 -0.240730
428 429 -0.709310
428 438 -0.452854
428 528 1.588667
429 420 -0.260290
429 439 -0.886661
429 529 -0.899817
430 431 -0.733266
430 440 -0.259515
430 530 1.275426
431 432 2.727257
431 441 0.936102
431 531 -0.264257
432 433 0.403724
432 442 -0.164186
432 532 0.558428
433 434 -0.180639
433 443 -0.531101
433 533 0.497385
434 435 0.539058
434 444 -1.139840
434 534 -0.430804
435 436 -1.665701
435 445 -0.464490
435 535 0.448543
436 437 1.665902
436 446 -1.547674
436 536 0.731584
437 438 1.497488
437 447 0.608381
437 537 0.329867
438 439 -0.672424
438 448 -0.079809
438 538 0.503007
439 430 -0.537366
439 449 0.695522
439 539 -0.570800
440 441 0.625990
440 450 -1.422541
440 540 1.458977
441 442 0.664856
441 451 -0.097260
441 541 0.350318
442 443 0.858545
442 452 1.063036
442 542 0.268256
443 444 0.596227
443 453 1.306540
443 543 0.680862
444 445 -0.008718
444 454 -1.141276
444 544 2.208119
445 446 0.387660
445 455 0.776299
445 545 1.588647
446 447 0.754830
446 456 0.325620
446 546 0.787811
447 448 1.605617
447 457 0.943669
447 547 -2.269445
448 449 1.865440
448 458 1.079744
448 548 2.121381
449 440 0.758097
449 459 0.824086
449 549 1.955774
450 451 0.652900
450 460 -0.932383
450 550 -1.602692
451 452 -1.199878
451 461 -1.163041
451 551 1.046298
452 453 -1.583547
452 462 -1.500594
452 552 -1.433261
453 454 -0.149294
453 463 -0.322344
453 553 0.178713
454 455 1.711936
454 464 0.969072
454 554 -0.369998
455 456 -0.883287
455 465 -0.255091
455 555 -0.499349
456 457 0.608441
456 466 -1.736671
456 556 -1.026485
457 458 -0.322570
457 467 0.460386
457 557 0.993300
458 459 1.261178
458 468 2.230883
458 558 -0.237179
459 450 0.978203
459 469 -0.900773
459 559 0.363726
460 461 2.111622
460 470 0.287534
460 560 -0.094203
461 462 0.552175
461 471 0.178555
461 561 -0.459712
462 463 -1.325627
462 472 -1.843982
462 562 -0.352379
463 464 0.616862
463 473 -0.443485
463 563 0.693119
464 465 -0.639699
464 474 -0.275731
464 564 -0.695259
465 466 -0.494023
465 475 -0.304643
465 565 1.015549
466 467 0.558047
466 476 0.231487
466 566 0.575285
467 468 -1.036299
467 477 -1.214405
467 567 -0.292709
468 469 -0.246211
468 478 -0.933023
468 568 1.929068
469 460 0.543684
469 479 1.782279
469 569 0.766456
470 471 -0.217651
470 480 -0.494951
470 570 -1.301010
471 472 1.000037
471 481 -0.363400
471 571 -0.249755
472 473 2.255060
472 482 0.485491
472 572 -1.192237
473 474 1.259295
473 483 0.411699
473 573 1.481267
474 475 -0.250592
474 484 -0.083279
474 574 -0.687728
475 476 0.070800
475 485 -0.276212
475 575 -1.211258
476 477 -0.548043
476 486 0.181181
476 576 -0.157465
477 478 0.185730
477 487 -0.223487
477 577 1.080692
478 479 -0.400486
478 488 -0.110669
478 578 1.760651
479 470 -2.414006
479 489 -1.209120
479 579 2.505631
480 481 0.244980
480 490 0.815922
480 580 -0.637792
481 482 -1.428689
481 491 -0.677066
481 581 -0.846085
482 483 0.895730
482 492 -0.114391
482 582 0.674446
483 484 0.932287
483 493 -1.276305
483 583 0.648329
484 485 -1.001415
484 494 1.299705
484 584 -1.058198
485 486 0.771312
485 495 0.958419
485 585 2.310151
486 487 -1.340381
486 496 -0.089016
486 586 -0.199544
487 488 -0.964088
487 497 -0.379931
487 587 1.388559
488 489 2.270528
488 498 1.200031
488 588 0.114621
489 480 -0.429749
489 499 -0.108377
489 589 -0.265530
490 491 0.068761
490 400 -0.606066
490 590 -0.455075
491 492 -0.507584
491 401 1.156029
491 591 -0.506242
492 493 -0.151677
492 402 -0.671264
492 592 -2.851350
493 494 -0.137650
493 403 -0.410049
493 593 -0.513314
494 495 0.408339
494 404 1.024862
494 594 -0.271689
495 496 -0.152585
495 405 -0.447763
495 595 -0.348407
496 497 -1.466628
496 406 0.625769
496 596 1.782970
497 498 2.115511
497 407 -1.120664
497 597 -0.990517
498 499 -0.137126
498 408 -0.242676
498 598 -0.387569
499 490 0.208717
499 409 -1.598082
499 599 -0.541087
500 501 0.564339
500 510 2.062102
500 600 1.838796
501 502 1.094923
501 511 -0.142295
501 601 0.482491
502 503 -0.629843
502 512 -0.826617
502 602 -0.083546
503 504 0.816883
503 513 -0.433013
503 603 -0.822868
504 505 -0.249314
504 514 2.114391
504 604 0.557395
505 506 -2.904388
505 515 0.291427
505 605 0.222279
506 507 1.078077
506 516 1.207874
506 606 -1.667400
507 508 -0.064432
507 517 0.683475
507 607 0.774586
508 509 -1.197112
508 518 -0.772721
508 608 -0.745082
509 500 -1.099062
509 519 0.620333
509 609 0.043589
510 511 0.957560
510 520 1.026870
510 610 -0.898358
511 512 0.493428
511 521 -1.105260
511 611 0.443301
512 513 -0.022093
512 522 -0.211591
512 612 -2.251506
513 514 1.290326
513 523 0.272362
513 613 2.453330
514 515 0.586082
514 524 0.644755
514 614 2.182867
515 516 0.696699
515 525 0.464874
515 615 -1.083928
516 517 0.416127
516 526 0.170637
516 616 0.863455
517 518 0.076375
517 527 -1.201990
517 617 0.900978
518 519 0.119538
518 528 -0.950955
518 618 1.974374
519 510 -1.135435
519 529 1.644104
519 619 -0.756673
520 521 0.107451
520 530 0.372772
520 620 0.040486
521 522 -1.997244
521 531 -0.322281
521 621 -0.746190
522 523 -0.073742
522 532 -0.576685
522 622 -0.606061
523 524 0.752378
523 533 -0.920225
523 623 -1.960728
524 525 0.222483
524 534 0.030235
524 624 -0.674915
525 526 -1.062153
525 535 1.030371
525 625 0.555548
526 527 -0.034573
526 536 0.244742
526 626 -1.054223
527 528 -1.027579
527 537 -0.758667
527 627 -0.175710
528 529 -0.341484
528 538 0.742778
528 628 -0.113650
529 520 0.931727
529 539 -0.389592
529 629 -2.535358
530 531 1.123672
530 540 0.522322
530 630 -0.792811
531 532 1.653539
531 541 0.400464
531 631 -0.194543
532 533 -0.031600
532 542 -0.258635
532 632 1.612162
533 534 -0.994869
533 543 -0.033717
533 633 0.764490
534 535 0.301210
534 544 0.609154
534 634 -0.320389
535 536 -0.057829
535 545 -0.230912
535 635 1.815330
536 537 1.252271
536 546 -0.535540
536 636 0.693410
537 538 0.003696
537 547 -1.074299
537 637 -0.197488
538 539 0.967937
538 548 0.018538
538 638 -0.717257
539 530 0.829726
539 549 1.538915
539 639 0.282034
540 541 -1.052113
540 550 -0.879815
540 640 0.058202
541 542 0.061564
541 551 -0.582954
541 641 1.626614
542 543 1.216446
542 552 0.519911
542 642 -0.079466
543 544 0.530576
543 553 1.213211
543 643 0.982392
544 545 -0.442328
544 554 1.807308
544 644 0.237575
545 546 1.794622
545 555 -1.938718
545 645 -0.939021
546 547 0.664423
546 556 -0.785929
546 646 -2.689616
547 548 0.379122
547 557 -0.410496
547 647 -0.465974
548 549 -3.224682
548 558 -0.113192
548 648 -0.178610
549 540 1.026501
549 559 0.110260
549 649 -0.480415
550 551 0.312190
550 560 2.061158
550 650 0.060369
551 552 0.287351
551 561 -0.599498
551 651 -0.277833
552 553 0.042081
552 562 0.305989
552 652 -0.346766
553 554 -0.022674
553 563 0.073561
553 653 0.601331
554 555 0.448592
554 564 -0.115710
554 654 1.641928
555 556 -0.268794
555 565 0.721698
555 655 2.536978
556 557 -1.097362
556 566 -0.187511
556 656 0.129291
557 558 -1.294598
557 567 0.671544
557 657 1.281639
558 559 -1.140666
558 568 -1.224456
558 658 0.041666
559 550 -0.531055
559 569 0.020038
559 659 0.655832
560 561 -1.250592
560 570 0.755988
560 660 2.115818
561 562 -1.288062
561 571 -0.763062
561 661 0.394723
562 563 -0.202244
562 572 0.148537
562 662 0.422321
563 564 0.019558
563 573 -0.074763
563 663 -0.180774
564 565 1.621051
564 574 0.042466
564 664 -0.549902
565 566 1.092353
565 575 0.245388
565 665 0.137789
566 567 -1.015127
566 576 -0.920301
566 666 2.798583
567 568 -1.807063
567 577 -0.121343
567 667 1.813505
568 569 0.036708
568 578 0.507829
568 668 0.053714
569 560 0.657435
569 579 -0.657104
569 669 -0.769376
570 571 -1.018365
570 580 0.292175
570 670 -1.582565
571 572 0.190468
571 581 2.305255
571 671 -0.437637
572 573 0.557141
572 582 0.267316
572 672 -0.929920
573 574 0.818802
573 583 -0.502728
573 673 -0.245153
574 575 0.735700
574 584 1.136374
574 674 -0.513823
575 576 0.522034
575 585 -1.719706
575 675 -1.943882
576 577 0.938935
576 586 -0.319702
576 676 0.985270
577 578 -1.298795
577 587 -0.058256
577 677 1.207963
578 579 -0.104471
578 588 0.173205
578 678 0.290196
579 570 -0.779719
579 589 0.490582
579 679 -0.004773
580 581 -0.875602
580 590 0.371120
580 680 0.847890
581 582 -0.316787
581 591 0.423308
581 681 2.833981
582 583 -0.574830
582 592 1.656259
582 682 -0.181041
583 584 -0.637911
583 593 -0.700614
583 683 0.135956
584 585 -1.969488
584 594 -0.776315
584 684 0.559733
585 586 0.928957
585 595 1.749844
585 685 0.303426
586 587 0.409477
586 596 -0.782949
586 686 -0.795371
587 588 -0.871944
587 597 -1.036514
587 687 -0.219708
588 589 0.505555
588 598 -1.914109
588 688 -1.117124
589 580 1.717171
589 599 -0.844199
589 689 0.196559
590 591 0.392922
590 500 1.413157
590 690 0.519826
591 592 -1.244551
591 501 -0.282793
591 691 0.834310
592 593 0.079231
592 502 -0.853783
592 692 0.196232
593 594 0.378719
593 503 1.682306
593 693 1.095296
594 595 1.340569
594 504 0.841417
594 694 -0.071330
595 596 -0.278364
595 505 -0.259203
595 695 -1.299304
596 597 0.154228
596 506 -1.405808
596 696 -2.533208
597 598 -0.640925
597 507 0.974257
597 697 -0.720781
598 599 -0.008092
598 508 0.593862
598 698 -0.919464
599 590 1.365032
599 509 -0.375855
599 699 0.759674
600 601 -0.053507
600 610 -1.836974
600 700 0.248384
601 602 -1.056296
601 611 -0.589113
601 701 0.939273
602 603 -2.028499
602 612 -1.312225
602 702 0.350121
603 604 0.617662
603 613 0.121103
603 703 0.730291
604 605 -1.504140
604 614 0.664218
604 704 0.932232
605 606 -0.746647
605 615 -0.028559
605 705 0.332077
606 607 -0.423514
606 616 0.833848
606 706 -0.798457
607 608 2.108951
607 617 0.707803
607 707 -0.471203
608 609 1.337401
608 618 0.338929
608 708 3.048986
609 600 0.316844
609 619 -0.668805
609 709 0.153403
610 611 -1.883301
610 620 -0.507099
610 710 -1.728348
611 612 0.277008
611 621 -0.333896
611 711 0.794550
612 613 0.147387
612 622 -0.892660
612 712 1.945627
613 614 -0.270046
613 623 -0.759506
613 713 -0.824093
614 615 0.999234
614 624 0.155560
614 714 0.715301
615 616 -0.437264
615 625 0.989774
615 715 0.165395
616 617 0.140482
616 626 0.587241
616 716 0.058730
617 618 -0.460948
617 627 0.244908
617 717 -0.544198
618 619 1.127871
618 628 -1.083370
618 718 -0.941262
619 610 -0.194936
619 629 -1.363008
619 719 0.632261
620 621 -2.920400
620 630 0.273822
620 720 0.739964
621 622 1.989967
621 631 -0.169486
621 721 -0.751691
622 623 1.919900
622 632 -0.364781
622 722 0.142126
623 624 -0.595238
623 633 -0.019945
623 723 -0.270848
624 625 -0.176653
624 634 1.319976
624 724 0.260361
625 626 -1.497987
625 635 0.682220
625 725 2.076305
626 627 0.799647
626 636 -0.717022
626 726 -1.015093
627 628 -0.449477
627 637 0.265385
627 727 -1.476647
628 629 -1.754139
628 638 -0.592348
628 728 -0.684866
629 620 -1.026528
629 639 -0.271065
629 729 0.090257
630 631 -1.240179
630 640 0.426414
630 730 -0.352229
631 632 1.261672
631 641 -0.493383
631 731 -1.107793
632 633 -0.837233
632 642 1.043501
632 732 0.553486
633 634 0.470811
633 643 0.294429
633 733 -0.587603
634 635 -0.221798
634 644 1.490274
634 734 -0.433903
635 636 0.236577
635 645 -1.406273
635 735 -1.568150
636 637 -0.863581
636 646 0.486879
636 736 1.574741
637 638 -0.782640
637 647 -1.338915
637 737 0.180074
638 639 0.412668
638 648 0.621605
638 738 -0.624096
639 630 0.289228
639 649 1.359335
639 739 1.052453
640 641 0.777094
640 650 -0.635934
640 740 0.555206
641 642 0.884491
641 651 -0.028666
641 741 -1.177115
642 643 -0.514774
642 652 -2.116497
642 742 -0.689054
643 644 -0.227265
643 653 0.178784
643 743 -1.212364
644 645 0.700608
644 654 0.879220
644 744 -0.513792
645 646 0.429544
645 655 -0.577214
645 745 0.060331
646 647 -0.432651
646 656 -0.039324
646 746 -0.858060
647 648 -0.036010
647 657 0.129897
647 747 0.672062
648 649 -1.256698
648 658 -0.669468
648 748 1.071874
649 640 0.585662
649 659 0.308514
649 749 0.433762
650 651 1.494620
650 660 2.430273
650 750 -0.718576
651 652 0.160714
651 661 1.006243
651 751 0.330025
652 653 0.285846
652 662 -2.746291
652 752 -1.068660
653 654 -1.954324
653 663 -0.267071
653 753 0.754817
654 655 0.494921
654 664 1.948782
654 754 0.044163
655 656 0.649629
655 665 0.379362
655 755 0.233948
656 657 -0.770261
656 666 0.868633
656 756 0.348574
657 658 -0.026318
657 667 0.362468
657 757 1.014764
658 659 -0.757263
658 668 -0.052061
658 758 0.766963
659 650 0.097930
659 669 0.035564
659 759 0.663801
660 661 -0.438411
660 670 0.042131
660 760 0.574020
661 662 -1.136052
661 671 -1.878509
661 761 0.058521
662 663 -0.592224
662 672 1.426524
662 762 1.107688
663 664 -0.096151
663 673 -1.106628
663 763 0.043096
664 665 0.965151
664 674 0.653748
664 764 -0.219522
665 666 -0.799710
665 675 0.280094
665 765 0.200048
666 667 1.328934
666 676 0.797262
666 766 0.085628
667 668 -0.955167
667 677 -0.046043
667 767 -0.173018
668 669 0.775568
668 678 0.339521
668 768 -1.951635
669 660 -0.920799
669 679 -0.522520
669 769 -0.246669
670 671 1.769414
670 680 -0.609292
670 770 -0.599775
671 672 -0.613127
671 681 -0.391106
671 771 0.540130
672 673 2.786670
672 682 -1.086442
672 772 -1.000829
673 674 0.831999
673 683 0.111832
673 773 1.321721
674 675 1.193420
674 684 -0.825923
674 774 0.309913
675 676 -3.250337
675 685 0.510501
675 775 0.437909
676 677 -0.782062
676 686 0.544798
676 776 -1.072343
677 678 2.491865
677 687 -1.471634
677 777 0.194847
678 679 -0.434885
678 688 0.023978
678 778 0.614709
679 670 -0.421851
679 689 0.265862
679 779 0.254686
680 681 -1.318216
680 690 -1.545453
680 780 0.930295
681 682 1.155608
681 691 0.739935
681 781 2.631918
682 683 0.475200
682 692 -1.356437
682 782 -2.092359
683 684 1.133559
683 693 1.762669
683 783 0.414315
684 685 -0.852420
684 694 1.166177
684 784 0.007358
685 686 1.438965
685 695 -0.010040
685 785 -0.798538
686 687 -0.785107
686 696 0.067812
686 786 -1.606349
687 688 0.438360
687 697 -1.114577
687 787 -0.039905
688 689 1.455940
688 698 3.088499
688 788 -1.219158
689 680 -1.218897
689 699 -0.063808
689 789 -0.997450
690 691 -0.139517
690 600 -0.116423
690 790 -0.367151
691 692 -0.254764
691 601 -0.371338
691 791 1.455392
692 693 -0.734022
692 602 0.539729
692 792 -0.129700
693 694 0.280273
693 603 -0.674657
693 793 -0.828633
694 695 -1.438180
694 604 0.119330
694 794 0.120236
695 696 -0.214030
695 605 0.312781
695 795 0.808541
696 697 -0.226120
696 606 0.639529
696 796 0.860726
697 698 -1.039139
697 607 -1.031818
697 797 -0.964782
698 699 0.681407
698 608 0.082911
698 798 0.291569
699 690 0.107753
699 609 -1.645444
699 799 1.321091
700 701 -0.514927
700 710 -0.215934
700 800 0.648651
701 702 -1.106909
701 711 -1.069921
701 801 0.820012
702 703 0.389899
702 712 -1.501247
702 802 0.241799
703 704 -0.578833
703 713 2.327209
703 803 -0.621044
704 705 -0.148185
704 714 -0.257270
704 804 1.729621
705 706 0.666280
705 715 0.672023
705 805 2.793398
706 707 1.067231
706 716 0.186569
706 806 0.345076
707 708 1.093600
707 717 1.304366
707 807 -0.704369
708 709 -0.269630
708 718 0.755523
708 808 0.336989
709 700 0.605804
709 719 -0.581788
709 809 -0.807659
710 711 1.270509
710 720 0.703705
710 810 -0.042010
711 712 -0.119858
711 721 1.159363
711 811 0.738706
712 713 1.504779
712 722 -0.598964
712 812 1.210519
713 714 0.783607
713 723 0.783563
713 813 -0.003732
714 715 -0.197509
714 724 -0.733918
714 814 -0.446931
715 716 -0.021056
715 725 1.754075
715 815 0.811926
716 717 2.203352
716 726 -0.455283
716 816 0.730047
717 718 -1.180741
717 727 0.789449
717 817 -0.668535
718 719 -0.755285
718 728 -0.330621
718 818 1.349582
719 710 1.633378
719 729 -0.668492
719 819 1.253735
720 721 0.066542
720 730 2.703344
720 820 1.568045
721 722 0.012803
721 731 0.006149
721 821 0.524685
722 723 -1.374566
722 732 1.602508
722 822 2.118764
723 724 -0.909115
723 733 0.325770
723 823 0.818786
724 725 2.428820
724 734 -0.460687
724 824 -1.433880
725 726 -1.336444
725 735 0.501515
725 825 -0.320647
726 727 -0.535503
726 736 1.260905
726 826 0.363390
727 728 0.132972
727 737 -0.562280
727 827 1.263961
728 729 1.363748
728 738 -1.831767
728 828 -1.008927
729 720 -0.778576
729 739 0.791151
729 829 1.367602
730 731 -0.736542
730 740 -1.311118
730 830 0.194141
731 732 2.001844
731 741 -0.971587
731 831 -0.497430
732 733 -0.139239
732 742 0.300784
732 832 -1.288397
733 734 1.355535
733 743 -1.663071
733 833 0.208974
734 735 0.484158
734 744 -0.718701
734 834 -0.422018
735 736 -0.353529
735 745 1.006746
735 835 -0.693782
736 737 -0.544603
736 746 0.812017
736 836 0.098638
737 738 -2.123194
737 747 0.801074
737 837 0.029898
738 739 1.508830
738 748 0.092307
738 838 0.443431
739 730 0.505987
739 749 1.222002
739 839 1.228482
740 741 0.751342
740 750 1.691813
740 840 0.758599
741 742 -0.492724
741 751 0.644672
741 841 -0.191372
742 743 1.092292
742 752 -0.680149
742 842 -0.808634
743 744 1.931941
743 753 0.131044
743 843 -1.388994
744 745 0.762467
744 754 -2.966510
744 844 0.496083
745 746 -0.096946
745 755 1.265184
745 845 -1.363476
746 747 -0.606719
746 756 -0.520437
746 846 0.970319
747 748 1.094559
747 757 -2.261629
747 847 0.413292
748 749 0.649195
748 758 -0.739927
748 848 -0.850848
749 740 -0.319212
749 759 0.510741
749 849 0.708093
750 751 -2.189544
750 760 0.547286
750 850 -0.798821
751 752 0.837132
751 761 1.185390
751 851 0.980469
752 753 -1.893321
752 762 0.274236
752 852 0.302058
753 754 -1.794528
753 763 -0.126069
753 853 -0.974013
754 755 0.957837
754 764 1.836889
754 854 0.942694
755 756 -0.051763
755 765 -0.189622
755 855 0.016706
756 757 -0.018586
756 766 -0.061666
756 856 -0.434440
757 758 -1.275068
757 767 -0.767782
757 857 -1.124404
758 759 -0.670402
758 768 -1.212430
758 858 1.129080
759 750 0.293898
759 769 -1.138583
759 859 -0.213939
760 761 1.016721
760 770 -0.968789
760 860 0.678298
761 762 2.050784
761 771 -0.872165
761 861 1.206843
762 763 -0.142229
762 772 -0.954664
762 862 -0.330222
763 764 -2.379091
763 773 -2.118838
763 863 -1.438337
764 765 0.285470
764 774 0.631474
764 864 -0.123175
765 766 -0.252919
765 775 1.591439
765 865 -0.488701
766 767 -0.801961
766 776 -0.041100
766 866 0.473435
767 768 -0.583991
767 777 -1.067801
767 867 0.697495
768 769 1.029269
768 778 -0.955328
768 868 0.180907
769 760 1.345723
769 779 -0.341077
769 869 -0.205820
770 771 -0.222550
770 780 0.246900
770 870 0.323406
771 772 -0.311887
771 781 -0.740812
771 871 1.379677
772 773 -1.034631
772 782 0.583625
772 872 0.261294
773 774 0.139161
773 783 -0.376546
773 873 -1.146437
774 775 1.324458
774 784 0.546623
774 874 1.281216
775 776 0.138369
775 785 1.151247
775 875 0.921596
776 777 1.969955
776 786 0.288207
776 876 -0.409523
777 778 0.039930
777 787 -1.364270
777 877 -0.472389
778 779 0.219072
778 788 0.970789
778 878 -0.581389
779 770 1.331058
779 789 -0.705880
779 879 -1.080859
780 781 -0.871352
780 790 -0.873641
780 880 -1.066380
781 782 0.706638
781 791 0.395325
781 881 0.999614
782 783 -1.186243
782 792 -1.065119
782 882 1.068564
783 784 -0.028152
783 793 -2.588872
783 883 -1.090186
784 785 -0.561140
784 794 1.137196
784 884 0.914580
785 786 1.436246
785 795 -0.385698
785 885 -1.623223
786 787 -0.520795
786 796 -1.109100
786 886 -0.140821
787 788 0.315567
787 797 -0.407917
787 887 1.478523
788 789 1.781774
788 798 -0.063387
788 888 -0.394792
789 780 1.114202
789 799 -0.884156
789 889 0.927979
790 791 0.048748
790 700 -0.124441
790 890 -0.025454
791 792 1.009650
791 701 -1.474343
791 891 -0.911960
792 793 -1.436203
792 702 2.116631
792 892 1.603162
793 794 0.795620
793 703 0.921626
793 893 0.215862
794 795 1.245924
794 704 -0.143347
794 894 1.327394
795 796 -1.574484
795 705 -0.408894
795 895 -0.630809
796 797 -0.667847
796 706 -0.346750
796 896 0.321087
797 798 0.302969
797 707 -1.064325
797 897 -1.605949
798 799 -0.669402
798 708 1.656263
798 898 -0.202967
799 790 -0.814524
799 709 -0.429592
799 899 -0.576947
800 801 -1.937749
800 810 1.205654
800 900 0.745044
801 802 -1.096050
801 811 1.445359
801 901 0.295627
802 803 2.650276
802 812 0.430725
802 902 -0.503135
803 804 0.343491
803 813 -0.704814
803 903 -1.265338
804 805 -1.557139
804 814 -1.480440
804 904 0.006734
805 806 0.123060
805 815 0.559814
805 905 -1.512851
806 807 1.065904
806 816 0.412173
806 906 0.285749
807 808 0.903096
807 817 -0.962931
807 907 -0.676605
808 809 0.752591
808 818 -1.008811
808 908 -0.642988
809 800 0.101503
809 819 -0.253126
809 909 -0.579100
810 811 -0.427070
810 820 -1.204416
810 910 -1.396934
811 812 0.390424
811 821 0.574193
811 911 0.837891
812 813 -0.512381
812 822 -0.193427
812 912 0.248544
813 814 1.365407
813 823 0.522773
813 913 -0.608083
814 815 0.596289
814 824 0.888382
814 914 0.367761
815 816 -1.187277
815 825 -0.566558
815 915 0.055189
816 817 1.007626
816 826 -0.511201
816 916 1.484161
817 818 -1.161416
817 827 1.655810
817 917 -0.017814
818 819 0.326062
818 828 -2.489077
818 918 1.429375
819 810 0.896067
819 829 0.191984
819 919 1.942233
820 821 -1.225331
820 830 -0.535517
820 920 1.098741
821 822 -1.051866
821 831 2.255776
821 921 1.043947
822 823 -2.648565
822 832 0.141528
822 922 -1.196477
823 824 -1.093622
823 833 0.465530
823 923 0.569230
824 825 1.067867
824 834 -0.339480
824 924 0.187248
825 826 -1.702033
825 835 0.676474
825 925 -0.742299
826 827 -0.480418
826 836 -0.707821
826 926 1.052130
827 828 0.045502
827 837 3.009789
827 927 1.136526
828 829 0.151100
828 838 -0.411436
828 928 -0.028827
829 820 0.048038
829 839 -0.566508
829 929 -1.383118
830 831 -0.341206
830 840 -0.633521
830 930 -0.258950
831 832 -0.518158
831 841 0.736691
831 931 0.692246
832 833 -1.759732
832 842 0.773025
832 932 0.414121
833 834 -0.830207
833 843 -1.233665
833 933 0.493647
834 835 -0.494752
834 844 0.467234
834 934 0.567412
835 836 1.844745
835 845 0.083450
835 935 0.060425
836 837 -0.785286
836 846 -0.482258
836 936 0.306115
837 838 0.059231
837 847 -1.113240
837 937 0.197932
838 839 0.908406
838 848 0.814238
838 938 -0.659494
839 830 1.718775
839 849 0.511791
839 939 -1.000467
840 841 -1.036364
840 850 -1.170459
840 940 -1.203971
841 842 0.477334
841 851 0.065283
841 941 1.481732
842 843 1.244253
842 852 0.232747
842 942 0.584430
843 844 1.590025
843 853 0.638042
843 943 -0.234306
844 845 0.306022
844 854 0.837226
844 944 -0.421156
845 846 0.383245
845 855 -0.933116
845 945 0.924289
846 847 -0.662587
846 856 0.560909
846 946 -0.151381
847 848 1.006513
847 857 -0.921906
847 947 0.544757
848 849 -1.111059
848 858 1.183016
848 948 1.325980
849 840 0.447881
849 859 -0.171191
849 949 -0.858218
850 851 1.050762
850 860 0.670233
850 950 1.541604
851 852 0.192312
851 861 -0.478199
851 951 0.112352
852 853 -0.554835
852 862 -1.376809
852 952 -0.119143
853 854 -1.312494
853 863 0.842789
853 953 0.280566
854 855 0.236600
854 864 0.221985
854 954 -0.690914
855 856 -0.674431
855 865 -1.070704
855 955 -1.390086
856 857 -0.232444
856 866 0.348360
856 956 -0.351053
857 858 1.865429
857 867 -0.337525
857 957 -0.255551
858 859 1.246223
858 868 -1.177309
858 958 -0.225887
859 850 1.159455
859 869 0.439212
859 959 1.304643
860 861 -0.424318
860 870 -0.862024
860 960 1.870378
861 862 -1.392289
861 871 0.523369
861 961 0.089908
862 863 -1.959065
862 872 1.846065
862 962 -0.638117
863 864 1.004963
863 873 0.302435
863 963 -0.222976
864 865 -2.206638
864 874 -1.062088
864 964 -1.136585
865 866 -1.949893
865 875 0.019731
865 965 -2.548986
866 867 0.959138
866 876 2.202008
866 966 1.591187
867 868 0.750159
867 877 0.238911
867 967 1.051083
868 869 1.351717
868 878 0.217132
868 968 1.059431
869 860 1.202535
869 879 -0.601550
869 969 -0.166494
870 871 0.892434
870 880 1.006388
870 970 -0.795748
871 872 -0.448869
871 881 0.021483
871 971 -0.360382
872 873 -1.499173
872 882 -1.090689
872 972 0.768600
873 874 0.915059
873 883 0.113532
873 973 -0.950995
874 875 0.986687
874 884 1.040718
874 974 -0.198309
875 876 -0.968483
875 885 0.951483
875 975 0.286654
876 877 -0.469836
876 886 -1.076212
876 976 -1.242421
877 878 0.530105
877 887 0.843320
877 977 1.304902
878 879 -2.556543
878 888 0.644944
878 978 0.167550
879 870 0.014953
879 889 -0.806577
879 979 0.114515
880 881 1.700789
880 890 1.083126
880 980 -0.852439
881 882 -0.129133
881 891 -2.099358
881 981 -1.361066
882 883 0.081010
882 892 -1.344911
882 982 -0.692129
883 884 0.713087
883 893 -1.353334
883 983 -0.621933
884 885 1.001660
884 894 1.812882
884 984 0.950805
885 886 0.921668
885 895 1.368748
885 985 0.909827
886 887 -1.385515
886 896 -0.971764
886 986 -0.196295
887 888 -2.603058
887 897 -1.031137
887 987 -0.841895
888 889 0.893759
888 898 -1.141295
888 988 0.958146
889 880 -1.813417
889 899 0.407094
889 989 -0.584537
890 891 0.298918
890 800 0.333267
890 990 -1.612979
891 892 0.391664
891 801 1.386355
891 991 0.176838
892 893 2.057484
892 802 -0.477164
892 992 -1.583824
893 894 1.727529
893 803 -0.430565
893 993 -0.441286
894 895 -0.102107
894 804 -1.168521
894 994 -0.985402
895 896 -0.497385
895 805 0.697827
895 995 -1.779028
896 897 0.360615
896 806 1.024235
896 996 -0.275570
897 898 -0.971929
897 807 -0.431131
897 997 1.254481
898 899 -0.878932
898 808 -0.893169
898 998 -0.909867
899 890 0.968433
899 809 -1.634056
899 999 -1.215666
900 901 1.831226
900 910 0.088799
900 0 -0.777120
901 902 0.476533
901 911 -0.429441
901 1 1.595229
902 903 0.541104
902 912 -0.443357
902 2 -1.752738
903 904 -1.519703
903 913 1.249004
903 3 0.154229
904 905 -2.314024
904 914 -1.517911
904 4 -0.097162
905 906 -0.121545
905 915 -0.154324
905 5 0.374219
906 907 -1.062615
906 916 -0.837116
906 6 -0.701823
907 908 -0.793416
907 917 0.288509
907 7 0.020490
908 909 0.222630
908 918 -0.251050
908 8 0.553813
909 900 -0.754234
909 919 1.157879
909 9 0.381103
910 911 -0.260729
910 920 1.630375
910 10 0.905684
911 912 -0.648367
911 921 0.399135
911 11 -1.373896
912 913 -0.797961
912 922 -0.278560
912 12 1.043454
913 914 -0.711738
913 923 -0.854606
913 13 -0.480783
914 915 0.642357
914 924 0.322211
914 14 2.745654
915 916 -1.946630
915 925 -0.123073
915 15 0.785056
916 917 -1.168569
916 926 0.612632
916 16 -0.795778
917 918 0.530363
917 927 -0.236405
917 17 -0.570913
918 919 0.929736
918 928 -0.662040
918 18 -0.158518
919 910 1.895865
919 929 -1.152399
919 19 0.413872
920 921 0.083701
920 930 0.935252
920 20 0.327334
921 922 1.183768
921 931 1.825796
921 21 -0.137601
922 923 -1.254149
922 932 -0.866289
922 22 0.325998
923 924 -1.179129
923 933 0.251313
923 23 1.666906
924 925 0.500223
924 934 -0.876301
924 24 0.143219
925 926 0.713190
925 935 -1.445106
925 25 -0.235284
926 927 2.134333
926 936 -0.460708
926 26 0.916333
927 928 1.596901
927 937 -1.706885
927 27 -0.458302
928 929 -0.559407
928 938 1.850155
928 28 -1.023347
929 920 -1.951573
929 939 0.243328
929 29 0.196394
930 931 1.565192
930 940 1.582226
930 30 0.398184
931 932 0.876155
931 941 -0.489076
931 31 0.196018
932 933 -0.278674
932 942 0.052604
932 32 0.041739
933 934 -1.041273
933 943 0.689789
933 33 -0.621353
934 935 -1.762824
934 944 1.378804
934 34 -1.032119
935 936 1.181118
935 945 1.774071
935 35 -0.093412
936 937 0.440474
936 946 0.143393
936 36 -1.433307
937 938 0.482773
937 947 -0.355010
937 37 0.664432
938 939 0.473547
938 948 -0.428753
938 38 1.364691
939 930 -0.140883
939 949 0.857346
939 39 0.527173
940 941 0.811194
940 950 -0.506517
940 40 0.276374
941 942 -0.258998
941 951 0.338506
941 41 0.188395
942 943 0.699370
942 952 -0.455477
942 42 0.494644
943 944 1.882259
943 953 -0.831414
943 43 0.416559
944 945 0.795352
944 954 0.846016
944 44 -0.869581
945 946 -1.450959
945 955 1.082493
945 45 1.352493
946 947 0.128233
946 956 0.201549
946 46 1.240767
947 948 -1.323537
947 957 -0.713920
947 47 0.756843
948 949 1.168336
948 958 0.570426
948 48 0.206472
949 940 -1.015209
949 959 2.080177
949 49 0.419254
950 951 -0.866589
950 960 0.189459
950 50 -0.841261
951 952 0.030147
951 961 -1.452574
951 51 0.157593
952 953 -1.218334
952 962 -1.362875
952 52 0.923470
953 954 -0.408839
953 963 -0.202070
953 53 -1.061652
954 955 -0.102237
954 964 0.913629
954 54 -0.660872
955 956 -0.324189
955 965 -0.490181
955 55 1.201804
956 957 -1.615747
956 966 0.949938
956 56 2.972078
957 958 -0.160859
957 967 0.505615
957 57 -1.440513
958 959 0.848144
958 968 -1.162139
958 58 1.610614
959 950 -0.860295
959 969 0.171028
959 59 1.266542
960 961 0.913445
960 970 0.067336
960 60 -1.264649
961 962 -0.604445
961 971 -0.846831
961 61 -0.149837
962 963 -0.017542
962 972 0.715619
962 62 -0.982948
963 964 -0.213948
963 973 -0.802872
963 63 1.218275
964 965 0.168832
964 974 0.194322
964 64 -2.487634
965 966 0.049591
965 975 -1.417546
965 65 0.455604
966 967 2.000435
966 976 0.738033
966 66 0.656425
967 968 1.221905
967 977 0.551043
967 67 -0.260984
968 969 0.296181
968 978 0.046331
968 68 0.683405
969 960 1.836988
969 979 -0.842017
969 69 0.316981
970 971 -0.579606
970 980 -0.186580
970 70 -1.071871
971 972 0.341072
971 981 -1.121353
971 71 -1.375150
972 973 0.361322
972 982 -2.949225
972 72 1.462727
973 974 0.052843
973 983 0.434722
973 73 1.258333
974 975 -0.635147
974 984 -0.145685
974 74 -0.541881
975 976 -1.281742
975 985 -0.894315
975 75 0.612750
976 977 1.392033
976 986 -1.030984
976 76 -0.930297
977 978 -0.646541
977 987 0.525490
977 77 -0.633119
978 979 0.164771
978 988 0.455002
978 78 0.441095
979 970 1.224481
979 989 -1.273531
979 79 -1.646997
980 981 -0.639495
980 990 0.783408
980 80 0.939077
981 982 0.083508
981 991 -0.900718
981 81 -1.429385
982 983 -0.065187
982 992 -1.012865
982 82 -0.592339
983 984 -0.484728
983 993 0.083141
983 83 0.520503
984 985 2.502943
984 994 1.635399
984 84 1.586119
985 986 0.285702
985 995 -0.698497
985 85 -0.043731
986 987 0.386375
986 996 -0.395311
986 86 0.645327
987 988 0.350331
987 997 1.676833
987 87 0.563380
988 989 -1.462624
988 998 -0.064825
988 88 0.331409
989 980 -0.075397
989 999 2.171066
989 89 0.822042
990 991 -0.361538
990 900 -0.210532
990 90 2.450970
991 992 1.087782
991 901 1.087669
991 91 0.225300
992 993 0.629901
992 902 -0.792142
992 92 1.138946
993 994 1.819476
993 903 -1.706441
993 93 -1.243307
994 995 -2.221973
994 904 -0.943898
994 94 -0.756312
995 996 -0.562505
995 905 1.386038
995 95 1.538134
996 997 0.067379
996 906 -0.315412
996 96 -0.304281
997 998 1.551981
997 907 0.717673
997 97 0.180920
998 999 1.480787
998 908 2.774301
998 98 1.068304
999 990 -0.334591
999 909 0.069667
999 99 -0.546613
