0 1 -1.085648
0 10 1.123756
0 100 -1.533440
1 2 1.066770
1 11 0.854067
1 101 0.622490
2 3 -0.832697
2 12 0.221683
2 102 0.028158
3 4 0.293488
3 13 0.865024
3 103 -0.915461
4 5 -0.213625
4 14 -0.673211
4 104 -0.989783
5 6 -0.208199
5 15 -0.883191
5 105 -0.609097
6 7 0.784774
6 16 0.501868
6 106 0.516223
7 8 -0.878777
7 17 0.243404
7 107 0.565716
8 9 0.801822
8 18 1.043489
8 108 -2.901745
9 0 0.999484
9 19 -0.474023
9 109 -0.773820
10 11 1.262450
10 20 -0.559868
10 110 0.589782
11 12 0.440490
11 21 -1.043545
11 111 1.335909
12 13 0.351970
12 22 1.368348
12 112 -1.604166
13 14 -0.178524
13 23 0.786816
13 113 0.234999
14 15 -0.461507
14 24 -1.045504
14 114 1.042729
15 16 -1.541408
15 25 -0.433469
15 115 0.602209
16 17 -0.628893
16 26 -1.042345
16 116 2.563597
17 18 -0.587076
17 27 1.296183
17 117 1.802019
18 19 0.487490
18 28 -0.980824
18 118 -0.145977
19 10 0.031430
19 29 -1.956242
19 119 -0.797338
20 21 -0.641673
20 30 -0.129366
20 120 -1.809067
21 22 -0.057256
21 31 -1.070279
21 121 0.122770
22 23 -0.025358
22 32 -1.097416
22 122 0.175178
23 24 0.783367
23 33 -1.233356
23 123 -1.205646
24 25 -0.060670
24 34 1.927458
24 124 -0.223928
25 26 1.447833
25 35 0.554739
25 125 -0.549066
26 27 -1.013646
26 36 0.185649
26 126 -1.159950
27 28 -0.296271
27 37 -0.004395
27 127 -0.099895
28 29 1.623597
28 38 -1.163723
28 128 -1.700586
29 20 1.561039
29 39 0.930837
29 129 0.750825
30 31 -0.468857
30 40 0.796465
30 130 0.625056
31 32 -0.152199
31 41 -0.619288
31 131 0.707845
32 33 0.662349
32 42 -0.804022
32 132 0.027758
33 34 -2.860068
33 43 0.791940
33 133 0.454891
34 35 -0.086924
34 44 0.245979
34 134 -0.643553
35 36 0.335198
35 45 -0.538065
35 135 0.056321
36 37 0.006820
36 46 0.969556
36 136 0.966050
37 38 0.163421
37 47 2.367651
37 137 1.952277
38 39 -1.099445
38 48 0.856555
38 138 -2.607103
39 30 -0.860890
39 49 -0.562145
39 139 -0.302539
40 41 1.469099
40 50 -1.177284
40 140 -1.252686
41 42 0.267786
41 51 0.767910
41 141 -1.875327
42 43 -1.463436
42 52 -0.153663
42 142 0.050201
43 44 -1.403000
43 53 1.734705
43 143 -1.652341
44 45 2.182547
44 54 -1.518913
44 144 0.573127
45 46 0.424818
45 55 0.804218
45 145 1.116444
46 47 1.851076
46 56 1.659342
46 146 -0.052634
47 48 -1.595989
47 57 0.503461
47 147 0.798382
48 49 1.425296
48 58 -0.489546
48 148 -0.230909
49 40 0.334905
49 59 0.537237
49 149 0.642035
50 51 0.535695
50 60 -0.029334
50 150 1.076307
51 52 -0.909659
51 61 -0.601576
51 151 -0.149867
52 53 -0.589558
52 62 -0.426972
52 152 1.176242
53 54 0.219514
53 63 2.568724
53 153 0.619308
54 55 1.615499
54 64 1.585985
54 154 -1.413113
55 56 1.629249
55 65 -0.171530
55 155 -1.011941
56 57 -0.486513
56 66 -0.397252
56 156 -1.432641
57 58 0.074058
57 67 -0.712180
57 157 0.729219
58 59 -0.280659
58 68 1.440995
58 158 -0.048219
59 50 1.086905
59 69 0.055829
59 159 0.400481
60 61 0.098614
60 70 0.472710
60 160 1.773038
61 62 1.186700
61 71 -0.833281
61 161 1.694307
62 63 1.761242
62 72 1.088096
62 162 0.462330
63 64 0.736156
63 73 0.349641
63 163 -0.375317
64 65 1.082026
64 74 -0.121391
64 164 0.665767
65 66 0.983016
65 75 0.132432
65 165 0.691552
66 67 -1.306364
66 76 0.282851
66 166 -1.317734
67 68 -0.051934
67 77 -0.773808
67 167 -1.647766
68 69 -1.253247
68 78 1.526228
68 168 -0.424073
69 60 1.508516
69 79 -0.807263
69 169 -0.884965
70 71 0.129543
70 80 -0.343217
70 170 -1.532452
71 72 -0.585553
71 81 0.549869
71 171 -1.953213
72 73 -0.077145
72 82 0.214074
72 172 0.220726
73 74 0.053577
73 83 -0.597836
73 173 -0.099258
74 75 0.038040
74 84 -0.630799
74 174 -0.560659
75 76 -0.134206
75 85 0.557909
75 175 -1.428739
76 77 0.931094
76 86 -0.011023
76 176 0.190624
77 78 -0.150014
77 87 0.007246
77 177 0.432415
78 79 -0.444021
78 88 0.427729
78 178 1.287191
79 70 -0.439333
79 89 3.734015
79 179 -0.239277
80 81 1.824592
80 90 1.194591
80 180 0.090573
81 82 0.205505
81 91 -1.280281
81 181 0.072077
82 83 0.074325
82 92 -0.889721
82 182 0.585871
83 84 0.754922
83 93 -1.288825
83 183 0.437804
84 85 0.365992
84 94 0.408424
84 184 2.063589
85 86 -0.002087
85 95 1.499999
85 185 0.177654
86 87 0.376469
86 96 -2.800377
86 186 -1.055473
87 88 1.362368
87 97 0.446692
87 187 -0.346184
88 89 0.199682
88 98 -0.797437
88 188 -1.514265
89 80 1.953399
89 99 -0.509237
89 189 -1.505800
90 91 -0.676043
90 0 -0.097796
90 190 0.146744
91 92 -0.515307
91 1 0.275623
91 191 0.104947
92 93 0.520627
92 2 1.874903
92 192 0.984710
93 94 -0.250540
93 3 0.638581
93 193 1.774426
94 95 -0.066087
94 4 1.308025
94 194 0.161228
95 96 -0.135489
95 5 0.388979
95 195 1.857762
96 97 -1.114364
96 6 -0.192015
96 196 -0.440618
97 98 -0.995041
97 7 0.263378
97 197 -0.400954
98 99 2.208277
98 8 0.136719
98 198 -0.898286
99 90 -1.160915
99 9 0.969890
99 199 0.360165
100 101 1.373869
100 110 0.366606
100 200 -0.828229
101 102 0.292480
101 111 1.584511
101 201 -0.599325
102 103 -1.344746
102 112 0.738634
102 202 0.024968
103 104 -0.996835
103 113 -0.838584
103 203 -2.323759
104 105 -1.084519
104 114 -0.353082
104 204 -0.350881
105 106 2.422506
105 115 0.611577
105 205 -0.333796
106 107 0.499439
106 116 -0.113649
106 206 0.203133
107 108 1.028550
107 117 -1.743579
107 207 -0.512061
108 109 0.368611
108 118 1.607587
108 208 0.376607
109 100 1.632266
109 119 0.792021
109 209 0.948400
110 111 0.996332
110 120 -0.326263
110 210 0.784445
111 112 -0.154766
111 121 -0.102814
111 211 0.161229
112 113 2.138030
112 122 1.981299
112 212 -0.606743
113 114 0.120443
113 123 0.744146
113 213 -0.621452
114 115 -1.751834
114 124 0.786937
114 214 -0.529542
115 116 -0.151769
115 125 -0.514189
115 215 -0.543711
116 117 0.994436
116 126 -0.107855
116 216 -0.268296
117 118 0.038020
117 127 -0.497318
117 217 1.765460
118 119 1.118813
118 128 1.476986
118 218 0.884268
119 110 -0.164720
119 129 0.802716
119 219 -0.804643
120 121 -0.385782
120 130 0.351764
120 220 -2.158326
121 122 -1.146034
121 131 2.176840
121 221 1.240966
122 123 1.014608
122 132 -0.464003
122 222 0.735826
123 124 0.341468
123 133 1.152277
123 223 -0.118755
124 125 -0.205595
124 134 -0.387380
124 224 0.290011
125 126 -0.758171
125 135 -1.430329
125 225 -0.435020
126 127 1.708659
126 136 -1.095477
126 226 -0.992268
127 128 -1.520580
127 137 0.556031
127 227 0.883118
128 129 -1.249952
128 138 0.269166
128 228 -0.010255
129 120 1.271021
129 139 -1.512197
129 229 0.040375
130 131 1.324944
130 140 -0.719825
130 230 0.136155
131 132 -0.298336
131 141 1.518368
131 231 0.647021
132 133 -0.962540
132 142 -0.216899
132 232 -1.582798
133 134 0.467823
133 143 0.031759
133 233 -0.348462
134 135 1.163399
134 144 0.633318
134 234 0.620455
135 136 -0.573642
135 145 0.938176
135 235 0.634369
136 137 0.688399
136 146 -0.368832
136 236 -0.546719
137 138 0.086861
137 147 1.579392
137 237 -0.272347
138 139 0.829435
138 148 0.270008
138 238 -1.143588
139 130 -0.050919
139 149 0.333576
139 239 1.875210
140 141 -1.379374
140 150 -0.722754
140 240 -0.805720
141 142 0.050704
141 151 0.198955
141 241 -1.523978
142 143 -0.808115
142 152 -0.914360
142 242 0.104005
143 144 0.710943
143 153 0.609680
143 243 -0.880477
144 145 -0.212479
144 154 0.382095
144 244 0.860070
145 146 0.055711
145 155 1.364159
145 245 0.513352
146 147 -0.046739
146 156 0.733421
146 246 -0.965233
147 148 -0.834994
147 157 -0.088779
147 247 -1.979290
148 149 0.872560
148 158 -0.533041
148 248 1.771503
149 140 1.238875
149 159 0.826699
149 249 0.019384
150 151 1.095030
150 160 0.115085
150 250 0.135267
151 152 1.363905
151 161 -0.668939
151 251 -0.552281
152 153 0.102035
152 162 -0.294708
152 252 0.618323
153 154 -0.763362
153 163 0.046049
153 253 0.158987
154 155 0.185406
154 164 -1.288822
154 254 0.586691
155 156 0.504104
155 165 1.802365
155 255 1.828044
156 157 0.138840
156 166 0.744253
156 256 0.428764
157 158 -0.345351
157 167 0.208881
157 257 1.402118
158 159 0.926957
158 168 -1.520919
158 258 0.847725
159 150 -0.715065
159 169 0.086221
159 259 -0.471207
160 161 0.192434
160 170 1.220505
160 260 -0.323075
161 162 -0.290587
161 171 1.365546
161 261 0.809091
162 163 -1.052698
162 172 -0.435560
162 262 0.532832
163 164 1.791566
163 173 -0.687562
163 263 -0.740538
164 165 0.877166
164 174 0.915181
164 264 0.321407
165 166 -0.407281
165 175 -0.319088
165 265 -2.220723
166 167 0.114152
166 176 1.164595
166 266 1.545860
167 168 0.272326
167 177 -1.560777
167 267 -0.941315
168 169 1.767504
168 178 0.333676
168 268 0.869969
169 160 0.876444
169 179 1.540441
169 269 -0.558287
170 171 0.177930
170 180 -1.636972
170 270 0.229800
171 172 0.049082
171 181 1.526218
171 271 -1.699414
172 173 -0.502055
172 182 -0.080523
172 272 -0.632893
173 174 -0.755313
173 183 -2.024700
173 273 0.039287
174 175 1.772975
174 184 -0.268273
174 274 0.146027
175 176 -0.883690
175 185 -1.161316
175 275 1.259270
176 177 -0.365066
176 186 -0.428987
176 276 0.261896
177 178 -0.599554
177 187 -0.965127
177 277 1.688863
178 179 1.480564
178 188 2.055675
178 278 -0.590579
179 170 1.440794
179 189 2.197720
179 279 -1.362949
180 181 0.857075
180 190 0.740014
180 280 0.466940
181 182 -0.699366
181 191 -0.675696
181 281 -0.394459
182 183 -0.414981
182 192 -0.778884
182 282 -0.256358
183 184 -0.453243
183 193 -0.852932
183 283 0.638073
184 185 1.192518
184 194 0.713185
184 284 -1.995914
185 186 -0.338687
185 195 0.049582
185 285 -0.679708
186 187 0.246383
186 196 -0.766627
186 286 -1.539447
187 188 -0.479229
187 197 -0.256302
187 287 -1.605498
188 189 0.292472
188 198 0.595123
188 288 -1.361494
189 180 1.839799
189 199 -1.592701
189 289 -0.476549
190 191 -0.012888
190 100 0.840512
190 290 1.909583
191 192 -0.129541
191 101 -0.487283
191 291 -0.291110
192 193 -2.092462
192 102 -0.554780
192 292 0.834699
193 194 1.232625
193 103 -0.860756
193 293 -0.563642
194 195 0.437774
194 104 1.093161
194 294 0.748968
195 196 0.161235
195 105 -0.855040
195 295 0.397518
196 197 -0.473763
196 106 0.767586
196 296 -0.529634
197 198 -0.169386
197 107 0.226954
197 297 -0.201209
198 199 0.033028
198 108 1.991419
198 298 -0.765034
199 190 0.051780
199 109 -2.252354
199 299 -1.024239
200 201 -0.810504
200 210 -1.131746
200 300 0.303191
201 202 1.367886
201 211 0.223286
201 301 -2.284290
202 203 -1.302686
202 212 -0.880327
202 302 -0.490693
203 204 -0.497950
203 213 0.556109
203 303 0.885912
204 205 1.430584
204 214 -3.032293
204 304 0.066547
205 206 0.361585
205 215 -1.523353
205 305 0.334462
206 207 0.167905
206 216 0.373871
206 306 -2.812982
207 208 0.352446
207 217 -0.750947
207 307 -0.867257
208 209 -0.377129
208 218 0.648819
208 308 -1.257588
209 200 1.090546
209 219 -0.531813
209 309 2.213273
210 211 0.713588
210 220 -0.812150
210 310 -0.291748
211 212 0.780763
211 221 0.111780
211 311 0.329206
212 213 -0.050634
212 222 -0.182422
212 312 1.524127
213 214 -1.449828
213 223 0.508465
213 313 1.288681
214 215 -0.300044
214 224 0.121219
214 314 0.335182
215 216 1.038813
215 225 1.911792
215 315 -0.860840
216 217 0.674642
216 226 0.412306
216 316 -0.108665
217 218 0.197527
217 227 -0.175488
217 317 -1.164376
218 219 0.710670
218 228 -1.706287
218 318 -1.915204
219 210 1.002342
219 229 -0.433410
219 319 0.849745
220 221 0.549728
220 230 -1.233566
220 320 -0.983736
221 222 -1.421569
221 231 -0.767425
221 321 -0.562907
222 223 -1.115909
222 232 0.758135
222 322 -0.465711
223 224 0.069130
223 233 -1.190455
223 323 0.291954
224 225 -1.471094
224 234 -0.526533
224 324 0.046777
225 226 0.234905
225 235 1.055858
225 325 0.100593
226 227 0.231000
226 236 2.331245
226 326 -1.676684
227 228 0.964471
227 237 -0.022741
227 327 0.172505
228 229 -0.028266
228 238 0.519516
228 328 -1.071927
229 220 -0.084635
229 239 -0.202591
229 329 0.144981
230 231 1.364370
230 240 0.853175
230 330 -0.258101
231 232 0.829784
231 241 0.041965
231 331 -1.096741
232 233 0.070694
232 242 -1.101864
232 332 -0.388286
233 234 -0.257981
233 243 0.676289
233 333 1.780134
234 235 -0.205254
234 244 -1.592807
234 334 0.937923
235 236 0.535135
235 245 0.401020
235 335 -0.352627
236 237 -1.875925
236 246 -0.196668
236 336 0.680593
237 238 -1.918749
237 247 -1.240096
237 337 0.720758
238 239 0.704253
238 248 0.786476
238 338 0.057788
239 230 0.691467
239 249 -2.322222
239 339 -1.868483
240 241 0.444961
240 250 -0.326403
240 340 0.614074
241 242 0.346374
241 251 1.342467
241 341 -0.784619
242 243 0.473374
242 252 1.819086
242 342 -0.891232
243 244 0.402828
243 253 -1.159606
243 343 -0.645467
244 245 1.036838
244 254 -1.184609
244 344 0.662970
245 246 0.263814
245 255 -0.995453
245 345 0.640770
246 247 0.711632
246 256 -0.514711
246 346 -0.002737
247 248 0.665701
247 257 0.198955
247 347 0.433131
248 249 0.425475
248 258 2.404108
248 348 -0.463680
249 240 0.046065
249 259 1.486189
249 349 2.144766
250 251 -0.765002
250 260 -1.742966
250 350 -0.838424
251 252 -0.492839
251 261 0.223173
251 351 -0.068503
252 253 -1.235164
252 262 1.020513
252 352 -0.950009
253 254 0.667163
253 263 -0.318062
253 353 0.381859
254 255 -0.299795
254 264 -1.407650
254 354 0.320433
255 256 -0.292191
255 265 0.467719
255 355 1.107839
256 257 0.374973
256 266 1.753590
256 356 1.400057
257 258 -3.374228
257 267 2.070653
257 357 -1.282318
258 259 -0.253463
258 268 0.263800
258 358 0.058947
259 250 -1.929477
259 269 -2.328845
259 359 -2.625663
260 261 0.605110
260 270 2.261290
260 360 -0.209062
261 262 -0.709082
261 271 0.082715
261 361 -1.178765
262 263 -1.060731
262 272 -1.037082
262 362 0.010438
263 264 0.053075
263 273 -0.246837
263 363 1.155173
264 265 0.551933
264 274 -1.282869
264 364 -1.194137
265 266 1.029276
265 275 0.039363
265 365 2.562975
266 267 0.929563
266 276 1.095064
266 366 -0.759310
267 268 0.862648
267 277 -0.542029
267 367 0.826991
268 269 0.848916
268 278 0.650457
268 368 0.492380
269 260 -0.792666
269 279 0.230268
269 369 -0.209828
270 271 0.327387
270 280 0.083741
270 370 -0.123735
271 272 -0.416033
271 281 0.135478
271 371 -0.089580
272 273 -0.678910
272 282 0.043273
272 372 -0.382288
273 274 0.778027
273 283 -2.447805
273 373 -0.583496
274 275 -0.917605
274 284 0.951768
274 374 -0.290310
275 276 -0.307926
275 285 -0.807363
275 375 0.800729
276 277 0.870244
276 286 -0.303105
276 376 -0.056944
277 278 -1.637480
277 287 0.428039
277 377 -1.047532
278 279 -0.268099
278 288 1.229776
278 378 0.358897
279 270 1.347606
279 289 0.248007
279 379 0.795939
280 281 1.104789
280 290 0.245478
280 380 -1.824804
281 282 -1.340781
281 291 0.344114
281 381 1.338301
282 283 -1.504347
282 292 -0.740274
282 382 -1.658087
283 284 0.171414
283 293 0.102728
283 383 0.756538
284 285 -0.317128
284 294 0.710379
284 384 1.673012
285 286 -0.928445
285 295 0.105994
285 385 -0.904989
286 287 0.248333
286 296 -1.840568
286 386 0.403867
287 288 -0.935024
287 297 0.555505
287 387 -1.109759
288 289 -0.613649
288 298 -0.006858
288 388 -1.945327
289 280 -1.524364
289 299 1.217320
289 389 0.183583
290 291 -1.289018
290 200 -0.612616
290 390 0.886546
291 292 0.100386
291 201 -0.053886
291 391 1.471353
292 293 -0.335665
292 202 -0.058018
292 392 2.303583
293 294 0.719975
293 203 -1.227570
293 393 0.210403
294 295 0.648492
294 204 0.080271
294 394 0.715632
295 296 0.144035
295 205 -0.305953
295 395 0.634106
296 297 -0.399928
296 206 0.222033
296 396 -1.791266
297 298 -0.712676
297 207 0.012030
297 397 0.678779
298 299 0.059479
298 208 -0.254814
298 398 -0.404465
299 290 -0.813076
299 209 -0.452999
299 399 -0.035026
300 301 -1.150738
300 310 0.233065
300 400 1.372775
301 302 -0.318361
301 311 1.069468
301 401 0.399531
302 303 0.376087
302 312 -0.182174
302 402 -0.535328
303 304 -0.834545
303 313 0.899960
303 403 -0.442350
304 305 -0.212929
304 314 0.773029
304 404 -0.911472
305 306 1.553857
305 315 0.471816
305 405 -1.419390
306 307 -0.507966
306 316 0.284959
306 406 -1.773648
307 308 1.829822
307 317 -1.783340
307 407 1.966615
308 309 -0.964645
308 318 -0.724784
308 408 -0.089719
309 300 -0.384473
309 319 1.364041
309 409 0.794449
310 311 -0.081880
310 320 0.033977
310 410 0.854397
311 312 -1.632164
311 321 -0.793182
311 411 0.335630
312 313 1.329361
312 322 -2.697675
312 412 -0.762000
313 314 -0.365258
313 323 0.025892
313 413 1.572303
314 315 1.831418
314 324 -0.354055
314 414 -0.452197
315 316 -3.786124
315 325 1.445996
315 415 -1.588131
316 317 -1.387500
316 326 -1.047799
316 416 0.329388
317 318 -0.140627
317 327 0.255118
317 417 0.055146
318 319 -0.049546
318 328 0.465431
318 418 -0.489276
319 310 0.699101
319 329 -1.749995
319 419 0.062841
320 321 -0.523309
320 330 -0.890351
320 420 -0.365852
321 322 1.482353
321 331 0.732278
321 421 -1.348878
322 323 -1.387222
322 332 -0.672542
322 422 -1.173780
323 324 -0.143486
323 333 0.086068
323 423 -2.414135
324 325 0.791041
324 334 -1.203205
324 424 -0.748525
325 326 -0.355457
325 335 0.892119
325 425 -0.315782
326 327 0.307237
326 336 -0.459887
326 426 -0.750352
327 328 -0.018086
327 337 0.225861
327 427 -1.175592
328 329 -0.742519
328 338 -1.416569
328 428 -0.494933
329 320 1.199213
329 339 0.963057
329 429 -0.273574
330 331 -1.071243
330 340 0.100811
330 430 0.920651
331 332 0.690563
331 341 -0.683037
331 431 -1.971544
332 333 1.188741
332 342 0.082938
332 432 -1.377499
333 334 -0.068437
333 343 -2.294275
333 433 0.715809
334 335 0.988672
334 344 0.915357
334 434 0.639590
335 336 0.481208
335 345 -0.016116
335 435 0.251874
336 337 -1.497535
336 346 -1.023987
336 436 0.119806
337 338 -0.311566
337 347 0.195801
337 437 0.771698
338 339 0.484879
338 348 1.173210
338 438 2.167364
339 330 -1.479427
339 349 -1.125657
339 439 0.926787
340 341 -0.230085
340 350 -0.667202
340 440 0.286642
341 342 -2.102560
341 351 0.078052
341 441 0.612405
342 343 3.072335
342 352 -1.262616
342 442 -0.090549
343 344 0.095515
343 353 -0.328563
343 443 1.276769
344 345 1.368605
344 354 -0.230914
344 444 1.130374
345 346 0.271716
345 355 0.713811
345 445 0.714344
346 347 0.529134
346 356 -0.831903
346 446 0.114725
347 348 1.608661
347 357 -0.060937
347 447 -1.895384
348 349 0.076518
348 358 -0.038097
348 448 0.789119
349 340 0.102298
349 359 0.723996
349 449 0.225865
350 351 0.242301
350 360 1.191611
350 450 -0.464050
351 352 0.058729
351 361 0.768645
351 451 1.066871
352 353 0.850462
352 362 -1.921595
352 452 -0.145090
353 354 1.780325
353 363 0.727441
353 453 -0.362004
354 355 -0.414583
354 364 -0.326430
354 454 -0.258081
355 356 -1.992894
355 365 0.899315
355 455 -0.634490
356 357 0.105100
356 366 -0.658671
356 456 0.256861
357 358 -0.279751
357 367 0.675198
357 457 0.168403
358 359 -0.488503
358 368 -0.291351
358 458 0.090051
359 350 1.178080
359 369 -2.219931
359 459 1.457000
360 361 0.678321
360 370 -1.730225
360 460 0.009111
361 362 -0.606928
361 371 -0.602205
361 461 -0.124562
362 363 0.820160
362 372 -1.411723
362 462 -0.669506
363 364 -0.304311
363 373 -0.281613
363 463 -0.944029
364 365 -2.697987
364 374 -0.889677
364 464 -0.766705
365 366 0.192206
365 375 -0.226619
365 465 -0.033081
366 367 -0.624103
366 376 -1.418809
366 466 1.462836
367 368 -1.591730
367 377 -0.016597
367 467 -0.548837
368 369 -0.036796
368 378 2.747659
368 468 2.214497
369 360 0.923724
369 379 0.976654
369 469 0.472374
370 371 0.704412
370 380 0.419025
370 470 -1.101252
371 372 0.432164
371 381 -1.595707
371 471 0.372319
372 373 -0.297563
372 382 1.227472
372 472 0.645952
373 374 -0.301723
373 383 -0.832611
373 473 -0.458687
374 375 1.157245
374 384 -0.393526
374 474 -2.342225
375 376 0.720872
375 385 0.972220
375 475 -0.545173
376 377 0.445219
376 386 0.086559
376 476 -0.150775
377 378 0.170210
377 387 0.295810
377 477 1.434838
378 379 -0.952653
378 388 -0.797491
378 478 1.121218
379 370 -0.177116
379 389 -1.164948
379 479 0.982776
380 381 -0.575836
380 390 -1.034996
380 480 -0.169317
381 382 -0.267057
381 391 -0.749535
381 481 -0.333259
382 383 0.587794
382 392 -0.540898
382 482 -0.296048
383 384 1.499129
383 393 0.507445
383 483 -0.107718
384 385 0.245597
384 394 -1.160314
384 484 -0.459601
385 386 -1.713913
385 395 -0.326152
385 485 0.163258
386 387 0.790642
386 396 -1.515591
386 486 -0.156455
387 388 -0.346144
387 397 -2.589707
387 487 -0.382946
388 389 -0.275947
388 398 -0.742736
388 488 2.047814
389 380 -1.227665
389 399 0.199619
389 489 -0.535782
390 391 -2.318720
390 300 -0.251153
390 490 -0.581676
391 392 -0.532244
391 301 1.983707
391 491 0.440739
392 393 -0.378190
392 302 0.826961
392 492 0.328568
393 394 0.843669
393 303 -0.294896
393 493 -0.632249
394 395 0.237109
394 304 0.169822
394 494 -2.298159
395 396 1.697508
395 305 -0.564609
395 495 -0.444841
396 397 -1.003790
396 306 1.642929
396 496 -0.796622
397 398 -0.121909
397 307 -0.026216
397 497 -0.699397
398 399 0.223434
398 308 -0.027359
398 498 -0.613633
399 390 -0.860555
399 309 -2.400283
399 499 -1.527477
400 401 -0.480688
400 410 -0.572444
400 500 -1.274725
401 402 -0.126065
401 411 0.842570
401 501 -1.077997
402 403 -0.764890
402 412 -0.248186
402 502 1.451644
403 404 0.001624
403 413 2.209411
403 503 0.008602
404 405 -0.117624
404 414 -1.600583
404 504 2.066646
405 406 -1.534784
405 415 -0.547882
405 505 -1.092702
406 407 0.321437
406 416 0.182617
406 506 -0.053483
407 408 -0.452665
407 417 0.627510
407 507 -0.517582
408 409 0.060885
408 418 -1.984113
408 508 0.279895
409 400 1.315741
409 419 -0.372884
409 509 -1.685021
410 411 -0.830757
410 420 2.307212
410 510 0.642259
411 412 0.318618
411 421 1.477858
411 511 -1.464471
412 413 1.320556
412 422 1.342700
412 512 -1.047590
413 414 0.662661
413 423 0.024365
413 513 1.328593
414 415 0.923089
414 424 1.347555
414 514 0.431481
415 416 -0.474367
415 425 0.213304
415 515 -0.601896
416 417 -0.903450
416 426 0.235551
416 516 0.985562
417 418 -0.378745
417 427 -1.291598
417 517 -0.760569
418 419 0.775407
418 428 -2.018917
418 518 -0.287062
419 410 -0.563684
419 429 -0.905881
419 519 0.110952
420 421 0.374124
420 430 0.585315
420 520 -1.345012
421 422 -0.241844
421 431 0.533755
421 521 0.428508
422 423 -1.501720
422 432 0.015934
422 522 1.023440
423 424 0.607364
423 433 -0.026445
423 523 0.909912
424 425 -0.347983
424 434 -1.204667
424 524 -1.183937
425 426 -0.450213
425 435 -0.934861
425 525 0.244335
426 427 0.775697
426 436 -0.104637
426 526 0.143875
427 428 -0.122008
427 437 0.110134
427 527 0.365534
428 429 -0.121914
428 438 -0.944504
428 528 -0.474621
429 420 -0.555262
429 439 -0.737373
429 529 -0.203261
430 431 0.420548
430 440 2.929534
430 530 -0.142528
431 432 0.498586
431 441 0.796225
431 531 1.724419
432 433 -0.102615
432 442 1.939514
432 532 -0.127883
433 434 0.406257
433 443 1.964239
433 533 -0.211565
434 435 -2.278285
434 444 -0.650136
434 534 -0.424334
435 436 -0.491759
435 445 -0.702151
435 535 0.613316
436 437 -0.207484
436 446 0.282558
436 536 -0.007627
437 438 -0.090106
437 447 -0.032350
437 537 -0.560982
438 439 0.874858
438 448 -0.298979
438 538 -1.705441
439 430 1.337210
439 449 0.738701
439 539 1.377774
440 441 -1.588266
440 450 0.019403
440 540 -0.115586
441 442 -0.701865
441 451 0.483470
441 541 -0.817164
442 443 -0.218345
442 452 0.461723
442 542 0.032085
443 444 -0.890464
443 453 0.695193
443 543 0.280036
444 445 -1.804347
444 454 0.341436
444 544 0.567711
445 446 0.325333
445 455 -0.203576
445 545 -0.383573
446 447 -0.221973
446 456 -0.022290
446 546 0.931958
447 448 -0.515334
447 457 -1.230481
447 547 0.432834
448 449 -1.376673
448 458 -0.275548
448 548 0.494862
449 440 -0.048238
449 459 2.142795
449 549 0.398533
450 451 -1.269807
450 460 -0.401290
450 550 0.864964
451 452 0.432023
451 461 0.144847
451 551 -1.329274
452 453 -2.447709
452 462 0.135485
452 552 0.761087
453 454 1.577331
453 463 0.689005
453 553 -0.768435
454 455 -0.856237
454 464 1.460452
454 554 1.125168
455 456 -1.314950
455 465 -1.191352
455 555 -0.422960
456 457 0.896285
456 466 -0.071823
456 556 1.081137
457 458 -0.286779
457 467 -0.943837
457 557 -0.918100
458 459 1.278398
458 468 1.072878
458 558 0.643379
459 450 0.469045
459 469 0.300582
459 559 0.032328
460 461 -1.829009
460 470 -0.015780
460 560 -1.304754
461 462 1.334914
461 471 2.009922
461 561 -0.940852
462 463 -0.681540
462 472 -0.991691
462 562 0.623308
463 464 -0.347857
463 473 1.877747
463 563 1.414382
464 465 0.828981
464 474 0.394792
464 564 1.829229
465 466 -0.722035
465 475 0.092677
465 565 -0.119300
466 467 0.416208
466 476 -0.328363
466 566 -0.756320
467 468 1.440333
467 477 0.110635
467 567 -0.671457
468 469 0.948471
468 478 -0.524472
468 568 -0.065727
469 460 0.548931
469 479 0.336002
469 569 -0.074274
470 471 -0.280261
470 480 1.315738
470 570 -0.070892
471 472 0.119637
471 481 -0.259762
471 571 -2.059685
472 473 -1.729020
472 482 -0.173776
472 572 -0.788471
473 474 -0.863814
473 483 -0.416099
473 573 0.464394
474 475 1.018951
474 484 -1.646837
474 574 0.004929
475 476 -1.503814
475 485 0.296414
475 575 0.321734
476 477 -0.366437
476 486 -0.078569
476 576 -2.035943
477 478 0.138668
477 487 1.469128
477 577 0.577059
478 479 0.069756
478 488 0.011095
478 578 -0.370858
479 470 -0.156856
479 489 0.305878
479 579 -0.553881
480 481 0.203209
480 490 -0.109761
480 580 -0.629553
481 482 -2.044892
481 491 2.348375
481 581 -0.229779
482 483 -0.733724
482 492 -0.301883
482 582 -1.038042
483 484 -1.692570
483 493 -0.316397
483 583 0.715773
484 485 0.365779
484 494 -3.207254
484 584 0.344136
485 486 0.444980
485 495 -1.461799
485 585 0.481119
486 487 0.258878
486 496 0.116415
486 586 0.984899
487 488 1.877653
487 497 0.108001
487 587 -0.449266
488 489 -0.593851
488 498 0.488381
488 588 -0.818663
489 480 0.486521
489 499 0.947247
489 589 0.956402
490 491 2.450797
490 400 0.271119
490 590 0.446433
491 492 1.118497
491 401 0.090266
491 591 0.252487
492 493 -0.191790
492 402 -2.142034
492 592 -0.382200
493 494 -1.212088
493 403 1.448178
493 593 -0.742466
494 495 -0.348223
494 404 -2.660723
494 594 -0.488418
495 496 -3.040505
495 405 0.405449
495 595 -1.143180
496 497 0.725207
496 406 -0.796272
496 596 -1.078693
497 498 0.944061
497 407 0.169282
497 597 1.225585
498 499 1.545633
498 408 0.504856
498 598 -1.447394
499 490 1.137204
499 409 -1.682509
499 599 0.522668
500 501 -1.351583
500 510 1.620278
500 600 0.059317
501 502 -2.797556
501 511 0.287474
501 601 1.143388
502 503 0.880654
502 512 -0.053877
502 602 -1.613750
503 504 -0.073587
503 513 0.335072
503 603 0.661332
504 505 -0.212036
504 514 -0.397711
504 604 -0.080687
505 506 0.343091
505 515 -0.492808
505 605 -0.244216
506 507 -0.779758
506 516 1.735197
506 606 -1.155469
507 508 0.673713
507 517 1.630780
507 607 -0.406187
508 509 1.489085
508 518 -1.071553
508 608 -1.185740
509 500 0.064219
509 519 0.240914
509 609 0.600053
510 511 -0.231765
510 520 1.315897
510 610 -1.090572
511 512 -0.662112
511 521 0.384838
511 611 0.021345
512 513 -1.745395
512 522 0.106349
512 612 0.700308
513 514 0.685670
513 523 -0.076467
513 613 1.495780
514 515 -1.365986
514 524 -0.357293
514 614 3.088938
515 516 0.435350
515 525 -0.243403
515 615 0.215294
516 517 -0.406554
516 526 -0.000352
516 616 0.235492
517 518 -1.598907
517 527 -1.115944
517 617 -0.192342
518 519 0.596417
518 528 0.260304
518 618 -1.068933
519 510 -1.036194
519 529 0.903776
519 619 -0.482470
520 521 -0.734807
520 530 1.139032
520 620 0.788301
521 522 -0.403262
521 531 -0.461812
521 621 0.922972
522 523 1.879200
522 532 1.342804
522 622 -0.745497
523 524 0.061062
523 533 -0.084348
523 623 -0.560121
524 525 -2.730207
524 534 1.167046
524 624 0.345486
525 526 1.200950
525 535 0.484388
525 625 0.713212
526 527 0.068987
526 536 1.682820
526 626 0.312842
527 528 -0.236922
527 537 0.589445
527 627 0.183023
528 529 -0.598692
528 538 1.453440
528 628 -0.711871
529 520 1.615161
529 539 -0.200397
529 629 1.603949
530 531 0.554946
530 540 0.332758
530 630 0.380267
531 532 2.023068
531 541 -0.664383
531 631 0.127485
532 533 -0.574189
532 542 1.100698
532 632 -0.337224
533 534 -0.052881
533 543 -0.001475
533 633 -0.322059
534 535 -0.448715
534 544 2.976077
534 634 0.205124
535 536 -1.002702
535 545 1.149601
535 635 -0.077774
536 537 -0.790142
536 546 -1.217793
536 636 -0.523955
537 538 0.080972
537 547 -0.753525
537 637 0.463661
538 539 -1.370605
538 548 0.821877
538 638 -1.517915
539 530 -1.035185
539 549 -0.251401
539 639 1.968332
540 541 -0.953344
540 550 0.783470
540 640 -0.169324
541 542 -1.610772
541 551 -1.053823
541 641 -0.156325
542 543 -0.734911
542 552 -1.474138
542 642 -0.770441
543 544 -0.671097
543 553 2.842453
543 643 -0.799054
544 545 -2.102983
544 554 -0.434578
544 644 -0.454273
545 546 -0.827318
545 555 -0.173303
545 645 -0.831587
546 547 0.327309
546 556 -1.216237
546 646 -0.395305
547 548 -0.591027
547 557 0.345516
547 647 -0.134980
548 549 1.050360
548 558 -1.182017
548 648 0.038068
549 540 -0.241067
549 559 -0.870452
549 649 -0.075219
550 551 0.957064
550 560 1.415409
550 650 -0.168380
551 552 -0.237685
551 561 0.896915
551 651 -0.760313
552 553 -0.944218
552 562 -0.970663
552 652 -1.484824
553 554 -0.596674
553 563 0.021929
553 653 -0.683658
554 555 -0.930232
554 564 -0.642875
554 654 0.189323
555 556 0.264559
555 565 -1.625235
555 655 -0.395142
556 557 0.509551
556 566 0.996383
556 656 -1.149935
557 558 -1.257024
557 567 1.520567
557 657 -0.509252
558 559 -2.386253
558 568 0.278574
558 658 -0.589844
559 550 0.655667
559 569 0.700632
559 659 0.644042
560 561 1.876876
560 570 0.196237
560 660 1.551814
561 562 0.386489
561 571 -1.116136
561 661 0.601943
562 563 0.149388
562 572 2.526029
562 662 0.634311
563 564 0.827163
563 573 2.887082
563 663 0.316067
564 565 0.079842
564 574 0.260232
564 664 0.929694
565 566 1.334453
565 575 0.026093
565 665 -0.432657
566 567 0.190114
566 576 1.153468
566 666 0.081704
567 568 1.570294
567 577 -1.356472
567 667 0.362507
568 569 0.133245
568 578 -0.839818
568 668 1.572884
569 560 -0.990326
569 579 0.420637
569 669 -0.080778
570 571 -0.661415
570 580 0.374352
570 670 -0.912939
571 572 -0.841668
571 581 1.262797
571 671 1.158185
572 573 0.043585
572 582 -0.422013
572 672 -0.669732
573 574 1.662964
573 583 0.385735
573 673 0.177737
574 575 -0.014959
574 584 2.598798
574 674 -1.461647
575 576 -0.917431
575 585 -1.363190
575 675 0.711681
576 577 -0.771673
576 586 -0.305546
576 676 0.332754
577 578 -1.742650
577 587 -0.246498
577 677 1.172050
578 579 0.373008
578 588 -0.177193
578 678 0.993372
579 570 -1.105948
579 589 0.254956
579 679 1.360391
580 581 0.064133
580 590 0.494394
580 680 -0.876494
581 582 0.843990
581 591 -0.362732
581 681 0.431575
582 583 0.666857
582 592 0.677385
582 682 -0.594567
583 584 0.646885
583 593 -1.162911
583 683 0.037975
584 585 2.508165
584 594 0.673153
584 684 0.651132
585 586 0.718711
585 595 0.179993
585 685 -0.279331
586 587 0.647153
586 596 -0.994891
586 686 0.955908
587 588 -1.636113
587 597 0.230708
587 687 0.494332
588 589 0.310370
588 598 -0.571854
588 688 -0.345308
589 580 1.232010
589 599 1.448409
589 689 -0.937079
590 591 1.210021
590 500 1.222630
590 690 0.420993
591 592 0.481327
591 501 -1.169715
591 691 0.956368
592 593 0.231646
592 502 -1.145467
592 692 0.039202
593 594 1.791206
593 503 -0.719821
593 693 -1.384687
594 595 -0.785318
594 504 -0.567396
594 694 1.616665
595 596 1.734466
595 505 0.507733
595 695 0.083286
596 597 0.662065
596 506 -0.564282
596 696 -0.018323
597 598 2.830038
597 507 1.973693
597 697 -0.078139
598 599 -2.070952
598 508 -0.061466
598 698 0.572277
599 590 -0.222804
599 509 -1.271661
599 699 -0.311521
600 601 1.200864
600 610 -1.534644
600 700 -0.686481
601 602 -1.264626
601 611 -1.554826
601 701 -1.515134
602 603 -0.064747
602 612 -1.407481
602 702 0.716348
603 604 1.358890
603 613 0.776761
603 703 -1.635589
604 605 -1.005925
604 614 0.833113
604 704 -0.483715
605 606 -0.779515
605 615 0.120316
605 705 -3.196904
606 607 0.580593
606 616 0.202302
606 706 0.820894
607 608 -0.677178
607 617 0.003824
607 707 1.585473
608 609 -0.138023
608 618 0.961025
608 708 -0.274918
609 600 1.276759
609 619 1.140553
609 709 1.740778
610 611 -0.015141
610 620 0.212123
610 710 -0.746899
611 612 1.002292
611 621 0.066129
611 711 -0.087496
612 613 0.371107
612 622 -1.027826
612 712 0.149610
613 614 0.214838
613 623 -0.345673
613 713 0.627108
614 615 -0.017238
614 624 -0.967869
614 714 -0.434804
615 616 0.882526
615 625 -0.256571
615 715 0.959840
616 617 -0.331648
616 626 0.728734
616 716 1.623378
617 618 1.857450
617 627 0.519309
617 717 -1.115680
618 619 -0.076128
618 628 -1.472023
618 718 0.611181
619 610 -0.102499
619 629 -0.062681
619 719 -0.875106
620 621 0.469518
620 630 2.246258
620 720 1.021631
621 622 0.356717
621 631 -2.041618
621 721 0.194888
622 623 0.008590
622 632 -0.070518
622 722 0.420400
623 624 1.610303
623 633 0.044078
623 723 -0.803422
624 625 -0.919448
624 634 1.414726
624 724 -1.285439
625 626 0.851409
625 635 -1.456765
625 725 -0.671699
626 627 1.038549
626 636 0.569905
626 726 -2.007191
627 628 0.804571
627 637 -0.740333
627 727 1.074255
628 629 1.653460
628 638 -0.073400
628 728 1.559485
629 620 0.612137
629 639 1.325942
629 729 1.687691
630 631 -0.546896
630 640 -1.105940
630 730 0.112925
631 632 1.716962
631 641 1.339665
631 731 -0.387282
632 633 0.431855
632 642 0.383146
632 732 -1.058396
633 634 -1.550693
633 643 -1.380197
633 733 -0.076171
634 635 -1.085210
634 644 0.219151
634 734 -0.855566
635 636 0.275976
635 645 0.449703
635 735 0.876668
636 637 1.534464
636 646 0.612559
636 736 -0.017981
637 638 0.337236
637 647 0.604579
637 737 -0.753853
638 639 -0.268453
638 648 -0.425659
638 738 0.123435
639 630 1.675609
639 649 1.068676
639 739 1.016689
640 641 -0.016675
640 650 0.364085
640 740 2.104427
641 642 -1.123701
641 651 -0.514716
641 741 0.207608
642 643 0.099300
642 652 1.095762
642 742 1.399031
643 644 0.962852
643 653 1.672447
643 743 -1.565909
644 645 0.041385
644 654 -0.257993
644 744 0.336412
645 646 0.808355
645 655 0.516249
645 745 1.956217
646 647 -0.614859
646 656 -0.452584
646 746 -0.091742
647 648 0.721207
647 657 0.504800
647 747 -0.438132
648 649 -2.314866
648 658 0.433299
648 748 -1.526484
649 640 0.618704
649 659 -1.597460
649 749 -0.929156
650 651 -0.408970
650 660 2.213613
650 750 0.182146
651 652 -0.307043
651 661 0.537291
651 751 0.673855
652 653 -0.666933
652 662 1.430927
652 752 0.965629
653 654 -0.994835
653 663 1.202333
653 753 -1.298532
654 655 0.269429
654 664 -0.229485
654 754 0.946996
655 656 1.538610
655 665 -0.996349
655 755 -0.131255
656 657 2.223878
656 666 -0.287646
656 756 -0.582918
657 658 0.434052
657 667 0.008225
657 757 1.075696
658 659 1.259287
658 668 -0.520243
658 758 1.123862
659 650 -0.033908
659 669 -0.867646
659 759 -0.264976
660 661 1.287714
660 670 -0.679304
660 760 -0.906038
661 662 -1.114757
661 671 -1.167065
661 761 -1.958405
662 663 0.316520
662 672 -0.350655
662 762 0.490846
663 664 0.250842
663 673 -0.455313
663 763 -1.667043
664 665 -0.020461
664 674 0.086158
664 764 0.494051
665 666 -0.190670
665 675 -1.198907
665 765 -0.717596
666 667 1.441994
666 676 1.322755
666 766 -0.148311
667 668 -0.580594
667 677 -0.793754
667 767 1.209690
668 669 -0.374352
668 678 0.217374
668 768 -1.117839
669 660 -0.350524
669 679 -0.932297
669 769 0.978506
670 671 0.629014
670 680 -1.167726
670 770 0.806181
671 672 -0.195185
671 681 -0.642535
671 771 1.271235
672 673 -1.718590
672 682 -0.042948
672 772 -1.454703
673 674 -0.925812
673 683 -1.803720
673 773 0.772253
674 675 0.202023
674 684 0.868715
674 774 -0.671984
675 676 0.482801
675 685 -0.249310
675 775 -0.528935
676 677 0.114873
676 686 -1.313472
676 776 -1.601459
677 678 0.102208
677 687 2.235886
677 777 0.662908
678 679 1.267913
678 688 0.125808
678 778 -1.286632
679 670 -1.115611
679 689 1.533205
679 779 -1.413458
680 681 0.401786
680 690 0.192230
680 780 -0.549811
681 682 1.337316
681 691 -1.238476
681 781 -1.900337
682 683 -0.783506
682 692 -0.833084
682 782 -0.005731
683 684 2.613843
683 693 -1.295981
683 783 1.867911
684 685 0.794294
684 694 1.596008
684 784 0.979124
685 686 0.788216
685 695 0.965056
685 785 -0.503414
686 687 -3.950015
686 696 0.016733
686 786 1.841363
687 688 0.660647
687 697 -0.054454
687 787 -0.488532
688 689 1.125299
688 698 -1.892410
688 788 0.183729
689 680 0.080316
689 699 -1.727806
689 789 -0.874498
690 691 0.154235
690 600 1.493357
690 790 1.056003
691 692 -1.032200
691 601 -1.664572
691 791 0.893086
692 693 0.530858
692 602 -0.028451
692 792 -0.341571
693 694 0.519384
693 603 -0.749847
693 793 0.326605
694 695 0.711411
694 604 0.514440
694 794 -1.003253
695 696 -0.159793
695 605 0.002953
695 795 0.121006
696 697 0.152428
696 606 -0.607020
696 796 -2.003580
697 698 0.837891
697 607 -0.598828
697 797 -1.558138
698 699 -0.793852
698 608 -1.453633
698 798 -0.810325
699 690 -0.400327
699 609 -0.660541
699 799 -0.548224
700 701 -0.569454
700 710 -0.416410
700 800 0.580512
701 702 -0.344218
701 711 -0.783411
701 801 0.096203
702 703 -0.967989
702 712 -1.020317
702 802 1.377807
703 704 0.335275
703 713 0.659013
703 803 0.270372
704 705 0.026990
704 714 0.052356
704 804 -0.433166
705 706 -0.929016
705 715 -0.035219
705 805 1.052778
706 707 -1.105079
706 716 -0.009274
706 806 0.902346
707 708 -0.702234
707 717 0.174736
707 807 -2.255168
708 709 -1.366478
708 718 -2.106920
708 808 -0.795371
709 700 -0.729291
709 719 0.239987
709 809 1.426764
710 711 -0.054444
710 720 -0.784192
710 810 -3.958115
711 712 -1.374142
711 721 -0.647238
711 811 -1.034087
712 713 0.707229
712 722 0.495212
712 812 3.068591
713 714 0.208395
713 723 0.507467
713 813 -0.419087
714 715 -1.053544
714 724 1.425622
714 814 0.363354
715 716 -0.689354
715 725 1.380227
715 815 -0.807069
716 717 -1.037092
716 726 0.355059
716 816 -0.315040
717 718 -2.140604
717 727 -0.177131
717 817 0.951304
718 719 0.389234
718 728 -0.612753
718 818 -0.932208
719 710 2.649175
719 729 0.009244
719 819 0.694983
720 721 -0.585183
720 730 1.061692
720 820 0.921976
721 722 0.248633
721 731 -1.372021
721 821 -1.128454
722 723 -0.283467
722 732 -0.493304
722 822 -0.472112
723 724 0.270192
723 733 -0.578069
723 823 -0.298656
724 725 -0.573215
724 734 0.972185
724 824 0.690251
725 726 1.113624
725 735 0.461687
725 825 0.701470
726 727 0.506731
726 736 0.646100
726 826 1.134757
727 728 2.763221
727 737 1.193847
727 827 -0.006196
728 729 -0.026204
728 738 -0.276173
728 828 -1.095732
729 720 -0.060150
729 739 -2.275168
729 829 -0.967095
730 731 -0.326725
730 740 0.588544
730 830 1.295837
731 732 0.476860
731 741 -3.322906
731 831 -0.286351
732 733 -1.261286
732 742 -2.110029
732 832 0.223982
733 734 0.029308
733 743 0.206454
733 833 0.461712
734 735 -1.597665
734 744 -0.508842
734 834 0.627650
735 736 1.209738
735 745 -0.773145
735 835 0.391728
736 737 1.183972
736 746 0.338913
736 836 1.012169
737 738 1.602558
737 747 0.566079
737 837 1.845564
738 739 0.006728
738 748 -2.366721
738 838 -1.709179
739 730 0.013958
739 749 0.594311
739 839 0.041991
740 741 0.277714
740 750 -0.424919
740 840 0.543138
741 742 2.752660
741 751 -0.255134
741 841 -0.838745
742 743 0.808944
742 752 -0.543993
742 842 -2.362109
743 744 0.580771
743 753 -0.477009
743 843 -0.796391
744 745 0.887416
744 754 -0.832697
744 844 -1.230952
745 746 0.491242
745 755 0.472490
745 845 0.164826
746 747 0.594563
746 756 0.058191
746 846 0.369518
747 748 0.435919
747 757 -1.261994
747 847 -0.541272
748 749 -0.152423
748 758 -0.753637
748 848 1.194455
749 740 -0.444011
749 759 0.625200
749 849 -0.109301
750 751 -0.640199
750 760 0.435613
750 850 -0.254747
751 752 0.192187
751 761 0.520462
751 851 -0.229660
752 753 -0.160339
752 762 -0.537991
752 852 0.835275
753 754 -1.132139
753 763 -0.154662
753 853 -0.565930
754 755 -0.252640
754 764 0.514028
754 854 -0.283808
755 756 0.109540
755 765 1.764096
755 855 0.669804
756 757 0.183120
756 766 0.719283
756 856 0.195051
757 758 0.541420
757 767 -1.443907
757 857 0.146550
758 759 1.613141
758 768 3.571171
758 858 -0.447640
759 750 0.148484
759 769 -0.511443
759 859 -0.240142
760 761 0.613762
760 770 -2.163241
760 860 0.008135
761 762 -0.753130
761 771 -1.190033
761 861 -0.848788
762 763 0.558269
762 772 0.826926
762 862 0.263756
763 764 -0.497358
763 773 0.342873
763 863 1.290889
764 765 0.713554
764 774 -0.550660
764 864 0.901231
765 766 -2.877092
765 775 -2.048191
765 865 0.594265
766 767 -0.462917
766 776 0.300093
766 866 0.276580
767 768 0.179205
767 777 -0.536067
767 867 -1.040243
768 769 1.232120
768 778 -0.720173
768 868 1.203156
769 760 -1.441935
769 779 -0.495127
769 869 -0.788618
770 771 -1.104901
770 780 -1.193332
770 870 0.182772
771 772 -1.063524
771 781 -0.396092
771 871 0.382196
772 773 -1.017063
772 782 1.117929
772 872 -1.900476
773 774 -0.642591
773 783 -1.089558
773 873 -0.158168
774 775 0.998087
774 784 -0.376569
774 874 1.503689
775 776 -0.706485
775 785 1.112049
775 875 1.158005
776 777 0.917919
776 786 -0.656501
776 876 1.666204
777 778 -0.052909
777 787 0.243114
777 877 -0.789964
778 779 -0.504781
778 788 0.328435
778 878 0.530248
779 770 1.020816
779 789 1.435692
779 879 0.212763
780 781 0.687982
780 790 0.049328
780 880 0.515312
781 782 2.640108
781 791 1.567803
781 881 -0.652348
782 783 1.369845
782 792 -0.446665
782 882 -0.965854
783 784 0.417039
783 793 -0.278451
783 883 0.138005
784 785 -0.908590
784 794 0.667914
784 884 0.914066
785 786 -0.505370
785 795 0.149130
785 885 0.094818
786 787 -0.538868
786 796 1.142793
786 886 -0.208407
787 788 -0.414021
787 797 -0.701722
787 887 0.148355
788 789 -0.198997
788 798 -1.837648
788 888 -0.219361
789 780 -0.533092
789 799 -0.022165
789 889 0.330761
790 791 0.406082
790 700 1.909943
790 890 0.917694
791 792 -0.462563
791 701 1.232147
791 891 -1.341088
792 793 0.622781
792 702 -0.504611
792 892 -0.291944
793 794 -0.587682
793 703 1.086063
793 893 -0.017244
794 795 -1.538123
794 704 0.528347
794 894 0.305090
795 796 -1.589497
795 705 -0.157504
795 895 0.176829
796 797 -0.384959
796 706 1.456465
796 896 0.563729
797 798 -0.076984
797 707 -0.630212
797 897 -0.113013
798 799 0.538715
798 708 1.776989
798 898 -0.969376
799 790 1.135524
799 709 0.858939
799 899 -1.292877
800 801 -1.811597
800 810 -0.004170
800 900 -0.538095
801 802 -0.251515
801 811 0.328031
801 901 1.987254
802 803 -0.169985
802 812 0.282219
802 902 0.028203
803 804 -0.398571
803 813 2.548589
803 903 0.849609
804 805 1.563000
804 814 -0.490959
804 904 -0.088195
805 806 1.859490
805 815 1.009124
805 905 -0.459998
806 807 1.032481
806 816 -0.065926
806 906 0.651539
807 808 1.127533
807 817 1.859775
807 907 0.957960
808 809 -0.969239
808 818 0.185043
808 908 0.263583
809 800 -1.213302
809 819 -1.842199
809 909 1.034776
810 811 1.246902
810 820 0.703720
810 910 0.189790
811 812 -2.096566
811 821 0.704138
811 911 -1.908843
812 813 -2.225239
812 822 -1.191737
812 912 -0.302575
813 814 0.627296
813 823 0.896397
813 913 0.117108
814 815 -0.615516
814 824 -0.045668
814 914 0.589045
815 816 0.460478
815 825 1.400999
815 915 -0.876640
816 817 0.297630
816 826 0.677603
816 916 0.146042
817 818 -2.528559
817 827 0.292456
817 917 0.228100
818 819 2.027722
818 828 -1.234078
818 918 0.963848
819 810 -0.222682
819 829 -1.837069
819 919 0.152162
820 821 0.252123
820 830 -1.357514
820 920 1.287677
821 822 -0.007484
821 831 -1.407397
821 921 1.536254
822 823 0.089266
822 832 0.740030
822 922 0.862898
823 824 1.311732
823 833 1.675386
823 923 1.171553
824 825 -1.619135
824 834 -1.690031
824 924 -1.809092
825 826 0.943817
825 835 0.889425
825 925 -0.119390
826 827 0.167057
826 836 0.190810
826 926 -1.673404
827 828 0.388267
827 837 0.704144
827 927 -1.223913
828 829 0.382210
828 838 -1.061674
828 928 -0.938337
829 820 -1.009548
829 839 0.055164
829 929 -0.682286
830 831 -0.518480
830 840 -0.630842
830 930 1.194215
831 832 -0.347821
831 841 -0.204614
831 931 -0.439539
832 833 -2.008408
832 842 0.740183
832 932 0.371387
833 834 -0.520647
833 843 1.181332
833 933 1.661968
834 835 0.758765
834 844 0.129383
834 934 0.100475
835 836 -0.728525
835 845 0.011125
835 935 0.574033
836 837 1.860081
836 846 0.702480
836 936 -1.987943
837 838 -0.013234
837 847 0.078663
837 937 0.193919
838 839 -0.265734
838 848 -0.161901
838 938 -0.263798
839 830 -0.925326
839 849 1.453650
839 939 0.090609
840 841 -1.421755
840 850 0.494146
840 940 -0.049581
841 842 1.097082
841 851 0.309943
841 941 0.299337
842 843 1.261899
842 852 0.353525
842 942 -0.516111
843 844 -0.725717
843 853 0.535127
843 943 0.642077
844 845 -1.181940
844 854 -1.018888
844 944 0.744344
845 846 -0.699016
845 855 -0.225467
845 945 -0.801584
846 847 -0.909182
846 856 1.232705
846 946 0.399538
847 848 0.028960
847 857 -2.227739
847 947 1.150919
848 849 1.321451
848 858 -0.067399
848 948 -0.560321
849 840 1.459057
849 859 0.588366
849 949 0.371891
850 851 -0.091893
850 860 1.792633
850 950 0.521883
851 852 0.145590
851 861 -0.144490
851 951 0.843154
852 853 -0.589341
852 862 -0.135792
852 952 -2.575519
853 854 -1.147365
853 863 -0.360271
853 953 -0.501113
854 855 0.161049
854 864 0.695732
854 954 0.432424
855 856 0.577312
855 865 -0.941792
855 955 1.656074
856 857 -0.229218
856 866 0.820044
856 956 1.424548
857 858 1.737488
857 867 -0.839265
857 957 0.293324
858 859 -0.060240
858 868 -1.021623
858 958 0.232339
859 850 0.971922
859 869 -0.685089
859 959 -0.626122
860 861 1.835527
860 870 0.016380
860 960 -1.624020
861 862 -0.441074
861 871 0.797809
861 961 -1.031157
862 863 0.043136
862 872 -0.542619
862 962 -0.223759
863 864 -1.861966
863 873 0.197734
863 963 -0.528309
864 865 -0.906821
864 874 0.830482
864 964 -1.272908
865 866 -0.629178
865 875 1.795951
865 965 -0.764629
866 867 -2.192882
866 876 -0.997240
866 966 -1.207033
867 868 -0.418170
867 877 0.158481
867 967 1.722490
868 869 0.649984
868 878 0.459200
868 968 0.169895
869 860 -0.128455
869 879 0.808013
869 969 -0.170757
870 871 0.312816
870 880 1.892292
870 970 -2.221629
871 872 0.077491
871 881 -0.608383
871 971 -2.026271
872 873 1.189401
872 882 0.544512
872 972 -0.006882
873 874 -0.271611
873 883 1.087832
873 973 -0.514456
874 875 0.241669
874 884 0.070487
874 974 1.138613
875 876 -0.270817
875 885 -0.319996
875 975 -1.632891
876 877 -1.419534
876 886 1.108116
876 976 -1.096539
877 878 -0.021792
877 887 -0.757725
877 977 0.215767
878 879 0.765188
878 888 -0.357926
878 978 -0.384188
879 870 0.672705
879 889 -1.604784
879 979 0.235709
880 881 -0.806434
880 890 -0.268198
880 980 0.795212
881 882 0.697122
881 891 2.815672
881 981 1.278910
882 883 1.006415
882 892 0.619491
882 982 -1.180253
883 884 0.023519
883 893 0.693719
883 983 1.128231
884 885 -0.481162
884 894 -1.211962
884 984 -0.956844
885 886 0.296064
885 895 -0.307559
885 985 -0.164668
886 887 0.869057
886 896 0.063021
886 986 -0.150806
887 888 -0.098189
887 897 0.320551
887 987 -0.871365
888 889 -1.113382
888 898 -0.746426
888 988 -1.133804
889 880 -0.782131
889 899 0.002002
889 989 -1.567864
890 891 0.254983
890 800 0.267614
890 990 0.018113
891 892 -1.087667
891 801 -2.366168
891 991 -0.583297
892 893 -1.301571
892 802 -2.010112
892 992 0.563851
893 894 0.395098
893 803 -1.266015
893 993 -1.048201
894 895 -2.135035
894 804 0.922274
894 994 -1.446468
895 896 1.910135
895 805 -0.192161
895 995 0.649286
896 897 0.541806
896 806 -0.517634
896 996 0.108203
897 898 -1.005993
897 807 0.293108
897 997 -1.683843
898 899 1.114305
898 808 -1.420927
898 998 -0.133960
899 890 0.592722
899 809 1.816955
899 999 -0.837303
900 901 0.148147
900 910 -0.334387
900 0 -0.219492
901 902 -0.549566
901 911 0.641854
901 1 1.099172
902 903 -1.156280
902 912 0.379192
902 2 0.116764
903 904 0.093414
903 913 -0.036236
903 3 -0.956880
904 905 1.361494
904 914 -0.045115
904 4 -0.563934
905 906 -1.027067
905 915 -1.869903
905 5 -2.054806
906 907 0.390685
906 916 0.436753
906 6 0.430571
907 908 0.653406
907 917 -1.207660
907 7 0.046063
908 909 0.318619
908 918 1.151317
908 8 0.245022
909 900 0.430892
909 919 0.331811
909 9 0.007092
910 911 -0.433419
910 920 0.843559
910 10 1.015890
911 912 -0.649038
911 921 -0.036941
911 11 1.208607
912 913 -0.350072
912 922 0.616926
912 12 0.036035
913 914 1.028727
913 923 -1.027934
913 13 -0.085393
914 915 -1.206376
914 924 -1.407049
914 14 1.064566
915 916 0.912741
915 925 -0.263246
915 15 -1.386302
916 917 0.124325
916 926 0.015218
916 16 -0.932673
917 918 -0.268405
917 927 0.591770
917 17 -0.470896
918 919 -0.599517
918 928 -1.019980
918 18 -0.606891
919 910 0.472257
919 929 -0.111937
919 19 -0.767549
920 921 -0.694259
920 930 -0.697416
920 20 1.184261
921 922 -0.033360
921 931 0.930840
921 21 0.576472
922 923 0.470287
922 932 -0.987734
922 22 -0.068169
923 924 -1.849111
923 933 -0.981841
923 23 -0.283624
924 925 -1.458508
924 934 1.526681
924 24 0.782953
925 926 0.677247
925 935 -1.309326
925 25 -0.208029
926 927 -2.717193
926 936 0.185048
926 26 0.221387
927 928 0.569995
927 937 -0.081362
927 27 0.965831
928 929 2.336855
928 938 0.977385
928 28 -0.381440
929 920 0.156513
929 939 -1.511890
929 29 1.907964
930 931 0.781933
930 940 1.517539
930 30 1.297825
931 932 -0.211347
931 941 -0.923317
931 31 -0.870573
932 933 0.725301
932 942 2.106274
932 32 -0.096253
933 934 -1.082765
933 943 0.632437
933 33 1.346310
934 935 0.036259
934 944 0.612039
934 34 -0.412066
935 936 -0.429074
935 945 -0.097018
935 35 -0.312411
936 937 0.535148
936 946 -0.007167
936 36 0.088438
937 938 -0.847575
937 947 -0.463399
937 37 -0.989084
938 939 1.495520
938 948 0.199008
938 38 0.665480
939 930 -0.073206
939 949 -0.400829
939 39 1.620031
940 941 -0.100463
940 950 0.439588
940 40 0.003015
941 942 -0.241702
941 951 -1.200626
941 41 -0.094728
942 943 0.082590
942 952 -0.117181
942 42 -0.649672
943 944 1.181050
943 953 1.705499
943 43 -0.118105
944 945 0.342299
944 954 0.307943
944 44 -2.099795
945 946 0.389862
945 955 0.272662
945 45 -0.009227
946 947 -0.172590
946 956 0.166405
946 46 -1.474140
947 948 -0.956332
947 957 -0.394675
947 47 0.828566
948 949 -0.274024
948 958 -0.701900
948 48 -0.833709
949 940 -1.040271
949 959 0.506633
949 49 1.031229
950 951 -0.012200
950 960 0.155309
950 50 -0.917718
951 952 1.254677
951 961 -1.637379
951 51 0.008740
952 953 -1.055895
952 962 -1.845856
952 52 0.877508
953 954 -1.035752
953 963 0.972845
953 53 0.684524
954 955 0.422237
954 964 0.761017
954 54 -0.173924
955 956 -0.030158
955 965 -1.443942
955 55 0.959340
956 957 -0.242829
956 966 -0.197962
956 56 1.053785
957 958 -0.139208
957 967 0.721154
957 57 0.559790
958 959 -1.176530
958 968 -1.142516
958 58 0.447832
959 950 0.318927
959 969 -0.165032
959 59 -0.551204
960 961 0.408003
960 970 -1.165072
960 60 1.070487
961 962 -1.964893
961 971 0.878757
961 61 1.958315
962 963 -0.882066
962 972 0.305588
962 62 0.742650
963 964 0.930761
963 973 -0.692580
963 63 -0.420354
964 965 1.033774
964 974 0.797562
964 64 0.260315
965 966 0.051328
965 975 0.265979
965 65 -1.592013
966 967 -1.358238
966 976 0.970462
966 66 -1.150073
967 968 -0.837770
967 977 2.698049
967 67 -0.888660
968 969 -0.124226
968 978 1.637500
968 68 0.455839
969 960 0.094324
969 979 -2.880849
969 69 0.499982
970 971 -0.457268
970 980 -1.554181
970 70 -0.141231
971 972 -0.596567
971 981 -0.097296
971 71 -1.386149
972 973 0.434770
972 982 -0.692094
972 72 2.909254
973 974 -0.944935
973 983 -0.948687
973 73 0.832168
974 975 -1.430502
974 984 -0.765614
974 74 -0.251374
975 976 -0.107473
975 985 -1.013939
975 75 0.109373
976 977 1.556216
976 986 -0.020160
976 76 1.774030
977 978 -0.001885
977 987 -0.788842
977 77 0.511209
978 979 -0.032535
978 988 -0.296264
978 78 0.187487
979 970 -0.211762
979 989 -0.397186
979 79 1.979415
980 981 -1.378923
980 990 -0.248973
980 80 -2.070774
981 982 -1.427395
981 991 -1.218868
981 81 -0.586354
982 983 0.228599
982 992 -1.572636
982 82 2.204574
983 984 1.073390
983 993 1.064500
983 83 -0.200702
984 985 1.779823
984 994 0.174174
984 84 -1.043701
985 986 -0.918464
985 995 -1.303092
985 85 0.591307
986 987 0.030799
986 996 -1.180569
986 86 -2.150625
987 988 0.499260
987 997 0.732476
987 87 1.123338
988 989 0.365540
988 998 -1.663147
988 88 -0.562910
989 980 -0.787150
989 999 0.360937
989 89 0.303560
990 991 -0.883594
990 900 -1.805710
990 90 -0.393210
991 992 -1.316614
991 901 -0.701010
991 91 1.838676
992 993 -0.380519
992 902 1.796566
992 92 0.537262
993 994 1.276687
993 903 -1.145749
993 93 0.128762
994 995 -0.040163
994 904 0.678958
994 94 2.331781
995 996 1.426125
995 905 -1.966244
995 95 -0.017048
996 997 0.093155
996 906 -0.179660
996 96 0.585310
997 998 1.097058
997 907 -0.500525
997 97 -0.361313
998 999 1.646711
998 908 -0.380616
998 98 0.410323
999 990 -0.849970
999 909 2.662440
999 99 -0.198596
