0 1 1.356815
0 10 -0.192473
0 100 -0.756912
1 2 -0.526021
1 11 -0.054878
1 101 0.529272
2 3 0.053633
2 12 -0.466113
2 102 -0.166557
3 4 -0.310360
3 13 -1.287773
3 103 0.747893
4 5 -0.936004
4 14 1.924050
4 104 -1.483331
5 6 -3.296284
5 15 -0.703317
5 105 0.282569
6 7 -1.442539
6 16 -1.145017
6 106 0.268699
7 8 1.047114
7 17 -0.551712
7 107 0.813871
8 9 -0.244917
8 18 0.674064
8 108 -0.520424
9 0 0.992431
9 19 -0.379314
9 109 0.082178
10 11 0.547519
10 20 -0.320018
10 110 -0.029444
11 12 -0.598110
11 21 -0.352602
11 111 -0.475215
12 13 -1.091129
12 22 -0.011247
12 112 -0.332413
13 14 2.306366
13 23 0.950315
13 113 -1.542503
14 15 -0.780599
14 24 -1.008516
14 114 0.356606
15 16 0.291037
15 25 0.271876
15 115 1.198722
16 17 0.492025
16 26 -0.576477
16 116 -0.424441
17 18 0.480965
17 27 -1.348869
17 117 0.363852
18 19 -1.284761
18 28 -0.857162
18 118 -0.202763
19 10 0.071474
19 29 0.695014
19 119 -1.760867
20 21 0.503942
20 30 0.394271
20 120 0.791055
21 22 0.540543
21 31 0.747616
21 121 -0.625806
22 23 -1.508055
22 32 0.763519
22 122 0.554114
23 24 -0.833003
23 33 0.248404
23 123 0.322647
24 25 0.070176
24 34 0.534306
24 124 1.041737
25 26 0.053930
25 35 0.562936
25 125 -0.478660
26 27 0.859086
26 36 0.605061
26 126 -0.765318
27 28 -0.013292
27 37 1.050052
27 127 1.059806
28 29 -0.931824
28 38 1.166953
28 128 0.219428
29 20 -0.778454
29 39 0.085897
29 129 1.690144
30 31 0.098986
30 40 -1.112267
30 130 0.864928
31 32 -2.086731
31 41 0.697333
31 131 -0.841147
32 33 1.500025
32 42 1.059842
32 132 -0.009754
33 34 -1.030349
33 43 -0.296434
33 133 0.553244
34 35 -0.013324
34 44 0.473520
34 134 0.909081
35 36 0.397736
35 45 0.841824
35 135 -0.010019
36 37 -0.213483
36 46 0.292365
36 136 -0.531521
37 38 -0.566823
37 47 0.319359
37 137 0.900176
38 39 0.280547
38 48 -1.298331
38 138 -1.583940
39 30 -0.896284
39 49 -0.159635
39 139 -0.141562
40 41 -1.683076
40 50 -0.995057
40 140 0.987399
41 42 1.760836
41 51 0.562997
41 141 -0.718400
42 43 -1.061936
42 52 -0.658888
42 142 0.173924
43 44 1.302468
43 53 0.402091
43 143 -1.835857
44 45 -0.415078
44 54 1.505550
44 144 0.458068
45 46 1.139466
45 55 -0.283145
45 145 0.282158
46 47 1.132238
46 56 -0.050186
46 146 0.540678
47 48 -1.109961
47 57 -0.801431
47 147 0.847187
48 49 -1.029812
48 58 -1.891622
48 148 0.448056
49 40 0.557623
49 59 0.116872
49 149 0.355147
50 51 0.629695
50 60 1.657441
50 150 2.084237
51 52 -0.645398
51 61 -1.392592
51 151 -0.196874
52 53 -1.090774
52 62 -0.761784
52 152 1.591329
53 54 -0.363295
53 63 -0.144311
53 153 -1.344619
54 55 0.430521
54 64 1.292879
54 154 -0.685994
55 56 0.239210
55 65 0.664289
55 155 -1.283224
56 57 -0.373016
56 66 -0.327349
56 156 -1.206499
57 58 0.984101
57 67 -0.603066
57 157 -1.461189
58 59 -1.249123
58 68 -0.704909
58 158 0.804572
59 50 0.507702
59 69 -1.449454
59 159 1.480196
60 61 1.120548
60 70 -0.928314
60 160 0.709389
61 62 2.145282
61 71 -1.976016
61 161 1.026287
62 63 0.761487
62 72 0.436562
62 162 -0.173575
63 64 -0.893195
63 73 -1.685209
63 163 0.564324
64 65 1.349612
64 74 1.072123
64 164 2.082730
65 66 1.249744
65 75 -1.968831
65 165 1.284174
66 67 -0.280024
66 76 -1.722678
66 166 -0.568222
67 68 -1.328626
67 77 2.806222
67 167 0.780092
68 69 -0.879266
68 78 -1.359106
68 168 -0.205370
69 60 -0.006080
69 79 0.003311
69 169 -0.316307
70 71 -0.553919
70 80 1.631982
70 170 -0.232824
71 72 1.331301
71 81 0.024752
71 171 0.592284
72 73 -0.395955
72 82 1.663851
72 172 -0.317009
73 74 2.883260
73 83 0.311044
73 173 0.388278
74 75 0.700684
74 84 -0.626795
74 174 -0.305937
75 76 -0.393007
75 85 0.497229
75 175 -1.031114
76 77 0.246723
76 86 -0.137825
76 176 1.779802
77 78 -0.328456
77 87 3.088775
77 177 0.568517
78 79 -1.198591
78 88 -1.181519
78 178 1.225484
79 70 2.140147
79 89 1.257523
79 179 0.246912
80 81 -1.088233
80 90 -0.513254
80 180 -0.330732
81 82 0.582483
81 91 0.018757
81 181 0.065562
82 83 1.494345
82 92 -1.065773
82 182 -1.092636
83 84 0.069744
83 93 -1.405352
83 183 -0.326896
84 85 0.211291
84 94 -0.231923
84 184 1.881697
85 86 0.485075
85 95 -0.679590
85 185 1.536189
86 87 -1.061384
86 96 0.675594
86 186 -0.951919
87 88 0.714198
87 97 1.614044
87 187 0.730344
88 89 -1.356380
88 98 -0.559023
88 188 -0.272361
89 80 1.552384
89 99 1.552483
89 189 -0.511783
90 91 0.855768
90 0 -0.285753
90 190 0.378191
91 92 0.515271
91 1 -0.900292
91 191 -0.193937
92 93 -0.912515
92 2 1.048431
92 192 0.776359
93 94 -0.729995
93 3 -1.442578
93 193 0.010384
94 95 -0.353028
94 4 -0.094106
94 194 -0.144026
95 96 1.865364
95 5 2.345962
95 195 0.405129
96 97 -1.424039
96 6 -1.405978
96 196 -0.105739
97 98 1.394880
97 7 -1.023371
97 197 -1.030448
98 99 -0.131211
98 8 -1.355996
98 198 -0.016339
99 90 0.902688
99 9 0.534917
99 199 -1.575695
100 101 -0.831035
100 110 0.845985
100 200 0.625222
101 102 -1.600532
101 111 0.240993
101 201 -1.484947
102 103 -0.086077
102 112 1.835896
102 202 -1.162513
103 104 0.779980
103 113 0.663777
103 203 -2.339424
104 105 -0.072672
104 114 -0.119450
104 204 0.285102
105 106 1.520079
105 115 -0.733654
105 205 -1.557807
106 107 -0.247988
106 116 -2.279484
106 206 -1.096061
107 108 -0.684023
107 117 0.229000
107 207 0.111925
108 109 -0.233835
108 118 -0.929187
108 208 0.566032
109 100 -0.285619
109 119 -0.354338
109 209 -0.045486
110 111 -0.296019
110 120 1.764025
110 210 -0.274679
111 112 -0.933344
111 121 -0.148903
111 211 0.162757
112 113 0.236524
112 122 0.188025
112 212 -1.200945
113 114 1.177346
113 123 -0.744811
113 213 0.707887
114 115 -0.116790
114 124 -0.426702
114 214 -0.072749
115 116 2.079805
115 125 0.225120
115 215 -0.132016
116 117 -1.404747
116 126 0.593097
116 216 0.014024
117 118 0.207336
117 127 0.087944
117 217 1.269176
118 119 -0.903448
118 128 0.368030
118 218 2.894647
119 110 1.520235
119 129 -0.208865
119 219 -0.683583
120 121 -0.133129
120 130 3.755189
120 220 -1.928869
121 122 0.609995
121 131 -0.728276
121 221 1.454029
122 123 1.211794
122 132 -0.504065
122 222 0.177340
123 124 0.372704
123 133 1.539280
123 223 0.042359
124 125 -0.555097
124 134 0.073610
124 224 1.443815
125 126 -0.174730
125 135 -0.241158
125 225 -0.037910
126 127 1.015720
126 136 -0.328419
126 226 -2.118341
127 128 0.018719
127 137 -1.846960
127 227 -0.547158
128 129 -1.372108
128 138 0.887591
128 228 0.917445
129 120 -1.408239
129 139 -0.732904
129 229 0.416976
130 131 0.884359
130 140 0.102302
130 230 -0.483355
131 132 -0.329176
131 141 2.154082
131 231 -1.041218
132 133 -1.140932
132 142 -0.027107
132 232 0.857403
133 134 -0.175863
133 143 -0.931544
133 233 -0.116368
134 135 2.967084
134 144 -1.613229
134 234 1.707831
135 136 -0.777888
135 145 0.787043
135 235 0.098183
136 137 -1.865518
136 146 1.678102
136 236 0.898819
137 138 0.867090
137 147 -1.532467
137 237 -0.707823
138 139 0.272118
138 148 -1.748034
138 238 -0.062105
139 130 -0.020812
139 149 -0.845989
139 239 -1.676663
140 141 -0.394066
140 150 -1.024963
140 240 -0.361619
141 142 -0.494648
141 151 -1.753072
141 241 -0.754866
142 143 1.425453
142 152 -0.049914
142 242 0.828706
143 144 1.992581
143 153 -0.164364
143 243 0.264417
144 145 -1.471887
144 154 -1.115180
144 244 -0.541173
145 146 -2.196746
145 155 0.608007
145 245 -0.348068
146 147 0.445061
146 156 -0.023040
146 246 2.807380
147 148 -0.972347
147 157 0.774369
147 247 0.459487
148 149 -0.357178
148 158 -0.084386
148 248 -0.823249
149 140 -0.528391
149 159 -0.078319
149 249 -1.045886
150 151 -0.126691
150 160 0.051487
150 250 0.417778
151 152 -1.691119
151 161 -0.838037
151 251 1.499098
152 153 1.391437
152 162 -1.048141
152 252 0.233253
153 154 -0.703490
153 163 0.740631
153 253 0.326741
154 155 -0.189833
154 164 -0.903412
154 254 1.262588
155 156 -0.563478
155 165 -1.255431
155 255 1.459053
156 157 1.035535
156 166 -1.127435
156 256 0.930180
157 158 0.759671
157 167 0.762372
157 257 0.814282
158 159 -0.368938
158 168 0.642165
158 258 0.308971
159 150 1.805403
159 169 0.871056
159 259 -0.677747
160 161 0.279036
160 170 -0.690503
160 260 0.274267
161 162 -2.420653
161 171 -1.062307
161 261 -1.176303
162 163 1.385945
162 172 -0.500299
162 262 0.141788
163 164 -1.257526
163 173 1.272458
163 263 -1.264448
164 165 1.237549
164 174 -1.823284
164 264 -0.590583
165 166 2.449987
165 175 0.556039
165 265 1.525232
166 167 0.079807
166 176 0.299346
166 266 -0.372484
167 168 -0.448232
167 177 0.672207
167 267 -0.384122
168 169 -0.186028
168 178 0.116224
168 268 -0.489816
169 160 -0.179695
169 179 1.533724
169 269 -0.441019
170 171 1.033718
170 180 -2.275374
170 270 -0.218121
171 172 -1.342608
171 181 -0.198532
171 271 1.136545
172 173 -1.313523
172 182 1.578637
172 272 -0.026978
173 174 -0.510118
173 183 -0.220108
173 273 -1.184837
174 175 -0.665452
174 184 -1.203572
174 274 -1.425172
175 176 0.388809
175 185 -0.955937
175 275 0.600866
176 177 -1.764537
176 186 -0.076731
176 276 1.036655
177 178 0.425687
177 187 -0.811602
177 277 1.339869
178 179 0.017169
178 188 0.673050
178 278 -1.795864
179 170 0.407254
179 189 0.796356
179 279 3.458230
180 181 0.325883
180 190 -0.549599
180 280 0.011105
181 182 -1.661771
181 191 -0.516475
181 281 1.626634
182 183 -0.937703
182 192 0.641314
182 282 -2.363716
183 184 0.033693
183 193 0.029258
183 283 -0.473374
184 185 2.354812
184 194 1.221544
184 284 -0.732242
185 186 1.132618
185 195 0.908941
185 285 0.867544
186 187 -0.156006
186 196 -0.349505
186 286 0.225530
187 188 2.201612
187 197 -1.305262
187 287 0.445638
188 189 0.672693
188 198 -0.128763
188 288 -0.828492
189 180 0.020306
189 199 -1.300864
189 289 -1.289599
190 191 -0.547447
190 100 0.464393
190 290 -0.845279
191 192 0.311183
191 101 0.658128
191 291 -1.178210
192 193 1.414741
192 102 3.669067
192 292 0.293001
193 194 0.610475
193 103 -0.283485
193 293 0.748664
194 195 0.466625
194 104 0.354024
194 294 -0.693947
195 196 1.770188
195 105 0.256785
195 295 0.308145
196 197 -0.977694
196 106 -1.461778
196 296 1.666746
197 198 0.907964
197 107 1.316796
197 297 -1.187793
198 199 0.527937
198 108 1.840065
198 298 -0.276869
199 190 0.376259
199 109 -1.522739
199 299 -0.185136
200 201 -0.165547
200 210 -0.389281
200 300 2.071866
201 202 0.176261
201 211 0.922972
201 301 -0.537768
202 203 0.125949
202 212 1.035446
202 302 -0.595245
203 204 1.511672
203 213 -0.415369
203 303 1.684194
204 205 0.063598
204 214 -1.164871
204 304 0.558400
205 206 0.349915
205 215 0.293003
205 305 -0.970803
206 207 -1.043281
206 216 -0.507386
206 306 1.029491
207 208 -0.884893
207 217 -0.228525
207 307 2.921988
208 209 -0.610115
208 218 1.037968
208 308 -0.661799
209 200 -0.907639
209 219 -0.563504
209 309 0.264751
210 211 0.584829
210 220 0.399470
210 310 0.017699
211 212 1.427081
211 221 0.442053
211 311 -2.474891
212 213 0.923553
212 222 -1.340450
212 312 -0.691544
213 214 -1.367815
213 223 -1.576479
213 313 -1.626784
214 215 0.783677
214 224 1.398707
214 314 -0.441751
215 216 0.314617
215 225 0.712338
215 315 -0.831898
216 217 0.947362
216 226 0.092691
216 316 1.991622
217 218 0.044719
217 227 0.081204
217 317 -1.075678
218 219 -1.116574
218 228 -0.146181
218 318 0.232226
219 210 0.027048
219 229 0.900649
219 319 0.458142
220 221 -0.718839
220 230 0.942481
220 320 0.426743
221 222 0.722417
221 231 0.106423
221 321 -0.414880
222 223 2.683114
222 232 0.332528
222 322 1.452123
223 224 -0.696473
223 233 -0.314393
223 323 0.431834
224 225 1.187376
224 234 -0.097506
224 324 0.221203
225 226 -0.588794
225 235 -0.086385
225 325 -0.436012
226 227 -0.681975
226 236 -1.660233
226 326 0.415338
227 228 0.265892
227 237 0.933969
227 327 1.038587
228 229 0.222906
228 238 0.329420
228 328 -0.056870
229 220 -0.000371
229 239 -0.597764
229 329 1.499769
230 231 -1.255792
230 240 0.287447
230 330 0.938721
231 232 0.078681
231 241 -0.281521
231 331 -0.876799
232 233 0.241321
232 242 -1.348394
232 332 -0.244139
233 234 0.488381
233 243 0.803827
233 333 -1.397117
234 235 -1.017096
234 244 0.963565
234 334 1.106526
235 236 -1.647170
235 245 1.554406
235 335 0.331758
236 237 -1.806100
236 246 -1.407132
236 336 -0.183115
237 238 0.057058
237 247 0.259760
237 337 0.428723
238 239 0.289287
238 248 1.983308
238 338 0.181275
239 230 -0.126998
239 249 -1.061224
239 339 1.094364
240 241 -0.055486
240 250 0.995165
240 340 -1.563021
241 242 -0.024273
241 251 0.159101
241 341 -1.831848
242 243 -0.659494
242 252 -0.835476
242 342 -0.381424
243 244 0.157365
243 253 0.211823
243 343 1.321070
244 245 0.062246
244 254 0.051401
244 344 -0.485140
245 246 -1.041091
245 255 0.039929
245 345 -0.201429
246 247 0.016107
246 256 0.499602
246 346 -0.686352
247 248 -1.256437
247 257 -0.355977
247 347 0.883987
248 249 1.143018
248 258 -0.523326
248 348 0.299353
249 240 0.552432
249 259 0.136738
249 349 -1.115951
250 251 0.434873
250 260 0.027405
250 350 -0.573409
251 252 -1.058606
251 261 0.002238
251 351 -0.876959
252 253 -0.629445
252 262 -0.632095
252 352 0.800521
253 254 1.338725
253 263 -0.114394
253 353 -1.128837
254 255 0.201397
254 264 1.603763
254 354 1.151263
255 256 0.130431
255 265 -1.089363
255 355 -1.258192
256 257 -0.361549
256 266 0.590565
256 356 0.075208
257 258 -1.332484
257 267 2.354150
257 357 -1.843278
258 259 0.021138
258 268 -0.338242
258 358 -0.418021
259 250 -0.397073
259 269 0.449468
259 359 -0.220225
260 261 -1.221960
260 270 0.662030
260 360 -0.226183
261 262 -0.411628
261 271 -2.022473
261 361 -1.628142
262 263 0.184582
262 272 -1.011163
262 362 1.058010
263 264 -1.245224
263 273 1.047988
263 363 -1.651590
264 265 1.259928
264 274 1.297713
264 364 -1.922674
265 266 -0.166393
265 275 2.202987
265 365 -0.569091
266 267 -1.174345
266 276 -0.306084
266 366 0.431510
267 268 -0.840268
267 277 -1.429250
267 367 1.196871
268 269 -0.065865
268 278 0.418699
268 368 -2.534437
269 260 -0.342266
269 279 -0.770607
269 369 1.984592
270 271 -0.042767
270 280 -2.029424
270 370 0.277841
271 272 0.657655
271 281 1.300477
271 371 0.637314
272 273 -0.515109
272 282 0.162200
272 372 -0.901111
273 274 0.193501
273 283 -0.385621
273 373 0.990557
274 275 0.677112
274 284 0.868998
274 374 -1.341757
275 276 -0.933532
275 285 -0.273469
275 375 -0.756424
276 277 0.209353
276 286 -0.387049
276 376 -1.297917
277 278 0.473341
277 287 -0.840669
277 377 1.199943
278 279 -0.752127
278 288 -0.639435
278 378 -0.205221
279 270 -0.531586
279 289 0.562671
279 379 1.737605
280 281 1.084004
280 290 -1.503273
280 380 0.371925
281 282 -0.216407
281 291 -0.908914
281 381 0.847441
282 283 -0.902794
282 292 0.111268
282 382 -0.125015
283 284 -1.219477
283 293 -0.026833
283 383 0.387098
284 285 -0.820804
284 294 -0.990657
284 384 0.057506
285 286 -0.139553
285 295 0.863602
285 385 0.135080
286 287 1.376026
286 296 -0.398570
286 386 -0.364324
287 288 0.987975
287 297 0.122522
287 387 1.116972
288 289 -0.574847
288 298 0.531395
288 388 -0.556894
289 280 0.712054
289 299 1.027914
289 389 0.282438
290 291 -2.014356
290 200 0.209777
290 390 0.166524
291 292 1.099799
291 201 0.381636
291 391 0.695892
292 293 -0.025346
292 202 0.071754
292 392 -0.500382
293 294 0.046178
293 203 -1.173216
293 393 -0.493484
294 295 0.512833
294 204 -1.542644
294 394 0.909698
295 296 -0.183982
295 205 0.363590
295 395 1.088652
296 297 -1.200837
296 206 1.089278
296 396 -0.025594
297 298 -0.245851
297 207 -1.311019
297 397 -0.690902
298 299 -0.238070
298 208 -0.490920
298 398 2.564219
299 290 1.314956
299 209 0.206353
299 399 1.017142
300 301 -2.171499
300 310 0.765184
300 400 -1.083255
301 302 -0.321209
301 311 -0.170907
301 401 1.415939
302 303 0.331946
302 312 -0.107172
302 402 -0.349772
303 304 -0.307415
303 313 0.358683
303 403 -1.570710
304 305 0.895581
304 314 0.380947
304 404 1.620752
305 306 -0.514491
305 315 1.370928
305 405 0.468876
306 307 -0.879125
306 316 -0.784331
306 406 -1.091222
307 308 -1.083877
307 317 -2.213266
307 407 1.200967
308 309 -0.916437
308 318 -0.339235
308 408 -0.044968
309 300 -0.040212
309 319 -0.191113
309 409 0.808402
310 311 -0.417607
310 320 0.122496
310 410 1.209314
311 312 -0.933042
311 321 0.438183
311 411 0.113907
312 313 -1.631731
312 322 0.416540
312 412 0.354057
313 314 -0.725706
313 323 0.504691
313 413 1.150013
314 315 0.129865
314 324 0.704296
314 414 0.009026
315 316 0.544236
315 325 0.323578
315 415 0.591470
316 317 0.865420
316 326 -1.683693
316 416 0.197677
317 318 -0.266109
317 327 1.430893
317 417 0.989078
318 319 -0.723906
318 328 -0.649076
318 418 0.931931
319 310 -1.112494
319 329 0.067655
319 419 1.262919
320 321 2.010289
320 330 -0.720811
320 420 0.397235
321 322 0.293408
321 331 -0.601779
321 421 0.216009
322 323 -0.127591
322 332 -1.505547
322 422 0.261802
323 324 0.889893
323 333 -0.074717
323 423 1.704694
324 325 -1.564493
324 334 -0.392490
324 424 2.479606
325 326 0.245545
325 335 -0.866762
325 425 0.445806
326 327 -0.476408
326 336 0.347540
326 426 2.330387
327 328 -0.939155
327 337 1.288689
327 427 1.935134
328 329 0.421201
328 338 0.192363
328 428 -1.201429
329 320 0.120112
329 339 -0.247720
329 429 -1.443721
330 331 0.833656
330 340 0.860488
330 430 -0.508740
331 332 1.000560
331 341 0.206923
331 431 -1.621222
332 333 0.298366
332 342 0.466825
332 432 0.185284
333 334 0.817672
333 343 1.152491
333 433 1.087624
334 335 -1.305977
334 344 -1.739496
334 434 -0.753624
335 336 1.490297
335 345 -0.565205
335 435 -0.510219
336 337 0.737475
336 346 0.305204
336 436 -0.540928
337 338 1.670763
337 347 -0.475662
337 437 -2.330100
338 339 -0.665797
338 348 -1.409357
338 438 -0.154454
339 330 -0.061822
339 349 -0.964342
339 439 0.816513
340 341 0.406029
340 350 0.967309
340 440 -1.009808
341 342 0.094008
341 351 -1.170055
341 441 0.050527
342 343 -2.026635
342 352 0.244050
342 442 -0.995027
343 344 -1.916102
343 353 -0.716583
343 443 1.644552
344 345 2.508751
344 354 0.328074
344 444 0.202511
345 346 -0.509954
345 355 -0.191869
345 445 -0.565291
346 347 0.169179
346 356 1.112206
346 446 -0.394757
347 348 1.242569
347 357 1.452760
347 447 1.492088
348 349 0.728778
348 358 0.548502
348 448 -0.258746
349 340 -1.118456
349 359 -0.148601
349 449 0.681114
350 351 0.018989
350 360 -0.087272
350 450 -0.463780
351 352 -1.654218
351 361 -2.267091
351 451 0.468947
352 353 -0.356079
352 362 -0.655224
352 452 -1.251322
353 354 2.732581
353 363 0.934641
353 453 0.821652
354 355 -1.341442
354 364 -0.808440
354 454 -1.133964
355 356 0.444504
355 365 0.807563
355 455 1.666124
356 357 1.299542
356 366 0.228383
356 456 0.121048
357 358 -1.246717
357 367 -0.318517
357 457 1.663191
358 359 -0.030826
358 368 -0.359705
358 458 -0.239062
359 350 -0.449666
359 369 0.474956
359 459 -0.309092
360 361 1.792380
360 370 -1.478456
360 460 0.359046
361 362 1.026400
361 371 1.424563
361 461 -0.512269
362 363 -0.668695
362 372 0.440561
362 462 1.909086
363 364 -1.085233
363 373 0.144497
363 463 0.334976
364 365 -0.145249
364 374 -0.942198
364 464 -0.993085
365 366 -0.915539
365 375 -0.292694
365 465 0.683620
366 367 -0.739482
366 376 -0.014780
366 466 0.582435
367 368 0.853222
367 377 -3.067783
367 467 1.148458
368 369 0.322815
368 378 0.323980
368 468 -0.435992
369 360 0.255458
369 379 -0.515706
369 469 -2.149382
370 371 -0.625318
370 380 -0.097595
370 470 -1.171442
371 372 0.131007
371 381 -0.181896
371 471 1.348423
372 373 -0.117792
372 382 -0.984130
372 472 1.189333
373 374 -0.649454
373 383 0.939671
373 473 0.558842
374 375 -1.260089
374 384 -0.264273
374 474 1.201028
375 376 1.242999
375 385 -0.965840
375 475 1.581458
376 377 0.440654
376 386 0.906122
376 476 -1.977099
377 378 1.124151
377 387 -0.430229
377 477 0.097404
378 379 0.236571
378 388 -1.489620
378 478 -1.519591
379 370 -1.188025
379 389 1.391022
379 479 0.688106
380 381 -0.018635
380 390 -1.680891
380 480 1.196432
381 382 -1.626088
381 391 0.652950
381 481 0.449957
382 383 -0.166045
382 392 -2.040006
382 482 -0.639343
383 384 -1.337921
383 393 -0.357654
383 483 -1.059158
384 385 -1.100457
384 394 -0.043383
384 484 0.789586
385 386 -0.033735
385 395 0.102097
385 485 0.269521
386 387 0.743126
386 396 -0.632273
386 486 0.855906
387 388 -1.083249
387 397 0.418476
387 487 -0.115897
388 389 0.394075
388 398 0.593139
388 488 1.071908
389 380 1.985902
389 399 -0.013749
389 489 0.444182
390 391 -1.046476
390 300 0.801192
390 490 0.618876
391 392 0.632997
391 301 0.935661
391 491 -0.242410
392 393 0.069216
392 302 0.821302
392 492 0.446994
393 394 -0.047795
393 303 -0.839966
393 493 0.514228
394 395 -1.652930
394 304 -0.198078
394 494 0.367290
395 396 -2.212193
395 305 -0.613056
395 495 1.004246
396 397 -1.056684
396 306 0.562703
396 496 0.440509
397 398 -0.670452
397 307 0.454719
397 497 -0.646647
398 399 1.027790
398 308 0.035586
398 498 0.494280
399 390 1.551536
399 309 0.697486
399 499 1.599920
400 401 -1.410684
400 410 0.312188
400 500 0.624648
401 402 0.373713
401 411 -1.627368
401 501 0.808171
402 403 -1.681631
402 412 -0.225425
402 502 0.247901
403 404 -0.037424
403 413 -1.720044
403 503 -0.117470
404 405 0.442026
404 414 -0.503113
404 504 1.249162
405 406 -0.259346
405 415 0.102617
405 505 -1.056589
406 407 0.879592
406 416 -1.149379
406 506 0.111010
407 408 -0.483870
407 417 0.294065
407 507 -0.040040
408 409 0.875860
408 418 0.242330
408 508 -0.280232
409 400 -1.307634
409 419 0.231245
409 509 -0.857178
410 411 0.003121
410 420 2.371853
410 510 -1.625519
411 412 -0.807260
411 421 -1.038323
411 511 -0.374075
412 413 -1.544572
412 422 -2.481779
412 512 -2.177764
413 414 -1.943185
413 423 -0.655909
413 513 0.153009
414 415 0.079177
414 424 -0.773676
414 514 1.381376
415 416 -0.854734
415 425 -1.710683
415 515 0.809151
416 417 -1.367966
416 426 0.722060
416 516 -2.000087
417 418 0.549626
417 427 -0.468517
417 517 -1.787187
418 419 -0.605937
418 428 -1.315528
418 518 0.418852
419 410 1.135184
419 429 1.138612
419 519 0.802660
420 421 1.480568
420 430 0.138697
420 520 0.332399
421 422 -1.466517
421 431 0.279350
421 521 0.120577
422 423 1.868849
422 432 -2.581394
422 522 -0.175213
423 424 0.118136
423 433 1.096130
423 523 -0.022692
424 425 0.095830
424 434 -0.766855
424 524 0.098284
425 426 1.671234
425 435 -0.883902
425 525 0.179938
426 427 -1.289225
426 436 -0.441652
426 526 0.315692
427 428 0.039639
427 437 -0.924571
427 527 0.075505
428 429 -0.568910
428 438 0.073669
428 528 0.988344
429 420 0.183466
429 439 -0.568632
429 529 -0.191806
430 431 -0.131243
430 440 0.172988
430 530 -0.472283
431 432 -1.484158
431 441 1.130634
431 531 0.909636
432 433 0.955644
432 442 0.427656
432 532 0.253501
433 434 -0.598230
433 443 0.013533
433 533 -0.133390
434 435 0.149824
434 444 0.283545
434 534 0.608984
435 436 -1.951995
435 445 -0.812428
435 535 -0.471544
436 437 1.097851
436 446 -1.175345
436 536 1.598360
437 438 -0.570356
437 447 2.133592
437 537 1.872772
438 439 -0.876997
438 448 0.203912
438 538 1.108925
439 430 0.098788
439 449 -0.218241
439 539 -1.867323
440 441 1.252751
440 450 -0.208446
440 540 -0.683261
441 442 -2.897912
441 451 -0.153410
441 541 0.601953
442 443 0.654288
442 452 1.626688
442 542 -0.383190
443 444 0.123027
443 453 0.205860
443 543 -0.134899
444 445 0.027754
444 454 1.042108
444 544 0.229720
445 446 1.027308
445 455 -0.190654
445 545 -0.254558
446 447 -1.330662
446 456 -1.267323
446 546 -1.154388
447 448 -1.624806
447 457 -0.069186
447 547 -1.132711
448 449 0.497626
448 458 -0.709443
448 548 -0.170159
449 440 1.289782
449 459 -1.841754
449 549 1.602437
450 451 -0.270162
450 460 0.800922
450 550 -2.526092
451 452 0.779450
451 461 -0.958876
451 551 -1.041123
452 453 -0.161934
452 462 0.068990
452 552 -0.720425
453 454 1.161894
453 463 1.431602
453 553 0.503833
454 455 0.375020
454 464 -0.524700
454 554 -0.839399
455 456 -0.476548
455 465 0.995714
455 555 -0.140638
456 457 1.396208
456 466 -1.060306
456 556 -1.755185
457 458 2.193673
457 467 0.966124
457 557 -0.221493
458 459 -1.975168
458 468 0.415223
458 558 -0.126843
459 450 -1.055416
459 469 0.020896
459 559 1.162735
460 461 0.199273
460 470 0.807046
460 560 -0.358948
461 462 0.955908
461 471 -0.405454
461 561 0.300315
462 463 0.357485
462 472 -0.402302
462 562 -1.921710
463 464 1.773023
463 473 -2.325293
463 563 -0.014997
464 465 -1.106997
464 474 1.834660
464 564 0.375405
465 466 -0.035316
465 475 0.280580
465 565 1.324939
466 467 -0.865105
466 476 -1.222307
466 566 -1.558467
467 468 -0.223614
467 477 -0.472423
467 567 -1.528254
468 469 -0.062392
468 478 0.028877
468 568 0.857534
469 460 -1.026053
469 479 -0.708909
469 569 0.323845
470 471 -1.037867
470 480 1.687683
470 570 -0.199052
471 472 -1.237586
471 481 0.526034
471 571 0.365658
472 473 1.105321
472 482 -1.144453
472 572 -0.469277
473 474 -0.031679
473 483 0.575641
473 573 -0.028330
474 475 0.379973
474 484 -0.005458
474 574 0.078012
475 476 -1.725102
475 485 0.438083
475 575 -0.807267
476 477 2.033917
476 486 -0.459916
476 576 0.094057
477 478 -0.155442
477 487 -0.961557
477 577 0.027085
478 479 -0.717166
478 488 0.186091
478 578 0.353495
479 470 -0.490338
479 489 -1.308705
479 579 0.354238
480 481 0.092940
480 490 1.853004
480 580 -1.493904
481 482 -0.634267
481 491 -0.150702
481 581 -1.253579
482 483 -0.833167
482 492 1.176553
482 582 2.171535
483 484 0.504939
483 493 -0.797615
483 583 -0.781029
484 485 -0.806470
484 494 -0.729464
484 584 -0.185966
485 486 -0.587864
485 495 1.222917
485 585 0.677529
486 487 -2.258643
486 496 -2.192864
486 586 -0.574701
487 488 -0.937276
487 497 -2.532037
487 587 -2.300292
488 489 -0.784665
488 498 -1.191304
488 588 0.013009
489 480 0.747309
489 499 0.560957
489 589 -0.755251
490 491 -0.712879
490 400 2.025077
490 590 0.231533
491 492 -0.428840
491 401 1.143922
491 591 -2.241904
492 493 1.158925
492 402 0.095777
492 592 0.694183
493 494 1.190373
493 403 -1.286122
493 593 -0.325430
494 495 0.070910
494 404 -1.055286
494 594 -1.768939
495 496 -0.148110
495 405 -1.783523
495 595 1.371582
496 497 -0.864867
496 406 1.288214
496 596 -0.463159
497 498 -0.425273
497 407 -2.979881
497 597 -0.248899
498 499 2.895224
498 408 -0.568508
498 598 0.511514
499 490 -0.328281
499 409 1.919430
499 599 -0.829518
500 501 0.045987
500 510 -0.217527
500 600 -0.753864
501 502 0.531733
501 511 1.890702
501 601 -0.588160
502 503 2.429462
502 512 -0.705462
502 602 -0.501939
503 504 0.424397
503 513 0.473191
503 603 1.213433
504 505 -1.271065
504 514 0.315020
504 604 0.644104
505 506 1.039216
505 515 -0.579272
505 605 0.081896
506 507 -0.640438
506 516 2.076625
506 606 -0.465924
507 508 -0.084665
507 517 0.184817
507 607 1.273148
508 509 0.659662
508 518 0.104331
508 608 -0.572260
509 500 -1.860554
509 519 -0.420225
509 609 -1.462817
510 511 1.314607
510 520 0.817818
510 610 0.653672
511 512 0.853463
511 521 2.160735
511 611 -0.134389
512 513 -0.555254
512 522 1.653017
512 612 0.366056
513 514 1.123065
513 523 2.286627
513 613 1.187237
514 515 -0.866928
514 524 0.998161
514 614 -0.590989
515 516 2.544307
515 525 -1.977474
515 615 2.387973
516 517 0.409081
516 526 -0.172591
516 616 1.028812
517 518 -1.219663
517 527 1.107157
517 617 -0.079089
518 519 0.508157
518 528 0.966473
518 618 0.283133
519 510 0.755358
519 529 -0.776377
519 619 -0.386257
520 521 0.183636
520 530 -0.625302
520 620 -2.088837
521 522 -1.298383
521 531 0.286129
521 621 0.972232
522 523 -1.663981
522 532 0.350050
522 622 -0.383051
523 524 3.137006
523 533 0.146547
523 623 2.303884
524 525 0.717292
524 534 0.854839
524 624 0.347994
525 526 0.718259
525 535 0.280919
525 625 0.146110
526 527 0.369705
526 536 0.422174
526 626 1.483198
527 528 0.443853
527 537 0.840039
527 627 0.002287
528 529 -1.974522
528 538 -0.009399
528 628 0.919750
529 520 -0.800733
529 539 0.282956
529 629 -0.336929
530 531 -1.801459
530 540 -0.209222
530 630 -1.917911
531 532 0.907834
531 541 0.166843
531 631 0.213348
532 533 1.528914
532 542 -1.143039
532 632 -0.455511
533 534 -2.581523
533 543 -0.357068
533 633 -0.315293
534 535 -1.195808
534 544 -0.336423
534 634 1.433156
535 536 0.876760
535 545 0.052244
535 635 -1.800774
536 537 1.169307
536 546 -0.402001
536 636 -1.727484
537 538 -1.964729
537 547 -0.417943
537 637 -1.544775
538 539 -0.475546
538 548 0.306263
538 638 2.423743
539 530 -0.593442
539 549 -2.565347
539 639 -2.349033
540 541 0.418228
540 550 -0.217779
540 640 -0.850299
541 542 0.329670
541 551 0.782442
541 641 0.720457
542 543 -0.033210
542 552 -0.284555
542 642 0.066155
543 544 -0.379869
543 553 0.872088
543 643 1.361275
544 545 -0.903836
544 554 1.232788
544 644 -0.691064
545 546 -0.256044
545 555 1.635328
545 645 0.896513
546 547 0.099408
546 556 0.591496
546 646 0.857447
547 548 -0.516893
547 557 -1.093027
547 647 0.165575
548 549 -0.572662
548 558 0.604586
548 648 -0.402440
549 540 -0.459464
549 559 -0.889133
549 649 -2.367547
550 551 -0.645102
550 560 0.986665
550 650 1.448766
551 552 0.085772
551 561 -1.956867
551 651 1.013402
552 553 0.165090
552 562 1.013474
552 652 0.410964
553 554 1.151854
553 563 0.085756
553 653 -0.783191
554 555 1.093931
554 564 -0.518651
554 654 -0.339209
555 556 0.355231
555 565 1.102645
555 655 0.311863
556 557 -0.701963
556 566 -0.100549
556 656 -2.949631
557 558 -0.041247
557 567 1.582646
557 657 0.438252
558 559 -1.115001
558 568 -0.418178
558 658 -0.393285
559 550 -0.669600
559 569 0.105690
559 659 1.598622
560 561 0.519678
560 570 -0.330983
560 660 -0.423723
561 562 -0.891325
561 571 -1.196120
561 661 -0.362313
562 563 -1.706018
562 572 0.794103
562 662 -0.096111
563 564 -0.408644
563 573 1.084670
563 663 -0.998056
564 565 0.548221
564 574 -0.086964
564 664 0.444460
565 566 1.242505
565 575 0.080101
565 665 0.859598
566 567 -0.475066
566 576 0.907038
566 666 1.152076
567 568 0.956328
567 577 -1.204554
567 667 -0.977250
568 569 -0.129279
568 578 -0.525232
568 668 -0.290199
569 560 -1.130236
569 579 -0.705155
569 669 2.705351
570 571 -1.369619
570 580 -0.469930
570 670 0.345655
571 572 -0.965280
571 581 -1.759682
571 671 1.526286
572 573 0.994481
572 582 -1.795476
572 672 -0.580690
573 574 -1.057120
573 583 1.221073
573 673 0.582038
574 575 1.515437
574 584 -0.047056
574 674 1.021958
575 576 0.061202
575 585 -0.622344
575 675 0.287839
576 577 -0.734076
576 586 -0.126732
576 676 -2.364368
577 578 -0.138126
577 587 0.350235
577 677 -0.709823
578 579 1.708125
578 588 -0.461047
578 678 0.308689
579 570 -0.884926
579 589 -0.266153
579 679 0.492154
580 581 -0.209136
580 590 -0.727153
580 680 0.065829
581 582 -0.593065
581 591 -2.028340
581 681 -0.301163
582 583 -0.166033
582 592 -0.267092
582 682 0.082208
583 584 1.316786
583 593 -0.158789
583 683 -2.679584
584 585 1.335219
584 594 1.633540
584 684 0.518263
585 586 0.255202
585 595 -0.061742
585 685 -1.015791
586 587 -1.407180
586 596 -1.091963
586 686 -0.848608
587 588 -0.242882
587 597 -0.517544
587 687 0.588581
588 589 0.080466
588 598 0.528583
588 688 0.027322
589 580 -1.357223
589 599 0.160663
589 689 0.627930
590 591 1.423301
590 500 -1.405509
590 690 -0.270641
591 592 1.291588
591 501 1.232849
591 691 0.647581
592 593 0.816707
592 502 -0.884130
592 692 -0.541106
593 594 -0.084358
593 503 -0.485868
593 693 0.039232
594 595 -0.920472
594 504 -0.402384
594 694 -1.002460
595 596 -0.472018
595 505 -0.488563
595 695 -1.050526
596 597 -0.265575
596 506 0.093058
596 696 -1.842193
597 598 -2.524439
597 507 -0.570823
597 697 -0.243852
598 599 -0.065229
598 508 -0.383816
598 698 1.048515
599 590 -0.118655
599 509 -0.350843
599 699 0.831610
600 601 -1.516127
600 610 -0.750635
600 700 0.926472
601 602 0.281294
601 611 0.133819
601 701 -1.016421
602 603 0.383188
602 612 -0.819110
602 702 2.980572
603 604 -2.227904
603 613 2.067203
603 703 -0.074401
604 605 -2.299287
604 614 -0.566966
604 704 0.656919
605 606 1.242772
605 615 -0.108187
605 705 -1.257711
606 607 -0.044857
606 616 -0.128974
606 706 0.156754
607 608 -1.176058
607 617 -3.853395
607 707 -0.923201
608 609 0.009097
608 618 -0.218771
608 708 1.235505
609 600 0.019326
609 619 -0.825223
609 709 0.676136
610 611 1.164230
610 620 -0.729202
610 710 0.493967
611 612 0.453460
611 621 0.068213
611 711 1.576297
612 613 2.075034
612 622 0.086794
612 712 -0.429324
613 614 -0.793699
613 623 0.318953
613 713 -2.277980
614 615 -0.331863
614 624 2.653105
614 714 -0.672584
615 616 0.509007
615 625 -0.190683
615 715 1.693447
616 617 -0.445402
616 626 0.847091
616 716 -1.504939
617 618 1.301076
617 627 -1.279386
617 717 -3.124139
618 619 -1.758876
618 628 -0.977102
618 718 1.260924
619 610 0.148697
619 629 -0.152062
619 719 -0.485219
620 621 1.008960
620 630 0.719418
620 720 -0.088799
621 622 -0.975055
621 631 1.318708
621 721 0.700584
622 623 1.218916
622 632 -1.105992
622 722 0.928918
623 624 0.762228
623 633 0.367877
623 723 -1.238730
624 625 -0.292557
624 634 0.106362
624 724 -0.554454
625 626 -0.032465
625 635 0.359940
625 725 0.035123
626 627 -1.743077
626 636 1.649009
626 726 -0.832673
627 628 1.024941
627 637 1.005163
627 727 -1.792650
628 629 0.439119
628 638 0.158147
628 728 -1.314975
629 620 -1.007028
629 639 -0.481448
629 729 -0.890324
630 631 -0.957919
630 640 1.177081
630 730 1.082986
631 632 -0.761390
631 641 -0.666217
631 731 -0.505347
632 633 -0.180798
632 642 0.015662
632 732 0.331715
633 634 0.466613
633 643 -2.164299
633 733 -0.502395
634 635 1.729913
634 644 0.144558
634 734 0.620503
635 636 -1.103104
635 645 0.015311
635 735 -1.654122
636 637 -0.968313
636 646 -0.128516
636 736 0.103938
637 638 -0.810645
637 647 -0.224212
637 737 0.013538
638 639 -0.747726
638 648 -0.802845
638 738 -0.678236
639 630 0.293070
639 649 2.147577
639 739 2.026545
640 641 -0.526939
640 650 0.153755
640 740 0.202951
641 642 -1.105079
641 651 1.045897
641 741 0.015823
642 643 0.879777
642 652 -0.234657
642 742 -0.516831
643 644 0.387237
643 653 1.174897
643 743 0.591920
644 645 -0.529049
644 654 -1.776081
644 744 -0.415386
645 646 0.814474
645 655 -1.121470
645 745 -0.351562
646 647 1.323173
646 656 -2.140967
646 746 0.888594
647 648 0.815990
647 657 0.046054
647 747 0.876110
648 649 0.025791
648 658 0.061926
648 748 -0.183411
649 640 0.050643
649 659 -0.924197
649 749 0.225942
650 651 0.004257
650 660 -0.567839
650 750 2.125479
651 652 -0.070474
651 661 -1.095461
651 751 1.063579
652 653 -0.611727
652 662 -1.458504
652 752 0.823847
653 654 0.969143
653 663 0.344907
653 753 0.296829
654 655 1.046522
654 664 -0.783385
654 754 0.606700
655 656 1.091209
655 665 0.586663
655 755 0.321846
656 657 2.171035
656 666 0.172696
656 756 -0.257986
657 658 0.038395
657 667 -0.277434
657 757 -0.223392
658 659 -0.107602
658 668 -0.335829
658 758 0.432700
659 650 0.634645
659 669 0.674642
659 759 -2.101858
660 661 -1.421310
660 670 -0.426153
660 760 -0.360020
661 662 -0.113067
661 671 -0.553506
661 761 -1.248341
662 663 1.005364
662 672 -0.424604
662 762 0.211840
663 664 -0.946354
663 673 0.951642
663 763 1.257114
664 665 0.363735
664 674 -2.453514
664 764 -0.765884
665 666 1.921742
665 675 -1.151322
665 765 -0.372621
666 667 0.706069
666 676 -0.924696
666 766 2.607671
667 668 -1.061360
667 677 1.961605
667 767 -0.358296
668 669 -0.579634
668 678 0.569024
668 768 -0.429764
669 660 0.521031
669 679 0.870276
669 769 -0.450328
670 671 1.470310
670 680 -0.912630
670 770 1.899040
671 672 -0.878777
671 681 0.618066
671 771 1.015989
672 673 -0.035933
672 682 0.950815
672 772 0.579154
673 674 0.329426
673 683 0.228394
673 773 1.078125
674 675 0.828664
674 684 0.157824
674 774 0.981898
675 676 0.063411
675 685 -1.564574
675 775 -0.983860
676 677 1.762899
676 686 0.844365
676 776 -1.400362
677 678 -0.236826
677 687 -0.054635
677 777 0.272595
678 679 0.715377
678 688 0.743437
678 778 -1.227877
679 670 0.431503
679 689 0.116859
679 779 -0.382175
680 681 1.056978
680 690 0.603396
680 780 -0.095981
681 682 -0.052005
681 691 0.048566
681 781 0.916674
682 683 1.288242
682 692 0.153047
682 782 0.904686
683 684 0.008215
683 693 -0.601428
683 783 0.503472
684 685 1.341006
684 694 0.119029
684 784 0.328105
685 686 -0.704431
685 695 2.324973
685 785 0.324926
686 687 0.167488
686 696 -1.486231
686 786 1.319072
687 688 -0.887939
687 697 -0.063298
687 787 0.711167
688 689 -0.234150
688 698 0.804960
688 788 1.398697
689 680 -1.506079
689 699 -0.137101
689 789 0.042315
690 691 0.126947
690 600 -0.390103
690 790 -2.403427
691 692 -0.802865
691 601 -1.667132
691 791 1.300561
692 693 1.634841
692 602 -1.345385
692 792 -0.276836
693 694 -1.081567
693 603 1.111836
693 793 0.352590
694 695 -1.428605
694 604 0.135410
694 794 0.964166
695 696 -0.568969
695 605 0.458436
695 795 -0.533357
696 697 -1.607169
696 606 -0.176034
696 796 0.549015
697 698 0.781258
697 607 -0.207914
697 797 -0.125934
698 699 -0.156319
698 608 -1.908160
698 798 1.336323
699 690 -0.503087
699 609 -1.117677
699 799 -0.652629
700 701 0.108579
700 710 0.471614
700 800 -0.149881
701 702 0.573864
701 711 -1.717800
701 801 0.149980
702 703 -1.032576
702 712 -0.429914
702 802 0.280812
703 704 -1.165585
703 713 -0.447458
703 803 0.515385
704 705 0.557806
704 714 0.138034
704 804 0.674609
705 706 0.294509
705 715 -0.069777
705 805 0.539984
706 707 0.095434
706 716 0.353179
706 806 -0.629156
707 708 -1.047149
707 717 -0.677426
707 807 -0.387851
708 709 0.906515
708 718 -0.419839
708 808 -0.257019
709 700 -0.190736
709 719 0.334892
709 809 -1.691284
710 711 -0.433290
710 720 -2.065340
710 810 -2.104349
711 712 0.102011
711 721 0.127523
711 811 -0.455540
712 713 -0.145335
712 722 0.416108
712 812 -1.398828
713 714 -0.712039
713 723 -1.781943
713 813 1.172924
714 715 0.925065
714 724 0.586763
714 814 -0.291775
715 716 0.576507
715 725 0.759268
715 815 -1.444565
716 717 -0.262351
716 726 -0.537465
716 816 0.259654
717 718 -1.904459
717 727 0.462772
717 817 0.419369
718 719 -2.062499
718 728 0.109674
718 818 1.087418
719 710 -0.783867
719 729 0.372242
719 819 -0.260861
720 721 1.622283
720 730 1.367870
720 820 -1.856985
721 722 1.631747
721 731 1.874802
721 821 -0.657696
722 723 0.815528
722 732 -0.112157
722 822 0.586820
723 724 2.547676
723 733 -0.921846
723 823 1.690452
724 725 0.493595
724 734 -0.813608
724 824 2.030805
725 726 0.279132
725 735 0.301783
725 825 0.638629
726 727 1.063743
726 736 0.672151
726 826 0.239952
727 728 0.824352
727 737 -0.445771
727 827 -1.184216
728 729 -0.023275
728 738 0.179148
728 828 0.065179
729 720 -0.458398
729 739 0.945951
729 829 0.469179
730 731 1.383134
730 740 0.642322
730 830 -0.002614
731 732 -1.373214
731 741 0.610821
731 831 0.715945
732 733 0.530485
732 742 0.172094
732 832 0.963111
733 734 0.573880
733 743 0.531719
733 833 -1.391721
734 735 -1.002814
734 744 -0.058798
734 834 -0.814044
735 736 -0.740176
735 745 1.297923
735 835 -1.635831
736 737 0.229587
736 746 1.080294
736 836 1.248329
737 738 0.160236
737 747 -1.920820
737 837 0.125233
738 739 -0.480447
738 748 -1.888880
738 838 0.316133
739 730 -0.757670
739 749 2.033163
739 839 -0.909572
740 741 -0.989281
740 750 1.617937
740 840 -1.302516
741 742 -0.326968
741 751 1.100458
741 841 1.159880
742 743 -1.099054
742 752 -1.214838
742 842 0.568806
743 744 -0.494876
743 753 1.637876
743 843 1.180734
744 745 -1.077008
744 754 2.713742
744 844 1.707899
745 746 1.643829
745 755 -1.679497
745 845 0.326877
746 747 0.654576
746 756 -0.538771
746 846 0.366952
747 748 -1.383845
747 757 1.117292
747 847 -0.214053
748 749 -1.049857
748 758 0.901132
748 848 -0.632696
749 740 0.199167
749 759 -1.661253
749 849 0.117003
750 751 1.601366
750 760 -1.588610
750 850 0.216287
751 752 -0.202482
751 761 1.599684
751 851 -1.163287
752 753 1.010308
752 762 -2.047308
752 852 -1.224357
753 754 1.750156
753 763 -0.499273
753 853 1.635124
754 755 0.562444
754 764 -0.848555
754 854 0.004319
755 756 0.106437
755 765 -0.354796
755 855 0.245126
756 757 1.736854
756 766 -1.104916
756 856 0.703442
757 758 0.241739
757 767 -0.654624
757 857 1.562165
758 759 1.158461
758 768 2.291632
758 858 -1.088737
759 750 -0.532709
759 769 -0.173449
759 859 0.845860
760 761 0.162496
760 770 0.142387
760 860 -2.053042
761 762 -0.368868
761 771 0.817062
761 861 -0.569254
762 763 -0.702975
762 772 0.642424
762 862 -0.698834
763 764 -0.124868
763 773 0.372606
763 863 -0.553184
764 765 -0.550021
764 774 -0.094857
764 864 -0.521876
765 766 2.054005
765 775 -0.778148
765 865 -0.882898
766 767 -2.320512
766 776 -0.248587
766 866 0.712652
767 768 2.051744
767 777 0.032254
767 867 0.491716
768 769 0.981235
768 778 0.625435
768 868 -0.737045
769 760 -0.288047
769 779 0.733364
769 869 -0.803158
770 771 -0.119365
770 780 0.311866
770 870 0.275739
771 772 -0.877721
771 781 0.193479
771 871 0.204736
772 773 -0.373257
772 782 0.189989
772 872 -0.905918
773 774 0.305412
773 783 1.366071
773 873 0.455901
774 775 0.145280
774 784 0.265520
774 874 -0.308193
775 776 0.755457
775 785 1.320889
775 875 1.408224
776 777 1.485080
776 786 0.574774
776 876 -0.973437
777 778 0.650948
777 787 0.150620
777 877 -1.044256
778 779 -3.128597
778 788 -0.414126
778 878 -0.254954
779 770 -0.129288
779 789 1.709626
779 879 0.537717
780 781 0.242443
780 790 1.048293
780 880 0.618976
781 782 0.628630
781 791 0.297493
781 881 -0.604057
782 783 0.835576
782 792 0.316313
782 882 0.475488
783 784 -0.347149
783 793 0.440418
783 883 0.299564
784 785 -1.309397
784 794 -0.615094
784 884 -0.436700
785 786 -0.621081
785 795 0.772985
785 885 -0.796762
786 787 1.912717
786 796 -1.190029
786 886 -0.064291
787 788 0.788066
787 797 -0.039129
787 887 -0.854490
788 789 -0.947117
788 798 0.271387
788 888 0.206987
789 780 -0.099941
789 799 -1.346564
789 889 -0.395019
790 791 0.835654
790 700 -1.482636
790 890 1.344523
791 792 -0.127483
791 701 0.639907
791 891 -0.850776
792 793 0.149438
792 702 1.740140
792 892 0.931179
793 794 0.486724
793 703 0.682419
793 893 -1.497425
794 795 0.501754
794 704 1.312623
794 894 0.590651
795 796 1.325598
795 705 -0.232489
795 895 2.077833
796 797 -0.841473
796 706 -0.881902
796 896 -0.774225
797 798 -0.497741
797 707 -1.074310
797 897 -1.162733
798 799 -1.242590
798 708 -0.626935
798 898 -0.498348
799 790 -0.039751
799 709 -0.131947
799 899 -0.021964
800 801 1.546247
800 810 -0.238576
800 900 0.922968
801 802 0.251887
801 811 -0.034930
801 901 0.753849
802 803 -0.151609
802 812 -0.224212
802 902 0.687997
803 804 -0.059535
803 813 0.464898
803 903 -1.007881
804 805 1.149270
804 814 0.755235
804 904 0.533678
805 806 0.685920
805 815 -1.151159
805 905 0.945384
806 807 0.732394
806 816 0.602490
806 906 0.209293
807 808 -0.340195
807 817 0.206654
807 907 0.803070
808 809 -0.173115
808 818 0.298255
808 908 -0.588343
809 800 -0.040042
809 819 1.257023
809 909 0.060966
810 811 -1.144683
810 820 -0.962071
810 910 -0.129156
811 812 0.387638
811 821 -0.015367
811 911 -0.706933
812 813 0.564292
812 822 0.806654
812 912 -0.377928
813 814 -0.188616
813 823 0.076072
813 913 0.041695
814 815 -0.178216
814 824 -0.232028
814 914 -0.728398
815 816 -0.673590
815 825 0.298604
815 915 0.168336
816 817 0.817394
816 826 -0.302126
816 916 0.184162
817 818 0.172394
817 827 0.585950
817 917 0.620796
818 819 1.239559
818 828 0.232070
818 918 -0.387944
819 810 1.130212
819 829 -0.312167
819 919 0.539275
820 821 -0.997574
820 830 -1.103629
820 920 0.504712
821 822 -1.212185
821 831 -0.682097
821 921 0.537969
822 823 -0.631697
822 832 -1.186612
822 922 -1.203049
823 824 -0.460064
823 833 1.491856
823 923 0.576381
824 825 -0.736485
824 834 -0.078848
824 924 -1.170768
825 826 1.936360
825 835 0.303770
825 925 1.638730
826 827 -0.748671
826 836 -1.213589
826 926 -0.176392
827 828 0.859064
827 837 -0.580926
827 927 1.057482
828 829 0.836628
828 838 0.192199
828 928 0.356554
829 820 -1.053007
829 839 0.574929
829 929 0.965675
830 831 -0.159406
830 840 -0.573593
830 930 -0.571819
831 832 -1.224298
831 841 -0.371311
831 931 -0.425318
832 833 -1.370722
832 842 0.765296
832 932 -1.471558
833 834 -1.415151
833 843 1.115509
833 933 0.185635
834 835 0.557130
834 844 -0.855644
834 934 0.133250
835 836 -0.291785
835 845 -2.445076
835 935 -0.586666
836 837 0.126424
836 846 -2.815753
836 936 -0.896223
837 838 0.508545
837 847 0.542673
837 937 0.094770
838 839 0.694049
838 848 -0.382601
838 938 0.642844
839 830 -1.021108
839 849 1.695505
839 939 0.794189
840 841 -1.738365
840 850 0.118597
840 940 -0.376155
841 842 -0.728342
841 851 -1.418607
841 941 1.840220
842 843 0.432488
842 852 -0.037552
842 942 1.045903
843 844 1.351944
843 853 -0.090903
843 943 -0.127774
844 845 1.521148
844 854 1.339345
844 944 -0.269666
845 846 1.016393
845 855 0.116286
845 945 0.310052
846 847 1.664228
846 856 -0.818762
846 946 1.660322
847 848 0.342894
847 857 -1.626453
847 947 0.252713
848 849 0.068723
848 858 0.968117
848 948 0.575051
849 840 -1.136694
849 859 -0.249871
849 949 -0.543311
850 851 -0.515702
850 860 -0.117317
850 950 0.812593
851 852 -0.289466
851 861 -0.056367
851 951 0.861705
852 853 0.067471
852 862 -0.902762
852 952 2.218597
853 854 -0.761722
853 863 0.958216
853 953 -0.148879
854 855 1.074519
854 864 -0.591605
854 954 -0.607180
855 856 -0.639267
855 865 0.647096
855 955 -1.569599
856 857 -0.801790
856 866 -1.191110
856 956 -0.723266
857 858 -1.429913
857 867 -0.212088
857 957 -0.260861
858 859 -0.609095
858 868 1.043340
858 958 -0.597416
859 850 0.745610
859 869 1.311245
859 959 1.784022
860 861 0.976332
860 870 0.226508
860 960 -0.777729
861 862 0.107501
861 871 -0.637371
861 961 -1.839968
862 863 -1.940586
862 872 0.890042
862 962 0.930344
863 864 -0.820346
863 873 1.715394
863 963 1.058736
864 865 1.393842
864 874 0.954051
864 964 1.372287
865 866 1.020212
865 875 -0.708947
865 965 -0.237373
866 867 1.737384
866 876 -2.229928
866 966 -1.524177
867 868 1.432730
867 877 1.215559
867 967 -0.075428
868 869 1.091746
868 878 0.355293
868 968 -0.624965
869 860 -0.083717
869 879 -0.514538
869 969 -0.615126
870 871 -1.255276
870 880 -2.709300
870 970 -0.496026
871 872 -1.375588
871 881 -0.260628
871 971 -1.323838
872 873 0.837736
872 882 -0.004381
872 972 -0.864326
873 874 2.480514
873 883 -0.652551
873 973 0.662475
874 875 -0.122135
874 884 -0.009328
874 974 1.626682
875 876 -0.639578
875 885 -2.765147
875 975 -3.536526
876 877 0.644734
876 886 -0.116431
876 976 -0.663121
877 878 0.530066
877 887 -1.290151
877 977 -0.848805
878 879 0.579184
878 888 0.350960
878 978 -0.689720
879 870 -0.692866
879 889 0.482260
879 979 0.510647
880 881 0.786830
880 890 1.970995
880 980 0.666778
881 882 -0.131230
881 891 0.980408
881 981 0.984719
882 883 -0.177939
882 892 0.081966
882 982 0.064093
883 884 -0.319018
883 893 -0.643919
883 983 -1.270186
884 885 -0.274960
884 894 -0.214492
884 984 0.509143
885 886 0.104482
885 895 -0.405456
885 985 -0.223089
886 887 0.401824
886 896 -0.018050
886 986 -0.574246
887 888 0.367389
887 897 -0.733330
887 987 -0.571978
888 889 0.362987
888 898 0.428612
888 988 0.803260
889 880 2.971787
889 899 0.987289
889 989 -1.095444
890 891 0.219522
890 800 0.177497
890 990 0.320759
891 892 1.180469
891 801 -1.154341
891 991 -0.167923
892 893 -0.572658
892 802 0.851812
892 992 -1.682363
893 894 1.044870
893 803 -0.508487
893 993 -0.335252
894 895 -0.240829
894 804 0.137333
894 994 -0.030630
895 896 -0.569091
895 805 0.327439
895 995 0.537905
896 897 -0.539894
896 806 1.398407
896 996 0.132962
897 898 -0.608528
897 807 -0.384904
897 997 1.428552
898 899 0.624090
898 808 0.367009
898 998 -1.378353
899 890 0.652154
899 809 0.648377
899 999 -0.204318
900 901 0.800580
900 910 -1.324479
900 0 0.130019
901 902 0.139949
901 911 0.427980
901 1 0.164178
902 903 -0.032210
902 912 1.769290
902 2 -0.740780
903 904 -0.863320
903 913 -2.432149
903 3 -1.331763
904 905 1.680638
904 914 -0.712377
904 4 0.217845
905 906 -0.746656
905 915 2.502498
905 5 -1.125609
906 907 -0.847229
906 916 0.726963
906 6 1.208028
907 908 -1.042669
907 917 -1.940606
907 7 0.538940
908 909 0.899060
908 918 -0.235290
908 8 -0.432667
909 900 -0.413960
909 919 0.720826
909 9 -0.192022
910 911 -0.884491
910 920 -2.302240
910 10 -1.180957
911 912 -1.291334
911 921 0.977246
911 11 0.595611
912 913 -0.247665
912 922 0.369606
912 12 -0.360169
913 914 0.479856
913 923 -1.370319
913 13 0.525030
914 915 -0.991882
914 924 -0.982421
914 14 0.975942
915 916 1.848436
915 925 0.898769
915 15 0.552766
916 917 -1.165460
916 926 -1.313699
916 16 -0.056905
917 918 1.441398
917 927 -0.135123
917 17 -1.197321
918 919 1.289002
918 928 -0.603106
918 18 1.208069
919 910 -0.646956
919 929 0.151374
919 19 -0.702037
920 921 0.769528
920 930 1.786834
920 20 -0.651094
921 922 -0.264555
921 931 -0.610703
921 21 0.406974
922 923 -0.108706
922 932 -0.129497
922 22 -0.935472
923 924 -0.403606
923 933 0.445139
923 23 0.236247
924 925 2.906813
924 934 1.035054
924 24 0.009516
925 926 -0.036509
925 935 0.436877
925 25 -0.602199
926 927 -0.844578
926 936 -1.066699
926 26 0.583833
927 928 -0.008223
927 937 -1.257015
927 27 -0.054023
928 929 2.032603
928 938 -1.670962
928 28 -0.098540
929 920 1.983332
929 939 0.319189
929 29 0.190267
930 931 -0.355384
930 940 1.244374
930 30 0.750692
931 932 1.508423
931 941 1.065855
931 31 -0.294596
932 933 -0.457845
932 942 0.252530
932 32 0.670419
933 934 -1.218259
933 943 0.348033
933 33 1.431458
934 935 -0.690109
934 944 0.264297
934 34 -1.033778
935 936 0.209831
935 945 1.793157
935 35 -1.469541
936 937 -0.257558
936 946 2.050715
936 36 -1.330378
937 938 -0.201101
937 947 -0.536200
937 37 0.753967
938 939 0.722037
938 948 -1.246414
938 38 -1.044996
939 930 0.267061
939 949 0.635380
939 39 -0.445355
940 941 0.407793
940 950 -1.057452
940 40 -1.737323
941 942 0.369284
941 951 1.181385
941 41 -1.259730
942 943 1.540788
942 952 1.786536
942 42 0.142882
943 944 -0.234337
943 953 -1.115683
943 43 -1.437336
944 945 -2.278261
944 954 -0.275617
944 44 -0.186938
945 946 0.030048
945 955 -0.280103
945 45 0.533151
946 947 -0.181265
946 956 -1.989726
946 46 -1.267565
947 948 2.917979
947 957 -0.638057
947 47 -0.770467
948 949 -1.292293
948 958 -0.443988
948 48 -0.293630
949 940 -0.548058
949 959 0.143785
949 49 1.778219
950 951 -0.478353
950 960 0.860836
950 50 -0.030518
951 952 -0.187328
951 961 1.562068
951 51 1.208970
952 953 0.777732
952 962 -0.034969
952 52 -0.073612
953 954 1.425133
953 963 -0.093439
953 53 -0.922103
954 955 1.016212
954 964 -1.945235
954 54 2.308381
955 956 0.792277
955 965 -1.050068
955 55 0.725559
956 957 0.793011
956 966 -0.454737
956 56 0.790518
957 958 -0.544794
957 967 0.751403
957 57 1.311361
958 959 -1.412710
958 968 0.180561
958 58 0.692803
959 950 0.002996
959 969 -0.574003
959 59 0.867318
960 961 -1.390883
960 970 -0.835840
960 60 0.381644
961 962 0.137622
961 971 0.297495
961 61 -0.758369
962 963 0.381903
962 972 1.116546
962 62 0.803751
963 964 -0.113462
963 973 0.257624
963 63 0.188383
964 965 0.648182
964 974 -0.681171
964 64 -1.380992
965 966 -1.013441
965 975 0.260596
965 65 1.911699
966 967 0.082040
966 976 0.074951
966 66 1.128077
967 968 -2.266226
967 977 -2.076553
967 67 -1.164254
968 969 -1.452113
968 978 -0.246363
968 68 -0.707434
969 960 1.903280
969 979 -0.814068
969 69 -0.115551
970 971 -0.827829
970 980 -0.654671
970 70 -1.924089
971 972 0.736451
971 981 -0.083848
971 71 1.060717
972 973 -0.256382
972 982 -0.643523
972 72 1.124244
973 974 1.696374
973 983 1.353703
973 73 -0.402701
974 975 0.238281
974 984 -1.094041
974 74 0.167413
975 976 0.525533
975 985 0.113708
975 75 0.864389
976 977 2.228549
976 986 -0.897093
976 76 0.486734
977 978 -1.499278
977 987 -0.586559
977 77 0.487081
978 979 1.304297
978 988 0.794521
978 78 -1.607907
979 970 -0.002300
979 989 1.143781
979 79 -1.430154
980 981 -0.269229
980 990 -1.686458
980 80 -0.165554
981 982 0.255786
981 991 0.164643
981 81 1.053205
982 983 0.561382
982 992 0.024675
982 82 -0.506870
983 984 0.252069
983 993 -0.471466
983 83 -0.606136
984 985 -1.276200
984 994 0.623664
984 84 1.396648
985 986 0.266357
985 995 -1.045798
985 85 0.052185
986 987 -0.472144
986 996 0.743359
986 86 -0.878563
987 988 1.406233
987 997 -0.107807
987 87 0.191360
988 989 -0.111012
988 998 -0.801639
988 88 -0.312549
989 980 0.089086
989 999 -0.228584
989 89 -0.206057
990 991 -2.261251
990 900 -1.940697
990 90 0.773756
991 992 -2.373437
991 901 -0.872333
991 91 -0.439547
992 993 0.677945
992 902 -0.757562
992 92 0.007790
993 994 -1.024478
993 903 -0.100499
993 93 -0.969237
994 995 -0.991409
994 904 -1.049467
994 94 1.211974
995 996 -0.036951
995 905 1.660105
995 95 1.437027
996 997 1.178228
996 906 -1.840017
996 96 0.560467
997 998 -1.565440
997 907 0.045991
997 97 -1.098268
998 999 -0.045787
998 908 0.182698
998 98 0.924645
999 990 0.786364
999 909 -1.119282
999 99 0.271322
