0 1 -0.715069
0 10 1.431300
0 100 0.188633
1 2 -0.298113
1 11 -0.236025
1 101 1.246684
2 3 0.203606
2 12 1.724600
2 102 0.698112
3 4 0.753041
3 13 -0.362782
3 103 -0.987642
4 5 0.810671
4 14 -0.549137
4 104 -0.553277
5 6 -0.002206
5 15 0.031294
5 105 0.431383
6 7 -1.335102
6 16 0.380148
6 106 -0.182678
7 8 0.709819
7 17 -0.131560
7 107 -1.923582
8 9 -0.851092
8 18 -1.319517
8 108 -1.129416
9 0 0.992126
9 19 1.711484
9 109 -0.506874
10 11 1.531933
10 20 -0.701400
10 110 0.782700
11 12 -0.849535
11 21 -1.039143
11 111 1.609083
12 13 -1.223837
12 22 0.512864
12 112 -0.812216
13 14 -0.458745
13 23 -0.757440
13 113 -0.954653
14 15 -0.356457
14 24 -0.567657
14 114 0.479544
15 16 0.538970
15 25 0.545477
15 115 3.123323
16 17 0.546552
16 26 -1.526238
16 116 0.125292
17 18 -0.820645
17 27 2.275835
17 117 1.569442
18 19 1.132242
18 28 0.338097
18 118 1.954056
19 10 -0.177369
19 29 0.383931
19 119 2.148913
20 21 -0.256962
20 30 -0.872030
20 120 0.202384
21 22 0.442262
21 31 1.562457
21 121 -0.637889
22 23 0.643273
22 32 0.468054
22 122 1.705278
23 24 0.845310
23 33 1.923329
23 123 2.163367
24 25 2.381377
24 34 0.739082
24 124 0.512886
25 26 0.090713
25 35 0.183729
25 125 0.070081
26 27 -1.685808
26 36 0.297505
26 126 -0.868526
27 28 -0.863514
27 37 0.073590
27 127 -0.943644
28 29 -0.985982
28 38 0.607580
28 128 0.837350
29 20 0.502505
29 39 -0.562343
29 129 -2.088901
30 31 -0.208397
30 40 0.201901
30 130 1.113679
31 32 -0.170596
31 41 -0.587006
31 131 2.626008
32 33 0.014429
32 42 0.830200
32 132 -0.842056
33 34 0.962232
33 43 -1.679211
33 133 1.094779
34 35 -2.154123
34 44 -0.464513
34 134 1.364462
35 36 -0.380024
35 45 -0.101090
35 135 -0.022947
36 37 -1.517167
36 46 0.007815
36 136 0.799857
37 38 -0.391028
37 47 0.188255
37 137 0.059768
38 39 2.497819
38 48 0.478387
38 138 0.227737
39 30 -0.890056
39 49 -0.819970
39 139 -1.525150
40 41 -0.713133
40 50 0.349406
40 140 -0.554185
41 42 -0.751048
41 51 0.468304
41 141 -0.482867
42 43 -0.787750
42 52 -0.596389
42 142 -0.958265
43 44 -1.510476
43 53 -1.817205
43 143 0.006484
44 45 0.347501
44 54 -1.445475
44 144 0.606959
45 46 -0.326585
45 55 1.481319
45 145 1.803905
46 47 -0.130445
46 56 -0.944661
46 146 -1.799364
47 48 0.330270
47 57 -0.808891
47 147 -0.745993
48 49 0.526243
48 58 -1.348823
48 148 -2.836227
49 40 1.734745
49 59 -1.481783
49 149 -0.250646
50 51 0.789083
50 60 2.193077
50 150 -0.725496
51 52 0.303024
51 61 0.126591
51 151 0.223796
52 53 0.815932
52 62 1.438091
52 152 -0.180569
53 54 -0.173618
53 63 -0.225947
53 153 2.049956
54 55 0.302983
54 64 -0.048591
54 154 -0.611249
55 56 0.699909
55 65 1.590552
55 155 0.502504
56 57 -0.192277
56 66 0.236889
56 156 1.879146
57 58 0.699487
57 67 -0.970179
57 157 -0.611597
58 59 0.040235
58 68 1.093963
58 158 1.245047
59 50 -1.083167
59 69 0.429129
59 159 0.721311
60 61 0.438810
60 70 0.037536
60 160 -0.499256
61 62 -2.101750
61 71 -0.656132
61 161 0.285329
62 63 0.367422
62 72 -0.832075
62 162 0.832031
63 64 -2.761465
63 73 0.496284
63 163 -2.216776
64 65 1.514472
64 74 0.572297
64 164 -0.715306
65 66 -0.989549
65 75 0.057843
65 165 0.353904
66 67 0.693663
66 76 0.970366
66 166 -1.753207
67 68 -1.503094
67 77 -0.312094
67 167 -0.077013
68 69 -0.139272
68 78 -0.046033
68 168 -0.139869
69 60 -0.051659
69 79 -1.161025
69 169 -0.047212
70 71 0.444824
70 80 0.950000
70 170 -0.109773
71 72 2.891621
71 81 -0.584878
71 171 -0.837245
72 73 -0.562023
72 82 0.138231
72 172 -0.713423
73 74 0.802008
73 83 0.136057
73 173 0.066800
74 75 -0.650635
74 84 -0.462800
74 174 -0.060229
75 76 -0.152188
75 85 -0.529687
75 175 -0.966130
76 77 0.738491
76 86 0.291972
76 176 -1.478081
77 78 0.406601
77 87 1.005478
77 177 -0.179020
78 79 0.768679
78 88 0.898518
78 178 0.529064
79 70 -0.949814
79 89 -0.478826
79 179 1.614547
80 81 -0.478953
80 90 -0.579236
80 180 -0.263780
81 82 0.247218
81 91 1.614449
81 181 0.517200
82 83 -1.799286
82 92 0.008890
82 182 -0.157418
83 84 0.329946
83 93 -0.246879
83 183 -0.659668
84 85 -0.578915
84 94 -0.464910
84 184 -0.863209
85 86 -0.512485
85 95 0.090048
85 185 -0.185716
86 87 -1.325464
86 96 0.449375
86 186 0.924128
87 88 -0.539700
87 97 0.492830
87 187 -0.440950
88 89 0.313484
88 98 0.514796
88 188 -0.416799
89 80 -1.155646
89 99 1.625289
89 189 1.459567
90 91 1.737818
90 0 -1.270037
90 190 0.889768
91 92 1.297024
91 1 1.028368
91 191 1.738362
92 93 -0.850466
92 2 0.117080
92 192 0.560286
93 94 -0.362261
93 3 0.224234
93 193 0.359619
94 95 -0.755151
94 4 1.350535
94 194 0.546408
95 96 0.132886
95 5 1.442180
95 195 -1.512496
96 97 -0.322697
96 6 0.516598
96 196 -0.053714
97 98 0.243477
97 7 0.047897
97 197 0.025470
98 99 -2.001290
98 8 1.410620
98 198 -0.498088
99 90 -0.065338
99 9 -1.492932
99 199 -0.262048
100 101 -0.193776
100 110 -0.980950
100 200 0.000333
101 102 0.033155
101 111 1.287440
101 201 0.210281
102 103 1.092241
102 112 -0.191310
102 202 0.555491
103 104 -0.107252
103 113 0.319445
103 203 0.550543
104 105 0.277724
104 114 2.135300
104 204 0.338161
105 106 0.317097
105 115 0.618011
105 205 -0.648582
106 107 -0.610917
106 116 -1.114315
106 206 0.848896
107 108 -1.067276
107 117 1.204039
107 207 0.416124
108 109 0.405510
108 118 -1.066062
108 208 0.742562
109 100 0.677305
109 119 -0.457567
109 209 0.091346
110 111 0.871826
110 120 0.247122
110 210 -0.327961
111 112 -0.436787
111 121 -2.151320
111 211 0.885527
112 113 -0.313311
112 122 -0.127970
112 212 -1.341489
113 114 1.702973
113 123 1.732181
113 213 -1.265333
114 115 -0.508285
114 124 -1.434247
114 214 0.823541
115 116 -1.179311
115 125 -0.981929
115 215 1.085286
116 117 -0.067609
116 126 0.431159
116 216 -1.555893
117 118 0.250760
117 127 0.485302
117 217 0.635186
118 119 -1.057914
118 128 1.776974
118 218 -0.797948
119 110 1.686555
119 129 -0.894158
119 219 0.171794
120 121 -2.277467
120 130 -1.273370
120 220 -1.662047
121 122 2.858741
121 131 -0.436519
121 221 -0.704863
122 123 0.612614
122 132 -1.433950
122 222 -0.658193
123 124 0.141564
123 133 -1.544280
123 223 0.740432
124 125 1.522921
124 134 -2.104314
124 224 0.634780
125 126 -1.203527
125 135 1.114711
125 225 -0.766221
126 127 -1.741397
126 136 -0.048069
126 226 1.257292
127 128 -0.183111
127 137 -0.164928
127 227 -0.525361
128 129 0.092892
128 138 1.246359
128 228 -0.057191
129 120 0.360878
129 139 -0.244092
129 229 2.187824
130 131 0.763630
130 140 0.415598
130 230 -1.772292
131 132 -1.645251
131 141 1.373960
131 231 -0.863908
132 133 -0.570181
132 142 -0.228701
132 232 1.263885
133 134 -0.570455
133 143 0.613181
133 233 -0.124600
134 135 -1.518695
134 144 -1.098434
134 234 0.827013
135 136 1.423912
135 145 -1.315196
135 235 0.017133
136 137 -0.879658
136 146 -1.893232
136 236 -0.593773
137 138 -0.273464
137 147 0.457807
137 237 0.365745
138 139 -0.502181
138 148 -0.910342
138 238 -1.321693
139 130 1.143053
139 149 -1.937379
139 239 -0.433480
140 141 0.993853
140 150 0.091805
140 240 -0.046549
141 142 0.779172
141 151 -2.443497
141 241 1.454428
142 143 -1.580141
142 152 -0.752345
142 242 0.533578
143 144 1.625936
143 153 1.540934
143 243 -0.266936
144 145 0.670874
144 154 0.803536
144 244 -2.062522
145 146 -0.846067
145 155 -0.722796
145 245 -0.236474
146 147 -0.166603
146 156 0.715002
146 246 0.071460
147 148 1.045795
147 157 1.082033
147 247 -0.053079
148 149 0.018304
148 158 -0.258385
148 248 1.819456
149 140 0.320055
149 159 -0.093464
149 249 1.556223
150 151 1.086668
150 160 -0.944752
150 250 -0.365834
151 152 -0.338606
151 161 -0.808335
151 251 -1.646110
152 153 -2.153779
152 162 -0.548945
152 252 -0.825691
153 154 -0.638533
153 163 -2.290555
153 253 2.401413
154 155 0.101249
154 164 0.670030
154 254 -1.445731
155 156 0.613280
155 165 -1.391668
155 255 2.115622
156 157 -0.510591
156 166 0.786344
156 256 -1.110333
157 158 0.061198
157 167 -1.122244
157 257 1.084007
158 159 -1.794809
158 168 0.470824
158 258 0.147825
159 150 -0.018889
159 169 0.096042
159 259 1.125784
160 161 0.208856
160 170 2.977997
160 260 1.272618
161 162 2.004002
161 171 -2.578867
161 261 0.140690
162 163 1.078027
162 172 -0.240487
162 262 -0.521659
163 164 1.156000
163 173 -0.949605
163 263 0.572990
164 165 0.976684
164 174 0.201374
164 264 -1.040300
165 166 0.649150
165 175 -0.899612
165 265 -0.837038
166 167 -0.371107
166 176 -1.271174
166 266 -1.047093
167 168 0.720241
167 177 -0.708514
167 267 -0.158953
168 169 -0.829342
168 178 -0.517626
168 268 -0.528924
169 160 0.322814
169 179 -1.026637
169 269 0.335944
170 171 -0.162426
170 180 0.633020
170 270 1.508496
171 172 1.350077
171 181 0.675612
171 271 -0.198271
172 173 -0.617905
172 182 1.019320
172 272 -1.024487
173 174 0.204046
173 183 -0.801583
173 273 -0.012301
174 175 -1.683233
174 184 0.882805
174 274 -0.267182
175 176 -0.692825
175 185 1.330639
175 275 -1.932023
176 177 -0.776920
176 186 1.038960
176 276 -1.593180
177 178 -0.726552
177 187 1.911346
177 277 -0.773982
178 179 -1.218877
178 188 -0.111233
178 278 -1.056535
179 170 -0.631699
179 189 -0.372576
179 279 -1.672212
180 181 1.222192
180 190 0.125891
180 280 0.825705
181 182 1.145884
181 191 -1.240787
181 281 0.204997
182 183 0.611852
182 192 -0.041157
182 282 -0.250160
183 184 -0.332113
183 193 -0.874734
183 283 -0.431915
184 185 0.815921
184 194 0.513963
184 284 -2.193650
185 186 -0.361673
185 195 0.207329
185 285 0.082954
186 187 -0.546902
186 196 -1.245544
186 286 0.345569
187 188 -0.203325
187 197 0.477396
187 287 -0.812220
188 189 0.376246
188 198 -1.232888
188 288 0.786201
189 180 -1.363270
189 199 -0.877663
189 289 -0.690195
190 191 -1.633752
190 100 -0.596611
190 290 -0.072410
191 192 -0.224877
191 101 -1.346488
191 291 -0.727692
192 193 -0.561753
192 102 -0.253987
192 292 2.453114
193 194 -0.366812
193 103 -2.063934
193 293 0.635745
194 195 0.878871
194 104 -0.926598
194 294 -0.952714
195 196 0.153118
195 105 0.223526
195 295 -0.667852
196 197 0.313937
196 106 0.416913
196 296 0.770290
197 198 0.853699
197 107 -0.932553
197 297 0.743469
198 199 -0.130365
198 108 0.966410
198 298 -0.791769
199 190 0.756455
199 109 -2.844552
199 299 -1.637449
200 201 -0.129657
200 210 1.219390
200 300 -0.073245
201 202 0.812792
201 211 0.160480
201 301 -0.246975
202 203 -1.601793
202 212 -0.339254
202 302 -0.815877
203 204 -0.729556
203 213 -0.453635
203 303 -0.088838
204 205 0.799617
204 214 0.701338
204 304 0.927343
205 206 0.085577
205 215 -0.340487
205 305 -0.676669
206 207 -0.455026
206 216 -0.287611
206 306 0.242970
207 208 -0.162234
207 217 0.654152
207 307 0.784642
208 209 -1.082087
208 218 0.281620
208 308 0.637553
209 200 -1.277412
209 219 -0.423185
209 309 -0.452951
210 211 -1.815288
210 220 -0.689771
210 310 0.018725
211 212 -0.326910
211 221 -0.426298
211 311 -0.123726
212 213 0.571153
212 222 1.225565
212 312 1.225465
213 214 -1.650714
213 223 0.492440
213 313 -0.564544
214 215 0.492342
214 224 0.035935
214 314 0.391415
215 216 -0.613723
215 225 0.289353
215 315 0.813092
216 217 -0.438700
216 226 -1.312544
216 316 -1.465875
217 218 -0.872238
217 227 -1.030200
217 317 1.767881
218 219 -0.190628
218 228 1.191695
218 318 -0.277515
219 210 1.122159
219 229 0.561250
219 319 0.331639
220 221 -0.577090
220 230 -0.225118
220 320 0.635150
221 222 0.112627
221 231 -0.647505
221 321 0.891139
222 223 -2.946161
222 232 0.294337
222 322 -0.221741
223 224 0.053730
223 233 -1.806196
223 323 0.236932
224 225 -0.591447
224 234 0.187649
224 324 -0.047337
225 226 0.985161
225 235 1.082414
225 325 0.327252
226 227 0.716940
226 236 1.662676
226 326 -0.379553
227 228 -0.485223
227 237 0.849397
227 327 1.064327
228 229 -0.291487
228 238 -0.368740
228 328 -0.008688
229 220 -1.130874
229 239 0.111309
229 329 -0.212943
230 231 0.256048
230 240 -1.734579
230 330 -0.002497
231 232 -0.555941
231 241 1.466605
231 331 -0.738960
232 233 -1.501319
232 242 0.781266
232 332 -0.027559
233 234 0.019127
233 243 -0.543911
233 333 -0.099786
234 235 -0.746696
234 244 2.751118
234 334 0.103598
235 236 -0.053277
235 245 -0.737695
235 335 -2.254022
236 237 0.322729
236 246 0.333850
236 336 1.155419
237 238 0.596670
237 247 -0.027679
237 337 -0.000999
238 239 -0.247387
238 248 -0.952901
238 338 -2.068822
239 230 0.565024
239 249 -0.077373
239 339 0.183485
240 241 -0.694569
240 250 -1.681804
240 340 -1.785588
241 242 -0.629121
241 251 1.327709
241 341 -0.771238
242 243 0.480810
242 252 0.256387
242 342 0.346400
243 244 0.708839
243 253 1.244538
243 343 -0.157195
244 245 0.428400
244 254 1.154727
244 344 0.076676
245 246 0.975455
245 255 1.136322
245 345 0.694037
246 247 0.032653
246 256 -0.709169
246 346 -0.195932
247 248 -0.205964
247 257 -0.969112
247 347 0.212511
248 249 1.696701
248 258 -0.539680
248 348 -0.167776
249 240 1.193654
249 259 1.545619
249 349 1.185112
250 251 -0.302597
250 260 -1.041384
250 350 0.520791
251 252 -0.715415
251 261 0.339462
251 351 1.120856
252 253 0.739283
252 262 -0.092490
252 352 1.350520
253 254 -0.772273
253 263 -1.327080
253 353 -0.095183
254 255 0.166698
254 264 -0.666866
254 354 -0.369260
255 256 0.360492
255 265 -1.852442
255 355 -1.227208
256 257 -0.588042
256 266 -0.164272
256 356 0.444339
257 258 0.330585
257 267 -0.011857
257 357 -0.166181
258 259 -0.337246
258 268 0.865298
258 358 1.562298
259 250 -0.629812
259 269 0.323290
259 359 0.074035
260 261 -0.667667
260 270 0.182842
260 360 0.326383
261 262 1.441504
261 271 0.779762
261 361 0.113382
262 263 0.306565
262 272 -0.602715
262 362 -1.112326
263 264 0.346945
263 273 0.047753
263 363 0.358598
264 265 0.732534
264 274 0.280592
264 364 0.656802
265 266 1.942575
265 275 -0.135391
265 365 0.031371
266 267 -1.292925
266 276 1.545747
266 366 -0.832280
267 268 -0.264015
267 277 -1.242390
267 367 -0.796615
268 269 0.210555
268 278 -0.474746
268 368 -1.591579
269 260 -0.952674
269 279 -0.242714
269 369 0.371644
270 271 1.114237
270 280 1.413925
270 370 1.408798
271 272 1.168029
271 281 0.431008
271 371 0.630895
272 273 -0.109235
272 282 -0.636467
272 372 -0.353287
273 274 -0.590725
273 283 -1.372795
273 373 -1.582632
274 275 -1.064636
274 284 -0.288334
274 374 -1.312741
275 276 0.438426
275 285 0.293640
275 375 -0.737632
276 277 -1.711701
276 286 -1.485019
276 376 -0.358403
277 278 1.010507
277 287 1.283178
277 377 -1.710705
278 279 -0.921955
278 288 1.651091
278 378 1.184082
279 270 0.798244
279 289 -1.685488
279 379 -0.288685
280 281 0.560807
280 290 0.813133
280 380 1.053712
281 282 1.090510
281 291 -0.329562
281 381 1.379730
282 283 -1.576566
282 292 1.019687
282 382 -0.801747
283 284 0.107573
283 293 1.426505
283 383 -1.469936
284 285 0.541294
284 294 -0.767005
284 384 -1.245655
285 286 0.335131
285 295 1.461539
285 385 -0.703510
286 287 1.780214
286 296 -0.585057
286 386 -0.727460
287 288 -0.202176
287 297 -0.157790
287 387 0.670127
288 289 0.121845
288 298 1.915620
288 388 0.752324
289 280 0.581712
289 299 -0.178082
289 389 2.417797
290 291 0.243787
290 200 -0.393298
290 390 -0.301558
291 292 -0.203935
291 201 -0.438076
291 391 0.409656
292 293 1.419747
292 202 -0.138965
292 392 1.532094
293 294 -0.544192
293 203 -0.466026
293 393 -0.282803
294 295 1.183908
294 204 2.211987
294 394 -1.035460
295 296 -0.530247
295 205 0.114732
295 395 -0.265835
296 297 0.374852
296 206 -1.526865
296 396 -1.663814
297 298 -0.569434
297 207 -0.534986
297 397 1.386446
298 299 0.565503
298 208 -0.088520
298 398 1.667050
299 290 0.283152
299 209 -0.825794
299 399 0.742551
300 301 0.447106
300 310 -1.474242
300 400 0.206992
301 302 1.272745
301 311 0.383208
301 401 -0.637716
302 303 0.301613
302 312 0.199196
302 402 0.060893
303 304 -0.657283
303 313 -0.065909
303 403 1.194517
304 305 -2.139994
304 314 0.656564
304 404 -0.738340
305 306 -0.219919
305 315 -0.383940
305 405 -0.320185
306 307 0.516082
306 316 -0.403254
306 406 1.737785
307 308 -0.336893
307 317 1.203479
307 407 -0.113809
308 309 1.203273
308 318 0.406034
308 408 1.115230
309 300 0.564651
309 319 1.023961
309 409 0.640536
310 311 -0.974122
310 320 0.711812
310 410 -0.267231
311 312 -1.714984
311 321 0.837804
311 411 0.104715
312 313 -0.702976
312 322 0.337705
312 412 -1.065628
313 314 -1.108513
313 323 -1.769282
313 413 1.723416
314 315 0.507904
314 324 0.274138
314 414 -1.008753
315 316 0.075365
315 325 -1.652984
315 415 -0.919444
316 317 1.517816
316 326 0.027999
316 416 1.958193
317 318 -0.099345
317 327 1.197077
317 417 -0.107674
318 319 -1.689479
318 328 -0.208889
318 418 0.215844
319 310 -0.681521
319 329 0.451262
319 419 -0.467709
320 321 -0.785960
320 330 0.674053
320 420 0.981432
321 322 -0.048900
321 331 1.762551
321 421 2.133114
322 323 -0.023459
322 332 0.268287
322 422 -0.270043
323 324 1.270016
323 333 0.255109
323 423 -1.013677
324 325 -2.020101
324 334 0.073741
324 424 -0.021248
325 326 1.884647
325 335 -2.107439
325 425 -0.769313
326 327 1.108561
326 336 -0.619446
326 426 1.522622
327 328 -0.632810
327 337 0.501691
327 427 -2.927033
328 329 -0.007770
328 338 1.730803
328 428 -1.376507
329 320 -0.772005
329 339 0.368579
329 429 -0.711585
330 331 -0.116051
330 340 0.120180
330 430 -1.788247
331 332 0.445824
331 341 -0.668949
331 431 -0.917527
332 333 0.622414
332 342 -0.398892
332 432 -1.037980
333 334 0.682275
333 343 -0.087064
333 433 -0.169143
334 335 0.564184
334 344 0.033354
334 434 -0.978199
335 336 -0.269058
335 345 -1.456288
335 435 0.167741
336 337 -0.209011
336 346 -1.414273
336 436 -1.068021
337 338 -0.831583
337 347 -2.349303
337 437 0.402000
338 339 -0.841606
338 348 -0.777138
338 438 0.306247
339 330 2.347590
339 349 1.254655
339 439 -0.123465
340 341 -1.056625
340 350 0.724410
340 440 -0.290296
341 342 0.655431
341 351 -0.601710
341 441 0.191489
342 343 -0.285912
342 352 0.745184
342 442 -1.461476
343 344 -0.395234
343 353 -0.308452
343 443 -0.021444
344 345 1.440150
344 354 -0.058636
344 444 -0.624944
345 346 -1.392142
345 355 0.372129
345 445 0.719314
346 347 0.227040
346 356 0.197550
346 446 1.366683
347 348 1.400081
347 357 -1.124530
347 447 -1.221517
348 349 0.398442
348 358 -0.443995
348 448 -1.452010
349 340 -1.772078
349 359 -0.094235
349 449 -1.310531
350 351 -0.802855
350 360 1.964635
350 450 0.330004
351 352 0.526395
351 361 0.365930
351 451 -0.961635
352 353 -0.659088
352 362 -0.420441
352 452 0.277123
353 354 -0.579526
353 363 0.534836
353 453 -0.444428
354 355 0.057676
354 364 1.053674
354 454 0.333678
355 356 0.784030
355 365 -0.834409
355 455 -0.540732
356 357 1.918118
356 366 -0.228667
356 456 0.807046
357 358 -1.057388
357 367 -0.350909
357 457 -1.750261
358 359 -0.477894
358 368 0.756911
358 458 0.502416
359 350 0.287382
359 369 -1.928872
359 459 -0.454096
360 361 0.432879
360 370 -0.444667
360 460 -0.449687
361 362 -1.202834
361 371 0.068850
361 461 0.583397
362 363 -2.187217
362 372 -0.389783
362 462 -0.339470
363 364 -0.533001
363 373 -0.401420
363 463 -0.104911
364 365 0.064008
364 374 -0.142428
364 464 -0.393214
365 366 -0.046683
365 375 -0.597004
365 465 0.461655
366 367 -0.546379
366 376 -2.095798
366 466 -0.879681
367 368 1.370927
367 377 0.247095
367 467 -0.170792
368 369 -1.311350
368 378 0.920204
368 468 -0.353354
369 360 0.497159
369 379 -1.806500
369 469 1.127895
370 371 -0.392312
370 380 0.330730
370 470 -0.888897
371 372 1.287491
371 381 0.656760
371 471 -0.955072
372 373 -0.733992
372 382 -0.575107
372 472 -0.140902
373 374 -0.753730
373 383 0.288629
373 473 -0.285348
374 375 -0.087763
374 384 -0.457928
374 474 0.589671
375 376 2.230750
375 385 -2.929091
375 475 -0.696676
376 377 -0.946085
376 386 1.735311
376 476 1.316815
377 378 -0.475051
377 387 0.202046
377 477 -0.325324
378 379 1.376697
378 388 0.470578
378 478 0.363396
379 370 -1.226184
379 389 -1.642731
379 479 -0.862304
380 381 -0.990220
380 390 -0.064307
380 480 1.107266
381 382 0.787946
381 391 0.624971
381 481 0.008739
382 383 -0.022256
382 392 0.217610
382 482 0.321772
383 384 -1.535162
383 393 -1.698238
383 483 0.376058
384 385 -0.546778
384 394 -0.308413
384 484 -1.637767
385 386 -0.541702
385 395 0.099069
385 485 -0.353221
386 387 -0.031134
386 396 0.770055
386 486 -0.929025
387 388 -1.570518
387 397 -0.231949
387 487 2.363916
388 389 -0.348322
388 398 1.661415
388 488 0.217377
389 380 -0.089152
389 399 -1.718800
389 489 1.457172
390 391 0.958438
390 300 1.016339
390 490 -0.493073
391 392 -1.089870
391 301 -1.337415
391 491 -1.130875
392 393 0.508581
392 302 -0.322405
392 492 -0.735831
393 394 -0.523735
393 303 0.668789
393 493 0.340684
394 395 0.874966
394 304 0.667751
394 494 1.251513
395 396 0.765080
395 305 1.028631
395 495 0.666596
396 397 1.719490
396 306 -0.411831
396 496 -0.155709
397 398 -0.000650
397 307 0.156079
397 497 -2.036474
398 399 1.359705
398 308 -0.189274
398 498 -2.181069
399 390 -1.966415
399 309 0.792628
399 499 -1.097350
400 401 0.864246
400 410 -0.527883
400 500 -1.035428
401 402 0.363909
401 411 1.070822
401 501 -1.153698
402 403 1.284976
402 412 0.466421
402 502 0.758220
403 404 -0.544320
403 413 0.149197
403 503 -0.263002
404 405 0.854668
404 414 0.173297
404 504 2.018924
405 406 1.430344
405 415 1.665369
405 505 0.101577
406 407 1.426366
406 416 0.922169
406 506 -0.772432
407 408 0.159113
407 417 0.292686
407 507 0.497302
408 409 -0.570576
408 418 -0.997165
408 508 0.557985
409 400 0.780594
409 419 -0.934609
409 509 -2.045443
410 411 0.453240
410 420 0.276717
410 510 1.610049
411 412 0.057180
411 421 -1.022116
411 511 -0.100455
412 413 -0.908466
412 422 -0.378322
412 512 0.313477
413 414 -1.078261
413 423 -0.728968
413 513 -0.625791
414 415 -1.658960
414 424 -0.854254
414 514 1.445327
415 416 -0.482962
415 425 0.584526
415 515 2.042717
416 417 -1.453268
416 426 0.016331
416 516 -0.903813
417 418 0.121477
417 427 -0.323053
417 517 1.523350
418 419 -0.414508
418 428 -1.479103
418 518 -0.751529
419 410 -0.977685
419 429 -2.005756
419 519 0.093217
420 421 0.224341
420 430 0.786545
420 520 0.498311
421 422 -0.948694
421 431 -1.401716
421 521 -0.313823
422 423 0.125915
422 432 0.402698
422 522 -0.711069
423 424 1.191164
423 433 -1.519106
423 523 0.943246
424 425 1.793474
424 434 0.640718
424 524 0.747252
425 426 2.122999
425 435 0.759812
425 525 -0.992846
426 427 -0.105206
426 436 0.498924
426 526 1.423706
427 428 0.456122
427 437 1.800841
427 527 -1.235645
428 429 0.804275
428 438 -1.700870
428 528 2.011623
429 420 1.402695
429 439 -1.046175
429 529 0.194835
430 431 0.013811
430 440 0.458158
430 530 0.870688
431 432 -0.193193
431 441 -0.114584
431 531 -0.816669
432 433 -0.690410
432 442 0.995762
432 532 2.029015
433 434 -0.194692
433 443 1.868782
433 533 -0.269970
434 435 -2.259379
434 444 -0.776667
434 534 0.378069
435 436 0.182709
435 445 -2.579924
435 535 -1.891317
436 437 -0.838474
436 446 -0.468989
436 536 1.034126
437 438 0.957373
437 447 -1.398921
437 537 0.083634
438 439 -1.074631
438 448 -0.074912
438 538 -0.333526
439 430 -2.146510
439 449 2.136774
439 539 0.380146
440 441 0.052685
440 450 0.106318
440 540 -0.470587
441 442 -0.592057
441 451 0.186480
441 541 -0.166901
442 443 0.247484
442 452 1.156201
442 542 0.576630
443 444 -0.330275
443 453 -1.821194
443 543 2.045304
444 445 0.689754
444 454 0.215988
444 544 -0.510264
445 446 0.163327
445 455 -1.696943
445 545 0.688110
446 447 0.130648
446 456 1.677784
446 546 -1.119592
447 448 0.938796
447 457 0.076669
447 547 1.035058
448 449 0.897790
448 458 0.745031
448 548 2.713532
449 440 -0.022344
449 459 1.369611
449 549 0.484311
450 451 -0.766136
450 460 -0.395947
450 550 0.441834
451 452 -0.143715
451 461 -1.844887
451 551 0.975125
452 453 -1.747521
452 462 -0.569471
452 552 0.845466
453 454 -0.044971
453 463 0.130410
453 553 0.530628
454 455 0.901106
454 464 0.123910
454 554 0.066776
455 456 -0.153285
455 465 -1.815228
455 555 0.407625
456 457 -1.274395
456 466 0.207219
456 556 0.950661
457 458 1.704291
457 467 -0.358355
457 557 2.354560
458 459 -0.666502
458 468 0.975453
458 558 0.614494
459 450 1.280033
459 469 0.281059
459 559 -0.167929
460 461 -0.492106
460 470 -1.679532
460 560 1.472995
461 462 0.273055
461 471 1.517923
461 561 -0.882934
462 463 0.001991
462 472 -1.015387
462 562 0.112430
463 464 -0.067365
463 473 -0.018493
463 563 0.290015
464 465 -0.751831
464 474 0.052508
464 564 0.213349
465 466 -0.100777
465 475 0.135879
465 565 0.758144
466 467 -0.221153
466 476 1.911643
466 566 -0.610825
467 468 0.761560
467 477 0.333258
467 567 -0.403514
468 469 0.009736
468 478 0.361285
468 568 -0.070096
469 460 -0.003745
469 479 -0.216994
469 569 1.486532
470 471 0.820891
470 480 0.697734
470 570 -1.341625
471 472 -0.907649
471 481 -0.122636
471 571 0.742594
472 473 0.043081
472 482 -0.009024
472 572 -1.107384
473 474 1.173991
473 483 1.777375
473 573 1.156871
474 475 -0.790777
474 484 -0.388321
474 574 -1.605307
475 476 -0.929902
475 485 -0.609847
475 575 -1.300445
476 477 0.583067
476 486 -0.507111
476 576 0.249768
477 478 -0.148273
477 487 0.299926
477 577 1.468197
478 479 0.514786
478 488 -1.134157
478 578 0.100732
479 470 -0.681364
479 489 1.595433
479 579 -0.180454
480 481 0.492443
480 490 -1.616832
480 580 1.684364
481 482 -1.040462
481 491 0.678591
481 581 -0.124819
482 483 0.134259
482 492 -0.686353
482 582 2.257969
483 484 0.773429
483 493 -0.424255
483 583 0.612197
484 485 -0.264656
484 494 -0.571935
484 584 -0.553918
485 486 1.957290
485 495 0.676059
485 585 0.817889
486 487 -0.177283
486 496 0.782086
486 586 -0.078315
487 488 1.340106
487 497 0.088739
487 587 -0.675748
488 489 1.323712
488 498 0.540723
488 588 -0.273486
489 480 -0.289544
489 499 -0.291125
489 589 -1.143614
490 491 -0.455309
490 400 0.189832
490 590 0.969336
491 492 -0.582412
491 401 0.153792
491 591 0.153623
492 493 -0.649965
492 402 -0.314111
492 592 -1.588141
493 494 -0.160300
493 403 0.637598
493 593 -1.387069
494 495 -0.676991
494 404 0.906539
494 594 -0.167733
495 496 -1.118174
495 405 0.308842
495 595 -1.222845
496 497 -0.822776
496 406 0.735371
496 596 0.767253
497 498 0.611454
497 407 0.307509
497 597 -0.573989
498 499 -0.206068
498 408 0.637949
498 598 -0.243734
499 490 1.138234
499 409 0.632034
499 599 -1.548608
500 501 0.539488
500 510 0.182613
500 600 0.354600
501 502 -0.566468
501 511 0.185790
501 601 -0.314379
502 503 -0.408545
502 512 -1.790445
502 602 0.423246
503 504 0.552033
503 513 -1.102798
503 603 -1.381171
504 505 0.799739
504 514 -2.011698
504 604 -0.873111
505 506 -0.081711
505 515 -0.410233
505 605 -1.555764
506 507 -2.047231
506 516 -0.016315
506 606 -0.695851
507 508 -0.177010
507 517 -0.259690
507 607 -0.011750
508 509 -1.196776
508 518 0.632523
508 608 0.650192
509 500 1.470843
509 519 -1.341815
509 609 -0.001719
510 511 0.536050
510 520 0.257257
510 610 -1.008589
511 512 0.155130
511 521 0.803136
511 611 0.543337
512 513 0.953809
512 522 0.416759
512 612 -0.378593
513 514 0.425405
513 523 0.099471
513 613 1.421728
514 515 0.834125
514 524 0.447470
514 614 0.136471
515 516 -0.650582
515 525 -0.879573
515 615 -0.267638
516 517 -0.330057
516 526 0.713239
516 616 -0.589786
517 518 0.638643
517 527 -0.574887
517 617 -0.826148
518 519 -0.953234
518 528 1.089988
518 618 -0.162009
519 510 0.221019
519 529 -0.760808
519 619 0.501344
520 521 -0.780213
520 530 -0.727015
520 620 0.707660
521 522 0.504949
521 531 0.314659
521 621 1.994941
522 523 -3.026338
522 532 -0.594053
522 622 0.507249
523 524 1.250964
523 533 0.409925
523 623 0.608770
524 525 1.458704
524 534 1.658390
524 624 1.487607
525 526 0.914148
525 535 0.377459
525 625 0.060150
526 527 1.901148
526 536 -0.184432
526 626 -0.756294
527 528 -0.808598
527 537 1.111846
527 627 1.448586
528 529 -0.687297
528 538 1.985034
528 628 0.394244
529 520 1.001911
529 539 -0.338964
529 629 -1.551320
530 531 -1.639198
530 540 -1.193002
530 630 0.145879
531 532 0.879919
531 541 -0.222756
531 631 -0.834255
532 533 -1.019757
532 542 -1.132472
532 632 0.621156
533 534 -0.349441
533 543 -1.084568
533 633 -1.648913
534 535 0.082043
534 544 -0.786495
534 634 0.123811
535 536 -0.145263
535 545 1.414201
535 635 0.523831
536 537 -2.608920
536 546 0.759665
536 636 -0.870816
537 538 -0.354958
537 547 0.513209
537 637 -0.259928
538 539 0.649638
538 548 -0.517988
538 638 1.174794
539 530 0.713266
539 549 1.360139
539 639 -2.742274
540 541 1.155512
540 550 1.514070
540 640 0.899311
541 542 -0.108638
541 551 0.287483
541 641 0.552981
542 543 -0.696559
542 552 -0.359352
542 642 -1.183687
543 544 0.778452
543 553 0.544594
543 643 0.602919
544 545 -0.226845
544 554 -1.471348
544 644 1.565660
545 546 0.010211
545 555 -1.555440
545 645 0.957039
546 547 0.105649
546 556 0.550025
546 646 -0.035469
547 548 0.423154
547 557 -0.164298
547 647 1.647836
548 549 -0.441935
548 558 -0.690858
548 648 -0.274625
549 540 -0.277916
549 559 -0.665877
549 649 0.529837
550 551 0.270886
550 560 0.604123
550 650 0.425982
551 552 -1.158993
551 561 -0.925314
551 651 -0.730888
552 553 1.157882
552 562 -1.697446
552 652 -0.965935
553 554 0.129065
553 563 0.358952
553 653 1.027142
554 555 -2.063379
554 564 -0.441159
554 654 -0.151273
555 556 -1.503810
555 565 0.630855
555 655 -0.740979
556 557 0.897043
556 566 0.509341
556 656 1.094585
557 558 -0.015955
557 567 1.069423
557 657 1.268674
558 559 -1.137721
558 568 -0.692585
558 658 0.921496
559 550 0.029429
559 569 -0.286391
559 659 0.219754
560 561 -0.214767
560 570 -1.462006
560 660 1.756071
561 562 0.565250
561 571 0.865902
561 661 -2.107376
562 563 0.336073
562 572 -0.865511
562 662 -0.312649
563 564 -0.378368
563 573 -1.630925
563 663 -0.840762
564 565 0.637107
564 574 -0.865797
564 664 -1.600787
565 566 0.225892
565 575 -0.235452
565 665 -1.234713
566 567 0.771112
566 576 0.374829
566 666 -0.060406
567 568 1.437226
567 577 -0.276632
567 667 0.359484
568 569 2.117152
568 578 0.566211
568 668 0.685738
569 560 -1.211957
569 579 1.374905
569 669 -0.170060
570 571 0.598158
570 580 0.561457
570 670 -0.915769
571 572 0.306049
571 581 -0.135390
571 671 -0.318632
572 573 -0.282468
572 582 1.633353
572 672 -0.510806
573 574 1.718538
573 583 -0.980705
573 673 -0.352081
574 575 0.559397
574 584 -0.038772
574 674 0.535534
575 576 1.215253
575 585 1.326864
575 675 0.856231
576 577 -0.043673
576 586 -1.465582
576 676 0.336882
577 578 -0.348166
577 587 1.253328
577 677 1.600707
578 579 1.060058
578 588 1.218474
578 678 0.269427
579 570 0.420295
579 589 -0.538925
579 679 0.861512
580 581 0.114214
580 590 0.427190
580 680 -0.368815
581 582 -1.140417
581 591 -0.318156
581 681 -1.134398
582 583 -0.832739
582 592 -2.145294
582 682 0.310137
583 584 1.392284
583 593 -0.412745
583 683 -0.459985
584 585 1.743924
584 594 -0.242434
584 684 1.621373
585 586 -0.764575
585 595 -0.960650
585 685 -0.499215
586 587 2.086584
586 596 0.309359
586 686 -0.401438
587 588 -1.377528
587 597 -0.652429
587 687 1.204835
588 589 -0.048316
588 598 -1.590320
588 688 0.633155
589 580 0.406149
589 599 0.725744
589 689 1.590537
590 591 0.462791
590 500 -0.059884
590 690 -0.014996
591 592 -1.392591
591 501 0.184130
591 691 1.626792
592 593 0.097580
592 502 -0.111227
592 692 -2.069802
593 594 -0.675111
593 503 -1.673704
593 693 0.328995
594 595 0.778161
594 504 -0.495876
594 694 -0.696477
595 596 -0.167063
595 505 0.607924
595 695 2.122888
596 597 0.926896
596 506 0.855947
596 696 0.134661
597 598 0.678742
597 507 -1.086142
597 697 -0.967659
598 599 -1.564785
598 508 -0.534023
598 698 -0.610628
599 590 -0.717028
599 509 0.256771
599 699 2.436529
600 601 -0.516785
600 610 -0.065165
600 700 0.846426
601 602 -0.521597
601 611 0.823477
601 701 0.328903
602 603 -1.709631
602 612 1.844991
602 702 1.491409
603 604 0.243592
603 613 -0.451966
603 703 0.670584
604 605 0.760220
604 614 0.284876
604 704 -0.552557
605 606 0.072146
605 615 -1.076697
605 705 0.405406
606 607 0.632343
606 616 -0.448158
606 706 0.053217
607 608 1.727779
607 617 -1.640797
607 707 0.111721
608 609 -1.853191
608 618 -0.737371
608 708 0.019181
609 600 1.852957
609 619 -0.978859
609 709 0.200840
610 611 0.242999
610 620 -2.132593
610 710 0.874544
611 612 0.602737
611 621 0.835556
611 711 1.166865
612 613 -1.071138
612 622 -0.337327
612 712 -0.760164
613 614 -0.700313
613 623 -0.835577
613 713 2.810556
614 615 1.773271
614 624 -0.532807
614 714 -0.011011
615 616 0.526069
615 625 -0.139449
615 715 -0.101868
616 617 0.197949
616 626 -1.823423
616 716 0.108096
617 618 -1.286387
617 627 0.040560
617 717 0.983350
618 619 1.261541
618 628 1.249945
618 718 -0.699645
619 610 0.774670
619 629 -0.094767
619 719 -0.878498
620 621 0.794878
620 630 -0.291798
620 720 -2.664616
621 622 -0.611492
621 631 0.942681
621 721 0.119401
622 623 1.281747
622 632 1.994816
622 722 0.065957
623 624 0.192370
623 633 -0.239920
623 723 -1.681354
624 625 -0.301336
624 634 -0.213190
624 724 0.493217
625 626 1.773852
625 635 -0.084690
625 725 -0.561104
626 627 -0.396831
626 636 0.574829
626 726 -1.301565
627 628 0.001112
627 637 0.209089
627 727 -0.392297
628 629 -1.021319
628 638 -0.894610
628 728 2.267363
629 620 0.214510
629 639 0.101867
629 729 2.331505
630 631 1.046696
630 640 0.771451
630 730 1.730733
631 632 -0.433515
631 641 0.904762
631 731 1.042433
632 633 -0.503836
632 642 -0.380099
632 732 -0.719827
633 634 1.533110
633 643 -1.172022
633 733 0.323846
634 635 -1.317395
634 644 -1.363775
634 734 -1.414693
635 636 0.956882
635 645 -0.387652
635 735 -0.807056
636 637 0.149024
636 646 0.631577
636 736 1.094121
637 638 -2.441281
637 647 0.049702
637 737 -0.937419
638 639 -0.948750
638 648 -1.769868
638 738 -0.784381
639 630 0.220248
639 649 -0.665283
639 739 0.081494
640 641 -0.338197
640 650 0.181023
640 740 -1.705346
641 642 -1.102523
641 651 -0.921441
641 741 -0.676306
642 643 -1.328535
642 652 -0.716635
642 742 -0.959748
643 644 -0.289497
643 653 0.664177
643 743 0.839511
644 645 1.082523
644 654 0.118245
644 744 0.515455
645 646 -0.527375
645 655 -0.451432
645 745 -0.588510
646 647 0.362606
646 656 -0.662655
646 746 -0.986709
647 648 1.457804
647 657 -0.102068
647 747 -0.665193
648 649 -0.231901
648 658 0.268685
648 748 -0.588665
649 640 -0.837446
649 659 0.946888
649 749 -0.140410
650 651 0.773163
650 660 0.180801
650 750 1.606005
651 652 0.557117
651 661 2.617868
651 751 2.653067
652 653 -0.641866
652 662 0.127663
652 752 -0.934985
653 654 0.026815
653 663 0.774289
653 753 0.525913
654 655 -0.002314
654 664 -0.757554
654 754 -0.496239
655 656 -0.392565
655 665 0.855704
655 755 -0.581280
656 657 0.504302
656 666 0.971884
656 756 0.138315
657 658 1.054485
657 667 -0.978454
657 757 0.575329
658 659 -0.524606
658 668 0.167301
658 758 -0.398680
659 650 0.339674
659 669 -0.883478
659 759 -0.100747
660 661 0.340483
660 670 0.134584
660 760 0.187610
661 662 0.501030
661 671 -0.118628
661 761 -0.643343
662 663 -0.245934
662 672 -0.254703
662 762 1.029680
663 664 -2.135412
663 673 0.868063
663 763 1.166299
664 665 -1.411361
664 674 0.692319
664 764 -1.621842
665 666 -0.057699
665 675 -0.762609
665 765 -0.511251
666 667 -0.900311
666 676 -0.081483
666 766 0.706666
667 668 -0.686598
667 677 -1.500623
667 767 0.560874
668 669 -0.438257
668 678 1.402076
668 768 -0.423579
669 660 -0.204720
669 679 2.731489
669 769 -0.260063
670 671 1.479727
670 680 -0.844035
670 770 2.070397
671 672 -1.445890
671 681 1.618832
671 771 0.924795
672 673 -1.203711
672 682 -1.554325
672 772 -0.123284
673 674 2.042309
673 683 0.601418
673 773 0.434797
674 675 -0.933359
674 684 0.105308
674 774 -0.150649
675 676 -1.503574
675 685 0.780341
675 775 1.097431
676 677 1.397340
676 686 -0.315647
676 776 -0.695701
677 678 0.171035
677 687 0.456106
677 777 0.368088
678 679 1.403842
678 688 0.752464
678 778 0.242396
679 670 0.124228
679 689 0.170925
679 779 1.250858
680 681 -1.803645
680 690 1.161096
680 780 1.059379
681 682 0.973944
681 691 -0.222183
681 781 -1.351713
682 683 1.658428
682 692 0.677075
682 782 -0.691558
683 684 0.316488
683 693 0.231135
683 783 -0.233898
684 685 0.601742
684 694 1.394672
684 784 -0.248032
685 686 0.602410
685 695 -1.026568
685 785 -1.356867
686 687 -1.191453
686 696 0.255090
686 786 -0.246209
687 688 0.121966
687 697 1.087146
687 787 -0.366593
688 689 -0.107068
688 698 0.874489
688 788 -1.310633
689 680 0.874993
689 699 -0.298077
689 789 -1.687857
690 691 -1.049608
690 600 -1.030331
690 790 1.693698
691 692 0.240068
691 601 1.781581
691 791 -0.418106
692 693 0.798013
692 602 0.360391
692 792 -0.279690
693 694 0.465449
693 603 1.614662
693 793 -0.766143
694 695 -0.357443
694 604 1.862257
694 794 -3.002361
695 696 0.126531
695 605 0.174936
695 795 -0.687331
696 697 0.085042
696 606 0.164497
696 796 -0.540651
697 698 -0.099245
697 607 -1.392998
697 797 -0.727663
698 699 -1.106599
698 608 0.774576
698 798 -1.089471
699 690 0.106086
699 609 0.009416
699 799 -1.620039
700 701 1.772221
700 710 -0.917977
700 800 0.410685
701 702 0.413421
701 711 0.174500
701 801 0.714778
702 703 0.461096
702 712 0.416001
702 802 -0.738495
703 704 0.842836
703 713 -0.805992
703 803 0.201826
704 705 0.243944
704 714 1.621340
704 804 -1.973597
705 706 0.690997
705 715 -0.820713
705 805 0.233271
706 707 0.095553
706 716 0.624506
706 806 -0.690915
707 708 -1.141161
707 717 -0.107824
707 807 -0.860752
708 709 1.162140
708 718 -0.594007
708 808 -1.106138
709 700 -0.296443
709 719 -0.387411
709 809 -1.303160
710 711 0.643420
710 720 0.819131
710 810 0.471653
711 712 0.814452
711 721 0.530406
711 811 1.731372
712 713 2.482939
712 722 1.228408
712 812 -0.297891
713 714 -2.107794
713 723 0.566202
713 813 -1.009160
714 715 -1.754034
714 724 1.131772
714 814 -0.125817
715 716 -0.581104
715 725 -0.977656
715 815 -0.274193
716 717 -0.563331
716 726 0.856125
716 816 -2.077055
717 718 -0.064063
717 727 -0.329836
717 817 0.726439
718 719 -0.188635
718 728 0.298755
718 818 -1.496341
719 710 -0.576319
719 729 -0.293515
719 819 -0.214423
720 721 -0.522554
720 730 -0.645290
720 820 0.886982
721 722 0.155681
721 731 0.116309
721 821 0.507665
722 723 -1.371798
722 732 -0.087211
722 822 0.349178
723 724 -1.445779
723 733 0.014214
723 823 -0.208906
724 725 0.382443
724 734 -0.907189
724 824 0.587276
725 726 -0.751095
725 735 0.525646
725 825 -0.738833
726 727 -2.053072
726 736 1.448266
726 826 2.289683
727 728 -1.977241
727 737 -0.147521
727 827 0.275670
728 729 1.667800
728 738 0.071429
728 828 0.260886
729 720 0.377286
729 739 -0.106346
729 829 1.174773
730 731 0.051322
730 740 0.171794
730 830 0.208529
731 732 -0.473408
731 741 1.010999
731 831 1.084623
732 733 0.238505
732 742 -0.053272
732 832 0.302554
733 734 0.223082
733 743 -1.379028
733 833 -1.104527
734 735 -0.247575
734 744 0.670694
734 834 0.661892
735 736 -0.302721
735 745 0.189300
735 835 -0.807814
736 737 -1.223678
736 746 0.109053
736 836 0.002500
737 738 -0.758527
737 747 0.516647
737 837 -0.922166
738 739 0.296673
738 748 -0.974341
738 838 -0.283887
739 730 0.134849
739 749 1.750404
739 839 -1.136724
740 741 -0.134574
740 750 -0.059593
740 840 0.162401
741 742 0.562030
741 751 2.386459
741 841 0.339794
742 743 0.466952
742 752 -0.447472
742 842 0.272594
743 744 -1.314095
743 753 0.986266
743 843 0.685624
744 745 0.387074
744 754 0.189452
744 844 -2.009498
745 746 -1.609467
745 755 1.638329
745 845 -0.470584
746 747 -0.028553
746 756 -0.582820
746 846 -0.372917
747 748 0.776369
747 757 -0.917000
747 847 -1.842575
748 749 -1.806358
748 758 0.365414
748 848 -2.027811
749 740 -0.223940
749 759 -0.110893
749 849 0.541977
750 751 -0.480943
750 760 -1.193134
750 850 -0.042869
751 752 0.223863
751 761 -2.369003
751 851 -2.095541
752 753 -0.350965
752 762 0.583416
752 852 -0.559525
753 754 -1.440645
753 763 -0.708684
753 853 0.502463
754 755 0.295305
754 764 -0.307276
754 854 0.251280
755 756 0.491629
755 765 0.925184
755 855 0.312606
756 757 1.792031
756 766 0.329596
756 856 0.711917
757 758 -0.092645
757 767 0.645178
757 857 0.181584
758 759 1.191930
758 768 -0.962887
758 858 -0.829704
759 750 1.197154
759 769 1.657123
759 859 -1.187183
760 761 -1.584555
760 770 -0.498857
760 860 0.002077
761 762 -0.581326
761 771 -0.396384
761 861 0.666702
762 763 -0.891205
762 772 1.667183
762 862 -0.026506
763 764 -0.233162
763 773 -2.233497
763 863 -1.850692
764 765 2.088820
764 774 1.251493
764 864 0.072669
765 766 -1.242157
765 775 2.276145
765 865 0.046947
766 767 -0.126357
766 776 -2.244541
766 866 -0.064504
767 768 -0.464317
767 777 -0.079694
767 867 1.104048
768 769 -0.627418
768 778 -0.595436
768 868 0.507424
769 760 -0.158444
769 779 0.251744
769 869 -0.265982
770 771 -1.149611
770 780 0.991466
770 870 -0.391987
771 772 -1.316938
771 781 1.224551
771 871 -0.007979
772 773 1.069147
772 782 1.711541
772 872 0.818150
773 774 -0.183297
773 783 0.343994
773 873 1.478400
774 775 0.983359
774 784 1.832081
774 874 0.534789
775 776 -0.334993
775 785 -0.430488
775 875 0.175742
776 777 -0.288320
776 786 -0.768478
776 876 -0.592874
777 778 0.872883
777 787 0.374378
777 877 -1.628204
778 779 0.209269
778 788 -1.001471
778 878 0.103845
779 770 -0.737222
779 789 2.070154
779 879 0.259053
780 781 -0.057300
780 790 1.023039
780 880 0.525735
781 782 0.559661
781 791 0.668733
781 881 1.577159
782 783 -0.986166
782 792 1.973931
782 882 1.324949
783 784 -0.107067
783 793 0.732121
783 883 0.405454
784 785 2.396554
784 794 1.093652
784 884 -0.857345
785 786 -1.851219
785 795 -0.066737
785 885 0.512385
786 787 -0.082306
786 796 -0.960778
786 886 0.285534
787 788 -2.530117
787 797 2.594147
787 887 0.355700
788 789 0.271167
788 798 1.584289
788 888 1.010476
789 780 0.090244
789 799 0.483208
789 889 -0.927018
790 791 1.814894
790 700 1.464630
790 890 1.397790
791 792 0.600248
791 701 -0.156154
791 891 1.775085
792 793 0.877603
792 702 -0.263697
792 892 -0.421064
793 794 -0.709822
793 703 -0.314020
793 893 1.225816
794 795 0.272429
794 704 0.601415
794 894 -1.767988
795 796 0.675748
795 705 -0.181063
795 895 -0.528135
796 797 -2.030582
796 706 1.692015
796 896 -0.470677
797 798 -1.665411
797 707 -0.688943
797 897 -0.447161
798 799 0.681254
798 708 1.579073
798 898 -0.847202
799 790 1.255193
799 709 -0.819380
799 899 -1.539358
800 801 -1.040349
800 810 -1.237028
800 900 -1.432446
801 802 -0.543199
801 811 -1.099526
801 901 0.298103
802 803 2.178967
802 812 -0.476225
802 902 0.219388
803 804 -0.807370
803 813 -0.521928
803 903 1.819620
804 805 -0.678907
804 814 1.180314
804 904 0.976845
805 806 -0.740203
805 815 -1.827500
805 905 -0.632983
806 807 0.152875
806 816 0.744488
806 906 0.512268
807 808 -0.216926
807 817 1.075598
807 907 -0.508074
808 809 0.087463
808 818 1.086544
808 908 -0.717830
809 800 0.128721
809 819 1.066092
809 909 -0.730006
810 811 0.096268
810 820 0.975698
810 910 1.040035
811 812 0.073170
811 821 -1.262111
811 911 -0.163079
812 813 0.456594
812 822 0.577356
812 912 0.731574
813 814 0.001885
813 823 1.007516
813 913 0.642048
814 815 -1.233722
814 824 -1.250391
814 914 -0.729431
815 816 0.821290
815 825 -0.372175
815 915 -0.428906
816 817 -0.887480
816 826 0.749310
816 916 0.691458
817 818 -0.068419
817 827 -0.453541
817 917 -0.371433
818 819 0.572444
818 828 0.857614
818 918 -0.056555
819 810 -1.369875
819 829 0.019315
819 919 -0.445991
820 821 -0.095508
820 830 0.737747
820 920 1.078349
821 822 0.373876
821 831 -1.917263
821 921 1.030780
822 823 2.120875
822 832 -1.349320
822 922 0.016094
823 824 -0.198699
823 833 1.030419
823 923 0.983586
824 825 -1.680393
824 834 -0.758770
824 924 -0.305901
825 826 1.510286
825 835 0.421349
825 925 -0.498008
826 827 1.663313
826 836 1.906046
826 926 0.218023
827 828 -0.115690
827 837 1.150796
827 927 0.861388
828 829 -0.498644
828 838 -0.751940
828 928 0.753246
829 820 1.085720
829 839 -1.321022
829 929 -0.230483
830 831 0.483583
830 840 -0.362939
830 930 -0.745831
831 832 0.295181
831 841 0.392024
831 931 -0.519432
832 833 -1.108293
832 842 -1.407219
832 932 -0.458201
833 834 0.696654
833 843 -0.808333
833 933 -1.733692
834 835 -1.289545
834 844 -0.732679
834 934 0.491531
835 836 0.246634
835 845 1.358238
835 935 0.114259
836 837 0.076089
836 846 -0.009056
836 936 0.482391
837 838 1.249209
837 847 -1.427754
837 937 0.885045
838 839 1.251915
838 848 -0.746449
838 938 2.522936
839 830 0.168322
839 849 -0.992350
839 939 -0.567401
840 841 -0.228954
840 850 -1.528574
840 940 -0.320050
841 842 0.836456
841 851 1.468590
841 941 1.862606
842 843 -0.267865
842 852 -1.205205
842 942 0.816643
843 844 0.162717
843 853 1.743532
843 943 -0.999193
844 845 1.065533
844 854 -1.336384
844 944 0.984529
845 846 -0.569765
845 855 0.311858
845 945 -0.248650
846 847 -1.277599
846 856 -3.149608
846 946 1.894898
847 848 -1.301497
847 857 -0.461603
847 947 -0.175979
848 849 1.849712
848 858 2.047024
848 948 -1.947253
849 840 -1.782203
849 859 1.769274
849 949 -1.119674
850 851 0.773251
850 860 -0.629191
850 950 -0.116676
851 852 0.345926
851 861 1.744764
851 951 -1.411665
852 853 0.456318
852 862 -0.387732
852 952 -0.204738
853 854 -1.498084
853 863 -0.600489
853 953 -0.542488
854 855 1.029910
854 864 -1.784591
854 954 -2.195147
855 856 -0.582870
855 865 -0.751203
855 955 0.195855
856 857 0.373668
856 866 0.220385
856 956 -0.144612
857 858 1.277055
857 867 -0.144458
857 957 -0.918909
858 859 1.396359
858 868 -0.666621
858 958 -1.380647
859 850 -1.236513
859 869 0.104219
859 959 0.392957
860 861 0.437258
860 870 1.838467
860 960 0.317467
861 862 1.115489
861 871 -0.410605
861 961 -0.095999
862 863 0.376464
862 872 0.864045
862 962 -0.470646
863 864 0.412895
863 873 -0.430130
863 963 -0.161919
864 865 0.406515
864 874 -1.057510
864 964 0.084709
865 866 0.145085
865 875 0.956689
865 965 2.393539
866 867 -0.178709
866 876 0.760390
866 966 1.058259
867 868 -0.784891
867 877 0.076104
867 967 -0.184832
868 869 -0.161657
868 878 0.041290
868 968 0.081476
869 860 0.285465
869 879 1.202155
869 969 0.018535
870 871 -2.076593
870 880 -0.651523
870 970 0.158853
871 872 0.699769
871 881 -0.945521
871 971 0.576655
872 873 -0.783592
872 882 0.010578
872 972 -0.283168
873 874 -0.014837
873 883 0.572270
873 973 -0.668879
874 875 -0.731369
874 884 0.647314
874 974 -0.330387
875 876 1.211874
875 885 -0.990960
875 975 0.186744
876 877 0.085706
876 886 -2.425062
876 976 0.415353
877 878 -0.316585
877 887 0.403128
877 977 -0.628768
878 879 -1.091278
878 888 0.659230
878 978 0.097911
879 870 1.118592
879 889 -0.523697
879 979 -0.339514
880 881 -1.228224
880 890 0.111130
880 980 -1.080304
881 882 -0.925890
881 891 -1.093694
881 981 -1.886056
882 883 0.131750
882 892 1.304721
882 982 -0.009662
883 884 0.044477
883 893 -0.635414
883 983 0.601493
884 885 0.367894
884 894 1.304008
884 984 0.905424
885 886 -0.877966
885 895 0.651574
885 985 -0.824526
886 887 0.209188
886 896 -0.852267
886 986 -0.244409
887 888 0.470743
887 897 -1.111098
887 987 -0.829158
888 889 0.945640
888 898 2.597209
888 988 -0.803644
889 880 0.358926
889 899 -0.555221
889 989 -0.216045
890 891 -1.103405
890 800 0.058359
890 990 -0.609385
891 892 0.974633
891 801 0.603902
891 991 0.027278
892 893 -0.868126
892 802 -0.539556
892 992 2.520407
893 894 -0.465317
893 803 -0.958698
893 993 -1.653257
894 895 0.768107
894 804 0.241793
894 994 0.998981
895 896 -0.199444
895 805 -0.625283
895 995 -0.807152
896 897 -0.068163
896 806 0.543422
896 996 -0.213502
897 898 1.791864
897 807 -0.925878
897 997 -0.158940
898 899 -0.001007
898 808 -1.461831
898 998 -0.930424
899 890 0.378200
899 809 -0.005951
899 999 1.878640
900 901 1.203770
900 910 0.103288
900 0 -0.930871
901 902 1.916644
901 911 -2.586551
901 1 1.549160
902 903 -1.165480
902 912 -1.039176
902 2 -0.297995
903 904 1.371867
903 913 0.055963
903 3 -0.545730
904 905 -1.691743
904 914 0.622341
904 4 -1.589903
905 906 -1.048391
905 915 -0.941231
905 5 -2.349357
906 907 1.849616
906 916 1.563931
906 6 0.093248
907 908 -0.754704
907 917 -0.076439
907 7 0.097474
908 909 -0.496130
908 918 -0.365671
908 8 0.115568
909 900 -1.667794
909 919 0.725493
909 9 0.093181
910 911 0.055917
910 920 -1.297272
910 10 0.298092
911 912 0.733206
911 921 -0.674012
911 11 0.698032
912 913 -0.642574
912 922 0.074395
912 12 -0.563349
913 914 -0.362749
913 923 0.564220
913 13 -1.322636
914 915 -0.467751
914 924 -1.432906
914 14 -0.262963
915 916 -0.321130
915 925 -0.468948
915 15 1.616071
916 917 -1.457635
916 926 0.117329
916 16 0.996932
917 918 -1.559667
917 927 -0.548441
917 17 -0.710446
918 919 -1.140876
918 928 -0.935777
918 18 -0.929077
919 910 2.125041
919 929 1.099928
919 19 1.465911
920 921 1.795606
920 930 -2.163693
920 20 -0.068114
921 922 -0.631397
921 931 -1.485952
921 21 -1.789023
922 923 -1.525173
922 932 -0.419300
922 22 -0.277654
923 924 -0.183484
923 933 1.088776
923 23 1.376107
924 925 0.388553
924 934 2.252048
924 24 -1.371592
925 926 0.058881
925 935 1.090259
925 25 0.131492
926 927 0.815636
926 936 -0.221098
926 26 -0.327610
927 928 1.528523
927 937 0.957622
927 27 -1.378698
928 929 0.373917
928 938 -0.602290
928 28 0.536095
929 920 0.317101
929 939 -0.842672
929 29 0.794048
930 931 -0.654208
930 940 -1.079640
930 30 0.590020
931 932 1.369146
931 941 0.303599
931 31 0.437259
932 933 0.001438
932 942 0.430711
932 32 0.342975
933 934 0.149150
933 943 -1.778477
933 33 -0.847569
934 935 -1.108571
934 944 1.743942
934 34 0.090807
935 936 -0.713860
935 945 1.644071
935 35 -0.227271
936 937 2.086504
936 946 0.797718
936 36 -0.808472
937 938 0.378385
937 947 -0.712843
937 37 -1.358882
938 939 0.008065
938 948 -0.608611
938 38 -0.384612
939 930 0.994850
939 949 0.662674
939 39 0.012372
940 941 0.279597
940 950 0.563337
940 40 -0.933996
941 942 -1.031442
941 951 0.620163
941 41 0.429556
942 943 -0.789358
942 952 -0.891702
942 42 0.579058
943 944 -0.366858
943 953 0.224928
943 43 -0.837254
944 945 2.217051
944 954 -0.549107
944 44 0.624958
945 946 0.601790
945 955 -0.244136
945 45 0.299443
946 947 -1.087999
946 956 -0.100360
946 46 0.561192
947 948 -1.194485
947 957 0.694895
947 47 1.611242
948 949 -0.694126
948 958 0.082914
948 48 -2.178385
949 940 1.183944
949 959 2.295351
949 49 0.641947
950 951 0.662931
950 960 -1.112236
950 50 -1.990812
951 952 0.179195
951 961 -0.875513
951 51 0.128865
952 953 2.494568
952 962 1.184548
952 52 -1.192718
953 954 0.091975
953 963 1.064715
953 53 0.790735
954 955 -1.564942
954 964 -1.242534
954 54 -1.626488
955 956 -2.727830
955 965 -0.564669
955 55 0.266666
956 957 -0.342211
956 966 -0.402881
956 56 1.494645
957 958 0.132312
957 967 1.042981
957 57 0.074144
958 959 -0.322595
958 968 0.655417
958 58 0.708906
959 950 -1.588010
959 969 -1.490611
959 59 1.814275
960 961 0.886742
960 970 -0.470053
960 60 -0.971149
961 962 -1.511122
961 971 -0.237563
961 61 1.085505
962 963 0.014053
962 972 1.855168
962 62 0.658170
963 964 -0.855352
963 973 1.641680
963 63 -0.854117
964 965 -0.208928
964 974 0.639582
964 64 0.389596
965 966 -0.214195
965 975 -0.159877
965 65 0.860956
966 967 -0.512863
966 976 0.219261
966 66 -1.299378
967 968 1.272056
967 977 0.755622
967 67 0.569579
968 969 1.588204
968 978 0.034027
968 68 0.561393
969 960 -0.379404
969 979 -0.043913
969 69 -0.782046
970 971 0.114675
970 980 -1.501134
970 70 -0.123025
971 972 0.118353
971 981 -1.501030
971 71 -0.637838
972 973 0.608170
972 982 0.246817
972 72 0.242698
973 974 0.655292
973 983 0.054648
973 73 0.645304
974 975 -2.026031
974 984 -1.176601
974 74 -1.039764
975 976 0.149653
975 985 1.181392
975 75 -0.524920
976 977 -0.203114
976 986 -0.566863
976 76 0.078783
977 978 -0.110760
977 987 2.296291
977 77 0.651874
978 979 0.668512
978 988 0.282198
978 78 1.958405
979 970 -0.511102
979 989 0.432127
979 79 -0.878755
980 981 0.747656
980 990 -1.031355
980 80 -0.876452
981 982 -0.335223
981 991 0.539402
981 81 -1.142033
982 983 -0.521219
982 992 0.279584
982 82 -0.426760
983 984 -0.891840
983 993 -0.162224
983 83 -1.309162
984 985 0.201240
984 994 0.039417
984 84 -0.635802
985 986 -0.983102
985 995 1.486001
985 85 0.447577
986 987 -0.473171
986 996 -0.372342
986 86 -1.128630
987 988 0.936430
987 997 1.008600
987 87 -1.461939
988 989 -0.346851
988 998 0.915388
988 88 1.093915
989 980 0.808712
989 999 0.025137
989 89 0.414100
990 991 0.278064
990 900 0.345389
990 90 0.504401
991 992 -0.781792
991 901 -1.186039
991 91 0.395162
992 993 -0.975529
992 902 0.439464
992 92 0.383840
993 994 0.583423
993 903 0.016186
993 93 -0.573919
994 995 -1.055625
994 904 0.292153
994 94 -0.568912
995 996 0.625054
995 905 -1.084273
995 95 -1.631412
996 997 0.144829
996 906 -1.713729
996 96 -0.900175
997 998 0.270932
997 907 -0.024360
997 97 -1.239801
998 999 -1.297966
998 908 1.485428
998 98 -0.684385
999 990 0.070281
999 909 -1.328448
999 99 0.789229
