0 1 0.543755
0 10 -0.603131
0 100 -0.945611
1 2 -0.498461
1 11 0.660463
1 101 1.360584
2 3 0.193035
2 12 -1.277746
2 102 0.503570
3 4 1.486910
3 13 -0.682199
3 103 -1.015334
4 5 0.184098
4 14 0.634911
4 104 -0.838085
5 6 -0.089321
5 15 1.416283
5 105 -1.092641
6 7 -0.528506
6 16 -0.316498
6 106 -0.683485
7 8 -0.983361
7 17 1.482588
7 107 0.857532
8 9 1.458061
8 18 1.120554
8 108 -2.133757
9 0 -1.018837
9 19 1.136476
9 109 0.449357
10 11 -1.426155
10 20 1.526788
10 110 -0.172038
11 12 -0.640835
11 21 2.105510
11 111 0.418742
12 13 0.798127
12 22 1.365622
12 112 -0.330532
13 14 1.515974
13 23 0.608295
13 113 -1.139887
14 15 0.201886
14 24 -0.216447
14 114 1.352587
15 16 -0.713160
15 25 0.066287
15 115 0.289512
16 17 -1.318314
16 26 -0.687100
16 116 -0.659143
17 18 -0.236052
17 27 0.102090
17 117 -1.425455
18 19 -1.206781
18 28 -0.892346
18 118 -2.033744
19 10 0.211143
19 29 0.578058
19 119 -0.402100
20 21 -0.399397
20 30 -1.566882
20 120 -0.909561
21 22 -0.188868
21 31 -1.610164
21 121 -1.783144
22 23 -0.925864
22 32 -0.245803
22 122 -0.145397
23 24 0.668548
23 33 -0.634262
23 123 -0.637819
24 25 -1.211725
24 34 -0.685679
24 124 0.692861
25 26 0.285751
25 35 0.147295
25 125 0.964616
26 27 1.408040
26 36 0.430302
26 126 1.156395
27 28 -1.097015
27 37 -1.015793
27 127 -2.415617
28 29 -0.622793
28 38 1.137620
28 128 0.479105
29 20 -1.028345
29 39 -0.549870
29 129 -0.038729
30 31 0.122603
30 40 -1.024461
30 130 -0.891191
31 32 1.426862
31 41 1.172441
31 131 -1.382752
32 33 -0.235824
32 42 -0.394856
32 132 -2.780794
33 34 -0.198594
33 43 1.484436
33 133 0.927178
34 35 0.271838
34 44 0.839329
34 134 0.143162
35 36 0.544862
35 45 0.389096
35 135 -1.518707
36 37 -0.545985
36 46 -0.584570
36 136 0.855241
37 38 1.042827
37 47 0.718260
37 137 -1.058923
38 39 -0.675255
38 48 0.758434
38 138 -0.444717
39 30 0.333407
39 49 0.545457
39 139 -0.262417
40 41 0.271777
40 50 -0.019718
40 140 0.566663
41 42 1.481209
41 51 -1.019101
41 141 -0.272471
42 43 -0.649036
42 52 1.449817
42 142 1.134852
43 44 0.800272
43 53 -1.167954
43 143 -0.770210
44 45 0.779830
44 54 -0.048088
44 144 -1.171087
45 46 0.648308
45 55 0.020541
45 145 1.194960
46 47 0.612867
46 56 -0.886034
46 146 0.984570
47 48 0.352081
47 57 1.058726
47 147 2.286860
48 49 0.034507
48 58 -0.915283
48 148 -0.864159
49 40 -0.281654
49 59 1.277815
49 149 -1.024667
50 51 -0.665251
50 60 -0.392196
50 150 0.014838
51 52 -0.748963
51 61 -1.160214
51 151 2.040782
52 53 0.878664
52 62 0.797361
52 152 -0.257491
53 54 -0.541491
53 63 -0.428774
53 153 -1.078644
54 55 -0.125673
54 64 0.265458
54 154 0.377856
55 56 -1.733490
55 65 -1.634173
55 155 -1.312539
56 57 -0.360684
56 66 0.068006
56 156 0.107563
57 58 0.745994
57 67 -0.652780
57 157 -0.493114
58 59 -0.021970
58 68 -1.275729
58 158 -0.399833
59 50 1.329685
59 69 0.235340
59 159 0.233475
60 61 0.321887
60 70 0.204109
60 160 1.556418
61 62 -1.106293
61 71 2.098047
61 161 -0.020974
62 63 1.228552
62 72 -0.185916
62 162 -1.440598
63 64 -2.457582
63 73 -0.459465
63 163 1.381319
64 65 -0.646538
64 74 2.183492
64 164 0.767173
65 66 -1.108700
65 75 -0.046796
65 165 -1.219080
66 67 -0.916668
66 76 0.300340
66 166 -0.832628
67 68 0.554907
67 77 2.295522
67 167 0.749874
68 69 0.608597
68 78 0.904274
68 168 1.879237
69 60 0.575237
69 79 -0.714884
69 169 -0.708428
70 71 1.378972
70 80 -1.588163
70 170 0.629516
71 72 -0.151314
71 81 0.305177
71 171 0.086183
72 73 -2.307600
72 82 -0.564911
72 172 0.221497
73 74 0.121876
73 83 0.834413
73 173 -0.048737
74 75 -1.393334
74 84 1.897239
74 174 -0.120476
75 76 1.582556
75 85 -0.828655
75 175 -0.034081
76 77 -0.962784
76 86 0.404816
76 176 1.427555
77 78 0.610814
77 87 -0.270339
77 177 -0.383415
78 79 -1.001224
78 88 2.652676
78 178 1.482925
79 70 -0.552174
79 89 0.650755
79 179 1.747096
80 81 0.067642
80 90 -1.438435
80 180 -0.924156
81 82 -1.173944
81 91 0.485095
81 181 -1.158154
82 83 -0.503822
82 92 -0.176478
82 182 -0.364320
83 84 -0.026790
83 93 0.977668
83 183 -0.555917
84 85 1.106365
84 94 0.137427
84 184 1.277975
85 86 0.979698
85 95 1.342935
85 185 0.870016
86 87 0.010819
86 96 -0.906708
86 186 -1.794375
87 88 0.650085
87 97 -2.248568
87 187 0.069048
88 89 -0.915511
88 98 -1.359083
88 188 0.463579
89 80 -0.909544
89 99 0.485677
89 189 -0.905505
90 91 -1.284172
90 0 -0.226807
90 190 0.244120
91 92 -0.797824
91 1 -0.757898
91 191 0.258091
92 93 0.195135
92 2 0.558311
92 192 0.940699
93 94 -1.876683
93 3 0.172892
93 193 -0.796285
94 95 0.525201
94 4 0.715362
94 194 -1.030395
95 96 0.777623
95 5 0.237897
95 195 -0.221548
96 97 -0.668343
96 6 -1.099105
96 196 0.269917
97 98 -0.520045
97 7 0.355885
97 197 0.379254
98 99 -0.473984
98 8 0.099862
98 198 0.194989
99 90 1.128794
99 9 1.233052
99 199 -1.473573
100 101 0.817026
100 110 -1.548236
100 200 0.569005
101 102 2.439367
101 111 1.195188
101 201 -0.453473
102 103 0.002000
102 112 1.081903
102 202 -0.098240
103 104 -1.565325
103 113 0.247175
103 203 2.745932
104 105 0.713783
104 114 1.118343
104 204 0.217072
105 106 0.977118
105 115 1.277531
105 205 0.496045
106 107 -0.103092
106 116 0.050651
106 206 -0.492874
107 108 -0.584705
107 117 0.845163
107 207 -0.179801
108 109 2.472444
108 118 1.231814
108 208 -1.654471
109 100 -0.823247
109 119 -0.195430
109 209 2.249223
110 111 -0.408072
110 120 1.170811
110 210 -0.320987
111 112 0.693045
111 121 -1.295238
111 211 0.099103
112 113 -0.551908
112 122 0.065150
112 212 0.206482
113 114 0.397739
113 123 -1.322074
113 213 -0.486987
114 115 -0.243399
114 124 0.404182
114 214 0.736752
115 116 1.221803
115 125 0.537934
115 215 -0.343341
116 117 1.500522
116 126 -0.520917
116 216 1.368730
117 118 -0.126453
117 127 -0.364639
117 217 -1.470041
118 119 0.998585
118 128 -0.138022
118 218 -0.367468
119 110 -0.498821
119 129 -0.363806
119 219 -0.584310
120 121 1.679122
120 130 -1.281740
120 220 0.921722
121 122 0.255899
121 131 0.416454
121 221 1.414632
122 123 1.126988
122 132 -0.516236
122 222 -1.897875
123 124 -0.404163
123 133 -0.022455
123 223 0.751287
124 125 0.132625
124 134 0.527765
124 224 1.496987
125 126 0.182939
125 135 0.574131
125 225 -1.108730
126 127 0.029959
126 136 0.021359
126 226 0.285178
127 128 0.371506
127 137 -2.072762
127 227 1.829099
128 129 -0.160305
128 138 -0.349611
128 228 -0.511822
129 120 0.989336
129 139 -1.002024
129 229 0.370238
130 131 -1.422919
130 140 0.825589
130 230 0.482827
131 132 0.467677
131 141 0.197752
131 231 0.446145
132 133 -0.014414
132 142 1.282652
132 232 -1.026146
133 134 0.216229
133 143 -0.186996
133 233 -0.216631
134 135 -0.126583
134 144 2.538571
134 234 -0.875990
135 136 -1.372429
135 145 -0.816164
135 235 -0.901504
136 137 -2.287301
136 146 0.662086
136 236 -0.289658
137 138 0.438513
137 147 -0.273220
137 237 -0.620202
138 139 -0.024092
138 148 0.157508
138 238 -0.323692
139 130 1.625347
139 149 -0.257214
139 239 -0.619382
140 141 -0.850048
140 150 -0.520710
140 240 -1.790460
141 142 0.429864
141 151 0.499091
141 241 0.628966
142 143 0.965792
142 152 -0.728617
142 242 -0.011606
143 144 -0.101587
143 153 -0.903182
143 243 -1.495099
144 145 -0.078205
144 154 -0.835285
144 244 0.260905
145 146 -0.878254
145 155 -0.564254
145 245 -0.595977
146 147 1.005119
146 156 -0.214292
146 246 0.617344
147 148 -0.142922
147 157 -0.402850
147 247 -1.090658
148 149 -1.305869
148 158 0.190831
148 248 -1.406216
149 140 1.308794
149 159 -1.257555
149 249 0.215006
150 151 0.496625
150 160 1.190477
150 250 -1.505401
151 152 1.034643
151 161 1.683361
151 251 0.133229
152 153 0.100430
152 162 1.089888
152 252 -0.253023
153 154 -1.055420
153 163 1.902300
153 253 0.554860
154 155 0.337945
154 164 0.050940
154 254 -1.154730
155 156 -0.044293
155 165 -0.217563
155 255 1.733688
156 157 -0.103653
156 166 -0.536887
156 256 0.668944
157 158 -1.437505
157 167 0.792255
157 257 -1.640544
158 159 -0.715736
158 168 0.551292
158 258 -0.022542
159 150 1.564424
159 169 -0.313098
159 259 -1.304843
160 161 -0.925145
160 170 -0.937645
160 260 0.940128
161 162 -0.038062
161 171 0.002406
161 261 -1.279312
162 163 0.911227
162 172 -1.208336
162 262 -1.192241
163 164 0.054879
163 173 -0.949903
163 263 1.739240
164 165 -0.892978
164 174 1.778021
164 264 0.374324
165 166 0.271915
165 175 -0.624290
165 265 -0.316280
166 167 1.067854
166 176 0.247569
166 266 0.405516
167 168 -0.542267
167 177 -0.917641
167 267 0.789173
168 169 0.004749
168 178 0.897721
168 268 -0.040768
169 160 -0.410857
169 179 1.134943
169 269 0.730129
170 171 0.981946
170 180 -0.375654
170 270 -1.239264
171 172 1.026553
171 181 -1.725962
171 271 1.809158
172 173 1.439246
172 182 1.993223
172 272 -1.291828
173 174 2.649547
173 183 0.498957
173 273 0.300828
174 175 0.401720
174 184 -1.010654
174 274 -0.520779
175 176 0.516939
175 185 -0.996288
175 275 0.272479
176 177 -0.689605
176 186 0.515065
176 276 1.751031
177 178 0.448119
177 187 -0.167453
177 277 1.043950
178 179 0.543021
178 188 -0.012012
178 278 -1.263807
179 170 0.466042
179 189 -0.110534
179 279 1.273427
180 181 -0.652618
180 190 -0.650324
180 280 -1.152473
181 182 -0.411809
181 191 -1.132568
181 281 1.159401
182 183 1.120967
182 192 0.855759
182 282 1.535178
183 184 0.421475
183 193 1.100752
183 283 -0.306814
184 185 0.259556
184 194 -0.642719
184 284 -0.463359
185 186 0.671290
185 195 0.511909
185 285 -3.292281
186 187 -0.150142
186 196 1.062794
186 286 1.190366
187 188 -0.917521
187 197 -1.186683
187 287 0.644735
188 189 1.936196
188 198 -2.112825
188 288 -0.570314
189 180 -3.400168
189 199 -0.272147
189 289 -0.685582
190 191 -0.296811
190 100 0.804537
190 290 -0.321565
191 192 0.927953
191 101 -1.224935
191 291 0.745786
192 193 -0.545479
192 102 -0.802887
192 292 -0.508049
193 194 2.292275
193 103 -0.186779
193 293 -0.537445
194 195 -1.252470
194 104 0.422924
194 294 0.238563
195 196 0.251850
195 105 0.482712
195 295 -0.471390
196 197 -0.271889
196 106 -1.320928
196 296 -1.126799
197 198 -0.467590
197 107 -0.457444
197 297 -0.938391
198 199 1.011898
198 108 0.709806
198 298 0.930324
199 190 -0.432123
199 109 0.595138
199 299 1.415276
200 201 0.330315
200 210 -0.513572
200 300 0.001074
201 202 -1.578826
201 211 -0.238958
201 301 -0.671169
202 203 -0.523071
202 212 -0.191025
202 302 0.924348
203 204 -0.495656
203 213 0.353296
203 303 -0.707098
204 205 -0.525385
204 214 -1.024364
204 304 0.635921
205 206 -1.614002
205 215 1.043969
205 305 -1.791910
206 207 2.250142
206 216 -0.227845
206 306 -0.522539
207 208 0.805157
207 217 1.256041
207 307 0.321925
208 209 -0.169687
208 218 0.701297
208 308 0.564406
209 200 -0.492935
209 219 1.460255
209 309 -0.889562
210 211 -0.629510
210 220 0.067849
210 310 0.954190
211 212 -0.331953
211 221 -1.352738
211 311 2.174070
212 213 -0.732424
212 222 -0.366766
212 312 2.050810
213 214 -0.812263
213 223 -0.188074
213 313 0.732508
214 215 1.569163
214 224 -0.168791
214 314 1.066333
215 216 0.119996
215 225 -0.504060
215 315 -1.717907
216 217 0.250979
216 226 1.441520
216 316 0.184871
217 218 -0.762413
217 227 -0.318948
217 317 0.419330
218 219 0.760813
218 228 0.158169
218 318 0.334150
219 210 -0.946217
219 229 -0.273884
219 319 0.415315
220 221 0.194119
220 230 -0.227590
220 320 1.792641
221 222 0.336616
221 231 -2.154090
221 321 0.413794
222 223 -0.779147
222 232 1.084200
222 322 -0.296231
223 224 -0.320979
223 233 -0.915823
223 323 -0.230764
224 225 -0.475907
224 234 0.049464
224 324 0.386866
225 226 -1.264875
225 235 0.547899
225 325 0.165016
226 227 -0.452860
226 236 -0.248630
226 326 -1.600474
227 228 -1.573444
227 237 1.130805
227 327 0.464660
228 229 -0.647911
228 238 -0.825176
228 328 -0.909662
229 220 0.824104
229 239 -0.310261
229 329 -0.912678
230 231 -0.767136
230 240 0.212005
230 330 1.280000
231 232 -0.504106
231 241 -0.722830
231 331 0.732885
232 233 0.217222
232 242 1.330073
232 332 0.322109
233 234 -0.010633
233 243 0.590593
233 333 0.962232
234 235 -0.621371
234 244 -0.867091
234 334 -0.125150
235 236 1.677887
235 245 0.884717
235 335 -0.034963
236 237 0.289959
236 246 0.175167
236 336 -0.578636
237 238 0.308187
237 247 0.534423
237 337 0.853999
238 239 1.363994
238 248 1.245640
238 338 -0.116184
239 230 0.936626
239 249 -0.471236
239 339 0.442194
240 241 0.737378
240 250 -0.486165
240 340 0.170479
241 242 0.858207
241 251 0.353310
241 341 -0.397308
242 243 -0.933351
242 252 0.684533
242 342 -0.656581
243 244 0.520122
243 253 -0.304623
243 343 0.569620
244 245 0.182041
244 254 -0.295071
244 344 0.866011
245 246 -1.258074
245 255 -0.448153
245 345 0.210235
246 247 -0.676545
246 256 2.023362
246 346 -2.306454
247 248 -0.156669
247 257 0.886771
247 347 -1.186172
248 249 1.024456
248 258 -0.276062
248 348 0.064164
249 240 -0.717184
249 259 0.820034
249 349 -0.733135
250 251 0.168435
250 260 -0.523281
250 350 -1.652038
251 252 0.307002
251 261 -0.202480
251 351 -0.423084
252 253 -0.113312
252 262 0.916205
252 352 1.192595
253 254 0.383929
253 263 0.197119
253 353 1.441540
254 255 -1.243613
254 264 -0.873174
254 354 -1.042886
255 256 -0.716367
255 265 -0.417678
255 355 0.969202
256 257 -0.349723
256 266 0.627954
256 356 0.432977
257 258 0.250711
257 267 -0.159736
257 357 -0.216503
258 259 0.803526
258 268 -1.141029
258 358 0.019463
259 250 0.608957
259 269 -0.484853
259 359 1.235130
260 261 -0.101259
260 270 0.672629
260 360 0.712551
261 262 -0.035191
261 271 -1.078755
261 361 -1.001025
262 263 -0.076544
262 272 0.878115
262 362 0.784957
263 264 2.136426
263 273 -0.702605
263 363 0.353388
264 265 -0.620939
264 274 -1.279371
264 364 -1.805951
265 266 -1.458576
265 275 -0.331891
265 365 0.979311
266 267 0.027291
266 276 -1.656821
266 366 0.032254
267 268 0.614501
267 277 -0.772465
267 367 0.338383
268 269 1.374477
268 278 0.627239
268 368 1.720081
269 260 0.229149
269 279 0.049484
269 369 -0.981170
270 271 -2.048623
270 280 -1.470003
270 370 0.705246
271 272 0.623742
271 281 0.924876
271 371 0.206004
272 273 1.374936
272 282 1.642607
272 372 0.231377
273 274 0.347571
273 283 -0.262516
273 373 -0.327678
274 275 1.669119
274 284 1.744439
274 374 -0.828366
275 276 -0.059289
275 285 1.228596
275 375 1.145796
276 277 0.974982
276 286 -0.779196
276 376 0.341921
277 278 1.352263
277 287 1.181490
277 377 -0.978294
278 279 1.220618
278 288 -0.559319
278 378 -2.048520
279 270 -0.385172
279 289 -1.692145
279 379 0.458516
280 281 -0.643691
280 290 -0.001829
280 380 -0.373814
281 282 1.178377
281 291 0.153113
281 381 0.985636
282 283 0.090038
282 292 -0.151937
282 382 -1.001786
283 284 1.003152
283 293 0.392338
283 383 -0.791331
284 285 -0.462533
284 294 2.367610
284 384 -0.883899
285 286 -0.659978
285 295 -0.051181
285 385 -1.788487
286 287 -0.416203
286 296 -0.860596
286 386 1.112155
287 288 -1.625581
287 297 -2.801829
287 387 -0.375961
288 289 -0.902194
288 298 -1.941374
288 388 -1.785190
289 280 0.497395
289 299 0.619187
289 389 -1.732441
290 291 -1.354893
290 200 0.222884
290 390 -0.176535
291 292 1.463464
291 201 1.167752
291 391 -0.046447
292 293 0.068016
292 202 -0.095464
292 392 -0.504377
293 294 -0.229722
293 203 0.298373
293 393 -0.280480
294 295 1.368383
294 204 -0.178384
294 394 -1.919947
295 296 -1.054081
295 205 0.392802
295 395 -0.825546
296 297 -0.885071
296 206 -0.661038
296 396 0.461151
297 298 -0.055367
297 207 1.230944
297 397 0.465571
298 299 1.546879
298 208 0.021610
298 398 0.009325
299 290 0.315640
299 209 0.425754
299 399 0.084611
300 301 0.310395
300 310 -2.080453
300 400 0.284909
301 302 0.159975
301 311 -0.136325
301 401 2.083134
302 303 -1.350107
302 312 1.836467
302 402 1.492588
303 304 0.198709
303 313 0.806602
303 403 0.387020
304 305 -0.793602
304 314 0.239239
304 404 0.081924
305 306 0.831546
305 315 0.005990
305 405 0.718848
306 307 -0.360555
306 316 0.122998
306 406 -0.517679
307 308 -0.100561
307 317 0.234543
307 407 1.821663
308 309 0.261625
308 318 -0.822259
308 408 0.197474
309 300 -1.201543
309 319 -0.648287
309 409 -1.121122
310 311 0.585366
310 320 -0.700841
310 410 0.454952
311 312 -1.325669
311 321 2.483853
311 411 -0.671297
312 313 -0.286588
312 322 -0.436868
312 412 -0.101468
313 314 -0.154526
313 323 1.058742
313 413 -0.698135
314 315 -0.198565
314 324 0.501516
314 414 -0.219667
315 316 1.037296
315 325 -0.412522
315 415 0.245869
316 317 -0.536345
316 326 0.612477
316 416 0.063081
317 318 0.387561
317 327 0.163050
317 417 1.138626
318 319 -1.443629
318 328 0.067727
318 418 -0.604820
319 310 -0.956996
319 329 -1.113943
319 419 0.273855
320 321 -0.554568
320 330 0.803009
320 420 0.378269
321 322 -1.137410
321 331 1.699422
321 421 -1.053331
322 323 -0.728688
322 332 -0.163506
322 422 0.794198
323 324 -1.622198
323 333 -0.579265
323 423 1.532445
324 325 -0.239986
324 334 1.413231
324 424 -1.554020
325 326 0.400802
325 335 0.148468
325 425 0.488614
326 327 -0.019063
326 336 -0.863172
326 426 -0.123118
327 328 0.817581
327 337 -0.331338
327 427 -0.509568
328 329 0.969084
328 338 0.420924
328 428 -0.321705
329 320 0.347653
329 339 1.212258
329 429 0.205755
330 331 -0.038098
330 340 1.530261
330 430 0.547080
331 332 -0.469508
331 341 1.626799
331 431 0.608488
332 333 1.316938
332 342 -0.604536
332 432 -0.299655
333 334 0.063549
333 343 -1.249389
333 433 1.622231
334 335 1.094661
334 344 -0.236109
334 434 0.087877
335 336 -1.722717
335 345 0.007973
335 435 0.308722
336 337 0.023705
336 346 0.198394
336 436 0.968354
337 338 -1.076622
337 347 -0.067825
337 437 -0.615564
338 339 -0.057980
338 348 -0.199363
338 438 1.244385
339 330 0.623109
339 349 -0.404005
339 439 0.311567
340 341 -0.664818
340 350 0.442172
340 440 -0.775684
341 342 -0.055196
341 351 -1.123512
341 441 -0.142425
342 343 0.568796
342 352 -1.195919
342 442 0.169549
343 344 -0.258016
343 353 0.365825
343 443 -0.631591
344 345 -0.126200
344 354 0.638609
344 444 0.864073
345 346 0.182435
345 355 0.496739
345 445 1.626091
346 347 0.355990
346 356 -0.209207
346 446 2.297263
347 348 -0.318837
347 357 1.409855
347 447 0.963153
348 349 0.942605
348 358 1.112184
348 448 0.632775
349 340 0.706822
349 359 -0.898513
349 449 0.146333
350 351 -1.053259
350 360 -0.037456
350 450 1.190802
351 352 -0.012410
351 361 0.013405
351 451 -1.306513
352 353 -1.222698
352 362 2.575015
352 452 0.984267
353 354 -1.140718
353 363 -0.884338
353 453 0.831447
354 355 -0.316487
354 364 0.592546
354 454 0.216618
355 356 1.543030
355 365 -0.062105
355 455 -1.251761
356 357 0.887770
356 366 -0.493088
356 456 0.689513
357 358 -0.332959
357 367 0.627789
357 457 -1.859337
358 359 0.705688
358 368 0.446455
358 458 1.691836
359 350 -0.910684
359 369 2.142460
359 459 0.310180
360 361 -0.786452
360 370 -0.300208
360 460 -2.507630
361 362 0.386936
361 371 0.019657
361 461 0.200702
362 363 0.799945
362 372 0.684651
362 462 -0.828489
363 364 1.366947
363 373 -0.602192
363 463 1.496650
364 365 -0.394884
364 374 -0.096963
364 464 0.810927
365 366 -0.164481
365 375 0.342517
365 465 -0.849191
366 367 -1.895098
366 376 0.970827
366 466 1.061996
367 368 -0.410410
367 377 0.531795
367 467 0.159361
368 369 0.518709
368 378 0.804115
368 468 0.471475
369 360 1.065868
369 379 -0.041064
369 469 -0.764068
370 371 -1.626437
370 380 -1.585895
370 470 -0.880296
371 372 0.611163
371 381 -0.282438
371 471 -1.436003
372 373 1.039559
372 382 0.988061
372 472 0.722432
373 374 1.002048
373 383 0.267671
373 473 -1.427569
374 375 0.512117
374 384 1.364167
374 474 1.345888
375 376 -0.968338
375 385 0.306786
375 475 0.155822
376 377 -1.757009
376 386 -0.383058
376 476 -1.133775
377 378 0.025346
377 387 0.733676
377 477 1.125383
378 379 -0.008499
378 388 0.069948
378 478 0.024360
379 370 0.398970
379 389 2.112844
379 479 1.726283
380 381 1.507595
380 390 0.392208
380 480 -1.079125
381 382 -0.173238
381 391 0.134986
381 481 0.140882
382 383 -0.070888
382 392 0.636961
382 482 0.902548
383 384 -0.496139
383 393 -0.869755
383 483 0.633087
384 385 0.627256
384 394 -1.129000
384 484 0.208991
385 386 0.807738
385 395 -0.217231
385 485 0.446000
386 387 -1.066367
386 396 0.499428
386 486 -1.595421
387 388 1.191719
387 397 -1.137601
387 487 -1.022113
388 389 -1.318742
388 398 1.693915
388 488 0.366102
389 380 0.770201
389 399 -0.397155
389 489 1.340879
390 391 0.760477
390 300 1.512958
390 490 2.483922
391 392 1.221528
391 301 0.716678
391 491 0.875826
392 393 0.205703
392 302 -2.030477
392 492 0.501344
393 394 0.447892
393 303 0.383648
393 493 0.650705
394 395 0.898749
394 304 -0.156517
394 494 -1.404971
395 396 -0.927626
395 305 0.890614
395 495 0.513969
396 397 1.410293
396 306 0.138748
396 496 -0.462522
397 398 0.926613
397 307 0.948822
397 497 0.979558
398 399 -1.519569
398 308 0.028170
398 498 1.043654
399 390 -0.595086
399 309 0.446100
399 499 -1.858290
400 401 0.843153
400 410 0.550175
400 500 0.826687
401 402 -0.814732
401 411 -0.030003
401 501 -1.189625
402 403 -0.267695
402 412 -0.400647
402 502 1.260083
403 404 0.575201
403 413 0.132099
403 503 -2.112499
404 405 -0.365514
404 414 -0.316080
404 504 1.071090
405 406 -0.321229
405 415 0.114336
405 505 0.436689
406 407 0.053943
406 416 1.183646
406 506 0.112476
407 408 -0.885615
407 417 -0.994584
407 507 -0.572806
408 409 -0.190133
408 418 0.837843
408 508 -0.763548
409 400 -0.705793
409 419 1.109804
409 509 0.204650
410 411 -0.378726
410 420 0.516428
410 510 1.209760
411 412 -1.076267
411 421 -0.149368
411 511 -1.077635
412 413 0.475844
412 422 -0.418855
412 512 0.906209
413 414 1.088715
413 423 -0.831720
413 513 -0.086642
414 415 -0.054568
414 424 -1.078326
414 514 -0.584839
415 416 -0.211454
415 425 -1.522603
415 515 0.339415
416 417 1.288148
416 426 -0.516928
416 516 1.530617
417 418 1.365112
417 427 -1.896785
417 517 1.491490
418 419 -0.789892
418 428 -0.334294
418 518 -2.317469
419 410 -0.023280
419 429 0.184434
419 519 -0.589910
420 421 0.095191
420 430 -1.047094
420 520 -0.886475
421 422 -0.735336
421 431 -1.088151
421 521 -0.929198
422 423 0.340281
422 432 -0.063822
422 522 -1.540814
423 424 -0.388556
423 433 -0.479030
423 523 -0.109461
424 425 -0.145597
424 434 0.002441
424 524 -0.447124
425 426 1.112442
425 435 -0.947299
425 525 -0.635691
426 427 0.387315
426 436 -2.081207
426 526 -0.287399
427 428 -1.024559
427 437 0.767680
427 527 1.464781
428 429 0.566626
428 438 0.022284
428 528 1.228243
429 420 0.287843
429 439 1.092589
429 529 -0.638198
430 431 0.235240
430 440 1.102391
430 530 -0.093449
431 432 1.323659
431 441 1.451063
431 531 -1.043322
432 433 -0.594939
432 442 0.452305
432 532 2.303912
433 434 -1.609001
433 443 -2.757868
433 533 -0.049257
434 435 -0.671976
434 444 1.345383
434 534 -1.833460
435 436 0.119451
435 445 -1.037459
435 535 -0.824542
436 437 -1.498328
436 446 0.137149
436 536 0.506516
437 438 0.212260
437 447 -0.282454
437 537 0.360638
438 439 1.125255
438 448 2.051382
438 538 0.136584
439 430 -0.778266
439 449 -0.079853
439 539 2.061827
440 441 -0.496315
440 450 0.604025
440 540 0.734617
441 442 -2.052957
441 451 -0.596789
441 541 0.543059
442 443 0.790237
442 452 1.304849
442 542 1.137015
443 444 0.225386
443 453 -0.158135
443 543 -0.915624
444 445 -1.045164
444 454 0.411956
444 544 -0.051463
445 446 0.177114
445 455 0.026860
445 545 -1.091990
446 447 -0.813358
446 456 0.812272
446 546 0.097852
447 448 -0.565696
447 457 0.929889
447 547 -0.391764
448 449 2.483725
448 458 -1.512899
448 548 -1.402342
449 440 -0.683711
449 459 -0.731042
449 549 1.378297
450 451 1.043262
450 460 -1.330006
450 550 2.227028
451 452 -0.777680
451 461 -0.228306
451 551 -1.309559
452 453 -0.247176
452 462 0.998636
452 552 -0.168567
453 454 1.248998
453 463 1.725731
453 553 -1.305382
454 455 1.249858
454 464 -0.798427
454 554 -0.325807
455 456 -1.136871
455 465 0.305241
455 555 0.760544
456 457 -0.361576
456 466 -0.353115
456 556 -1.693608
457 458 -0.253017
457 467 0.802696
457 557 -0.835244
458 459 0.774330
458 468 2.300628
458 558 0.369827
459 450 0.934254
459 469 0.695357
459 559 0.036381
460 461 1.147702
460 470 0.660891
460 560 2.131790
461 462 -0.612760
461 471 -1.060247
461 561 -1.564922
462 463 1.073087
462 472 -0.904184
462 562 0.715793
463 464 0.758588
463 473 0.533457
463 563 0.583324
464 465 -0.853922
464 474 0.300110
464 564 2.119922
465 466 0.272877
465 475 -0.424874
465 565 1.043013
466 467 1.118578
466 476 0.601204
466 566 0.422493
467 468 0.146580
467 477 1.831477
467 567 0.541856
468 469 -1.423185
468 478 -0.546939
468 568 0.282032
469 460 -1.544811
469 479 -0.182540
469 569 -0.285362
470 471 1.061960
470 480 1.684573
470 570 0.632935
471 472 0.775875
471 481 0.667081
471 571 -1.581656
472 473 0.302004
472 482 -0.473154
472 572 -0.182044
473 474 -0.843712
473 483 1.655380
473 573 0.414881
474 475 1.615897
474 484 0.659341
474 574 0.006010
475 476 0.852046
475 485 0.751212
475 575 0.716951
476 477 0.121231
476 486 0.448301
476 576 0.181557
477 478 1.830695
477 487 0.886347
477 577 -0.646811
478 479 0.339372
478 488 -1.073034
478 578 0.558179
479 470 -0.185670
479 489 0.518452
479 579 0.584091
480 481 1.015495
480 490 1.852573
480 580 0.194394
481 482 -0.183413
481 491 1.063078
481 581 0.254241
482 483 -1.114041
482 492 0.340472
482 582 0.865921
483 484 -0.755918
483 493 1.156431
483 583 1.893851
484 485 -1.561378
484 494 0.900675
484 584 -1.196538
485 486 -0.159381
485 495 1.371280
485 585 1.122447
486 487 0.909458
486 496 0.369358
486 586 0.578933
487 488 1.369048
487 497 -1.425244
487 587 -0.619790
488 489 -0.511617
488 498 -0.281162
488 588 0.523168
489 480 0.271679
489 499 -0.576736
489 589 -0.665006
490 491 -1.240804
490 400 0.071928
490 590 -1.245681
491 492 -1.157784
491 401 1.547160
491 591 -0.581044
492 493 1.297545
492 402 -1.821495
492 592 1.466703
493 494 0.538525
493 403 -0.063234
493 593 -1.984675
494 495 0.310615
494 404 0.383569
494 594 -1.444316
495 496 -0.206257
495 405 0.246622
495 595 0.119891
496 497 0.091385
496 406 -1.001730
496 596 0.866746
497 498 -1.459114
497 407 0.655688
497 597 -0.376816
498 499 0.824733
498 408 -1.344550
498 598 -0.469494
499 490 0.763484
499 409 0.454362
499 599 0.708057
500 501 -0.417318
500 510 -1.419291
500 600 -0.098206
501 502 0.701898
501 511 0.494680
501 601 -0.417788
502 503 1.221779
502 512 0.081795
502 602 0.262440
503 504 2.212704
503 513 -0.119291
503 603 -1.188990
504 505 -0.872594
504 514 0.011915
504 604 -1.807771
505 506 -0.747687
505 515 1.035955
505 605 -0.813394
506 507 -0.120270
506 516 -1.121683
506 606 -0.469503
507 508 0.165130
507 517 0.223890
507 607 0.954729
508 509 1.200810
508 518 -0.729088
508 608 0.660145
509 500 -0.079788
509 519 -0.630130
509 609 0.812264
510 511 -1.034419
510 520 0.539879
510 610 0.591627
511 512 0.367378
511 521 0.505346
511 611 -0.202151
512 513 -0.441655
512 522 1.313454
512 612 -0.415523
513 514 -0.623684
513 523 0.604077
513 613 -1.273127
514 515 1.286357
514 524 -0.409576
514 614 0.096666
515 516 0.191822
515 525 0.067870
515 615 -0.907248
516 517 -0.941078
516 526 -0.317072
516 616 2.044930
517 518 -0.604806
517 527 -1.694212
517 617 -1.077903
518 519 0.930590
518 528 -2.069750
518 618 -1.042081
519 510 -0.918358
519 529 0.398866
519 619 0.480264
520 521 -1.043398
520 530 1.717527
520 620 0.832132
521 522 -0.172956
521 531 -0.434858
521 621 -0.052996
522 523 -0.222267
522 532 0.153134
522 622 0.085185
523 524 0.475074
523 533 -1.100828
523 623 -1.088549
524 525 -0.001524
524 534 1.750416
524 624 -0.030348
525 526 -0.735516
525 535 0.849392
525 625 -0.810434
526 527 0.727985
526 536 -1.025730
526 626 1.227308
527 528 -0.666442
527 537 -1.534032
527 627 -0.608039
528 529 2.336843
528 538 -1.300896
528 628 -0.510682
529 520 -0.647270
529 539 -0.560096
529 629 0.340753
530 531 0.335073
530 540 1.385020
530 630 0.143624
531 532 1.174183
531 541 0.349580
531 631 -0.289686
532 533 0.601990
532 542 0.830696
532 632 -1.421674
533 534 0.414584
533 543 0.891940
533 633 0.672160
534 535 -0.579595
534 544 -1.894714
534 634 -0.782077
535 536 -2.688314
535 545 -0.869463
535 635 0.454654
536 537 -1.958221
536 546 -0.032329
536 636 -0.640792
537 538 -1.486015
537 547 -1.620566
537 637 0.713481
538 539 -1.066844
538 548 -0.173035
538 638 0.832595
539 530 0.017616
539 549 -0.108359
539 639 -0.920233
540 541 0.018361
540 550 -0.954450
540 640 0.140017
541 542 -1.035479
541 551 0.060286
541 641 0.859687
542 543 0.018452
542 552 0.578495
542 642 -0.132168
543 544 -0.976194
543 553 -0.131145
543 643 -0.804759
544 545 0.245257
544 554 0.054670
544 644 0.372602
545 546 -1.089582
545 555 -0.855816
545 645 0.642935
546 547 -0.643097
546 556 0.464866
546 646 -1.289372
547 548 0.044927
547 557 -1.996986
547 647 0.542897
548 549 0.642885
548 558 1.263959
548 648 -0.783019
549 540 -0.495412
549 559 -0.323364
549 649 0.958712
550 551 0.870742
550 560 0.059179
550 650 -0.015477
551 552 0.219304
551 561 -0.303423
551 651 1.073136
552 553 -1.599413
552 562 -0.874423
552 652 -1.323162
553 554 -0.815322
553 563 -2.377107
553 653 0.030026
554 555 -1.286677
554 564 0.915316
554 654 1.863455
555 556 -0.257463
555 565 -1.547042
555 655 -1.098907
556 557 0.653116
556 566 2.293896
556 656 -1.418318
557 558 -0.452213
557 567 0.113124
557 657 -0.915059
558 559 0.249425
558 568 -0.793349
558 658 -1.606062
559 550 -0.697028
559 569 1.001387
559 659 -1.004473
560 561 -1.294562
560 570 -0.905430
560 660 0.480341
561 562 0.183049
561 571 0.205257
561 661 -1.057476
562 563 -1.022142
562 572 -0.464436
562 662 0.899975
563 564 0.374138
563 573 -0.195153
563 663 1.111689
564 565 0.739251
564 574 -0.233587
564 664 -0.338402
565 566 0.199239
565 575 1.260468
565 665 -0.985333
566 567 1.468130
566 576 -1.225806
566 666 -0.350110
567 568 0.462403
567 577 -0.074239
567 667 -1.804667
568 569 0.415213
568 578 0.650766
568 668 -1.789495
569 560 -0.166909
569 579 -0.119129
569 669 -0.030130
570 571 1.176307
570 580 0.407395
570 670 0.890372
571 572 1.186191
571 581 -0.497136
571 671 1.386854
572 573 0.452671
572 582 0.387370
572 672 0.099038
573 574 0.687937
573 583 1.256048
573 673 1.337161
574 575 0.910044
574 584 1.474053
574 674 0.868582
575 576 -0.380304
575 585 -1.081397
575 675 -0.955581
576 577 0.930954
576 586 0.804276
576 676 2.178832
577 578 -0.027811
577 587 -0.940459
577 677 2.914497
578 579 -0.616667
578 588 -0.367483
578 678 0.639562
579 570 -0.007946
579 589 2.731999
579 679 -0.801419
580 581 0.477274
580 590 -0.841050
580 680 -0.139299
581 582 0.714662
581 591 0.208617
581 681 0.063454
582 583 -0.945001
582 592 0.313861
582 682 -0.060255
583 584 0.786152
583 593 0.648097
583 683 0.631586
584 585 -0.970776
584 594 -1.247334
584 684 1.825172
585 586 -1.297824
585 595 -0.007480
585 685 0.464185
586 587 0.170008
586 596 0.368936
586 686 1.727146
587 588 1.496122
587 597 0.847370
587 687 0.513839
588 589 0.539240
588 598 -1.352165
588 688 0.660534
589 580 -0.793080
589 599 -0.049450
589 689 0.298450
590 591 -1.510992
590 500 -1.091862
590 690 0.263986
591 592 0.149974
591 501 1.243608
591 691 1.862317
592 593 -0.067384
592 502 0.460331
592 692 0.451873
593 594 1.854080
593 503 -0.104422
593 693 0.957438
594 595 -0.198449
594 504 -0.407107
594 694 1.822015
595 596 0.102330
595 505 1.255001
595 695 0.614038
596 597 -1.672215
596 506 0.799048
596 696 0.290683
597 598 -1.313937
597 507 0.858117
597 697 0.537097
598 599 0.027270
598 508 -0.637966
598 698 1.724263
599 590 -0.395694
599 509 0.249807
599 699 -0.182603
600 601 -0.237740
600 610 -0.083091
600 700 -1.698876
601 602 -0.618844
601 611 2.414472
601 701 0.043988
602 603 0.156621
602 612 -0.194887
602 702 0.926555
603 604 -0.478366
603 613 1.266831
603 703 -0.564885
604 605 0.424438
604 614 0.628934
604 704 -1.186255
605 606 -1.744939
605 615 -0.242908
605 705 0.950562
606 607 -0.542190
606 616 -0.274735
606 706 0.630675
607 608 -0.598168
607 617 0.585872
607 707 0.403252
608 609 -0.514563
608 618 -0.399788
608 708 -0.470057
609 600 -0.983686
609 619 0.589673
609 709 -0.938036
610 611 0.505600
610 620 0.622449
610 710 -0.281394
611 612 -0.355985
611 621 2.456047
611 711 0.853976
612 613 -0.122231
612 622 0.487210
612 712 -1.384486
613 614 0.657329
613 623 0.770071
613 713 0.909601
614 615 0.543424
614 624 -0.502925
614 714 1.797857
615 616 1.131991
615 625 0.372390
615 715 0.485397
616 617 -0.003035
616 626 -1.067057
616 716 -0.735532
617 618 0.890067
617 627 0.037021
617 717 -0.398427
618 619 -0.283779
618 628 -1.604508
618 718 -0.145642
619 610 -0.618060
619 629 -1.155164
619 719 0.803292
620 621 0.562482
620 630 2.048476
620 720 0.088901
621 622 0.421295
621 631 0.295119
621 721 -0.289027
622 623 0.209724
622 632 -0.619611
622 722 0.295783
623 624 0.065544
623 633 0.146940
623 723 -1.479430
624 625 1.153390
624 634 -0.294114
624 724 1.771719
625 626 -1.786959
625 635 0.795303
625 725 1.927491
626 627 -0.943632
626 636 -2.195399
626 726 -0.701220
627 628 -2.397059
627 637 -0.664047
627 727 -0.712026
628 629 0.427579
628 638 -0.194575
628 728 -0.472175
629 620 0.057414
629 639 -0.211290
629 729 0.816947
630 631 -1.583900
630 640 -0.360186
630 730 -1.197934
631 632 0.669840
631 641 2.074986
631 731 1.199261
632 633 0.817293
632 642 0.512090
632 732 -0.986725
633 634 -0.252030
633 643 -1.403601
633 733 -0.350392
634 635 2.497109
634 644 0.478625
634 734 0.036784
635 636 0.225892
635 645 -0.058853
635 735 -2.014082
636 637 -1.172440
636 646 1.102580
636 736 0.983215
637 638 1.061777
637 647 -0.059582
637 737 -1.730321
638 639 0.505699
638 648 1.551913
638 738 -0.055462
639 630 -0.254920
639 649 -1.705451
639 739 0.382612
640 641 -0.319254
640 650 1.993590
640 740 -1.690618
641 642 -0.398132
641 651 -1.156471
641 741 -0.592703
642 643 -2.081094
642 652 -0.091015
642 742 0.213477
643 644 0.868455
643 653 -1.026809
643 743 0.683156
644 645 -0.577145
644 654 0.747759
644 744 -0.924036
645 646 1.846264
645 655 0.522292
645 745 -1.419305
646 647 1.691566
646 656 -0.258539
646 746 0.266356
647 648 -1.301710
647 657 1.822847
647 747 0.204155
648 649 0.419281
648 658 1.433117
648 748 2.559751
649 640 0.533966
649 659 1.368746
649 749 -0.478434
650 651 0.244521
650 660 -0.784206
650 750 0.024171
651 652 0.809332
651 661 0.850788
651 751 -2.026046
652 653 2.287383
652 662 -1.032172
652 752 0.077129
653 654 -0.117831
653 663 -2.063824
653 753 -1.345100
654 655 -1.229240
654 664 -0.184545
654 754 0.284997
655 656 -0.179474
655 665 -0.181724
655 755 0.015881
656 657 -0.675293
656 666 1.563749
656 756 0.360562
657 658 0.943322
657 667 0.097678
657 757 -0.448577
658 659 -1.147161
658 668 1.628930
658 758 0.887585
659 650 0.329093
659 669 1.100796
659 759 1.417328
660 661 1.115584
660 670 0.724241
660 760 0.442188
661 662 -2.111005
661 671 0.394182
661 761 -0.498491
662 663 1.045183
662 672 -1.269261
662 762 1.831647
663 664 -0.749362
663 673 0.268606
663 763 0.160819
664 665 -0.155918
664 674 -0.552054
664 764 -1.898907
665 666 -0.328398
665 675 0.332822
665 765 -1.252623
666 667 0.935492
666 676 0.510201
666 766 -0.338746
667 668 -1.996102
667 677 1.148735
667 767 -1.225839
668 669 -2.213396
668 678 -0.175660
668 768 0.360819
669 660 0.022614
669 679 -1.423645
669 769 -1.671568
670 671 0.011197
670 680 -0.781990
670 770 0.444420
671 672 1.058739
671 681 -0.333063
671 771 -1.146049
672 673 -1.573226
672 682 -1.246714
672 772 1.586035
673 674 -1.658459
673 683 1.869507
673 773 -1.525329
674 675 -2.192685
674 684 0.207783
674 774 -0.931338
675 676 -0.365044
675 685 -0.489377
675 775 -1.255131
676 677 -0.751584
676 686 0.738144
676 776 0.507669
677 678 -0.396187
677 687 1.049777
677 777 -0.617164
678 679 -0.555346
678 688 -0.355758
678 778 0.509768
679 670 0.659410
679 689 -0.509011
679 779 -0.218598
680 681 1.865044
680 690 -1.122883
680 780 0.249157
681 682 1.412319
681 691 -1.384408
681 781 1.056778
682 683 -1.112642
682 692 -0.234533
682 782 1.307446
683 684 0.595740
683 693 -0.141639
683 783 -0.194774
684 685 -0.859427
684 694 -1.107987
684 784 1.175538
685 686 1.555975
685 695 -1.140399
685 785 -1.379964
686 687 0.885638
686 696 1.074223
686 786 -1.197272
687 688 -0.497680
687 697 -0.019732
687 787 1.071419
688 689 2.011931
688 698 2.058172
688 788 -0.173679
689 680 0.269249
689 699 0.228213
689 789 0.298841
690 691 1.739896
690 600 -0.768435
690 790 -0.409841
691 692 0.919493
691 601 0.528228
691 791 0.950753
692 693 -0.941183
692 602 1.165066
692 792 -0.741138
693 694 -0.287981
693 603 -3.151535
693 793 -0.598958
694 695 -0.278453
694 604 -0.140261
694 794 -0.461933
695 696 -0.295440
695 605 -0.863915
695 795 -0.429352
696 697 -0.989636
696 606 -0.405238
696 796 -0.279457
697 698 -1.697048
697 607 -0.848422
697 797 -0.433349
698 699 -1.314468
698 608 -1.117265
698 798 -0.040400
699 690 -0.964627
699 609 1.667204
699 799 -0.468098
700 701 0.497698
700 710 -1.220448
700 800 -0.685553
701 702 0.077644
701 711 0.819287
701 801 -1.088249
702 703 -0.519268
702 712 1.277565
702 802 -0.595000
703 704 -2.098588
703 713 0.606619
703 803 -0.172895
704 705 0.052097
704 714 0.974957
704 804 0.310885
705 706 1.574318
705 715 0.945842
705 805 -0.502353
706 707 -2.926390
706 716 -0.409091
706 806 0.738820
707 708 0.111501
707 717 0.442974
707 807 -0.412714
708 709 -1.346412
708 718 2.359309
708 808 -0.807750
709 700 2.424588
709 719 0.511227
709 809 0.836481
710 711 -0.045046
710 720 -0.677117
710 810 0.453293
711 712 1.358848
711 721 -0.723385
711 811 0.211943
712 713 0.298269
712 722 -0.739399
712 812 0.307402
713 714 0.154559
713 723 0.373795
713 813 -0.161370
714 715 1.134785
714 724 -0.189625
714 814 -0.841221
715 716 0.017541
715 725 0.381574
715 815 0.606929
716 717 0.220823
716 726 -0.790670
716 816 3.107419
717 718 0.320483
717 727 -0.406715
717 817 -0.313498
718 719 1.826660
718 728 0.000581
718 818 0.491585
719 710 0.360958
719 729 0.034124
719 819 1.002045
720 721 0.305654
720 730 0.090220
720 820 -0.839515
721 722 0.002294
721 731 0.487732
721 821 -1.135875
722 723 -1.573451
722 732 -0.615898
722 822 -1.309961
723 724 0.288135
723 733 -0.791106
723 823 0.495346
724 725 0.107458
724 734 -1.537510
724 824 -1.908319
725 726 -0.010967
725 735 0.953976
725 825 0.533404
726 727 0.731208
726 736 1.025502
726 826 0.543493
727 728 -1.347602
727 737 -0.341648
727 827 -1.298873
728 729 -0.083685
728 738 -0.529815
728 828 0.106069
729 720 0.704080
729 739 1.041799
729 829 1.376214
730 731 -0.643444
730 740 -1.482617
730 830 0.266265
731 732 -0.504362
731 741 1.190534
731 831 -0.181961
732 733 1.918064
732 742 0.374311
732 832 -1.220143
733 734 1.360189
733 743 -0.818000
733 833 -2.189085
734 735 -0.167897
734 744 1.473795
734 834 -1.238972
735 736 -0.074033
735 745 -0.870675
735 835 -0.470505
736 737 1.910276
736 746 -1.558545
736 836 -2.459775
737 738 0.423264
737 747 0.218203
737 837 0.767823
738 739 0.541000
738 748 -0.210707
738 838 1.701999
739 730 1.503289
739 749 -1.424856
739 839 -1.568630
740 741 -1.464930
740 750 0.319308
740 840 1.350020
741 742 1.842535
741 751 -0.308251
741 841 1.011929
742 743 1.537966
742 752 -0.637398
742 842 0.824986
743 744 -0.640183
743 753 -1.118223
743 843 -1.593790
744 745 0.664381
744 754 0.325468
744 844 -1.533767
745 746 -1.362248
745 755 0.047081
745 845 -0.167369
746 747 -0.533308
746 756 1.665749
746 846 -1.368095
747 748 -0.552004
747 757 0.802092
747 847 -0.977462
748 749 -0.430069
748 758 0.410930
748 848 -1.881261
749 740 -0.522310
749 759 1.465774
749 849 -0.722216
750 751 1.802720
750 760 -1.871614
750 850 -0.096063
751 752 -0.355832
751 761 0.654313
751 851 -2.886846
752 753 1.761152
752 762 -0.297913
752 852 2.468869
753 754 0.450442
753 763 -1.144600
753 853 0.295810
754 755 0.308045
754 764 0.649823
754 854 -0.156256
755 756 0.116483
755 765 -1.013097
755 855 0.935440
756 757 1.009143
756 766 -0.844580
756 856 2.009694
757 758 1.393560
757 767 1.292374
757 857 1.847883
758 759 1.546756
758 768 -0.660442
758 858 1.240427
759 750 -2.105261
759 769 -1.321197
759 859 0.883863
760 761 -0.388056
760 770 -0.669518
760 860 1.055486
761 762 -0.737885
761 771 -0.154677
761 861 -0.997082
762 763 0.564703
762 772 -0.351547
762 862 -1.082027
763 764 1.420332
763 773 0.803090
763 863 1.245733
764 765 1.654085
764 774 -0.756000
764 864 -0.627173
765 766 0.646442
765 775 2.903526
765 865 0.705544
766 767 0.321057
766 776 1.863399
766 866 0.152000
767 768 -0.118286
767 777 -0.310055
767 867 -2.288867
768 769 -0.265303
768 778 -0.525990
768 868 0.598113
769 760 1.419256
769 779 -1.004025
769 869 -1.466022
770 771 0.696206
770 780 -1.253294
770 870 0.596281
771 772 0.760133
771 781 0.087030
771 871 -0.522720
772 773 -0.209849
772 782 -0.368847
772 872 1.069812
773 774 -0.214360
773 783 -1.062642
773 873 0.107627
774 775 1.012856
774 784 0.557875
774 874 -1.572497
775 776 1.026440
775 785 0.163378
775 875 -0.273150
776 777 -0.978343
776 786 0.664220
776 876 0.871193
777 778 -0.544379
777 787 0.307709
777 877 -1.195732
778 779 -0.405256
778 788 0.194733
778 878 0.842418
779 770 -0.659319
779 789 0.391259
779 879 0.688955
780 781 -0.149029
780 790 -0.152660
780 880 0.633975
781 782 0.720053
781 791 -0.851720
781 881 0.490491
782 783 0.229025
782 792 -0.378558
782 882 0.986744
783 784 -1.618441
783 793 0.230819
783 883 0.696718
784 785 -1.052456
784 794 -1.056703
784 884 -1.306593
785 786 -1.346626
785 795 0.258793
785 885 0.750147
786 787 -0.126610
786 796 -1.031914
786 886 -0.693141
787 788 -0.001300
787 797 -1.816872
787 887 2.023947
788 789 0.561906
788 798 -1.516969
788 888 0.641281
789 780 -1.226742
789 799 0.490619
789 889 0.406900
790 791 0.051223
790 700 1.068902
790 890 -0.665504
791 792 -0.905911
791 701 0.286768
791 891 -1.016029
792 793 -1.619602
792 702 1.723244
792 892 0.198322
793 794 0.052986
793 703 -1.224865
793 893 -0.325183
794 795 -0.657402
794 704 0.300844
794 894 0.927494
795 796 -1.001741
795 705 1.075063
795 895 0.176852
796 797 0.271086
796 706 -1.135606
796 896 0.805123
797 798 -0.795038
797 707 0.152554
797 897 -0.053893
798 799 -1.862642
798 708 -0.996899
798 898 -1.995631
799 790 0.267161
799 709 -0.857087
799 899 1.043082
800 801 -1.413766
800 810 1.042781
800 900 1.349239
801 802 1.457937
801 811 -1.806098
801 901 -0.465094
802 803 0.168614
802 812 0.492230
802 902 -0.635228
803 804 1.586659
803 813 0.756898
803 903 -0.825555
804 805 -1.013376
804 814 -0.292646
804 904 0.076248
805 806 0.010684
805 815 0.648113
805 905 0.544991
806 807 -0.673527
806 816 -1.045019
806 906 0.475798
807 808 0.261852
807 817 -1.370697
807 907 -0.208129
808 809 1.112401
808 818 -0.752619
808 908 -0.896555
809 800 -0.873708
809 819 -0.282564
809 909 1.112383
810 811 0.718811
810 820 0.741247
810 910 0.091084
811 812 0.777026
811 821 -0.502032
811 911 -0.314228
812 813 0.189881
812 822 0.741664
812 912 0.158844
813 814 -2.174929
813 823 -0.395551
813 913 0.300252
814 815 -1.028112
814 824 0.462103
814 914 1.598262
815 816 0.148823
815 825 0.456140
815 915 -0.643772
816 817 -0.624516
816 826 0.348867
816 916 -1.009093
817 818 -2.250658
817 827 0.582543
817 917 0.103896
818 819 -0.593954
818 828 -0.597114
818 918 0.549608
819 810 -0.933102
819 829 -0.068715
819 919 1.451278
820 821 1.478319
820 830 1.870295
820 920 -0.404150
821 822 0.031223
821 831 0.218012
821 921 1.666636
822 823 1.547721
822 832 1.068524
822 922 -0.041031
823 824 -0.014720
823 833 0.582883
823 923 -0.872849
824 825 1.270870
824 834 0.294118
824 924 0.587080
825 826 0.684123
825 835 -1.266839
825 925 0.507567
826 827 0.425771
826 836 -0.860160
826 926 -0.133567
827 828 1.089979
827 837 1.287986
827 927 1.172285
828 829 0.715811
828 838 -2.211149
828 928 -0.985214
829 820 0.019384
829 839 0.378227
829 929 -0.657094
830 831 2.149489
830 840 -0.162970
830 930 -0.157512
831 832 -0.765235
831 841 0.871008
831 931 -0.180945
832 833 0.525083
832 842 0.590736
832 932 -0.705799
833 834 1.879429
833 843 -0.380377
833 933 -1.762741
834 835 -0.675438
834 844 -0.534278
834 934 1.036742
835 836 -0.460508
835 845 0.152858
835 935 -1.008455
836 837 -1.866525
836 846 -1.165609
836 936 -0.887416
837 838 -1.272446
837 847 0.616908
837 937 0.876950
838 839 0.248316
838 848 0.702470
838 938 -0.765134
839 830 -1.152255
839 849 1.103816
839 939 0.175077
840 841 -0.013137
840 850 0.454473
840 940 0.893094
841 842 -1.660174
841 851 -1.298158
841 941 -0.527813
842 843 -0.404479
842 852 -0.023543
842 942 0.425015
843 844 0.083345
843 853 0.253785
843 943 0.312626
844 845 0.822587
844 854 0.807796
844 944 0.305779
845 846 0.716349
845 855 0.439233
845 945 -0.455355
846 847 -0.144106
846 856 1.597137
846 946 -0.055345
847 848 -1.989065
847 857 0.360107
847 947 -0.809036
848 849 0.148524
848 858 -0.494248
848 948 -0.468991
849 840 0.107357
849 859 1.837995
849 949 -1.200645
850 851 -0.219619
850 860 -1.094876
850 950 -0.582149
851 852 0.147301
851 861 1.473843
851 951 1.604316
852 853 0.909662
852 862 1.384730
852 952 -0.459360
853 854 -0.354251
853 863 -0.826304
853 953 -2.847154
854 855 0.197788
854 864 -0.340132
854 954 0.434467
855 856 -2.596188
855 865 -2.339505
855 955 -0.026819
856 857 -0.480882
856 866 1.190839
856 956 -0.064839
857 858 -0.324397
857 867 0.639370
857 957 -0.994339
858 859 0.334280
858 868 -0.933298
858 958 -0.319235
859 850 1.039878
859 869 -0.693198
859 959 -0.633776
860 861 -0.553642
860 870 1.924005
860 960 -1.806886
861 862 -1.045009
861 871 0.465498
861 961 -0.080881
862 863 2.254205
862 872 -0.511753
862 962 1.973400
863 864 -1.734260
863 873 -1.084851
863 963 -0.947127
864 865 -1.358935
864 874 1.755040
864 964 0.618535
865 866 0.249366
865 875 -0.310119
865 965 0.461333
866 867 1.724794
866 876 -0.201548
866 966 0.833140
867 868 -0.676481
867 877 -1.252057
867 967 0.191510
868 869 0.748613
868 878 0.542953
868 968 0.859805
869 860 -1.018567
869 879 0.332197
869 969 1.149238
870 871 -0.631719
870 880 0.819257
870 970 -1.178533
871 872 -0.066714
871 881 0.153200
871 971 -1.053319
872 873 0.111662
872 882 -0.459744
872 972 1.596865
873 874 0.980144
873 883 0.436843
873 973 0.845104
874 875 -0.117788
874 884 0.136233
874 974 0.429419
875 876 -1.300539
875 885 0.721598
875 975 -1.842571
876 877 -1.221300
876 886 0.193427
876 976 -0.981115
877 878 1.010329
877 887 0.304333
877 977 -0.671270
878 879 -0.917623
878 888 -0.622768
878 978 0.242293
879 870 -2.511493
879 889 -0.307295
879 979 1.458331
880 881 1.451034
880 890 0.388248
880 980 -1.017220
881 882 -0.740612
881 891 -0.410281
881 981 0.830498
882 883 -0.018536
882 892 0.168568
882 982 0.395044
883 884 -0.947079
883 893 0.559167
883 983 -0.447585
884 885 -1.085954
884 894 0.950892
884 984 1.299057
885 886 0.908418
885 895 0.851929
885 985 0.417955
886 887 -0.279536
886 896 0.010724
886 986 0.864387
887 888 0.686337
887 897 -0.518715
887 987 0.689253
888 889 0.775252
888 898 1.073754
888 988 -1.165382
889 880 1.190898
889 899 -0.217404
889 989 0.338653
890 891 0.907710
890 800 -0.331258
890 990 0.509864
891 892 0.353585
891 801 -1.625910
891 991 -0.311105
892 893 1.347682
892 802 -0.287212
892 992 1.170262
893 894 0.605695
893 803 0.421129
893 993 1.640091
894 895 0.693619
894 804 0.148736
894 994 -0.119298
895 896 -0.585300
895 805 -1.306849
895 995 0.299657
896 897 0.145053
896 806 1.082764
896 996 -0.866349
897 898 -1.066334
897 807 0.299044
897 997 0.006471
898 899 -0.908241
898 808 -0.122562
898 998 -1.049902
899 890 -1.809421
899 809 1.292907
899 999 -0.598211
900 901 0.712241
900 910 0.299986
900 0 0.536182
901 902 -1.853454
901 911 1.078839
901 1 -0.847952
902 903 0.282986
902 912 0.457252
902 2 -0.779867
903 904 -1.608605
903 913 0.916889
903 3 0.458904
904 905 -0.106550
904 914 0.740119
904 4 0.389145
905 906 0.570912
905 915 -0.474936
905 5 -0.192492
906 907 -0.164359
906 916 -0.174546
906 6 -0.349033
907 908 -0.459677
907 917 -2.228582
907 7 0.325575
908 909 -0.556487
908 918 -0.191768
908 8 0.660097
909 900 -0.986576
909 919 0.795119
909 9 -0.055342
910 911 -2.193519
910 920 -0.880423
910 10 2.624072
911 912 -0.356167
911 921 -1.856864
911 11 -1.373266
912 913 0.583626
912 922 -0.328450
912 12 -1.655968
913 914 1.531020
913 923 -1.191795
913 13 -0.970564
914 915 1.101552
914 924 1.718520
914 14 -0.707338
915 916 -0.524369
915 925 -2.232111
915 15 -1.123190
916 917 -0.885631
916 926 0.231226
916 16 -0.597594
917 918 -0.784523
917 927 -2.014856
917 17 -0.025071
918 919 1.455424
918 928 -0.393136
918 18 0.599622
919 910 0.406254
919 929 -0.339337
919 19 0.583583
920 921 0.569244
920 930 -0.698344
920 20 0.958765
921 922 -0.190974
921 931 0.283565
921 21 -0.583921
922 923 -1.631724
922 932 -0.734747
922 22 -0.786794
923 924 0.756919
923 933 -0.712340
923 23 -0.675840
924 925 0.197104
924 934 -2.292714
924 24 0.447971
925 926 1.291205
925 935 1.260952
925 25 -0.178441
926 927 -1.251872
926 936 0.073642
926 26 -0.832008
927 928 -0.349458
927 937 -0.427889
927 27 0.419380
928 929 1.436609
928 938 0.371207
928 28 1.514828
929 920 0.724765
929 939 -1.661615
929 29 0.456999
930 931 -0.077788
930 940 0.372098
930 30 -0.549955
931 932 -2.399697
931 941 0.212696
931 31 0.858492
932 933 0.240484
932 942 -0.528430
932 32 1.539751
933 934 2.054643
933 943 -0.345257
933 33 -0.447981
934 935 -2.760016
934 944 -0.314929
934 34 -0.017653
935 936 -1.526127
935 945 1.151747
935 35 1.746713
936 937 -0.644240
936 946 -0.655238
936 36 -0.667450
937 938 0.531338
937 947 0.286231
937 37 0.244707
938 939 -0.396573
938 948 -1.421061
938 38 -0.832240
939 930 1.072229
939 949 -1.318747
939 39 -0.105644
940 941 0.345787
940 950 -0.049398
940 40 -2.121987
941 942 -0.488940
941 951 1.394286
941 41 0.095895
942 943 1.333818
942 952 -0.625607
942 42 -0.914642
943 944 1.195716
943 953 -1.461422
943 43 -0.187603
944 945 0.042036
944 954 -0.105043
944 44 -0.950361
945 946 0.060806
945 955 -0.743506
945 45 0.151034
946 947 -1.887635
946 956 0.606500
946 46 0.340992
947 948 1.094921
947 957 0.140737
947 47 0.047866
948 949 -0.457116
948 958 1.969736
948 48 1.169820
949 940 0.602592
949 959 -0.346314
949 49 0.426636
950 951 -0.817432
950 960 1.544509
950 50 0.714947
951 952 0.019486
951 961 0.667889
951 51 -0.040075
952 953 0.014466
952 962 -0.631557
952 52 0.837219
953 954 2.163939
953 963 -0.348308
953 53 1.017913
954 955 -0.508194
954 964 0.650464
954 54 0.834695
955 956 -0.451470
955 965 0.209721
955 55 0.325856
956 957 -1.399090
956 966 -1.440376
956 56 0.619397
957 958 0.935060
957 967 0.180248
957 57 -0.400605
958 959 1.062782
958 968 -1.914353
958 58 0.486002
959 950 0.681864
959 969 1.697611
959 59 1.784228
960 961 0.085636
960 970 1.037418
960 60 0.873695
961 962 0.826360
961 971 0.786086
961 61 1.274229
962 963 -1.608816
962 972 0.256138
962 62 0.436987
963 964 -0.005882
963 973 -1.099410
963 63 -0.961150
964 965 -0.878597
964 974 2.018981
964 64 -0.850091
965 966 2.208568
965 975 -1.343022
965 65 -0.294618
966 967 0.074393
966 976 0.784653
966 66 0.279178
967 968 0.316511
967 977 0.478902
967 67 -0.402630
968 969 -0.098323
968 978 0.421805
968 68 -0.082724
969 960 1.128705
969 979 -0.656215
969 69 1.038387
970 971 -1.691400
970 980 1.778292
970 70 -2.207057
971 972 1.983373
971 981 -0.298043
971 71 -1.419199
972 973 0.127605
972 982 -0.654330
972 72 1.460342
973 974 0.733172
973 983 2.780186
973 73 0.301554
974 975 0.483833
974 984 -1.321590
974 74 0.747224
975 976 -1.668933
975 985 -1.086801
975 75 1.812648
976 977 1.073346
976 986 0.945565
976 76 0.489503
977 978 -0.030548
977 987 -0.505007
977 77 -1.914222
978 979 -0.245553
978 988 1.059924
978 78 -0.864710
979 970 -1.568050
979 989 0.561990
979 79 -0.164759
980 981 -1.463823
980 990 -0.933812
980 80 1.526926
981 982 0.635011
981 991 1.351852
981 81 -1.764908
982 983 -0.411937
982 992 -1.596280
982 82 -0.593976
983 984 -2.528069
983 993 0.731123
983 83 -1.027274
984 985 -0.204702
984 994 -0.745826
984 84 -1.356950
985 986 0.013497
985 995 -0.354979
985 85 -0.836427
986 987 0.576441
986 996 -0.348055
986 86 -0.563568
987 988 1.188787
987 997 -0.631156
987 87 -2.352223
988 989 -1.126274
988 998 -0.892034
988 88 0.838408
989 980 0.312650
989 999 -1.004481
989 89 1.766961
990 991 -0.083060
990 900 0.092983
990 90 0.826190
991 992 0.069064
991 901 1.334277
991 91 -0.876172
992 993 1.081917
992 902 1.321271
992 92 0.271956
993 994 0.671661
993 903 -0.210334
993 93 -0.140241
994 995 -1.377396
994 904 -0.988299
994 94 1.426208
995 996 -1.016922
995 905 1.411981
995 95 0.850188
996 997 0.927156
996 906 -1.172918
996 96 -0.629173
997 998 0.083376
997 907 -1.844232
997 97 -0.022436
998 999 0.904663
998 908 0.320356
998 98 -0.226650
999 990 0.008886
999 909 -0.937072
999 99 -0.081004
