0 1 0.052338
0 10 -2.094869
0 100 -1.354709
1 2 -2.510418
1 11 -0.087346
1 101 0.360267
2 3 -0.919747
2 12 -0.152448
2 102 0.116162
3 4 0.699893
3 13 0.722574
3 103 -0.264150
4 5 -0.014249
4 14 -0.050208
4 104 0.290254
5 6 -1.160601
5 15 2.367921
5 105 -0.566578
6 7 0.180222
6 16 -1.339525
6 106 0.915994
7 8 1.010920
7 17 0.347456
7 107 0.536074
8 9 0.584430
8 18 -0.433435
8 108 0.988868
9 0 0.923651
9 19 -0.159459
9 109 -0.369973
10 11 1.523056
10 20 0.103415
10 110 0.923551
11 12 0.018553
11 21 1.085087
11 111 0.860125
12 13 -0.799223
12 22 0.840293
12 112 -0.914580
13 14 -0.131539
13 23 -0.431230
13 113 -2.383299
14 15 0.399310
14 24 -0.242384
14 114 -0.192678
15 16 0.679011
15 25 -1.090780
15 115 -1.102040
16 17 -0.198915
16 26 0.427272
16 116 0.265211
17 18 -0.398404
17 27 -2.697839
17 117 -1.663540
18 19 2.287419
18 28 0.521707
18 118 -0.454259
19 10 -1.770955
19 29 0.672688
19 119 -0.421730
20 21 -0.584736
20 30 0.169903
20 120 -1.246513
21 22 0.980250
21 31 -0.167795
21 121 -0.209118
22 23 -0.525888
22 32 0.560022
22 122 0.841436
23 24 -0.266952
23 33 -0.247685
23 123 -0.447210
24 25 -0.268064
24 34 1.314119
24 124 2.261402
25 26 1.786917
25 35 1.820289
25 125 0.641397
26 27 -1.300040
26 36 -0.631743
26 126 0.050785
27 28 0.599651
27 37 -0.896948
27 127 -2.375626
28 29 0.420954
28 38 0.786527
28 128 0.974899
29 20 1.011058
29 39 -0.005227
29 129 1.687626
30 31 -2.057917
30 40 0.419789
30 130 -1.331325
31 32 0.512232
31 41 1.146712
31 131 -0.326027
32 33 0.468254
32 42 1.361934
32 132 -1.546097
33 34 0.704430
33 43 0.065098
33 133 -0.058699
34 35 0.322120
34 44 0.896614
34 134 -0.133355
35 36 -0.740334
35 45 -0.219200
35 135 0.084490
36 37 -1.141265
36 46 -0.370216
36 136 -1.457059
37 38 -1.244774
37 47 0.564633
37 137 -0.695266
38 39 -0.406683
38 48 -0.525879
38 138 0.071124
39 30 -0.062395
39 49 0.991833
39 139 1.130892
40 41 -1.575055
40 50 0.738188
40 140 -0.163517
41 42 0.164306
41 51 -1.706993
41 141 -1.739581
42 43 -1.299425
42 52 0.287592
42 142 1.038992
43 44 -0.615256
43 53 -1.082132
43 143 0.342340
44 45 1.723916
44 54 1.471211
44 144 -0.193390
45 46 0.288314
45 55 -0.407776
45 145 0.352324
46 47 1.583335
46 56 -0.015117
46 146 0.684090
47 48 0.267375
47 57 1.139014
47 147 -0.259993
48 49 0.167362
48 58 0.161312
48 148 -0.415782
49 40 -0.555083
49 59 -0.043881
49 149 0.935823
50 51 -1.553010
50 60 0.203150
50 150 0.054106
51 52 0.852180
51 61 0.617736
51 151 -0.420939
52 53 0.332130
52 62 -0.575547
52 152 0.429614
53 54 2.646965
53 63 3.056392
53 153 -0.191836
54 55 -1.384021
54 64 0.028433
54 154 0.697812
55 56 -1.632184
55 65 0.586241
55 155 1.752622
56 57 -0.135584
56 66 -1.751330
56 156 -0.400459
57 58 -1.345827
57 67 -1.202143
57 157 -1.056144
58 59 0.305291
58 68 1.160968
58 158 0.287755
59 50 0.415297
59 69 0.427292
59 159 -1.790374
60 61 -0.061157
60 70 0.430443
60 160 -0.141553
61 62 -1.442500
61 71 -0.468308
61 161 -1.133207
62 63 -1.721561
62 72 0.185260
62 162 -0.041483
63 64 -0.608283
63 73 2.739005
63 163 0.884856
64 65 0.568829
64 74 -0.278879
64 164 0.033546
65 66 0.791219
65 75 -0.590896
65 165 -0.679831
66 67 1.089681
66 76 1.587070
66 166 0.149695
67 68 0.667196
67 77 0.865017
67 167 -0.983054
68 69 -1.842461
68 78 0.558448
68 168 0.807133
69 60 1.086514
69 79 -0.424548
69 169 -0.433480
70 71 -0.230943
70 80 1.834279
70 170 0.770051
71 72 1.300761
71 81 0.979642
71 171 -0.257426
72 73 0.091009
72 82 -1.061543
72 172 0.608644
73 74 -0.177625
73 83 -0.619854
73 173 -1.424717
74 75 1.241089
74 84 -0.514026
74 174 0.105888
75 76 1.155065
75 85 0.447281
75 175 0.073204
76 77 0.214618
76 86 0.584858
76 176 0.045694
77 78 0.880357
77 87 0.238102
77 177 0.798736
78 79 0.112943
78 88 -0.992149
78 178 0.213667
79 70 -0.117866
79 89 -0.412951
79 179 -1.275987
80 81 0.510247
80 90 0.262395
80 180 -0.067989
81 82 1.434025
81 91 -1.710862
81 181 -2.318148
82 83 0.767840
82 92 -0.353258
82 182 -0.497281
83 84 0.558588
83 93 -0.682566
83 183 -1.987207
84 85 -0.547946
84 94 -0.669918
84 184 -0.040786
85 86 0.826002
85 95 0.268546
85 185 2.553887
86 87 -1.469535
86 96 -0.081265
86 186 -0.984602
87 88 -0.150653
87 97 0.372650
87 187 -0.206653
88 89 0.263873
88 98 -1.217024
88 188 2.616604
89 80 -0.226318
89 99 1.174989
89 189 -0.022489
90 91 0.268559
90 0 0.612085
90 190 -0.423678
91 92 -0.126064
91 1 -1.063156
91 191 -0.546914
92 93 -1.116290
92 2 0.254327
92 192 -1.381467
93 94 -0.769365
93 3 -0.247309
93 193 1.625595
94 95 -0.220850
94 4 0.963502
94 194 0.324009
95 96 -0.304051
95 5 -1.083003
95 195 -0.897582
96 97 -0.190170
96 6 0.373124
96 196 1.802006
97 98 0.472726
97 7 0.130049
97 197 -2.076357
98 99 -0.652376
98 8 0.336510
98 198 -1.985845
99 90 0.102831
99 9 -0.953404
99 199 -0.830259
100 101 -1.192188
100 110 1.120860
100 200 1.721275
101 102 2.431741
101 111 0.933737
101 201 -0.480122
102 103 2.441206
102 112 1.429212
102 202 0.466386
103 104 -1.170173
103 113 -1.415725
103 203 -0.887443
104 105 -0.374556
104 114 -0.167488
104 204 1.350250
105 106 -0.288352
105 115 -0.642357
105 205 -0.395943
106 107 -0.212921
106 116 0.287471
106 206 0.660215
107 108 3.087910
107 117 -0.591670
107 207 -0.746496
108 109 0.781738
108 118 0.628244
108 208 0.052171
109 100 0.811780
109 119 -1.260714
109 209 -0.426794
110 111 -0.501804
110 120 1.059632
110 210 -0.713100
111 112 1.024926
111 121 -0.186214
111 211 0.204635
112 113 -0.062661
112 122 -1.637019
112 212 -1.966099
113 114 0.077051
113 123 0.282744
113 213 1.594921
114 115 -0.905341
114 124 -0.234267
114 214 0.560653
115 116 0.741840
115 125 0.154112
115 215 0.266777
116 117 0.289607
116 126 -1.233795
116 216 2.320548
117 118 0.870306
117 127 0.808560
117 217 -1.096227
118 119 -1.059353
118 128 -0.488228
118 218 0.128499
119 110 -0.567416
119 129 -0.073938
119 219 -1.248026
120 121 0.852820
120 130 -0.873512
120 220 -2.119673
121 122 -1.069422
121 131 -0.891264
121 221 -1.023469
122 123 -0.027664
122 132 0.305635
122 222 -0.064049
123 124 0.119984
123 133 -0.728521
123 223 0.025046
124 125 -0.035104
124 134 -0.028913
124 224 0.675447
125 126 0.473555
125 135 -0.067570
125 225 -0.851671
126 127 1.123122
126 136 0.333708
126 226 -0.734963
127 128 -1.082181
127 137 0.759874
127 227 -1.598506
128 129 0.588796
128 138 0.901180
128 228 1.325022
129 120 -0.143850
129 139 -1.023275
129 229 -0.331977
130 131 -0.812504
130 140 -0.187326
130 230 0.093318
131 132 0.915722
131 141 0.165095
131 231 -0.347008
132 133 -0.258343
132 142 -0.454469
132 232 0.992919
133 134 -0.870785
133 143 1.301280
133 233 0.209838
134 135 2.109416
134 144 -0.677699
134 234 1.002893
135 136 -0.467348
135 145 -0.499078
135 235 -1.012362
136 137 -0.410151
136 146 -0.683623
136 236 -0.438755
137 138 2.008221
137 147 0.881711
137 237 -0.068626
138 139 -0.613379
138 148 2.221106
138 238 -0.422569
139 130 1.048220
139 149 -0.160420
139 239 -1.844309
140 141 0.338342
140 150 -0.675340
140 240 1.061066
141 142 -0.847112
141 151 -1.675433
141 241 1.133418
142 143 -0.965678
142 152 1.225052
142 242 0.490891
143 144 0.183987
143 153 1.031245
143 243 -0.470761
144 145 -0.319004
144 154 0.794634
144 244 0.882731
145 146 0.858162
145 155 -1.272038
145 245 0.090126
146 147 -0.649695
146 156 0.019791
146 246 1.031560
147 148 -0.636441
147 157 0.527550
147 247 -0.779823
148 149 -1.075342
148 158 0.764084
148 248 -0.684491
149 140 0.515615
149 159 -0.622449
149 249 0.421247
150 151 -1.387629
150 160 0.236710
150 250 1.450998
151 152 0.713926
151 161 -1.204291
151 251 1.952473
152 153 0.186105
152 162 0.792562
152 252 1.104246
153 154 0.611301
153 163 -0.319114
153 253 -1.037472
154 155 1.015838
154 164 1.198286
154 254 0.797411
155 156 -0.109720
155 165 -0.828876
155 255 -0.641504
156 157 -1.620223
156 166 0.661792
156 256 -0.743117
157 158 0.142280
157 167 0.444328
157 257 0.078346
158 159 -0.050681
158 168 -0.442228
158 258 0.044772
159 150 -1.405217
159 169 1.235131
159 259 1.751689
160 161 2.238161
160 170 -0.443597
160 260 0.669392
161 162 -0.853583
161 171 0.070053
161 261 -0.991775
162 163 0.866111
162 172 -0.602093
162 262 -0.767026
163 164 0.860591
163 173 0.627764
163 263 1.455726
164 165 -1.230730
164 174 0.156357
164 264 0.121761
165 166 1.272327
165 175 1.654996
165 265 0.227085
166 167 -1.424670
166 176 -0.191268
166 266 0.324914
167 168 -0.365397
167 177 -0.721368
167 267 -0.141808
168 169 0.689858
168 178 -0.481857
168 268 0.656411
169 160 -0.094457
169 179 -2.362059
169 269 -1.028029
170 171 -0.035757
170 180 0.503499
170 270 -1.130664
171 172 0.328995
171 181 -0.761882
171 271 -0.765213
172 173 -2.415612
172 182 0.034821
172 272 2.098570
173 174 1.506539
173 183 -0.160533
173 273 -2.677983
174 175 0.129635
174 184 0.920104
174 274 -0.280431
175 176 0.760598
175 185 -0.555285
175 275 -1.104762
176 177 1.312461
176 186 1.303953
176 276 0.138100
177 178 -1.988941
177 187 0.842510
177 277 -0.157985
178 179 0.106926
178 188 -1.109678
178 278 -0.521399
179 170 0.255159
179 189 0.082074
179 279 -0.020055
180 181 1.759491
180 190 0.238459
180 280 0.757298
181 182 -0.860216
181 191 -1.761010
181 281 -0.828669
182 183 -1.465409
182 192 -1.197533
182 282 1.022001
183 184 0.464135
183 193 0.294464
183 283 -0.097102
184 185 -0.243754
184 194 -0.517720
184 284 -0.438363
185 186 -0.325903
185 195 -1.733512
185 285 -0.207359
186 187 1.355464
186 196 0.331395
186 286 1.235410
187 188 1.870189
187 197 -0.732051
187 287 0.430095
188 189 0.452562
188 198 -0.158233
188 288 2.107821
189 180 -0.405689
189 199 -1.149401
189 289 1.233374
190 191 -2.190879
190 100 3.817835
190 290 0.367591
191 192 -0.424448
191 101 -0.920337
191 291 0.604994
192 193 0.410465
192 102 1.520046
192 292 -0.227441
193 194 1.055819
193 103 -0.593523
193 293 -0.534047
194 195 0.317400
194 104 -1.573860
194 294 -0.812712
195 196 0.779795
195 105 1.587544
195 295 1.116749
196 197 1.356064
196 106 -0.887201
196 296 -0.987375
197 198 0.437285
197 107 -1.492583
197 297 -0.586925
198 199 -0.232688
198 108 0.829457
198 298 0.442405
199 190 -1.459369
199 109 -0.720312
199 299 -0.484320
200 201 1.979517
200 210 -0.399305
200 300 0.038580
201 202 0.366700
201 211 -0.025241
201 301 -0.790897
202 203 0.744727
202 212 0.592524
202 302 -0.158903
203 204 -0.611028
203 213 -0.146173
203 303 -0.403390
204 205 0.081839
204 214 -2.331250
204 304 -0.456307
205 206 -2.814876
205 215 -0.552315
205 305 -0.306622
206 207 -0.468557
206 216 -0.646092
206 306 -0.985078
207 208 -0.792059
207 217 -0.597409
207 307 -0.095177
208 209 -0.919454
208 218 1.554618
208 308 0.457303
209 200 -0.668815
209 219 1.298090
209 309 0.468966
210 211 -0.470125
210 220 1.195134
210 310 0.666801
211 212 -0.522457
211 221 -1.128605
211 311 -1.054664
212 213 -0.369446
212 222 0.018809
212 312 0.839896
213 214 -0.802429
213 223 -1.132307
213 313 -0.166188
214 215 0.265637
214 224 0.525055
214 314 -2.542569
215 216 0.264123
215 225 -0.561703
215 315 -0.180925
216 217 0.426689
216 226 -0.298655
216 316 1.098487
217 218 -0.697816
217 227 -0.627737
217 317 -0.423592
218 219 0.304625
218 228 0.557287
218 318 0.087057
219 210 -0.294223
219 229 0.506864
219 319 1.104093
220 221 -0.798766
220 230 1.749380
220 320 -0.858288
221 222 -1.393003
221 231 -0.828754
221 321 -1.061324
222 223 1.397190
222 232 0.407589
222 322 0.610864
223 224 -0.419400
223 233 -1.183652
223 323 -0.315922
224 225 -0.565135
224 234 -0.535736
224 324 0.741616
225 226 -0.585196
225 235 -0.046347
225 325 -0.217800
226 227 1.191678
226 236 -0.750193
226 326 -0.235094
227 228 0.027597
227 237 1.054224
227 327 -0.999720
228 229 0.239691
228 238 0.078709
228 328 -0.045904
229 220 0.032716
229 239 0.358624
229 329 1.524058
230 231 0.764322
230 240 0.044113
230 330 -0.352246
231 232 -1.822871
231 241 -0.202352
231 331 0.284400
232 233 -0.166052
232 242 0.771487
232 332 -0.753455
233 234 -0.739633
233 243 -1.236907
233 333 -0.386148
234 235 0.524722
234 244 -0.264120
234 334 0.534801
235 236 -0.108295
235 245 -1.317370
235 335 -0.655051
236 237 -0.332052
236 246 0.084225
236 336 -1.034053
237 238 -0.491167
237 247 -0.132008
237 337 0.988786
238 239 -1.587640
238 248 -0.283878
238 338 -0.600764
239 230 -0.101743
239 249 1.262111
239 339 -0.597462
240 241 -0.516659
240 250 0.035955
240 340 -0.469038
241 242 0.533069
241 251 -1.133285
241 341 0.887100
242 243 -0.771009
242 252 -0.039045
242 342 1.745892
243 244 -0.027602
243 253 1.955237
243 343 0.466990
244 245 0.301119
244 254 -0.471620
244 344 -1.776162
245 246 2.194820
245 255 0.094780
245 345 1.557653
246 247 -1.436953
246 256 0.029325
246 346 1.013336
247 248 -0.469798
247 257 0.593487
247 347 -0.050626
248 249 0.469213
248 258 0.271306
248 348 -0.401272
249 240 -0.919272
249 259 -0.369649
249 349 -1.649268
250 251 0.572292
250 260 1.127335
250 350 -0.358062
251 252 1.760622
251 261 -0.365862
251 351 0.393275
252 253 -0.929729
252 262 0.564337
252 352 1.149941
253 254 -0.926261
253 263 -0.469830
253 353 -0.961958
254 255 1.297126
254 264 0.294257
254 354 0.060554
255 256 -0.293613
255 265 0.737556
255 355 0.112234
256 257 -1.835891
256 266 1.234994
256 356 1.523193
257 258 0.371258
257 267 -0.125879
257 357 -0.017319
258 259 -0.382177
258 268 0.828993
258 358 -1.331400
259 250 -0.482616
259 269 1.006674
259 359 1.953798
260 261 -0.977176
260 270 0.156990
260 360 -0.195666
261 262 0.434934
261 271 0.778897
261 361 1.030179
262 263 0.264471
262 272 -0.894737
262 362 -0.053091
263 264 1.553033
263 273 -0.143662
263 363 -0.846573
264 265 -1.012685
264 274 0.303179
264 364 0.684610
265 266 -0.646635
265 275 -0.057164
265 365 0.635743
266 267 0.584595
266 276 -0.645106
266 366 0.741688
267 268 -1.442369
267 277 0.831564
267 367 -0.167340
268 269 -0.319198
268 278 0.646633
268 368 -0.762693
269 260 0.548920
269 279 0.283031
269 369 -0.034572
270 271 0.389958
270 280 -0.408516
270 370 0.894060
271 272 2.074472
271 281 2.144635
271 371 -0.836761
272 273 -0.059923
272 282 -0.223363
272 372 0.339232
273 274 -0.934777
273 283 0.924974
273 373 -0.710347
274 275 1.062501
274 284 0.955897
274 374 -0.006971
275 276 -1.460540
275 285 -0.609576
275 375 0.700047
276 277 -1.643946
276 286 0.372408
276 376 0.196954
277 278 -0.852273
277 287 0.269952
277 377 0.042447
278 279 1.200982
278 288 -1.607986
278 378 -1.101988
279 270 0.283230
279 289 0.076971
279 379 0.920071
280 281 0.591606
280 290 0.658928
280 380 1.598615
281 282 -0.019184
281 291 0.448821
281 381 -1.092566
282 283 0.210121
282 292 -0.769626
282 382 0.400335
283 284 -1.537516
283 293 -1.767269
283 383 -1.386196
284 285 -0.509333
284 294 1.197756
284 384 0.401875
285 286 -2.162970
285 295 0.742555
285 385 -0.298479
286 287 -1.323898
286 296 -1.245502
286 386 0.475466
287 288 -0.239681
287 297 -0.311516
287 387 -0.407562
288 289 1.029346
288 298 -0.443235
288 388 0.631387
289 280 -1.366010
289 299 0.523033
289 389 -1.100409
290 291 2.234118
290 200 -0.852096
290 390 0.105393
291 292 1.550709
291 201 0.910319
291 391 1.760229
292 293 -0.679307
292 202 0.665239
292 392 0.437506
293 294 0.253381
293 203 0.980091
293 393 0.811446
294 295 0.576104
294 204 0.743424
294 394 0.691962
295 296 -0.343108
295 205 -1.686974
295 395 0.099607
296 297 1.001451
296 206 1.422233
296 396 -1.543843
297 298 2.914530
297 207 1.183585
297 397 -0.933311
298 299 1.306222
298 208 0.206511
298 398 -0.771501
299 290 -1.603594
299 209 1.610179
299 399 1.381875
300 301 0.813752
300 310 -0.791284
300 400 -0.172659
301 302 -0.886796
301 311 -1.439186
301 401 0.055167
302 303 0.422955
302 312 -1.105186
302 402 0.523936
303 304 0.425404
303 313 -1.320103
303 403 0.235244
304 305 0.047652
304 314 1.873566
304 404 -0.293273
305 306 -0.362834
305 315 2.217980
305 405 -0.072537
306 307 0.233233
306 316 0.867880
306 406 -0.665811
307 308 1.602517
307 317 0.045659
307 407 0.590546
308 309 0.764881
308 318 0.779027
308 408 1.715489
309 300 -0.642344
309 319 -0.207664
309 409 1.164400
310 311 -1.218684
310 320 -0.032020
310 410 1.831209
311 312 0.529178
311 321 1.064382
311 411 -0.031213
312 313 0.737492
312 322 -0.337239
312 412 -0.851577
313 314 -0.626060
313 323 -0.115456
313 413 -0.205452
314 315 -0.996072
314 324 -1.438469
314 414 -0.249150
315 316 1.088556
315 325 -0.324769
315 415 0.476537
316 317 -0.729532
316 326 -0.455046
316 416 1.164462
317 318 -0.239835
317 327 -0.687474
317 417 -0.034185
318 319 -1.375050
318 328 -0.787023
318 418 -0.087010
319 310 -1.557246
319 329 -1.216614
319 419 0.797906
320 321 0.119909
320 330 1.763971
320 420 1.051726
321 322 -0.802862
321 331 1.413076
321 421 1.053256
322 323 -2.051988
322 332 -0.673140
322 422 1.591913
323 324 0.065292
323 333 1.002402
323 423 0.442621
324 325 0.527971
324 334 -0.450417
324 424 0.165290
325 326 1.039252
325 335 0.065796
325 425 -0.636102
326 327 1.044042
326 336 1.148573
326 426 -0.474855
327 328 -1.267010
327 337 0.557111
327 427 0.508870
328 329 0.569842
328 338 -0.517725
328 428 1.305750
329 320 0.448575
329 339 -0.609105
329 429 0.291245
330 331 -0.343860
330 340 -0.862713
330 430 -1.680597
331 332 -0.395853
331 341 -1.437988
331 431 1.329012
332 333 1.271155
332 342 0.354142
332 432 0.809332
333 334 -0.670447
333 343 -0.168076
333 433 -2.366069
334 335 0.665610
334 344 -0.864471
334 434 0.613211
335 336 -0.562695
335 345 -0.639166
335 435 -0.638419
336 337 -0.441326
336 346 1.312319
336 436 -2.248396
337 338 0.444560
337 347 -0.551916
337 437 -0.354765
338 339 2.822603
338 348 -0.577415
338 438 0.926135
339 330 -0.416929
339 349 -0.806884
339 439 -0.224835
340 341 -0.358112
340 350 0.651406
340 440 -0.688573
341 342 0.651249
341 351 1.464623
341 441 1.203356
342 343 0.804140
342 352 0.594121
342 442 0.055237
343 344 -0.214272
343 353 0.253249
343 443 -0.402489
344 345 0.135060
344 354 1.134539
344 444 0.491688
345 346 -0.052871
345 355 -0.209509
345 445 0.634835
346 347 -0.390293
346 356 -1.239541
346 446 -1.528546
347 348 0.880269
347 357 0.530345
347 447 0.068536
348 349 -0.816118
348 358 1.211089
348 448 -0.324478
349 340 -1.502314
349 359 0.021789
349 449 0.110017
350 351 -0.112198
350 360 1.773204
350 450 1.852171
351 352 -0.263533
351 361 0.463220
351 451 2.006552
352 353 0.502095
352 362 -0.451511
352 452 1.377844
353 354 -0.149199
353 363 -2.437689
353 453 0.550586
354 355 -0.128098
354 364 -0.045058
354 454 -0.750217
355 356 0.258545
355 365 -1.918186
355 455 -0.182023
356 357 -0.263878
356 366 -0.849368
356 456 0.898897
357 358 1.316114
357 367 1.698665
357 457 -0.197864
358 359 0.242486
358 368 1.015771
358 458 0.540785
359 350 0.777536
359 369 1.067909
359 459 -0.854841
360 361 -1.099332
360 370 -2.070019
360 460 0.885104
361 362 -0.444400
361 371 0.169000
361 461 2.085531
362 363 0.021126
362 372 0.512629
362 462 1.037105
363 364 1.489646
363 373 -2.045108
363 463 0.965624
364 365 1.375327
364 374 -0.826394
364 464 -1.954651
365 366 0.836644
365 375 0.004065
365 465 -0.049673
366 367 0.462960
366 376 -0.636183
366 466 -1.500772
367 368 2.078286
367 377 -1.224690
367 467 -0.714762
368 369 1.631323
368 378 0.690796
368 468 -0.415594
369 360 0.991699
369 379 0.812911
369 469 1.559506
370 371 -1.264978
370 380 0.033206
370 470 1.651751
371 372 -2.202648
371 381 -0.888480
371 471 1.097627
372 373 1.776951
372 382 -1.213692
372 472 0.387515
373 374 0.059654
373 383 -0.131552
373 473 2.294281
374 375 1.112194
374 384 -0.635436
374 474 1.310748
375 376 2.036395
375 385 1.404290
375 475 0.227409
376 377 0.037425
376 386 -0.077056
376 476 -0.528434
377 378 2.055707
377 387 -1.348472
377 477 0.086017
378 379 -0.834345
378 388 -0.069294
378 478 0.713294
379 370 -1.069712
379 389 -0.422402
379 479 1.185036
380 381 1.447769
380 390 0.471060
380 480 -0.378998
381 382 -0.080385
381 391 0.490887
381 481 -0.620901
382 383 1.168496
382 392 0.400315
382 482 -0.356269
383 384 0.139811
383 393 0.248714
383 483 0.283109
384 385 -0.217332
384 394 -0.218633
384 484 1.971072
385 386 0.010759
385 395 -0.027892
385 485 0.533557
386 387 -1.125935
386 396 -0.983742
386 486 -1.277889
387 388 2.030236
387 397 -0.497938
387 487 -0.420839
388 389 -1.752880
388 398 -0.282846
388 488 1.089125
389 380 0.917138
389 399 1.053190
389 489 0.363913
390 391 2.257377
390 300 0.287547
390 490 -0.105110
391 392 -1.839719
391 301 -0.873820
391 491 -1.349624
392 393 -0.226864
392 302 -0.438336
392 492 -0.337402
393 394 -0.260711
393 303 -1.051801
393 493 -0.155871
394 395 -1.660942
394 304 0.657499
394 494 -1.070396
395 396 1.532060
395 305 -1.372749
395 495 -0.418823
396 397 0.031892
396 306 -0.057516
396 496 -0.487425
397 398 0.962143
397 307 0.378124
397 497 0.206422
398 399 0.908476
398 308 -0.814509
398 498 -0.373995
399 390 -1.041909
399 309 0.439136
399 499 1.209905
400 401 0.085013
400 410 1.316698
400 500 0.543827
401 402 -0.338998
401 411 -0.628189
401 501 -0.608134
402 403 -0.079409
402 412 0.695364
402 502 0.526392
403 404 -0.304497
403 413 -0.069748
403 503 1.055896
404 405 0.776743
404 414 0.731602
404 504 -0.028802
405 406 -0.570531
405 415 -1.068317
405 505 -1.278271
406 407 -0.159913
406 416 1.871211
406 506 -0.088463
407 408 -0.540497
407 417 -0.745734
407 507 0.195946
408 409 -0.623779
408 418 1.095908
408 508 -0.345473
409 400 -0.880699
409 419 0.198421
409 509 -0.825767
410 411 -0.117508
410 420 -0.647455
410 510 -0.145835
411 412 -0.222137
411 421 0.354385
411 511 0.214884
412 413 1.066422
412 422 0.878284
412 512 -0.591270
413 414 0.450311
413 423 -0.066782
413 513 0.589963
414 415 0.512997
414 424 -0.067542
414 514 -0.215320
415 416 0.993774
415 425 1.160992
415 515 -0.012842
416 417 -0.076023
416 426 -1.775164
416 516 -1.331387
417 418 0.282889
417 427 0.414989
417 517 -2.071605
418 419 -0.036890
418 428 -0.446902
418 518 -0.577547
419 410 1.099654
419 429 2.438772
419 519 0.917696
420 421 0.673947
420 430 -0.392841
420 520 1.880891
421 422 -0.654354
421 431 0.363207
421 521 -1.898858
422 423 0.549633
422 432 1.023288
422 522 1.106342
423 424 1.630471
423 433 0.338371
423 523 0.265120
424 425 0.567800
424 434 2.277725
424 524 -1.064762
425 426 -0.688300
425 435 -1.331619
425 525 -0.320010
426 427 -0.436494
426 436 0.736739
426 526 -0.711454
427 428 0.558181
427 437 1.164634
427 527 1.750300
428 429 0.099224
428 438 1.407798
428 528 -0.585208
429 420 -0.589154
429 439 -0.848825
429 529 -1.379742
430 431 -0.998948
430 440 -0.786768
430 530 0.055386
431 432 0.889147
431 441 -1.913332
431 531 0.107295
432 433 -0.133101
432 442 -1.306654
432 532 -1.150390
433 434 -0.852216
433 443 -0.829061
433 533 1.119040
434 435 -1.482272
434 444 0.159713
434 534 -0.034832
435 436 0.406472
435 445 0.753810
435 535 -0.889462
436 437 -0.365110
436 446 -2.469021
436 536 0.858402
437 438 -1.919172
437 447 1.206967
437 537 0.733761
438 439 -0.225470
438 448 2.145196
438 538 0.402720
439 430 1.854296
439 449 -1.886211
439 539 -0.251414
440 441 -0.585188
440 450 -1.110010
440 540 -1.798352
441 442 0.720453
441 451 -1.361559
441 541 0.897078
442 443 -1.075638
442 452 -1.134112
442 542 0.437486
443 444 0.009176
443 453 -1.040620
443 543 -1.425351
444 445 -1.277018
444 454 1.761742
444 544 -0.910979
445 446 -3.088325
445 455 2.602387
445 545 0.607862
446 447 0.310573
446 456 -0.684089
446 546 0.048296
447 448 -0.525339
447 457 -0.546050
447 547 -1.218989
448 449 -0.157967
448 458 -0.261471
448 548 1.041923
449 440 -2.617560
449 459 -0.021535
449 549 0.397565
450 451 -0.429306
450 460 0.186540
450 550 0.524227
451 452 1.100763
451 461 0.112413
451 551 0.077432
452 453 0.103408
452 462 1.222563
452 552 0.262626
453 454 1.225246
453 463 1.192464
453 553 0.197331
454 455 0.945910
454 464 0.286018
454 554 0.169735
455 456 -2.312819
455 465 0.707972
455 555 -0.239284
456 457 -0.733143
456 466 -1.339996
456 556 -0.150182
457 458 0.877828
457 467 2.538038
457 557 0.230008
458 459 1.570853
458 468 -0.147183
458 558 -0.104761
459 450 -1.084168
459 469 0.268851
459 559 0.010033
460 461 -1.099585
460 470 -0.158106
460 560 -0.577808
461 462 0.872728
461 471 -0.036908
461 561 -1.190853
462 463 -0.513894
462 472 -0.103841
462 562 -1.071471
463 464 1.232772
463 473 -0.371386
463 563 0.235527
464 465 -0.797424
464 474 -0.430121
464 564 -1.087243
465 466 2.457365
465 475 0.430106
465 565 -0.717579
466 467 -0.007875
466 476 -0.081449
466 566 1.675112
467 468 0.358612
467 477 -1.118025
467 567 2.426190
468 469 0.454216
468 478 -0.045569
468 568 -0.171036
469 460 -1.143848
469 479 0.244655
469 569 0.021212
470 471 -1.559081
470 480 -0.150565
470 570 0.466492
471 472 -0.756853
471 481 1.728182
471 571 -1.430918
472 473 1.515225
472 482 -0.365362
472 572 -1.109576
473 474 1.236461
473 483 0.211538
473 573 -0.796683
474 475 0.535718
474 484 -0.412069
474 574 -0.675155
475 476 -1.115928
475 485 -0.114310
475 575 0.718772
476 477 0.857593
476 486 -0.198397
476 576 1.434461
477 478 0.668260
477 487 -0.328928
477 577 -1.071044
478 479 -0.503738
478 488 -1.106834
478 578 1.247724
479 470 -0.753390
479 489 1.194560
479 579 -0.288193
480 481 0.187774
480 490 -0.369718
480 580 1.214596
481 482 -0.308801
481 491 0.021124
481 581 -1.655024
482 483 1.730488
482 492 1.184679
482 582 0.981723
483 484 0.666749
483 493 -1.020022
483 583 1.863081
484 485 -0.130342
484 494 0.614224
484 584 -2.007184
485 486 1.089438
485 495 -1.046595
485 585 -0.540414
486 487 -0.035432
486 496 -0.268837
486 586 -0.238930
487 488 0.328220
487 497 -0.920229
487 587 -0.508341
488 489 -0.429310
488 498 0.788967
488 588 -0.981911
489 480 0.230352
489 499 0.213120
489 589 -0.039641
490 491 0.287918
490 400 -1.018096
490 590 -1.740898
491 492 -0.584365
491 401 -0.291129
491 591 0.490638
492 493 1.193224
492 402 0.793157
492 592 1.241100
493 494 -0.850246
493 403 -1.129773
493 593 1.152831
494 495 3.585591
494 404 -0.963150
494 594 0.666364
495 496 -0.993332
495 405 0.795632
495 595 -0.166578
496 497 0.194827
496 406 -0.817842
496 596 1.677114
497 498 0.606786
497 407 -0.468303
497 597 0.904111
498 499 -0.721499
498 408 -0.851075
498 598 -0.211104
499 490 0.426204
499 409 1.648186
499 599 -0.452231
500 501 -0.024494
500 510 -1.528624
500 600 1.443038
501 502 3.347700
501 511 0.481454
501 601 -1.473642
502 503 -0.646442
502 512 -0.022624
502 602 2.482847
503 504 -1.235320
503 513 -0.088751
503 603 -1.325481
504 505 -1.335395
504 514 -0.783891
504 604 -0.397584
505 506 0.695042
505 515 -0.590081
505 605 0.637206
506 507 -0.654876
506 516 -0.067018
506 606 -0.895372
507 508 1.876341
507 517 0.546293
507 607 -2.088381
508 509 -1.146172
508 518 -1.031111
508 608 0.594237
509 500 -0.052087
509 519 -0.961472
509 609 -0.932834
510 511 -1.596328
510 520 -0.155261
510 610 0.815684
511 512 0.857527
511 521 1.034235
511 611 -0.102414
512 513 -0.411018
512 522 1.326084
512 612 0.027413
513 514 1.789993
513 523 0.595218
513 613 0.386337
514 515 0.379568
514 524 -1.082157
514 614 0.756316
515 516 -1.170942
515 525 -0.224315
515 615 -1.466056
516 517 -1.150117
516 526 -0.487670
516 616 -0.810481
517 518 -0.955627
517 527 0.526821
517 617 -0.956154
518 519 -0.846633
518 528 1.310449
518 618 0.486458
519 510 1.477969
519 529 -0.362231
519 619 -1.715104
520 521 0.563604
520 530 2.002108
520 620 -0.134382
521 522 -1.223020
521 531 0.604158
521 621 0.709787
522 523 -0.388615
522 532 -0.989236
522 622 -1.755863
523 524 1.083089
523 533 -0.694492
523 623 -1.515651
524 525 -0.652645
524 534 1.258998
524 624 -0.464629
525 526 -0.217051
525 535 -0.127089
525 625 -1.417089
526 527 -1.568307
526 536 0.130596
526 626 0.747243
527 528 0.352125
527 537 0.750878
527 627 0.306532
528 529 -0.426882
528 538 -0.306411
528 628 0.255169
529 520 -1.146089
529 539 -0.466698
529 629 -0.372551
530 531 -0.717485
530 540 0.051064
530 630 -1.680196
531 532 0.508997
531 541 -0.304984
531 631 0.744546
532 533 -0.632814
532 542 0.137820
532 632 -1.997671
533 534 0.086095
533 543 0.322633
533 633 -0.912849
534 535 1.326830
534 544 0.408845
534 634 0.183776
535 536 -0.472825
535 545 -1.240689
535 635 1.724597
536 537 -0.157282
536 546 1.419605
536 636 -0.183053
537 538 -0.459457
537 547 0.839554
537 637 2.040574
538 539 -1.772035
538 548 -0.159413
538 638 -0.787693
539 530 1.476941
539 549 0.893230
539 639 2.133535
540 541 1.016793
540 550 -1.605031
540 640 -0.165520
541 542 1.029905
541 551 -0.627875
541 641 -1.119200
542 543 -0.194737
542 552 -1.597451
542 642 0.221408
543 544 -0.047407
543 553 -1.819150
543 643 -0.669528
544 545 0.892345
544 554 -0.831431
544 644 -1.895369
545 546 -0.541723
545 555 -2.507301
545 645 -0.200183
546 547 -0.166451
546 556 -0.926988
546 646 -0.985196
547 548 -0.109010
547 557 -0.938001
547 647 -0.000450
548 549 0.306121
548 558 0.417788
548 648 -0.609563
549 540 -0.765731
549 559 2.291578
549 649 -0.210053
550 551 -0.662070
550 560 -0.672081
550 650 -1.980901
551 552 0.518595
551 561 -0.780618
551 651 0.374127
552 553 -0.561155
552 562 0.198033
552 652 0.902991
553 554 -0.723716
553 563 0.120442
553 653 1.264095
554 555 1.576378
554 564 -0.107833
554 654 1.183397
555 556 0.777256
555 565 -0.453942
555 655 0.700260
556 557 1.043988
556 566 0.702288
556 656 -0.243616
557 558 1.854835
557 567 -2.970686
557 657 -0.387410
558 559 -1.502732
558 568 0.335668
558 658 1.773016
559 550 0.610101
559 569 1.179690
559 659 -0.403503
560 561 -1.178073
560 570 -1.252461
560 660 -0.495806
561 562 1.037574
561 571 -0.331380
561 661 0.763740
562 563 -1.176521
562 572 -0.556989
562 662 -0.789961
563 564 -2.427622
563 573 -0.005580
563 663 0.027484
564 565 -0.658531
564 574 -0.457167
564 664 -0.317837
565 566 1.203148
565 575 2.270604
565 665 0.353652
566 567 1.956962
566 576 -0.083183
566 666 -1.730437
567 568 -0.130348
567 577 0.538044
567 667 0.153028
568 569 0.288847
568 578 -0.018059
568 668 -1.325178
569 560 1.617638
569 579 0.862236
569 669 0.421372
570 571 0.207381
570 580 -1.437921
570 670 -1.693019
571 572 -0.944674
571 581 0.227425
571 671 1.434371
572 573 0.057627
572 582 -0.137370
572 672 -0.103927
573 574 0.096170
573 583 -0.488540
573 673 -0.050697
574 575 -0.522062
574 584 -1.080194
574 674 1.433791
575 576 -1.914389
575 585 0.043116
575 675 0.122370
576 577 0.670967
576 586 1.076691
576 676 0.126418
577 578 0.519275
577 587 0.062100
577 677 -0.026328
578 579 -0.391304
578 588 0.291106
578 678 0.774140
579 570 1.231649
579 589 0.557330
579 679 0.999358
580 581 -0.666771
580 590 1.457561
580 680 0.619769
581 582 0.103211
581 591 -0.095357
581 681 -1.680974
582 583 0.456135
582 592 0.293245
582 682 0.135489
583 584 -0.386004
583 593 -1.058847
583 683 -0.413875
584 585 0.011833
584 594 -0.407348
584 684 0.842433
585 586 -1.044850
585 595 0.246082
585 685 0.353327
586 587 0.011853
586 596 -0.328699
586 686 -0.849377
587 588 -0.275713
587 597 -1.158160
587 687 -0.534978
588 589 0.813313
588 598 -0.520892
588 688 0.167834
589 580 -0.874046
589 599 1.126984
589 689 0.381002
590 591 -0.332301
590 500 -0.899701
590 690 2.103557
591 592 -1.165447
591 501 1.458281
591 691 -1.534766
592 593 0.923962
592 502 0.149139
592 692 2.007431
593 594 -0.255849
593 503 1.249643
593 693 -0.300125
594 595 0.493083
594 504 0.091872
594 694 -1.020304
595 596 -1.343526
595 505 -0.196948
595 695 -0.686495
596 597 -1.583634
596 506 1.472403
596 696 -0.939441
597 598 -0.322142
597 507 -0.150678
597 697 0.390329
598 599 -1.289037
598 508 0.316318
598 698 0.851714
599 590 -2.178909
599 509 0.018614
599 699 1.125100
600 601 1.660723
600 610 0.130943
600 700 -0.029775
601 602 -0.449032
601 611 -0.395324
601 701 -0.166175
602 603 1.399802
602 612 1.449177
602 702 0.573968
603 604 0.099821
603 613 -1.226996
603 703 0.753434
604 605 1.698899
604 614 0.364964
604 704 0.548168
605 606 1.657172
605 615 -1.069588
605 705 0.895721
606 607 -1.529409
606 616 -0.669150
606 706 -0.694136
607 608 -0.096221
607 617 -0.830401
607 707 0.430866
608 609 -0.520901
608 618 0.770977
608 708 -0.162312
609 600 0.673567
609 619 0.556700
609 709 -0.976286
610 611 0.048041
610 620 0.144508
610 710 0.784742
611 612 -0.491234
611 621 0.965836
611 711 0.523301
612 613 -0.288131
612 622 -0.309196
612 712 -0.227931
613 614 -0.093940
613 623 -0.426520
613 713 0.855343
614 615 0.557491
614 624 0.691680
614 714 -0.198126
615 616 0.081290
615 625 -0.074788
615 715 1.179645
616 617 0.887066
616 626 0.536341
616 716 -1.176559
617 618 -1.674055
617 627 0.353043
617 717 1.728045
618 619 -0.122452
618 628 -0.664936
618 718 0.260625
619 610 -2.054409
619 629 0.178957
619 719 -0.285188
620 621 -0.826581
620 630 -0.108311
620 720 -1.473599
621 622 1.267251
621 631 0.754182
621 721 0.848477
622 623 -0.729988
622 632 0.216182
622 722 0.915611
623 624 -0.860775
623 633 0.132392
623 723 0.048210
624 625 0.178511
624 634 -0.932999
624 724 0.599612
625 626 -1.310781
625 635 1.079710
625 725 0.203921
626 627 1.653136
626 636 0.148581
626 726 0.077789
627 628 -1.622516
627 637 0.525938
627 727 0.498847
628 629 -0.361254
628 638 0.087844
628 728 0.789254
629 620 0.258737
629 639 -0.269333
629 729 0.412890
630 631 -0.393071
630 640 -0.075314
630 730 0.121926
631 632 1.716617
631 641 0.522377
631 731 -1.099192
632 633 -0.072158
632 642 -0.764025
632 732 0.701275
633 634 -1.405469
633 643 0.954645
633 733 -0.010689
634 635 0.188782
634 644 1.506674
634 734 -1.393438
635 636 -0.246089
635 645 0.109685
635 735 1.821662
636 637 -1.809553
636 646 1.654630
636 736 -1.376765
637 638 0.514998
637 647 0.247990
637 737 0.072071
638 639 0.806835
638 648 0.460655
638 738 -0.006318
639 630 -1.779974
639 649 0.713207
639 739 1.636431
640 641 -0.124740
640 650 -0.657615
640 740 -0.110418
641 642 -0.279923
641 651 0.476223
641 741 0.977415
642 643 -1.864280
642 652 0.651680
642 742 0.276868
643 644 -0.881799
643 653 -0.779244
643 743 -0.220413
644 645 -0.659734
644 654 -0.578704
644 744 -0.113793
645 646 0.775247
645 655 -0.638348
645 745 -0.856568
646 647 -1.172989
646 656 -2.270363
646 746 -0.681287
647 648 -0.230277
647 657 0.344685
647 747 -0.722020
648 649 -1.027083
648 658 -0.258162
648 748 -0.226953
649 640 0.545080
649 659 -0.437826
649 749 0.643367
650 651 1.484585
650 660 0.537477
650 750 -0.519015
651 652 1.047367
651 661 -0.235435
651 751 1.337823
652 653 -0.141918
652 662 -0.552016
652 752 -0.249821
653 654 0.952299
653 663 -0.163190
653 753 0.403347
654 655 0.756534
654 664 0.486842
654 754 -0.225150
655 656 0.721748
655 665 0.700109
655 755 0.639541
656 657 -0.268609
656 666 -0.686752
656 756 -1.879067
657 658 -0.000108
657 667 -0.832960
657 757 -0.279573
658 659 0.762988
658 668 -0.777696
658 758 -0.640675
659 650 -0.293549
659 669 0.123643
659 759 -1.934094
660 661 2.046748
660 670 -0.119787
660 760 -0.223916
661 662 -1.499977
661 671 -0.216923
661 761 -1.702614
662 663 -1.123184
662 672 -1.014949
662 762 -1.354660
663 664 -0.113252
663 673 -0.067736
663 763 0.983543
664 665 -0.086166
664 674 -1.532860
664 764 1.159762
665 666 1.443235
665 675 0.390656
665 765 -0.244895
666 667 1.597592
666 676 -0.779580
666 766 -0.103288
667 668 2.138307
667 677 -1.191564
667 767 -1.694631
668 669 1.872861
668 678 -0.984089
668 768 0.600092
669 660 0.751548
669 679 1.207411
669 769 -0.076826
670 671 -1.689664
670 680 0.705591
670 770 0.896166
671 672 0.491858
671 681 -0.407606
671 771 -1.368731
672 673 0.800013
672 682 0.943638
672 772 0.559201
673 674 0.845011
673 683 1.090843
673 773 1.633432
674 675 0.800009
674 684 1.327899
674 774 0.614122
675 676 1.200881
675 685 1.998125
675 775 0.083192
676 677 -0.272355
676 686 -1.131907
676 776 0.488058
677 678 -0.343007
677 687 -2.156014
677 777 0.822636
678 679 0.673705
678 688 -0.622722
678 778 -0.519110
679 670 0.181135
679 689 1.239303
679 779 1.647587
680 681 -0.158648
680 690 -1.353959
680 780 1.475531
681 682 -1.369290
681 691 -1.871925
681 781 -1.048242
682 683 -0.966716
682 692 -0.467107
682 782 -0.121656
683 684 -0.871426
683 693 -0.285590
683 783 0.212771
684 685 0.413370
684 694 -1.073451
684 784 -0.975536
685 686 -0.862587
685 695 1.208596
685 785 -0.608408
686 687 1.026007
686 696 0.119720
686 786 -0.884537
687 688 1.764371
687 697 0.921858
687 787 -1.685143
688 689 1.146258
688 698 0.296354
688 788 -0.189000
689 680 1.185992
689 699 0.513785
689 789 0.195103
690 691 0.178421
690 600 -0.308624
690 790 -2.153636
691 692 1.445234
691 601 0.125638
691 791 1.668692
692 693 0.232965
692 602 0.034790
692 792 -0.883035
693 694 0.153775
693 603 1.678635
693 793 0.886277
694 695 0.424817
694 604 -1.436934
694 794 0.112709
695 696 0.343655
695 605 0.101459
695 795 1.163553
696 697 -0.901800
696 606 2.140214
696 796 0.367107
697 698 -0.607414
697 607 -0.254116
697 797 0.532179
698 699 -0.212814
698 608 -0.090602
698 798 -0.327839
699 690 0.605526
699 609 -0.317420
699 799 0.410297
700 701 0.549642
700 710 0.726561
700 800 0.460877
701 702 0.242023
701 711 -0.513019
701 801 -1.056558
702 703 -0.307518
702 712 1.649374
702 802 0.850195
703 704 -0.339747
703 713 0.077923
703 803 -0.824309
704 705 -0.981849
704 714 0.215818
704 804 -0.464882
705 706 -0.857444
705 715 -2.155900
705 805 -1.039416
706 707 -0.120268
706 716 0.461931
706 806 0.222409
707 708 0.270667
707 717 0.222100
707 807 -0.013620
708 709 -2.218434
708 718 -0.276177
708 808 1.662415
709 700 1.355273
709 719 -1.807155
709 809 -1.201493
710 711 0.553331
710 720 1.082481
710 810 -0.392982
711 712 1.517420
711 721 0.862966
711 811 0.322960
712 713 -0.119704
712 722 -1.402966
712 812 -0.760989
713 714 -1.044786
713 723 -0.198593
713 813 0.590529
714 715 0.199517
714 724 0.120301
714 814 1.935002
715 716 0.102207
715 725 0.865483
715 815 -2.664239
716 717 -0.426729
716 726 -0.279994
716 816 -0.580723
717 718 -0.953207
717 727 -0.223778
717 817 2.113996
718 719 0.947008
718 728 0.139176
718 818 0.943145
719 710 1.557685
719 729 -0.670565
719 819 1.633880
720 721 1.390539
720 730 0.041769
720 820 0.751014
721 722 1.113456
721 731 1.614788
721 821 0.485428
722 723 1.880626
722 732 -0.548991
722 822 1.083130
723 724 1.972079
723 733 -0.996522
723 823 1.097204
724 725 1.219123
724 734 -0.849066
724 824 0.351751
725 726 0.747538
725 735 0.105710
725 825 -2.007535
726 727 0.843450
726 736 -0.726696
726 826 -1.020188
727 728 -0.612829
727 737 0.031840
727 827 0.705947
728 729 2.455282
728 738 0.098860
728 828 -0.796698
729 720 -1.498191
729 739 -1.030131
729 829 -0.144705
730 731 -2.436683
730 740 -0.639392
730 830 0.654080
731 732 -0.565060
731 741 0.378853
731 831 0.130458
732 733 0.020827
732 742 -0.633002
732 832 0.966806
733 734 0.574150
733 743 -0.308175
733 833 0.748717
734 735 0.560225
734 744 0.376106
734 834 1.033938
735 736 0.048052
735 745 2.725244
735 835 0.249336
736 737 1.076838
736 746 -0.322022
736 836 -0.681003
737 738 2.504328
737 747 -0.406519
737 837 -0.089396
738 739 1.586352
738 748 -0.340559
738 838 0.528501
739 730 -1.038355
739 749 1.580978
739 839 0.028231
740 741 2.039618
740 750 0.438863
740 840 -0.906580
741 742 -1.374482
741 751 -0.502866
741 841 0.539946
742 743 -0.864518
742 752 -0.073265
742 842 -0.399369
743 744 -0.153985
743 753 -0.575278
743 843 -0.242577
744 745 1.355166
744 754 0.176290
744 844 -0.520041
745 746 -0.710665
745 755 0.904822
745 845 1.149967
746 747 -0.207054
746 756 0.757751
746 846 0.106329
747 748 0.056102
747 757 0.710961
747 847 -0.078836
748 749 -0.535869
748 758 -0.017205
748 848 -0.656685
749 740 2.037267
749 759 0.482240
749 849 0.812354
750 751 0.104555
750 760 0.414095
750 850 0.334870
751 752 0.634516
751 761 0.599344
751 851 1.538395
752 753 -0.526593
752 762 -1.067661
752 852 -0.533441
753 754 -0.704898
753 763 0.652392
753 853 0.887300
754 755 -0.814743
754 764 -0.645153
754 854 -0.941692
755 756 0.436449
755 765 1.304982
755 855 0.328295
756 757 0.478793
756 766 0.791399
756 856 -0.413176
757 758 0.576781
757 767 -0.327380
757 857 0.330849
758 759 -0.406202
758 768 -0.037252
758 858 0.089573
759 750 -0.710377
759 769 -0.940945
759 859 -0.462345
760 761 -1.511382
760 770 1.453298
760 860 -1.051914
761 762 1.323925
761 771 -2.746326
761 861 -0.280494
762 763 -0.523040
762 772 1.687568
762 862 -1.547334
763 764 -0.360384
763 773 0.501348
763 863 1.098475
764 765 -1.382130
764 774 1.189527
764 864 0.171972
765 766 -0.182820
765 775 1.133276
765 865 0.936771
766 767 -0.244091
766 776 0.267028
766 866 -1.112092
767 768 -0.257682
767 777 1.051164
767 867 -0.471939
768 769 0.067676
768 778 -0.549024
768 868 0.159068
769 760 -0.391096
769 779 0.118147
769 869 -0.720481
770 771 -0.691132
770 780 -0.267896
770 870 0.293565
771 772 -0.375731
771 781 -1.082723
771 871 -0.934947
772 773 -2.061924
772 782 -1.154822
772 872 -0.447311
773 774 0.067767
773 783 -0.536305
773 873 0.234287
774 775 -1.869019
774 784 -0.419194
774 874 1.377259
775 776 -0.700891
775 785 1.453991
775 875 -0.638290
776 777 1.597145
776 786 1.183755
776 876 -1.309568
777 778 1.659907
777 787 -0.445700
777 877 -2.463097
778 779 -0.564428
778 788 -1.351800
778 878 -1.267156
779 770 0.812152
779 789 -0.403810
779 879 -0.125965
780 781 1.407970
780 790 -0.124973
780 880 -0.764220
781 782 -0.130633
781 791 0.818065
781 881 -0.365646
782 783 0.819193
782 792 -0.366255
782 882 -0.125100
783 784 1.716481
783 793 2.296838
783 883 -1.803693
784 785 0.359942
784 794 0.086299
784 884 -1.859203
785 786 -1.465131
785 795 -0.863055
785 885 0.069315
786 787 0.567724
786 796 0.577420
786 886 -1.250683
787 788 -1.599912
787 797 -0.690534
787 887 0.360642
788 789 0.063997
788 798 2.060182
788 888 -0.711759
789 780 0.226150
789 799 -1.244208
789 889 0.705808
790 791 0.387199
790 700 0.188334
790 890 -0.325501
791 792 0.425175
791 701 -0.612042
791 891 0.206499
792 793 -0.707666
792 702 1.458979
792 892 -1.216712
793 794 -0.909657
793 703 2.198636
793 893 0.708310
794 795 -0.422080
794 704 -0.206387
794 894 -0.700532
795 796 -0.691700
795 705 -1.757689
795 895 0.086276
796 797 -0.883007
796 706 -0.725998
796 896 -0.549555
797 798 -1.987212
797 707 -0.639764
797 897 0.025186
798 799 -1.739019
798 708 1.645368
798 898 0.308217
799 790 -0.174152
799 709 -0.314898
799 899 -0.368034
800 801 -1.228385
800 810 1.351482
800 900 -1.166706
801 802 -0.800513
801 811 0.269301
801 901 -0.686297
802 803 0.779955
802 812 -2.234751
802 902 0.569786
803 804 -0.565760
803 813 0.117125
803 903 0.787735
804 805 1.140425
804 814 2.381024
804 904 -0.753206
805 806 0.793064
805 815 -0.590031
805 905 2.457124
806 807 2.862744
806 816 0.068142
806 906 -0.377764
807 808 -0.853826
807 817 -1.393986
807 907 -0.254265
808 809 0.527503
808 818 0.248476
808 908 -1.055899
809 800 0.891988
809 819 -1.175423
809 909 0.303464
810 811 0.150583
810 820 0.697221
810 910 1.282992
811 812 -0.533151
811 821 -0.181832
811 911 0.808525
812 813 0.766066
812 822 -1.063739
812 912 0.211331
813 814 -0.319276
813 823 -0.249358
813 913 2.467747
814 815 1.356524
814 824 0.030221
814 914 0.508623
815 816 -1.090344
815 825 -1.421123
815 915 0.330716
816 817 0.160280
816 826 0.245158
816 916 0.153317
817 818 0.518535
817 827 0.286290
817 917 0.007097
818 819 0.477726
818 828 -1.032044
818 918 0.282531
819 810 0.369735
819 829 1.045228
819 919 -0.988549
820 821 -1.589719
820 830 1.182618
820 920 1.319991
821 822 0.037195
821 831 0.060685
821 921 -0.737144
822 823 -0.240252
822 832 1.122405
822 922 1.031100
823 824 0.866608
823 833 -0.347357
823 923 0.275357
824 825 1.687600
824 834 0.128799
824 924 -0.113804
825 826 0.202578
825 835 -0.109229
825 925 -1.038059
826 827 1.429458
826 836 -0.165642
826 926 -1.254811
827 828 0.689976
827 837 0.184366
827 927 -1.076273
828 829 1.938123
828 838 0.633902
828 928 -0.427713
829 820 -0.219233
829 839 -0.205176
829 929 -0.508790
830 831 0.875318
830 840 0.288794
830 930 -0.904567
831 832 0.789028
831 841 -1.398277
831 931 0.327617
832 833 -1.107430
832 842 0.221903
832 932 -0.305076
833 834 1.282068
833 843 0.717657
833 933 -0.963388
834 835 1.689562
834 844 -1.678942
834 934 0.546994
835 836 -1.793358
835 845 0.343159
835 935 0.482066
836 837 -0.888568
836 846 0.089918
836 936 -0.159228
837 838 -0.331087
837 847 -0.442229
837 937 0.000122
838 839 0.292511
838 848 1.068536
838 938 1.766598
839 830 1.240805
839 849 0.378687
839 939 -0.599177
840 841 0.168376
840 850 0.617349
840 940 -0.727761
841 842 1.310651
841 851 -1.916119
841 941 0.848675
842 843 2.473209
842 852 1.025406
842 942 0.020336
843 844 0.599174
843 853 -0.228748
843 943 1.444441
844 845 0.814781
844 854 0.252701
844 944 -0.771648
845 846 -0.490431
845 855 -0.473775
845 945 -0.791300
846 847 -1.131235
846 856 -0.651478
846 946 -1.572604
847 848 0.434567
847 857 1.226071
847 947 1.076598
848 849 -0.142299
848 858 -0.929738
848 948 0.839915
849 840 -0.512935
849 859 0.171561
849 949 -0.027279
850 851 0.769896
850 860 0.807475
850 950 -0.082933
851 852 1.025456
851 861 0.128411
851 951 0.694620
852 853 0.813534
852 862 -0.127528
852 952 0.363969
853 854 -1.768837
853 863 0.282821
853 953 0.540764
854 855 -0.130066
854 864 0.502052
854 954 -1.292741
855 856 1.199402
855 865 -0.866191
855 955 -0.393274
856 857 -1.197353
856 866 -0.087895
856 956 -1.402639
857 858 1.614983
857 867 1.213413
857 957 1.492392
858 859 0.360912
858 868 0.259336
858 958 0.638030
859 850 0.390044
859 869 0.383422
859 959 -0.609160
860 861 0.729690
860 870 0.133327
860 960 0.859895
861 862 -0.042109
861 871 -0.144217
861 961 -0.195109
862 863 0.076709
862 872 -0.743594
862 962 0.435029
863 864 0.666070
863 873 0.023362
863 963 1.592439
864 865 0.283313
864 874 1.707944
864 964 1.875662
865 866 0.166817
865 875 -0.192036
865 965 0.339348
866 867 0.576407
866 876 -0.438810
866 966 -1.146427
867 868 -0.001439
867 877 -1.470330
867 967 1.242895
868 869 -0.652625
868 878 -1.306531
868 968 -0.798282
869 860 0.347811
869 879 -0.200431
869 969 -0.081973
870 871 0.495482
870 880 1.099802
870 970 -0.944300
871 872 -1.427072
871 881 0.557910
871 971 0.434043
872 873 1.783744
872 882 0.316185
872 972 1.182353
873 874 1.016068
873 883 0.176031
873 973 0.291530
874 875 -0.546726
874 884 -0.030870
874 974 0.343649
875 876 -2.386765
875 885 0.295696
875 975 1.333115
876 877 0.944681
876 886 0.037210
876 976 -1.565522
877 878 0.965121
877 887 -0.213300
877 977 -0.851396
878 879 -0.890037
878 888 -1.293821
878 978 0.035236
879 870 -0.417537
879 889 0.672565
879 979 0.437205
880 881 -0.622685
880 890 -0.606560
880 980 1.503657
881 882 0.210627
881 891 -1.281648
881 981 0.768861
882 883 -1.150107
882 892 -0.005042
882 982 1.189153
883 884 0.171866
883 893 -0.687964
883 983 0.491396
884 885 -1.032178
884 894 -1.534398
884 984 -0.819749
885 886 0.381817
885 895 2.313056
885 985 1.330059
886 887 -0.025069
886 896 0.490376
886 986 -1.549301
887 888 -0.776770
887 897 -0.493054
887 987 -1.001792
888 889 0.057676
888 898 0.861161
888 988 -1.203897
889 880 -0.691124
889 899 0.791195
889 989 -0.139343
890 891 0.662610
890 800 -1.588826
890 990 -0.259764
891 892 1.154725
891 801 -1.106288
891 991 -0.056883
892 893 -0.013651
892 802 0.128644
892 992 -0.408763
893 894 -0.859885
893 803 -0.175248
893 993 0.169425
894 895 0.337099
894 804 -0.582917
894 994 -0.063029
895 896 0.245782
895 805 -1.485500
895 995 -0.345392
896 897 -0.004704
896 806 -0.359580
896 996 0.079128
897 898 -0.066012
897 807 -0.030281
897 997 1.200614
898 899 -0.670759
898 808 -0.601867
898 998 0.409666
899 890 0.511388
899 809 0.817379
899 999 0.580289
900 901 -1.173628
900 910 -0.804106
900 0 -0.360383
901 902 -0.660366
901 911 -0.262797
901 1 -0.870914
902 903 -0.664992
902 912 -0.503534
902 2 1.613580
903 904 -0.414456
903 913 0.233643
903 3 0.493054
904 905 -1.490843
904 914 -0.722007
904 4 0.598563
905 906 -1.590445
905 915 0.552726
905 5 0.221104
906 907 1.942426
906 916 -0.569297
906 6 -0.608989
907 908 0.156996
907 917 -0.751491
907 7 -0.022303
908 909 0.117137
908 918 -0.718520
908 8 1.291922
909 900 -1.372686
909 919 0.027107
909 9 0.791012
910 911 -0.754411
910 920 -0.702012
910 10 0.454708
911 912 1.404629
911 921 -0.119053
911 11 -0.610605
912 913 2.054213
912 922 0.597474
912 12 -1.393470
913 914 -0.535242
913 923 0.261934
913 13 -0.813742
914 915 -0.918947
914 924 -0.842156
914 14 -0.876408
915 916 0.040616
915 925 0.476122
915 15 -1.741531
916 917 -0.028486
916 926 -0.951389
916 16 1.413311
917 918 0.278679
917 927 0.754399
917 17 1.818339
918 919 0.943278
918 928 0.287544
918 18 0.574005
919 910 -0.989781
919 929 0.033587
919 19 -2.544247
920 921 -0.054214
920 930 0.213947
920 20 0.224306
921 922 0.006379
921 931 -0.045217
921 21 1.433862
922 923 0.703562
922 932 -0.489777
922 22 -0.794658
923 924 -0.439658
923 933 0.480666
923 23 -0.866330
924 925 -1.032009
924 934 -0.517628
924 24 0.850148
925 926 0.179867
925 935 -0.945407
925 25 0.287268
926 927 -0.616259
926 936 0.419724
926 26 0.598726
927 928 -0.718954
927 937 2.633668
927 27 0.740998
928 929 -1.895477
928 938 -1.274291
928 28 -1.086672
929 920 -2.803916
929 939 -0.364054
929 29 -0.854313
930 931 -0.011445
930 940 -1.462229
930 30 -0.637491
931 932 -0.362190
931 941 -2.918023
931 31 0.583472
932 933 1.960833
932 942 -1.553545
932 32 -0.589032
933 934 0.204989
933 943 -0.284455
933 33 0.341907
934 935 -1.730897
934 944 1.318872
934 34 0.134811
935 936 -0.203886
935 945 0.296086
935 35 1.203783
936 937 -0.102970
936 946 -1.636763
936 36 -1.457343
937 938 0.370567
937 947 0.169385
937 37 -0.789488
938 939 0.565736
938 948 0.297546
938 38 -0.433354
939 930 0.744759
939 949 0.092092
939 39 0.877338
940 941 -1.128620
940 950 -0.593692
940 40 1.049488
941 942 0.633093
941 951 0.070610
941 41 0.497305
942 943 -1.471773
942 952 0.939166
942 42 1.521582
943 944 0.929188
943 953 -0.348034
943 43 -1.401410
944 945 0.672380
944 954 0.873187
944 44 1.142710
945 946 -0.595983
945 955 -0.892116
945 45 1.137952
946 947 1.379850
946 956 0.708083
946 46 1.018039
947 948 -1.291643
947 957 1.376857
947 47 -0.258564
948 949 0.794138
948 958 1.111586
948 48 -1.135219
949 940 -1.140455
949 959 0.321713
949 49 -2.121983
950 951 0.678720
950 960 -0.894321
950 50 0.881939
951 952 -1.474724
951 961 0.954893
951 51 0.178359
952 953 0.898581
952 962 0.206599
952 52 -0.749878
953 954 -0.993668
953 963 0.159988
953 53 1.993919
954 955 -0.153863
954 964 -1.807154
954 54 1.994172
955 956 -0.091351
955 965 0.001714
955 55 -0.492316
956 957 1.214209
956 966 -0.895919
956 56 -0.760368
957 958 -0.385949
957 967 0.374669
957 57 0.253106
958 959 -0.997228
958 968 0.955714
958 58 -0.972706
959 950 1.855296
959 969 -0.442801
959 59 -0.920397
960 961 -0.918285
960 970 -2.798756
960 60 1.141939
961 962 -1.749932
961 971 -0.452002
961 61 0.543621
962 963 -0.434946
962 972 -0.357594
962 62 -0.641320
963 964 1.960481
963 973 0.809123
963 63 -1.956983
964 965 0.548355
964 974 0.832262
964 64 -1.418525
965 966 -1.353045
965 975 -0.425116
965 65 0.706375
966 967 -0.030639
966 976 0.496896
966 66 -0.239346
967 968 0.206781
967 977 0.269440
967 67 -0.786563
968 969 -0.068690
968 978 1.675461
968 68 0.616501
969 960 0.730458
969 979 0.156088
969 69 -1.928382
970 971 1.267637
970 980 1.379059
970 70 -0.656978
971 972 1.252426
971 981 -0.275263
971 71 1.450424
972 973 1.616720
972 982 0.812147
972 72 -0.352690
973 974 -0.269182
973 983 0.822801
973 73 2.012871
974 975 1.190024
974 984 0.546311
974 74 -0.190710
975 976 0.940750
975 985 0.730773
975 75 0.478580
976 977 -2.396453
976 986 0.775930
976 76 1.238326
977 978 1.308434
977 987 -0.635182
977 77 0.355191
978 979 1.148674
978 988 1.228761
978 78 -1.160905
979 970 -0.940014
979 989 1.176077
979 79 -0.712696
980 981 1.083685
980 990 -0.876763
980 80 -0.258262
981 982 0.824815
981 991 -0.349968
981 81 -0.243291
982 983 0.158503
982 992 0.814589
982 82 2.107630
983 984 -0.946758
983 993 -0.165256
983 83 3.095956
984 985 -0.734620
984 994 0.827284
984 84 -0.170541
985 986 0.879765
985 995 0.025106
985 85 0.910828
986 987 0.124197
986 996 -0.061945
986 86 0.869892
987 988 -1.301891
987 997 0.274804
987 87 -0.777928
988 989 -0.609209
988 998 0.851900
988 88 -0.219342
989 980 -1.229750
989 999 -1.902943
989 89 0.701610
990 991 -0.994367
990 900 -0.337932
990 90 0.734552
991 992 -0.574042
991 901 -0.337664
991 91 0.496871
992 993 0.176214
992 902 0.549369
992 92 0.971923
993 994 -1.934615
993 903 -0.391893
993 93 -1.284830
994 995 0.623611
994 904 0.244630
994 94 1.269280
995 996 -1.236148
995 905 0.551471
995 95 -0.854500
996 997 -0.892267
996 906 -0.798898
996 96 -0.177933
997 998 -0.084823
997 907 -1.070081
997 97 -0.286145
998 999 -0.549022
998 908 -1.572302
998 98 0.335469
999 990 1.007994
999 909 0.291332
999 99 -0.626772
