0 1 1.073159
0 10 0.988629
0 100 -1.496134
1 2 -0.710814
1 11 -1.279702
1 101 -0.029070
2 3 -0.241896
2 12 -0.023329
2 102 -0.842257
3 4 -1.222079
3 13 1.906300
3 103 -2.396115
4 5 1.246615
4 14 -2.791939
4 104 -1.571991
5 6 1.016634
5 15 1.537422
5 105 2.191382
6 7 1.579749
6 16 0.393595
6 106 0.096157
7 8 -1.430988
7 17 1.017319
7 107 -0.081049
8 9 0.669494
8 18 -0.391240
8 108 -1.202804
9 0 -1.915897
9 19 -0.021845
9 109 0.318414
10 11 -1.309990
10 20 1.433414
10 110 -0.412251
11 12 -0.087033
11 21 0.073240
11 111 -0.240123
12 13 0.707462
12 22 -0.437670
12 112 -0.608384
13 14 0.228005
13 23 -0.148697
13 113 -0.911384
14 15 -0.089272
14 24 -0.220773
14 114 -0.409586
15 16 -0.828630
15 25 -1.479193
15 115 -0.311623
16 17 -0.695453
16 26 -1.201936
16 116 -0.003701
17 18 -1.320538
17 27 2.180987
17 117 -1.763025
18 19 0.391619
18 28 -2.583412
18 118 0.262372
19 10 -1.014694
19 29 -0.825530
19 119 0.131602
20 21 -0.466898
20 30 -1.191597
20 120 -0.097682
21 22 0.399841
21 31 -1.001155
21 121 -0.691453
22 23 0.077954
22 32 -0.425009
22 122 0.449488
23 24 -1.539198
23 33 1.562562
23 123 -1.678683
24 25 2.064772
24 34 1.443375
24 124 -0.159541
25 26 0.453857
25 35 -3.674920
25 125 -0.951339
26 27 -1.335110
26 36 0.227811
26 126 0.934678
27 28 -1.973586
27 37 1.373074
27 127 1.010695
28 29 -0.127670
28 38 0.820919
28 128 -1.668176
29 20 0.744140
29 39 -2.317053
29 129 0.694992
30 31 1.348445
30 40 0.273227
30 130 1.089989
31 32 -1.096856
31 41 -0.246787
31 131 -1.039223
32 33 -0.872881
32 42 1.907809
32 132 -0.318547
33 34 -0.535117
33 43 -0.119284
33 133 -2.505340
34 35 -0.915778
34 44 0.580865
34 134 -0.284642
35 36 -0.350127
35 45 1.581260
35 135 -0.866216
36 37 -0.623721
36 46 1.376643
36 136 -0.887855
37 38 -0.046698
37 47 -1.063710
37 137 -0.089503
38 39 0.355665
38 48 -0.076128
38 138 0.004919
39 30 1.553767
39 49 -0.249989
39 139 -0.574574
40 41 0.976319
40 50 0.798038
40 140 0.318482
41 42 0.384794
41 51 0.859310
41 141 -0.686893
42 43 -0.971088
42 52 -0.073808
42 142 1.602271
43 44 0.333797
43 53 -1.302646
43 143 -0.069289
44 45 -0.799370
44 54 0.991384
44 144 0.560384
45 46 -0.841989
45 55 -1.032252
45 145 0.902600
46 47 -0.557471
46 56 0.564908
46 146 -1.732337
47 48 -1.241298
47 57 1.044755
47 147 0.356827
48 49 1.340058
48 58 1.015650
48 148 1.016279
49 40 0.934442
49 59 -0.558376
49 149 2.305352
50 51 -1.450127
50 60 0.499260
50 150 1.421166
51 52 0.507010
51 61 -0.645557
51 151 -1.875199
52 53 1.896050
52 62 0.710371
52 152 -0.381751
53 54 0.424463
53 63 -1.031709
53 153 -0.822969
54 55 -0.373506
54 64 -0.801176
54 154 0.348889
55 56 -0.569898
55 65 0.817175
55 155 -1.144696
56 57 0.642586
56 66 -0.367484
56 156 -1.612592
57 58 1.238088
57 67 1.440887
57 157 -0.038861
58 59 -2.091399
58 68 -0.327896
58 158 -0.746377
59 50 0.586429
59 69 0.207814
59 159 -0.162561
60 61 0.097439
60 70 -0.062923
60 160 0.044969
61 62 -0.833009
61 71 1.950347
61 161 0.905688
62 63 -1.151038
62 72 1.013399
62 162 -0.126628
63 64 0.510728
63 73 0.903691
63 163 -0.793836
64 65 0.104879
64 74 0.630055
64 164 -0.224134
65 66 0.001129
65 75 -1.021601
65 165 1.391844
66 67 -1.543406
66 76 0.645384
66 166 -0.707365
67 68 0.648387
67 77 -1.040604
67 167 0.025894
68 69 -0.370690
68 78 0.758042
68 168 -0.095133
69 60 -0.099285
69 79 1.510204
69 169 -0.919243
70 71 0.250136
70 80 0.457551
70 170 -0.979508
71 72 0.509448
71 81 0.089840
71 171 -0.318267
72 73 0.152553
72 82 0.252435
72 172 -1.318672
73 74 0.649887
73 83 1.073573
73 173 0.515433
74 75 -0.462207
74 84 1.083685
74 174 -1.408309
75 76 0.018429
75 85 -0.655813
75 175 0.457522
76 77 0.921049
76 86 -0.300263
76 176 -0.414470
77 78 1.014092
77 87 0.236963
77 177 -0.021293
78 79 -0.999242
78 88 1.124626
78 178 -1.021773
79 70 0.300948
79 89 -0.093317
79 179 1.357634
80 81 0.714057
80 90 -0.142374
80 180 1.417979
81 82 -0.412523
81 91 1.387697
81 181 1.383143
82 83 0.958859
82 92 -0.268962
82 182 -0.012095
83 84 0.566542
83 93 -1.068028
83 183 0.093085
84 85 0.674900
84 94 1.319340
84 184 0.651239
85 86 -1.941084
85 95 0.121171
85 185 -1.156608
86 87 -1.855569
86 96 0.957670
86 186 1.697151
87 88 -0.541176
87 97 -0.279404
87 187 1.033460
88 89 1.582770
88 98 -0.135073
88 188 -1.309054
89 80 0.057509
89 99 0.101657
89 189 -0.272837
90 91 0.464403
90 0 -0.405543
90 190 -0.242016
91 92 -0.485692
91 1 1.498976
91 191 -0.680703
92 93 -0.718284
92 2 -0.093068
92 192 -0.513851
93 94 -1.475360
93 3 0.697871
93 193 1.553492
94 95 0.270119
94 4 -0.346895
94 194 0.974636
95 96 0.757601
95 5 -1.109600
95 195 -0.933412
96 97 0.230834
96 6 -0.784057
96 196 -0.030917
97 98 -1.701560
97 7 -0.008445
97 197 0.349797
98 99 -0.389169
98 8 2.120869
98 198 1.643965
99 90 1.765828
99 9 -2.542049
99 199 -1.532151
100 101 -0.671517
100 110 1.305269
100 200 -1.260221
101 102 0.720881
101 111 -0.654120
101 201 0.727317
102 103 -0.022876
102 112 -1.798580
102 202 0.612507
103 104 0.955547
103 113 2.150498
103 203 0.346571
104 105 0.758649
104 114 -0.819866
104 204 0.505756
105 106 0.079077
105 115 -1.853852
105 205 -0.214664
106 107 0.758901
106 116 1.231226
106 206 1.668605
107 108 1.245628
107 117 0.505969
107 207 1.530089
108 109 0.615601
108 118 -0.491930
108 208 -0.207834
109 100 2.605565
109 119 0.699594
109 209 -0.592986
110 111 0.451433
110 120 -0.018007
110 210 -0.202165
111 112 0.608392
111 121 -1.293501
111 211 -1.367349
112 113 2.173989
112 122 0.338748
112 212 0.647509
113 114 -0.657573
113 123 1.400356
113 213 -0.884683
114 115 -1.465000
114 124 0.726658
114 214 0.673099
115 116 0.227509
115 125 0.346793
115 215 -0.162720
116 117 -3.014121
116 126 1.084917
116 216 -0.864439
117 118 2.030217
117 127 -0.265703
117 217 -0.039223
118 119 -0.720833
118 128 1.465236
118 218 1.445079
119 110 1.618467
119 129 -0.613758
119 219 1.217879
120 121 -0.048279
120 130 -1.145493
120 220 0.258850
121 122 0.298901
121 131 -0.885696
121 221 0.717644
122 123 1.256485
122 132 0.522057
122 222 -0.538424
123 124 -1.479017
123 133 0.679300
123 223 0.459446
124 125 -0.104118
124 134 -0.562455
124 224 1.949043
125 126 0.296740
125 135 0.394974
125 225 -0.336401
126 127 -0.916556
126 136 0.284403
126 226 0.859790
127 128 -0.342036
127 137 0.830503
127 227 2.249284
128 129 0.794736
128 138 0.472853
128 228 0.908327
129 120 0.581906
129 139 -0.184334
129 229 -0.603154
130 131 0.573224
130 140 0.867217
130 230 -1.559124
131 132 -0.316043
131 141 -0.394727
131 231 -0.521871
132 133 0.739534
132 142 -1.565164
132 232 -0.102866
133 134 -1.181945
133 143 1.065709
133 233 -1.006181
134 135 2.370796
134 144 0.185216
134 234 0.887207
135 136 -0.836551
135 145 0.145649
135 235 1.689392
136 137 -1.115599
136 146 -0.970601
136 236 -0.561438
137 138 -0.740865
137 147 -2.624050
137 237 1.812079
138 139 -1.055110
138 148 -1.024006
138 238 -1.423611
139 130 1.530172
139 149 -0.279820
139 239 0.661189
140 141 -0.311580
140 150 -0.409451
140 240 -1.692050
141 142 -1.885655
141 151 -1.778586
141 241 0.717693
142 143 1.472437
142 152 -1.099775
142 242 -1.271174
143 144 -0.590776
143 153 2.181653
143 243 -0.502334
144 145 0.019525
144 154 0.458339
144 244 -2.057486
145 146 -0.827428
145 155 -0.476182
145 245 0.853925
146 147 -1.482007
146 156 1.473062
146 246 0.213306
147 148 0.854384
147 157 0.682347
147 247 0.718408
148 149 0.426563
148 158 -0.917552
148 248 -0.323425
149 140 0.588101
149 159 -0.514754
149 249 -0.452964
150 151 -0.463388
150 160 -0.740293
150 250 0.714979
151 152 0.337413
151 161 -0.057059
151 251 -0.376336
152 153 0.093849
152 162 -0.743536
152 252 -1.093643
153 154 0.616716
153 163 -2.408705
153 253 -0.083713
154 155 0.201468
154 164 0.457648
154 254 0.361418
155 156 -1.179494
155 165 -1.459490
155 255 -0.433051
156 157 0.131870
156 166 1.463698
156 256 -0.564665
157 158 -0.059530
157 167 -1.430654
157 257 0.270545
158 159 0.453865
158 168 -0.002961
158 258 1.614448
159 150 -0.462951
159 169 -1.077641
159 259 -0.206243
160 161 -0.895589
160 170 0.232641
160 260 0.588151
161 162 -1.641645
161 171 -0.268736
161 261 -0.800042
162 163 -0.389088
162 172 -0.483223
162 262 0.585823
163 164 -0.868090
163 173 1.974327
163 263 0.391309
164 165 -0.156047
164 174 1.648903
164 264 -1.387282
165 166 -0.007956
165 175 -1.105946
165 265 1.165053
166 167 -1.216465
166 176 1.050186
166 266 0.500043
167 168 -0.004961
167 177 -3.035406
167 267 -0.714193
168 169 -0.033245
168 178 0.553478
168 268 1.525993
169 160 -0.517814
169 179 1.004263
169 269 -0.177855
170 171 0.810751
170 180 0.282383
170 270 -0.272574
171 172 -0.814605
171 181 -0.936777
171 271 -1.128017
172 173 1.109366
172 182 -0.484443
172 272 1.177796
173 174 -0.164913
173 183 0.139169
173 273 1.324854
174 175 -0.020965
174 184 1.437924
174 274 0.709541
175 176 1.324782
175 185 1.118499
175 275 -0.186285
176 177 -0.987750
176 186 -1.090282
176 276 0.678046
177 178 1.310913
177 187 0.495268
177 277 0.204105
178 179 1.278317
178 188 0.668160
178 278 0.589186
179 170 -1.150792
179 189 0.048949
179 279 0.128888
180 181 0.013431
180 190 -0.242284
180 280 -1.137910
181 182 -0.892935
181 191 -1.715983
181 281 -1.457906
182 183 -1.589760
182 192 -1.003464
182 282 0.934111
183 184 -1.180144
183 193 -0.148256
183 283 -1.505788
184 185 1.735652
184 194 -1.855203
184 284 0.557344
185 186 -0.579679
185 195 0.812764
185 285 2.911549
186 187 -0.001561
186 196 -1.870834
186 286 -1.241471
187 188 0.948794
187 197 1.487823
187 287 0.058939
188 189 1.599661
188 198 0.804225
188 288 0.808825
189 180 -0.173930
189 199 0.628444
189 289 0.544188
190 191 -0.263413
190 100 0.990837
190 290 -0.774903
191 192 -2.151139
191 101 0.114992
191 291 1.070212
192 193 0.852789
192 102 0.930644
192 292 -1.882355
193 194 -0.055332
193 103 -0.057851
193 293 -2.034917
194 195 -0.374220
194 104 0.608032
194 294 -0.200530
195 196 -0.281113
195 105 -0.176719
195 295 0.907207
196 197 0.872900
196 106 -0.778201
196 296 -1.154001
197 198 0.065401
197 107 -0.537615
197 297 -0.551218
198 199 -0.579526
198 108 0.526398
198 298 -0.622469
199 190 2.105975
199 109 0.259837
199 299 1.004309
200 201 -0.000595
200 210 -0.322049
200 300 -0.987246
201 202 1.310835
201 211 0.951711
201 301 0.167068
202 203 0.568020
202 212 -1.226944
202 302 -1.378710
203 204 1.441125
203 213 0.203878
203 303 -0.163933
204 205 1.761830
204 214 0.683271
204 304 -0.001375
205 206 -0.154908
205 215 0.218686
205 305 -0.384068
206 207 -0.703898
206 216 0.531110
206 306 -0.396858
207 208 0.984186
207 217 0.731151
207 307 2.114264
208 209 0.027941
208 218 -0.604542
208 308 -0.562547
209 200 1.333470
209 219 -0.502141
209 309 0.590513
210 211 0.803326
210 220 -0.244836
210 310 0.762862
211 212 0.688050
211 221 -0.753623
211 311 -1.098987
212 213 -0.270453
212 222 -0.971126
212 312 2.470625
213 214 -0.553606
213 223 1.548511
213 313 -1.387403
214 215 0.452245
214 224 1.169951
214 314 -0.063473
215 216 0.511241
215 225 -2.211508
215 315 0.299969
216 217 -2.395294
216 226 -2.251897
216 316 0.266777
217 218 -0.192510
217 227 0.430799
217 317 0.462346
218 219 0.118065
218 228 2.458530
218 318 0.894420
219 210 -0.278345
219 229 -0.352607
219 319 2.126058
220 221 -0.523280
220 230 0.956853
220 320 0.965173
221 222 -0.642711
221 231 0.245185
221 321 -0.181276
222 223 0.025059
222 232 0.173247
222 322 -0.382004
223 224 0.013067
223 233 -0.287554
223 323 -0.745583
224 225 0.303598
224 234 0.403691
224 324 1.937963
225 226 0.393626
225 235 1.431637
225 325 0.448972
226 227 0.247850
226 236 1.162813
226 326 -0.040268
227 228 0.654594
227 237 1.234596
227 327 -1.185523
228 229 -0.001305
228 238 -2.751441
228 328 0.744906
229 220 -0.025125
229 239 -0.399500
229 329 0.399513
230 231 0.194132
230 240 1.149194
230 330 0.291222
231 232 0.508254
231 241 1.273710
231 331 -0.694899
232 233 -0.091686
232 242 -2.283386
232 332 -0.446054
233 234 0.060002
233 243 -1.165223
233 333 -1.005394
234 235 -0.905264
234 244 -0.291420
234 334 -0.214047
235 236 0.018010
235 245 -0.172962
235 335 -0.899803
236 237 0.295797
236 246 -0.123391
236 336 -0.565961
237 238 1.150813
237 247 1.392842
237 337 -0.165625
238 239 -1.006624
238 248 0.307796
238 338 -2.019444
239 230 -0.320086
239 249 0.368000
239 339 0.146850
240 241 0.967839
240 250 -0.881159
240 340 -0.330898
241 242 -2.271169
241 251 0.576295
241 341 -0.081908
242 243 -1.904654
242 252 0.497632
242 342 1.315897
243 244 -1.855169
243 253 -1.479766
243 343 0.487502
244 245 0.613841
244 254 -2.099341
244 344 -1.775768
245 246 0.903443
245 255 0.286065
245 345 0.130307
246 247 -0.649460
246 256 -0.491662
246 346 0.346248
247 248 -1.042973
247 257 0.690266
247 347 -0.602651
248 249 1.661988
248 258 -2.217838
248 348 -0.877654
249 240 0.423570
249 259 1.089565
249 349 0.257326
250 251 -0.806893
250 260 1.167549
250 350 -3.429683
251 252 0.341373
251 261 0.192057
251 351 -0.000618
252 253 0.189998
252 262 0.728261
252 352 0.324273
253 254 -0.297916
253 263 -1.319757
253 353 -0.109746
254 255 0.288787
254 264 0.475840
254 354 0.126728
255 256 0.159398
255 265 -2.374340
255 355 -1.245452
256 257 -0.194375
256 266 0.865437
256 356 -0.703210
257 258 -0.315307
257 267 -1.537012
257 357 2.646099
258 259 2.542916
258 268 0.346837
258 358 0.736744
259 250 0.325353
259 269 -0.973995
259 359 1.527305
260 261 0.828300
260 270 2.171890
260 360 1.519518
261 262 0.251503
261 271 -0.149558
261 361 -0.096014
262 263 0.277285
262 272 -0.681946
262 362 0.126379
263 264 0.028226
263 273 -0.410997
263 363 1.809342
264 265 1.585271
264 274 -0.901308
264 364 -1.181144
265 266 -1.443150
265 275 -0.398060
265 365 -0.579341
266 267 -0.853530
266 276 -0.701491
266 366 -0.530931
267 268 -0.091804
267 277 -1.922670
267 367 -0.944199
268 269 2.472531
268 278 -0.145293
268 368 0.097692
269 260 -0.350006
269 279 -0.450345
269 369 -0.207104
270 271 2.005291
270 280 0.867948
270 370 0.984720
271 272 -0.048149
271 281 -1.398661
271 371 0.311539
272 273 -2.251994
272 282 1.141111
272 372 0.609760
273 274 -1.324501
273 283 0.480450
273 373 1.299196
274 275 -0.631629
274 284 0.505342
274 374 -0.403415
275 276 -1.136922
275 285 -0.886524
275 375 0.349556
276 277 0.127700
276 286 0.718933
276 376 -1.117872
277 278 -2.888375
277 287 -1.181050
277 377 -0.148548
278 279 0.436410
278 288 -0.322911
278 378 0.934139
279 270 -0.837511
279 289 1.201715
279 379 -0.670122
280 281 -0.282625
280 290 -0.348624
280 380 0.531226
281 282 -0.072688
281 291 1.919955
281 381 -1.458601
282 283 1.215734
282 292 0.108027
282 382 -0.158153
283 284 -0.044037
283 293 -0.981514
283 383 -0.919180
284 285 0.844046
284 294 -0.955159
284 384 0.020863
285 286 -0.068590
285 295 0.921401
285 385 0.186393
286 287 1.438383
286 296 2.313265
286 386 -0.507078
287 288 0.324066
287 297 -1.204343
287 387 1.185815
288 289 0.612587
288 298 0.408342
288 388 1.082772
289 280 -0.752584
289 299 0.100266
289 389 -2.066646
290 291 -0.615903
290 200 -0.047403
290 390 0.542396
291 292 -0.424795
291 201 -1.596239
291 391 -0.353380
292 293 -0.022843
292 202 -0.508926
292 392 0.080833
293 294 0.989676
293 203 1.004634
293 393 0.623422
294 295 0.740941
294 204 -1.609420
294 394 1.599738
295 296 0.669656
295 205 -0.301329
295 395 0.579541
296 297 2.362702
296 206 -0.153567
296 396 -0.169764
297 298 -0.984106
297 207 -1.675542
297 397 0.183979
298 299 -0.436476
298 208 -0.110514
298 398 2.351240
299 290 0.327197
299 209 -0.836526
299 399 0.763059
300 301 0.529222
300 310 0.093479
300 400 -1.134541
301 302 0.864608
301 311 -0.871330
301 401 0.970568
302 303 0.602388
302 312 1.076277
302 402 0.253852
303 304 -0.576527
303 313 -0.910117
303 403 0.010547
304 305 0.229194
304 314 0.434323
304 404 -1.265903
305 306 1.139796
305 315 -1.184204
305 405 -0.202411
306 307 -0.584197
306 316 -0.908400
306 406 -0.699839
307 308 0.887009
307 317 -0.030129
307 407 0.117084
308 309 1.318415
308 318 -1.783972
308 408 -1.257630
309 300 0.950754
309 319 -0.662420
309 409 1.378430
310 311 0.407717
310 320 0.476092
310 410 -0.333722
311 312 -1.552254
311 321 -0.469299
311 411 -0.355401
312 313 -0.418422
312 322 -0.488446
312 412 -1.268813
313 314 0.557084
313 323 -0.527085
313 413 -0.206463
314 315 -2.655468
314 324 0.069171
314 414 -0.201085
315 316 1.302512
315 325 1.447287
315 415 0.237716
316 317 0.133016
316 326 0.771086
316 416 1.500518
317 318 0.827891
317 327 -0.033983
317 417 -0.170948
318 319 -0.085376
318 328 -1.491039
318 418 1.012746
319 310 1.122875
319 329 -0.651051
319 419 0.993237
320 321 -1.917218
320 330 -0.601932
320 420 -0.441744
321 322 -0.206622
321 331 -0.764850
321 421 1.583276
322 323 -0.689669
322 332 -0.270082
322 422 -0.475058
323 324 0.879409
323 333 0.101437
323 423 -0.818879
324 325 -0.276966
324 334 -1.398951
324 424 -1.196164
325 326 -0.061420
325 335 -1.589474
325 425 -0.705822
326 327 1.229423
326 336 -0.031885
326 426 0.780831
327 328 0.616082
327 337 -0.831922
327 427 -1.294589
328 329 0.884560
328 338 0.033477
328 428 -0.702455
329 320 -0.097610
329 339 0.160374
329 429 -0.150247
330 331 0.113286
330 340 -0.542306
330 430 -0.970458
331 332 -1.362577
331 341 0.653649
331 431 -0.138375
332 333 -1.723276
332 342 0.222247
332 432 1.058448
333 334 0.007340
333 343 -1.637901
333 433 0.966083
334 335 -0.958468
334 344 -0.165929
334 434 0.188321
335 336 -0.802505
335 345 0.056588
335 435 0.545403
336 337 -1.410503
336 346 -0.994474
336 436 -2.799436
337 338 1.536573
337 347 0.582185
337 437 -0.028175
338 339 -0.845717
338 348 1.362780
338 438 -0.019749
339 330 0.000704
339 349 -0.806448
339 439 -2.239419
340 341 -0.462740
340 350 -1.691264
340 440 1.054369
341 342 -0.129031
341 351 -0.390366
341 441 1.388788
342 343 -1.421512
342 352 -1.920726
342 442 0.593375
343 344 -0.881325
343 353 -0.068537
343 443 1.196456
344 345 0.764186
344 354 -0.141123
344 444 1.212124
345 346 -0.186470
345 355 1.555747
345 445 -1.694825
346 347 -0.253770
346 356 1.116459
346 446 -0.565475
347 348 -0.647636
347 357 1.007378
347 447 1.208859
348 349 0.761942
348 358 0.076356
348 448 -1.080482
349 340 -0.097820
349 359 0.416968
349 449 -0.546669
350 351 0.823004
350 360 1.163524
350 450 -1.841737
351 352 -0.461703
351 361 0.670312
351 451 0.875148
352 353 -0.335853
352 362 0.102881
352 452 -0.772300
353 354 -0.971539
353 363 -1.900402
353 453 1.102535
354 355 0.803335
354 364 0.251112
354 454 -0.807368
355 356 0.304971
355 365 0.651461
355 455 0.057138
356 357 -0.826397
356 366 -0.547718
356 456 -0.394911
357 358 0.475690
357 367 -0.138249
357 457 -0.383021
358 359 0.620602
358 368 0.466238
358 458 -0.707252
359 350 -0.094335
359 369 -2.637532
359 459 -1.432909
360 361 1.088815
360 370 0.113451
360 460 1.008748
361 362 0.480374
361 371 -0.577082
361 461 0.622085
362 363 0.502690
362 372 -0.300382
362 462 0.493487
363 364 -2.569042
363 373 -0.589030
363 463 -0.965981
364 365 0.055566
364 374 0.089651
364 464 -1.421459
365 366 1.208795
365 375 0.568700
365 465 1.382833
366 367 0.426725
366 376 -0.172623
366 466 1.448313
367 368 0.386084
367 377 0.909493
367 467 1.233923
368 369 1.386776
368 378 0.133732
368 468 -1.510914
369 360 -0.734334
369 379 -0.704680
369 469 0.669001
370 371 0.734716
370 380 -1.310161
370 470 0.361006
371 372 -0.065380
371 381 -0.566499
371 471 -2.904878
372 373 -0.447083
372 382 1.147190
372 472 1.132077
373 374 1.729537
373 383 -1.776075
373 473 0.436313
374 375 0.577093
374 384 0.208812
374 474 0.625384
375 376 -0.938087
375 385 0.702988
375 475 -0.247097
376 377 0.440796
376 386 0.908495
376 476 0.124733
377 378 1.293957
377 387 -0.672808
377 477 -0.082264
378 379 0.098023
378 388 -1.329972
378 478 -1.276684
379 370 -1.443498
379 389 -0.965485
379 479 -0.212992
380 381 0.204419
380 390 -0.940197
380 480 0.368457
381 382 -0.567945
381 391 -1.976564
381 481 0.033474
382 383 -0.079628
382 392 -0.866939
382 482 1.117077
383 384 -1.352231
383 393 -0.183470
383 483 1.316456
384 385 -0.232736
384 394 1.941018
384 484 1.362283
385 386 0.342030
385 395 2.101935
385 485 1.760565
386 387 -0.295000
386 396 -0.404580
386 486 -1.639198
387 388 0.521828
387 397 0.836429
387 487 -0.576390
388 389 0.745416
388 398 0.483615
388 488 -2.797824
389 380 0.225258
389 399 -1.287561
389 489 -0.127564
390 391 0.843803
390 300 0.312051
390 490 0.013651
391 392 0.939901
391 301 0.795374
391 491 0.197568
392 393 -0.508099
392 302 0.947290
392 492 -0.591085
393 394 -0.030217
393 303 -0.141504
393 493 -0.898571
394 395 -0.245011
394 304 0.850343
394 494 1.132672
395 396 0.092434
395 305 -0.670339
395 495 -1.770295
396 397 0.608445
396 306 -0.554852
396 496 -0.812383
397 398 -1.153083
397 307 -2.307360
397 497 -0.605072
398 399 0.363584
398 308 -0.783656
398 498 0.204003
399 390 -1.762963
399 309 1.118194
399 499 0.977655
400 401 0.250924
400 410 0.810548
400 500 1.238760
401 402 0.936415
401 411 0.330239
401 501 0.032109
402 403 -1.734647
402 412 -0.239374
402 502 0.713377
403 404 -0.759204
403 413 1.632200
403 503 1.286350
404 405 0.838319
404 414 -0.237926
404 504 3.561069
405 406 1.169262
405 415 0.295866
405 505 -0.202504
406 407 -1.111673
406 416 0.035431
406 506 -0.794935
407 408 -0.605861
407 417 0.159746
407 507 -0.668506
408 409 -0.001168
408 418 0.115066
408 508 0.853989
409 400 -0.940285
409 419 -1.484754
409 509 0.191978
410 411 0.941807
410 420 -0.003125
410 510 0.103979
411 412 -0.750863
411 421 1.752879
411 511 0.914530
412 413 -1.409481
412 422 -0.202728
412 512 -1.275214
413 414 -0.118393
413 423 -0.573940
413 513 -0.211327
414 415 -0.007034
414 424 -0.445462
414 514 0.427690
415 416 -0.310357
415 425 -0.510490
415 515 -2.165137
416 417 0.187292
416 426 0.935355
416 516 1.222038
417 418 -1.192913
417 427 1.172243
417 517 -1.250578
418 419 -0.111268
418 428 -2.306784
418 518 -1.196985
419 410 -0.561241
419 429 -1.005213
419 519 0.814671
420 421 -0.940107
420 430 0.781031
420 520 0.221754
421 422 0.856353
421 431 -0.250991
421 521 -1.490589
422 423 0.737629
422 432 1.274726
422 522 0.741174
423 424 0.417130
423 433 -0.509761
423 523 1.878195
424 425 0.719239
424 434 -1.256699
424 524 -0.084351
425 426 -2.134054
425 435 -1.382566
425 525 -1.264632
426 427 -0.955349
426 436 -0.457509
426 526 -0.026775
427 428 -2.279489
427 437 -1.854924
427 527 -0.091879
428 429 -0.105958
428 438 -2.370428
428 528 -0.446331
429 420 1.142351
429 439 1.493132
429 529 0.590769
430 431 -0.088227
430 440 -0.047134
430 530 -0.485110
431 432 -1.381550
431 441 -0.277525
431 531 -1.555913
432 433 -0.127861
432 442 -0.648944
432 532 -2.128174
433 434 -0.576033
433 443 0.222002
433 533 0.476036
434 435 -0.201427
434 444 2.501470
434 534 0.708428
435 436 1.180155
435 445 -0.766580
435 535 -1.546484
436 437 0.824525
436 446 0.516636
436 536 -1.085845
437 438 0.655277
437 447 -1.768984
437 537 -0.398165
438 439 -1.654847
438 448 -0.856329
438 538 0.633016
439 430 0.153720
439 449 -1.155540
439 539 -0.962038
440 441 -1.439922
440 450 -1.348710
440 540 0.696484
441 442 -1.588911
441 451 -0.164495
441 541 1.127337
442 443 -1.119236
442 452 1.412567
442 542 0.775889
443 444 -0.207439
443 453 1.357702
443 543 -0.535383
444 445 -1.225770
444 454 -1.241832
444 544 1.202901
445 446 0.489063
445 455 0.826471
445 545 1.932880
446 447 0.754110
446 456 1.798486
446 546 -0.944665
447 448 1.055587
447 457 0.037698
447 547 0.396376
448 449 -1.175210
448 458 -1.007056
448 548 0.311251
449 440 -0.127400
449 459 0.272655
449 549 -0.042181
450 451 -0.489700
450 460 -0.254662
450 550 0.643305
451 452 0.083633
451 461 -0.533868
451 551 0.912654
452 453 0.166480
452 462 -0.327135
452 552 0.390539
453 454 -0.115834
453 463 -0.295051
453 553 -1.597515
454 455 1.117114
454 464 -0.885532
454 554 0.432792
455 456 0.015281
455 465 0.397657
455 555 0.153776
456 457 0.320155
456 466 0.042356
456 556 -1.655843
457 458 0.659799
457 467 0.836713
457 557 0.027560
458 459 1.054839
458 468 0.282788
458 558 -1.006874
459 450 0.092027
459 469 -0.121330
459 559 1.680990
460 461 1.852381
460 470 0.517014
460 560 -1.155846
461 462 0.831167
461 471 -1.518599
461 561 -0.343452
462 463 -0.443892
462 472 0.965460
462 562 2.012715
463 464 -2.055546
463 473 -0.529093
463 563 0.362458
464 465 -0.520632
464 474 0.296658
464 564 0.418345
465 466 0.729910
465 475 0.016547
465 565 -0.559788
466 467 -0.869806
466 476 -0.452082
466 566 0.756755
467 468 1.080401
467 477 0.404949
467 567 1.467643
468 469 -0.183438
468 478 1.999410
468 568 -1.643807
469 460 -0.033093
469 479 0.715555
469 569 -1.561028
470 471 -1.883650
470 480 -0.151812
470 570 -0.029945
471 472 -0.946906
471 481 -3.420477
471 571 0.526234
472 473 -0.669477
472 482 0.108713
472 572 0.150578
473 474 -1.765608
473 483 -1.579719
473 573 0.716881
474 475 0.912166
474 484 -0.237258
474 574 0.211826
475 476 -0.066487
475 485 -0.760079
475 575 0.619650
476 477 -1.747539
476 486 0.228862
476 576 1.598978
477 478 -1.490139
477 487 0.889591
477 577 -1.189937
478 479 -1.458007
478 488 0.174217
478 578 -1.030346
479 470 -0.457269
479 489 0.026950
479 579 -1.820545
480 481 1.393918
480 490 -1.004880
480 580 -1.057235
481 482 -1.968346
481 491 -1.489454
481 581 -0.154690
482 483 -0.190190
482 492 -0.098929
482 582 0.167110
483 484 -0.555750
483 493 0.480956
483 583 0.086491
484 485 0.605394
484 494 1.236903
484 584 1.429779
485 486 1.464893
485 495 -1.223432
485 585 1.743690
486 487 -0.859452
486 496 -0.447177
486 586 1.561934
487 488 -0.944602
487 497 -1.399368
487 587 0.214971
488 489 -0.607873
488 498 -1.439865
488 588 1.067028
489 480 1.075108
489 499 -0.235673
489 589 -0.238691
490 491 -0.430907
490 400 -0.690991
490 590 1.310976
491 492 -1.625921
491 401 0.372890
491 591 -0.208251
492 493 0.799764
492 402 0.023407
492 592 0.403421
493 494 -0.208934
493 403 -2.010887
493 593 -0.733954
494 495 -1.257473
494 404 -1.176233
494 594 0.815458
495 496 -1.996425
495 405 0.101854
495 595 0.488936
496 497 0.090044
496 406 1.243516
496 596 -0.555278
497 498 -1.215188
497 407 -0.770991
497 597 -1.255532
498 499 0.677301
498 408 1.299581
498 598 -1.557856
499 490 -0.626297
499 409 -1.289757
499 599 0.538694
500 501 2.393451
500 510 1.304599
500 600 0.796664
501 502 1.277420
501 511 0.062346
501 601 -0.188529
502 503 -0.847158
502 512 1.378693
502 602 1.224324
503 504 -0.547094
503 513 0.507004
503 603 0.102027
504 505 -2.994603
504 514 -0.569262
504 604 0.210427
505 506 1.058362
505 515 -0.054533
505 605 0.776591
506 507 1.485350
506 516 0.449197
506 606 -0.549055
507 508 -0.476777
507 517 0.511460
507 607 0.058773
508 509 0.417117
508 518 -0.244426
508 608 -0.156754
509 500 1.085858
509 519 -1.277109
509 609 -0.361162
510 511 -0.229359
510 520 1.491349
510 610 -0.396210
511 512 -0.111664
511 521 -2.015270
511 611 -0.549260
512 513 0.238021
512 522 -0.475364
512 612 0.370710
513 514 2.000673
513 523 -0.171800
513 613 1.119343
514 515 -0.065753
514 524 -0.151736
514 614 0.462293
515 516 0.428311
515 525 0.437459
515 615 -1.987783
516 517 0.734842
516 526 -1.193106
516 616 0.285035
517 518 0.064209
517 527 -1.009329
517 617 -0.271430
518 519 0.420780
518 528 -0.468756
518 618 0.213774
519 510 0.059022
519 529 -0.067895
519 619 0.318756
520 521 -0.567052
520 530 2.595653
520 620 0.844524
521 522 -0.606558
521 531 1.616329
521 621 -0.726286
522 523 -0.010568
522 532 -1.041557
522 622 0.181250
523 524 -1.131192
523 533 -1.118573
523 623 -0.602880
524 525 -0.085106
524 534 0.715699
524 624 1.116034
525 526 -1.167985
525 535 0.034715
525 625 -2.023459
526 527 0.410227
526 536 -0.194720
526 626 -1.197792
527 528 1.410976
527 537 -0.712384
527 627 -0.313053
528 529 1.202947
528 538 -0.258465
528 628 -0.223349
529 520 1.945770
529 539 -0.814835
529 629 -0.529076
530 531 0.977792
530 540 1.654972
530 630 0.620858
531 532 1.622305
531 541 -1.051898
531 631 0.869807
532 533 1.089398
532 542 1.354165
532 632 -1.552358
533 534 0.681676
533 543 1.061286
533 633 0.816646
534 535 0.834449
534 544 0.403706
534 634 0.949771
535 536 0.945551
535 545 1.243223
535 635 -2.456724
536 537 0.871641
536 546 -0.574091
536 636 0.547835
537 538 2.387215
537 547 1.057875
537 637 1.196612
538 539 0.408585
538 548 -0.170844
538 638 -0.897705
539 530 0.471760
539 549 1.262524
539 639 3.228435
540 541 0.041088
540 550 -0.481209
540 640 -0.465008
541 542 1.005317
541 551 1.512412
541 641 0.256459
542 543 1.238569
542 552 0.995749
542 642 0.524293
543 544 1.041201
543 553 0.285672
543 643 0.474377
544 545 0.223660
544 554 -1.166318
544 644 2.095388
545 546 -0.042814
545 555 0.153556
545 645 -0.896879
546 547 0.226849
546 556 0.143198
546 646 0.167859
547 548 -0.782449
547 557 1.359281
547 647 -0.771160
548 549 0.829101
548 558 -0.363058
548 648 0.937163
549 540 0.289748
549 559 -1.492518
549 649 0.409357
550 551 -1.036297
550 560 1.818664
550 650 0.412122
551 552 0.043847
551 561 -1.626359
551 651 1.044061
552 553 -0.415069
552 562 -0.686870
552 652 -0.769652
553 554 1.824475
553 563 -0.404699
553 653 1.854342
554 555 1.439322
554 564 -0.516161
554 654 -0.204169
555 556 0.750573
555 565 0.398601
555 655 -0.727481
556 557 -0.013925
556 566 -0.472518
556 656 0.916360
557 558 -0.292741
557 567 0.274528
557 657 0.525294
558 559 -1.097385
558 568 0.819625
558 658 -0.187776
559 550 -0.336596
559 569 0.117932
559 659 0.265799
560 561 1.270646
560 570 -0.062468
560 660 -1.197033
561 562 -1.895088
561 571 1.694688
561 661 -0.410730
562 563 0.290963
562 572 0.842449
562 662 -0.515097
563 564 -0.836886
563 573 -1.242389
563 663 -0.007850
564 565 0.191881
564 574 1.311340
564 664 -1.437595
565 566 1.886575
565 575 -0.031283
565 665 -0.179340
566 567 -1.155892
566 576 1.853420
566 666 0.172376
567 568 1.150250
567 577 1.354847
567 667 1.992678
568 569 -1.619837
568 578 -0.871065
568 668 0.000567
569 560 -1.505636
569 579 0.208358
569 669 -0.972921
570 571 -0.151948
570 580 -0.118862
570 670 -0.334509
571 572 -0.839719
571 581 -0.126444
571 671 0.199025
572 573 -2.799884
572 582 -0.614568
572 672 -0.208370
573 574 1.031327
573 583 0.269332
573 673 -0.536319
574 575 -0.600418
574 584 -1.663444
574 674 -0.962346
575 576 -0.113299
575 585 0.627625
575 675 0.128411
576 577 -1.082598
576 586 -1.204815
576 676 -1.261434
577 578 -0.632197
577 587 -0.371254
577 677 -0.681429
578 579 -0.784116
578 588 -0.070953
578 678 -0.299481
579 570 0.519497
579 589 -0.106283
579 679 0.954789
580 581 -1.330502
580 590 -0.414862
580 680 -1.166429
581 582 -0.310652
581 591 -0.376274
581 681 0.853239
582 583 0.406881
582 592 -1.197696
582 682 -0.030729
583 584 0.880382
583 593 0.459493
583 683 -0.015896
584 585 -0.022220
584 594 -0.874884
584 684 1.118624
585 586 -0.410638
585 595 -1.846037
585 685 -1.178431
586 587 1.083205
586 596 0.961922
586 686 -0.618749
587 588 -0.164702
587 597 -0.162302
587 687 0.812319
588 589 0.513246
588 598 -0.420284
588 688 -2.750725
589 580 0.110338
589 599 0.777046
589 689 -0.715511
590 591 -0.324199
590 500 0.398729
590 690 -0.187785
591 592 0.109739
591 501 1.621930
591 691 0.770956
592 593 1.334231
592 502 0.346747
592 692 0.612700
593 594 2.064605
593 503 1.324940
593 693 -1.167040
594 595 1.192397
594 504 -0.694020
594 694 1.824353
595 596 -0.833780
595 505 -0.346681
595 695 0.230810
596 597 0.452998
596 506 -0.497434
596 696 -0.286854
597 598 0.593409
597 507 -0.286844
597 697 0.716452
598 599 0.630125
598 508 -1.128708
598 698 -0.381634
599 590 -1.674325
599 509 -1.286890
599 699 -0.370983
600 601 -0.080071
600 610 0.198759
600 700 2.309205
601 602 -0.954715
601 611 1.247129
601 701 -0.211639
602 603 1.118362
602 612 -0.246193
602 702 -0.183148
603 604 -1.293769
603 613 0.017702
603 703 0.068432
604 605 1.730512
604 614 0.754772
604 704 1.850955
605 606 -0.150704
605 615 0.286363
605 705 -0.115456
606 607 1.139861
606 616 1.615525
606 706 0.595183
607 608 2.263030
607 617 -0.375546
607 707 1.423110
608 609 0.512434
608 618 0.039987
608 708 0.664357
609 600 1.062410
609 619 -0.774785
609 709 -0.473901
610 611 -2.996236
610 620 -2.064269
610 710 0.315546
611 612 1.749112
611 621 -0.846492
611 711 1.247802
612 613 0.689182
612 622 -0.488562
612 712 1.291238
613 614 0.840290
613 623 -0.047849
613 713 -0.562839
614 615 1.169270
614 624 -0.303597
614 714 0.342616
615 616 0.614004
615 625 2.711250
615 715 0.573197
616 617 1.129886
616 626 0.019446
616 716 -0.328033
617 618 -0.460207
617 627 0.680944
617 717 -0.007861
618 619 0.473894
618 628 -0.538094
618 718 0.104669
619 610 1.193130
619 629 -0.143550
619 719 -0.762906
620 621 -0.791661
620 630 1.311019
620 720 -0.442597
621 622 0.293763
621 631 0.443314
621 721 -1.163902
622 623 0.851201
622 632 -0.877658
622 722 0.105994
623 624 -0.829736
623 633 0.354620
623 723 0.526565
624 625 -0.820970
624 634 2.012082
624 724 1.864955
625 626 0.392459
625 635 -0.384482
625 725 1.149301
626 627 0.405716
626 636 -0.510169
626 726 -0.088468
627 628 -1.112887
627 637 -0.715701
627 727 1.099739
628 629 -1.817008
628 638 -3.026728
628 728 -1.472672
629 620 -0.887244
629 639 -0.607662
629 729 0.970009
630 631 -1.380356
630 640 -1.033750
630 730 0.040160
631 632 -1.336379
631 641 -0.752056
631 731 -1.807435
632 633 -0.901248
632 642 0.896409
632 732 0.189451
633 634 1.128851
633 643 -0.424028
633 733 0.893921
634 635 -0.319085
634 644 1.108656
634 734 -1.930203
635 636 0.468221
635 645 -0.129987
635 735 0.759321
636 637 -1.238776
636 646 1.502297
636 736 1.759878
637 638 0.346075
637 647 -0.833502
637 737 1.129619
638 639 0.639223
638 648 1.397202
638 738 1.376235
639 630 0.486354
639 649 1.374672
639 739 -0.686448
640 641 0.532178
640 650 0.314413
640 740 0.160812
641 642 -0.009703
641 651 0.033393
641 741 0.660579
642 643 1.013995
642 652 0.377360
642 742 0.830119
643 644 1.318408
643 653 -0.706147
643 743 -0.253767
644 645 -0.519090
644 654 0.752618
644 744 -0.373511
645 646 -0.560943
645 655 2.060425
645 745 -0.068559
646 647 -0.929838
646 656 1.123322
646 746 -0.124477
647 648 -0.059513
647 657 1.521632
647 747 0.041591
648 649 -0.555970
648 658 -1.431339
648 748 0.126937
649 640 0.006251
649 659 0.040371
649 749 -0.602818
650 651 -0.206306
650 660 0.029177
650 750 0.138069
651 652 -1.894599
651 661 -1.947033
651 751 1.662304
652 653 0.024851
652 662 0.726357
652 752 1.507363
653 654 -1.393194
653 663 1.705993
653 753 1.489235
654 655 -0.320013
654 664 0.432141
654 754 -1.388899
655 656 -0.243232
655 665 0.617166
655 755 2.142196
656 657 1.412282
656 666 -0.006634
656 756 -0.076480
657 658 0.565752
657 667 0.659909
657 757 0.536602
658 659 0.554792
658 668 -0.407671
658 758 -1.361387
659 650 0.697864
659 669 -1.739112
659 759 0.674209
660 661 -0.089636
660 670 0.103461
660 760 0.916867
661 662 0.474694
661 671 -1.094115
661 761 -0.938788
662 663 -0.210155
662 672 -1.089502
662 762 0.521793
663 664 -1.681431
663 673 -0.042138
663 763 1.934271
664 665 -0.044715
664 674 0.427148
664 764 0.452932
665 666 -1.419659
665 675 -1.625777
665 765 -0.927550
666 667 1.090753
666 676 -0.520207
666 766 -0.913283
667 668 0.566132
667 677 -0.794603
667 767 0.723081
668 669 1.441619
668 678 0.037143
668 768 0.513090
669 660 -0.798615
669 679 0.152724
669 769 -0.903420
670 671 -2.492583
670 680 -0.357829
670 770 0.053663
671 672 0.714472
671 681 -0.965528
671 771 1.590867
672 673 0.813876
672 682 -2.081222
672 772 1.129031
673 674 -0.207240
673 683 1.286367
673 773 0.360546
674 675 0.963032
674 684 -1.172961
674 774 0.598388
675 676 0.744413
675 685 -0.185467
675 775 1.330518
676 677 0.414358
676 686 0.471703
676 776 -0.676323
677 678 -0.704619
677 687 -0.593508
677 777 -1.824506
678 679 1.136781
678 688 -0.495785
678 778 1.130505
679 670 0.084893
679 689 0.727140
679 779 0.324734
680 681 -0.868964
680 690 -0.846198
680 780 0.686286
681 682 -1.545955
681 691 1.237386
681 781 -0.824518
682 683 -0.864409
682 692 1.453139
682 782 -0.844285
683 684 0.457440
683 693 0.179978
683 783 -2.195236
684 685 0.116139
684 694 1.155186
684 784 0.289520
685 686 1.682250
685 695 1.075185
685 785 -1.968463
686 687 -0.226051
686 696 1.049418
686 786 0.228055
687 688 -0.572576
687 697 -1.824182
687 787 1.494207
688 689 0.623303
688 698 1.359829
688 788 -1.054787
689 680 0.230842
689 699 1.328440
689 789 -0.339670
690 691 1.643410
690 600 -2.398366
690 790 1.156310
691 692 -1.243320
691 601 -1.480793
691 791 0.423752
692 693 -1.281123
692 602 0.056817
692 792 -0.965225
693 694 0.943219
693 603 2.347393
693 793 -0.280293
694 695 0.747097
694 604 0.165023
694 794 1.266678
695 696 0.669342
695 605 -0.604491
695 795 -1.301448
696 697 -0.114572
696 606 -0.865499
696 796 1.354365
697 698 -1.299472
697 607 -0.721889
697 797 0.461754
698 699 1.860037
698 608 0.892601
698 798 0.808177
699 690 0.131889
699 609 -0.234898
699 799 -0.274691
700 701 0.144157
700 710 -0.275100
700 800 1.924250
701 702 -0.553067
701 711 -0.345937
701 801 0.518941
702 703 0.398929
702 712 0.009601
702 802 -2.105918
703 704 1.021391
703 713 -1.052318
703 803 1.357969
704 705 -0.854612
704 714 -0.784432
704 804 0.315724
705 706 -0.327400
705 715 0.571921
705 805 0.873879
706 707 -0.185129
706 716 0.138432
706 806 0.389386
707 708 -0.230013
707 717 -1.519838
707 807 -0.379251
708 709 0.451102
708 718 0.279598
708 808 0.218291
709 700 -1.177803
709 719 0.042322
709 809 -0.404082
710 711 -1.928294
710 720 0.611752
710 810 -0.738460
711 712 -0.735473
711 721 0.080756
711 811 -1.381251
712 713 1.988402
712 722 -0.474338
712 812 0.734105
713 714 0.632470
713 723 -1.230506
713 813 1.052426
714 715 0.770390
714 724 0.175808
714 814 -0.791082
715 716 0.663209
715 725 -2.374635
715 815 0.372693
716 717 1.640548
716 726 -0.660006
716 816 0.738470
717 718 -0.122052
717 727 -1.059316
717 817 0.111452
718 719 0.892717
718 728 0.208184
718 818 0.175988
719 710 -1.469579
719 729 -1.336175
719 819 -0.041536
720 721 0.070650
720 730 -0.753872
720 820 -1.631685
721 722 -0.488142
721 731 0.918775
721 821 0.927797
722 723 1.144675
722 732 0.996838
722 822 -1.463846
723 724 -2.583727
723 733 0.808120
723 823 1.431837
724 725 -0.282313
724 734 -0.342024
724 824 0.303211
725 726 -0.203742
725 735 -0.389922
725 825 0.757581
726 727 -0.950758
726 736 -0.415057
726 826 -0.686216
727 728 -1.250436
727 737 -0.457079
727 827 1.842593
728 729 -0.436013
728 738 -0.473352
728 828 0.771192
729 720 -0.099609
729 739 -0.850073
729 829 -1.181102
730 731 -0.805780
730 740 -0.811154
730 830 1.341285
731 732 -1.282047
731 741 -0.470766
731 831 -0.926188
732 733 -0.623224
732 742 0.556007
732 832 0.267809
733 734 0.830422
733 743 -0.295762
733 833 -1.067264
734 735 0.005168
734 744 1.067741
734 834 0.449008
735 736 1.606219
735 745 1.518065
735 835 0.051682
736 737 1.102863
736 746 1.074653
736 836 1.228881
737 738 -0.230117
737 747 -0.300828
737 837 0.652270
738 739 0.116681
738 748 -1.164158
738 838 -0.854847
739 730 -1.178068
739 749 -2.442690
739 839 -0.599340
740 741 -0.153418
740 750 -1.380150
740 840 -0.397581
741 742 0.654592
741 751 -1.000417
741 841 0.127521
742 743 -0.118080
742 752 0.870276
742 842 -0.169210
743 744 0.775994
743 753 0.361621
743 843 0.345805
744 745 -0.548040
744 754 0.362926
744 844 -0.696562
745 746 -1.570171
745 755 0.498322
745 845 -1.331309
746 747 1.316796
746 756 -0.885881
746 846 -0.797041
747 748 0.536617
747 757 -1.109387
747 847 -0.529062
748 749 0.514116
748 758 -1.522860
748 848 0.949001
749 740 -0.350856
749 759 1.548986
749 849 1.013710
750 751 -0.514023
750 760 -0.229223
750 850 -0.779874
751 752 -0.466581
751 761 -0.074112
751 851 1.235088
752 753 -0.354296
752 762 1.976383
752 852 0.239252
753 754 -1.485206
753 763 -0.224439
753 853 -2.087303
754 755 1.342534
754 764 4.361001
754 854 0.620824
755 756 -1.362889
755 765 1.097770
755 855 0.210492
756 757 -0.010618
756 766 0.252525
756 856 -1.183453
757 758 -0.726361
757 767 -0.513545
757 857 0.588455
758 759 -0.978122
758 768 0.500835
758 858 0.196988
759 750 -1.177188
759 769 -1.595863
759 859 0.066299
760 761 -1.122752
760 770 -1.070381
760 860 1.609079
761 762 -0.581568
761 771 -1.584470
761 861 -0.937386
762 763 0.193167
762 772 -1.756073
762 862 1.516420
763 764 0.539450
763 773 1.503646
763 863 0.973323
764 765 -0.527702
764 774 -0.367282
764 864 -0.293462
765 766 -0.630588
765 775 0.020253
765 865 0.840201
766 767 -0.410222
766 776 0.104221
766 866 1.408400
767 768 -0.802262
767 777 0.601501
767 867 -1.733397
768 769 -1.096235
768 778 -0.732085
768 868 2.286679
769 760 -0.757597
769 779 0.685435
769 869 -0.582896
770 771 -0.594054
770 780 -0.615316
770 870 1.863680
771 772 -0.008616
771 781 0.473494
771 871 -0.387906
772 773 -0.962060
772 782 -0.731707
772 872 0.497427
773 774 0.899439
773 783 0.234804
773 873 0.461597
774 775 -0.502173
774 784 0.698462
774 874 -1.153490
775 776 0.098855
775 785 -1.721648
775 875 -0.756330
776 777 0.191735
776 786 0.174035
776 876 -0.350496
777 778 0.644334
777 787 -1.996357
777 877 0.545319
778 779 -0.438067
778 788 0.198546
778 878 -0.231612
779 770 0.248891
779 789 -2.263789
779 879 -0.629459
780 781 1.036962
780 790 -0.891942
780 880 1.358551
781 782 -0.686105
781 791 0.852563
781 881 1.371859
782 783 0.515689
782 792 -0.850696
782 882 -1.590810
783 784 -0.191390
783 793 0.522001
783 883 0.206894
784 785 -0.899702
784 794 1.966368
784 884 -0.063632
785 786 0.457452
785 795 1.532764
785 885 -0.247415
786 787 -0.745445
786 796 -0.176984
786 886 -0.086259
787 788 -1.553348
787 797 0.419988
787 887 -1.867259
788 789 0.934324
788 798 -0.369802
788 888 -0.991078
789 780 0.029885
789 799 0.240897
789 889 1.232214
790 791 0.726940
790 700 2.107010
790 890 0.757323
791 792 -0.947072
791 701 1.462834
791 891 -0.301747
792 793 -1.169864
792 702 1.179156
792 892 -0.166612
793 794 0.548611
793 703 -0.286178
793 893 1.047320
794 795 0.205936
794 704 -0.339919
794 894 -0.944126
795 796 0.919138
795 705 -0.737092
795 895 2.426834
796 797 -1.406883
796 706 -1.566778
796 896 0.042635
797 798 -1.164261
797 707 -0.714894
797 897 -0.007479
798 799 -0.348024
798 708 0.204173
798 898 1.627729
799 790 0.403268
799 709 -0.299337
799 899 -1.291528
800 801 0.621701
800 810 -0.174901
800 900 0.771838
801 802 1.108032
801 811 1.663700
801 901 -1.038015
802 803 0.296226
802 812 -1.138515
802 902 0.776909
803 804 0.473201
803 813 -0.816906
803 903 -2.314908
804 805 0.696699
804 814 -1.750984
804 904 -0.984456
805 806 0.737036
805 815 0.548297
805 905 -0.605242
806 807 -0.957056
806 816 -0.016698
806 906 0.816545
807 808 0.678465
807 817 0.042240
807 907 0.516588
808 809 3.128605
808 818 -0.351172
808 908 -0.787814
809 800 0.375949
809 819 0.493309
809 909 -0.333597
810 811 -0.109674
810 820 -1.143758
810 910 -0.516063
811 812 0.517204
811 821 -1.516718
811 911 1.445409
812 813 -0.311575
812 822 0.661507
812 912 -0.712232
813 814 0.392324
813 823 2.318929
813 913 0.813740
814 815 0.277269
814 824 -1.097107
814 914 -0.119348
815 816 -1.527739
815 825 -0.823044
815 915 0.594850
816 817 -0.706358
816 826 -0.704603
816 916 -1.689141
817 818 -0.080739
817 827 -2.208987
817 917 -1.376954
818 819 -2.522044
818 828 0.163714
818 918 -0.389951
819 810 0.753491
819 829 0.818313
819 919 -0.003879
820 821 1.913934
820 830 0.481069
820 920 0.010081
821 822 -0.192570
821 831 -0.020197
821 921 -0.525780
822 823 0.221487
822 832 0.227309
822 922 -1.412065
823 824 -0.249806
823 833 -0.055219
823 923 -1.005711
824 825 -1.034415
824 834 -0.825486
824 924 0.971504
825 826 -0.562810
825 835 0.157251
825 925 0.866850
826 827 0.334195
826 836 -3.414032
826 926 -0.015945
827 828 0.973313
827 837 1.333723
827 927 0.725943
828 829 1.017444
828 838 -1.882169
828 928 -2.054647
829 820 -0.117011
829 839 2.054853
829 929 0.483059
830 831 -0.197928
830 840 -1.261679
830 930 1.340697
831 832 -0.331831
831 841 -0.543650
831 931 -0.253422
832 833 0.285893
832 842 -0.559128
832 932 -2.996340
833 834 -2.036387
833 843 -0.748164
833 933 -0.855879
834 835 0.681722
834 844 2.161327
834 934 -1.554290
835 836 0.353495
835 845 0.611955
835 935 0.828187
836 837 -0.386225
836 846 0.477879
836 936 -0.378334
837 838 -0.294218
837 847 -1.577883
837 937 -0.733745
838 839 -1.073873
838 848 -1.037694
838 938 -0.179528
839 830 2.360450
839 849 0.433550
839 939 -0.396518
840 841 0.484615
840 850 -0.820948
840 940 -0.808601
841 842 0.717116
841 851 0.386048
841 941 -1.039564
842 843 -0.806247
842 852 0.064486
842 942 1.624052
843 844 -1.207872
843 853 2.131276
843 943 -1.416631
844 845 0.495023
844 854 0.035744
844 944 1.731907
845 846 0.380121
845 855 1.332684
845 945 -0.045199
846 847 1.036196
846 856 0.378188
846 946 0.052527
847 848 -0.645595
847 857 -0.364235
847 947 -0.627247
848 849 -0.488472
848 858 -1.252081
848 948 -1.466192
849 840 -1.526045
849 859 0.356034
849 949 0.968954
850 851 1.252627
850 860 -0.161404
850 950 0.969675
851 852 -0.210554
851 861 0.704535
851 951 0.447945
852 853 0.812879
852 862 0.512720
852 952 -0.436177
853 854 2.655106
853 863 1.601836
853 953 1.189094
854 855 -0.361151
854 864 0.396750
854 954 -2.794422
855 856 -0.124415
855 865 -1.046236
855 955 2.582088
856 857 2.524030
856 866 0.876098
856 956 -1.115760
857 858 -0.502870
857 867 -1.062203
857 957 -0.380718
858 859 3.258168
858 868 -2.121714
858 958 0.507838
859 850 -0.002348
859 869 1.739484
859 959 3.164217
860 861 0.712631
860 870 -0.292138
860 960 0.402983
861 862 1.135337
861 871 2.031559
861 961 -0.628870
862 863 -1.354002
862 872 -0.199070
862 962 0.317295
863 864 0.793911
863 873 0.150508
863 963 -0.439280
864 865 0.280709
864 874 -0.100115
864 964 -0.782929
865 866 0.318660
865 875 1.638351
865 965 0.737233
866 867 0.558111
866 876 -0.134417
866 966 0.594267
867 868 -0.218160
867 877 1.393973
867 967 0.157093
868 869 -0.174428
868 878 -0.971083
868 968 -0.257424
869 860 -0.843502
869 879 1.335059
869 969 -1.555306
870 871 1.177653
870 880 0.093522
870 970 -0.195234
871 872 0.360589
871 881 0.407231
871 971 -1.540471
872 873 -0.010579
872 882 2.575023
872 972 -1.843187
873 874 -1.109649
873 883 1.005910
873 973 0.723264
874 875 -0.864464
874 884 2.327851
874 974 -0.476086
875 876 0.947463
875 885 -1.608534
875 975 -0.463941
876 877 -1.601978
876 886 -0.799148
876 976 -0.131070
877 878 1.611272
877 887 0.675765
877 977 1.432093
878 879 -0.190845
878 888 0.106035
878 978 0.436712
879 870 -0.073427
879 889 -0.477493
879 979 0.834092
880 881 -0.507758
880 890 0.169095
880 980 -0.013877
881 882 0.376828
881 891 1.346309
881 981 1.238582
882 883 3.037059
882 892 -0.366405
882 982 -0.965153
883 884 -1.086983
883 893 -0.017063
883 983 -0.643629
884 885 2.222672
884 894 -1.502602
884 984 1.068364
885 886 0.808261
885 895 0.065567
885 985 1.513026
886 887 -0.568648
886 896 0.903233
886 986 -0.476543
887 888 -1.913967
887 897 0.432716
887 987 -0.273279
888 889 0.058622
888 898 1.346239
888 988 0.222786
889 880 -1.766960
889 899 1.829578
889 989 -0.102395
890 891 1.511110
890 800 -1.471853
890 990 -0.550968
891 892 0.027953
891 801 0.201280
891 991 0.117921
892 893 0.470619
892 802 1.045707
892 992 -1.292111
893 894 1.000886
893 803 0.501101
893 993 0.272142
894 895 0.816367
894 804 0.010304
894 994 0.461670
895 896 -1.515847
895 805 -1.437122
895 995 1.424975
896 897 -0.214733
896 806 0.872036
896 996 0.527849
897 898 -0.354264
897 807 1.190760
897 997 0.170221
898 899 0.476004
898 808 0.165132
898 998 -0.741832
899 890 1.402116
899 809 0.606565
899 999 1.733903
900 901 0.630366
900 910 -1.032985
900 0 1.231923
901 902 0.987505
901 911 -0.690847
901 1 -0.630858
902 903 -0.653281
902 912 -1.926728
902 2 -1.358376
903 904 -0.631316
903 913 1.538553
903 3 0.469139
904 905 -0.228509
904 914 0.290709
904 4 -0.734298
905 906 -0.450090
905 915 0.788073
905 5 0.593440
906 907 2.406701
906 916 0.808771
906 6 0.264481
907 908 -0.996013
907 917 1.390169
907 7 -1.535110
908 909 0.233800
908 918 0.109189
908 8 0.110302
909 900 0.009860
909 919 -0.329455
909 9 -1.135463
910 911 -0.076280
910 920 0.679635
910 10 -0.866358
911 912 0.309134
911 921 -0.793632
911 11 -1.465175
912 913 -1.116100
912 922 -0.494559
912 12 0.187518
913 914 1.034559
913 923 -1.262253
913 13 0.339081
914 915 1.044397
914 924 -1.261048
914 14 0.576294
915 916 0.825835
915 925 0.535426
915 15 1.127593
916 917 0.436014
916 926 0.104775
916 16 -1.100684
917 918 0.423169
917 927 0.783320
917 17 -0.204808
918 919 -0.183161
918 928 1.710183
918 18 -1.166236
919 910 -1.446659
919 929 -0.537827
919 19 -0.287001
920 921 1.803212
920 930 -0.232828
920 20 0.130543
921 922 0.029526
921 931 0.728233
921 21 0.857330
922 923 0.309445
922 932 -0.754777
922 22 -0.549230
923 924 -0.416718
923 933 -1.710535
923 23 2.267156
924 925 1.227912
924 934 -0.238885
924 24 1.990052
925 926 -0.910511
925 935 0.491095
925 25 -0.747614
926 927 1.691703
926 936 -0.795502
926 26 0.448885
927 928 -0.196313
927 937 -0.216690
927 27 0.807209
928 929 -0.294651
928 938 -0.646511
928 28 0.599346
929 920 -0.883180
929 939 -2.327063
929 29 0.525309
930 931 0.175032
930 940 -1.126688
930 30 0.045404
931 932 -1.198182
931 941 0.334712
931 31 0.237792
932 933 -1.138969
932 942 1.090362
932 32 0.491969
933 934 0.347614
933 943 -0.495475
933 33 -0.242395
934 935 0.629532
934 944 1.605555
934 34 -2.090572
935 936 -0.023727
935 945 0.281923
935 35 1.781817
936 937 0.182615
936 946 0.308854
936 36 1.445734
937 938 -0.793015
937 947 -0.879065
937 37 0.104958
938 939 -1.045578
938 948 -1.410442
938 38 -0.384666
939 930 0.206841
939 949 0.640010
939 39 -0.743402
940 941 -0.926488
940 950 -0.731873
940 40 0.154347
941 942 -0.901188
941 951 -0.183062
941 41 1.152524
942 943 -0.163463
942 952 -0.575581
942 42 -0.205907
943 944 -0.096673
943 953 -2.050418
943 43 -0.174689
944 945 1.128451
944 954 -1.028595
944 44 1.248301
945 946 0.291559
945 955 0.440730
945 45 0.346666
946 947 0.346381
946 956 0.069305
946 46 -1.658560
947 948 0.807102
947 957 0.526257
947 47 -1.624991
948 949 0.179942
948 958 0.173000
948 48 -0.478524
949 940 1.908541
949 959 -0.911403
949 49 -1.188338
950 951 1.105723
950 960 1.551725
950 50 0.726221
951 952 -0.076078
951 961 -0.931006
951 51 2.893140
952 953 -2.724729
952 962 1.844218
952 52 -0.881471
953 954 1.382749
953 963 0.483422
953 53 1.764093
954 955 1.149929
954 964 0.086899
954 54 -0.547055
955 956 -2.258427
955 965 0.740989
955 55 -0.138215
956 957 -0.351974
956 966 0.023553
956 56 0.419232
957 958 2.171900
957 967 1.118777
957 57 0.245224
958 959 0.578680
958 968 -1.060739
958 58 1.176690
959 950 -0.066375
959 969 -0.206270
959 59 0.344278
960 961 -2.104288
960 970 0.209464
960 60 2.601183
961 962 -0.495367
961 971 1.262875
961 61 1.416418
962 963 -1.500678
962 972 -1.349122
962 62 -1.704787
963 964 0.330118
963 973 1.541105
963 63 0.786335
964 965 -0.000520
964 974 1.266603
964 64 0.005018
965 966 -0.502417
965 975 0.169812
965 65 -0.300716
966 967 -0.074278
966 976 0.521655
966 66 1.557544
967 968 -1.134734
967 977 -0.133825
967 67 1.396882
968 969 0.822928
968 978 -1.707342
968 68 0.018699
969 960 -0.009743
969 979 1.433457
969 69 -0.377628
970 971 0.321615
970 980 0.623511
970 70 0.712649
971 972 -0.661181
971 981 0.099289
971 71 -0.093585
972 973 -1.178555
972 982 -0.055122
972 72 1.251183
973 974 0.846586
973 983 1.154957
973 73 -0.058812
974 975 0.447942
974 984 0.401144
974 74 -0.484966
975 976 -1.009210
975 985 -0.404574
975 75 -0.091947
976 977 0.762087
976 986 0.742800
976 76 0.278277
977 978 -1.007000
977 987 0.395672
977 77 0.685182
978 979 1.240102
978 988 0.944890
978 78 -2.040096
979 970 -0.050145
979 989 0.026509
979 79 -1.509364
980 981 -0.205154
980 990 -0.284350
980 80 0.777584
981 982 0.101580
981 991 -0.455627
981 81 0.993000
982 983 -1.506572
982 992 -0.287219
982 82 0.380089
983 984 -1.591267
983 993 0.697927
983 83 0.150241
984 985 -0.658336
984 994 0.387692
984 84 -0.806213
985 986 1.738791
985 995 0.095047
985 85 2.360485
986 987 -1.350930
986 996 2.024698
986 86 -0.394918
987 988 0.172770
987 997 -0.636080
987 87 2.575474
988 989 0.141840
988 998 1.556212
988 88 -0.867710
989 980 2.068599
989 999 1.107310
989 89 -1.015079
990 991 1.089040
990 900 0.179671
990 90 -1.559366
991 992 -0.693850
991 901 1.142306
991 91 1.236565
992 993 -0.336786
992 902 -1.985692
992 92 -0.743852
993 994 0.246401
993 903 -2.525536
993 93 0.050909
994 995 0.851109
994 904 -0.949078
994 94 0.749916
995 996 0.724672
995 905 1.291079
995 95 0.214497
996 997 -0.922460
996 906 -0.955904
996 96 0.158242
997 998 0.206072
997 907 0.295024
997 97 -1.347839
998 999 -1.042068
998 908 1.210240
998 98 1.447631
999 990 0.877890
999 909 -0.596899
999 99 0.493395
