0 1 1.420348
0 10 1.810547
0 100 0.337216
1 2 -0.672345
1 11 -0.512867
1 101 1.527678
2 3 -0.432023
2 12 -0.169311
2 102 0.309914
3 4 -1.723332
3 13 -0.390571
3 103 0.908110
4 5 2.104873
4 14 0.726910
4 104 -0.836654
5 6 -0.847294
5 15 0.438434
5 105 -0.058733
6 7 1.248961
6 16 -1.078889
6 106 0.344476
7 8 -0.189187
7 17 -1.405441
7 107 0.192801
8 9 -0.489933
8 18 -0.422749
8 108 0.800080
9 0 -2.114502
9 19 0.875821
9 109 -0.847907
10 11 -0.624631
10 20 -0.718331
10 110 -0.585855
11 12 -1.055824
11 21 1.505223
11 111 -1.696843
12 13 -0.911221
12 22 0.359477
12 112 -0.377531
13 14 -1.166014
13 23 -0.510819
13 113 -1.326084
14 15 -0.915817
14 24 0.781769
14 114 -0.372242
15 16 -2.331530
15 25 -0.380128
15 115 1.258524
16 17 -1.996695
16 26 -0.432134
16 116 0.467413
17 18 0.347558
17 27 1.137897
17 117 -0.839667
18 19 -0.048175
18 28 -0.503687
18 118 -1.920737
19 10 -1.542779
19 29 1.021356
19 119 0.174497
20 21 -0.340290
20 30 0.619399
20 120 -0.228961
21 22 0.122137
21 31 0.112953
21 121 0.892456
22 23 -0.476545
22 32 -0.402540
22 122 0.951002
23 24 -0.730001
23 33 -0.616275
23 123 1.127206
24 25 -1.520760
24 34 0.534413
24 124 -0.937029
25 26 -0.337569
25 35 -0.531635
25 125 2.224749
26 27 1.429254
26 36 1.603000
26 126 -0.238573
27 28 0.191958
27 37 1.285649
27 127 1.577055
28 29 0.613215
28 38 1.267248
28 128 0.090925
29 20 0.362242
29 39 -0.406780
29 129 -1.230936
30 31 0.306800
30 40 0.118056
30 130 -0.444304
31 32 0.001406
31 41 2.486882
31 131 -0.932398
32 33 0.056894
32 42 -0.376814
32 132 0.894254
33 34 -0.440955
33 43 0.755676
33 133 -0.505559
34 35 -1.247085
34 44 -0.752179
34 134 0.552197
35 36 -0.181858
35 45 -0.186715
35 135 -0.729184
36 37 -1.254739
36 46 -0.045673
36 136 -1.183057
37 38 0.808552
37 47 1.111490
37 137 0.701256
38 39 -0.373905
38 48 -0.991479
38 138 0.376841
39 30 -0.178073
39 49 0.254271
39 139 1.513318
40 41 1.575137
40 50 0.183214
40 140 -0.427986
41 42 -0.531285
41 51 -3.124048
41 141 0.928340
42 43 -0.601690
42 52 -2.494255
42 142 1.517279
43 44 1.967110
43 53 0.824874
43 143 1.588904
44 45 0.682910
44 54 -1.108328
44 144 -0.780385
45 46 -0.875908
45 55 -0.431818
45 145 0.308389
46 47 0.472020
46 56 0.229505
46 146 -1.230669
47 48 -0.303821
47 57 -0.552474
47 147 -1.650572
48 49 1.104217
48 58 1.912437
48 148 -0.943676
49 40 2.386535
49 59 0.352066
49 149 1.285681
50 51 -0.331870
50 60 1.489064
50 150 -0.080672
51 52 -0.206645
51 61 -0.293782
51 151 -0.594778
52 53 0.024115
52 62 0.181323
52 152 0.146287
53 54 1.108694
53 63 -0.004968
53 153 -0.393451
54 55 -0.034651
54 64 -1.333385
54 154 -0.014037
55 56 -0.289933
55 65 -0.146941
55 155 -0.956732
56 57 -1.591079
56 66 -0.553856
56 156 -0.386829
57 58 1.084988
57 67 1.042125
57 157 -1.272848
58 59 0.578866
58 68 -1.325471
58 158 0.283662
59 50 0.454863
59 69 -0.463119
59 159 0.992390
60 61 0.235414
60 70 0.431662
60 160 0.533986
61 62 0.398911
61 71 -0.117050
61 161 -0.082621
62 63 -1.271545
62 72 0.086269
62 162 0.515621
63 64 0.108470
63 73 0.935128
63 163 0.279499
64 65 1.374666
64 74 -0.993580
64 164 0.490422
65 66 -0.352128
65 75 -0.732170
65 165 -0.698170
66 67 -0.526449
66 76 0.865029
66 166 -1.342930
67 68 2.022106
67 77 -1.503241
67 167 -0.444732
68 69 1.055463
68 78 -0.509586
68 168 -0.049731
69 60 -1.428365
69 79 1.335458
69 169 0.139559
70 71 -0.190654
70 80 1.196432
70 170 -0.791218
71 72 0.489955
71 81 -0.879595
71 171 0.103282
72 73 -1.655820
72 82 1.224742
72 172 -0.123784
73 74 1.330788
73 83 0.662232
73 173 -0.627527
74 75 -0.479342
74 84 0.290199
74 174 0.400062
75 76 -0.721537
75 85 1.011771
75 175 -1.560399
76 77 -0.505416
76 86 -2.614599
76 176 1.148928
77 78 -1.323901
77 87 -0.421949
77 177 -0.304336
78 79 -0.238997
78 88 2.022425
78 178 -0.297973
79 70 -0.884276
79 89 0.515025
79 179 -1.441429
80 81 0.176368
80 90 -1.449009
80 180 0.061461
81 82 -1.043778
81 91 1.420137
81 181 2.303510
82 83 0.943095
82 92 -0.442976
82 182 1.486037
83 84 -0.316596
83 93 -0.405086
83 183 0.850784
84 85 0.466557
84 94 -1.007423
84 184 0.723382
85 86 -0.742860
85 95 0.196817
85 185 0.125574
86 87 2.338408
86 96 -1.580413
86 186 0.581058
87 88 0.800137
87 97 0.325179
87 187 -1.393021
88 89 1.290255
88 98 0.135601
88 188 1.135871
89 80 1.734817
89 99 -1.375488
89 189 -0.796813
90 91 0.309000
90 0 0.516505
90 190 -0.394620
91 92 -0.468142
91 1 -0.394146
91 191 -1.046977
92 93 -1.871562
92 2 0.893269
92 192 1.132440
93 94 -0.593049
93 3 0.031840
93 193 -1.551302
94 95 -0.472495
94 4 0.117617
94 194 0.535181
95 96 1.842778
95 5 -1.960916
95 195 1.555839
96 97 1.083962
96 6 0.184053
96 196 0.626978
97 98 0.246184
97 7 0.756481
97 197 -1.230851
98 99 0.583427
98 8 -0.402715
98 198 1.183959
99 90 -1.462126
99 9 -2.515711
99 199 -0.873116
100 101 0.079068
100 110 0.939318
100 200 -0.226919
101 102 1.805370
101 111 1.144899
101 201 1.743216
102 103 -1.456036
102 112 1.327151
102 202 0.885699
103 104 -0.633743
103 113 -1.048771
103 203 1.385613
104 105 -0.997895
104 114 -0.824833
104 204 -0.012817
105 106 -0.239023
105 115 -0.585087
105 205 0.412627
106 107 -1.618426
106 116 0.365267
106 206 -0.518783
107 108 0.553255
107 117 -0.072590
107 207 -1.741768
108 109 1.236045
108 118 0.488810
108 208 0.675188
109 100 -0.165520
109 119 1.682028
109 209 -0.560026
110 111 -0.639049
110 120 1.047452
110 210 0.018898
111 112 -0.139726
111 121 0.964182
111 211 0.547221
112 113 1.304081
112 122 -0.265224
112 212 -0.484775
113 114 -0.554618
113 123 0.680691
113 213 -0.355957
114 115 0.654258
114 124 0.774908
114 214 3.337424
115 116 -0.392424
115 125 -1.418514
115 215 0.829590
116 117 -0.843481
116 126 -2.170906
116 216 -1.429178
117 118 0.203975
117 127 -1.888895
117 217 -0.452291
118 119 0.203769
118 128 0.240383
118 218 -1.126052
119 110 -0.516837
119 129 0.192160
119 219 -0.291918
120 121 -1.244784
120 130 0.078459
120 220 -0.616467
121 122 0.700155
121 131 -1.727798
121 221 0.732826
122 123 0.060421
122 132 0.537363
122 222 -0.287658
123 124 -0.458626
123 133 -0.632261
123 223 -1.050656
124 125 0.085857
124 134 1.154107
124 224 0.630294
125 126 -0.422112
125 135 -1.161144
125 225 0.313486
126 127 -0.980146
126 136 -0.116107
126 226 -0.174054
127 128 0.493122
127 137 -1.974001
127 227 -0.260666
128 129 -1.105488
128 138 0.592167
128 228 -0.022874
129 120 -0.043964
129 139 0.640894
129 229 0.472305
130 131 0.547389
130 140 0.750873
130 230 -0.237056
131 132 -1.394681
131 141 -0.796753
131 231 0.710234
132 133 -0.566920
132 142 -1.098636
132 232 0.733242
133 134 0.209957
133 143 0.337714
133 233 -1.492704
134 135 1.103280
134 144 0.486984
134 234 -0.660550
135 136 0.288227
135 145 1.089189
135 235 -0.638731
136 137 -0.833296
136 146 1.445759
136 236 0.234435
137 138 -0.534169
137 147 1.143849
137 237 -0.828334
138 139 0.443921
138 148 -0.403448
138 238 -1.667976
139 130 1.532228
139 149 -1.691495
139 239 -1.352729
140 141 0.283309
140 150 -0.097119
140 240 -0.170651
141 142 -0.314586
141 151 1.743506
141 241 0.497746
142 143 0.017318
142 152 -0.304636
142 242 -0.481716
143 144 -0.321226
143 153 0.809615
143 243 -1.002926
144 145 -1.584967
144 154 -1.284846
144 244 -0.310663
145 146 0.823969
145 155 0.055003
145 245 -2.456260
146 147 -0.310037
146 156 -0.226323
146 246 0.319021
147 148 1.571479
147 157 0.443293
147 247 1.410640
148 149 -0.665687
148 158 0.505390
148 248 0.557939
149 140 0.816071
149 159 0.550182
149 249 -0.478331
150 151 0.019353
150 160 0.578833
150 250 -0.382477
151 152 -0.876866
151 161 1.437010
151 251 -0.297561
152 153 -1.366380
152 162 -0.023871
152 252 -1.362969
153 154 -0.069940
153 163 0.831863
153 253 -2.483575
154 155 0.937608
154 164 -0.239506
154 254 -0.093219
155 156 -1.272933
155 165 -0.308923
155 255 -0.626335
156 157 -0.520514
156 166 -1.184390
156 256 -1.097882
157 158 0.209391
157 167 1.035019
157 257 1.132304
158 159 -0.166162
158 168 0.175239
158 258 1.405302
159 150 -1.128930
159 169 -0.793381
159 259 1.134666
160 161 -0.462870
160 170 1.336157
160 260 0.208879
161 162 0.589534
161 171 1.427155
161 261 0.571613
162 163 -0.221289
162 172 0.935281
162 262 1.792334
163 164 0.678967
163 173 0.664696
163 263 -2.304567
164 165 -0.542536
164 174 -0.138578
164 264 1.684382
165 166 2.134867
165 175 -2.193865
165 265 -2.603621
166 167 -0.346081
166 176 -1.039518
166 266 -1.757714
167 168 -1.320682
167 177 0.672748
167 267 0.113898
168 169 0.923031
168 178 -1.198566
168 268 0.251789
169 160 -0.619733
169 179 -0.602785
169 269 -0.334294
170 171 0.128768
170 180 0.199456
170 270 0.934114
171 172 -0.306324
171 181 0.884043
171 271 -0.946013
172 173 -0.013213
172 182 -0.623272
172 272 -0.332514
173 174 -0.057685
173 183 -0.534777
173 273 0.144137
174 175 0.589970
174 184 -0.474717
174 274 1.227798
175 176 1.330552
175 185 1.348079
175 275 0.802241
176 177 -1.764773
176 186 1.875909
176 276 1.410609
177 178 0.089077
177 187 0.460305
177 277 0.621430
178 179 -1.364329
178 188 1.996033
178 278 -0.417836
179 170 -1.375556
179 189 0.785577
179 279 0.041790
180 181 0.407820
180 190 -0.883166
180 280 -0.135211
181 182 1.428312
181 191 0.877647
181 281 0.241348
182 183 1.397536
182 192 0.869601
182 282 1.351182
183 184 -0.466983
183 193 0.418187
183 283 -1.041111
184 185 0.297334
184 194 1.044302
184 284 -0.248122
185 186 -2.112265
185 195 0.096551
185 285 1.073921
186 187 -0.464580
186 196 0.453203
186 286 0.046934
187 188 0.032701
187 197 -0.468579
187 287 -0.392242
188 189 -0.240756
188 198 0.563912
188 288 -1.497591
189 180 -0.886502
189 199 0.369840
189 289 -1.018488
190 191 -1.005700
190 100 -0.937479
190 290 -1.115284
191 192 -1.160581
191 101 -0.992555
191 291 0.324922
192 193 0.638614
192 102 0.553514
192 292 -1.575968
193 194 -0.256531
193 103 -0.575928
193 293 -1.321056
194 195 -0.604462
194 104 -0.879066
194 294 0.781288
195 196 -0.517029
195 105 -0.086765
195 295 -2.229027
196 197 0.534860
196 106 1.770915
196 296 -0.428628
197 198 -1.101234
197 107 0.178693
197 297 -0.518963
198 199 -1.394088
198 108 -0.253529
198 298 1.787520
199 190 0.564824
199 109 -0.335462
199 299 0.153909
200 201 0.128063
200 210 -1.481364
200 300 1.917534
201 202 0.433205
201 211 0.939077
201 301 -1.245600
202 203 -0.356379
202 212 -0.220494
202 302 -0.946129
203 204 -0.107407
203 213 1.589399
203 303 -0.658077
204 205 0.796758
204 214 0.696342
204 304 -0.467433
205 206 0.432434
205 215 -0.351836
205 305 0.071778
206 207 -1.086388
206 216 -0.019191
206 306 0.492574
207 208 -0.907204
207 217 -0.130411
207 307 1.365532
208 209 0.741333
208 218 0.521411
208 308 -0.698836
209 200 0.486879
209 219 0.369545
209 309 -0.165510
210 211 -0.837727
210 220 -0.900398
210 310 -1.130085
211 212 0.841055
211 221 1.222910
211 311 1.532460
212 213 -0.311035
212 222 -0.815516
212 312 -1.058574
213 214 0.593505
213 223 -0.482337
213 313 0.488542
214 215 -0.417315
214 224 0.625098
214 314 -0.092040
215 216 -1.427345
215 225 -0.123757
215 315 -0.218877
216 217 0.795507
216 226 0.595062
216 316 -0.057836
217 218 -0.888580
217 227 0.697993
217 317 0.601263
218 219 0.487581
218 228 -0.602502
218 318 -1.609300
219 210 -0.667325
219 229 -0.596245
219 319 0.513053
220 221 -1.727821
220 230 -0.259528
220 320 0.887843
221 222 1.807873
221 231 -1.034793
221 321 -0.914307
222 223 -0.600883
222 232 -0.724382
222 322 0.380949
223 224 -0.107016
223 233 -1.714053
223 323 1.575722
224 225 1.185551
224 234 0.471226
224 324 -0.135758
225 226 1.768940
225 235 0.419999
225 325 -0.361833
226 227 0.211237
226 236 2.785480
226 326 -0.623394
227 228 -1.013973
227 237 0.819865
227 327 -0.796913
228 229 0.444932
228 238 -0.811549
228 328 1.318172
229 220 -0.949941
229 239 0.862727
229 329 -0.783203
230 231 0.376564
230 240 0.350796
230 330 -0.138260
231 232 0.738426
231 241 1.176139
231 331 -1.576165
232 233 0.291414
232 242 -0.378987
232 332 -1.782913
233 234 1.097101
233 243 -0.657574
233 333 -0.711020
234 235 0.265291
234 244 -0.879943
234 334 -0.739798
235 236 1.482825
235 245 0.490305
235 335 0.805589
236 237 -0.224273
236 246 -0.281158
236 336 1.849835
237 238 -0.694477
237 247 0.682402
237 337 0.818125
238 239 -1.806934
238 248 -0.004171
238 338 -0.977966
239 230 -0.207130
239 249 -1.633238
239 339 -2.021193
240 241 0.429730
240 250 1.741447
240 340 1.005926
241 242 0.611411
241 251 -0.310426
241 341 -0.015330
242 243 -0.481930
242 252 -1.320446
242 342 0.433137
243 244 -0.763960
243 253 -0.073035
243 343 -1.148322
244 245 0.391547
244 254 0.965065
244 344 2.141536
245 246 0.941334
245 255 -0.923633
245 345 -0.226214
246 247 -0.920674
246 256 -2.461382
246 346 0.381773
247 248 -0.135361
247 257 1.268629
247 347 0.272254
248 249 -0.867580
248 258 0.383036
248 348 -0.398586
249 240 -0.108255
249 259 0.389136
249 349 0.089137
250 251 -0.106673
250 260 -0.115546
250 350 0.876204
251 252 -0.360907
251 261 -1.257564
251 351 -0.845065
252 253 -2.494919
252 262 -1.563668
252 352 0.111360
253 254 0.151333
253 263 2.315659
253 353 -1.110182
254 255 1.184092
254 264 0.688971
254 354 -0.393394
255 256 -0.407998
255 265 1.523667
255 355 0.659004
256 257 -2.283955
256 266 -0.216520
256 356 0.044804
257 258 0.488365
257 267 -0.784642
257 357 -0.103099
258 259 -0.291458
258 268 -1.298892
258 358 -0.427632
259 250 -0.331663
259 269 0.620107
259 359 0.513022
260 261 -1.754043
260 270 -0.562541
260 360 -0.799445
261 262 0.994567
261 271 0.835216
261 361 -0.036651
262 263 -0.489288
262 272 -0.591883
262 362 1.201599
263 264 -1.313669
263 273 -1.194873
263 363 -1.006211
264 265 -2.335722
264 274 0.888034
264 364 -0.366924
265 266 -0.941580
265 275 0.965722
265 365 -2.128409
266 267 -1.221410
266 276 -0.468671
266 366 -0.182632
267 268 -2.196357
267 277 -1.615746
267 367 1.727661
268 269 0.252629
268 278 1.108031
268 368 0.705070
269 260 -0.207934
269 279 -0.472560
269 369 1.983745
270 271 -1.819873
270 280 1.095967
270 370 0.968787
271 272 -0.014580
271 281 -0.226571
271 371 0.096816
272 273 1.628774
272 282 -0.531374
272 372 0.490927
273 274 -0.008805
273 283 0.219966
273 373 0.078797
274 275 0.740738
274 284 -0.045294
274 374 -0.158135
275 276 0.996092
275 285 0.736824
275 375 0.382856
276 277 -0.163572
276 286 0.444626
276 376 -0.359255
277 278 0.182591
277 287 0.560742
277 377 -0.385161
278 279 0.723408
278 288 -0.056000
278 378 -0.693091
279 270 -0.583450
279 289 1.546033
279 379 -0.364563
280 281 0.892016
280 290 -0.754002
280 380 -1.615091
281 282 -0.720305
281 291 -2.521107
281 381 1.963729
282 283 0.184018
282 292 0.879874
282 382 0.331530
283 284 -0.502269
283 293 -0.537291
283 383 -0.296557
284 285 -0.478851
284 294 -0.137617
284 384 -0.885058
285 286 0.629839
285 295 0.532633
285 385 0.520959
286 287 0.717419
286 296 1.248420
286 386 -0.662626
287 288 0.486488
287 297 0.158247
287 387 -0.990656
288 289 -1.042605
288 298 -0.757401
288 388 -0.319971
289 280 2.269766
289 299 -0.509342
289 389 1.734712
290 291 -0.915112
290 200 0.155919
290 390 -0.741764
291 292 -0.411617
291 201 -0.282510
291 391 0.381343
292 293 -0.901281
292 202 0.518784
292 392 0.758385
293 294 -0.150256
293 203 -0.030836
293 393 -0.600301
294 295 0.328816
294 204 0.687471
294 394 -0.815201
295 296 -0.380922
295 205 1.523023
295 395 -0.527194
296 297 0.342794
296 206 -0.094278
296 396 0.761287
297 298 0.113854
297 207 1.718077
297 397 0.092920
298 299 -0.386218
298 208 0.544919
298 398 0.678066
299 290 -0.629594
299 209 0.044738
299 399 -0.272357
300 301 0.476721
300 310 -0.275331
300 400 0.021667
301 302 0.443065
301 311 -0.323913
301 401 0.325555
302 303 -0.004942
302 312 2.439108
302 402 0.250735
303 304 -0.560502
303 313 0.241575
303 403 -0.175196
304 305 -0.982940
304 314 1.049345
304 404 0.943536
305 306 1.733194
305 315 -1.302091
305 405 -0.697033
306 307 0.588801
306 316 -0.870267
306 406 0.854145
307 308 -0.481502
307 317 0.252195
307 407 -0.511520
308 309 -0.296593
308 318 -0.287633
308 408 0.475342
309 300 0.812921
309 319 -1.515855
309 409 1.456795
310 311 -1.019139
310 320 0.647350
310 410 -0.015221
311 312 -0.064450
311 321 1.317995
311 411 0.211237
312 313 -0.520631
312 322 -0.418481
312 412 -1.307355
313 314 -0.303518
313 323 -1.036185
313 413 1.409035
314 315 0.239533
314 324 0.968879
314 414 -0.191874
315 316 0.880411
315 325 0.496889
315 415 1.417735
316 317 0.836213
316 326 0.444403
316 416 1.094645
317 318 -0.047426
317 327 0.985092
317 417 0.327613
318 319 2.100921
318 328 0.136672
318 418 0.195373
319 310 -0.061581
319 329 0.737254
319 419 0.086959
320 321 -0.515823
320 330 0.735973
320 420 -0.306815
321 322 -0.779643
321 331 1.316571
321 421 0.048872
322 323 -1.351998
322 332 -0.814615
322 422 -0.442203
323 324 -0.761947
323 333 0.765975
323 423 1.189286
324 325 0.222532
324 334 -2.086036
324 424 1.139133
325 326 0.232212
325 335 0.048809
325 425 1.780255
326 327 0.687930
326 336 -1.348235
326 426 0.943195
327 328 0.899748
327 337 0.359568
327 427 1.424508
328 329 -0.442432
328 338 0.073153
328 428 0.905354
329 320 -0.661767
329 339 -0.405327
329 429 -0.297371
330 331 -0.623845
330 340 0.961534
330 430 -0.005128
331 332 0.238004
331 341 -1.430641
331 431 -0.482331
332 333 0.609541
332 342 -0.304926
332 432 -0.260900
333 334 0.244125
333 343 -1.783971
333 433 2.012654
334 335 1.895509
334 344 -0.564755
334 434 -0.536869
335 336 -1.983425
335 345 -0.214874
335 435 0.068522
336 337 0.743332
336 346 3.114004
336 436 0.546814
337 338 1.810660
337 347 -0.053139
337 437 -1.685381
338 339 0.949773
338 348 -1.913421
338 438 1.715962
339 330 0.546856
339 349 -0.643560
339 439 1.393836
340 341 1.520387
340 350 -0.093180
340 440 1.179114
341 342 -0.323682
341 351 -1.757870
341 441 0.095652
342 343 -0.107878
342 352 0.990961
342 442 0.961867
343 344 1.305426
343 353 -0.860943
343 443 -1.170714
344 345 2.453569
344 354 -1.802352
344 444 -0.182507
345 346 0.150907
345 355 -2.856593
345 445 1.648061
346 347 0.329257
346 356 0.159756
346 446 -1.115295
347 348 -1.891563
347 357 -0.195955
347 447 1.157675
348 349 -0.279020
348 358 0.342015
348 448 -0.352463
349 340 1.712923
349 359 1.638001
349 449 0.459739
350 351 0.883213
350 360 -0.471544
350 450 1.600004
351 352 1.571311
351 361 -0.845485
351 451 1.054233
352 353 0.343992
352 362 0.204928
352 452 -0.006680
353 354 -1.684057
353 363 0.873575
353 453 -1.623767
354 355 1.233313
354 364 1.092465
354 454 -1.848674
355 356 -0.092759
355 365 -0.734251
355 455 0.361127
356 357 -0.233541
356 366 -0.621363
356 456 1.517403
357 358 -2.141443
357 367 -0.743009
357 457 0.191010
358 359 -1.438889
358 368 0.115330
358 458 -1.698444
359 350 0.185623
359 369 0.759049
359 459 0.379881
360 361 0.607877
360 370 -0.544224
360 460 0.393818
361 362 -0.828382
361 371 0.256916
361 461 0.106702
362 363 -0.545227
362 372 0.905214
362 462 2.474790
363 364 0.362479
363 373 -1.767385
363 463 -0.017841
364 365 -0.581333
364 374 -1.254113
364 464 -0.047903
365 366 -0.253044
365 375 0.647701
365 465 -0.844571
366 367 0.961262
366 376 0.520216
366 466 1.023748
367 368 -1.050037
367 377 -0.650673
367 467 0.436414
368 369 -1.542107
368 378 -0.456349
368 468 0.653849
369 360 1.355581
369 379 2.723876
369 469 -0.711494
370 371 -1.034971
370 380 -0.659843
370 470 0.071268
371 372 -0.050994
371 381 1.035915
371 471 1.768425
372 373 0.362717
372 382 -1.212499
372 472 0.615434
373 374 -1.056728
373 383 0.322643
373 473 -1.332856
374 375 -0.728490
374 384 0.481214
374 474 1.523617
375 376 -0.579542
375 385 -0.540851
375 475 2.605133
376 377 1.192496
376 386 -0.694767
376 476 -1.131470
377 378 -1.436170
377 387 -0.173828
377 477 -0.416386
378 379 -0.567322
378 388 -0.548337
378 478 1.777106
379 370 -0.237443
379 389 -0.116449
379 479 0.315781
380 381 -1.048776
380 390 -0.538459
380 480 -0.153650
381 382 0.415422
381 391 1.898196
381 481 0.696967
382 383 1.804052
382 392 -0.601230
382 482 -0.242337
383 384 1.941678
383 393 -0.906055
383 483 0.372088
384 385 0.034349
384 394 -0.974363
384 484 -0.136346
385 386 1.213061
385 395 0.683367
385 485 1.029673
386 387 -0.656329
386 396 1.019309
386 486 -0.315243
387 388 -0.192583
387 397 -0.337532
387 487 1.770446
388 389 0.396116
388 398 -1.206707
388 488 -1.258530
389 380 -1.519447
389 399 0.248295
389 489 0.288871
390 391 -0.877908
390 300 1.384084
390 490 -0.174133
391 392 2.422995
391 301 2.328733
391 491 -1.019682
392 393 0.119083
392 302 0.582680
392 492 0.978643
393 394 -0.583931
393 303 0.620619
393 493 1.276870
394 395 -0.954497
394 304 -0.683120
394 494 0.215831
395 396 0.194116
395 305 0.058186
395 495 0.583861
396 397 -0.176728
396 306 -0.657186
396 496 0.316830
397 398 0.861843
397 307 1.124882
397 497 0.348177
398 399 -0.524092
398 308 0.840290
398 498 1.616300
399 390 1.017449
399 309 0.627221
399 499 0.693912
400 401 -0.329906
400 410 -0.748576
400 500 1.124044
401 402 -1.364355
401 411 -0.069586
401 501 1.442597
402 403 0.232780
402 412 -0.857191
402 502 0.925989
403 404 -1.106212
403 413 -0.571204
403 503 -1.304847
404 405 1.383443
404 414 -1.263699
404 504 0.977367
405 406 -0.223847
405 415 -1.039189
405 505 0.146100
406 407 0.809111
406 416 0.635366
406 506 0.068355
407 408 0.466598
407 417 0.393533
407 507 -0.623379
408 409 -0.736486
408 418 0.048571
408 508 -1.237222
409 400 1.457176
409 419 0.777023
409 509 0.463091
410 411 -0.803651
410 420 1.013912
410 510 -1.175986
411 412 0.321860
411 421 -1.182740
411 511 1.185349
412 413 -0.571204
412 422 -1.426744
412 512 -1.197772
413 414 0.426338
413 423 0.062623
413 513 -0.085306
414 415 -1.999165
414 424 0.724381
414 514 -0.058420
415 416 -0.176038
415 425 -1.627230
415 515 0.458446
416 417 1.430492
416 426 0.759055
416 516 0.492720
417 418 -0.225502
417 427 1.670199
417 517 1.883468
418 419 -3.075890
418 428 0.229393
418 518 0.423459
419 410 1.196650
419 429 0.494089
419 519 -1.250216
420 421 0.685101
420 430 -0.516606
420 520 1.739200
421 422 0.359033
421 431 -0.372634
421 521 0.408324
422 423 0.666807
422 432 2.624050
422 522 -1.379041
423 424 0.291087
423 433 -0.436542
423 523 -0.737137
424 425 0.030697
424 434 0.015652
424 524 -0.422828
425 426 -1.179215
425 435 -1.406069
425 525 -0.832455
426 427 -1.217215
426 436 -0.746723
426 526 1.296012
427 428 0.389714
427 437 0.385630
427 527 -0.029809
428 429 0.213683
428 438 0.442023
428 528 1.510574
429 420 0.164880
429 439 -0.915621
429 529 -0.917032
430 431 0.765160
430 440 0.674603
430 530 -0.216920
431 432 0.708562
431 441 0.213835
431 531 -0.967776
432 433 0.584834
432 442 0.380178
432 532 -0.057525
433 434 -1.312386
433 443 -0.662483
433 533 2.055615
434 435 0.212968
434 444 -0.253487
434 534 -1.275591
435 436 -0.206031
435 445 0.764588
435 535 1.309331
436 437 -0.407378
436 446 -0.672647
436 536 -0.012088
437 438 -0.833025
437 447 -0.768079
437 537 -1.544561
438 439 0.841237
438 448 0.087945
438 538 -1.181212
439 430 -0.231097
439 449 -2.077232
439 539 -1.056037
440 441 -0.995051
440 450 -1.100159
440 540 -1.596821
441 442 -0.267981
441 451 0.116139
441 541 1.405234
442 443 0.761536
442 452 -3.218385
442 542 2.209201
443 444 0.359231
443 453 1.827578
443 543 -0.425543
444 445 0.502820
444 454 0.554146
444 544 -1.765350
445 446 1.256304
445 455 0.539148
445 545 1.252721
446 447 0.209077
446 456 -0.531599
446 546 -1.540595
447 448 0.213915
447 457 0.445217
447 547 0.757244
448 449 -0.875932
448 458 -0.071244
448 548 -1.411755
449 440 2.243276
449 459 -0.376047
449 549 0.698090
450 451 -0.899950
450 460 -1.736209
450 550 0.263677
451 452 0.413424
451 461 -0.111768
451 551 1.735630
452 453 -1.638747
452 462 0.654385
452 552 -1.540665
453 454 -1.081568
453 463 0.669427
453 553 -0.879541
454 455 -1.560065
454 464 1.474841
454 554 0.321084
455 456 -1.708105
455 465 0.365202
455 555 -0.857644
456 457 -0.954539
456 466 0.798808
456 556 -1.072544
457 458 -0.801050
457 467 -0.036440
457 557 0.473708
458 459 -0.213592
458 468 -1.245258
458 558 0.440142
459 450 -1.215114
459 469 0.315677
459 559 0.734601
460 461 1.325675
460 470 0.221864
460 560 0.270700
461 462 -0.438215
461 471 -0.286529
461 561 -1.306413
462 463 -0.080100
462 472 -1.228937
462 562 -0.163764
463 464 0.242232
463 473 -0.071457
463 563 1.976791
464 465 -0.022613
464 474 -1.028970
464 564 -0.343514
465 466 -1.448297
465 475 0.680454
465 565 -1.018096
466 467 0.360132
466 476 -0.626072
466 566 -0.216044
467 468 0.179324
467 477 -2.169761
467 567 -0.115756
468 469 0.113465
468 478 -0.151060
468 568 0.344756
469 460 -0.690160
469 479 -0.301034
469 569 1.057825
470 471 -1.149784
470 480 0.159861
470 570 -0.698890
471 472 2.142666
471 481 0.850971
471 571 0.296672
472 473 -0.441642
472 482 -1.033615
472 572 -0.022010
473 474 -0.663165
473 483 -1.223933
473 573 0.333010
474 475 1.661301
474 484 0.008297
474 574 0.702279
475 476 0.369152
475 485 -0.451996
475 575 -0.517246
476 477 -1.298319
476 486 -0.104400
476 576 1.487548
477 478 -1.999159
477 487 -1.123763
477 577 1.516112
478 479 0.549831
478 488 1.133970
478 578 0.013234
479 470 -0.063202
479 489 1.269855
479 579 -1.092043
480 481 -0.313911
480 490 -0.973564
480 580 1.189351
481 482 0.457914
481 491 -1.073030
481 581 -0.982948
482 483 -0.139685
482 492 1.479836
482 582 0.114052
483 484 0.769939
483 493 -0.531958
483 583 -2.151413
484 485 0.470675
484 494 0.256406
484 584 -0.958313
485 486 -0.396642
485 495 -0.775629
485 585 -0.127930
486 487 -0.726707
486 496 0.813302
486 586 -0.098720
487 488 0.470247
487 497 1.846684
487 587 -0.518875
488 489 0.467105
488 498 1.157103
488 588 0.920411
489 480 -1.205963
489 499 -0.350151
489 589 0.533555
490 491 -1.779454
490 400 -0.768258
490 590 0.242329
491 492 0.079403
491 401 -0.053991
491 591 1.905558
492 493 -0.339407
492 402 -0.341924
492 592 -0.573431
493 494 1.017995
493 403 0.720937
493 593 0.112177
494 495 -2.149077
494 404 0.247678
494 594 1.204644
495 496 -0.754802
495 405 -0.328345
495 595 0.134689
496 497 -1.059339
496 406 0.366866
496 596 -0.267307
497 498 -1.099016
497 407 0.627724
497 597 0.307605
498 499 0.259611
498 408 2.124361
498 598 -0.781764
499 490 0.879307
499 409 0.439907
499 599 -0.811750
500 501 0.760732
500 510 0.775553
500 600 -0.978806
501 502 -1.229606
501 511 1.181736
501 601 -2.283025
502 503 0.482416
502 512 -0.884065
502 602 0.094056
503 504 -0.121467
503 513 -1.549070
503 603 0.827142
504 505 -0.825944
504 514 0.461652
504 604 0.192230
505 506 0.210584
505 515 -0.437574
505 605 -0.638311
506 507 0.212622
506 516 0.027886
506 606 -0.038159
507 508 -0.681371
507 517 -0.514871
507 607 1.392466
508 509 -0.060628
508 518 0.854437
508 608 0.577597
509 500 -0.150616
509 519 -0.656231
509 609 1.229766
510 511 -1.251815
510 520 -1.373979
510 610 0.783963
511 512 -0.977693
511 521 1.454747
511 611 -0.579765
512 513 1.569994
512 522 1.322618
512 612 1.865832
513 514 -1.943018
513 523 1.833716
513 613 0.888533
514 515 -0.344294
514 524 0.363168
514 614 1.849154
515 516 0.246247
515 525 -1.934714
515 615 -0.895477
516 517 -1.446900
516 526 0.520703
516 616 -1.541493
517 518 -1.526407
517 527 -1.073938
517 617 0.473080
518 519 -0.096051
518 528 -0.224159
518 618 2.034690
519 510 -0.174866
519 529 -0.321739
519 619 2.503949
520 521 0.943134
520 530 -1.586967
520 620 0.761738
521 522 -0.931332
521 531 -0.158628
521 621 -1.084673
522 523 2.028592
522 532 -0.026649
522 622 0.947424
523 524 -0.578600
523 533 -0.985686
523 623 0.837510
524 525 -0.811910
524 534 -0.436728
524 624 0.033868
525 526 -0.252814
525 535 0.014928
525 625 0.587353
526 527 1.558491
526 536 0.327205
526 626 1.093278
527 528 -0.083440
527 537 -0.809552
527 627 0.547041
528 529 0.280431
528 538 2.576465
528 628 -0.379666
529 520 0.201942
529 539 0.472611
529 629 -0.067384
530 531 -0.202275
530 540 0.879564
530 630 0.411719
531 532 0.332032
531 541 1.553247
531 631 0.467868
532 533 1.312419
532 542 0.982234
532 632 -0.248768
533 534 -1.484143
533 543 1.268638
533 633 0.961001
534 535 -0.871291
534 544 -1.733411
534 634 0.103755
535 536 0.056174
535 545 1.722195
535 635 2.098531
536 537 0.116214
536 546 -1.619090
536 636 -1.525898
537 538 -0.016930
537 547 0.035749
537 637 1.291375
538 539 0.299874
538 548 0.744559
538 638 0.667713
539 530 0.062644
539 549 0.972720
539 639 0.691241
540 541 -1.194752
540 550 -0.129430
540 640 0.023515
541 542 1.499377
541 551 2.130763
541 641 0.824256
542 543 -0.411094
542 552 -1.759451
542 642 -0.647109
543 544 -0.174161
543 553 0.212449
543 643 -0.606443
544 545 -1.788045
544 554 -0.704332
544 644 -0.529298
545 546 2.346233
545 555 -1.366936
545 645 2.276406
546 547 -1.728103
546 556 -1.807366
546 646 -0.340298
547 548 -0.478791
547 557 0.537511
547 647 -0.547198
548 549 -1.386657
548 558 -0.285839
548 648 -1.003851
549 540 0.434508
549 559 0.789618
549 649 -0.148349
550 551 0.490242
550 560 -1.194934
550 650 -0.016384
551 552 0.753183
551 561 1.394775
551 651 2.531265
552 553 0.075498
552 562 0.773690
552 652 0.439156
553 554 0.890198
553 563 -1.552857
553 653 -0.614170
554 555 -1.958956
554 564 -1.663939
554 654 -0.975374
555 556 0.697381
555 565 0.373346
555 655 0.404462
556 557 -0.512169
556 566 0.799090
556 656 -0.848488
557 558 -0.040395
557 567 -1.779654
557 657 -0.665390
558 559 1.703121
558 568 -0.409874
558 658 -0.315441
559 550 -1.564715
559 569 -0.877787
559 659 0.247501
560 561 1.777066
560 570 -0.888619
560 660 -1.165752
561 562 1.796095
561 571 -0.896326
561 661 -0.482371
562 563 1.531466
562 572 -1.012136
562 662 -0.372980
563 564 0.903667
563 573 -1.281352
563 663 0.418073
564 565 -0.158784
564 574 0.110722
564 664 1.052069
565 566 1.869598
565 575 0.362856
565 665 -1.057350
566 567 -0.493443
566 576 0.405084
566 666 -2.313363
567 568 1.814703
567 577 -0.939503
567 667 -1.447246
568 569 -1.849763
568 578 1.293986
568 668 -0.494867
569 560 -0.028282
569 579 1.256972
569 669 0.650197
570 571 0.939712
570 580 0.048001
570 670 -0.443291
571 572 -2.408838
571 581 -0.264044
571 671 -1.110956
572 573 0.792829
572 582 -1.703424
572 672 0.737354
573 574 1.256376
573 583 -0.794989
573 673 0.299039
574 575 -0.248997
574 584 -0.463438
574 674 0.629245
575 576 -0.654949
575 585 -0.800599
575 675 0.359804
576 577 1.479405
576 586 -0.681947
576 676 0.725669
577 578 0.501445
577 587 -0.368364
577 677 -0.048713
578 579 -0.685729
578 588 -0.720354
578 678 -0.574373
579 570 -0.073511
579 589 0.152657
579 679 0.525264
580 581 -1.365666
580 590 -0.739603
580 680 0.744740
581 582 1.386196
581 591 -0.159072
581 681 0.188712
582 583 -1.252918
582 592 -1.139919
582 682 0.372368
583 584 -1.902473
583 593 0.467203
583 683 0.515034
584 585 0.207312
584 594 0.293171
584 684 0.871518
585 586 -0.301054
585 595 1.321021
585 685 0.147495
586 587 -0.197681
586 596 -1.177734
586 686 -1.012451
587 588 1.356552
587 597 1.751943
587 687 -2.164080
588 589 -0.605818
588 598 0.700172
588 688 -0.152331
589 580 -1.027935
589 599 -1.614851
589 689 0.728857
590 591 1.177424
590 500 -0.044858
590 690 -1.220267
591 592 1.105684
591 501 0.624901
591 691 -0.455832
592 593 0.956667
592 502 -0.444233
592 692 0.463544
593 594 -0.295782
593 503 0.008109
593 693 0.205389
594 595 -0.894183
594 504 1.511277
594 694 -0.769459
595 596 -0.004118
595 505 0.383940
595 695 0.782872
596 597 0.315771
596 506 1.170630
596 696 -0.679577
597 598 0.133927
597 507 0.251953
597 697 -0.930637
598 599 -0.110317
598 508 0.337373
598 698 -0.386895
599 590 -1.202898
599 509 -0.477878
599 699 -0.230761
600 601 -2.242159
600 610 0.725113
600 700 0.344347
601 602 -0.306037
601 611 0.940402
601 701 -0.148896
602 603 0.112901
602 612 -0.672072
602 702 0.393086
603 604 1.747318
603 613 -0.113802
603 703 2.484935
604 605 0.687655
604 614 -0.269721
604 704 -0.402414
605 606 -0.938797
605 615 0.399736
605 705 -0.865334
606 607 0.067055
606 616 -1.364697
606 706 0.495222
607 608 -0.380305
607 617 -1.269023
607 707 1.075058
608 609 -0.550402
608 618 -0.821938
608 708 1.124314
609 600 -0.773808
609 619 0.369058
609 709 -0.287780
610 611 0.722237
610 620 1.191437
610 710 0.881257
611 612 0.527748
611 621 -1.575105
611 711 0.337012
612 613 2.301927
612 622 1.947224
612 712 1.251756
613 614 -0.947359
613 623 1.529773
613 713 0.287943
614 615 -1.034368
614 624 0.527917
614 714 -0.204338
615 616 -0.001420
615 625 1.218411
615 715 -0.682903
616 617 -2.022937
616 626 -0.297103
616 716 -0.510940
617 618 -0.017823
617 627 -0.219413
617 717 -0.035945
618 619 -0.080968
618 628 -0.748012
618 718 -1.035655
619 610 0.157949
619 629 -0.613654
619 719 -0.872478
620 621 -0.532094
620 630 -0.745859
620 720 0.274768
621 622 0.309703
621 631 0.455481
621 721 0.146839
622 623 0.286335
622 632 -0.381025
622 722 -1.154262
623 624 0.299959
623 633 -0.910741
623 723 1.163868
624 625 -1.403064
624 634 -1.745546
624 724 0.515922
625 626 -0.661589
625 635 0.696528
625 725 -1.105467
626 627 -0.036452
626 636 -0.033869
626 726 -1.698629
627 628 -2.033195
627 637 -1.277332
627 727 -1.000024
628 629 0.267774
628 638 0.468592
628 728 -0.511434
629 620 0.405083
629 639 0.935226
629 729 1.023074
630 631 -2.068134
630 640 0.465498
630 730 0.837833
631 632 0.918878
631 641 0.603817
631 731 0.169314
632 633 -0.637757
632 642 -0.266049
632 732 -0.762062
633 634 -0.002606
633 643 0.157054
633 733 1.070129
634 635 0.343908
634 644 0.852412
634 734 -0.376174
635 636 -1.554780
635 645 -0.592216
635 735 1.609345
636 637 -0.228437
636 646 0.413206
636 736 0.097665
637 638 1.747895
637 647 0.530927
637 737 -0.308237
638 639 -0.758469
638 648 1.187087
638 738 -0.296540
639 630 -1.055505
639 649 1.412202
639 739 0.698736
640 641 1.557979
640 650 1.289086
640 740 0.629882
641 642 -1.938008
641 651 0.335817
641 741 -0.218558
642 643 -1.490311
642 652 0.774581
642 742 -0.063213
643 644 -1.208946
643 653 1.881377
643 743 1.655646
644 645 1.542230
644 654 -0.487298
644 744 -0.713096
645 646 0.170433
645 655 -1.371996
645 745 0.198357
646 647 -0.359646
646 656 -0.173689
646 746 1.345954
647 648 -1.185049
647 657 -0.887089
647 747 -0.551405
648 649 -1.354406
648 658 -2.080701
648 748 -0.935628
649 640 0.508970
649 659 0.081366
649 749 -0.241782
650 651 1.661950
650 660 -1.583997
650 750 0.369532
651 652 -0.551841
651 661 -0.694889
651 751 1.842930
652 653 -1.192292
652 662 1.876051
652 752 -0.007928
653 654 -0.097273
653 663 -0.567820
653 753 0.013337
654 655 -0.314791
654 664 0.470277
654 754 1.705409
655 656 0.108813
655 665 -1.113880
655 755 -1.618843
656 657 0.839468
656 666 -0.917458
656 756 0.694979
657 658 -0.255638
657 667 -0.226334
657 757 -0.636883
658 659 -0.259190
658 668 -1.027185
658 758 0.541532
659 650 0.682219
659 669 -1.520835
659 759 0.726976
660 661 -0.141494
660 670 -1.436677
660 760 -1.490381
661 662 -0.458324
661 671 0.179169
661 761 -0.461118
662 663 0.417013
662 672 -0.523123
662 762 0.832442
663 664 0.037534
663 673 0.645297
663 763 -1.064491
664 665 -1.026710
664 674 -0.713050
664 764 -1.818742
665 666 -0.055589
665 675 -0.057058
665 765 0.137530
666 667 2.315733
666 676 0.656402
666 766 -0.633978
667 668 0.587706
667 677 0.612017
667 767 -1.151490
668 669 -0.725444
668 678 1.380189
668 768 -0.533343
669 660 -0.516382
669 679 -1.001438
669 769 -1.001903
670 671 0.204095
670 680 -0.686834
670 770 0.506924
671 672 1.634632
671 681 1.700819
671 771 -1.824184
672 673 -2.059837
672 682 -0.004578
672 772 0.486046
673 674 0.233332
673 683 -0.559982
673 773 -1.290757
674 675 -0.980936
674 684 0.072894
674 774 -1.759595
675 676 -1.210740
675 685 -0.762898
675 775 -0.052245
676 677 -0.336820
676 686 0.662508
676 776 -0.220861
677 678 -0.480722
677 687 0.239696
677 777 1.136051
678 679 -0.883376
678 688 0.738470
678 778 0.138580
679 670 -0.472373
679 689 -1.191221
679 779 -1.139491
680 681 -1.448139
680 690 1.022913
680 780 0.391965
681 682 -0.454333
681 691 -0.773602
681 781 -0.069912
682 683 -0.112018
682 692 -1.147128
682 782 0.501286
683 684 1.872549
683 693 0.506953
683 783 -0.515649
684 685 0.078469
684 694 -0.243209
684 784 1.211498
685 686 0.614181
685 695 -0.632286
685 785 0.545680
686 687 0.898549
686 696 -1.534850
686 786 -0.772740
687 688 0.440707
687 697 0.109538
687 787 -0.309751
688 689 -0.914243
688 698 -0.904580
688 788 -1.045696
689 680 0.369361
689 699 0.346451
689 789 0.213589
690 691 0.005650
690 600 0.292247
690 790 2.083471
691 692 1.043390
691 601 0.112006
691 791 0.544380
692 693 0.013185
692 602 3.155292
692 792 1.191126
693 694 0.275981
693 603 -1.363571
693 793 -0.383536
694 695 -1.843259
694 604 1.059448
694 794 1.181603
695 696 1.601845
695 605 -1.397714
695 795 -1.500754
696 697 2.086881
696 606 0.240892
696 796 -0.654137
697 698 -1.836511
697 607 -1.263356
697 797 0.138684
698 699 1.894480
698 608 0.608329
698 798 -0.463742
699 690 0.728540
699 609 -0.248833
699 799 0.410712
700 701 2.037292
700 710 1.643307
700 800 0.861178
701 702 0.033521
701 711 0.486826
701 801 0.103650
702 703 -0.502864
702 712 -0.549423
702 802 1.264090
703 704 -1.204784
703 713 0.299162
703 803 1.791992
704 705 -0.456335
704 714 0.954692
704 804 -1.174326
705 706 1.557402
705 715 -0.027404
705 805 0.580871
706 707 -0.440649
706 716 -0.709893
706 806 -0.282177
707 708 -0.919497
707 717 -1.717343
707 807 -0.782882
708 709 2.610298
708 718 1.572731
708 808 -0.321306
709 700 -1.491228
709 719 -0.262638
709 809 -1.422419
710 711 0.311496
710 720 0.949462
710 810 -0.203127
711 712 1.503193
711 721 -1.102983
711 811 0.184435
712 713 0.898274
712 722 -0.562419
712 812 -0.414009
713 714 -0.633942
713 723 -0.355413
713 813 0.372029
714 715 0.607732
714 724 -0.808517
714 814 -0.615084
715 716 1.159796
715 725 -0.992598
715 815 -0.781319
716 717 -0.291670
716 726 1.065068
716 816 0.831422
717 718 0.264889
717 727 2.362033
717 817 0.130452
718 719 0.666407
718 728 -0.313884
718 818 0.837792
719 710 0.684095
719 729 -0.239740
719 819 -1.682681
720 721 0.724625
720 730 1.333842
720 820 0.422954
721 722 0.603564
721 731 -0.900372
721 821 -0.632461
722 723 -1.869083
722 732 -0.959877
722 822 0.209990
723 724 0.061502
723 733 1.590068
723 823 2.267733
724 725 0.185435
724 734 1.018172
724 824 -0.289159
725 726 -1.286034
725 735 -2.272414
725 825 0.903090
726 727 -2.181577
726 736 0.779486
726 826 -0.736044
727 728 0.354246
727 737 0.165445
727 827 -0.836880
728 729 -0.267696
728 738 0.253478
728 828 -0.711445
729 720 -0.049879
729 739 0.985349
729 829 -0.642755
730 731 0.484964
730 740 1.366052
730 830 0.633882
731 732 -2.927806
731 741 -0.542062
731 831 -0.805691
732 733 1.393344
732 742 1.139522
732 832 1.617573
733 734 0.025573
733 743 0.720854
733 833 -0.296265
734 735 0.246220
734 744 0.595548
734 834 -0.294777
735 736 -0.984334
735 745 0.001963
735 835 0.651884
736 737 -1.174732
736 746 0.009649
736 836 -1.059742
737 738 0.083148
737 747 0.019237
737 837 -1.706984
738 739 -1.480526
738 748 1.030123
738 838 -0.423720
739 730 0.664742
739 749 -0.103044
739 839 0.471554
740 741 0.915546
740 750 -0.445440
740 840 -2.090749
741 742 -0.814664
741 751 0.142086
741 841 -0.956107
742 743 0.830677
742 752 1.339465
742 842 0.316722
743 744 1.294135
743 753 -0.073947
743 843 -0.029934
744 745 0.462116
744 754 0.741305
744 844 2.130393
745 746 -0.431321
745 755 -0.008112
745 845 0.244012
746 747 -0.038223
746 756 0.804931
746 846 -0.711270
747 748 0.227544
747 757 -1.313256
747 847 -0.787132
748 749 1.039679
748 758 -1.113520
748 848 0.746435
749 740 -1.270514
749 759 1.659044
749 849 -0.663957
750 751 0.341655
750 760 -0.432976
750 850 1.686787
751 752 -0.788029
751 761 0.352505
751 851 0.159073
752 753 -0.077002
752 762 0.314525
752 852 0.155225
753 754 -0.857778
753 763 0.970334
753 853 -0.289754
754 755 -0.219031
754 764 -0.267842
754 854 -1.320430
755 756 -0.346326
755 765 -0.991182
755 855 -0.237890
756 757 -1.874958
756 766 1.746513
756 856 -1.236541
757 758 0.292853
757 767 -0.710684
757 857 -0.367687
758 759 -0.377319
758 768 -1.114395
758 858 0.662370
759 750 -0.930887
759 769 1.399119
759 859 -0.679614
760 761 -0.091650
760 770 2.018882
760 860 1.808488
761 762 0.418867
761 771 0.264348
761 861 0.199767
762 763 -0.725293
762 772 -0.124168
762 862 0.272849
763 764 -0.084967
763 773 -1.545191
763 863 1.006482
764 765 0.994094
764 774 0.515527
764 864 -0.721803
765 766 -0.479510
765 775 0.678965
765 865 1.858167
766 767 0.602109
766 776 0.101976
766 866 1.461394
767 768 -0.932183
767 777 0.764079
767 867 0.095526
768 769 -0.447368
768 778 1.286669
768 868 1.499847
769 760 -0.958473
769 779 0.047236
769 869 -1.352951
770 771 -1.810391
770 780 0.932240
770 870 -0.991258
771 772 0.168935
771 781 -0.373131
771 871 -0.023855
772 773 -1.510898
772 782 0.639661
772 872 2.619602
773 774 0.886991
773 783 -0.153422
773 873 -0.430223
774 775 0.522234
774 784 0.413141
774 874 -0.463574
775 776 -0.150585
775 785 -0.168622
775 875 -3.311594
776 777 1.058986
776 786 0.659459
776 876 -0.320087
777 778 0.656236
777 787 0.477540
777 877 1.631756
778 779 -1.288434
778 788 0.510488
778 878 -0.346771
779 770 -0.256792
779 789 1.006915
779 879 -0.919233
780 781 -1.507571
780 790 -1.143567
780 880 2.839210
781 782 1.116787
781 791 0.358732
781 881 1.026092
782 783 -1.455519
782 792 1.874502
782 882 -0.294079
783 784 -0.201146
783 793 1.738722
783 883 -1.375735
784 785 0.703149
784 794 -1.666731
784 884 0.484788
785 786 -0.060270
785 795 1.457404
785 885 0.878079
786 787 0.381139
786 796 -0.438930
786 886 -0.137028
787 788 -2.634257
787 797 0.457455
787 887 -1.552403
788 789 1.362496
788 798 -0.321749
788 888 0.759416
789 780 -1.156655
789 799 -0.068009
789 889 1.195011
790 791 0.259985
790 700 0.349835
790 890 -0.253581
791 792 -0.568992
791 701 -0.020405
791 891 -0.022615
792 793 -0.227702
792 702 -0.223648
792 892 -0.604151
793 794 1.019248
793 703 1.608491
793 893 0.011302
794 795 0.388019
794 704 0.860041
794 894 0.298882
795 796 -0.004457
795 705 1.136692
795 895 -0.113398
796 797 -0.906331
796 706 2.228358
796 896 -0.692396
797 798 1.397156
797 707 -0.439527
797 897 -0.539118
798 799 -1.981091
798 708 -1.706492
798 898 0.848671
799 790 2.363244
799 709 0.792158
799 899 -1.435598
800 801 -0.830689
800 810 -0.100038
800 900 0.075214
801 802 1.611492
801 811 0.068970
801 901 -0.009721
802 803 1.217072
802 812 -0.541262
802 902 -1.844551
803 804 0.738932
803 813 1.278876
803 903 -0.934617
804 805 0.020107
804 814 1.059920
804 904 -0.438471
805 806 0.751081
805 815 0.668053
805 905 1.252056
806 807 0.409049
806 816 -0.104788
806 906 -0.415111
807 808 -0.060553
807 817 0.879270
807 907 0.600608
808 809 -0.117294
808 818 0.593186
808 908 -0.120406
809 800 -0.552567
809 819 0.887946
809 909 1.025265
810 811 -1.907294
810 820 -0.129031
810 910 -0.979256
811 812 -0.095450
811 821 2.064954
811 911 1.840805
812 813 0.048399
812 822 0.000459
812 912 1.536642
813 814 -0.492386
813 823 -0.009423
813 913 -1.104182
814 815 0.876095
814 824 -1.096868
814 914 1.579233
815 816 0.746494
815 825 1.183183
815 915 -0.174322
816 817 0.463201
816 826 0.253567
816 916 1.175654
817 818 0.240389
817 827 0.133399
817 917 1.400980
818 819 -0.292887
818 828 -0.847757
818 918 1.970682
819 810 -0.089048
819 829 1.614263
819 919 -0.693432
820 821 0.251446
820 830 0.857571
820 920 -1.032762
821 822 0.369050
821 831 0.444754
821 921 0.369049
822 823 0.087433
822 832 -1.053253
822 922 0.346657
823 824 0.964898
823 833 1.545364
823 923 0.184787
824 825 -0.663187
824 834 0.503905
824 924 0.382788
825 826 0.376496
825 835 -0.171838
825 925 -0.794842
826 827 -1.749092
826 836 0.084875
826 926 -1.502410
827 828 -1.948685
827 837 0.528914
827 927 -1.566899
828 829 -1.007325
828 838 0.143849
828 928 -0.395836
829 820 -0.482859
829 839 2.277298
829 929 -0.064332
830 831 1.419808
830 840 0.547978
830 930 0.322267
831 832 0.221125
831 841 -0.080862
831 931 1.406799
832 833 0.316682
832 842 1.765734
832 932 1.359386
833 834 -1.515226
833 843 -0.097155
833 933 -0.765784
834 835 -0.986926
834 844 -1.208169
834 934 -1.427866
835 836 -0.234353
835 845 0.532407
835 935 0.008102
836 837 0.741113
836 846 0.581354
836 936 -1.830791
837 838 2.860207
837 847 -0.279956
837 937 -0.595082
838 839 0.999228
838 848 -0.291921
838 938 0.497071
839 830 -0.770928
839 849 -1.629127
839 939 -0.182752
840 841 0.337189
840 850 -0.993687
840 940 0.536796
841 842 -0.965269
841 851 -0.636768
841 941 0.077292
842 843 0.124748
842 852 -0.217676
842 942 -0.027449
843 844 -0.369826
843 853 -0.144631
843 943 -1.673286
844 845 -1.148934
844 854 0.428124
844 944 0.014191
845 846 -0.832031
845 855 1.526652
845 945 -0.164586
846 847 0.655252
846 856 -0.070470
846 946 1.130440
847 848 1.483523
847 857 0.317033
847 947 0.973533
848 849 -0.584425
848 858 -1.617060
848 948 1.221970
849 840 -1.176631
849 859 0.023586
849 949 -1.320314
850 851 -0.728827
850 860 -0.057323
850 950 -0.891582
851 852 0.587138
851 861 -0.347032
851 951 0.723727
852 853 0.525613
852 862 -0.138418
852 952 -0.823333
853 854 -1.583616
853 863 0.448553
853 953 -0.600948
854 855 -2.240664
854 864 1.416013
854 954 1.783012
855 856 -0.680227
855 865 -1.764991
855 955 -0.992344
856 857 -0.100388
856 866 -0.342816
856 956 -0.368323
857 858 -0.808198
857 867 0.754425
857 957 0.301715
858 859 -0.309486
858 868 -0.622676
858 958 0.539549
859 850 -0.483833
859 869 -0.347665
859 959 0.520459
860 861 -0.558343
860 870 0.728110
860 960 -0.135360
861 862 -0.764851
861 871 0.071275
861 961 -0.225473
862 863 -0.587128
862 872 0.772950
862 962 -1.196354
863 864 1.591933
863 873 -0.540658
863 963 0.138511
864 865 0.513591
864 874 0.681051
864 964 1.684862
865 866 -0.249819
865 875 -1.032110
865 965 -0.842390
866 867 0.337350
866 876 0.531144
866 966 -2.379568
867 868 -1.099492
867 877 -0.959474
867 967 0.388340
868 869 1.315343
868 878 -0.294242
868 968 -2.423531
869 860 -1.000320
869 879 1.047765
869 969 0.820346
870 871 -1.105687
870 880 -1.222002
870 970 -0.227274
871 872 0.655380
871 881 -1.556721
871 971 -1.165942
872 873 0.680323
872 882 0.091576
872 972 -0.659795
873 874 -0.602517
873 883 2.234591
873 973 -2.001658
874 875 -2.066373
874 884 2.109726
874 974 0.566591
875 876 -0.848115
875 885 0.071751
875 975 0.014426
876 877 2.015735
876 886 -0.156178
876 976 -0.740416
877 878 0.677106
877 887 -0.070560
877 977 0.140486
878 879 0.223639
878 888 -0.364759
878 978 0.117174
879 870 -0.638163
879 889 0.050671
879 979 0.733617
880 881 1.523412
880 890 1.036081
880 980 0.653597
881 882 0.747930
881 891 -1.425556
881 981 0.046944
882 883 0.672099
882 892 0.509691
882 982 0.530497
883 884 0.192962
883 893 0.350934
883 983 1.732223
884 885 0.311211
884 894 -0.335283
884 984 0.589909
885 886 0.487919
885 895 1.610582
885 985 2.205041
886 887 -1.315274
886 896 -1.679642
886 986 -0.465245
887 888 -1.455241
887 897 1.113165
887 987 -0.177104
888 889 -0.936521
888 898 0.482278
888 988 -0.924588
889 880 -0.355544
889 899 -1.115989
889 989 -0.285022
890 891 1.204433
890 800 -0.239328
890 990 0.041015
891 892 1.052380
891 801 -0.314545
891 991 0.280469
892 893 -0.460177
892 802 0.460177
892 992 -0.224155
893 894 1.260843
893 803 -0.563181
893 993 -0.216107
894 895 0.342448
894 804 -0.575836
894 994 -0.406812
895 896 1.012951
895 805 -0.979488
895 995 0.030994
896 897 -0.041832
896 806 2.627142
896 996 -0.273741
897 898 -0.977853
897 807 -0.361968
897 997 0.854272
898 899 0.487742
898 808 0.312429
898 998 1.660182
899 890 -0.136411
899 809 -0.580027
899 999 0.342414
900 901 -0.197051
900 910 -0.545673
900 0 -0.202359
901 902 -1.455200
901 911 -0.561274
901 1 -0.600974
902 903 -0.057352
902 912 -0.067190
902 2 -1.343008
903 904 -1.070149
903 913 0.711732
903 3 0.042038
904 905 0.428805
904 914 0.764775
904 4 1.206546
905 906 0.942203
905 915 -0.901254
905 5 -0.430233
906 907 -0.613901
906 916 0.190834
906 6 0.686675
907 908 0.542385
907 917 -0.013104
907 7 -0.782678
908 909 -0.310249
908 918 -1.176413
908 8 -1.876799
909 900 -0.071340
909 919 -0.778168
909 9 -0.154098
910 911 -0.497594
910 920 -0.858130
910 10 2.416934
911 912 -1.216642
911 921 1.488826
911 11 -0.791952
912 913 -1.342544
912 922 1.223879
912 12 0.371275
913 914 1.978634
913 923 0.364939
913 13 -0.626118
914 915 1.592552
914 924 -0.439569
914 14 0.611071
915 916 -0.924685
915 925 0.739092
915 15 -1.890577
916 917 -0.865967
916 926 0.815787
916 16 -0.064012
917 918 0.641634
917 927 0.080149
917 17 1.405628
918 919 -0.517786
918 928 -1.721758
918 18 1.777536
919 910 -0.991170
919 929 0.046582
919 19 -0.675713
920 921 0.329578
920 930 0.139683
920 20 0.082116
921 922 1.304142
921 931 -0.941621
921 21 -0.418734
922 923 1.231738
922 932 -1.609872
922 22 1.011238
923 924 0.533140
923 933 0.085155
923 23 -1.287049
924 925 -0.989585
924 934 1.568506
924 24 -1.465578
925 926 -0.640235
925 935 -0.233607
925 25 -0.470098
926 927 0.185208
926 936 1.460989
926 26 -0.470220
927 928 -1.617110
927 937 -0.840259
927 27 -0.850412
928 929 0.437402
928 938 -0.772267
928 28 -0.645684
929 920 -0.209920
929 939 0.906876
929 29 0.913673
930 931 2.325906
930 940 1.052080
930 30 -0.914381
931 932 -1.447431
931 941 0.248477
931 31 1.328893
932 933 -0.722111
932 942 -0.409797
932 32 0.286010
933 934 -2.205850
933 943 2.055117
933 33 -0.594247
934 935 1.019330
934 944 -0.870332
934 34 1.515591
935 936 -1.151549
935 945 0.294960
935 35 -0.197642
936 937 1.764418
936 946 -0.273528
936 36 -0.305079
937 938 -0.378615
937 947 0.531621
937 37 -0.638177
938 939 -0.204735
938 948 -1.480934
938 38 0.170959
939 930 -0.153762
939 949 0.140697
939 39 0.931462
940 941 -1.511347
940 950 -0.659861
940 40 -0.532537
941 942 1.308441
941 951 0.910406
941 41 1.498285
942 943 -0.286428
942 952 -0.470869
942 42 0.248973
943 944 -0.453358
943 953 0.976133
943 43 -0.694599
944 945 -0.014863
944 954 0.862859
944 44 0.166454
945 946 0.424891
945 955 -1.444764
945 45 0.249542
946 947 -0.192118
946 956 -1.313552
946 46 0.455629
947 948 1.255226
947 957 -1.011727
947 47 -0.673597
948 949 0.677952
948 958 -0.083710
948 48 -1.409867
949 940 1.050849
949 959 -0.003074
949 49 -0.790094
950 951 0.043133
950 960 -0.436421
950 50 0.135572
951 952 2.356097
951 961 1.224966
951 51 0.489754
952 953 -0.772591
952 962 0.999298
952 52 -0.860833
953 954 0.179836
953 963 0.828861
953 53 -0.834363
954 955 0.408700
954 964 -0.279277
954 54 -0.477579
955 956 -0.967762
955 965 1.865558
955 55 2.426570
956 957 0.246615
956 966 -0.436379
956 56 -0.414380
957 958 -1.111187
957 967 0.477315
957 57 0.166549
958 959 -0.616889
958 968 -0.579894
958 58 1.452146
959 950 0.150456
959 969 -1.356117
959 59 0.499804
960 961 -0.034097
960 970 -0.192356
960 60 1.012820
961 962 0.473827
961 971 0.434503
961 61 -1.756778
962 963 -1.452310
962 972 0.648657
962 62 1.546797
963 964 0.136118
963 973 -1.640740
963 63 0.309685
964 965 -0.734854
964 974 0.313572
964 64 0.280868
965 966 0.345363
965 975 -1.754062
965 65 -1.277482
966 967 0.109274
966 976 0.186313
966 66 0.745950
967 968 0.593835
967 977 -0.239283
967 67 0.404531
968 969 0.073273
968 978 -0.609284
968 68 -0.608443
969 960 0.063490
969 979 -2.871776
969 69 -1.336539
970 971 -0.669446
970 980 -1.073825
970 70 0.635096
971 972 -1.237897
971 981 -0.997951
971 71 0.127220
972 973 1.679146
972 982 1.450328
972 72 -0.048973
973 974 -1.663720
973 983 -0.389137
973 73 -1.479760
974 975 0.381701
974 984 0.748851
974 74 -0.578329
975 976 0.085296
975 985 0.089486
975 75 -0.526984
976 977 -0.029889
976 986 -0.633520
976 76 2.337752
977 978 0.672429
977 987 0.483242
977 77 0.093787
978 979 0.126163
978 988 1.370128
978 78 -0.752501
979 970 -0.896277
979 989 -0.619701
979 79 -0.348575
980 981 -0.316548
980 990 0.009219
980 80 -0.205225
981 982 2.280891
981 991 -1.288946
981 81 -1.721004
982 983 -2.004958
982 992 0.402461
982 82 -0.928697
983 984 0.439131
983 993 -0.067326
983 83 1.437787
984 985 1.347421
984 994 0.639083
984 84 -0.566816
985 986 -2.063798
985 995 -1.182124
985 85 -0.273145
986 987 -0.217522
986 996 0.702241
986 86 -1.024020
987 988 0.484217
987 997 -0.624040
987 87 0.053028
988 989 0.467025
988 998 -0.290724
988 88 -0.947650
989 980 0.572737
989 999 -0.563146
989 89 0.849411
990 991 0.861316
990 900 -2.417414
990 90 0.070853
991 992 -0.639347
991 901 1.117213
991 91 -1.437338
992 993 -1.696463
992 902 -1.636601
992 92 1.774490
993 994 0.486821
993 903 0.923426
993 93 0.542865
994 995 -0.661784
994 904 -0.785809
994 94 1.256214
995 996 0.942978
995 905 -0.892770
995 95 -1.510960
996 997 -1.274542
996 906 0.853518
996 96 1.010082
997 998 0.987431
997 907 1.491635
997 97 -1.335455
998 999 0.394365
998 908 -0.237951
998 98 -0.167104
999 990 -0.274648
999 909 0.952999
999 99 0.362943
