0 1 -0.214558
0 10 -1.688177
0 100 -0.594659
1 2 1.396795
1 11 -0.202096
1 101 -1.126104
2 3 -0.470517
2 12 -2.180236
2 102 -0.536135
3 4 -0.547083
3 13 0.627793
3 103 0.695295
4 5 1.177379
4 14 0.143617
4 104 -0.756499
5 6 0.775194
5 15 1.449506
5 105 -1.091416
6 7 -0.899589
6 16 0.154150
6 106 -1.041090
7 8 -0.912471
7 17 -2.058260
7 107 2.723352
8 9 -0.317702
8 18 -0.252549
8 108 1.045564
9 0 -0.872160
9 19 -0.671679
9 109 -0.920435
10 11 -1.213856
10 20 0.092352
10 110 -0.471201
11 12 0.768563
11 21 -0.894192
11 111 0.730297
12 13 1.223476
12 22 0.344675
12 112 -0.497942
13 14 0.490067
13 23 -1.866242
13 113 -0.019923
14 15 0.599715
14 24 1.275273
14 114 0.020737
15 16 -0.849200
15 25 -1.182767
15 115 0.671404
16 17 -0.336858
16 26 -0.347071
16 116 0.394908
17 18 0.234578
17 27 -0.288705
17 117 0.151772
18 19 -0.837017
18 28 1.713042
18 118 -0.143232
19 10 1.805001
19 29 0.587315
19 119 -0.665196
20 21 1.883362
20 30 0.767760
20 120 -1.025639
21 22 0.481963
21 31 -0.152463
21 121 -0.251381
22 23 0.318090
22 32 0.431171
22 122 0.655615
23 24 0.595231
23 33 0.409450
23 123 1.167888
24 25 0.638170
24 34 -0.589280
24 124 -0.554789
25 26 -0.687354
25 35 -0.873633
25 125 -1.005525
26 27 0.418613
26 36 1.216671
26 126 -0.533566
27 28 1.912348
27 37 -0.315401
27 127 0.270654
28 29 1.356449
28 38 -0.187828
28 128 -0.498385
29 20 -1.163647
29 39 -0.717120
29 129 -1.339882
30 31 0.730215
30 40 1.684262
30 130 1.359532
31 32 0.182811
31 41 -0.984363
31 131 -0.461154
32 33 0.029772
32 42 -0.581120
32 132 0.846014
33 34 -0.980736
33 43 -0.524148
33 133 -0.202616
34 35 -1.246191
34 44 0.029808
34 134 0.921584
35 36 0.253403
35 45 -0.695442
35 135 0.754668
36 37 -0.816625
36 46 0.103377
36 136 -0.286138
37 38 -0.240344
37 47 -0.412223
37 137 0.099392
38 39 0.881767
38 48 2.904233
38 138 -1.063818
39 30 -1.336895
39 49 0.214646
39 139 -0.637656
40 41 -0.371825
40 50 0.305371
40 140 -0.753200
41 42 0.657777
41 51 0.065561
41 141 0.160826
42 43 0.404479
42 52 -0.635935
42 142 0.533455
43 44 0.887125
43 53 0.562828
43 143 1.085536
44 45 -1.119780
44 54 0.852921
44 144 0.317487
45 46 -0.552419
45 55 0.515665
45 145 1.093354
46 47 -0.774465
46 56 0.273674
46 146 0.229413
47 48 -3.259499
47 57 1.849375
47 147 0.146192
48 49 -0.650211
48 58 -0.800325
48 148 1.395071
49 40 -2.164030
49 59 -1.215567
49 149 0.836481
50 51 0.467241
50 60 0.942114
50 150 -1.082841
51 52 -0.272355
51 61 -0.502797
51 151 1.976129
52 53 0.083768
52 62 -0.173305
52 152 -0.137135
53 54 -0.322295
53 63 0.230259
53 153 0.604741
54 55 -0.470485
54 64 1.050926
54 154 0.391036
55 56 0.070900
55 65 -0.812933
55 155 1.766454
56 57 0.039734
56 66 -1.209028
56 156 -0.759301
57 58 -1.206038
57 67 0.215675
57 157 -0.075882
58 59 0.118285
58 68 0.493894
58 158 -1.382639
59 50 0.675817
59 69 -0.351815
59 159 -0.029551
60 61 -0.351674
60 70 -1.726103
60 160 0.484815
61 62 -0.331265
61 71 0.535729
61 161 0.010212
62 63 -0.933215
62 72 -0.439265
62 162 -0.466974
63 64 1.257165
63 73 -0.933156
63 163 0.816727
64 65 0.225524
64 74 -0.472609
64 164 -0.762023
65 66 -1.906432
65 75 -0.514906
65 165 1.207198
66 67 -0.381873
66 76 -1.725027
66 166 -1.692006
67 68 0.587255
67 77 1.950633
67 167 1.013308
68 69 -0.625502
68 78 0.568914
68 168 -0.889232
69 60 1.005730
69 79 0.506541
69 169 -0.342864
70 71 0.732281
70 80 -0.363729
70 170 -1.906527
71 72 -0.807940
71 81 0.477319
71 171 -0.592400
72 73 -0.193584
72 82 0.363585
72 172 -0.302367
73 74 0.526224
73 83 0.579610
73 173 -1.060873
74 75 -0.020917
74 84 -1.272684
74 174 -1.309751
75 76 0.058888
75 85 -0.955888
75 175 -1.157905
76 77 0.061999
76 86 -0.581833
76 176 0.922847
77 78 -0.055071
77 87 -0.036965
77 177 -0.476096
78 79 1.202658
78 88 2.064303
78 178 0.052362
79 70 -0.403145
79 89 1.305611
79 179 -1.124558
80 81 0.351515
80 90 -1.599093
80 180 0.597449
81 82 0.267277
81 91 -0.128789
81 181 -1.155095
82 83 0.375545
82 92 0.979276
82 182 0.248611
83 84 -0.183079
83 93 1.102050
83 183 1.001158
84 85 -0.445424
84 94 1.785889
84 184 0.320393
85 86 0.738373
85 95 -0.710216
85 185 0.201198
86 87 0.527269
86 96 1.042042
86 186 -0.063998
87 88 -0.061359
87 97 -0.281174
87 187 1.298557
88 89 1.861148
88 98 0.005907
88 188 -0.839130
89 80 -0.332003
89 99 1.256136
89 189 1.437044
90 91 -1.832770
90 0 -0.568355
90 190 0.002485
91 92 0.528975
91 1 0.530863
91 191 -0.235032
92 93 1.142703
92 2 -0.978036
92 192 -2.144731
93 94 -0.434240
93 3 -0.809551
93 193 0.639312
94 95 1.106609
94 4 -0.581834
94 194 0.921262
95 96 0.590410
95 5 1.321018
95 195 -0.252775
96 97 0.218231
96 6 0.091160
96 196 0.342881
97 98 -0.648504
97 7 -0.161006
97 197 2.985976
98 99 1.498569
98 8 -0.938016
98 198 0.435150
99 90 -0.489500
99 9 0.572067
99 199 -0.437304
100 101 -0.456618
100 110 -0.192645
100 200 -0.356847
101 102 -0.498134
101 111 -1.092089
101 201 -0.336672
102 103 -0.278903
102 112 0.427628
102 202 0.414315
103 104 1.123469
103 113 -0.735941
103 203 0.539648
104 105 1.244737
104 114 0.257668
104 204 0.716097
105 106 0.262301
105 115 -0.650544
105 205 1.214051
106 107 -0.542461
106 116 0.834420
106 206 0.029027
107 108 -1.544438
107 117 -0.870258
107 207 -2.281236
108 109 0.630381
108 118 1.634760
108 208 1.130170
109 100 0.205227
109 119 -0.427831
109 209 -1.399973
110 111 -0.354580
110 120 0.125860
110 210 -2.003238
111 112 -0.998545
111 121 0.443886
111 211 -0.716561
112 113 0.491889
112 122 1.768693
112 212 0.488777
113 114 0.425620
113 123 0.424126
113 213 -0.062971
114 115 -2.472235
114 124 -1.186505
114 214 0.893117
115 116 -0.707139
115 125 -0.653600
115 215 -1.058140
116 117 0.146871
116 126 0.997418
116 216 0.929068
117 118 1.224894
117 127 0.755585
117 217 0.945348
118 119 -0.865161
118 128 -1.154113
118 218 -0.602471
119 110 0.941408
119 129 1.138919
119 219 -0.168558
120 121 -0.330724
120 130 -0.383910
120 220 -0.253862
121 122 -0.011234
121 131 0.213069
121 221 0.039895
122 123 0.366623
122 132 0.738285
122 222 0.009546
123 124 -0.920779
123 133 0.399963
123 223 -1.681083
124 125 0.098781
124 134 0.739235
124 224 0.207661
125 126 0.953259
125 135 0.814855
125 225 0.277639
126 127 -1.423497
126 136 -0.145546
126 226 -1.010330
127 128 -0.289927
127 137 -0.425356
127 227 1.111994
128 129 1.943603
128 138 -0.578279
128 228 -2.713713
129 120 -2.219474
129 139 -0.138585
129 229 1.209879
130 131 0.309960
130 140 -2.105665
130 230 -0.191701
131 132 0.172869
131 141 -0.135791
131 231 0.297618
132 133 0.219964
132 142 0.228646
132 232 -0.343365
133 134 0.028913
133 143 -1.404215
133 233 0.027809
134 135 2.994661
134 144 -0.495127
134 234 0.103347
135 136 -1.120184
135 145 -1.421034
135 235 -1.260419
136 137 0.106547
136 146 0.898291
136 236 -0.443384
137 138 0.450172
137 147 -0.771229
137 237 0.305015
138 139 0.898647
138 148 -1.111424
138 238 0.641936
139 130 -1.112805
139 149 0.118498
139 239 0.082777
140 141 -0.219043
140 150 1.166485
140 240 -0.904489
141 142 1.143054
141 151 -0.406563
141 241 -1.628917
142 143 0.065406
142 152 -0.819853
142 242 -0.566949
143 144 0.937802
143 153 -0.591175
143 243 0.541506
144 145 -0.995133
144 154 -0.345955
144 244 -0.005600
145 146 -1.786605
145 155 1.144115
145 245 -0.477621
146 147 0.501323
146 156 0.301477
146 246 -0.650133
147 148 -1.552748
147 157 -0.464936
147 247 -1.192907
148 149 0.097976
148 158 -1.179774
148 248 -1.668773
149 140 0.929944
149 159 -0.836150
149 249 1.039731
150 151 -0.701765
150 160 -1.156103
150 250 -0.188937
151 152 0.306682
151 161 0.060257
151 251 -0.596939
152 153 1.912175
152 162 -0.123687
152 252 -1.267490
153 154 -2.058503
153 163 0.386283
153 253 -1.075043
154 155 -1.047625
154 164 0.593978
154 254 -0.719163
155 156 -0.810612
155 165 -0.633973
155 255 -0.547917
156 157 0.653492
156 166 -0.513230
156 256 1.463516
157 158 -1.088047
157 167 0.557626
157 257 -1.009444
158 159 1.225597
158 168 -0.142758
158 258 -0.732462
159 150 0.702365
159 169 0.808785
159 259 -0.866525
160 161 0.949927
160 170 -2.151047
160 260 0.354416
161 162 -1.103089
161 171 2.354357
161 261 -0.571288
162 163 2.488326
162 172 0.406328
162 262 1.850273
163 164 1.165592
163 173 0.956154
163 263 0.280056
164 165 -0.420679
164 174 1.399957
164 264 1.527094
165 166 2.684916
165 175 1.758126
165 265 0.044220
166 167 0.140588
166 176 0.919627
166 266 -0.414591
167 168 0.786653
167 177 2.477917
167 267 1.351430
168 169 1.601501
168 178 -1.754358
168 268 0.956063
169 160 -0.821950
169 179 -0.364844
169 269 0.493862
170 171 0.153457
170 180 -0.053991
170 270 -0.344217
171 172 0.137306
171 181 -1.433193
171 271 0.599943
172 173 -0.858143
172 182 0.438589
172 272 -0.718108
173 174 -0.206264
173 183 -0.092100
173 273 0.452089
174 175 -0.851876
174 184 0.840337
174 274 1.461172
175 176 -1.545158
175 185 0.309029
175 275 -2.717121
176 177 0.811366
176 186 -2.387782
176 276 0.216577
177 178 0.159808
177 187 -0.205027
177 277 -1.010750
178 179 -1.152187
178 188 -0.210494
178 278 -1.197095
179 170 -0.709494
179 189 -0.113071
179 279 0.951835
180 181 0.117635
180 190 -2.996006
180 280 1.540758
181 182 -0.818301
181 191 -0.899313
181 281 1.044407
182 183 0.039222
182 192 -1.176777
182 282 -1.469030
183 184 -1.062244
183 193 -0.628742
183 283 -0.346017
184 185 0.261299
184 194 0.001668
184 284 0.653395
185 186 0.137559
185 195 -0.464933
185 285 1.005302
186 187 -0.183482
186 196 -1.116964
186 286 -0.756344
187 188 1.387357
187 197 1.908561
187 287 0.229051
188 189 1.090613
188 198 -0.028103
188 288 -0.487795
189 180 -0.921127
189 199 1.040662
189 289 -0.498484
190 191 -1.470375
190 100 0.159337
190 290 0.605218
191 192 0.215775
191 101 0.475041
191 291 -0.135847
192 193 -0.340294
192 102 0.610120
192 292 1.547467
193 194 -0.859442
193 103 -0.252178
193 293 0.789459
194 195 0.768174
194 104 -2.659520
194 294 1.055497
195 196 -0.056108
195 105 0.084453
195 295 0.351225
196 197 1.320648
196 106 -0.110060
196 296 0.719087
197 198 -0.290424
197 107 1.885845
197 297 1.427791
198 199 -1.292098
198 108 1.446661
198 298 -0.461599
199 190 -0.033457
199 109 -0.535493
199 299 -0.841243
200 201 1.399317
200 210 1.429324
200 300 1.141622
201 202 -1.282307
201 211 -1.769369
201 301 1.253875
202 203 0.093616
202 212 0.472016
202 302 -0.166538
203 204 1.636920
203 213 0.752283
203 303 -1.210815
204 205 0.912941
204 214 -1.403115
204 304 0.409701
205 206 0.330109
205 215 -0.587382
205 305 -1.395616
206 207 1.292351
206 216 1.911087
206 306 0.094061
207 208 0.408135
207 217 -0.307968
207 307 0.991440
208 209 -0.591910
208 218 -1.489435
208 308 1.350915
209 200 1.436489
209 219 0.954860
209 309 1.572773
210 211 -1.019999
210 220 -0.327723
210 310 -1.171429
211 212 0.979679
211 221 2.294060
211 311 0.324304
212 213 0.478099
212 222 0.955478
212 312 -0.416253
213 214 0.389539
213 223 -0.312439
213 313 -0.536602
214 215 -0.221294
214 224 1.590754
214 314 0.969181
215 216 0.503407
215 225 0.647868
215 315 -1.038038
216 217 0.326564
216 226 -1.715688
216 316 -0.672023
217 218 -0.607463
217 227 -0.013761
217 317 -0.164674
218 219 -0.136647
218 228 0.690209
218 318 0.981610
219 210 0.876566
219 229 1.921437
219 319 -1.120830
220 221 -0.181722
220 230 -1.003158
220 320 0.060420
221 222 -1.028487
221 231 0.477663
221 321 -1.253270
222 223 -1.503295
222 232 1.205493
222 322 2.510055
223 224 -0.109463
223 233 -0.531062
223 323 1.757645
224 225 0.248509
224 234 0.492950
224 324 0.125203
225 226 1.639085
225 235 1.161155
225 325 0.942455
226 227 -0.568628
226 236 0.271731
226 326 0.079375
227 228 -0.475984
227 237 0.023574
227 327 0.889601
228 229 -0.359120
228 238 0.690768
228 328 -0.677884
229 220 -1.031065
229 239 1.624515
229 329 0.539368
230 231 0.819179
230 240 0.569033
230 330 -1.433269
231 232 -1.045525
231 241 0.752003
231 331 0.331112
232 233 -1.839565
232 242 -0.529197
232 332 0.416271
233 234 -0.135941
233 243 0.848863
233 333 -0.796360
234 235 0.215836
234 244 -0.070294
234 334 1.056791
235 236 1.355872
235 245 1.769623
235 335 -1.554177
236 237 0.222553
236 246 0.560283
236 336 0.276699
237 238 -0.452716
237 247 0.757233
237 337 1.311770
238 239 -1.715459
238 248 1.115272
238 338 -0.074812
239 230 0.038949
239 249 0.264602
239 339 0.082168
240 241 -0.323522
240 250 -0.521686
240 340 0.221860
241 242 0.477054
241 251 -0.857521
241 341 -0.329999
242 243 -0.550102
242 252 0.130712
242 342 -1.979991
243 244 -0.699428
243 253 -1.134433
243 343 0.203292
244 245 2.065454
244 254 1.989360
244 344 1.332513
245 246 0.849260
245 255 -0.038630
245 345 -1.073075
246 247 -1.480422
246 256 -0.090541
246 346 -0.180888
247 248 -0.547482
247 257 -0.732400
247 347 1.076965
248 249 0.855202
248 258 -1.389263
248 348 -0.173355
249 240 1.399525
249 259 1.308423
249 349 1.719995
250 251 -1.865623
250 260 -0.633788
250 350 -0.949867
251 252 -0.952590
251 261 -0.690729
251 351 -0.538500
252 253 0.014379
252 262 -0.789321
252 352 0.884076
253 254 -1.644945
253 263 1.583484
253 353 1.492637
254 255 -0.197008
254 264 0.628496
254 354 0.071534
255 256 -0.698050
255 265 0.483987
255 355 0.343340
256 257 0.399940
256 266 -0.730544
256 356 0.252665
257 258 2.197473
257 267 -2.254116
257 357 -1.771697
258 259 -0.476948
258 268 -0.585253
258 358 0.785649
259 250 -1.785100
259 269 0.038546
259 359 -1.071443
260 261 1.633818
260 270 -1.679954
260 360 -1.179825
261 262 -0.403032
261 271 -1.302666
261 361 0.268856
262 263 0.395202
262 272 -0.421067
262 362 0.428991
263 264 0.222381
263 273 -0.474510
263 363 0.983986
264 265 0.206347
264 274 0.885671
264 364 0.637045
265 266 1.304008
265 275 0.230202
265 365 1.645888
266 267 1.218273
266 276 1.282373
266 366 1.032857
267 268 0.641317
267 277 0.086017
267 367 -0.682924
268 269 0.621335
268 278 -0.958327
268 368 0.606249
269 260 -0.516848
269 279 0.563962
269 369 -0.416673
270 271 1.979295
270 280 -0.023981
270 370 1.912722
271 272 0.253304
271 281 0.692556
271 371 1.395651
272 273 -1.013922
272 282 -1.083580
272 372 0.655005
273 274 0.119296
273 283 0.315233
273 373 -0.188726
274 275 -0.527693
274 284 -0.070045
274 374 1.136123
275 276 -0.207934
275 285 -0.171312
275 375 -0.020384
276 277 -1.309250
276 286 0.065243
276 376 -1.567566
277 278 0.293292
277 287 -0.951405
277 377 1.020747
278 279 0.130522
278 288 -0.964621
278 378 0.688195
279 270 -0.503660
279 289 0.959602
279 379 0.308499
280 281 -2.509795
280 290 0.139384
280 380 0.069944
281 282 1.071513
281 291 -0.361328
281 381 1.137805
282 283 0.223721
282 292 1.991669
282 382 -1.010876
283 284 -0.295763
283 293 0.116674
283 383 1.088178
284 285 -1.701786
284 294 0.549363
284 384 0.361493
285 286 0.534427
285 295 -1.445194
285 385 0.734525
286 287 -0.601395
286 296 -0.820251
286 386 -0.081643
287 288 2.078966
287 297 -1.544315
287 387 0.102916
288 289 1.220007
288 298 0.099495
288 388 0.115700
289 280 0.562349
289 299 0.115637
289 389 0.746633
290 291 -0.288614
290 200 -1.702199
290 390 -0.650413
291 292 -0.146377
291 201 -0.372962
291 391 2.386877
292 293 -0.537450
292 202 -1.268820
292 392 -1.354806
293 294 1.041000
293 203 1.618162
293 393 1.289038
294 295 -0.071209
294 204 -1.033723
294 394 -0.009492
295 296 -0.501578
295 205 -1.333643
295 395 0.681336
296 297 0.429428
296 206 -0.429404
296 396 0.523337
297 298 -1.493247
297 207 1.592232
297 397 0.294150
298 299 -0.961427
298 208 0.299700
298 398 0.313723
299 290 0.295495
299 209 -1.008470
299 399 -0.528260
300 301 -0.222056
300 310 -0.513012
300 400 -0.261707
301 302 0.915467
301 311 -1.749746
301 401 0.351461
302 303 0.589870
302 312 -0.008162
302 402 -0.782993
303 304 1.331965
303 313 -0.742734
303 403 -0.257265
304 305 -0.652215
304 314 -0.055202
304 404 0.123804
305 306 -0.367008
305 315 -0.044127
305 405 0.090904
306 307 0.478697
306 316 0.718551
306 406 0.590208
307 308 -0.737997
307 317 -1.229262
307 407 0.486620
308 309 2.715482
308 318 -0.533279
308 408 -0.581147
309 300 0.722399
309 319 -0.488400
309 409 -0.463733
310 311 0.736487
310 320 0.102374
310 410 -0.812911
311 312 1.377106
311 321 1.684473
311 411 1.488387
312 313 -0.445943
312 322 0.636859
312 412 0.163570
313 314 -0.858272
313 323 2.691622
313 413 1.095467
314 315 -0.291348
314 324 0.136711
314 414 -0.476977
315 316 0.068386
315 325 -0.668476
315 415 -0.446692
316 317 1.257262
316 326 0.358876
316 416 -0.498088
317 318 -1.789825
317 327 -0.929664
317 417 -0.485361
318 319 -1.435303
318 328 -0.779699
318 418 -1.219585
319 310 1.575455
319 329 0.587811
319 419 2.414948
320 321 -0.688797
320 330 0.595341
320 420 -0.395904
321 322 -0.356241
321 331 -0.668212
321 421 -0.639351
322 323 0.087223
322 332 -0.132667
322 422 -0.366543
323 324 -1.340092
323 333 0.533473
323 423 -0.817747
324 325 1.896677
324 334 0.638623
324 424 0.451457
325 326 1.160458
325 335 -0.829631
325 425 -1.578782
326 327 1.810655
326 336 -1.238640
326 426 -0.520153
327 328 0.912930
327 337 -0.594416
327 427 -0.704475
328 329 -1.508934
328 338 1.782996
328 428 0.008367
329 320 -0.018026
329 339 -1.150436
329 429 -0.514133
330 331 -0.620787
330 340 -1.856858
330 430 0.246047
331 332 -0.690036
331 341 -0.099262
331 431 0.979829
332 333 -0.518657
332 342 -0.206712
332 432 0.624709
333 334 -1.595337
333 343 0.255702
333 433 0.061988
334 335 -0.582742
334 344 1.999375
334 434 0.865717
335 336 1.236323
335 345 -0.172907
335 435 -0.511125
336 337 -0.677333
336 346 -0.641133
336 436 0.021118
337 338 -0.674006
337 347 0.207363
337 437 -2.294120
338 339 -0.430676
338 348 -0.826928
338 438 -0.067920
339 330 0.071596
339 349 -2.541905
339 439 0.199083
340 341 0.017008
340 350 1.936894
340 440 1.042919
341 342 0.739244
341 351 -0.040071
341 441 1.964331
342 343 0.173478
342 352 -0.784469
342 442 0.352707
343 344 0.603219
343 353 0.192130
343 443 -0.538957
344 345 0.581179
344 354 -0.569170
344 444 -0.844460
345 346 0.592037
345 355 0.070152
345 445 2.821185
346 347 0.449199
346 356 1.373717
346 446 0.090514
347 348 1.453291
347 357 -0.964833
347 447 -0.865064
348 349 -1.404200
348 358 -1.483734
348 448 -0.117718
349 340 -0.599242
349 359 0.514256
349 449 0.908556
350 351 1.844909
350 360 -0.070287
350 450 -1.389328
351 352 0.492806
351 361 -0.011072
351 451 -0.521949
352 353 -1.624416
352 362 -1.516506
352 452 1.183787
353 354 -0.139922
353 363 0.717425
353 453 0.111405
354 355 1.312845
354 364 2.158818
354 454 -0.545991
355 356 -0.123231
355 365 -0.627095
355 455 1.547576
356 357 0.202182
356 366 -1.200233
356 456 1.461478
357 358 -0.304219
357 367 0.592303
357 457 0.768609
358 359 -0.401478
358 368 0.004593
358 458 -1.069891
359 350 -0.596488
359 369 2.087738
359 459 -0.341456
360 361 -0.775426
360 370 -0.956456
360 460 -0.149636
361 362 -0.521345
361 371 -1.162296
361 461 -1.316937
362 363 0.975690
362 372 -1.878871
362 462 -0.483284
363 364 1.475590
363 373 -1.163376
363 463 -1.589526
364 365 -0.589318
364 374 -2.135557
364 464 0.727719
365 366 -0.500616
365 375 1.171457
365 465 -0.532761
366 367 -0.452669
366 376 0.562968
366 466 -1.300778
367 368 -0.589263
367 377 0.410947
367 467 0.118464
368 369 1.624482
368 378 -1.582314
368 468 0.777058
369 360 0.152204
369 379 -0.670362
369 469 -0.967397
370 371 -0.345294
370 380 0.420493
370 470 -0.508419
371 372 -0.948744
371 381 0.302445
371 471 -0.824660
372 373 -3.035290
372 382 -0.188115
372 472 0.252501
373 374 -1.284140
373 383 -0.120098
373 473 0.905334
374 375 -0.370773
374 384 0.441227
374 474 0.330337
375 376 0.316969
375 385 -0.670696
375 475 -1.105296
376 377 0.434782
376 386 1.079039
376 476 0.050193
377 378 -0.233293
377 387 1.046321
377 477 -1.217099
378 379 -0.429808
378 388 0.240380
378 478 1.283528
379 370 -0.007444
379 389 -0.328459
379 479 -1.225491
380 381 -0.180632
380 390 0.468857
380 480 1.021617
381 382 -0.374589
381 391 -0.540568
381 481 0.552809
382 383 0.887554
382 392 -0.576468
382 482 0.416318
383 384 0.700051
383 393 -0.773721
383 483 0.963165
384 385 -1.111680
384 394 -0.441990
384 484 0.436059
385 386 -0.527242
385 395 0.060575
385 485 0.149238
386 387 1.087449
386 396 -0.652141
386 486 -1.201355
387 388 1.062991
387 397 1.252744
387 487 0.673063
388 389 0.297026
388 398 -0.706686
388 488 2.003928
389 380 -1.682813
389 399 0.541034
389 489 0.697604
390 391 -1.350684
390 300 1.234118
390 490 0.811837
391 392 -1.483650
391 301 0.998643
391 491 0.397540
392 393 -0.280643
392 302 1.279036
392 492 1.177395
393 394 -1.337414
393 303 0.412316
393 493 -0.293209
394 395 -0.531080
394 304 2.293908
394 494 0.982068
395 396 -1.087703
395 305 1.373898
395 495 0.842159
396 397 -0.110756
396 306 0.594900
396 496 -0.297632
397 398 0.548283
397 307 -0.820858
397 497 -0.893988
398 399 -0.689269
398 308 -1.618959
398 498 -0.586319
399 390 -1.411341
399 309 -1.340795
399 499 -0.156595
400 401 1.073827
400 410 0.762548
400 500 -2.245721
401 402 0.568453
401 411 -0.337221
401 501 0.119216
402 403 -0.476046
402 412 -0.665096
402 502 -1.522692
403 404 -1.337067
403 413 0.026465
403 503 0.118718
404 405 -0.707116
404 414 0.846418
404 504 -0.638550
405 406 -0.337774
405 415 -0.593013
405 505 0.533864
406 407 0.250209
406 416 1.146727
406 506 0.300573
407 408 -0.299926
407 417 -0.761126
407 507 -1.717923
408 409 0.601748
408 418 0.044014
408 508 -0.438356
409 400 2.458976
409 419 1.549894
409 509 1.275881
410 411 0.894385
410 420 0.049098
410 510 -0.178870
411 412 -1.789592
411 421 -0.239655
411 511 1.366007
412 413 -1.291122
412 422 0.079132
412 512 -1.443728
413 414 0.640305
413 423 -0.554579
413 513 0.362979
414 415 -1.598451
414 424 -0.223350
414 514 -0.387606
415 416 -0.895582
415 425 -0.038806
415 515 -2.646219
416 417 -2.100911
416 426 1.081222
416 516 -0.364190
417 418 -1.034994
417 427 -0.201872
417 517 1.909797
418 419 0.328778
418 428 -1.219075
418 518 0.163363
419 410 2.531416
419 429 1.194092
419 519 -1.063175
420 421 0.222625
420 430 1.348977
420 520 0.204788
421 422 -0.588142
421 431 2.165755
421 521 -0.777973
422 423 0.150150
422 432 -0.116594
422 522 0.124303
423 424 0.381291
423 433 -0.052445
423 523 -0.029537
424 425 -0.369201
424 434 0.314644
424 524 -0.358810
425 426 -0.098418
425 435 2.321064
425 525 -1.530619
426 427 -0.656820
426 436 1.321153
426 526 -0.573161
427 428 0.778438
427 437 -0.485243
427 527 0.800146
428 429 0.609413
428 438 -0.350294
428 528 -0.450454
429 420 0.243554
429 439 -0.866059
429 529 0.513655
430 431 -1.087277
430 440 0.509552
430 530 1.137769
431 432 0.012058
431 441 0.071288
431 531 -0.194597
432 433 -1.222712
432 442 2.493811
432 532 -0.363226
433 434 1.305748
433 443 -0.227051
433 533 -1.399411
434 435 -0.650619
434 444 -0.738928
434 534 -1.385438
435 436 0.252581
435 445 0.411999
435 535 -0.993071
436 437 1.182513
436 446 -0.019075
436 536 1.393784
437 438 0.000833
437 447 0.411059
437 537 -1.188544
438 439 -0.251963
438 448 0.648750
438 538 -1.036858
439 430 1.074319
439 449 0.871079
439 539 -0.645541
440 441 -0.143494
440 450 -1.282251
440 540 -0.071779
441 442 -0.479941
441 451 0.286228
441 541 0.339036
442 443 -1.733169
442 452 -0.650612
442 542 3.414155
443 444 2.453044
443 453 1.435337
443 543 0.463536
444 445 0.103725
444 454 -0.205384
444 544 0.288546
445 446 -1.764520
445 455 1.870923
445 545 0.268022
446 447 -0.366969
446 456 -1.690214
446 546 -0.112238
447 448 -0.293997
447 457 0.639511
447 547 1.467117
448 449 1.048487
448 458 1.780787
448 548 1.167316
449 440 0.100361
449 459 1.809224
449 549 0.759866
450 451 -1.253400
450 460 0.278858
450 550 -0.994654
451 452 0.764957
451 461 -1.799027
451 551 -0.409695
452 453 0.455647
452 462 0.767292
452 552 -0.109758
453 454 -0.443823
453 463 0.687551
453 553 0.332472
454 455 -1.350284
454 464 0.134191
454 554 -2.003348
455 456 1.183661
455 465 2.357298
455 555 -0.646245
456 457 -0.096631
456 466 0.635464
456 556 -1.511987
457 458 0.613946
457 467 -2.083824
457 557 -1.245557
458 459 1.001244
458 468 1.563529
458 558 0.966024
459 450 0.224183
459 469 -0.860953
459 559 -1.265821
460 461 -0.584156
460 470 -0.516386
460 560 -0.757662
461 462 -0.570854
461 471 -0.386090
461 561 1.310485
462 463 0.243048
462 472 -1.888022
462 562 -1.630256
463 464 0.953185
463 473 -1.169155
463 563 0.119208
464 465 -0.061893
464 474 -0.433568
464 564 1.117850
465 466 -0.568379
465 475 -1.059624
465 565 0.210577
466 467 1.150121
466 476 -0.564057
466 566 -0.712142
467 468 -0.419702
467 477 -0.697894
467 567 0.465557
468 469 -0.779843
468 478 -0.712599
468 568 0.663633
469 460 -1.474040
469 479 0.567963
469 569 1.130671
470 471 0.997478
470 480 -0.431844
470 570 0.845891
471 472 0.801073
471 481 -1.298406
471 571 -1.211243
472 473 -0.533623
472 482 0.161325
472 572 0.542624
473 474 -0.351431
473 483 1.094535
473 573 0.929384
474 475 0.338809
474 484 -0.336326
474 574 -0.109185
475 476 0.508496
475 485 1.004399
475 575 0.982445
476 477 -0.278542
476 486 0.267835
476 576 0.004377
477 478 0.006354
477 487 -0.196162
477 577 -1.427259
478 479 -0.475174
478 488 1.008861
478 578 0.130469
479 470 -0.619639
479 489 -1.941363
479 579 -1.600162
480 481 -0.487484
480 490 0.202729
480 580 -0.343747
481 482 -0.235571
481 491 0.222801
481 581 -0.395224
482 483 0.642240
482 492 2.201990
482 582 0.412766
483 484 -0.262517
483 493 -0.253882
483 583 1.265176
484 485 0.675587
484 494 1.195100
484 584 -0.996863
485 486 1.776694
485 495 -0.699021
485 585 0.832398
486 487 0.397125
486 496 -0.726070
486 586 0.786645
487 488 -0.285161
487 497 0.950050
487 587 0.304768
488 489 1.255512
488 498 0.290587
488 588 0.040565
489 480 0.022792
489 499 0.012200
489 589 -1.607317
490 491 -1.012643
490 400 0.123820
490 590 0.553850
491 492 2.148724
491 401 0.097551
491 591 1.058867
492 493 0.232498
492 402 0.211997
492 592 0.274949
493 494 -0.444201
493 403 -3.825181
493 593 -1.206579
494 495 -1.107110
494 404 -0.358091
494 594 0.365698
495 496 0.054877
495 405 -0.635269
495 595 -0.623477
496 497 -0.012900
496 406 0.172954
496 596 0.350020
497 498 0.336014
497 407 -0.752834
497 597 -0.711852
498 499 -0.599277
498 408 0.777354
498 598 0.122737
499 490 0.100631
499 409 0.617107
499 599 0.311452
500 501 -1.402731
500 510 -0.853174
500 600 2.008363
501 502 -0.800151
501 511 0.660223
501 601 0.605128
502 503 -0.548116
502 512 -2.183752
502 602 -1.540971
503 504 0.997718
503 513 -1.018587
503 603 0.517231
504 505 0.991051
504 514 1.175698
504 604 1.731677
505 506 0.943143
505 515 0.520710
505 605 -1.844264
506 507 -0.801759
506 516 0.374829
506 606 -1.415460
507 508 -0.554453
507 517 -0.238733
507 607 0.358228
508 509 -0.266181
508 518 -1.175185
508 608 -0.774489
509 500 -0.370649
509 519 0.423632
509 609 -0.584607
510 511 0.680587
510 520 0.441705
510 610 -0.643201
511 512 0.149060
511 521 -0.586483
511 611 0.285346
512 513 1.230580
512 522 -0.581897
512 612 -1.496463
513 514 -0.612829
513 523 -1.211861
513 613 0.301046
514 515 0.214482
514 524 -1.684448
514 614 0.584981
515 516 0.228593
515 525 1.584520
515 615 -1.440291
516 517 -0.109315
516 526 0.250638
516 616 -0.668861
517 518 1.241248
517 527 -0.321018
517 617 -1.373609
518 519 0.577471
518 528 -0.846125
518 618 0.044635
519 510 -0.001067
519 529 1.182146
519 619 0.041779
520 521 -1.523894
520 530 -1.363282
520 620 -1.045176
521 522 1.242757
521 531 -1.441155
521 621 -0.188668
522 523 0.904969
522 532 -1.205022
522 622 0.115201
523 524 -3.080147
523 533 1.178327
523 623 -0.251956
524 525 1.232364
524 534 -0.567746
524 624 0.884444
525 526 -2.492039
525 535 1.648800
525 625 -0.325045
526 527 0.025180
526 536 -0.213169
526 626 0.635159
527 528 -0.826430
527 537 -0.794632
527 627 -0.605640
528 529 -0.201742
528 538 0.246714
528 628 0.999003
529 520 0.655391
529 539 -1.297632
529 629 -0.094123
530 531 -0.196011
530 540 0.563929
530 630 -0.714082
531 532 0.488317
531 541 -0.168021
531 631 0.557713
532 533 0.843457
532 542 2.654950
532 632 -0.598111
533 534 0.528183
533 543 -0.613876
533 633 0.096767
534 535 -0.758819
534 544 0.185407
534 634 -0.265255
535 536 -0.864909
535 545 0.924258
535 635 1.365790
536 537 0.149724
536 546 -0.621234
536 636 1.110553
537 538 0.892707
537 547 1.479750
537 637 0.739461
538 539 0.205782
538 548 0.658571
538 638 1.962694
539 530 0.358650
539 549 -1.477796
539 639 -0.474707
540 541 1.001540
540 550 -0.023027
540 640 0.439649
541 542 -2.365539
541 551 0.866462
541 641 1.363673
542 543 0.245655
542 552 2.253600
542 642 0.014274
543 544 0.404468
543 553 -0.439892
543 643 -2.462672
544 545 0.655407
544 554 -0.499044
544 644 0.670041
545 546 1.719380
545 555 -0.370369
545 645 -1.552136
546 547 -1.366075
546 556 -0.261931
546 646 -0.047650
547 548 1.280212
547 557 2.242970
547 647 -1.326374
548 549 1.056392
548 558 -1.351499
548 648 1.485014
549 540 0.684177
549 559 0.692942
549 649 0.188575
550 551 -0.308601
550 560 -0.917741
550 650 1.436364
551 552 -0.266472
551 561 -0.748777
551 651 -0.657335
552 553 -0.067608
552 562 -0.406870
552 652 -0.502425
553 554 2.553011
553 563 -1.085906
553 653 -0.765112
554 555 -0.810156
554 564 -0.171953
554 654 -0.640784
555 556 -1.425699
555 565 1.074095
555 655 0.715087
556 557 -0.584810
556 566 0.223421
556 656 0.971388
557 558 -1.341892
557 567 1.224768
557 657 -2.012207
558 559 0.031305
558 568 -1.363472
558 658 0.186271
559 550 -0.527011
559 569 1.367121
559 659 0.395714
560 561 -0.167854
560 570 1.319526
560 660 1.497604
561 562 -2.216043
561 571 -0.342929
561 661 -1.644829
562 563 1.415569
562 572 -0.103506
562 662 -0.910001
563 564 -2.494958
563 573 2.374066
563 663 0.138991
564 565 0.668054
564 574 -0.135262
564 664 -0.202181
565 566 1.027825
565 575 1.034673
565 665 0.038953
566 567 -1.388704
566 576 1.013452
566 666 -0.865765
567 568 0.840293
567 577 0.431594
567 667 0.251995
568 569 -0.538593
568 578 1.093829
568 668 -1.707268
569 560 0.795261
569 579 0.435305
569 669 -1.454256
570 571 -0.058772
570 580 -0.233071
570 670 1.352355
571 572 1.008881
571 581 -0.013311
571 671 0.405578
572 573 0.334079
572 582 1.005546
572 672 0.313944
573 574 -1.939251
573 583 -0.417828
573 673 -0.677097
574 575 -1.413667
574 584 0.322448
574 674 -0.442267
575 576 0.397692
575 585 -0.318380
575 675 0.933372
576 577 -0.315185
576 586 -0.227187
576 676 1.178728
577 578 1.788587
577 587 -0.110968
577 677 0.064430
578 579 -0.087140
578 588 2.043896
578 678 -0.726819
579 570 0.305137
579 589 -0.473863
579 679 -1.860163
580 581 -0.144593
580 590 0.800424
580 680 1.416877
581 582 0.752918
581 591 -0.356533
581 681 0.740183
582 583 -0.694117
582 592 0.088250
582 682 -0.068926
583 584 -1.187793
583 593 -0.515162
583 683 0.563822
584 585 1.424800
584 594 -0.151944
584 684 0.569954
585 586 0.899246
585 595 0.596944
585 685 0.913230
586 587 -0.794025
586 596 0.208002
586 686 -0.482611
587 588 0.441752
587 597 1.149226
587 687 -1.355197
588 589 0.421900
588 598 1.404894
588 688 0.542200
589 580 -0.170474
589 599 -0.495799
589 689 -0.235827
590 591 -0.658927
590 500 1.576601
590 690 -0.318868
591 592 1.255993
591 501 -1.222045
591 691 -0.205932
592 593 0.741215
592 502 -1.040984
592 692 -0.468773
593 594 1.055739
593 503 0.128441
593 693 -1.657648
594 595 -1.040822
594 504 -0.388273
594 694 -1.241916
595 596 -1.303806
595 505 -0.353762
595 695 -1.515372
596 597 -0.116063
596 506 0.045044
596 696 -0.421368
597 598 -0.144800
597 507 -0.460773
597 697 0.149021
598 599 0.291442
598 508 -2.548031
598 698 -0.967317
599 590 0.635451
599 509 -1.214518
599 699 -1.076820
600 601 0.398376
600 610 0.786534
600 700 -0.800445
601 602 -0.588805
601 611 0.413897
601 701 1.095582
602 603 -0.325172
602 612 0.489958
602 702 1.382568
603 604 0.732912
603 613 -1.766077
603 703 -1.495793
604 605 -1.036229
604 614 -1.425544
604 704 -0.815322
605 606 1.248195
605 615 1.029429
605 705 -0.656128
606 607 0.561768
606 616 0.061352
606 706 -0.361884
607 608 0.095236
607 617 0.238411
607 707 -1.613100
608 609 0.183504
608 618 0.223620
608 708 0.143102
609 600 -0.243591
609 619 1.262489
609 709 0.017478
610 611 -0.132316
610 620 -0.238694
610 710 0.453774
611 612 -0.433879
611 621 1.641795
611 711 -0.979748
612 613 -1.298323
612 622 -1.175647
612 712 -0.502689
613 614 -0.628493
613 623 -2.111784
613 713 0.112319
614 615 -0.432596
614 624 -1.321926
614 714 -0.048832
615 616 -0.341434
615 625 -1.513379
615 715 0.079628
616 617 -1.428933
616 626 -1.055914
616 716 0.772660
617 618 -0.638307
617 627 1.746120
617 717 0.492249
618 619 1.545687
618 628 1.644102
618 718 -0.869967
619 610 0.885853
619 629 -0.387239
619 719 0.366274
620 621 -1.364291
620 630 -0.717151
620 720 1.003560
621 622 -0.194302
621 631 -1.202916
621 721 0.039367
622 623 -1.633708
622 632 -0.936373
622 722 -0.264886
623 624 1.249465
623 633 -0.204640
623 723 0.037486
624 625 -1.842315
624 634 2.233347
624 724 -0.622887
625 626 -0.401764
625 635 1.085952
625 725 -0.017832
626 627 0.216659
626 636 0.212800
626 726 -0.790438
627 628 -0.882106
627 637 0.095836
627 727 0.101872
628 629 -1.622195
628 638 0.176828
628 728 0.334525
629 620 0.148786
629 639 -0.383234
629 729 0.465983
630 631 0.376116
630 640 0.441677
630 730 1.133211
631 632 -0.418015
631 641 0.542728
631 731 -0.320858
632 633 0.167143
632 642 0.113979
632 732 -1.042357
633 634 0.085739
633 643 0.977266
633 733 0.122475
634 635 1.097757
634 644 -1.848460
634 734 -1.350545
635 636 -0.811043
635 645 1.056957
635 735 -0.509444
636 637 -0.323575
636 646 -0.327586
636 736 -1.212715
637 638 -0.981899
637 647 0.768003
637 737 -0.198682
638 639 -0.440795
638 648 2.146605
638 738 0.029863
639 630 0.912110
639 649 0.515121
639 739 -1.547357
640 641 -1.561864
640 650 -0.155793
640 740 -0.599440
641 642 -0.710179
641 651 -0.020068
641 741 0.121979
642 643 1.123290
642 652 0.476936
642 742 0.220287
643 644 -0.155276
643 653 0.637477
643 743 -0.062571
644 645 0.357581
644 654 1.175305
644 744 1.350515
645 646 0.576573
645 655 -0.307448
645 745 0.636200
646 647 -1.086747
646 656 -1.245321
646 746 -0.999185
647 648 -0.044411
647 657 -2.350677
647 747 -0.034393
648 649 0.661160
648 658 -2.248315
648 748 -0.020872
649 640 1.147609
649 659 -1.052948
649 749 -0.650431
650 651 1.552435
650 660 -0.615809
650 750 0.104180
651 652 0.766460
651 661 -0.328993
651 751 -0.915736
652 653 -0.073756
652 662 -0.056049
652 752 0.502568
653 654 1.650542
653 663 -1.583693
653 753 0.395096
654 655 -0.219623
654 664 -0.232637
654 754 0.708455
655 656 0.148093
655 665 -0.592230
655 755 -1.016774
656 657 0.856092
656 666 -0.303939
656 756 1.433013
657 658 0.696669
657 667 0.807705
657 757 1.239074
658 659 0.177798
658 668 -0.678399
658 758 0.668887
659 650 -0.586824
659 669 1.588738
659 759 -0.608843
660 661 2.221919
660 670 -1.976008
660 760 -1.213722
661 662 0.499440
661 671 0.866829
661 761 0.143347
662 663 0.302170
662 672 -0.838936
662 762 -1.852370
663 664 2.375897
663 673 -0.061505
663 763 -0.752158
664 665 0.299522
664 674 0.258528
664 764 1.807941
665 666 -1.489286
665 675 0.026082
665 765 0.659607
666 667 -1.390902
666 676 0.659949
666 766 0.784205
667 668 0.316741
667 677 0.397598
667 767 -0.200832
668 669 1.457363
668 678 -3.158913
668 768 -1.576892
669 660 -0.524725
669 679 -0.180597
669 769 -0.172442
670 671 -1.220976
670 680 0.450477
670 770 -0.783679
671 672 0.958438
671 681 -0.023606
671 771 -1.169315
672 673 -0.604236
672 682 1.162078
672 772 -0.487375
673 674 0.110287
673 683 0.957073
673 773 -0.093289
674 675 -0.345002
674 684 -0.116629
674 774 1.182522
675 676 1.270018
675 685 -0.699676
675 775 0.266916
676 677 -0.924661
676 686 -1.087724
676 776 -0.285321
677 678 0.587506
677 687 -1.399219
677 777 -1.539979
678 679 0.947305
678 688 -1.774099
678 778 -0.156236
679 670 -0.101161
679 689 -0.112940
679 779 1.155657
680 681 -0.789297
680 690 0.316389
680 780 -0.519154
681 682 0.774971
681 691 0.001232
681 781 0.910105
682 683 1.195598
682 692 1.456738
682 782 -0.623830
683 684 -0.956940
683 693 0.294579
683 783 0.185858
684 685 -0.146132
684 694 -0.196894
684 784 -0.329348
685 686 -1.926775
685 695 1.776153
685 785 -0.672545
686 687 0.835149
686 696 -0.130273
686 786 -1.085801
687 688 1.681912
687 697 0.779128
687 787 0.303929
688 689 -0.993795
688 698 -1.252147
688 788 -0.403899
689 680 -1.208736
689 699 -1.390173
689 789 0.973676
690 691 1.429716
690 600 -2.057399
690 790 1.475754
691 692 -1.914247
691 601 0.344394
691 791 -1.128569
692 693 1.280222
692 602 -0.046630
692 792 0.231203
693 694 -0.785990
693 603 0.507379
693 793 0.663660
694 695 -0.644490
694 604 -0.708769
694 794 -1.099617
695 696 0.895139
695 605 0.507559
695 795 -0.179637
696 697 0.571005
696 606 -1.129494
696 796 -1.905623
697 698 1.379996
697 607 -0.250803
697 797 -1.188892
698 699 -1.169517
698 608 -1.470757
698 798 1.853770
699 690 1.155356
699 609 0.301744
699 799 0.503848
700 701 0.480715
700 710 -1.284126
700 800 0.701328
701 702 0.130199
701 711 1.494867
701 801 0.521670
702 703 -0.059900
702 712 0.012402
702 802 0.185237
703 704 1.309704
703 713 -1.394608
703 803 1.679008
704 705 0.197766
704 714 0.215187
704 804 -0.447324
705 706 1.929118
705 715 0.312848
705 805 -0.540922
706 707 0.498681
706 716 0.513415
706 806 1.687132
707 708 0.021783
707 717 0.335072
707 807 -2.044538
708 709 -1.805325
708 718 -0.226061
708 808 0.421130
709 700 -0.436791
709 719 1.467221
709 809 0.790578
710 711 1.920171
710 720 -0.074408
710 810 0.130304
711 712 -0.725795
711 721 -0.746134
711 811 -0.384653
712 713 -0.152608
712 722 0.575258
712 812 -0.774463
713 714 0.468254
713 723 -0.809280
713 813 0.958610
714 715 -2.575287
714 724 0.793568
714 814 -0.995439
715 716 1.140322
715 725 0.822068
715 815 0.104891
716 717 0.308712
716 726 0.303087
716 816 -0.650838
717 718 -1.545735
717 727 1.812141
717 817 0.057806
718 719 -1.167842
718 728 -0.249302
718 818 0.130922
719 710 0.315195
719 729 0.261544
719 819 0.244193
720 721 0.103306
720 730 0.409208
720 820 0.233803
721 722 1.438413
721 731 0.446070
721 821 -0.098360
722 723 -0.068067
722 732 -0.524035
722 822 2.465004
723 724 2.797258
723 733 -0.883499
723 823 -1.379647
724 725 -0.797187
724 734 0.017579
724 824 0.307034
725 726 -0.401711
725 735 0.741247
725 825 -0.220430
726 727 -0.837383
726 736 -1.738175
726 826 1.019780
727 728 -1.059556
727 737 -0.690968
727 827 0.152830
728 729 -1.162219
728 738 1.899390
728 828 -0.765004
729 720 -1.049932
729 739 0.150294
729 829 0.394936
730 731 0.092535
730 740 -0.824989
730 830 1.616788
731 732 1.144633
731 741 0.824209
731 831 0.639394
732 733 1.260728
732 742 -0.794136
732 832 -0.676805
733 734 0.799114
733 743 0.094194
733 833 0.417014
734 735 -0.310201
734 744 0.315572
734 834 -0.399170
735 736 -0.210615
735 745 -1.202005
735 835 -0.292769
736 737 -0.719447
736 746 2.530031
736 836 -0.649423
737 738 -0.000576
737 747 1.228142
737 837 -0.200065
738 739 0.293729
738 748 0.907740
738 838 1.232063
739 730 1.547428
739 749 -0.339242
739 839 0.839647
740 741 0.822352
740 750 -0.133975
740 840 -0.304656
741 742 -0.753321
741 751 -0.981245
741 841 -0.839601
742 743 -0.654035
742 752 0.906501
742 842 0.520677
743 744 -0.414863
743 753 0.596392
743 843 0.332937
744 745 1.165328
744 754 -1.151093
744 844 -1.396267
745 746 0.716639
745 755 0.518396
745 845 -0.296507
746 747 1.418215
746 756 -0.842550
746 846 -0.161845
747 748 -1.534431
747 757 0.945622
747 847 0.303714
748 749 0.423282
748 758 -1.569800
748 848 -0.550409
749 740 -0.469215
749 759 1.264423
749 849 -1.015690
750 751 0.384920
750 760 0.055091
750 850 0.464842
751 752 1.361925
751 761 -1.132854
751 851 0.214307
752 753 -0.226259
752 762 0.123781
752 852 -0.662141
753 754 0.605046
753 763 0.468096
753 853 -1.666433
754 755 0.951272
754 764 0.744434
754 854 -0.059390
755 756 0.384177
755 765 -0.528205
755 855 -0.615216
756 757 -1.339912
756 766 -0.453746
756 856 -0.039265
757 758 1.157451
757 767 -0.132901
757 857 0.047704
758 759 -2.492304
758 768 -0.579734
758 858 1.048861
759 750 -0.987236
759 769 -2.267180
759 859 0.400054
760 761 -0.803086
760 770 1.055331
760 860 0.014307
761 762 0.653045
761 771 0.660174
761 861 -0.265143
762 763 0.617749
762 772 1.254385
762 862 2.253820
763 764 0.084473
763 773 0.584817
763 863 -0.153601
764 765 0.568100
764 774 -0.621938
764 864 -0.309856
765 766 1.330651
765 775 -0.316602
765 865 -1.244640
766 767 -0.301221
766 776 0.405243
766 866 -0.613548
767 768 1.626507
767 777 1.475722
767 867 0.162500
768 769 0.564644
768 778 0.999743
768 868 -0.830988
769 760 1.616753
769 779 0.055165
769 869 -1.793385
770 771 0.205435
770 780 1.613878
770 870 -0.391438
771 772 2.051877
771 781 0.025772
771 871 -1.449499
772 773 0.935931
772 782 0.049132
772 872 0.105784
773 774 0.315518
773 783 -0.347304
773 873 1.903946
774 775 -0.341463
774 784 -0.135814
774 874 0.250047
775 776 -1.872041
775 785 -0.049346
775 875 0.106458
776 777 0.562886
776 786 1.210886
776 876 1.271517
777 778 -0.067509
777 787 0.494139
777 877 0.140729
778 779 0.522001
778 788 0.913735
778 878 2.008693
779 770 -1.233861
779 789 -0.194098
779 879 -0.953070
780 781 0.574224
780 790 -0.802489
780 880 1.217209
781 782 -0.129257
781 791 -0.669432
781 881 0.688363
782 783 -0.581584
782 792 1.315380
782 882 0.384698
783 784 0.915041
783 793 0.496158
783 883 0.681885
784 785 -0.158339
784 794 2.040512
784 884 -0.381768
785 786 -0.819082
785 795 -1.043497
785 885 1.492983
786 787 0.258915
786 796 0.304655
786 886 -0.472008
787 788 0.710950
787 797 0.015358
787 887 -0.691741
788 789 -0.299827
788 798 1.636616
788 888 0.242437
789 780 1.891795
789 799 1.280840
789 889 0.235677
790 791 0.122738
790 700 -0.020948
790 890 -1.018595
791 792 -0.313520
791 701 -0.591668
791 891 -0.089400
792 793 -1.266322
792 702 -0.440396
792 892 -0.227500
793 794 0.515727
793 703 -1.858262
793 893 1.318955
794 795 -0.551990
794 704 -0.854177
794 894 -0.316305
795 796 0.384139
795 705 1.066869
795 895 -0.399431
796 797 -1.102426
796 706 1.245445
796 896 -0.019225
797 798 0.926480
797 707 -0.651845
797 897 -0.257062
798 799 -0.921045
798 708 -1.380097
798 898 -0.447596
799 790 1.350060
799 709 -0.728235
799 899 0.351340
800 801 -1.377324
800 810 -0.833067
800 900 -0.872736
801 802 -1.071283
801 811 -0.588072
801 901 0.022656
802 803 0.834549
802 812 -0.288129
802 902 -1.793303
803 804 0.423340
803 813 1.324462
803 903 1.537423
804 805 0.486572
804 814 -1.098932
804 904 0.776897
805 806 1.974912
805 815 -0.884955
805 905 -0.308391
806 807 0.945507
806 816 0.067535
806 906 -2.071674
807 808 1.756463
807 817 1.549570
807 907 -1.216448
808 809 0.400370
808 818 -0.852787
808 908 0.763850
809 800 -0.857789
809 819 -0.202022
809 909 -1.923260
810 811 -0.352998
810 820 -0.558644
810 910 0.351807
811 812 -0.473137
811 821 0.431589
811 911 -0.259354
812 813 1.029813
812 822 0.410312
812 912 -0.734967
813 814 0.010610
813 823 1.688752
813 913 -0.359745
814 815 -0.870066
814 824 0.279515
814 914 -0.699159
815 816 -0.872032
815 825 1.390800
815 915 -1.575263
816 817 0.791921
816 826 0.101155
816 916 -0.937882
817 818 -0.093469
817 827 -1.246858
817 917 1.330255
818 819 2.032685
818 828 0.421527
818 918 0.131742
819 810 0.459702
819 829 -0.567286
819 919 -0.081597
820 821 -0.552141
820 830 -1.171878
820 920 -0.435778
821 822 -0.922761
821 831 -0.376960
821 921 0.592558
822 823 -0.518710
822 832 0.139853
822 922 -1.031772
823 824 -1.235681
823 833 0.576256
823 923 0.082943
824 825 0.898054
824 834 -0.455660
824 924 -1.197913
825 826 2.590554
825 835 -0.860519
825 925 -0.732818
826 827 0.924328
826 836 -2.564942
826 926 1.410334
827 828 2.176963
827 837 -2.128262
827 927 0.677469
828 829 0.407047
828 838 -0.578569
828 928 -1.301856
829 820 0.865344
829 839 1.087458
829 929 2.783881
830 831 -0.260484
830 840 -1.236617
830 930 1.300673
831 832 -0.696705
831 841 0.139248
831 931 0.407779
832 833 1.605572
832 842 0.472263
832 932 0.000949
833 834 0.262965
833 843 -0.080427
833 933 0.784046
834 835 0.954819
834 844 1.140415
834 934 -1.199059
835 836 0.891304
835 845 -0.857581
835 935 0.738176
836 837 -0.438596
836 846 -1.411016
836 936 1.496894
837 838 -0.635667
837 847 0.819941
837 937 -0.387482
838 839 0.108219
838 848 0.995675
838 938 0.923678
839 830 1.611117
839 849 -0.795775
839 939 0.418922
840 841 1.410410
840 850 -1.314374
840 940 -1.701186
841 842 -0.223557
841 851 -1.539701
841 941 -0.264332
842 843 1.090564
842 852 0.816136
842 942 -0.959265
843 844 0.771003
843 853 -0.798498
843 943 1.764681
844 845 -0.293407
844 854 -1.341879
844 944 -0.120774
845 846 -1.347531
845 855 -0.642893
845 945 0.311752
846 847 -0.132821
846 856 1.011696
846 946 -0.375293
847 848 -0.334159
847 857 -3.603581
847 947 -0.546730
848 849 0.498143
848 858 1.060285
848 948 -1.810014
849 840 0.117682
849 859 -0.076779
849 949 1.964693
850 851 -0.020100
850 860 1.249938
850 950 -1.923428
851 852 -0.933784
851 861 0.277001
851 951 -0.658269
852 853 -1.305358
852 862 -0.364559
852 952 -0.860592
853 854 1.427981
853 863 -1.486355
853 953 0.879068
854 855 0.145852
854 864 1.608257
854 954 0.485575
855 856 0.980342
855 865 -1.193932
855 955 -0.356184
856 857 -0.773679
856 866 0.835986
856 956 2.413227
857 858 0.490411
857 867 -0.071218
857 957 -0.440102
858 859 0.205769
858 868 -0.085398
858 958 0.359830
859 850 -0.264165
859 869 -0.736265
859 959 1.217421
860 861 0.141669
860 870 -0.143692
860 960 2.426360
861 862 0.752551
861 871 0.536036
861 961 0.002173
862 863 -1.599288
862 872 -2.082379
862 962 1.737886
863 864 0.329724
863 873 -0.080196
863 963 0.641969
864 865 -0.229353
864 874 -0.978238
864 964 -1.454704
865 866 -0.718500
865 875 -0.056852
865 965 -1.254206
866 867 1.148487
866 876 0.943648
866 966 -0.163857
867 868 -0.295820
867 877 0.758655
867 967 0.007163
868 869 -0.451269
868 878 0.362348
868 968 0.129763
869 860 -0.152996
869 879 -0.856979
869 969 1.746281
870 871 -0.069151
870 880 -0.456978
870 970 -2.015794
871 872 -0.801125
871 881 0.643161
871 971 1.170220
872 873 -0.609946
872 882 0.016798
872 972 -2.722965
873 874 -2.060093
873 883 -0.007091
873 973 0.960659
874 875 -0.575957
874 884 -0.879113
874 974 -0.641385
875 876 -0.406106
875 885 0.166745
875 975 0.700621
876 877 -0.508998
876 886 -0.524665
876 976 0.514388
877 878 -0.191204
877 887 0.818573
877 977 -0.865012
878 879 2.113716
878 888 0.792953
878 978 -2.221657
879 870 0.027755
879 889 -2.541313
879 979 -0.827749
880 881 0.870563
880 890 0.824009
880 980 0.078592
881 882 0.451553
881 891 0.252672
881 981 2.318727
882 883 -1.175995
882 892 0.572180
882 982 0.421782
883 884 0.958302
883 893 1.087978
883 983 0.484883
884 885 0.408728
884 894 -0.821044
884 984 -1.044943
885 886 0.390701
885 895 -2.005527
885 985 1.114123
886 887 -1.415008
886 896 -1.163213
886 986 -0.092903
887 888 -0.345506
887 897 -0.156129
887 987 -1.649463
888 889 -0.085615
888 898 -0.590153
888 988 -2.393588
889 880 -0.076826
889 899 -0.498668
889 989 2.364066
890 891 0.438216
890 800 0.309259
890 990 2.267178
891 892 1.053270
891 801 0.634674
891 991 -1.023721
892 893 2.560800
892 802 -0.979199
892 992 0.493382
893 894 -2.105716
893 803 0.779138
893 993 1.158972
894 895 -1.548264
894 804 -0.818692
894 994 1.335138
895 896 0.313036
895 805 -0.979621
895 995 1.201330
896 897 -0.413345
896 806 -0.182967
896 996 0.271804
897 898 2.020135
897 807 -0.029698
897 997 1.769710
898 899 1.383428
898 808 -0.613491
898 998 -0.913482
899 890 1.994751
899 809 -0.845788
899 999 -0.208678
900 901 1.664762
900 910 -1.424210
900 0 0.251633
901 902 -0.064315
901 911 -0.184529
901 1 -0.309069
902 903 0.712895
902 912 -0.136531
902 2 -0.037094
903 904 -0.192767
903 913 1.829442
903 3 -1.044905
904 905 0.227545
904 914 0.569851
904 4 -0.431558
905 906 0.636248
905 915 -0.209570
905 5 1.283791
906 907 0.580510
906 916 -0.599777
906 6 2.281264
907 908 0.798848
907 917 1.517261
907 7 -1.285684
908 909 -1.167284
908 918 -0.046532
908 8 -0.376271
909 900 -0.432650
909 919 -0.743393
909 9 0.135846
910 911 -0.638987
910 920 -0.049615
910 10 -2.553294
911 912 1.054640
911 921 1.568219
911 11 0.058265
912 913 0.421180
912 922 -0.334795
912 12 1.995962
913 914 -2.716695
913 923 -0.019865
913 13 -0.869126
914 915 -0.725998
914 924 -1.038975
914 14 0.603989
915 916 0.711129
915 925 0.236768
915 15 1.289279
916 917 0.844704
916 926 1.766600
916 16 -0.829920
917 918 -0.689173
917 927 -0.443301
917 17 -0.448922
918 919 -0.375721
918 928 -1.899842
918 18 -1.279949
919 910 0.172824
919 929 0.466244
919 19 0.500837
920 921 -0.234028
920 930 0.202839
920 20 -1.021178
921 922 0.567272
921 931 0.696078
921 21 -1.066024
922 923 -0.607560
922 932 -0.762474
922 22 0.027713
923 924 -0.550971
923 933 -0.454731
923 23 1.105977
924 925 -1.974191
924 934 -0.853432
924 24 1.403325
925 926 -1.573805
925 935 1.139232
925 25 1.565300
926 927 0.212632
926 936 0.350699
926 26 -0.082943
927 928 -0.232333
927 937 -0.302756
927 27 -0.386186
928 929 0.301198
928 938 0.544235
928 28 0.052692
929 920 0.422522
929 939 -0.056081
929 29 -1.470901
930 931 -1.590869
930 940 -0.359505
930 30 0.471768
931 932 -0.495370
931 941 -0.059774
931 31 0.286254
932 933 -0.615932
932 942 0.193948
932 32 0.496105
933 934 0.912446
933 943 1.713421
933 33 -0.138769
934 935 -0.555465
934 944 0.430534
934 34 0.925612
935 936 1.176407
935 945 0.051326
935 35 1.647574
936 937 0.701679
936 946 0.422973
936 36 0.486123
937 938 -0.141212
937 947 0.805570
937 37 0.577335
938 939 1.151875
938 948 0.435453
938 38 0.423524
939 930 -0.566522
939 949 -1.343348
939 39 -0.218496
940 941 -1.401309
940 950 0.367897
940 40 -0.176147
941 942 0.321767
941 951 0.325861
941 41 0.415240
942 943 -0.407087
942 952 0.016774
942 42 -0.534437
943 944 -0.200814
943 953 -0.596359
943 43 0.854978
944 945 -1.566761
944 954 1.993028
944 44 -0.206767
945 946 -0.892476
945 955 -0.510093
945 45 0.455978
946 947 -0.792016
946 956 1.260215
946 46 -0.610531
947 948 0.955265
947 957 -0.765270
947 47 -0.894947
948 949 -0.574292
948 958 -0.213636
948 48 -0.356727
949 940 -0.372464
949 959 0.483700
949 49 -0.690266
950 951 -0.121332
950 960 -0.871706
950 50 1.586755
951 952 -0.080615
951 961 0.552038
951 51 -1.210727
952 953 -2.246875
952 962 1.193791
952 52 0.029568
953 954 2.093644
953 963 0.009317
953 53 0.031407
954 955 0.785301
954 964 0.158700
954 54 0.119626
955 956 0.484526
955 965 -0.382165
955 55 0.704217
956 957 0.493021
956 966 -1.292785
956 56 1.005610
957 958 -1.102633
957 967 -0.386470
957 57 0.804908
958 959 0.881351
958 968 1.585323
958 58 0.606261
959 950 -0.437111
959 969 1.234493
959 59 0.100867
960 961 0.604808
960 970 1.190355
960 60 0.355226
961 962 0.250342
961 971 -0.608648
961 61 0.381039
962 963 1.802075
962 972 -0.866954
962 62 0.637343
963 964 -1.757824
963 973 0.487736
963 63 0.377700
964 965 -0.226044
964 974 1.563145
964 64 -0.027605
965 966 -0.540264
965 975 -0.083038
965 65 -2.346959
966 967 -0.036538
966 976 0.579100
966 66 -0.599217
967 968 0.736665
967 977 -1.261602
967 67 -0.973609
968 969 -0.629346
968 978 -0.165021
968 68 0.658425
969 960 1.236234
969 979 0.799637
969 69 -0.527710
970 971 -0.171952
970 980 -0.111509
970 70 -0.811562
971 972 0.355078
971 981 -0.195893
971 71 0.221567
972 973 -0.655521
972 982 0.205847
972 72 0.461196
973 974 -0.191353
973 983 -0.052592
973 73 1.313636
974 975 0.629924
974 984 0.193349
974 74 0.167783
975 976 -0.308700
975 985 -1.066211
975 75 -0.137123
976 977 0.888952
976 986 0.770485
976 76 -0.485956
977 978 -0.155676
977 987 -0.531815
977 77 0.580926
978 979 -1.036886
978 988 0.640526
978 78 -0.235587
979 970 -0.987619
979 989 1.094015
979 79 -0.960937
980 981 1.278420
980 990 -0.575047
980 80 1.464978
981 982 1.899510
981 991 -0.437579
981 81 -0.370358
982 983 -0.934450
982 992 0.287778
982 82 -0.352100
983 984 1.044840
983 993 -2.015238
983 83 0.596502
984 985 2.248544
984 994 -1.499858
984 84 0.667289
985 986 0.456721
985 995 0.746729
985 85 -0.696083
986 987 0.305060
986 996 0.614543
986 86 -0.919201
987 988 -1.636486
987 997 1.546164
987 87 0.361399
988 989 -1.879176
988 998 -1.805850
988 88 0.290177
989 980 -0.197982
989 999 1.487943
989 89 0.013360
990 991 -0.090725
990 900 1.536888
990 90 -0.135001
991 992 1.063809
991 901 -2.098626
991 91 0.141448
992 993 2.214770
992 902 2.274078
992 92 0.610695
993 994 1.113094
993 903 -1.009924
993 93 1.684245
994 995 -0.682387
994 904 -0.362162
994 94 0.849681
995 996 -1.318315
995 905 -1.498332
995 95 -1.181292
996 997 -0.334690
996 906 -0.010885
996 96 1.170691
997 998 -0.556415
997 907 0.918980
997 97 -0.610928
998 999 -0.257296
998 908 0.221875
998 98 -0.008394
999 990 1.127539
999 909 -0.756402
999 99 0.942692
