0 1 0.646398
0 10 -0.614542
0 100 1.321107
1 2 0.083324
1 11 -0.348919
1 101 -1.716362
2 3 0.381164
2 12 -0.131831
2 102 0.616594
3 4 1.917058
3 13 -0.445071
3 103 -0.012016
4 5 -0.252912
4 14 -1.031188
4 104 -0.006566
5 6 -0.079039
5 15 -0.681169
5 105 -1.731536
6 7 -0.589401
6 16 -0.773662
6 106 -0.876651
7 8 1.085907
7 17 0.894929
7 107 0.746479
8 9 0.959729
8 18 -0.232131
8 108 1.335816
9 0 -0.439032
9 19 1.273425
9 109 1.358710
10 11 0.740385
10 20 1.601048
10 110 -0.105928
11 12 -0.156749
11 21 0.333248
11 111 -0.548855
12 13 0.642584
12 22 -0.628492
12 112 0.143472
13 14 -0.413860
13 23 -0.149329
13 113 0.215219
14 15 -2.098778
14 24 -1.969301
14 114 -0.594336
15 16 -0.674666
15 25 1.128898
15 115 1.185174
16 17 -0.473506
16 26 -0.660624
16 116 -0.681397
17 18 0.936389
17 27 -0.658531
17 117 0.695135
18 19 -0.285025
18 28 1.463341
18 118 -1.206311
19 10 -0.265211
19 29 0.154881
19 119 -1.566194
20 21 0.904854
20 30 0.945505
20 120 -0.248646
21 22 0.915884
21 31 0.073043
21 121 0.210556
22 23 -0.887398
22 32 0.416299
22 122 -0.113031
23 24 1.374123
23 33 -0.034328
23 123 -1.589705
24 25 -0.160090
24 34 -1.906447
24 124 -0.082283
25 26 0.152265
25 35 0.877698
25 125 1.665534
26 27 0.182996
26 36 -0.122914
26 126 -0.315686
27 28 0.530089
27 37 -2.034003
27 127 0.894521
28 29 -0.065225
28 38 0.080389
28 128 0.493908
29 20 0.685886
29 39 0.941270
29 129 1.671234
30 31 0.002098
30 40 -1.212757
30 130 -0.489553
31 32 1.137451
31 41 1.095328
31 131 0.961767
32 33 0.349405
32 42 -1.918679
32 132 0.963398
33 34 0.669256
33 43 0.293969
33 133 0.027009
34 35 1.215021
34 44 -0.168138
34 134 0.565984
35 36 -1.901175
35 45 -0.953542
35 135 -0.362581
36 37 0.689921
36 46 -0.887086
36 136 0.695298
37 38 -0.742155
37 47 2.332294
37 137 0.345752
38 39 -0.327616
38 48 0.020786
38 138 -1.242575
39 30 0.022911
39 49 -0.114573
39 139 1.058016
40 41 0.641441
40 50 0.019217
40 140 0.690099
41 42 -0.673089
41 51 -0.826492
41 141 -0.026482
42 43 -0.029453
42 52 -1.191206
42 142 -0.090927
43 44 -1.562627
43 53 -1.239786
43 143 0.182655
44 45 0.421512
44 54 1.513767
44 144 -0.550114
45 46 0.418441
45 55 0.098067
45 145 0.504015
46 47 1.126348
46 56 0.139446
46 146 0.792054
47 48 0.464181
47 57 0.149138
47 147 -0.262380
48 49 0.469709
48 58 0.129371
48 148 -0.717252
49 40 0.214780
49 59 1.962890
49 149 0.676962
50 51 -1.110780
50 60 -1.234259
50 150 -1.582113
51 52 -1.180028
51 61 -0.258915
51 151 -0.376543
52 53 0.061111
52 62 -0.817167
52 152 -0.263111
53 54 0.984569
53 63 -1.158701
53 153 -0.294844
54 55 0.785535
54 64 -0.425706
54 154 -0.653948
55 56 1.011586
55 65 1.637588
55 155 -0.073811
56 57 -1.074021
56 66 0.287394
56 156 -1.930679
57 58 -0.464518
57 67 0.837488
57 157 -1.273055
58 59 0.319394
58 68 0.690390
58 158 -0.819213
59 50 -0.172008
59 69 0.873380
59 159 0.054237
60 61 -2.315065
60 70 0.674966
60 160 2.037458
61 62 -0.210343
61 71 0.691849
61 161 0.957969
62 63 -0.888491
62 72 0.774727
62 162 0.584344
63 64 0.732320
63 73 -0.130285
63 163 -0.156321
64 65 -1.747133
64 74 0.256708
64 164 -0.098838
65 66 1.954112
65 75 0.015257
65 165 0.251542
66 67 0.462020
66 76 -1.380856
66 166 -1.034909
67 68 1.447010
67 77 0.401235
67 167 0.647922
68 69 -0.561563
68 78 -0.385480
68 168 0.288417
69 60 0.544429
69 79 0.651879
69 169 -1.745623
70 71 1.333511
70 80 0.358581
70 170 1.519184
71 72 0.562196
71 81 1.915078
71 171 1.475814
72 73 -0.529105
72 82 0.840278
72 172 1.739770
73 74 0.533141
73 83 -0.334265
73 173 0.448960
74 75 0.232777
74 84 -0.589563
74 174 -1.459930
75 76 0.808912
75 85 -1.683988
75 175 1.098195
76 77 1.256899
76 86 0.208829
76 176 0.991853
77 78 -0.957303
77 87 0.062860
77 177 -1.486483
78 79 0.108181
78 88 0.613511
78 178 0.311736
79 70 0.386750
79 89 -1.827684
79 179 -0.497972
80 81 -0.219031
80 90 1.303474
80 180 -1.423530
81 82 -0.469461
81 91 0.697709
81 181 0.853430
82 83 1.915815
82 92 0.316345
82 182 0.349603
83 84 -1.909649
83 93 -0.013557
83 183 0.788628
84 85 -0.803635
84 94 -1.911217
84 184 -1.137194
85 86 1.336471
85 95 -0.623713
85 185 0.393689
86 87 -0.933951
86 96 1.795801
86 186 0.079180
87 88 0.938324
87 97 -0.478687
87 187 -0.389798
88 89 -0.394157
88 98 -0.938802
88 188 0.388497
89 80 -0.327077
89 99 2.824788
89 189 -0.584768
90 91 -0.383735
90 0 0.348234
90 190 0.066907
91 92 -0.109118
91 1 -0.237262
91 191 -0.719532
92 93 0.271833
92 2 -0.521205
92 192 1.022794
93 94 0.341059
93 3 -0.657961
93 193 0.701437
94 95 0.008749
94 4 1.390194
94 194 -0.021954
95 96 1.490116
95 5 1.052907
95 195 -0.216339
96 97 -0.417238
96 6 1.567558
96 196 1.570789
97 98 0.767065
97 7 0.648105
97 197 0.117088
98 99 -0.232868
98 8 -1.603047
98 198 0.573478
99 90 -1.147567
99 9 0.661708
99 199 -0.862706
100 101 -0.044248
100 110 -0.789580
100 200 1.978222
101 102 2.230935
101 111 1.437756
101 201 -0.523009
102 103 -1.090126
102 112 0.402345
102 202 -1.512832
103 104 0.186239
103 113 1.795992
103 203 0.780510
104 105 0.521244
104 114 0.737184
104 204 0.702933
105 106 -0.198218
105 115 0.387351
105 205 0.301653
106 107 -0.528636
106 116 0.209464
106 206 -0.410259
107 108 -0.851910
107 117 -0.071954
107 207 -0.765169
108 109 1.091724
108 118 -0.513627
108 208 2.816210
109 100 -2.050798
109 119 -0.784798
109 209 1.938678
110 111 -1.728939
110 120 1.453270
110 210 -1.572579
111 112 0.408762
111 121 -0.832774
111 211 -1.625043
112 113 -1.221950
112 122 0.793381
112 212 -0.632428
113 114 -0.953675
113 123 1.038904
113 213 -0.224086
114 115 -1.943283
114 124 0.149899
114 214 -0.574282
115 116 0.005193
115 125 -0.738219
115 215 -0.613014
116 117 0.023940
116 126 1.793446
116 216 -0.106543
117 118 -0.477467
117 127 0.318509
117 217 -0.299918
118 119 -1.203686
118 128 -1.336684
118 218 -0.782259
119 110 -0.647527
119 129 -0.889266
119 219 -0.012382
120 121 -0.114520
120 130 -0.111051
120 220 2.031833
121 122 0.228996
121 131 -0.278672
121 221 -1.331421
122 123 0.938600
122 132 1.429413
122 222 -1.376393
123 124 1.400446
123 133 -0.623012
123 223 1.319398
124 125 0.783181
124 134 0.808358
124 224 -0.099980
125 126 -0.279560
125 135 -0.732525
125 225 0.705650
126 127 0.752931
126 136 -0.282341
126 226 -0.638004
127 128 2.158394
127 137 2.802272
127 227 -0.437716
128 129 1.799705
128 138 -0.442343
128 228 -0.064332
129 120 1.188122
129 139 -0.150604
129 229 0.973563
130 131 -0.603751
130 140 0.349807
130 230 0.571587
131 132 -1.248481
131 141 -0.275290
131 231 0.141362
132 133 -0.397882
132 142 1.530453
132 232 0.618616
133 134 -0.326771
133 143 0.764192
133 233 -0.894688
134 135 0.229709
134 144 0.379852
134 234 0.319300
135 136 -1.344058
135 145 -0.370904
135 235 0.298433
136 137 -0.949700
136 146 0.368927
136 236 -0.592208
137 138 1.219152
137 147 1.009159
137 237 -0.544074
138 139 0.610847
138 148 -0.587183
138 238 0.719627
139 130 0.247425
139 149 -0.454895
139 239 0.956287
140 141 -0.018243
140 150 0.705365
140 240 0.226794
141 142 0.241948
141 151 -0.973615
141 241 -0.064998
142 143 0.039666
142 152 -1.110215
142 242 -1.474241
143 144 1.449030
143 153 -0.516583
143 243 -0.040061
144 145 0.375986
144 154 2.105416
144 244 0.563438
145 146 0.435475
145 155 -0.642853
145 245 -0.685967
146 147 -0.417635
146 156 -0.184198
146 246 -0.051732
147 148 0.473317
147 157 -0.885454
147 247 -2.298124
148 149 1.598494
148 158 -0.503720
148 248 -0.196388
149 140 -1.431869
149 159 1.526679
149 249 -1.585782
150 151 1.815959
150 160 0.452398
150 250 -0.748428
151 152 -0.441899
151 161 -0.026330
151 251 0.772948
152 153 0.455365
152 162 -0.956683
152 252 -1.053074
153 154 -1.226474
153 163 1.361160
153 253 0.699684
154 155 2.264893
154 164 0.164239
154 254 -0.505585
155 156 -1.598403
155 165 -0.126015
155 255 -0.456663
156 157 -0.362885
156 166 -1.325348
156 256 1.059710
157 158 1.857728
157 167 -0.061632
157 257 0.594352
158 159 -0.278267
158 168 -0.845551
158 258 0.039548
159 150 -0.543572
159 169 -1.146739
159 259 -0.714449
160 161 -0.641449
160 170 -0.909364
160 260 -0.657182
161 162 -1.071512
161 171 1.205588
161 261 0.212430
162 163 0.251234
162 172 0.544042
162 262 -1.064769
163 164 -0.427175
163 173 0.749937
163 263 0.397581
164 165 -0.137733
164 174 0.338570
164 264 1.607375
165 166 0.291668
165 175 0.618296
165 265 0.594443
166 167 0.884379
166 176 0.029594
166 266 -1.157452
167 168 0.923127
167 177 -1.876612
167 267 0.880815
168 169 -0.148052
168 178 1.359166
168 268 -0.049882
169 160 -0.181992
169 179 -1.198641
169 269 -1.556927
170 171 0.381871
170 180 -0.733894
170 270 -0.751683
171 172 0.544650
171 181 -1.119038
171 271 1.348253
172 173 -0.333878
172 182 0.942206
172 272 -0.149138
173 174 0.284362
173 183 1.608905
173 273 -0.433532
174 175 -1.184197
174 184 0.889924
174 274 0.508575
175 176 -0.147647
175 185 0.498348
175 275 -0.745429
176 177 -0.478689
176 186 -0.942433
176 276 -1.206774
177 178 -0.386369
177 187 1.298953
177 277 -1.104790
178 179 -0.351262
178 188 1.731411
178 278 0.749195
179 170 0.183322
179 189 0.181991
179 279 -0.138880
180 181 1.009382
180 190 0.519239
180 280 0.850230
181 182 -0.306059
181 191 0.073908
181 281 -0.161597
182 183 1.315129
182 192 -0.487678
182 282 0.430931
183 184 0.352484
183 193 -0.107902
183 283 -0.472088
184 185 -2.560487
184 194 -0.243121
184 284 -0.297937
185 186 0.138879
185 195 1.140781
185 285 -1.437052
186 187 0.112928
186 196 0.294206
186 286 -0.029261
187 188 0.087693
187 197 -0.472036
187 287 -1.064081
188 189 0.405102
188 198 -1.920658
188 288 1.530964
189 180 -0.049011
189 199 -0.808491
189 289 -1.445553
190 191 0.933901
190 100 0.457658
190 290 0.966304
191 192 0.432581
191 101 -1.063751
191 291 -1.220441
192 193 -0.034628
192 102 -0.693788
192 292 0.390244
193 194 -0.424135
193 103 -1.124306
193 293 -1.839565
194 195 -0.670751
194 104 1.733599
194 294 -0.727449
195 196 -0.689367
195 105 0.777629
195 295 -0.028174
196 197 -0.500659
196 106 -0.844571
196 296 0.629858
197 198 0.181460
197 107 -0.695267
197 297 1.216462
198 199 1.056349
198 108 1.122278
198 298 0.390681
199 190 0.245328
199 109 1.606976
199 299 -0.562644
200 201 -0.362018
200 210 -0.442554
200 300 0.421391
201 202 0.046938
201 211 1.715596
201 301 -0.505742
202 203 -1.876923
202 212 1.085197
202 302 0.851861
203 204 -0.958779
203 213 -1.273936
203 303 1.059225
204 205 0.533756
204 214 -0.818902
204 304 -0.577702
205 206 0.337047
205 215 -1.366822
205 305 -1.550498
206 207 -0.394120
206 216 0.569447
206 306 -0.507974
207 208 -1.180406
207 217 0.723343
207 307 0.395453
208 209 0.966419
208 218 -0.803760
208 308 1.161598
209 200 0.791081
209 219 2.072916
209 309 -0.390798
210 211 -0.574925
210 220 -0.786669
210 310 0.384472
211 212 -1.184670
211 221 0.254696
211 311 -0.703595
212 213 1.117096
212 222 0.016977
212 312 -0.176624
213 214 -0.206934
213 223 0.054237
213 313 0.157305
214 215 0.502877
214 224 -1.321402
214 314 0.774998
215 216 -0.297664
215 225 0.392409
215 315 0.976259
216 217 -0.279442
216 226 0.845977
216 316 0.590447
217 218 -0.252738
217 227 0.076670
217 317 -0.079538
218 219 1.277670
218 228 0.241221
218 318 -1.796733
219 210 0.456430
219 229 -0.509762
219 319 -1.483587
220 221 -1.582688
220 230 -0.038559
220 320 -1.525184
221 222 -1.734813
221 231 -0.452227
221 321 0.436893
222 223 -0.219216
222 232 -0.624776
222 322 -0.144191
223 224 -1.915548
223 233 0.006043
223 323 -1.210614
224 225 0.259832
224 234 1.034215
224 324 0.814922
225 226 -1.774613
225 235 -0.426124
225 325 1.110462
226 227 -0.637193
226 236 0.479185
226 326 -0.812284
227 228 0.885188
227 237 -1.090836
227 327 0.663944
228 229 -0.273243
228 238 0.439734
228 328 -0.885201
229 220 0.342957
229 239 -0.481041
229 329 0.451217
230 231 -0.129021
230 240 0.282571
230 330 1.247724
231 232 0.510285
231 241 -0.435802
231 331 -0.131094
232 233 0.033334
232 242 -1.797187
232 332 -0.562422
233 234 2.260427
233 243 0.113883
233 333 0.576560
234 235 -1.810683
234 244 -0.375560
234 334 1.279079
235 236 -0.927071
235 245 -0.713217
235 335 0.265193
236 237 -1.212768
236 246 -0.480474
236 336 -0.372670
237 238 -0.214098
237 247 -1.783050
237 337 0.139839
238 239 0.817292
238 248 -0.761656
238 338 -0.813569
239 230 -1.641075
239 249 -0.183758
239 339 -0.411134
240 241 -0.355194
240 250 -0.878891
240 340 -1.271289
241 242 -1.076285
241 251 -0.249945
241 341 -0.276175
242 243 -0.859325
242 252 -0.317169
242 342 -0.235386
243 244 -0.769586
243 253 1.096320
243 343 0.600092
244 245 0.415308
244 254 -0.420078
244 344 0.265867
245 246 -0.062643
245 255 -0.665925
245 345 0.189496
246 247 -1.016791
246 256 -0.368185
246 346 -0.018765
247 248 0.405339
247 257 -0.926216
247 347 0.446617
248 249 1.375869
248 258 1.034803
248 348 0.456656
249 240 -0.881456
249 259 -1.437944
249 349 -0.219459
250 251 0.241142
250 260 -0.201016
250 350 2.079828
251 252 0.070723
251 261 -0.062379
251 351 1.548525
252 253 0.789022
252 262 0.217194
252 352 0.090490
253 254 -0.156586
253 263 -0.646303
253 353 0.093120
254 255 0.849401
254 264 0.118143
254 354 0.325418
255 256 -0.717712
255 265 0.940546
255 355 -0.042934
256 257 1.641395
256 266 0.647351
256 356 -0.641392
257 258 0.534936
257 267 0.384588
257 357 -0.073538
258 259 -0.938815
258 268 0.590950
258 358 0.740803
259 250 0.253782
259 269 0.128252
259 359 -1.086859
260 261 1.562456
260 270 -0.962617
260 360 0.376280
261 262 1.899284
261 271 -0.730192
261 361 -1.049955
262 263 -0.119945
262 272 -0.802310
262 362 -0.025917
263 264 0.763393
263 273 -1.464497
263 363 0.213040
264 265 0.641204
264 274 0.089201
264 364 0.529863
265 266 -0.447750
265 275 1.091841
265 365 -2.780096
266 267 -0.920288
266 276 0.055844
266 366 -0.482960
267 268 -0.968937
267 277 -1.766900
267 367 1.360425
268 269 0.335791
268 278 0.919587
268 368 0.962964
269 260 1.086885
269 279 0.805981
269 369 -0.528295
270 271 0.132466
270 280 0.480514
270 370 -0.235145
271 272 -0.487870
271 281 -0.225359
271 371 -1.585026
272 273 1.304351
272 282 0.494279
272 372 -0.553401
273 274 0.719479
273 283 -2.470345
273 373 0.186943
274 275 -0.578989
274 284 0.328503
274 374 -2.350488
275 276 0.144265
275 285 0.659103
275 375 -0.501129
276 277 0.987216
276 286 1.270213
276 376 0.179931
277 278 -0.529329
277 287 0.574237
277 377 1.089638
278 279 -0.185846
278 288 0.652243
278 378 0.882274
279 270 0.469408
279 289 0.767223
279 379 0.976399
280 281 -0.212324
280 290 1.605863
280 380 0.797362
281 282 0.887890
281 291 1.465833
281 381 -0.187502
282 283 -0.567673
282 292 -0.931771
282 382 -1.935501
283 284 -0.276708
283 293 2.038445
283 383 -1.108744
284 285 -1.795121
284 294 -0.223688
284 384 0.521821
285 286 2.570485
285 295 -0.944748
285 385 0.880874
286 287 1.341981
286 296 -0.660536
286 386 0.393938
287 288 -0.958934
287 297 -0.965615
287 387 0.718275
288 289 -1.153343
288 298 -0.973226
288 388 0.697200
289 280 -0.228054
289 299 -1.124696
289 389 1.815930
290 291 -0.632253
290 200 -1.190762
290 390 0.091260
291 292 -0.936748
291 201 1.696696
291 391 -0.572092
292 293 -0.830178
292 202 0.092189
292 392 -0.054214
293 294 -0.013522
293 203 1.183206
293 393 -2.864473
294 295 -0.305554
294 204 0.266237
294 394 0.239503
295 296 -0.474213
295 205 0.832618
295 395 0.186445
296 297 -1.942187
296 206 -0.995884
296 396 -0.467423
297 298 0.184508
297 207 -0.802034
297 397 -0.378677
298 299 -0.779174
298 208 1.155953
298 398 1.638084
299 290 0.516544
299 209 0.529764
299 399 0.089547
300 301 0.617961
300 310 -0.439356
300 400 1.116867
301 302 -1.144930
301 311 -0.639023
301 401 -1.460723
302 303 -1.062244
302 312 0.482343
302 402 0.954521
303 304 0.756850
303 313 -0.718333
303 403 0.908479
304 305 -1.167344
304 314 -1.617098
304 404 -1.081210
305 306 -0.880694
305 315 -0.057404
305 405 -1.434106
306 307 0.370392
306 316 -0.937669
306 406 -0.319673
307 308 -0.122159
307 317 -0.317735
307 407 -1.238763
308 309 -2.080695
308 318 2.054375
308 408 -0.424309
309 300 -2.463933
309 319 0.984777
309 409 -0.510023
310 311 -0.107007
310 320 -0.021427
310 410 0.013137
311 312 -0.788089
311 321 -0.783327
311 411 1.169856
312 313 -0.927548
312 322 -1.041446
312 412 0.379043
313 314 -0.079140
313 323 -0.888650
313 413 -0.184276
314 315 -0.611407
314 324 -1.123520
314 414 1.087625
315 316 0.375116
315 325 0.232103
315 415 2.565883
316 317 -0.048929
316 326 -0.575741
316 416 -0.957869
317 318 0.171486
317 327 0.055965
317 417 -0.695696
318 319 -0.696372
318 328 0.012356
318 418 2.129124
319 310 0.549777
319 329 -0.142937
319 419 0.045856
320 321 -0.091398
320 330 0.111830
320 420 1.041375
321 322 1.010464
321 331 0.365030
321 421 -0.191822
322 323 1.408084
322 332 0.582097
322 422 1.121789
323 324 -1.115846
323 333 0.851342
323 423 -1.024614
324 325 0.648780
324 334 1.147987
324 424 0.399498
325 326 1.610441
325 335 0.529918
325 425 0.210513
326 327 -2.202528
326 336 0.401682
326 426 -1.966044
327 328 1.413034
327 337 -1.173525
327 427 0.532368
328 329 0.158222
328 338 0.445793
328 428 2.026267
329 320 0.773850
329 339 -0.451961
329 429 -1.106657
330 331 -0.105666
330 340 1.702402
330 430 -1.026793
331 332 -0.284460
331 341 -0.725834
331 431 -1.033831
332 333 1.294829
332 342 0.719874
332 432 -0.764499
333 334 0.653224
333 343 0.633381
333 433 0.256693
334 335 -0.706041
334 344 -0.071702
334 434 -0.886785
335 336 -1.443113
335 345 0.190992
335 435 0.112658
336 337 1.129641
336 346 0.128233
336 436 0.193895
337 338 -0.159304
337 347 -1.059563
337 437 1.051855
338 339 0.121937
338 348 0.661613
338 438 0.142004
339 330 1.528746
339 349 0.919268
339 439 -1.915348
340 341 -0.693049
340 350 -0.105684
340 440 -1.037653
341 342 0.096072
341 351 0.485270
341 441 -0.501467
342 343 -0.095154
342 352 -0.319942
342 442 0.606857
343 344 0.691800
343 353 0.690326
343 443 -0.914995
344 345 -1.772182
344 354 0.101651
344 444 0.451662
345 346 1.114594
345 355 0.354337
345 445 -0.164389
346 347 1.681374
346 356 -1.232148
346 446 -0.431924
347 348 -1.566967
347 357 -0.819411
347 447 1.742714
348 349 -1.064266
348 358 -0.805146
348 448 1.153124
349 340 0.378299
349 359 2.356839
349 449 1.619158
350 351 1.888223
350 360 -2.764296
350 450 -0.513481
351 352 2.241505
351 361 -0.667145
351 451 0.169970
352 353 0.369865
352 362 -1.220229
352 452 -0.466187
353 354 -1.129389
353 363 -2.896524
353 453 1.357810
354 355 0.284815
354 364 -0.679039
354 454 -0.111390
355 356 -0.756409
355 365 -0.013826
355 455 0.177639
356 357 0.726687
356 366 1.121622
356 456 0.420269
357 358 0.854574
357 367 0.175161
357 457 0.482578
358 359 1.359375
358 368 1.467971
358 458 -0.504998
359 350 -0.286146
359 369 0.576768
359 459 0.308543
360 361 0.216269
360 370 -0.555639
360 460 -0.064333
361 362 -0.341634
361 371 0.173667
361 461 0.865796
362 363 -1.045524
362 372 0.624789
362 462 0.083927
363 364 0.185554
363 373 0.213309
363 463 1.920025
364 365 -0.145337
364 374 0.113884
364 464 0.164709
365 366 0.242654
365 375 -1.776582
365 465 0.225752
366 367 0.827292
366 376 -1.169241
366 466 -0.328432
367 368 -1.157751
367 377 0.123523
367 467 0.703729
368 369 1.113540
368 378 0.798659
368 468 0.106944
369 360 0.978197
369 379 0.789568
369 469 -0.603706
370 371 0.920516
370 380 0.290917
370 470 -0.495114
371 372 -0.252886
371 381 0.698533
371 471 -0.308759
372 373 -1.822819
372 382 0.065164
372 472 1.505700
373 374 -1.205342
373 383 -0.634476
373 473 1.614466
374 375 -3.162622
374 384 -0.048599
374 474 1.403604
375 376 1.157551
375 385 0.026259
375 475 2.610868
376 377 0.575957
376 386 1.439370
376 476 0.909239
377 378 0.016996
377 387 -0.445461
377 477 1.197277
378 379 0.972117
378 388 -0.623293
378 478 0.879799
379 370 -0.234612
379 389 -0.352488
379 479 -0.031499
380 381 -0.997789
380 390 2.142171
380 480 1.440280
381 382 -1.503015
381 391 0.649553
381 481 -0.031186
382 383 0.663459
382 392 -0.363036
382 482 -0.745507
383 384 -1.077706
383 393 0.157508
383 483 -0.276736
384 385 0.238755
384 394 0.575739
384 484 -0.934421
385 386 1.994746
385 395 0.441135
385 485 0.130030
386 387 -1.397582
386 396 0.473035
386 486 -1.421983
387 388 -0.490091
387 397 -0.753788
387 487 -2.315373
388 389 -0.596004
388 398 -1.445871
388 488 -0.089120
389 380 0.105895
389 399 1.508501
389 489 1.333694
390 391 0.467139
390 300 0.897070
390 490 0.111956
391 392 -1.001916
391 301 0.074263
391 491 -0.934082
392 393 -1.641460
392 302 -0.076147
392 492 1.075184
393 394 0.331697
393 303 -1.373956
393 493 -1.574308
394 395 -0.453277
394 304 0.494124
394 494 -1.029833
395 396 0.230048
395 305 -0.718315
395 495 -0.844565
396 397 -0.385014
396 306 0.657141
396 496 -0.785733
397 398 0.349364
397 307 0.913902
397 497 -0.746163
398 399 -0.786136
398 308 -1.014335
398 498 0.307231
399 390 1.021093
399 309 -0.208185
399 499 -0.324643
400 401 -0.519878
400 410 -1.239892
400 500 1.636784
401 402 1.106291
401 411 -0.472746
401 501 0.953528
402 403 0.315343
402 412 -1.076164
402 502 1.865975
403 404 0.091023
403 413 1.300091
403 503 0.849210
404 405 -0.483479
404 414 0.900294
404 504 1.614584
405 406 0.217506
405 415 1.417760
405 505 0.453162
406 407 -0.483191
406 416 0.124959
406 506 0.796531
407 408 0.270457
407 417 -0.030754
407 507 1.421531
408 409 1.443800
408 418 0.047649
408 508 2.058440
409 400 0.856313
409 419 0.939245
409 509 -1.034395
410 411 -1.558167
410 420 0.168946
410 510 -1.287687
411 412 0.138062
411 421 -1.853442
411 511 1.093077
412 413 0.213354
412 422 0.011201
412 512 0.888075
413 414 -0.880014
413 423 1.660405
413 513 1.413532
414 415 0.604651
414 424 0.022555
414 514 -0.876040
415 416 1.940327
415 425 1.293151
415 515 -0.531164
416 417 0.249490
416 426 1.351303
416 516 0.092671
417 418 -0.509803
417 427 1.316592
417 517 0.919271
418 419 0.530850
418 428 -1.457017
418 518 -1.605737
419 410 -0.714163
419 429 0.263947
419 519 -0.293817
420 421 -0.462826
420 430 0.671440
420 520 -0.112005
421 422 -1.178211
421 431 -1.126898
421 521 -0.139173
422 423 -0.854513
422 432 0.478322
422 522 0.919948
423 424 1.245434
423 433 0.177710
423 523 0.080988
424 425 -0.842148
424 434 0.912522
424 524 -1.011652
425 426 -1.177458
425 435 0.749171
425 525 0.722653
426 427 -0.069969
426 436 1.248651
426 526 0.625800
427 428 -1.513342
427 437 0.906311
427 527 0.458802
428 429 -1.430553
428 438 0.343736
428 528 -0.169575
429 420 -0.224336
429 439 0.015952
429 529 1.516645
430 431 0.072574
430 440 1.246915
430 530 1.015621
431 432 -0.370141
431 441 -0.831260
431 531 -1.218516
432 433 -0.546518
432 442 -1.294513
432 532 -1.152335
433 434 0.654816
433 443 0.464532
433 533 1.677190
434 435 -1.682159
434 444 -0.605104
434 534 -0.283148
435 436 -0.269795
435 445 0.868218
435 535 -1.104854
436 437 0.078733
436 446 1.812713
436 536 1.378231
437 438 -0.142209
437 447 0.827151
437 537 -0.229138
438 439 -0.980703
438 448 -0.735966
438 538 -0.441368
439 430 -2.603223
439 449 0.542471
439 539 0.296369
440 441 0.011341
440 450 -0.045300
440 540 -0.700735
441 442 0.497716
441 451 0.118110
441 541 0.143623
442 443 -1.083851
442 452 -0.850585
442 542 0.237902
443 444 -0.878532
443 453 -1.011167
443 543 -0.619084
444 445 -0.512591
444 454 0.681897
444 544 -0.792668
445 446 0.913215
445 455 -1.749544
445 545 -0.225966
446 447 0.436108
446 456 -0.988484
446 546 0.548040
447 448 1.310551
447 457 -0.136133
447 547 0.878468
448 449 0.437011
448 458 0.347540
448 548 0.766755
449 440 1.305644
449 459 -0.056291
449 549 0.136957
450 451 0.355599
450 460 1.410331
450 550 2.250611
451 452 1.489506
451 461 -0.679460
451 551 -0.022675
452 453 0.989740
452 462 -1.151743
452 552 -1.103904
453 454 -1.601476
453 463 0.345894
453 553 -1.016749
454 455 -1.239058
454 464 1.570587
454 554 1.347268
455 456 1.203629
455 465 -0.159840
455 555 -0.596257
456 457 -0.004722
456 466 1.704781
456 556 -0.877954
457 458 0.829627
457 467 -0.143613
457 557 0.587906
458 459 -0.035953
458 468 1.072048
458 558 1.583211
459 450 -0.284456
459 469 -1.085773
459 559 1.265716
460 461 2.199706
460 470 0.978996
460 560 -0.085553
461 462 0.675232
461 471 -1.634398
461 561 -1.077683
462 463 -1.633194
462 472 -0.233128
462 562 -0.596767
463 464 2.745212
463 473 0.837208
463 563 -0.426606
464 465 -0.707488
464 474 -0.826280
464 564 -0.617056
465 466 1.011095
465 475 0.828192
465 565 -1.544393
466 467 -0.521115
466 476 -0.416256
466 566 0.156849
467 468 1.830814
467 477 1.352943
467 567 0.478403
468 469 -1.098303
468 478 0.278656
468 568 -0.435208
469 460 0.785369
469 479 -0.650807
469 569 0.879800
470 471 -0.558540
470 480 0.295983
470 570 0.963692
471 472 -0.102541
471 481 0.021077
471 571 -1.111917
472 473 0.003815
472 482 0.069350
472 572 0.293286
473 474 0.045420
473 483 0.173383
473 573 0.438395
474 475 0.540271
474 484 -1.174015
474 574 -0.591221
475 476 0.551789
475 485 0.100714
475 575 0.664923
476 477 0.444176
476 486 2.219783
476 576 -0.377658
477 478 -2.552301
477 487 1.396945
477 577 -0.723584
478 479 0.360289
478 488 0.414231
478 578 1.296907
479 470 0.722551
479 489 0.167137
479 579 -0.970725
480 481 -0.514370
480 490 0.742223
480 580 -0.786451
481 482 -0.492345
481 491 -0.764482
481 581 0.455591
482 483 0.105373
482 492 -1.135321
482 582 0.853689
483 484 -0.034350
483 493 -0.676869
483 583 -0.556965
484 485 1.530408
484 494 -1.140658
484 584 0.374297
485 486 -0.319290
485 495 1.466839
485 585 0.276292
486 487 1.096725
486 496 -0.819383
486 586 0.561145
487 488 -0.971772
487 497 1.763717
487 587 -0.898747
488 489 -2.321815
488 498 -0.031197
488 588 0.531460
489 480 -1.082837
489 499 -0.420530
489 589 0.008217
490 491 1.833058
490 400 -0.428063
490 590 1.784232
491 492 -0.503879
491 401 -0.624830
491 591 -1.113193
492 493 -0.846370
492 402 0.224471
492 592 -0.398530
493 494 0.239996
493 403 -1.486044
493 593 -0.241991
494 495 0.815133
494 404 -1.001987
494 594 1.387046
495 496 1.755440
495 405 0.805096
495 595 0.312560
496 497 -0.626517
496 406 -1.532901
496 596 -2.058346
497 498 0.333380
497 407 -0.159952
497 597 -0.915616
498 499 -0.773984
498 408 1.406563
498 598 0.008118
499 490 0.114129
499 409 -1.509510
499 599 -1.334652
500 501 1.485641
500 510 1.565992
500 600 1.091483
501 502 -0.736169
501 511 -0.555543
501 601 0.639249
502 503 0.752846
502 512 2.814289
502 602 1.318983
503 504 -0.417854
503 513 0.218549
503 603 0.037715
504 505 -1.244042
504 514 0.921920
504 604 0.888742
505 506 1.027062
505 515 -0.012412
505 605 0.342331
506 507 -0.232886
506 516 -0.092238
506 606 -0.563281
507 508 1.532056
507 517 -0.891024
507 607 0.935399
508 509 -1.163781
508 518 -0.415791
508 608 -1.540941
509 500 0.138026
509 519 -0.347393
509 609 0.631913
510 511 0.820887
510 520 0.280004
510 610 -0.909764
511 512 0.371953
511 521 0.264215
511 611 1.144351
512 513 0.664101
512 522 -2.233820
512 612 -0.301113
513 514 -0.787602
513 523 -0.041892
513 613 1.102594
514 515 -2.414234
514 524 -0.261625
514 614 0.497222
515 516 -1.270728
515 525 0.805459
515 615 -0.268409
516 517 -1.813001
516 526 -0.033518
516 616 0.880673
517 518 -0.588731
517 527 -1.422879
517 617 0.847838
518 519 -0.502353
518 528 -0.066115
518 618 -0.771857
519 510 -0.414311
519 529 1.412434
519 619 0.476034
520 521 -0.182458
520 530 -1.908966
520 620 0.659620
521 522 -0.264737
521 531 1.727733
521 621 0.963056
522 523 1.982216
522 532 0.886825
522 622 -0.732885
523 524 0.692884
523 533 -0.501948
523 623 1.170889
524 525 -0.392374
524 534 -0.466581
524 624 0.126188
525 526 0.653355
525 535 1.453336
525 625 1.749243
526 527 -1.271274
526 536 -2.068761
526 626 -0.468929
527 528 1.343695
527 537 0.337372
527 627 -0.443729
528 529 0.172682
528 538 -0.966287
528 628 0.154293
529 520 0.736559
529 539 0.213304
529 629 -0.007337
530 531 -1.092183
530 540 -1.729196
530 630 -0.043482
531 532 -0.641739
531 541 -1.877288
531 631 -0.663955
532 533 -0.882085
532 542 -0.045516
532 632 -0.414116
533 534 -0.058972
533 543 -1.840671
533 633 -1.354000
534 535 -0.391262
534 544 0.291028
534 634 -1.674703
535 536 1.299092
535 545 -0.728739
535 635 1.607807
536 537 -0.246741
536 546 0.984643
536 636 -0.608848
537 538 -1.154598
537 547 -0.068176
537 637 -0.381159
538 539 1.055989
538 548 0.309927
538 638 -0.824019
539 530 1.081501
539 549 1.040080
539 639 0.185021
540 541 -1.722594
540 550 0.409159
540 640 1.024876
541 542 -0.011166
541 551 -0.118939
541 641 -0.200035
542 543 0.090995
542 552 -1.293447
542 642 1.100513
543 544 -0.696642
543 553 0.126749
543 643 -0.099373
544 545 -1.223102
544 554 -0.496919
544 644 0.144294
545 546 -0.746747
545 555 -1.048074
545 645 -0.161497
546 547 0.979266
546 556 -0.377919
546 646 1.062614
547 548 1.214969
547 557 0.319648
547 647 0.133629
548 549 -1.446852
548 558 1.267361
548 648 -0.285623
549 540 1.385527
549 559 -0.345109
549 649 -0.129334
550 551 -0.056617
550 560 0.468282
550 650 -2.329274
551 552 0.320499
551 561 1.125842
551 651 -1.125776
552 553 -1.033278
552 562 1.380190
552 652 -0.898780
553 554 0.610543
553 563 -0.382939
553 653 0.904943
554 555 -0.741592
554 564 -0.835149
554 654 -1.716084
555 556 -0.332596
555 565 0.474695
555 655 0.585917
556 557 0.757774
556 566 0.263136
556 656 0.656655
557 558 -0.490632
557 567 -0.053849
557 657 -1.249923
558 559 0.198932
558 568 -1.546414
558 658 1.316548
559 550 1.304928
559 569 1.696537
559 659 -1.341544
560 561 -1.392969
560 570 0.439082
560 660 -0.306715
561 562 0.905900
561 571 0.868737
561 661 -0.141684
562 563 -0.184278
562 572 -0.748354
562 662 -0.078258
563 564 0.825872
563 573 1.657378
563 663 -0.989270
564 565 -0.253463
564 574 -1.100413
564 664 -0.297535
565 566 2.157574
565 575 -0.678052
565 665 -1.960074
566 567 -0.719236
566 576 -0.322454
566 666 -0.541016
567 568 -0.043780
567 577 -0.569144
567 667 -0.004122
568 569 -1.371868
568 578 -0.987559
568 668 -0.825262
569 560 1.322368
569 579 -2.697952
569 669 -1.262355
570 571 -2.270684
570 580 -1.043363
570 670 -0.576678
571 572 0.315491
571 581 0.683736
571 671 -0.318158
572 573 0.571874
572 582 -0.385598
572 672 0.780385
573 574 -1.124422
573 583 -0.043157
573 673 0.558308
574 575 1.028621
574 584 1.124954
574 674 -1.353483
575 576 -0.127454
575 585 -1.788654
575 675 -1.252979
576 577 1.293189
576 586 -0.248937
576 676 -0.537694
577 578 0.659232
577 587 1.147579
577 677 -2.206270
578 579 -0.682851
578 588 0.301842
578 678 -0.330112
579 570 2.226188
579 589 0.352162
579 679 -1.319524
580 581 1.117511
580 590 -0.629780
580 680 0.381289
581 582 1.046869
581 591 -2.589675
581 681 0.063578
582 583 -0.424965
582 592 -0.548275
582 682 -0.278720
583 584 -0.223131
583 593 0.213417
583 683 -1.073757
584 585 -0.320353
584 594 0.003707
584 684 0.429317
585 586 -0.131355
585 595 1.375136
585 685 0.898725
586 587 2.484252
586 596 1.587263
586 686 -1.797021
587 588 -0.791137
587 597 -1.179974
587 687 1.956281
588 589 -0.379436
588 598 0.344116
588 688 -1.072027
589 580 0.719497
589 599 -1.091142
589 689 -0.846254
590 591 0.843671
590 500 0.972654
590 690 -0.324806
591 592 0.083514
591 501 -0.292783
591 691 0.987987
592 593 2.019931
592 502 0.239575
592 692 0.254727
593 594 1.561342
593 503 1.883468
593 693 0.133966
594 595 1.457661
594 504 1.095810
594 694 -2.328073
595 596 -0.614849
595 505 1.742555
595 695 0.743203
596 597 0.228009
596 506 1.371721
596 696 0.303932
597 598 -1.572475
597 507 -0.743553
597 697 1.052918
598 599 -0.238348
598 508 -0.230801
598 698 0.012815
599 590 1.413083
599 509 2.058397
599 699 1.563562
600 601 -0.314585
600 610 -0.364258
600 700 0.656913
601 602 1.084198
601 611 0.942123
601 701 0.691750
602 603 -0.013561
602 612 0.249900
602 702 1.381046
603 604 0.531861
603 613 -0.463375
603 703 1.687710
604 605 0.997403
604 614 1.133187
604 704 0.678066
605 606 -0.883853
605 615 0.700051
605 705 1.277989
606 607 -0.284707
606 616 0.984689
606 706 -1.325767
607 608 1.929535
607 617 0.699467
607 707 -0.171904
608 609 -1.028577
608 618 -0.355219
608 708 0.833770
609 600 -0.039002
609 619 0.012271
609 709 -1.068639
610 611 0.189707
610 620 1.755560
610 710 -0.835872
611 612 -1.273375
611 621 0.587012
611 711 0.101249
612 613 1.173852
612 622 -0.239168
612 712 -0.401409
613 614 0.358607
613 623 1.205196
613 713 1.373981
614 615 -0.233049
614 624 0.691820
614 714 1.578879
615 616 -0.487221
615 625 -0.413492
615 715 -0.208807
616 617 -0.894872
616 626 -0.228011
616 716 0.634005
617 618 0.890044
617 627 0.613036
617 717 -0.901588
618 619 0.487638
618 628 2.383120
618 718 -1.214688
619 610 -0.806642
619 629 -0.137932
619 719 -1.003910
620 621 -0.278134
620 630 -2.106685
620 720 -0.976834
621 622 1.728617
621 631 0.774753
621 721 0.187984
622 623 1.144685
622 632 -0.004710
622 722 -1.607751
623 624 -0.588353
623 633 -0.259449
623 723 1.128524
624 625 -0.220294
624 634 -0.336451
624 724 -0.598307
625 626 0.611530
625 635 -0.505582
625 725 -0.711470
626 627 -0.549887
626 636 -1.895606
626 726 -1.771054
627 628 -0.455459
627 637 -0.806042
627 727 0.924152
628 629 1.520588
628 638 -1.389386
628 728 1.155034
629 620 0.381992
629 639 -0.767971
629 729 -0.665848
630 631 0.647301
630 640 -0.712914
630 730 0.119418
631 632 0.752134
631 641 -0.484851
631 731 -0.021513
632 633 1.502452
632 642 -0.487308
632 732 -0.425434
633 634 0.253152
633 643 -1.315940
633 733 -0.467003
634 635 -0.324515
634 644 2.108898
634 734 1.058140
635 636 0.066830
635 645 -1.052922
635 735 -1.448707
636 637 -1.008655
636 646 -0.400041
636 736 -0.470024
637 638 -0.081227
637 647 0.103705
637 737 0.601863
638 639 0.332509
638 648 -0.032678
638 738 1.018281
639 630 0.114967
639 649 -0.144636
639 739 -0.016957
640 641 -0.064990
640 650 0.598853
640 740 -1.582585
641 642 -0.803728
641 651 -1.146238
641 741 -1.329215
642 643 -0.652345
642 652 -1.785675
642 742 -1.622699
643 644 1.288265
643 653 0.692665
643 743 0.755258
644 645 0.668898
644 654 0.473059
644 744 0.774336
645 646 -0.280349
645 655 -1.175419
645 745 0.862076
646 647 -0.683165
646 656 -1.222247
646 746 0.690118
647 648 0.549235
647 657 0.028999
647 747 -1.048911
648 649 -1.001352
648 658 2.100755
648 748 0.985239
649 640 -0.947960
649 659 -0.588230
649 749 0.918293
650 651 -0.244527
650 660 0.956725
650 750 0.800008
651 652 0.410801
651 661 -0.397081
651 751 0.268889
652 653 0.279417
652 662 1.364671
652 752 -0.547341
653 654 0.680910
653 663 1.508068
653 753 -0.566493
654 655 -0.522120
654 664 0.582503
654 754 -0.723202
655 656 -1.664327
655 665 -0.360846
655 755 -0.740480
656 657 -1.352106
656 666 -0.053892
656 756 -1.500105
657 658 1.562263
657 667 -0.902555
657 757 0.115074
658 659 -0.234638
658 668 0.088419
658 758 0.757333
659 650 -0.677904
659 669 -0.327842
659 759 0.490231
660 661 0.732529
660 670 1.307656
660 760 0.066447
661 662 0.672714
661 671 -0.888225
661 761 -1.220060
662 663 0.251688
662 672 -0.915957
662 762 -0.024397
663 664 0.699168
663 673 0.677214
663 763 -1.074959
664 665 -0.851692
664 674 0.537993
664 764 0.561028
665 666 -1.122549
665 675 -1.863594
665 765 0.286172
666 667 -0.324749
666 676 0.554690
666 766 0.074767
667 668 0.015766
667 677 -0.198022
667 767 -0.757211
668 669 -0.039673
668 678 -0.320003
668 768 -1.715406
669 660 2.444244
669 679 -0.234443
669 769 1.098963
670 671 -1.128036
670 680 1.057800
670 770 -0.855242
671 672 -0.133863
671 681 0.190313
671 771 0.076290
672 673 0.054645
672 682 -0.365618
672 772 0.710909
673 674 0.799296
673 683 1.824597
673 773 1.562601
674 675 -1.682657
674 684 1.524600
674 774 0.121540
675 676 -1.650059
675 685 -1.382633
675 775 0.715174
676 677 -0.251859
676 686 1.023254
676 776 0.525129
677 678 -1.871745
677 687 0.058545
677 777 1.223980
678 679 0.493570
678 688 -0.477974
678 778 -1.107185
679 670 -1.082251
679 689 0.802488
679 779 1.735111
680 681 0.995225
680 690 0.346621
680 780 -0.149035
681 682 1.048388
681 691 1.480746
681 781 -0.124759
682 683 0.665050
682 692 0.406584
682 782 -0.573575
683 684 -0.524222
683 693 0.841893
683 783 1.407918
684 685 -0.478037
684 694 -0.238712
684 784 1.515395
685 686 -0.030027
685 695 -0.425890
685 785 0.851682
686 687 -0.273376
686 696 0.180231
686 786 -0.703494
687 688 0.348278
687 697 0.974829
687 787 0.264556
688 689 -0.472457
688 698 -1.072382
688 788 0.743254
689 680 -0.816371
689 699 -0.806266
689 789 0.481327
690 691 -0.221849
690 600 0.283138
690 790 -1.448816
691 692 1.006782
691 601 0.242036
691 791 -0.077859
692 693 0.204935
692 602 -1.758197
692 792 -0.348371
693 694 0.442458
693 603 0.684795
693 793 -1.111444
694 695 0.706056
694 604 0.349995
694 794 -0.023453
695 696 0.311500
695 605 -0.623859
695 795 0.080144
696 697 -0.513567
696 606 1.760333
696 796 -0.589475
697 698 0.663069
697 607 -0.626208
697 797 -0.816999
698 699 0.224899
698 608 0.907023
698 798 -0.473244
699 690 -1.111300
699 609 -1.296768
699 799 0.008839
700 701 1.584742
700 710 -1.097656
700 800 -2.842138
701 702 0.186790
701 711 0.184896
701 801 0.511216
702 703 -0.183874
702 712 -0.219881
702 802 1.171335
703 704 -0.152096
703 713 0.819078
703 803 -1.069135
704 705 -0.905737
704 714 0.305762
704 804 -1.961530
705 706 1.825315
705 715 0.937282
705 805 0.287610
706 707 -0.318393
706 716 1.677757
706 806 -0.493562
707 708 1.628049
707 717 -0.172358
707 807 0.089350
708 709 -0.869496
708 718 -0.062053
708 808 -2.136258
709 700 -1.216668
709 719 0.507023
709 809 2.284542
710 711 -0.374656
710 720 -0.650680
710 810 -0.691594
711 712 -0.010387
711 721 -1.935086
711 811 -0.571184
712 713 -0.388890
712 722 1.559937
712 812 -0.784051
713 714 -0.154835
713 723 0.112568
713 813 1.659872
714 715 -0.941416
714 724 1.203654
714 814 -2.070859
715 716 0.121015
715 725 -0.716426
715 815 -0.130955
716 717 -0.155947
716 726 1.123283
716 816 -0.609201
717 718 -0.773825
717 727 0.533641
717 817 0.537843
718 719 -0.224673
718 728 1.193998
718 818 -0.243873
719 710 -0.750243
719 729 -2.018189
719 819 0.881884
720 721 -0.090699
720 730 0.556374
720 820 -1.166959
721 722 0.115907
721 731 1.093998
721 821 0.200836
722 723 1.184029
722 732 -0.037253
722 822 -2.104541
723 724 -0.325353
723 733 2.194305
723 823 -1.403160
724 725 -0.000137
724 734 -2.710065
724 824 -1.111057
725 726 -0.803904
725 735 0.846938
725 825 -1.103171
726 727 -0.206080
726 736 -0.829235
726 826 0.840844
727 728 -0.509091
727 737 -0.271441
727 827 -1.086725
728 729 1.118083
728 738 0.288130
728 828 0.160481
729 720 -0.354957
729 739 1.392397
729 829 1.542541
730 731 1.362427
730 740 -0.155915
730 830 -0.744559
731 732 0.842434
731 741 -0.792109
731 831 0.659156
732 733 -1.254033
732 742 -0.116387
732 832 0.632134
733 734 0.112590
733 743 -0.346131
733 833 0.037273
734 735 -0.333256
734 744 0.846292
734 834 -0.782516
735 736 -2.409246
735 745 0.508265
735 835 -0.555179
736 737 0.075991
736 746 0.808966
736 836 1.357592
737 738 1.424029
737 747 0.187913
737 837 0.078195
738 739 -0.223544
738 748 -0.303645
738 838 -0.681025
739 730 1.750433
739 749 -0.595713
739 839 1.820644
740 741 1.857033
740 750 0.741977
740 840 0.029473
741 742 1.014044
741 751 -0.209089
741 841 -0.199014
742 743 1.222053
742 752 0.533123
742 842 -1.654852
743 744 0.009972
743 753 -0.374844
743 843 -2.031595
744 745 -0.146835
744 754 0.266524
744 844 0.279196
745 746 -1.998320
745 755 -1.248899
745 845 -0.676107
746 747 1.489639
746 756 -0.495308
746 846 -1.967537
747 748 0.927864
747 757 0.330339
747 847 -0.743972
748 749 0.760281
748 758 -1.440652
748 848 -1.302319
749 740 0.235312
749 759 -0.039208
749 849 -1.757040
750 751 -0.966350
750 760 0.511228
750 850 0.576168
751 752 -0.416538
751 761 -0.405195
751 851 -0.442198
752 753 0.399986
752 762 0.918031
752 852 -0.019913
753 754 0.818274
753 763 -0.784720
753 853 0.918154
754 755 0.835093
754 764 -0.995283
754 854 -0.183901
755 756 -0.111245
755 765 -2.373305
755 855 -1.574647
756 757 1.838822
756 766 -0.299485
756 856 -0.061612
757 758 1.126540
757 767 0.855569
757 857 0.964344
758 759 1.560277
758 768 0.929629
758 858 0.187435
759 750 0.077184
759 769 0.557172
759 859 0.239285
760 761 -0.465885
760 770 -0.433953
760 860 -1.224198
761 762 0.979078
761 771 1.078007
761 861 -0.396049
762 763 -0.843257
762 772 -2.134755
762 862 0.084588
763 764 -0.878599
763 773 -0.410710
763 863 -0.590963
764 765 0.621790
764 774 1.168293
764 864 0.274676
765 766 -1.197016
765 775 -2.090961
765 865 0.629659
766 767 -0.654952
766 776 -0.537811
766 866 -1.079630
767 768 -0.247077
767 777 -2.234227
767 867 0.173222
768 769 2.329190
768 778 1.218027
768 868 -0.434853
769 760 0.387228
769 779 0.076541
769 869 -1.252416
770 771 0.817145
770 780 -0.513025
770 870 1.687477
771 772 1.009938
771 781 0.105797
771 871 -0.936908
772 773 0.971366
772 782 -0.676413
772 872 0.734829
773 774 -0.635747
773 783 -0.268869
773 873 0.541764
774 775 -0.852348
774 784 1.043090
774 874 -0.940786
775 776 0.089306
775 785 -1.741795
775 875 -1.222719
776 777 -0.386575
776 786 0.163560
776 876 0.451100
777 778 1.634952
777 787 -0.416353
777 877 -0.117147
778 779 0.926906
778 788 0.947172
778 878 -0.642694
779 770 -1.602767
779 789 0.726867
779 879 -0.072783
780 781 1.295858
780 790 0.846862
780 880 0.270903
781 782 0.175910
781 791 -2.636113
781 881 1.138941
782 783 0.648620
782 792 -1.514961
782 882 1.816910
783 784 -0.890884
783 793 0.231405
783 883 -0.387128
784 785 -0.581536
784 794 -1.430535
784 884 -1.742108
785 786 0.492790
785 795 -1.351629
785 885 0.222287
786 787 -1.101831
786 796 0.511162
786 886 -0.519776
787 788 0.098636
787 797 -0.741293
787 887 0.007528
788 789 0.735392
788 798 -0.326350
788 888 -0.810793
789 780 0.998526
789 799 -1.116889
789 889 -0.607258
790 791 -2.570760
790 700 1.484985
790 890 0.370683
791 792 -1.263128
791 701 -0.443334
791 891 -0.326370
792 793 -0.068885
792 702 0.747505
792 892 -1.466491
793 794 0.240468
793 703 1.180617
793 893 0.879106
794 795 2.759413
794 704 -0.115006
794 894 -0.992845
795 796 -2.023186
795 705 -1.407837
795 895 -1.561181
796 797 -1.574006
796 706 -1.718194
796 896 0.167963
797 798 0.056740
797 707 0.732340
797 897 -1.754720
798 799 -2.908584
798 708 -0.036392
798 898 0.238040
799 790 -0.104069
799 709 -1.309787
799 899 0.205440
800 801 0.422274
800 810 -0.211546
800 900 -0.827830
801 802 -0.778350
801 811 0.070343
801 901 -1.715351
802 803 1.269518
802 812 0.777443
802 902 0.598618
803 804 2.180700
803 813 -0.258922
803 903 1.350688
804 805 -0.294594
804 814 0.855037
804 904 -1.953657
805 806 1.290052
805 815 0.238514
805 905 -0.603569
806 807 0.485716
806 816 0.579896
806 906 -1.401935
807 808 -0.178634
807 817 -0.102299
807 907 -3.108248
808 809 0.025551
808 818 0.835184
808 908 -0.428483
809 800 0.029916
809 819 0.197918
809 909 -2.006396
810 811 0.352845
810 820 0.252214
810 910 0.102359
811 812 0.097022
811 821 -1.070376
811 911 -0.608744
812 813 0.686523
812 822 -1.279181
812 912 -0.302962
813 814 -0.459244
813 823 0.280512
813 913 -1.915772
814 815 -0.416199
814 824 0.178697
814 914 -0.746349
815 816 0.573255
815 825 0.649925
815 915 -0.134345
816 817 -0.637784
816 826 -0.542107
816 916 -0.976256
817 818 0.639099
817 827 -1.517047
817 917 0.437051
818 819 -1.097656
818 828 -0.811689
818 918 0.888273
819 810 0.352630
819 829 -1.472962
819 919 -0.106677
820 821 -1.240295
820 830 1.012135
820 920 0.476548
821 822 0.548668
821 831 -0.324482
821 921 0.479116
822 823 -0.286413
822 832 -0.061238
822 922 1.010912
823 824 0.842133
823 833 -1.241163
823 923 -0.033145
824 825 0.002494
824 834 -1.424675
824 924 -2.195632
825 826 0.384602
825 835 -0.870786
825 925 0.804236
826 827 0.173118
826 836 0.285477
826 926 -0.647260
827 828 -0.660819
827 837 -0.202863
827 927 -0.310693
828 829 -0.469958
828 838 0.542204
828 928 1.058190
829 820 -0.742028
829 839 -0.015630
829 929 -0.172961
830 831 -0.745790
830 840 -1.260203
830 930 -0.497132
831 832 -0.526273
831 841 -0.193390
831 931 -0.785147
832 833 0.338389
832 842 -1.516325
832 932 1.534846
833 834 -0.647157
833 843 -0.165755
833 933 -0.283832
834 835 1.076792
834 844 -0.005366
834 934 -1.115211
835 836 -0.130030
835 845 -1.332948
835 935 -0.128530
836 837 -1.422292
836 846 0.551070
836 936 1.439199
837 838 -0.068612
837 847 2.161672
837 937 -0.110139
838 839 0.364421
838 848 -0.957730
838 938 0.056344
839 830 -0.856943
839 849 -0.510892
839 939 -0.355295
840 841 -0.181876
840 850 1.856600
840 940 -0.547191
841 842 0.446077
841 851 1.559354
841 941 0.419465
842 843 3.341179
842 852 -1.535762
842 942 -1.246646
843 844 0.201571
843 853 -1.065461
843 943 -0.261263
844 845 -0.114109
844 854 1.105514
844 944 -0.560314
845 846 0.874440
845 855 1.002824
845 945 -0.507821
846 847 -0.562241
846 856 -1.003760
846 946 -0.478798
847 848 -0.248273
847 857 -0.082326
847 947 0.400885
848 849 1.782598
848 858 -0.124151
848 948 0.070787
849 840 -0.144405
849 859 1.501142
849 949 -1.611294
850 851 -0.245090
850 860 -0.005921
850 950 -1.283325
851 852 -0.353300
851 861 1.364632
851 951 -0.608293
852 853 0.233079
852 862 -0.207138
852 952 0.000142
853 854 1.298225
853 863 -2.169392
853 953 0.516733
854 855 -0.785139
854 864 -1.939756
854 954 -1.655572
855 856 -0.099963
855 865 0.640492
855 955 -0.050023
856 857 -0.912588
856 866 0.108510
856 956 -0.299161
857 858 0.041275
857 867 1.553002
857 957 0.017889
858 859 0.880887
858 868 -0.676163
858 958 0.361964
859 850 0.798143
859 869 -1.716645
859 959 -0.691475
860 861 -0.506613
860 870 -0.297871
860 960 1.189008
861 862 -0.750475
861 871 0.014798
861 961 -1.231308
862 863 -0.468903
862 872 -0.718171
862 962 -0.310682
863 864 0.226557
863 873 1.675853
863 963 -0.035860
864 865 -0.547618
864 874 -0.172737
864 964 -0.933575
865 866 1.005203
865 875 -1.261670
865 965 -0.491185
866 867 0.118564
866 876 0.965954
866 966 -1.765973
867 868 -0.286077
867 877 -0.550240
867 967 0.923019
868 869 -0.663003
868 878 -1.495645
868 968 0.244879
869 860 1.833590
869 879 0.851325
869 969 0.186584
870 871 -0.608399
870 880 -0.939448
870 970 0.740600
871 872 0.022630
871 881 0.966991
871 971 1.543882
872 873 -0.255069
872 882 0.804780
872 972 -0.860664
873 874 0.191901
873 883 0.832397
873 973 1.635252
874 875 -0.230615
874 884 0.846724
874 974 0.907631
875 876 -1.547486
875 885 0.902145
875 975 -0.857531
876 877 2.011706
876 886 -0.789147
876 976 -3.254392
877 878 -1.137101
877 887 -0.363257
877 977 1.721250
878 879 -1.581379
878 888 0.544276
878 978 0.133589
879 870 -1.505437
879 889 -0.278297
879 979 -0.555741
880 881 -1.176982
880 890 -0.862275
880 980 1.059006
881 882 0.378800
881 891 -0.242257
881 981 -0.201263
882 883 0.973283
882 892 0.186823
882 982 -1.271847
883 884 -0.545535
883 893 -0.221379
883 983 0.364283
884 885 0.282978
884 894 1.088655
884 984 1.214102
885 886 -0.290957
885 895 -0.821650
885 985 1.301419
886 887 0.236099
886 896 0.905231
886 986 -2.023103
887 888 -0.022386
887 897 1.227665
887 987 -1.581812
888 889 -0.753518
888 898 1.728754
888 988 -0.763907
889 880 -0.018039
889 899 0.498055
889 989 0.321278
890 891 0.668449
890 800 -0.350047
890 990 0.518391
891 892 0.007356
891 801 0.608409
891 991 0.495699
892 893 -1.771860
892 802 0.440493
892 992 -0.689489
893 894 -1.802430
893 803 -1.320115
893 993 0.042524
894 895 -0.208214
894 804 -0.176165
894 994 -1.560944
895 896 0.711734
895 805 -0.714186
895 995 -1.062318
896 897 -0.395355
896 806 1.374622
896 996 0.429284
897 898 1.733142
897 807 -1.347712
897 997 -0.286847
898 899 0.006816
898 808 -0.646152
898 998 1.752092
899 890 -1.653721
899 809 -1.972097
899 999 2.467933
900 901 1.329931
900 910 -0.033747
900 0 -0.444167
901 902 0.130619
901 911 0.221686
901 1 -0.381578
902 903 0.095103
902 912 -0.376347
902 2 -0.984511
903 904 -1.578051
903 913 0.950733
903 3 0.507819
904 905 -2.740832
904 914 0.109786
904 4 0.499657
905 906 0.584864
905 915 -0.797327
905 5 1.807180
906 907 0.460677
906 916 1.325833
906 6 0.096974
907 908 1.335732
907 917 -0.353104
907 7 -0.416966
908 909 0.569669
908 918 -1.663482
908 8 1.396878
909 900 0.264870
909 919 -2.534384
909 9 0.632582
910 911 -0.075449
910 920 -2.712757
910 10 -0.612098
911 912 0.334579
911 921 -1.724578
911 11 -0.908316
912 913 -0.005534
912 922 0.863454
912 12 -0.655215
913 914 -0.302273
913 923 -0.218074
913 13 -0.075404
914 915 -0.572203
914 924 -0.161178
914 14 -1.173651
915 916 -0.496240
915 925 -1.020391
915 15 0.870912
916 917 0.322419
916 926 -0.845765
916 16 1.596335
917 918 -2.013568
917 927 -0.176258
917 17 -0.059144
918 919 0.323702
918 928 0.717770
918 18 -0.115111
919 910 1.671646
919 929 -0.713096
919 19 -0.920700
920 921 1.976744
920 930 -0.085070
920 20 0.954767
921 922 -1.087847
921 931 0.939608
921 21 1.922370
922 923 -0.574316
922 932 1.358473
922 22 3.275018
923 924 -0.338198
923 933 0.984077
923 23 0.006273
924 925 -0.139384
924 934 0.539092
924 24 -0.038151
925 926 -0.539746
925 935 1.113232
925 25 0.169649
926 927 0.909254
926 936 -0.906755
926 26 -1.576824
927 928 1.065254
927 937 -0.466275
927 27 -0.024535
928 929 0.586849
928 938 -0.214918
928 28 0.136060
929 920 -0.151648
929 939 -0.661309
929 29 2.254789
930 931 0.953836
930 940 -1.372341
930 30 0.517502
931 932 -0.542272
931 941 0.359165
931 31 -0.359694
932 933 -0.254806
932 942 -0.256652
932 32 -0.889096
933 934 0.649951
933 943 0.536887
933 33 1.332618
934 935 1.627291
934 944 0.012044
934 34 -0.584447
935 936 -0.187971
935 945 -0.627652
935 35 0.375381
936 937 0.373728
936 946 0.874440
936 36 0.630689
937 938 -0.209238
937 947 0.416442
937 37 0.547737
938 939 -0.716760
938 948 0.501956
938 38 1.333841
939 930 -0.119590
939 949 1.098112
939 39 0.730206
940 941 -0.893986
940 950 0.718036
940 40 0.130290
941 942 -0.885323
941 951 -0.538655
941 41 -1.424007
942 943 1.191063
942 952 -0.960471
942 42 0.097765
943 944 -0.718456
943 953 0.781173
943 43 -1.076926
944 945 -0.464968
944 954 -0.835643
944 44 -0.279273
945 946 -0.572376
945 955 0.498848
945 45 -0.460978
946 947 1.265317
946 956 -0.029960
946 46 -0.430976
947 948 0.748764
947 957 -0.311247
947 47 -0.720239
948 949 1.580049
948 958 -0.565732
948 48 -0.671409
949 940 1.296256
949 959 -0.267697
949 49 1.599229
950 951 1.362648
950 960 -0.240828
950 50 0.358087
951 952 0.305960
951 961 -0.259841
951 51 1.320451
952 953 2.279623
952 962 1.136847
952 52 0.499272
953 954 -0.108672
953 963 -1.359494
953 53 1.167682
954 955 0.608267
954 964 0.030354
954 54 0.728009
955 956 -1.042932
955 965 0.253517
955 55 -0.088742
956 957 0.157372
956 966 -0.397983
956 56 1.159876
957 958 1.033110
957 967 1.505076
957 57 1.010145
958 959 0.788059
958 968 0.034159
958 58 -1.005162
959 950 0.480471
959 969 -0.869087
959 59 -1.265078
960 961 0.158738
960 970 -0.379308
960 60 1.948818
961 962 -0.173109
961 971 -0.366116
961 61 -2.124236
962 963 -0.336656
962 972 -2.043275
962 62 0.719264
963 964 0.317811
963 973 -2.433301
963 63 -1.004608
964 965 -0.002640
964 974 1.818935
964 64 0.567805
965 966 0.441037
965 975 1.249579
965 65 -1.781197
966 967 0.581502
966 976 -0.488961
966 66 1.896382
967 968 -0.146979
967 977 0.678786
967 67 -1.357345
968 969 1.397389
968 978 -0.974858
968 68 -0.325175
969 960 -0.945803
969 979 -0.554451
969 69 1.487515
970 971 0.692018
970 980 -1.359102
970 70 -0.488830
971 972 1.292997
971 981 0.253896
971 71 0.077239
972 973 1.342178
972 982 -0.113879
972 72 0.511717
973 974 1.218014
973 983 1.771904
973 73 0.636142
974 975 -0.424574
974 984 -1.580356
974 74 1.836067
975 976 -1.358973
975 985 0.232635
975 75 0.335364
976 977 1.335352
976 986 1.404908
976 76 0.625211
977 978 -0.044108
977 987 -0.677027
977 77 1.054237
978 979 -0.811465
978 988 2.091770
978 78 1.363479
979 970 0.030192
979 989 2.076899
979 79 1.355794
980 981 0.913814
980 990 -0.935263
980 80 -1.158356
981 982 -1.337454
981 991 0.171133
981 81 -1.163598
982 983 -1.712350
982 992 0.878532
982 82 -1.132698
983 984 -0.571137
983 993 -0.799446
983 83 -0.380164
984 985 0.066067
984 994 0.053914
984 84 -0.171959
985 986 -0.906422
985 995 1.409352
985 85 1.398949
986 987 0.113055
986 996 0.087887
986 86 -1.247003
987 988 0.171651
987 997 1.749888
987 87 0.161367
988 989 -0.455432
988 998 1.191497
988 88 1.522961
989 980 1.127429
989 999 0.050921
989 89 -0.389146
990 991 0.825607
990 900 -1.015491
990 90 -0.670096
991 992 -0.366990
991 901 0.749396
991 91 -0.881217
992 993 0.094855
992 902 -0.052874
992 92 -1.014433
993 994 -0.251380
993 903 -1.422386
993 93 1.200192
994 995 0.967238
994 904 -0.138513
994 94 -1.547125
995 996 0.556883
995 905 0.498179
995 95 -1.630526
996 997 0.588936
996 906 0.078874
996 96 -1.418537
997 998 -0.454402
997 907 0.108086
997 97 -1.300870
998 999 -1.001618
998 908 -0.507510
998 98 0.269694
999 990 1.366311
999 909 0.482831
999 99 -3.797772
