0 1 1.731525
0 10 -1.221074
0 100 -0.186388
1 2 1.243106
1 11 -0.241327
1 101 -0.028033
2 3 0.557225
2 12 0.067142
2 102 -0.082021
3 4 0.242381
3 13 -0.827579
3 103 0.272488
4 5 1.875587
4 14 1.721737
4 104 0.632593
5 6 -0.945554
5 15 -0.274953
5 105 -1.232057
6 7 0.452013
6 16 0.427923
6 106 1.061963
7 8 0.465052
7 17 0.096607
7 107 0.229695
8 9 -0.181671
8 18 0.902496
8 108 -0.409735
9 0 0.225665
9 19 1.395510
9 109 -2.210629
10 11 0.053559
10 20 -0.420591
10 110 -0.950106
11 12 -0.377116
11 21 -0.809730
11 111 1.133356
12 13 -0.991304
12 22 -0.425900
12 112 0.714449
13 14 1.348585
13 23 0.384964
13 113 -1.265997
14 15 1.120101
14 24 -0.816087
14 114 0.482037
15 16 -1.273838
15 25 1.128165
15 115 1.381896
16 17 1.445041
16 26 -0.373289
16 116 1.002398
17 18 0.662361
17 27 0.759692
17 117 1.626012
18 19 0.730663
18 28 2.395729
18 118 -0.525857
19 10 -1.545065
19 29 0.734426
19 119 1.081911
20 21 0.287435
20 30 0.749502
20 120 0.523491
21 22 -0.918148
21 31 -0.279783
21 121 0.891442
22 23 0.745580
22 32 -1.369552
22 122 -0.104145
23 24 0.856918
23 33 1.023815
23 123 -0.984231
24 25 -2.727700
24 34 -0.339966
24 124 1.414598
25 26 0.736127
25 35 0.482299
25 125 0.884856
26 27 -0.213505
26 36 1.432376
26 126 0.104129
27 28 0.343319
27 37 -1.116620
27 127 -1.345383
28 29 0.130350
28 38 1.071920
28 128 0.370433
29 20 -0.283264
29 39 0.068458
29 129 1.040328
30 31 0.375452
30 40 0.773849
30 130 -1.868355
31 32 0.227898
31 41 -0.877156
31 131 0.221813
32 33 0.386409
32 42 -0.749008
32 132 -0.926843
33 34 -1.758379
33 43 1.925247
33 133 -1.481546
34 35 -0.540181
34 44 -0.572448
34 134 1.605219
35 36 3.078427
35 45 -0.596014
35 135 1.171328
36 37 0.749818
36 46 0.357738
36 136 1.570861
37 38 0.777703
37 47 2.046444
37 137 -0.207022
38 39 1.585666
38 48 0.986228
38 138 -0.478907
39 30 0.319549
39 49 1.141350
39 139 -1.695773
40 41 -1.581744
40 50 -0.243172
40 140 0.255596
41 42 -0.113403
41 51 -0.517055
41 141 1.353277
42 43 -0.502797
42 52 0.749116
42 142 0.094629
43 44 -1.270006
43 53 0.045775
43 143 -0.235848
44 45 0.024508
44 54 0.298947
44 144 0.654401
45 46 1.605142
45 55 1.050684
45 145 0.100689
46 47 -2.356428
46 56 -0.306604
46 146 0.815734
47 48 0.364383
47 57 0.345744
47 147 0.290215
48 49 0.384253
48 58 -0.302784
48 148 0.893008
49 40 0.514224
49 59 -0.123810
49 149 -0.128486
50 51 0.665762
50 60 -0.534266
50 150 -0.323965
51 52 0.227656
51 61 0.848777
51 151 -0.101432
52 53 1.328069
52 62 0.715210
52 152 0.133158
53 54 0.434926
53 63 -0.689667
53 153 2.707513
54 55 0.443162
54 64 0.267360
54 154 1.201046
55 56 -0.694633
55 65 0.448139
55 155 0.637195
56 57 -0.836389
56 66 -0.370683
56 156 1.300738
57 58 1.265159
57 67 -0.441917
57 157 0.350134
58 59 0.202692
58 68 -0.561942
58 158 -1.835469
59 50 -1.924274
59 69 -0.035181
59 159 1.597645
60 61 -1.087519
60 70 -0.516203
60 160 -0.163866
61 62 1.331161
61 71 1.278058
61 161 -0.128430
62 63 -2.432062
62 72 -0.214861
62 162 -0.399147
63 64 0.567136
63 73 -0.129885
63 163 -0.762442
64 65 0.675139
64 74 -0.521227
64 164 0.327220
65 66 0.241488
65 75 -0.101696
65 165 0.060850
66 67 -0.125384
66 76 -1.951310
66 166 -0.915800
67 68 1.952277
67 77 0.297128
67 167 0.804231
68 69 -2.693449
68 78 -0.216887
68 168 -0.028263
69 60 -1.477203
69 79 0.024041
69 169 -0.685641
70 71 -1.397381
70 80 0.121038
70 170 0.066491
71 72 1.131695
71 81 -1.573105
71 171 -0.571011
72 73 -0.785725
72 82 0.054592
72 172 2.193960
73 74 0.995922
73 83 0.641425
73 173 -1.081281
74 75 0.878217
74 84 -0.336076
74 174 2.090682
75 76 1.150484
75 85 0.041304
75 175 -0.701908
76 77 -0.299782
76 86 -2.485004
76 176 0.276420
77 78 0.392739
77 87 2.226960
77 177 1.242769
78 79 -1.226599
78 88 -0.052749
78 178 1.189438
79 70 -0.807495
79 89 0.846033
79 179 -0.165658
80 81 2.067462
80 90 0.338307
80 180 0.317305
81 82 0.483207
81 91 -0.038450
81 181 -0.683845
82 83 0.902084
82 92 0.165017
82 182 0.902705
83 84 0.796437
83 93 -0.629393
83 183 0.699836
84 85 0.609548
84 94 0.646429
84 184 1.085261
85 86 -0.570839
85 95 -0.372439
85 185 -0.441389
86 87 -1.588569
86 96 1.468805
86 186 -0.966008
87 88 -0.374001
87 97 -0.689084
87 187 -1.350703
88 89 -0.608358
88 98 0.652015
88 188 1.007822
89 80 -1.084593
89 99 -1.197690
89 189 -0.076274
90 91 -1.474438
90 0 -0.898225
90 190 1.229543
91 92 0.701458
91 1 -0.781347
91 191 -0.195701
92 93 -0.069641
92 2 2.208810
92 192 -0.460634
93 94 -1.252551
93 3 -1.827668
93 193 -0.060196
94 95 1.083294
94 4 -0.137851
94 194 -0.194970
95 96 -0.626611
95 5 0.766686
95 195 0.554431
96 97 0.140548
96 6 -0.517823
96 196 -1.741664
97 98 0.978289
97 7 1.608246
97 197 -0.997518
98 99 1.893439
98 8 -1.281459
98 198 1.418240
99 90 0.336107
99 9 1.401668
99 199 1.350182
100 101 1.951096
100 110 0.022643
100 200 0.499156
101 102 -0.949526
101 111 0.934219
101 201 -1.502302
102 103 -1.218524
102 112 -0.027857
102 202 -0.992082
103 104 0.108218
103 113 0.948768
103 203 -1.341312
104 105 2.177156
104 114 -1.912508
104 204 1.165180
105 106 0.858535
105 115 0.825291
105 205 0.584025
106 107 -1.904741
106 116 0.989803
106 206 -1.414853
107 108 -0.658614
107 117 -1.125588
107 207 1.665474
108 109 0.257097
108 118 -0.240952
108 208 0.699519
109 100 0.302367
109 119 0.414943
109 209 0.698990
110 111 0.394565
110 120 -1.320612
110 210 0.125725
111 112 -1.604600
111 121 0.764280
111 211 -0.580295
112 113 1.393511
112 122 -1.286523
112 212 -1.394041
113 114 -0.047205
113 123 -0.554327
113 213 -0.058891
114 115 1.263341
114 124 0.575686
114 214 -0.361926
115 116 -1.144514
115 125 0.265944
115 215 0.617441
116 117 0.575844
116 126 -1.595393
116 216 -2.409613
117 118 0.401540
117 127 -0.109287
117 217 -0.467144
118 119 0.260587
118 128 -0.282305
118 218 0.682954
119 110 -1.223211
119 129 -0.084963
119 219 -0.756596
120 121 -0.612280
120 130 -1.095854
120 220 -0.201067
121 122 -0.342561
121 131 1.098176
121 221 -1.059611
122 123 -1.705694
122 132 -0.792463
122 222 -1.294857
123 124 0.467671
123 133 0.158822
123 223 -1.657880
124 125 -0.072832
124 134 1.863802
124 224 -1.710182
125 126 -0.067031
125 135 -0.620122
125 225 -0.304631
126 127 0.075048
126 136 0.921930
126 226 0.795901
127 128 0.205422
127 137 1.343300
127 227 1.519497
128 129 -0.235564
128 138 -1.048051
128 228 0.317083
129 120 0.072427
129 139 1.243698
129 229 0.135528
130 131 -1.166153
130 140 -0.833814
130 230 1.552096
131 132 0.669692
131 141 0.382945
131 231 -0.404198
132 133 1.167824
132 142 -0.256787
132 232 -0.556853
133 134 -2.210180
133 143 1.415840
133 233 0.163264
134 135 -1.531968
134 144 -1.578355
134 234 1.254249
135 136 0.234378
135 145 1.023217
135 235 -0.385901
136 137 0.437534
136 146 -0.815096
136 236 -0.173638
137 138 0.412485
137 147 -1.367055
137 237 -0.481393
138 139 -2.053646
138 148 2.212858
138 238 1.242262
139 130 0.380545
139 149 1.201865
139 239 -0.539723
140 141 -0.759140
140 150 -1.359238
140 240 1.452883
141 142 -0.240057
141 151 -0.404377
141 241 1.137086
142 143 -0.557306
142 152 -0.838039
142 242 3.293788
143 144 0.817389
143 153 -0.194859
143 243 -0.195072
144 145 -2.048057
144 154 -0.505093
144 244 0.705210
145 146 2.227236
145 155 -0.286660
145 245 -1.117906
146 147 0.253743
146 156 1.972946
146 246 -1.837123
147 148 -0.219613
147 157 1.146895
147 247 -0.567890
148 149 1.933195
148 158 0.696368
148 248 0.277312
149 140 -0.924968
149 159 -0.846621
149 249 -0.057472
150 151 -0.850854
150 160 0.086786
150 250 0.064332
151 152 -0.700102
151 161 -0.941884
151 251 -1.309723
152 153 0.644310
152 162 0.638398
152 252 1.747823
153 154 0.338910
153 163 -0.557048
153 253 0.747217
154 155 -0.550014
154 164 -1.424054
154 254 -0.734812
155 156 0.109888
155 165 0.280211
155 255 0.700124
156 157 -0.147259
156 166 1.206173
156 256 -1.150022
157 158 -0.445912
157 167 0.842491
157 257 1.039073
158 159 -1.023691
158 168 0.218979
158 258 1.290765
159 150 1.217423
159 169 -0.630481
159 259 -0.347412
160 161 1.946001
160 170 -1.591617
160 260 1.301254
161 162 0.626229
161 171 0.469039
161 261 -0.231648
162 163 -0.364865
162 172 -1.225369
162 262 -0.485945
163 164 0.498333
163 173 1.317591
163 263 -0.658253
164 165 1.474346
164 174 3.043574
164 264 -0.270286
165 166 0.483163
165 175 0.529393
165 265 -1.934893
166 167 -0.491942
166 176 0.164503
166 266 0.934434
167 168 -0.496787
167 177 -0.885262
167 267 1.730025
168 169 -0.366856
168 178 0.398816
168 268 0.225946
169 160 -0.712152
169 179 0.779054
169 269 -0.395102
170 171 0.817944
170 180 0.473276
170 270 -0.125023
171 172 0.120667
171 181 -0.754472
171 271 0.045255
172 173 -0.198992
172 182 -1.134340
172 272 -0.270685
173 174 -0.794248
173 183 0.907006
173 273 -0.372475
174 175 1.102637
174 184 -1.554275
174 274 2.557134
175 176 -0.014052
175 185 0.258136
175 275 -0.993642
176 177 -1.587472
176 186 -1.625696
176 276 -0.305332
177 178 -0.855393
177 187 -0.195892
177 277 0.616080
178 179 -0.873892
178 188 -0.148352
178 278 0.168667
179 170 0.552727
179 189 -1.178386
179 279 -0.742805
180 181 -0.886684
180 190 -0.062663
180 280 0.537999
181 182 0.227640
181 191 -0.361100
181 281 -0.288882
182 183 -2.386915
182 192 -0.407964
182 282 0.575594
183 184 0.756400
183 193 -1.395079
183 283 0.418793
184 185 -0.672024
184 194 1.052762
184 284 -1.077871
185 186 1.813741
185 195 -1.031169
185 285 -1.137638
186 187 -0.524993
186 196 0.744011
186 286 1.795569
187 188 -1.033873
187 197 1.262681
187 287 -0.013749
188 189 -1.695993
188 198 -0.547370
188 288 -0.821940
189 180 0.194064
189 199 -0.882454
189 289 -3.071798
190 191 -0.125293
190 100 0.975128
190 290 0.738605
191 192 -1.151158
191 101 0.696215
191 291 -1.468643
192 193 -0.806680
192 102 0.232902
192 292 -0.104907
193 194 0.499779
193 103 1.112176
193 293 -1.238953
194 195 -0.488576
194 104 -0.445796
194 294 2.353623
195 196 0.905542
195 105 -0.355181
195 295 0.082241
196 197 -1.405209
196 106 -0.919088
196 296 0.147538
197 198 -0.383247
197 107 0.653135
197 297 0.971831
198 199 -2.050048
198 108 -0.977863
198 298 -0.813611
199 190 -1.589591
199 109 -1.217631
199 299 -1.153639
200 201 1.686055
200 210 -0.105160
200 300 -1.386222
201 202 -0.036120
201 211 0.656828
201 301 0.704758
202 203 -0.297776
202 212 0.183244
202 302 -0.096476
203 204 -0.832374
203 213 -0.112852
203 303 0.270374
204 205 -0.711071
204 214 1.253525
204 304 -0.183792
205 206 -0.291580
205 215 0.022032
205 305 -0.478252
206 207 -1.033265
206 216 1.644179
206 306 0.713223
207 208 0.165235
207 217 -0.286782
207 307 0.149056
208 209 0.663804
208 218 0.721395
208 308 -0.793119
209 200 -1.282934
209 219 0.019001
209 309 0.116207
210 211 -0.950589
210 220 0.160636
210 310 1.501530
211 212 1.792715
211 221 2.107554
211 311 -1.694471
212 213 -0.466240
212 222 -0.688747
212 312 1.554636
213 214 -0.229239
213 223 0.572511
213 313 -0.912027
214 215 0.206022
214 224 1.058617
214 314 -0.675774
215 216 0.200326
215 225 -0.649866
215 315 -0.063446
216 217 0.653468
216 226 -0.333062
216 316 0.512062
217 218 0.490078
217 227 -2.729109
217 317 0.647290
218 219 -0.665095
218 228 0.744714
218 318 0.655907
219 210 1.300259
219 229 0.013516
219 319 0.248907
220 221 -0.180977
220 230 0.262825
220 320 -0.433799
221 222 2.830429
221 231 0.789903
221 321 0.427086
222 223 0.468957
222 232 0.840154
222 322 -1.910697
223 224 1.768207
223 233 0.416192
223 323 -0.723284
224 225 1.851652
224 234 -0.035199
224 324 0.004744
225 226 0.198407
225 235 -0.865304
225 325 0.247728
226 227 -0.181437
226 236 0.525624
226 326 0.670234
227 228 0.787983
227 237 -0.539688
227 327 0.573850
228 229 0.346155
228 238 -0.145019
228 328 0.745468
229 220 -0.950038
229 239 0.602142
229 329 -1.657607
230 231 0.195966
230 240 1.459088
230 330 1.020732
231 232 1.958424
231 241 0.364134
231 331 -0.102591
232 233 0.235957
232 242 -0.013377
232 332 0.817050
233 234 0.447692
233 243 0.641875
233 333 0.434221
234 235 0.265353
234 244 -0.943080
234 334 -0.107480
235 236 -0.507277
235 245 -1.927472
235 335 0.787323
236 237 -0.775842
236 246 -0.871429
236 336 -0.568333
237 238 0.808629
237 247 -0.760205
237 337 -0.464162
238 239 1.031786
238 248 -1.665096
238 338 1.719743
239 230 2.528183
239 249 -0.591163
239 339 0.549748
240 241 -0.624614
240 250 -1.540368
240 340 -0.091802
241 242 1.097632
241 251 0.499612
241 341 -1.300363
242 243 0.944748
242 252 0.765795
242 342 -0.855454
243 244 0.090027
243 253 0.094833
243 343 1.304701
244 245 -0.521368
244 254 -1.135700
244 344 -1.056460
245 246 -0.424466
245 255 -0.153151
245 345 1.299054
246 247 0.432530
246 256 0.684388
246 346 -1.046986
247 248 -0.326752
247 257 0.507466
247 347 0.530157
248 249 0.899493
248 258 0.651220
248 348 0.738607
249 240 0.481946
249 259 0.207312
249 349 2.356586
250 251 -0.419431
250 260 -1.030479
250 350 -0.261958
251 252 1.100593
251 261 -0.439962
251 351 0.472804
252 253 1.323084
252 262 1.945939
252 352 1.594149
253 254 -0.344978
253 263 0.082473
253 353 1.865664
254 255 0.690739
254 264 -0.645511
254 354 -0.103832
255 256 0.930985
255 265 -0.298571
255 355 -1.254586
256 257 1.639072
256 266 0.287623
256 356 1.442332
257 258 -0.251991
257 267 -0.439951
257 357 -0.369008
258 259 -0.167059
258 268 1.716408
258 358 1.034390
259 250 -1.053645
259 269 -0.577615
259 359 -0.074788
260 261 -0.541811
260 270 0.995038
260 360 0.434188
261 262 0.110229
261 271 1.405510
261 361 -1.237889
262 263 0.255979
262 272 0.101105
262 362 0.629873
263 264 0.271567
263 273 2.170702
263 363 0.700304
264 265 0.527188
264 274 -0.150284
264 364 -0.321121
265 266 -0.616578
265 275 0.902660
265 365 1.814737
266 267 0.090467
266 276 1.484716
266 366 -0.069336
267 268 -1.311055
267 277 -1.749716
267 367 -0.737930
268 269 -0.449968
268 278 1.502737
268 368 0.146323
269 260 0.109682
269 279 0.681294
269 369 -0.586838
270 271 0.837271
270 280 -0.530066
270 370 0.906483
271 272 -2.415104
271 281 1.789062
271 371 -0.492737
272 273 -0.487085
272 282 -0.438057
272 372 1.262242
273 274 -1.337260
273 283 -0.212340
273 373 0.863340
274 275 0.209967
274 284 0.360835
274 374 0.719395
275 276 -0.571169
275 285 -1.106261
275 375 1.267336
276 277 1.994602
276 286 -2.200574
276 376 -0.982526
277 278 -2.557114
277 287 1.117352
277 377 1.539860
278 279 0.261292
278 288 -0.766547
278 378 1.235001
279 270 0.402587
279 289 -0.332639
279 379 0.191250
280 281 -0.775016
280 290 -1.016337
280 380 0.728171
281 282 0.226715
281 291 -0.187790
281 381 -0.475415
282 283 -1.343669
282 292 -0.573548
282 382 0.052892
283 284 1.275513
283 293 -1.885548
283 383 1.702202
284 285 0.525543
284 294 1.930612
284 384 1.597285
285 286 1.085970
285 295 0.961888
285 385 -0.192200
286 287 1.353617
286 296 -0.305969
286 386 0.658814
287 288 -0.565247
287 297 -0.524430
287 387 -1.494454
288 289 -0.246535
288 298 -0.343442
288 388 0.623578
289 280 -1.237638
289 299 0.801063
289 389 1.115050
290 291 -0.466203
290 200 -1.526427
290 390 -0.647939
291 292 1.031963
291 201 0.940681
291 391 -0.061159
292 293 -0.476106
292 202 -0.740035
292 392 0.065239
293 294 -0.377559
293 203 1.101558
293 393 0.052790
294 295 0.772510
294 204 0.893950
294 394 0.677467
295 296 0.211035
295 205 1.080096
295 395 1.080535
296 297 -0.441929
296 206 2.172684
296 396 1.526620
297 298 0.039670
297 207 2.809774
297 397 0.335444
298 299 -0.383407
298 208 2.147074
298 398 -1.674280
299 290 1.727356
299 209 0.533835
299 399 -0.637813
300 301 -1.235253
300 310 -0.422059
300 400 -0.486143
301 302 -0.151001
301 311 0.820850
301 401 -0.262643
302 303 -1.043277
302 312 -0.046084
302 402 0.102352
303 304 1.780689
303 313 -0.535576
303 403 0.812995
304 305 0.247424
304 314 0.518373
304 404 -0.244603
305 306 -1.153941
305 315 0.689839
305 405 -0.444302
306 307 -2.095167
306 316 -0.012622
306 406 0.052158
307 308 -0.012961
307 317 -0.732677
307 407 -0.390209
308 309 0.829647
308 318 1.436263
308 408 0.524622
309 300 0.977468
309 319 -0.799163
309 409 -0.028412
310 311 0.078328
310 320 0.785803
310 410 -1.877715
311 312 0.531169
311 321 0.693158
311 411 0.667420
312 313 1.478444
312 322 -0.119614
312 412 0.818585
313 314 1.956126
313 323 -2.013333
313 413 0.175353
314 315 0.402820
314 324 0.262295
314 414 0.059105
315 316 0.732120
315 325 -0.422734
315 415 -0.128605
316 317 1.558607
316 326 -1.295918
316 416 -2.128987
317 318 0.577484
317 327 -0.345228
317 417 -1.010274
318 319 0.484209
318 328 -0.040274
318 418 0.517196
319 310 -1.744352
319 329 -0.910334
319 419 -0.556406
320 321 0.995963
320 330 -1.218356
320 420 -0.885172
321 322 1.991286
321 331 0.040557
321 421 1.945347
322 323 -0.674491
322 332 0.241435
322 422 -1.990627
323 324 -2.398789
323 333 0.189231
323 423 -0.074412
324 325 -0.335762
324 334 0.299842
324 424 0.100915
325 326 -0.558764
325 335 0.004127
325 425 0.663340
326 327 -0.302282
326 336 0.677485
326 426 1.200029
327 328 0.306062
327 337 -0.874339
327 427 -0.003404
328 329 0.286200
328 338 0.929502
328 428 -0.684783
329 320 -2.196083
329 339 -1.469425
329 429 0.245568
330 331 0.548462
330 340 2.158490
330 430 0.325583
331 332 0.757261
331 341 0.330749
331 431 -0.744024
332 333 -0.424874
332 342 1.881099
332 432 2.050608
333 334 1.343667
333 343 1.805355
333 433 -0.317008
334 335 -0.650734
334 344 -0.542343
334 434 -0.496610
335 336 -0.312718
335 345 -0.543874
335 435 0.832359
336 337 0.609264
336 346 -0.572615
336 436 -1.311494
337 338 -0.799442
337 347 -0.032201
337 437 0.609787
338 339 1.081623
338 348 1.124206
338 438 0.132473
339 330 1.499339
339 349 0.380680
339 439 0.124122
340 341 0.786184
340 350 -0.707658
340 440 -2.018939
341 342 0.575817
341 351 -0.092209
341 441 0.177013
342 343 -0.942630
342 352 -0.191203
342 442 -0.659202
343 344 0.790820
343 353 0.681501
343 443 0.793735
344 345 -1.557562
344 354 0.297106
344 444 -0.001399
345 346 -0.873558
345 355 -0.096334
345 445 -0.833461
346 347 0.369782
346 356 1.561155
346 446 0.290704
347 348 0.160065
347 357 -0.337938
347 447 0.401748
348 349 0.136645
348 358 1.006946
348 448 0.343138
349 340 -0.138968
349 359 0.094904
349 449 -0.068723
350 351 -0.704332
350 360 -1.712353
350 450 -0.347969
351 352 1.067841
351 361 -2.588578
351 451 -0.734544
352 353 -0.323435
352 362 1.204282
352 452 -1.922717
353 354 -0.184070
353 363 0.545129
353 453 1.108060
354 355 -1.176456
354 364 0.811968
354 454 -0.246458
355 356 0.589246
355 365 0.179797
355 455 0.140571
356 357 -1.347053
356 366 -0.124240
356 456 0.341555
357 358 2.244996
357 367 -0.465700
357 457 -0.805617
358 359 0.352994
358 368 0.838310
358 458 -2.282919
359 350 0.183266
359 369 2.508957
359 459 0.134130
360 361 -0.842070
360 370 -1.106449
360 460 -2.489068
361 362 -0.672724
361 371 0.896404
361 461 -2.150878
362 363 -1.218334
362 372 -1.475794
362 462 1.467840
363 364 -0.945402
363 373 -0.346695
363 463 0.410421
364 365 -0.850619
364 374 -0.312971
364 464 0.174865
365 366 0.087295
365 375 1.256681
365 465 0.386214
366 367 -0.891846
366 376 2.621189
366 466 0.687571
367 368 -0.842487
367 377 1.207772
367 467 -0.822324
368 369 0.215385
368 378 -1.102343
368 468 1.055802
369 360 -0.591257
369 379 1.344158
369 469 0.070266
370 371 0.019028
370 380 1.136679
370 470 -1.511503
371 372 0.848242
371 381 0.635750
371 471 -0.728639
372 373 0.512284
372 382 -0.100848
372 472 2.462549
373 374 1.404808
373 383 -0.896302
373 473 -0.235618
374 375 0.084715
374 384 -0.062092
374 474 -0.499466
375 376 1.325799
375 385 -0.898833
375 475 -0.088539
376 377 1.349049
376 386 -0.823300
376 476 0.108540
377 378 -0.808219
377 387 0.359478
377 477 -1.675599
378 379 0.638388
378 388 1.055994
378 478 -0.423506
379 370 -0.638930
379 389 0.870671
379 479 -0.694334
380 381 0.144131
380 390 0.623498
380 480 -1.323416
381 382 -0.678082
381 391 -0.759257
381 481 2.570632
382 383 -1.715855
382 392 -0.949357
382 482 -0.236975
383 384 0.966926
383 393 1.329780
383 483 0.354178
384 385 -1.034491
384 394 0.404728
384 484 0.714097
385 386 0.324919
385 395 0.417437
385 485 0.396308
386 387 -0.783783
386 396 -1.719533
386 486 -0.529422
387 388 -0.058062
387 397 -0.140121
387 487 0.010368
388 389 0.454809
388 398 -0.911655
388 488 1.803327
389 380 1.053730
389 399 -0.142000
389 489 -0.231765
390 391 0.957426
390 300 0.629229
390 490 1.126216
391 392 -0.370374
391 301 0.459682
391 491 0.719372
392 393 0.317415
392 302 -0.139155
392 492 -0.858870
393 394 0.717101
393 303 0.675274
393 493 -0.270184
394 395 0.512387
394 304 -0.220774
394 494 -1.233171
395 396 0.595117
395 305 0.699215
395 495 -0.505630
396 397 -1.448376
396 306 0.670285
396 496 0.587937
397 398 1.407077
397 307 -0.363728
397 497 0.877873
398 399 1.006864
398 308 0.079370
398 498 1.117139
399 390 0.576548
399 309 -0.845195
399 499 -1.410903
400 401 -0.335687
400 410 0.486693
400 500 -1.017105
401 402 -0.192064
401 411 -0.355370
401 501 1.878630
402 403 1.722974
402 412 -0.852575
402 502 1.093784
403 404 0.918945
403 413 -2.395209
403 503 -0.801417
404 405 -1.458702
404 414 -0.919715
404 504 -0.565525
405 406 -0.237849
405 415 -0.962624
405 505 1.768120
406 407 -0.453137
406 416 -0.155993
406 506 -0.718698
407 408 -0.466306
407 417 0.523152
407 507 -0.817425
408 409 1.392772
408 418 -0.943280
408 508 0.794497
409 400 1.609160
409 419 0.241605
409 509 0.485829
410 411 0.903393
410 420 -0.652483
410 510 0.181065
411 412 0.277975
411 421 -0.908156
411 511 -1.188645
412 413 -1.138556
412 422 -0.933344
412 512 -0.457336
413 414 -0.324478
413 423 2.095053
413 513 -1.105045
414 415 -0.567769
414 424 0.757008
414 514 0.686742
415 416 -0.384823
415 425 -1.687133
415 515 -0.848498
416 417 1.070952
416 426 0.926601
416 516 -1.411925
417 418 2.867141
417 427 -2.138348
417 517 -0.631508
418 419 0.764083
418 428 0.470160
418 518 -0.281627
419 410 2.396637
419 429 -0.222577
419 519 -0.578163
420 421 -0.769941
420 430 1.138522
420 520 2.321134
421 422 -0.280741
421 431 -0.017161
421 521 1.485489
422 423 0.364959
422 432 0.803851
422 522 0.605900
423 424 1.268052
423 433 -0.750702
423 523 0.886050
424 425 -2.923080
424 434 -1.413309
424 524 -0.962466
425 426 0.301440
425 435 0.556663
425 525 0.486732
426 427 1.891045
426 436 1.546340
426 526 0.603573
427 428 -0.061342
427 437 0.685238
427 527 -0.093854
428 429 0.993865
428 438 0.839282
428 528 -0.846027
429 420 0.052220
429 439 0.463860
429 529 -0.331865
430 431 -1.018614
430 440 -0.154408
430 530 -1.037586
431 432 1.438065
431 441 -1.310481
431 531 0.945549
432 433 -1.634906
432 442 -0.663809
432 532 0.229370
433 434 -0.351821
433 443 -2.385544
433 533 -2.081160
434 435 2.307263
434 444 -0.200425
434 534 -0.377485
435 436 -0.335030
435 445 0.079009
435 535 2.070060
436 437 -0.043044
436 446 1.486358
436 536 -1.539750
437 438 0.484209
437 447 0.861535
437 537 -0.237758
438 439 -0.743799
438 448 0.942787
438 538 0.471718
439 430 0.689408
439 449 1.017169
439 539 -1.847905
440 441 -0.274664
440 450 -0.308789
440 540 -0.859919
441 442 0.052434
441 451 -0.189826
441 541 -1.856833
442 443 -1.615239
442 452 -1.405498
442 542 -0.903866
443 444 1.287847
443 453 0.197572
443 543 -1.051493
444 445 2.382301
444 454 1.115579
444 544 0.349262
445 446 -0.995311
445 455 0.222927
445 545 1.715918
446 447 0.079254
446 456 -1.642643
446 546 1.080706
447 448 0.433073
447 457 -0.140260
447 547 -1.749572
448 449 -0.098871
448 458 0.783306
448 548 0.340049
449 440 0.007487
449 459 -0.633759
449 549 -0.582349
450 451 0.719364
450 460 1.599501
450 550 0.158866
451 452 -0.879339
451 461 1.276195
451 551 1.953692
452 453 -0.395795
452 462 -0.557964
452 552 0.075846
453 454 -0.733838
453 463 1.560996
453 553 -0.957686
454 455 1.042565
454 464 -1.559435
454 554 0.143474
455 456 -0.611838
455 465 -0.523539
455 555 0.366080
456 457 -1.391079
456 466 -0.592944
456 556 0.366597
457 458 -0.285896
457 467 -0.099169
457 557 0.581355
458 459 0.675724
458 468 -0.224362
458 558 0.931923
459 450 0.476584
459 469 -0.822301
459 559 -1.852188
460 461 1.250596
460 470 -0.120909
460 560 -0.610698
461 462 -1.034443
461 471 0.085068
461 561 -0.378494
462 463 -0.715304
462 472 -1.866282
462 562 -0.851731
463 464 -1.061116
463 473 1.968766
463 563 1.836823
464 465 0.682594
464 474 -0.323396
464 564 -1.018663
465 466 0.277280
465 475 -0.006301
465 565 0.183281
466 467 -1.243056
466 476 -0.193793
466 566 -0.280007
467 468 1.810686
467 477 -0.559743
467 567 0.819580
468 469 1.015615
468 478 -1.356485
468 568 -0.048469
469 460 1.653058
469 479 -1.721936
469 569 -1.710898
470 471 1.113507
470 480 1.300245
470 570 2.500072
471 472 -0.062410
471 481 -1.335319
471 571 -0.005524
472 473 -0.977024
472 482 0.486641
472 572 0.978773
473 474 -0.737873
473 483 -0.063619
473 573 -1.432944
474 475 0.628519
474 484 0.257329
474 574 -0.524413
475 476 -1.854396
475 485 -1.797165
475 575 -1.736321
476 477 0.868742
476 486 0.711732
476 576 -0.474542
477 478 -0.566903
477 487 -0.935556
477 577 0.941146
478 479 1.821814
478 488 -0.722234
478 578 -1.547274
479 470 -0.521133
479 489 -0.006116
479 579 -0.665026
480 481 1.179006
480 490 1.419306
480 580 0.094754
481 482 1.606168
481 491 -0.876532
481 581 0.358307
482 483 0.042859
482 492 0.073061
482 582 -1.957594
483 484 0.577182
483 493 0.933212
483 583 -0.361979
484 485 1.413140
484 494 -1.316390
484 584 -1.718595
485 486 1.214564
485 495 -1.112483
485 585 1.874470
486 487 0.267457
486 496 0.039449
486 586 1.151068
487 488 2.033702
487 497 -1.062789
487 587 2.017667
488 489 2.329192
488 498 1.443562
488 588 -0.495032
489 480 0.688640
489 499 0.999423
489 589 -0.726529
490 491 2.183008
490 400 -0.469422
490 590 -0.647055
491 492 0.373484
491 401 -2.683263
491 591 -0.386837
492 493 -1.057119
492 402 0.446237
492 592 0.931403
493 494 0.752920
493 403 -0.052865
493 593 -0.197322
494 495 1.049641
494 404 0.184896
494 594 0.260349
495 496 -0.410121
495 405 -0.832629
495 595 0.173311
496 497 -0.174046
496 406 0.371968
496 596 0.385583
497 498 1.088973
497 407 -1.086196
497 597 -0.540231
498 499 1.189293
498 408 0.405461
498 598 -1.201283
499 490 -0.760703
499 409 -2.572164
499 599 -0.428137
500 501 0.563128
500 510 0.878211
500 600 1.400019
501 502 1.055339
501 511 0.387001
501 601 -0.367203
502 503 -0.414329
502 512 -0.743004
502 602 1.911803
503 504 0.961401
503 513 -0.627186
503 603 -0.566401
504 505 1.121134
504 514 0.364327
504 604 -1.300219
505 506 1.134071
505 515 -1.051112
505 605 -0.352780
506 507 1.436263
506 516 0.216404
506 606 -0.959853
507 508 0.058886
507 517 -0.401815
507 607 -0.529777
508 509 -0.385224
508 518 -2.021186
508 608 0.556725
509 500 0.333390
509 519 0.126689
509 609 -1.655948
510 511 -0.681836
510 520 -0.530276
510 610 1.139714
511 512 0.230099
511 521 0.634956
511 611 0.210013
512 513 0.890761
512 522 -0.068201
512 612 0.549472
513 514 1.956901
513 523 0.126594
513 613 1.727855
514 515 -0.379851
514 524 -0.609139
514 614 -0.388396
515 516 -0.090368
515 525 -0.705516
515 615 -0.626270
516 517 -1.700803
516 526 -1.405377
516 616 -2.037511
517 518 -0.937941
517 527 -0.469019
517 617 0.196762
518 519 -0.396325
518 528 1.183321
518 618 1.345467
519 510 0.057101
519 529 -1.420301
519 619 0.987397
520 521 0.390909
520 530 0.510845
520 620 0.146681
521 522 0.007277
521 531 -2.954939
521 621 1.014111
522 523 0.863738
522 532 -0.581318
522 622 -0.118828
523 524 -0.411354
523 533 -1.765056
523 623 -0.247329
524 525 0.061502
524 534 -0.992261
524 624 0.456467
525 526 -0.686764
525 535 0.672116
525 625 0.911675
526 527 1.092352
526 536 -1.267273
526 626 0.782012
527 528 -0.167626
527 537 1.536075
527 627 -0.079982
528 529 -0.225898
528 538 -0.753346
528 628 0.903392
529 520 -0.838775
529 539 0.431881
529 629 0.411370
530 531 -0.792882
530 540 -1.722345
530 630 0.155344
531 532 -3.171122
531 541 1.074112
531 631 -0.182022
532 533 -0.515923
532 542 0.765925
532 632 -0.135194
533 534 -0.699085
533 543 -0.310535
533 633 -0.477721
534 535 1.737957
534 544 0.315593
534 634 0.596416
535 536 -0.420451
535 545 0.994381
535 635 2.165430
536 537 -0.457385
536 546 1.371423
536 636 0.076535
537 538 -0.479423
537 547 -0.361241
537 637 1.410461
538 539 0.558828
538 548 -0.189774
538 638 0.011959
539 530 -0.119748
539 549 -1.585651
539 639 -0.007584
540 541 1.006912
540 550 -1.085695
540 640 1.696905
541 542 -0.327641
541 551 2.087101
541 641 -1.116926
542 543 -1.968592
542 552 0.950024
542 642 0.700023
543 544 1.501918
543 553 -0.043281
543 643 0.211793
544 545 -1.813518
544 554 -1.605682
544 644 0.454744
545 546 0.379189
545 555 -1.663010
545 645 2.271576
546 547 -0.114756
546 556 -1.279799
546 646 0.603795
547 548 0.934912
547 557 0.822090
547 647 0.653484
548 549 -0.801847
548 558 -0.133244
548 648 -1.470927
549 540 0.113205
549 559 0.864161
549 649 -1.171201
550 551 0.817980
550 560 -1.837485
550 650 1.317554
551 552 -0.176002
551 561 -0.773573
551 651 -0.417695
552 553 -1.598191
552 562 -1.956573
552 652 0.601340
553 554 -0.852857
553 563 1.226159
553 653 -0.044723
554 555 0.660214
554 564 0.189919
554 654 -0.804541
555 556 1.610132
555 565 -0.081079
555 655 -0.841267
556 557 0.012940
556 566 -1.057742
556 656 -0.584404
557 558 -0.623370
557 567 -0.113573
557 657 0.227683
558 559 1.256677
558 568 0.159683
558 658 0.638690
559 550 0.989770
559 569 1.498212
559 659 -0.407169
560 561 -0.924970
560 570 0.133255
560 660 0.908345
561 562 -1.673948
561 571 -0.067999
561 661 -1.994928
562 563 -0.005274
562 572 -0.042153
562 662 -1.971795
563 564 0.868720
563 573 1.104181
563 663 -1.345485
564 565 -1.529631
564 574 0.581577
564 664 1.137492
565 566 0.058743
565 575 1.127413
565 665 2.035218
566 567 -0.865393
566 576 -0.175809
566 666 -1.436469
567 568 -1.202534
567 577 -0.337097
567 667 -0.468252
568 569 1.734630
568 578 -1.265521
568 668 -0.525634
569 560 1.351173
569 579 0.770975
569 669 -1.169116
570 571 0.245223
570 580 -0.991035
570 670 -0.675371
571 572 0.886002
571 581 -2.038861
571 671 -0.359651
572 573 0.442286
572 582 -0.264061
572 672 -0.136405
573 574 0.837242
573 583 1.600916
573 673 1.491328
574 575 0.712592
574 584 -0.967366
574 674 0.863516
575 576 0.046354
575 585 -1.339158
575 675 -0.174311
576 577 0.459060
576 586 -0.208984
576 676 0.586666
577 578 -0.879742
577 587 -1.575987
577 677 1.377035
578 579 -0.047132
578 588 0.217284
578 678 -2.104971
579 570 1.566732
579 589 -0.026767
579 679 -0.532061
580 581 0.027329
580 590 1.036416
580 680 -0.882960
581 582 -0.405033
581 591 0.625895
581 681 -0.019666
582 583 0.182223
582 592 0.973571
582 682 0.190255
583 584 -0.126124
583 593 -0.077429
583 683 -1.707145
584 585 1.208143
584 594 0.078977
584 684 0.096747
585 586 -0.387839
585 595 0.823816
585 685 0.004046
586 587 2.887251
586 596 -1.845735
586 686 -0.672315
587 588 0.562295
587 597 2.616628
587 687 -0.719308
588 589 0.734781
588 598 -1.178325
588 688 -0.825985
589 580 -0.121969
589 599 -1.035020
589 689 0.667878
590 591 1.175494
590 500 -1.936576
590 690 0.970251
591 592 -0.182839
591 501 -0.544537
591 691 -0.949459
592 593 -0.843339
592 502 -0.249590
592 692 0.978410
593 594 -0.969053
593 503 0.313555
593 693 0.002162
594 595 -1.254696
594 504 1.363833
594 694 -1.068684
595 596 -0.186556
595 505 -0.121931
595 695 1.422477
596 597 -0.155580
596 506 0.000619
596 696 -0.258713
597 598 -0.068855
597 507 -1.546941
597 697 -0.124139
598 599 -0.737681
598 508 1.496854
598 698 -1.051729
599 590 -1.105133
599 509 0.849303
599 699 0.033392
600 601 1.783678
600 610 -0.631384
600 700 0.503670
601 602 0.968074
601 611 -0.018207
601 701 -1.360337
602 603 -0.626595
602 612 -0.806808
602 702 -0.045828
603 604 0.840073
603 613 0.394252
603 703 -0.227299
604 605 -1.919658
604 614 0.384315
604 704 -0.640335
605 606 -1.301619
605 615 -0.204207
605 705 -1.238327
606 607 0.911208
606 616 -1.142176
606 706 -1.007968
607 608 1.497509
607 617 -0.979713
607 707 -1.484397
608 609 0.461969
608 618 1.912417
608 708 -0.277834
609 600 1.562246
609 619 -1.681536
609 709 -0.505830
610 611 1.927816
610 620 1.826264
610 710 -0.296796
611 612 0.950826
611 621 2.349321
611 711 -0.153508
612 613 1.635659
612 622 -1.082084
612 712 0.252761
613 614 -0.144893
613 623 0.032713
613 713 2.225417
614 615 -0.413890
614 624 0.278163
614 714 1.271514
615 616 0.839208
615 625 0.636602
615 715 1.067436
616 617 0.014769
616 626 0.843754
616 716 -1.725400
617 618 -0.271708
617 627 0.314085
617 717 -0.922575
618 619 -0.509321
618 628 1.087219
618 718 -0.634169
619 610 -1.761136
619 629 -1.265512
619 719 0.652487
620 621 0.829854
620 630 -0.905771
620 720 -1.519669
621 622 1.051605
621 631 1.610596
621 721 0.321469
622 623 1.377119
622 632 -0.882862
622 722 -1.213423
623 624 -0.586284
623 633 1.459051
623 723 -1.004906
624 625 0.313867
624 634 0.351973
624 724 1.511886
625 626 0.659995
625 635 0.695312
625 725 -0.673362
626 627 0.868479
626 636 -0.008488
626 726 -0.082353
627 628 0.299185
627 637 -0.348702
627 727 1.809684
628 629 0.670927
628 638 -0.708781
628 728 1.087588
629 620 0.441813
629 639 -1.507297
629 729 0.972582
630 631 0.756031
630 640 -0.030425
630 730 -0.089168
631 632 -0.094629
631 641 -0.170201
631 731 0.138647
632 633 0.861885
632 642 -1.158341
632 732 -0.380516
633 634 -1.522974
633 643 -0.590277
633 733 0.593915
634 635 1.755247
634 644 0.380688
634 734 -1.760237
635 636 0.720414
635 645 0.112744
635 735 -0.386563
636 637 -0.702918
636 646 1.121420
636 736 1.398167
637 638 -0.727497
637 647 0.601450
637 737 -0.114393
638 639 -0.999287
638 648 0.157777
638 738 0.310504
639 630 0.691896
639 649 -0.985095
639 739 -0.627054
640 641 -0.017525
640 650 -1.075005
640 740 -0.180198
641 642 -0.060056
641 651 -1.160597
641 741 0.316716
642 643 -0.841635
642 652 0.023539
642 742 -0.593947
643 644 -0.987530
643 653 0.459996
643 743 -0.837175
644 645 0.543191
644 654 -0.615499
644 744 -0.836990
645 646 -0.253049
645 655 -0.514628
645 745 -0.150920
646 647 -1.361692
646 656 -0.000453
646 746 1.513581
647 648 0.639016
647 657 0.576500
647 747 1.353923
648 649 0.690696
648 658 0.930857
648 748 -1.213632
649 640 0.383231
649 659 0.302127
649 749 0.128222
650 651 -0.497585
650 660 -0.701219
650 750 -1.981471
651 652 -0.840929
651 661 0.982954
651 751 -2.342316
652 653 0.441885
652 662 -0.923170
652 752 2.384216
653 654 0.463887
653 663 1.121904
653 753 -0.238397
654 655 -0.269557
654 664 0.692303
654 754 -3.084461
655 656 -1.169718
655 665 0.978581
655 755 2.128287
656 657 -0.554550
656 666 -0.758120
656 756 0.544136
657 658 0.792560
657 667 -1.641739
657 757 -0.725705
658 659 0.723493
658 668 -0.032063
658 758 0.609589
659 650 0.614571
659 669 0.010308
659 759 -0.022654
660 661 -0.827147
660 670 -0.933753
660 760 -0.698150
661 662 0.519075
661 671 -0.942361
661 761 -0.293058
662 663 0.352599
662 672 0.857353
662 762 -0.954590
663 664 -0.206786
663 673 0.372921
663 763 -0.291517
664 665 0.381531
664 674 0.348504
664 764 -0.902025
665 666 -0.970620
665 675 -1.492689
665 765 1.547912
666 667 0.827797
666 676 -0.687494
666 766 -2.206445
667 668 0.672592
667 677 -0.736607
667 767 -0.426843
668 669 -1.435850
668 678 2.056732
668 768 -0.550160
669 660 -0.265729
669 679 0.035765
669 769 0.128212
670 671 -0.173126
670 680 -0.736606
670 770 0.005761
671 672 0.322820
671 681 -0.191285
671 771 -0.732376
672 673 -0.066951
672 682 0.448619
672 772 -0.941725
673 674 0.391933
673 683 0.043812
673 773 -1.539888
674 675 -0.248684
674 684 -1.017039
674 774 -0.722900
675 676 -0.369873
675 685 -1.192528
675 775 -0.431498
676 677 0.478088
676 686 0.394255
676 776 1.424262
677 678 -0.286821
677 687 -0.061074
677 777 -1.376912
678 679 1.346714
678 688 0.291734
678 778 0.280239
679 670 0.205634
679 689 0.086426
679 779 -0.805108
680 681 -0.344365
680 690 -0.602335
680 780 -0.542262
681 682 -0.943101
681 691 -2.542164
681 781 -0.054229
682 683 0.985823
682 692 1.056380
682 782 -0.549986
683 684 1.839894
683 693 0.810464
683 783 -0.038503
684 685 0.139969
684 694 -1.258448
684 784 -0.650001
685 686 1.199151
685 695 -0.043180
685 785 -0.596795
686 687 0.548758
686 696 -0.423085
686 786 -1.613561
687 688 -1.166681
687 697 -1.395639
687 787 2.867633
688 689 -1.608337
688 698 -0.129559
688 788 -0.151571
689 680 0.858012
689 699 -0.412661
689 789 0.882179
690 691 -0.028507
690 600 1.735318
690 790 -0.128423
691 692 1.384829
691 601 -0.275480
691 791 -0.019657
692 693 0.758061
692 602 0.481798
692 792 1.414719
693 694 -0.310129
693 603 1.215847
693 793 -0.127934
694 695 1.229116
694 604 -0.475147
694 794 -1.208787
695 696 -0.748958
695 605 0.361072
695 795 0.848543
696 697 0.287587
696 606 -0.561423
696 796 -0.948514
697 698 0.040143
697 607 0.896268
697 797 -0.375255
698 699 -1.116546
698 608 -1.175174
698 798 0.126905
699 690 0.325939
699 609 -0.775206
699 799 0.069658
700 701 0.629721
700 710 -0.011960
700 800 -0.459470
701 702 2.258229
701 711 0.173747
701 801 -0.513504
702 703 0.068454
702 712 -0.734751
702 802 2.133493
703 704 -0.999377
703 713 0.151259
703 803 0.267721
704 705 0.299625
704 714 2.845111
704 804 0.121278
705 706 -0.573326
705 715 1.017344
705 805 -1.143321
706 707 0.332077
706 716 -1.425608
706 806 0.600508
707 708 -0.558410
707 717 0.147697
707 807 -0.222968
708 709 0.635447
708 718 1.015963
708 808 1.651626
709 700 0.244894
709 719 -1.100845
709 809 0.453879
710 711 0.310051
710 720 0.460340
710 810 0.627357
711 712 0.423544
711 721 -0.791580
711 811 -1.125132
712 713 -0.337098
712 722 -0.706349
712 812 0.443755
713 714 -0.089674
713 723 -1.445796
713 813 -2.276990
714 715 -0.502415
714 724 -1.058796
714 814 2.171282
715 716 -0.189839
715 725 -1.094982
715 815 -1.340212
716 717 -0.437130
716 726 0.332961
716 816 0.350201
717 718 0.849011
717 727 2.114071
717 817 -0.052531
718 719 -1.510639
718 728 -1.538956
718 818 0.568865
719 710 0.927322
719 729 0.885776
719 819 -1.831053
720 721 -0.236559
720 730 -2.083895
720 820 1.567636
721 722 1.388378
721 731 0.784639
721 821 -0.656047
722 723 -0.880466
722 732 0.399884
722 822 -1.452487
723 724 2.192387
723 733 0.228041
723 823 0.137741
724 725 1.103258
724 734 -1.120382
724 824 0.731906
725 726 1.635799
725 735 -0.835655
725 825 0.007371
726 727 0.937157
726 736 -0.976066
726 826 -1.451555
727 728 -0.606490
727 737 0.555300
727 827 -1.407486
728 729 0.335505
728 738 0.523153
728 828 0.860900
729 720 2.391466
729 739 0.675320
729 829 -1.144937
730 731 -0.930945
730 740 0.501189
730 830 0.706061
731 732 0.697739
731 741 0.605846
731 831 -0.520552
732 733 0.449388
732 742 -1.180044
732 832 -0.417414
733 734 0.362582
733 743 -0.686950
733 833 0.010169
734 735 -0.478003
734 744 -2.143067
734 834 1.068865
735 736 0.056638
735 745 -0.198537
735 835 0.874528
736 737 0.483178
736 746 -0.023233
736 836 1.329487
737 738 -0.853012
737 747 -1.338698
737 837 0.479007
738 739 -0.942435
738 748 0.384536
738 838 -0.841540
739 730 -1.421028
739 749 0.528122
739 839 -0.597849
740 741 0.091656
740 750 1.396899
740 840 1.298546
741 742 -0.286551
741 751 -2.067084
741 841 0.505304
742 743 0.520899
742 752 -1.665503
742 842 -0.314496
743 744 0.087143
743 753 -0.692309
743 843 1.288877
744 745 1.431495
744 754 -0.871976
744 844 1.934843
745 746 0.823528
745 755 0.994025
745 845 -0.044969
746 747 -0.966348
746 756 0.664958
746 846 -0.777938
747 748 1.110331
747 757 -0.469212
747 847 0.190267
748 749 0.765987
748 758 -1.728206
748 848 0.523921
749 740 1.286979
749 759 -0.619692
749 849 0.087934
750 751 0.107391
750 760 -0.513132
750 850 0.424703
751 752 0.798026
751 761 -1.473724
751 851 1.708390
752 753 1.366769
752 762 -0.836879
752 852 -0.478419
753 754 0.507796
753 763 0.004203
753 853 0.152266
754 755 0.309840
754 764 0.408196
754 854 0.517366
755 756 2.048574
755 765 0.440044
755 855 -0.551685
756 757 2.542584
756 766 -0.857341
756 856 1.588889
757 758 -1.303470
757 767 1.124345
757 857 0.148594
758 759 1.088163
758 768 0.965866
758 858 0.686466
759 750 -1.745610
759 769 0.178936
759 859 -0.420811
760 761 -0.901608
760 770 0.420430
760 860 0.727611
761 762 -0.259080
761 771 0.925506
761 861 1.626363
762 763 0.842221
762 772 -0.118407
762 862 1.681380
763 764 -0.187931
763 773 0.765264
763 863 0.827855
764 765 0.512876
764 774 -0.332890
764 864 0.445602
765 766 -0.200912
765 775 0.232429
765 865 -1.577062
766 767 1.432183
766 776 0.532792
766 866 -0.419625
767 768 0.034309
767 777 -0.507913
767 867 -0.528918
768 769 0.178002
768 778 -0.309260
768 868 -1.124122
769 760 0.889980
769 779 0.176096
769 869 -1.019714
770 771 2.464038
770 780 0.656927
770 870 -0.006539
771 772 -0.102506
771 781 -0.665476
771 871 0.615384
772 773 1.492678
772 782 1.603482
772 872 0.237113
773 774 -2.014725
773 783 -1.364272
773 873 -0.573188
774 775 0.020223
774 784 1.120881
774 874 -1.581527
775 776 0.456433
775 785 0.059669
775 875 1.729947
776 777 -0.460679
776 786 0.140012
776 876 1.511374
777 778 -0.839823
777 787 0.968199
777 877 0.027957
778 779 0.373066
778 788 1.152694
778 878 -0.938413
779 770 1.139730
779 789 -0.665582
779 879 -1.456274
780 781 -0.730504
780 790 -0.619871
780 880 0.131236
781 782 0.031653
781 791 0.499802
781 881 0.722715
782 783 -0.995217
782 792 -0.679472
782 882 0.296330
783 784 1.344646
783 793 -0.272574
783 883 -0.718855
784 785 -0.203014
784 794 0.646993
784 884 0.102173
785 786 1.220750
785 795 -1.173171
785 885 -0.640949
786 787 -0.970624
786 796 -0.411199
786 886 -0.040637
787 788 0.375952
787 797 0.135788
787 887 1.748436
788 789 -0.275339
788 798 -1.373025
788 888 -1.138477
789 780 0.418229
789 799 -0.147565
789 889 0.174917
790 791 -0.764088
790 700 -1.075173
790 890 -0.557273
791 792 0.495314
791 701 0.476895
791 891 -0.295608
792 793 -0.495462
792 702 1.033749
792 892 1.098214
793 794 -1.622217
793 703 0.200364
793 893 -0.786437
794 795 1.339290
794 704 0.786182
794 894 0.332577
795 796 -1.430262
795 705 0.634664
795 895 1.143407
796 797 -0.189837
796 706 2.698282
796 896 -1.940485
797 798 0.966066
797 707 -0.244604
797 897 0.228236
798 799 -2.370862
798 708 -1.232194
798 898 -0.791446
799 790 1.856536
799 709 1.353580
799 899 0.048389
800 801 -0.146733
800 810 1.947358
800 900 -1.022878
801 802 -1.459033
801 811 -1.160194
801 901 -0.126763
802 803 0.284575
802 812 -0.257856
802 902 -0.618950
803 804 1.270619
803 813 -1.177575
803 903 -0.314757
804 805 -0.509171
804 814 1.763820
804 904 -1.050811
805 806 0.644273
805 815 -0.641994
805 905 1.045842
806 807 0.713395
806 816 -0.663475
806 906 -0.525462
807 808 0.198655
807 817 1.091028
807 907 0.461797
808 809 0.467749
808 818 -0.278096
808 908 0.857390
809 800 -0.372699
809 819 -0.009002
809 909 0.531849
810 811 1.338231
810 820 1.619307
810 910 -0.716619
811 812 -0.345687
811 821 0.213357
811 911 -0.296667
812 813 1.477041
812 822 -1.269672
812 912 0.784715
813 814 0.080764
813 823 -0.232692
813 913 0.590551
814 815 0.257739
814 824 0.044580
814 914 0.159840
815 816 -1.073334
815 825 -0.611201
815 915 -0.130779
816 817 0.593790
816 826 1.331441
816 916 0.496791
817 818 -1.638191
817 827 1.032973
817 917 0.461833
818 819 0.051049
818 828 0.098281
818 918 0.796449
819 810 -0.055539
819 829 -1.305087
819 919 1.848597
820 821 0.840775
820 830 -1.149432
820 920 -1.044744
821 822 -1.019647
821 831 0.239664
821 921 0.086620
822 823 0.133817
822 832 0.471112
822 922 1.383697
823 824 0.841740
823 833 1.490490
823 923 1.645297
824 825 1.287433
824 834 0.744040
824 924 -0.440497
825 826 1.421077
825 835 -0.078982
825 925 -2.754137
826 827 -0.298858
826 836 -0.684425
826 926 -1.965142
827 828 -0.616906
827 837 -0.364133
827 927 1.330269
828 829 -0.987609
828 838 0.199764
828 928 -1.528864
829 820 0.140915
829 839 -2.102965
829 929 -0.293357
830 831 -1.613592
830 840 1.844783
830 930 -0.131570
831 832 1.164295
831 841 -0.298697
831 931 0.153715
832 833 0.941936
832 842 -0.352126
832 932 -0.939179
833 834 1.358442
833 843 -0.386121
833 933 0.219155
834 835 -0.104451
834 844 -0.212222
834 934 -0.009841
835 836 -0.656208
835 845 -0.139139
835 935 -1.348171
836 837 0.764321
836 846 0.923429
836 936 -0.151582
837 838 0.569471
837 847 -0.715477
837 937 -1.198427
838 839 -0.626566
838 848 -0.690372
838 938 -0.982279
839 830 0.270592
839 849 -0.890290
839 939 -1.698509
840 841 -0.133179
840 850 0.373048
840 940 -0.205698
841 842 0.657357
841 851 0.266058
841 941 -1.502352
842 843 -0.003363
842 852 -0.253025
842 942 0.117439
843 844 -0.364954
843 853 -0.384525
843 943 0.864099
844 845 -0.893200
844 854 -0.724267
844 944 0.011354
845 846 0.376242
845 855 1.117902
845 945 -1.209127
846 847 1.047895
846 856 0.394308
846 946 -1.014383
847 848 0.010268
847 857 -0.813000
847 947 0.463840
848 849 0.054524
848 858 0.249907
848 948 -3.173716
849 840 0.251735
849 859 1.236301
849 949 0.258810
850 851 1.262467
850 860 -0.180543
850 950 0.466130
851 852 1.202432
851 861 -0.508933
851 951 -0.398912
852 853 0.690992
852 862 -0.232191
852 952 1.623889
853 854 -0.225519
853 863 -1.737382
853 953 -0.430037
854 855 -1.526627
854 864 -1.535756
854 954 0.864872
855 856 0.466654
855 865 -0.277387
855 955 0.806000
856 857 0.529807
856 866 0.418639
856 956 1.251954
857 858 0.960590
857 867 -0.727535
857 957 -0.566462
858 859 1.391765
858 868 1.611026
858 958 -0.295497
859 850 1.077745
859 869 -0.379746
859 959 0.187664
860 861 1.338191
860 870 -0.383441
860 960 -0.257327
861 862 1.054818
861 871 -1.475507
861 961 0.642454
862 863 0.460472
862 872 0.112491
862 962 0.045598
863 864 -1.143411
863 873 -0.987996
863 963 -0.664031
864 865 -0.811652
864 874 0.095772
864 964 -0.173053
865 866 1.401778
865 875 -1.706263
865 965 0.756737
866 867 -1.555211
866 876 -1.844756
866 966 -0.518124
867 868 -1.990337
867 877 -0.415421
867 967 0.283969
868 869 0.099536
868 878 1.674213
868 968 0.346292
869 860 0.977079
869 879 -0.455998
869 969 1.471560
870 871 2.013385
870 880 -0.166911
870 970 -0.560992
871 872 1.525748
871 881 -0.677900
871 971 -1.392904
872 873 0.970862
872 882 -0.573801
872 972 -1.266801
873 874 1.036335
873 883 0.158686
873 973 -0.347627
874 875 -0.138494
874 884 -0.552486
874 974 1.393856
875 876 -0.594688
875 885 -0.202351
875 975 -0.560994
876 877 1.964219
876 886 -0.681528
876 976 0.462300
877 878 0.917530
877 887 -1.198944
877 977 -0.209376
878 879 -0.733456
878 888 0.175897
878 978 1.714127
879 870 0.237389
879 889 0.949376
879 979 -1.203272
880 881 1.834088
880 890 -0.003482
880 980 1.272843
881 882 1.268668
881 891 -1.804556
881 981 -0.092708
882 883 0.767471
882 892 1.948479
882 982 -1.393824
883 884 1.039527
883 893 1.142919
883 983 0.311833
884 885 0.551362
884 894 -1.569469
884 984 0.989200
885 886 0.416510
885 895 0.357743
885 985 2.009572
886 887 -0.198355
886 896 -1.038817
886 986 -1.608534
887 888 -1.086310
887 897 -1.157321
887 987 0.188519
888 889 0.479998
888 898 0.237141
888 988 -0.360315
889 880 -0.006697
889 899 0.768877
889 989 -0.609263
890 891 0.738952
890 800 1.557108
890 990 -1.358821
891 892 0.050842
891 801 -1.309069
891 991 -0.861594
892 893 0.129052
892 802 0.698799
892 992 0.540190
893 894 0.743156
893 803 0.052707
893 993 -0.000730
894 895 -0.519833
894 804 0.950613
894 994 0.225803
895 896 -0.728646
895 805 1.783909
895 995 -1.051274
896 897 -0.382186
896 806 -0.759926
896 996 0.357485
897 898 -0.015222
897 807 -0.188263
897 997 0.134968
898 899 0.555272
898 808 -0.038141
898 998 -0.970168
899 890 1.409635
899 809 -1.751995
899 999 0.119126
900 901 1.934186
900 910 0.772376
900 0 -0.421542
901 902 2.213672
901 911 -0.713379
901 1 1.162456
902 903 -1.260282
902 912 1.291312
902 2 0.945419
903 904 -0.672845
903 913 -0.171938
903 3 0.474999
904 905 1.453196
904 914 1.328060
904 4 0.047075
905 906 -0.293547
905 915 -0.803512
905 5 1.158055
906 907 -0.391752
906 916 0.410751
906 6 0.156987
907 908 0.634542
907 917 -0.678264
907 7 0.686101
908 909 0.369406
908 918 0.553044
908 8 -1.167156
909 900 0.602717
909 919 -0.405193
909 9 2.445119
910 911 -1.182501
910 920 0.222248
910 10 1.068220
911 912 -0.095076
911 921 -0.316351
911 11 -0.965669
912 913 -0.849942
912 922 0.016375
912 12 1.145291
913 914 0.569625
913 923 0.459881
913 13 1.087451
914 915 -0.142160
914 924 0.289604
914 14 -0.423708
915 916 -0.970128
915 925 0.761483
915 15 0.132758
916 917 1.151308
916 926 0.821864
916 16 0.233556
917 918 0.873197
917 927 -0.168821
917 17 1.015861
918 919 -0.565601
918 928 0.302677
918 18 -1.125453
919 910 0.491917
919 929 -0.104076
919 19 -0.308922
920 921 0.263871
920 930 -1.384683
920 20 1.189040
921 922 0.030669
921 931 -1.042633
921 21 0.626587
922 923 -1.579717
922 932 -0.045808
922 22 -1.899328
923 924 0.968926
923 933 1.004640
923 23 0.649337
924 925 -1.545639
924 934 -1.856909
924 24 0.581075
925 926 1.646354
925 935 0.533283
925 25 0.110463
926 927 -0.761453
926 936 0.300148
926 26 0.030232
927 928 -0.040101
927 937 -0.109510
927 27 0.139811
928 929 -1.709365
928 938 -0.206117
928 28 0.781706
929 920 -0.153432
929 939 -1.015207
929 29 -0.581714
930 931 -0.148351
930 940 0.589382
930 30 -0.209781
931 932 -0.237430
931 941 -0.767934
931 31 -0.844348
932 933 0.924194
932 942 0.006111
932 32 -0.420357
933 934 -0.611113
933 943 0.973261
933 33 0.209209
934 935 -0.348438
934 944 -0.716017
934 34 -1.196455
935 936 -1.296934
935 945 1.641748
935 35 0.495001
936 937 0.705468
936 946 -0.965617
936 36 0.463859
937 938 0.634146
937 947 0.964476
937 37 -0.716429
938 939 1.651572
938 948 -0.458162
938 38 -0.848095
939 930 -0.027548
939 949 -0.744980
939 39 1.020686
940 941 -1.262149
940 950 -0.088841
940 40 0.574851
941 942 1.128191
941 951 0.222575
941 41 1.774414
942 943 1.616115
942 952 0.465300
942 42 0.354662
943 944 -0.177403
943 953 -0.141199
943 43 0.528710
944 945 1.366374
944 954 0.455278
944 44 0.392706
945 946 -1.029786
945 955 -0.196307
945 45 -1.849404
946 947 0.339176
946 956 0.787237
946 46 0.348332
947 948 -2.043826
947 957 0.141637
947 47 0.060077
948 949 0.055660
948 958 -0.357041
948 48 0.455098
949 940 -1.107621
949 959 -0.189855
949 49 1.026042
950 951 -1.585343
950 960 -0.185245
950 50 -0.745142
951 952 0.741028
951 961 1.392498
951 51 -1.840344
952 953 -1.364383
952 962 0.554516
952 52 0.160531
953 954 0.065922
953 963 0.017742
953 53 -2.064903
954 955 -1.284094
954 964 0.473008
954 54 -1.189763
955 956 -0.895452
955 965 0.198354
955 55 1.720135
956 957 -0.966554
956 966 0.638625
956 56 -0.241724
957 958 -2.057899
957 967 -0.746200
957 57 -0.701848
958 959 -2.148333
958 968 0.990721
958 58 0.941780
959 950 -1.268864
959 969 -0.026792
959 59 1.657874
960 961 0.524728
960 970 -0.058395
960 60 -0.936641
961 962 -0.528932
961 971 0.683655
961 61 -1.016575
962 963 -0.384057
962 972 0.073346
962 62 -1.325835
963 964 -1.720621
963 973 0.260137
963 63 -1.189901
964 965 -0.445923
964 974 -0.166407
964 64 -1.007499
965 966 -0.775995
965 975 -1.146307
965 65 0.517337
966 967 -1.330148
966 976 -0.210746
966 66 -0.069545
967 968 -0.111185
967 977 0.328679
967 67 -0.113351
968 969 2.288216
968 978 0.453099
968 68 -0.896490
969 960 -1.266244
969 979 0.879120
969 69 0.241739
970 971 0.899644
970 980 -0.898034
970 70 0.248358
971 972 0.090669
971 981 -0.879363
971 71 -0.730725
972 973 0.489163
972 982 0.721824
972 72 -0.652490
973 974 0.753906
973 983 1.345376
973 73 -0.020604
974 975 0.733568
974 984 -0.150077
974 74 0.544329
975 976 0.267812
975 985 -1.879749
975 75 -0.442354
976 977 0.096152
976 986 -0.300528
976 76 -0.489399
977 978 -0.704351
977 987 -1.481009
977 77 1.245495
978 979 -0.750855
978 988 1.440899
978 78 3.183508
979 970 -1.883363
979 989 -0.714624
979 79 3.055868
980 981 -0.377868
980 990 1.819309
980 80 0.503023
981 982 0.721101
981 991 -0.949545
981 81 -0.763982
982 983 -0.024328
982 992 -1.320375
982 82 -0.252784
983 984 0.876228
983 993 -1.068401
983 83 -0.437779
984 985 -1.039909
984 994 1.238819
984 84 -1.083682
985 986 0.806288
985 995 0.790545
985 85 0.816303
986 987 -2.421714
986 996 -1.732152
986 86 0.156451
987 988 -0.283025
987 997 -0.581162
987 87 -0.263006
988 989 -0.221098
988 998 -0.435819
988 88 0.975228
989 980 -0.032633
989 999 0.297898
989 89 0.875823
990 991 -0.244416
990 900 -0.631213
990 90 -0.242959
991 992 -0.526274
991 901 0.365056
991 91 -0.232823
992 993 0.193088
992 902 -1.825956
992 92 0.502444
993 994 0.328409
993 903 0.205809
993 93 1.020407
994 995 -0.361481
994 904 0.213242
994 94 -0.383718
995 996 0.374599
995 905 0.953229
995 95 -0.312406
996 997 -0.235219
996 906 1.039144
996 96 -0.169159
997 998 1.533208
997 907 0.894211
997 97 -0.719126
998 999 0.718984
998 908 -0.203520
998 98 -0.268586
999 990 0.777210
999 909 0.304984
999 99 -1.368165
