0 1 0.393566
0 10 -0.407167
0 100 -1.906133
1 2 -0.603344
1 11 1.068371
1 101 0.863404
2 3 -0.428031
2 12 0.433512
2 102 0.284844
3 4 0.837672
3 13 -1.064211
3 103 0.559483
4 5 0.528914
4 14 -0.588257
4 104 0.882087
5 6 -0.241025
5 15 1.321915
5 105 0.325173
6 7 -1.071433
6 16 0.195898
6 106 2.144006
7 8 -1.631034
7 17 0.111497
7 107 0.447473
8 9 2.009358
8 18 -0.810268
8 108 -0.752350
9 0 -1.387659
9 19 -0.336857
9 109 -0.941040
10 11 -0.310558
10 20 -0.433650
10 110 -0.340766
11 12 1.603786
11 21 1.546878
11 111 0.138766
12 13 0.444675
12 22 0.981084
12 112 -0.022633
13 14 1.548011
13 23 0.476565
13 113 -0.617930
14 15 -1.077213
14 24 -0.469994
14 114 -1.108293
15 16 -1.172207
15 25 -0.304840
15 115 0.845261
16 17 -0.153574
16 26 1.723109
16 116 1.010328
17 18 -1.455002
17 27 1.146001
17 117 0.923259
18 19 -0.884203
18 28 0.771505
18 118 0.265309
19 10 1.452263
19 29 0.440214
19 119 -0.289557
20 21 -1.467137
20 30 -0.204329
20 120 -0.419356
21 22 0.064892
21 31 -0.444655
21 121 -0.729012
22 23 0.873166
22 32 -0.455981
22 122 0.933721
23 24 -1.311256
23 33 -1.926526
23 123 -1.184479
24 25 -1.377743
24 34 -0.106739
24 124 1.241762
25 26 1.226411
25 35 0.846075
25 125 1.633512
26 27 -0.302257
26 36 0.294273
26 126 1.378136
27 28 -0.556797
27 37 -0.598069
27 127 0.829497
28 29 -0.453074
28 38 1.097894
28 128 0.838455
29 20 0.735256
29 39 0.016617
29 129 -0.944421
30 31 -0.218230
30 40 1.598891
30 130 1.350369
31 32 0.524094
31 41 -1.273531
31 131 0.161910
32 33 -2.426342
32 42 -0.369047
32 132 -1.103156
33 34 1.238823
33 43 -0.228757
33 133 -1.195561
34 35 0.599328
34 44 -1.719272
34 134 -0.505970
35 36 -1.143184
35 45 0.351698
35 135 0.291072
36 37 -0.921526
36 46 1.453115
36 136 2.199086
37 38 0.819229
37 47 0.572218
37 137 1.043973
38 39 -0.221225
38 48 -0.623210
38 138 -1.729552
39 30 0.894822
39 49 -0.855479
39 139 -0.295059
40 41 0.608104
40 50 -0.045123
40 140 1.673484
41 42 -1.771403
41 51 -1.925972
41 141 -0.388370
42 43 -0.876847
42 52 0.005881
42 142 -0.181368
43 44 0.268470
43 53 1.905403
43 143 1.023985
44 45 1.553733
44 54 0.193946
44 144 -0.892664
45 46 0.267308
45 55 -0.936705
45 145 0.942832
46 47 -0.401747
46 56 1.288551
46 146 -0.419331
47 48 -0.573076
47 57 1.375843
47 147 0.628491
48 49 0.976050
48 58 -1.027846
48 148 0.635261
49 40 0.535097
49 59 -1.024768
49 149 -2.239392
50 51 -0.260460
50 60 -1.395703
50 150 0.214141
51 52 0.309728
51 61 -0.184969
51 151 -1.359061
52 53 -0.922192
52 62 2.065276
52 152 2.514913
53 54 1.400930
53 63 0.034303
53 153 -1.659191
54 55 1.761796
54 64 0.563829
54 154 1.505261
55 56 -0.559119
55 65 -0.649606
55 155 -0.843665
56 57 1.597148
56 66 -0.440127
56 156 0.637632
57 58 0.702810
57 67 -1.169712
57 157 -1.011722
58 59 0.111522
58 68 -0.494849
58 158 -0.564496
59 50 0.267330
59 69 0.946068
59 159 1.709707
60 61 -0.862336
60 70 0.491681
60 160 -0.123593
61 62 -1.140496
61 71 -0.034823
61 161 0.292507
62 63 1.808228
62 72 0.828347
62 162 -0.240285
63 64 0.139295
63 73 0.140944
63 163 -0.791591
64 65 -1.630476
64 74 -0.519649
64 164 -0.762028
65 66 1.503648
65 75 0.088314
65 165 0.705866
66 67 0.283481
66 76 -0.923717
66 166 -0.318580
67 68 -0.747991
67 77 -2.079817
67 167 -0.295593
68 69 0.112763
68 78 0.958859
68 168 1.037300
69 60 0.532764
69 79 -0.323888
69 169 -0.530050
70 71 -0.291005
70 80 -0.413429
70 170 0.021881
71 72 1.440733
71 81 1.801900
71 171 -1.161091
72 73 -0.699359
72 82 -1.964401
72 172 0.191042
73 74 0.170839
73 83 0.602479
73 173 1.888233
74 75 -2.076562
74 84 0.862777
74 174 -0.019346
75 76 0.257052
75 85 0.511516
75 175 -1.730335
76 77 -0.061243
76 86 -1.101362
76 176 -1.911271
77 78 -2.275835
77 87 -0.963726
77 177 0.645061
78 79 0.367591
78 88 -1.248019
78 178 0.260176
79 70 1.847651
79 89 1.178499
79 179 0.196582
80 81 1.332451
80 90 0.672887
80 180 -0.709420
81 82 2.183463
81 91 -0.758468
81 181 0.586638
82 83 1.000024
82 92 1.628311
82 182 1.766772
83 84 -0.226695
83 93 1.165003
83 183 -0.003707
84 85 -1.071556
84 94 0.289434
84 184 0.743912
85 86 0.331533
85 95 -0.300666
85 185 1.415535
86 87 -0.311457
86 96 0.075231
86 186 -0.793411
87 88 -0.814876
87 97 -0.410551
87 187 1.278433
88 89 -1.715234
88 98 0.485085
88 188 -0.446029
89 80 0.788522
89 99 1.831229
89 189 -0.215232
90 91 -1.033687
90 0 1.386688
90 190 -0.216070
91 92 -1.319328
91 1 1.086171
91 191 0.689373
92 93 -0.230932
92 2 0.368824
92 192 -1.817252
93 94 -0.226425
93 3 0.255975
93 193 -0.112788
94 95 0.259756
94 4 -0.058518
94 194 0.529431
95 96 -0.132221
95 5 0.218999
95 195 1.941167
96 97 -0.356075
96 6 -0.745225
96 196 0.979366
97 98 -0.672335
97 7 -0.967184
97 197 0.188888
98 99 0.229925
98 8 -0.239192
98 198 0.422607
99 90 0.525550
99 9 2.055017
99 199 1.066507
100 101 -1.933919
100 110 0.542666
100 200 0.076281
101 102 0.048500
101 111 -1.377775
101 201 -0.646312
102 103 -1.952063
102 112 -0.198455
102 202 -0.263385
103 104 0.606968
103 113 -0.520288
103 203 -0.873883
104 105 1.499991
104 114 0.675383
104 204 -0.618982
105 106 -1.266210
105 115 -0.175365
105 205 -0.662842
106 107 -1.003270
106 116 0.569013
106 206 0.878225
107 108 -1.719815
107 117 0.459647
107 207 1.365695
108 109 0.903868
108 118 0.403610
108 208 0.720289
109 100 0.598042
109 119 -0.537117
109 209 0.167552
110 111 -0.361734
110 120 -0.947251
110 210 1.832244
111 112 1.508351
111 121 -1.151697
111 211 0.820928
112 113 0.700721
112 122 -0.837382
112 212 1.491382
113 114 0.188674
113 123 0.823446
113 213 1.785543
114 115 -0.132578
114 124 -0.498611
114 214 1.209600
115 116 2.321738
115 125 -1.249705
115 215 -0.937141
116 117 -0.439679
116 126 -1.358060
116 216 0.137569
117 118 1.167397
117 127 -1.334759
117 217 1.005744
118 119 0.114155
118 128 1.079748
118 218 -0.341567
119 110 -1.424060
119 129 -0.479902
119 219 -0.003784
120 121 1.745747
120 130 -0.134601
120 220 0.956380
121 122 0.104455
121 131 -0.849241
121 221 1.276059
122 123 -1.177011
122 132 -0.549737
122 222 -0.106021
123 124 -0.902330
123 133 -0.358556
123 223 -0.301081
124 125 -1.270111
124 134 -1.146387
124 224 0.399745
125 126 -0.719712
125 135 -0.922610
125 225 1.043346
126 127 -0.473098
126 136 0.817028
126 226 0.416435
127 128 -0.188619
127 137 -0.622796
127 227 1.771496
128 129 -0.457384
128 138 0.310288
128 228 1.118210
129 120 0.951043
129 139 1.315895
129 229 0.156661
130 131 -0.150341
130 140 0.428332
130 230 0.211518
131 132 -0.082802
131 141 -0.300665
131 231 -0.875094
132 133 1.078889
132 142 -0.729787
132 232 0.640257
133 134 -0.828000
133 143 -0.553446
133 233 0.864030
134 135 0.886500
134 144 0.555036
134 234 0.323010
135 136 1.254587
135 145 -1.444544
135 235 -0.464979
136 137 0.132900
136 146 -0.770101
136 236 1.413502
137 138 1.267772
137 147 -0.897378
137 237 2.045386
138 139 1.536142
138 148 0.164170
138 238 -1.597136
139 130 1.347757
139 149 -1.217648
139 239 0.194406
140 141 -0.481306
140 150 0.923902
140 240 0.650972
141 142 1.994529
141 151 0.407776
141 241 -1.150171
142 143 -1.138371
142 152 -0.676898
142 242 0.317638
143 144 0.338581
143 153 -0.755769
143 243 -1.184583
144 145 -0.398046
144 154 -0.951452
144 244 0.564415
145 146 -1.176782
145 155 -0.324317
145 245 1.427783
146 147 -0.248149
146 156 0.039806
146 246 0.284806
147 148 -1.010614
147 157 0.321322
147 247 0.227464
148 149 0.754093
148 158 0.104166
148 248 0.705514
149 140 -0.254774
149 159 0.920540
149 249 0.924341
150 151 0.216587
150 160 0.001038
150 250 -1.235449
151 152 -0.176585
151 161 -0.119713
151 251 -1.266173
152 153 1.306210
152 162 -0.054832
152 252 -0.908169
153 154 -0.648318
153 163 0.433711
153 253 0.548386
154 155 -0.343182
154 164 0.425093
154 254 0.854195
155 156 -0.964126
155 165 -0.433858
155 255 -0.039788
156 157 0.534485
156 166 -0.759670
156 256 0.326194
157 158 0.345885
157 167 -1.487062
157 257 0.069069
158 159 0.836981
158 168 1.180668
158 258 -0.855069
159 150 -0.210282
159 169 -1.411849
159 259 0.465455
160 161 -0.033474
160 170 -1.929042
160 260 0.833648
161 162 0.599742
161 171 0.213663
161 261 1.293592
162 163 -0.110886
162 172 -1.182380
162 262 -1.079951
163 164 0.396886
163 173 2.513837
163 263 -0.032912
164 165 1.187564
164 174 0.076937
164 264 -0.707994
165 166 0.410265
165 175 -0.109977
165 265 0.033237
166 167 -0.067868
166 176 -0.256765
166 266 0.377606
167 168 1.188947
167 177 0.345939
167 267 0.008954
168 169 1.419741
168 178 -2.459286
168 268 0.255422
169 160 0.224304
169 179 0.674489
169 269 -0.476384
170 171 1.589239
170 180 1.950607
170 270 1.141901
171 172 -0.773772
171 181 -0.107205
171 271 0.794758
172 173 -0.105806
172 182 -0.361762
172 272 -0.436067
173 174 0.804711
173 183 0.613592
173 273 1.089676
174 175 -0.632371
174 184 0.868604
174 274 1.944057
175 176 -1.473933
175 185 -0.820847
175 275 0.484141
176 177 0.000593
176 186 1.276589
176 276 -0.280479
177 178 -0.400716
177 187 0.988905
177 277 -1.574560
178 179 -0.387408
178 188 2.257545
178 278 -0.618503
179 170 0.984025
179 189 0.355930
179 279 -1.392014
180 181 0.665744
180 190 0.309138
180 280 2.373869
181 182 1.208876
181 191 -0.471757
181 281 -0.046030
182 183 0.622767
182 192 -0.335249
182 282 1.124000
183 184 0.893970
183 193 -0.793364
183 283 -1.007204
184 185 0.312013
184 194 0.439019
184 284 -0.499824
185 186 -0.286455
185 195 -0.655108
185 285 0.282349
186 187 -0.340228
186 196 -0.838074
186 286 0.055164
187 188 -1.053671
187 197 2.051392
187 287 -0.169030
188 189 0.528779
188 198 -0.134324
188 288 -0.466916
189 180 -0.949724
189 199 -0.888430
189 289 -0.870617
190 191 -0.313817
190 100 -0.611810
190 290 2.264404
191 192 -0.423721
191 101 -0.890797
191 291 1.533984
192 193 -0.491059
192 102 0.621503
192 292 -0.598456
193 194 1.755749
193 103 -0.889136
193 293 0.988507
194 195 0.435635
194 104 0.962436
194 294 -0.157417
195 196 -0.400948
195 105 0.948796
195 295 1.710824
196 197 -0.476137
196 106 0.439421
196 296 0.948510
197 198 0.532592
197 107 -0.347677
197 297 -0.424570
198 199 0.498640
198 108 1.735827
198 298 0.196085
199 190 -0.326304
199 109 -0.533122
199 299 -0.205220
200 201 -1.282651
200 210 0.080265
200 300 0.191115
201 202 -0.443258
201 211 0.048209
201 301 -0.289170
202 203 -1.817953
202 212 -0.195289
202 302 0.561828
203 204 -0.872788
203 213 -0.929496
203 303 0.455155
204 205 0.917135
204 214 -1.926674
204 304 -0.328899
205 206 0.375704
205 215 0.467046
205 305 -0.423442
206 207 -0.207862
206 216 0.305224
206 306 -0.007570
207 208 1.486594
207 217 -0.706613
207 307 -0.811632
208 209 0.087066
208 218 -0.000139
208 308 -0.790556
209 200 0.567913
209 219 -0.654867
209 309 0.072828
210 211 0.441655
210 220 0.282825
210 310 1.664101
211 212 -0.140929
211 221 -1.889432
211 311 0.239492
212 213 0.619554
212 222 -0.965069
212 312 0.698546
213 214 0.936127
213 223 0.375774
213 313 -1.200510
214 215 0.786703
214 224 -0.099887
214 314 1.026236
215 216 0.048091
215 225 -3.715896
215 315 1.130618
216 217 0.264265
216 226 -0.222108
216 316 0.102775
217 218 -0.229645
217 227 -0.436905
217 317 0.723619
218 219 0.328980
218 228 0.847518
218 318 0.540786
219 210 0.213459
219 229 0.588365
219 319 1.201517
220 221 0.742694
220 230 -0.500543
220 320 0.500514
221 222 -0.433708
221 231 -0.643850
221 321 0.403489
222 223 0.522167
222 232 -1.135356
222 322 -0.315391
223 224 1.611934
223 233 0.518341
223 323 0.198610
224 225 0.600857
224 234 -2.329669
224 324 0.918717
225 226 0.155824
225 235 0.010744
225 325 -0.761278
226 227 1.143278
226 236 -0.321784
226 326 1.107323
227 228 -1.504930
227 237 -0.830605
227 327 1.599431
228 229 0.380350
228 238 1.624849
228 328 1.422979
229 220 -0.925030
229 239 0.406035
229 329 -1.037722
230 231 0.488056
230 240 -0.879519
230 330 0.900755
231 232 0.817993
231 241 0.820694
231 331 2.029065
232 233 0.677039
232 242 -2.846343
232 332 1.475544
233 234 -0.495639
233 243 -0.305603
233 333 -0.490951
234 235 -1.710435
234 244 0.718012
234 334 0.536047
235 236 -2.814875
235 245 0.290603
235 335 0.047309
236 237 0.486380
236 246 0.184127
236 336 -0.361746
237 238 0.589783
237 247 -0.122550
237 337 -1.198050
238 239 -0.807637
238 248 -0.694835
238 338 0.027280
239 230 0.382474
239 249 1.241345
239 339 0.035843
240 241 -0.562504
240 250 -1.364249
240 340 -1.233217
241 242 0.391020
241 251 0.883310
241 341 0.946445
242 243 0.167589
242 252 -0.099693
242 342 -1.918910
243 244 -0.268789
243 253 -0.348384
243 343 -1.423899
244 245 0.771661
244 254 0.780398
244 344 -0.655380
245 246 -0.492017
245 255 0.901008
245 345 0.076641
246 247 -0.401571
246 256 1.549161
246 346 2.123957
247 248 -0.902932
247 257 -1.198418
247 347 -1.987066
248 249 -0.119787
248 258 -0.481342
248 348 0.610206
249 240 0.056487
249 259 -0.913211
249 349 0.941205
250 251 -2.254573
250 260 -1.005840
250 350 0.247717
251 252 -0.938103
251 261 1.677169
251 351 -0.674742
252 253 1.474030
252 262 1.688044
252 352 -1.132107
253 254 -0.309664
253 263 -1.199509
253 353 0.826973
254 255 0.314761
254 264 -0.744229
254 354 0.544925
255 256 -1.309154
255 265 0.914430
255 355 0.677619
256 257 -1.018983
256 266 0.539876
256 356 1.194585
257 258 1.953390
257 267 0.509216
257 357 0.448216
258 259 2.467635
258 268 -0.499624
258 358 1.543712
259 250 1.725513
259 269 0.150649
259 359 -0.299954
260 261 2.041228
260 270 0.226696
260 360 -0.313588
261 262 -2.015937
261 271 -0.584156
261 361 -0.693010
262 263 -0.341993
262 272 -0.874030
262 362 -0.713337
263 264 -0.082164
263 273 0.807312
263 363 0.609537
264 265 -1.472195
264 274 -0.875541
264 364 -1.089202
265 266 -0.021687
265 275 0.375884
265 365 1.006221
266 267 0.968016
266 276 0.737233
266 366 -0.115665
267 268 0.545903
267 277 0.399807
267 367 -0.207042
268 269 -0.689231
268 278 -0.664613
268 368 -0.193640
269 260 0.960422
269 279 -0.423843
269 369 0.617272
270 271 0.362755
270 280 -0.693904
270 370 0.579981
271 272 -0.021610
271 281 0.343476
271 371 0.145097
272 273 1.243481
272 282 -1.463303
272 372 0.083576
273 274 -0.915432
273 283 0.471281
273 373 -0.095903
274 275 -0.082948
274 284 0.251821
274 374 0.331543
275 276 -0.248388
275 285 -0.112178
275 375 0.744429
276 277 1.912282
276 286 0.452346
276 376 -1.376662
277 278 -0.137156
277 287 0.497829
277 377 0.551498
278 279 -1.054113
278 288 0.039293
278 378 -1.097770
279 270 -1.375604
279 289 0.138897
279 379 1.191106
280 281 -0.016314
280 290 0.599448
280 380 1.189998
281 282 -1.042476
281 291 -1.222488
281 381 -0.674588
282 283 0.922347
282 292 0.709330
282 382 0.114113
283 284 1.163383
283 293 1.058941
283 383 -0.038139
284 285 0.623975
284 294 1.103173
284 384 -0.272473
285 286 1.676888
285 295 0.193942
285 385 -0.730318
286 287 0.494370
286 296 1.914407
286 386 -0.122169
287 288 0.248690
287 297 0.920897
287 387 0.747137
288 289 1.871166
288 298 -0.619470
288 388 -0.222297
289 280 -0.769719
289 299 -1.099463
289 389 2.520980
290 291 -0.274992
290 200 -0.578682
290 390 0.406183
291 292 1.286575
291 201 0.359725
291 391 0.731959
292 293 -1.168905
292 202 -0.616641
292 392 1.017702
293 294 1.301697
293 203 -1.247209
293 393 -1.098097
294 295 -2.139996
294 204 -0.333721
294 394 -0.200723
295 296 1.643741
295 205 0.523026
295 395 -1.463072
296 297 0.549474
296 206 -0.384233
296 396 -0.337166
297 298 0.345740
297 207 -0.485497
297 397 -0.087188
298 299 0.022036
298 208 1.727148
298 398 0.453000
299 290 0.280360
299 209 0.747461
299 399 1.300179
300 301 -0.369142
300 310 -1.156024
300 400 -0.719793
301 302 0.869997
301 311 0.773483
301 401 0.193718
302 303 -2.342574
302 312 0.899404
302 402 1.440837
303 304 0.175316
303 313 1.767986
303 403 0.879406
304 305 1.255174
304 314 1.058655
304 404 -0.190941
305 306 -1.441793
305 315 0.534861
305 405 -0.167226
306 307 -1.769592
306 316 -1.058041
306 406 2.005547
307 308 0.714548
307 317 -1.173194
307 407 0.472260
308 309 1.143195
308 318 -0.575656
308 408 -0.361035
309 300 0.990242
309 319 -0.194178
309 409 1.472775
310 311 -0.903862
310 320 -2.348450
310 410 -0.447777
311 312 -1.571012
311 321 -0.116107
311 411 -1.848222
312 313 0.968765
312 322 0.385023
312 412 -0.115321
313 314 -0.894684
313 323 -0.593872
313 413 0.685916
314 315 1.631016
314 324 -0.382585
314 414 0.790699
315 316 -0.876543
315 325 -0.455110
315 415 -0.613067
316 317 1.095308
316 326 -0.355962
316 416 0.827520
317 318 0.982125
317 327 -1.579264
317 417 -1.183329
318 319 0.858596
318 328 -0.009157
318 418 -0.632956
319 310 0.336704
319 329 -0.373343
319 419 0.512373
320 321 0.818807
320 330 1.481850
320 420 -0.789403
321 322 0.565232
321 331 -1.904108
321 421 1.195514
322 323 -0.667620
322 332 0.397450
322 422 -1.487407
323 324 1.099732
323 333 -1.235830
323 423 -0.128930
324 325 1.520892
324 334 -0.495409
324 424 -0.899261
325 326 1.381259
325 335 0.737001
325 425 -0.367477
326 327 0.141810
326 336 1.555319
326 426 -0.577946
327 328 -0.947575
327 337 1.245238
327 427 1.170170
328 329 1.890046
328 338 -1.182054
328 428 -1.031392
329 320 0.268367
329 339 1.004717
329 429 0.199959
330 331 -1.015444
330 340 0.441715
330 430 0.533952
331 332 1.302673
331 341 -1.159087
331 431 -0.375994
332 333 -0.102402
332 342 0.889705
332 432 -0.102585
333 334 -0.296164
333 343 -0.095995
333 433 0.566882
334 335 0.628908
334 344 -0.382760
334 434 -2.006595
335 336 -1.077419
335 345 -0.409947
335 435 0.783319
336 337 0.043424
336 346 0.828114
336 436 1.311071
337 338 0.885024
337 347 0.080043
337 437 0.400470
338 339 0.520232
338 348 -1.253569
338 438 -1.929687
339 330 1.179853
339 349 0.147438
339 439 -1.711942
340 341 -0.770524
340 350 0.773279
340 440 1.565807
341 342 0.445856
341 351 -0.092322
341 441 1.863967
342 343 0.139695
342 352 1.164040
342 442 -0.789264
343 344 0.002786
343 353 1.629566
343 443 1.571498
344 345 0.791451
344 354 0.113988
344 444 -0.362527
345 346 1.028930
345 355 -0.591754
345 445 0.321249
346 347 -1.635252
346 356 0.760225
346 446 1.413970
347 348 -2.562022
347 357 -0.820030
347 447 -0.683667
348 349 1.413736
348 358 1.003280
348 448 1.637796
349 340 1.132599
349 359 0.416850
349 449 -0.941498
350 351 0.921082
350 360 0.998765
350 450 -1.105290
351 352 0.081817
351 361 -0.677432
351 451 0.082178
352 353 0.693268
352 362 0.485034
352 452 0.488244
353 354 -1.463459
353 363 -0.273148
353 453 -0.390249
354 355 1.275213
354 364 0.702054
354 454 1.417710
355 356 -0.355089
355 365 -0.751428
355 455 0.638717
356 357 1.706977
356 366 -0.152392
356 456 0.818051
357 358 0.969687
357 367 -0.143449
357 457 1.470618
358 359 0.471029
358 368 -1.325020
358 458 0.645435
359 350 0.266036
359 369 0.295977
359 459 -1.773209
360 361 1.095192
360 370 1.836382
360 460 0.140724
361 362 -0.582680
361 371 0.654972
361 461 0.313465
362 363 -0.444661
362 372 -0.436941
362 462 0.548767
363 364 -1.305536
363 373 -0.581385
363 463 -1.742864
364 365 1.793592
364 374 -1.004082
364 464 0.563060
365 366 0.845432
365 375 0.244908
365 465 -1.091323
366 367 -1.705105
366 376 -1.129322
366 466 0.727001
367 368 -0.436687
367 377 -0.322420
367 467 1.280544
368 369 0.424370
368 378 0.961067
368 468 -0.177503
369 360 1.168343
369 379 -0.303880
369 469 1.371222
370 371 1.453110
370 380 -1.063730
370 470 -0.094149
371 372 1.010982
371 381 0.523903
371 471 -2.783160
372 373 -0.545420
372 382 -0.950864
372 472 0.332370
373 374 -0.792794
373 383 0.816692
373 473 0.197244
374 375 -1.538205
374 384 1.839749
374 474 -0.494238
375 376 0.148744
375 385 -0.504978
375 475 0.520109
376 377 0.032749
376 386 -0.481404
376 476 -1.414654
377 378 -0.389158
377 387 0.740815
377 477 -1.409804
378 379 0.843605
378 388 0.652946
378 478 1.800977
379 370 1.827384
379 389 -0.610605
379 479 -0.723445
380 381 -1.686914
380 390 0.765638
380 480 -0.769847
381 382 -0.514761
381 391 -1.671542
381 481 0.578214
382 383 2.037854
382 392 0.388873
382 482 -0.843663
383 384 0.254000
383 393 -0.526808
383 483 -0.583083
384 385 1.756985
384 394 1.558474
384 484 2.695533
385 386 -0.062008
385 395 -0.671792
385 485 -0.789919
386 387 1.209228
386 396 -2.323642
386 486 0.280216
387 388 0.646991
387 397 -0.604404
387 487 2.263145
388 389 0.112590
388 398 -0.068468
388 488 -0.927407
389 380 -1.340186
389 399 0.018492
389 489 0.016831
390 391 -0.271862
390 300 -0.839286
390 490 1.203454
391 392 0.073830
391 301 -1.613770
391 491 0.424792
392 393 -0.826730
392 302 0.653456
392 492 -0.194024
393 394 0.065132
393 303 -0.072695
393 493 -0.353633
394 395 0.718895
394 304 0.055267
394 494 0.776524
395 396 -1.049962
395 305 -1.562815
395 495 1.462730
396 397 -1.148080
396 306 1.284399
396 496 -0.394534
397 398 -2.135743
397 307 1.386082
397 497 -0.411897
398 399 -0.576700
398 308 1.218298
398 498 1.597644
399 390 -0.861626
399 309 0.171188
399 499 -0.117158
400 401 -0.618826
400 410 -1.447572
400 500 -1.371494
401 402 0.331582
401 411 -0.826997
401 501 -0.006029
402 403 -0.330042
402 412 1.248834
402 502 2.553264
403 404 1.009164
403 413 0.101090
403 503 -1.435623
404 405 0.994690
404 414 0.190394
404 504 0.156969
405 406 0.609291
405 415 -1.190117
405 505 0.123492
406 407 0.184108
406 416 1.280350
406 506 -0.958999
407 408 -0.089814
407 417 -0.656778
407 507 -0.751022
408 409 0.781952
408 418 1.183163
408 508 0.183710
409 400 -0.805257
409 419 0.937827
409 509 0.236975
410 411 0.668509
410 420 -1.752985
410 510 -0.073577
411 412 0.542872
411 421 -1.418614
411 511 0.584038
412 413 1.137297
412 422 0.870868
412 512 0.389701
413 414 -0.998713
413 423 0.993565
413 513 -1.158605
414 415 -1.308567
414 424 0.366428
414 514 0.174592
415 416 0.912869
415 425 0.272487
415 515 0.941446
416 417 -0.978050
416 426 0.036619
416 516 1.262663
417 418 0.314597
417 427 0.105358
417 517 0.677170
418 419 -0.360697
418 428 0.031232
418 518 -0.099236
419 410 1.962626
419 429 -0.148405
419 519 0.296570
420 421 0.904764
420 430 -0.624577
420 520 -1.383965
421 422 0.743855
421 431 -0.920754
421 521 -2.245472
422 423 0.475954
422 432 0.622093
422 522 -1.725796
423 424 -2.917183
423 433 -0.539686
423 523 -0.460320
424 425 0.388708
424 434 -0.061165
424 524 1.427179
425 426 -2.479746
425 435 0.636173
425 525 -0.269825
426 427 -0.535015
426 436 -0.314528
426 526 -1.508109
427 428 0.529615
427 437 -0.467926
427 527 0.622470
428 429 -1.215600
428 438 1.113264
428 528 -0.394690
429 420 0.131293
429 439 0.021382
429 529 -0.951666
430 431 -0.351617
430 440 1.124793
430 530 0.338112
431 432 -0.457042
431 441 0.235289
431 531 1.039058
432 433 0.409905
432 442 0.023414
432 532 -1.345465
433 434 -0.338693
433 443 -0.722797
433 533 -0.378262
434 435 1.272212
434 444 0.353313
434 534 0.624745
435 436 1.434676
435 445 -0.515365
435 535 -0.074357
436 437 -0.092560
436 446 0.959858
436 536 -0.368652
437 438 -1.978619
437 447 -1.548943
437 537 -0.922208
438 439 2.479597
438 448 -1.992183
438 538 0.701347
439 430 0.403347
439 449 -0.454966
439 539 0.642109
440 441 -0.251403
440 450 -0.900481
440 540 1.085358
441 442 -0.071746
441 451 0.554522
441 541 0.324213
442 443 -0.510540
442 452 -1.220827
442 542 -0.964235
443 444 0.963576
443 453 2.149253
443 543 0.710866
444 445 -0.788230
444 454 1.327067
444 544 -0.991051
445 446 -1.900136
445 455 2.041422
445 545 -0.014072
446 447 0.646658
446 456 0.613169
446 546 0.014052
447 448 -0.410818
447 457 0.622782
447 547 -1.123423
448 449 -0.020646
448 458 -0.409867
448 548 -0.623463
449 440 -1.334208
449 459 1.407114
449 549 -0.021977
450 451 -0.838361
450 460 0.848455
450 550 1.565220
451 452 0.995946
451 461 2.260790
451 551 -0.171826
452 453 -0.312689
452 462 1.594716
452 552 -0.573521
453 454 -1.078455
453 463 0.377069
453 553 1.132529
454 455 -1.602162
454 464 0.318621
454 554 -0.076963
455 456 -1.315980
455 465 -1.250242
455 555 -0.849271
456 457 -1.126910
456 466 0.610453
456 556 -0.822058
457 458 -0.994155
457 467 -2.611733
457 557 -1.845101
458 459 -1.556465
458 468 1.479972
458 558 -0.666774
459 450 -0.097896
459 469 0.068451
459 559 -0.104080
460 461 -0.814903
460 470 0.577627
460 560 1.135803
461 462 1.017650
461 471 1.107082
461 561 -0.680139
462 463 -1.535383
462 472 -0.891192
462 562 -0.660176
463 464 0.508452
463 473 0.259930
463 563 2.710784
464 465 -0.417932
464 474 -0.152173
464 564 0.737932
465 466 -1.000782
465 475 2.405850
465 565 -1.103016
466 467 0.582910
466 476 0.742849
466 566 0.455728
467 468 1.832625
467 477 1.060948
467 567 0.424548
468 469 -0.259774
468 478 -0.628950
468 568 -0.945463
469 460 1.523813
469 479 1.323807
469 569 2.048857
470 471 1.090867
470 480 0.346556
470 570 0.899809
471 472 1.613744
471 481 1.009414
471 571 0.633813
472 473 -0.052123
472 482 0.898310
472 572 -0.804001
473 474 -1.492252
473 483 -0.072985
473 573 0.369685
474 475 -0.537865
474 484 -0.960624
474 574 0.267833
475 476 -1.243415
475 485 -0.011048
475 575 -0.573908
476 477 -0.239421
476 486 -0.852800
476 576 0.519533
477 478 -0.691490
477 487 -0.703345
477 577 0.165517
478 479 -0.193983
478 488 -0.724458
478 578 1.192773
479 470 0.797349
479 489 -0.053914
479 579 2.020134
480 481 1.611400
480 490 -1.712054
480 580 -0.050068
481 482 -0.816068
481 491 -1.105441
481 581 -0.120844
482 483 0.216144
482 492 0.400027
482 582 0.865635
483 484 -0.071155
483 493 -1.478652
483 583 -0.454250
484 485 0.980097
484 494 -0.199600
484 584 1.363517
485 486 -0.727334
485 495 -0.457656
485 585 -0.870206
486 487 0.695220
486 496 0.004948
486 586 -0.262022
487 488 0.175735
487 497 0.796255
487 587 -1.124226
488 489 0.476683
488 498 0.054035
488 588 1.160678
489 480 0.186320
489 499 2.320129
489 589 1.425712
490 491 -0.851216
490 400 -1.152188
490 590 0.715080
491 492 0.331377
491 401 2.898205
491 591 0.128617
492 493 0.135822
492 402 0.034150
492 592 1.554271
493 494 -0.485555
493 403 0.519420
493 593 0.175454
494 495 0.356383
494 404 0.753456
494 594 -0.113375
495 496 0.408761
495 405 0.720686
495 595 0.051927
496 497 -0.038588
496 406 -1.274646
496 596 0.627510
497 498 0.745659
497 407 -0.266074
497 597 0.002381
498 499 1.020380
498 408 -1.705686
498 598 0.449658
499 490 -0.015654
499 409 0.135515
499 599 -0.203007
500 501 0.548143
500 510 -1.296084
500 600 0.594277
501 502 -0.620009
501 511 -1.054087
501 601 0.790379
502 503 0.393092
502 512 0.698860
502 602 -0.392377
503 504 -0.353958
503 513 1.499908
503 603 0.952845
504 505 1.215134
504 514 0.201719
504 604 0.015684
505 506 0.046337
505 515 1.053047
505 605 -0.507619
506 507 1.008634
506 516 0.302957
506 606 0.894744
507 508 0.127250
507 517 0.801934
507 607 -1.954446
508 509 -1.536750
508 518 0.842132
508 608 -0.149707
509 500 -0.197793
509 519 -1.331029
509 609 1.585762
510 511 0.917830
510 520 -1.449747
510 610 1.936089
511 512 1.566975
511 521 0.215605
511 611 0.955959
512 513 -1.069674
512 522 -1.206933
512 612 -0.445764
513 514 -0.041430
513 523 -1.351840
513 613 -1.714118
514 515 -0.979788
514 524 0.453919
514 614 -0.107252
515 516 0.420481
515 525 0.372822
515 615 0.592383
516 517 0.302408
516 526 -0.697432
516 616 -0.501302
517 518 -1.134364
517 527 0.369221
517 617 -0.731656
518 519 0.443528
518 528 0.214641
518 618 0.675914
519 510 0.685694
519 529 1.153636
519 619 0.687864
520 521 0.378793
520 530 -0.150439
520 620 -0.555493
521 522 -0.568993
521 531 2.053911
521 621 0.972076
522 523 -0.235499
522 532 0.945194
522 622 -0.501148
523 524 0.626766
523 533 1.479080
523 623 -0.127373
524 525 -0.281959
524 534 -1.642115
524 624 1.005869
525 526 0.338866
525 535 -0.674930
525 625 0.113990
526 527 -0.332129
526 536 -1.391802
526 626 0.288719
527 528 -0.100080
527 537 -1.334200
527 627 0.581558
528 529 -0.537982
528 538 -1.329368
528 628 -1.616121
529 520 -0.885026
529 539 1.448071
529 629 0.782639
530 531 -1.599360
530 540 0.097547
530 630 -0.163524
531 532 0.639436
531 541 1.016664
531 631 0.570678
532 533 1.056149
532 542 1.749089
532 632 -0.565254
533 534 0.014140
533 543 -0.741799
533 633 -0.424422
534 535 0.982691
534 544 -0.385753
534 634 0.071334
535 536 0.004687
535 545 1.214532
535 635 -0.952382
536 537 0.763122
536 546 0.559008
536 636 1.189639
537 538 -0.333389
537 547 -0.972421
537 637 -1.512917
538 539 0.325534
538 548 0.012741
538 638 0.819191
539 530 -1.756637
539 549 2.870238
539 639 -1.106478
540 541 2.352618
540 550 0.284664
540 640 0.528031
541 542 1.218768
541 551 0.763972
541 641 -0.049624
542 543 0.989432
542 552 -0.389103
542 642 1.606744
543 544 0.124148
543 553 0.671297
543 643 1.353746
544 545 -0.109509
544 554 -1.275746
544 644 0.769918
545 546 -0.168155
545 555 -0.603502
545 645 -1.343792
546 547 0.502552
546 556 -0.425217
546 646 -1.590157
547 548 0.500311
547 557 0.649608
547 647 0.167122
548 549 1.541141
548 558 -0.595647
548 648 1.710807
549 540 -0.988629
549 559 -0.325728
549 649 0.041581
550 551 -1.461165
550 560 0.846496
550 650 -1.053198
551 552 0.426524
551 561 0.588965
551 651 -0.029552
552 553 0.695892
552 562 0.144195
552 652 -0.014678
553 554 0.208043
553 563 -1.384514
553 653 0.256857
554 555 -0.215115
554 564 -0.122730
554 654 -0.184779
555 556 -0.115707
555 565 -0.729603
555 655 -0.181554
556 557 0.109247
556 566 0.363307
556 656 -2.371720
557 558 0.317633
557 567 -1.540819
557 657 -1.024788
558 559 0.428177
558 568 -0.846744
558 658 -0.917783
559 550 0.438706
559 569 -2.229996
559 659 0.515138
560 561 0.618103
560 570 0.484300
560 660 0.091615
561 562 -1.227096
561 571 -0.070365
561 661 -0.585499
562 563 -1.538872
562 572 0.503678
562 662 0.330779
563 564 0.783913
563 573 -0.242225
563 663 -0.162894
564 565 -0.132754
564 574 1.043756
564 664 0.434448
565 566 -0.037554
565 575 -0.806329
565 665 1.162035
566 567 0.407108
566 576 -0.548682
566 666 -1.654862
567 568 -0.181386
567 577 -0.166575
567 667 0.702057
568 569 -2.901790
568 578 -0.336945
568 668 -0.251720
569 560 -1.247238
569 579 0.306426
569 669 0.293054
570 571 0.479076
570 580 -0.583420
570 670 -0.742473
571 572 -0.295266
571 581 -0.282578
571 671 2.161581
572 573 1.315988
572 582 0.757165
572 672 -0.278049
573 574 -0.692653
573 583 2.759866
573 673 -0.409823
574 575 -0.445879
574 584 1.175219
574 674 2.848651
575 576 -0.845012
575 585 -0.897204
575 675 -1.284768
576 577 -0.901619
576 586 -0.166450
576 676 -2.124501
577 578 0.898508
577 587 0.778819
577 677 0.335071
578 579 0.815243
578 588 -0.366357
578 678 0.753944
579 570 -1.495936
579 589 -0.286291
579 679 2.018089
580 581 -0.622107
580 590 -0.398046
580 680 1.346096
581 582 1.750585
581 591 0.378217
581 681 1.373864
582 583 -0.121229
582 592 -0.303290
582 682 0.726189
583 584 -0.178611
583 593 -0.152625
583 683 -1.567433
584 585 -0.565267
584 594 -1.064546
584 684 0.834334
585 586 -0.925586
585 595 0.548279
585 685 -0.871902
586 587 0.271242
586 596 0.699758
586 686 -0.181801
587 588 -0.728459
587 597 -1.643190
587 687 -0.401878
588 589 1.439032
588 598 -1.060239
588 688 -1.178894
589 580 0.235632
589 599 -0.468634
589 689 -0.663918
590 591 1.654994
590 500 2.020030
590 690 -1.223439
591 592 -1.481492
591 501 -0.797084
591 691 -1.268314
592 593 -1.195640
592 502 -0.162122
592 692 -1.033095
593 594 -0.242690
593 503 -0.304317
593 693 -0.322098
594 595 -0.858809
594 504 -0.504293
594 694 -0.585836
595 596 0.461098
595 505 -0.001016
595 695 0.435890
596 597 1.142341
596 506 -0.227712
596 696 0.011607
597 598 0.144401
597 507 -0.284659
597 697 1.964407
598 599 0.140361
598 508 -1.233365
598 698 0.006023
599 590 0.539387
599 509 0.522300
599 699 -0.279500
600 601 -0.817535
600 610 -0.879571
600 700 0.366834
601 602 -1.125295
601 611 1.009169
601 701 0.021807
602 603 -0.609913
602 612 0.630940
602 702 0.442191
603 604 0.912195
603 613 -1.289689
603 703 0.120663
604 605 -1.410597
604 614 -0.071877
604 704 1.747620
605 606 -0.044332
605 615 1.221816
605 705 1.189373
606 607 2.089920
606 616 0.148621
606 706 0.911923
607 608 2.420180
607 617 -1.478461
607 707 1.159147
608 609 -0.780892
608 618 0.843122
608 708 -1.738162
609 600 -0.715548
609 619 -1.951441
609 709 -0.240433
610 611 0.801936
610 620 0.676219
610 710 0.987014
611 612 1.008137
611 621 0.044729
611 711 -0.578845
612 613 1.501493
612 622 0.357445
612 712 0.273794
613 614 0.319568
613 623 1.247093
613 713 -0.759016
614 615 0.852103
614 624 -1.084374
614 714 0.610591
615 616 1.961817
615 625 -1.393549
615 715 -0.039573
616 617 2.302743
616 626 1.323630
616 716 -2.039170
617 618 -0.116850
617 627 0.014890
617 717 -1.814119
618 619 0.823561
618 628 0.934903
618 718 0.234988
619 610 -0.751238
619 629 -1.343759
619 719 1.048986
620 621 0.486610
620 630 0.706365
620 720 -0.422713
621 622 2.422531
621 631 -1.671932
621 721 -0.244460
622 623 1.854361
622 632 0.545965
622 722 -0.249271
623 624 -0.678446
623 633 -0.793923
623 723 -0.458731
624 625 -0.049079
624 634 -0.289181
624 724 -1.807873
625 626 1.993641
625 635 -1.838285
625 725 1.703343
626 627 -0.022071
626 636 0.647897
626 726 2.836223
627 628 -1.320191
627 637 0.881943
627 727 1.394818
628 629 -1.193194
628 638 -1.366632
628 728 0.276345
629 620 -1.548554
629 639 -0.422046
629 729 0.652091
630 631 -1.307322
630 640 -1.358499
630 730 1.358273
631 632 1.739449
631 641 0.759731
631 731 1.008644
632 633 -1.870947
632 642 -0.422958
632 732 0.216095
633 634 -0.224290
633 643 1.441914
633 733 -0.120828
634 635 1.059889
634 644 -2.181140
634 734 0.428615
635 636 1.716395
635 645 -0.085252
635 735 0.803892
636 637 0.930614
636 646 -0.220328
636 736 -1.179558
637 638 0.816703
637 647 -0.857855
637 737 0.331560
638 639 0.495701
638 648 -0.644024
638 738 1.322695
639 630 -1.905585
639 649 0.256371
639 739 -0.499956
640 641 0.223870
640 650 1.210430
640 740 -1.085546
641 642 2.843940
641 651 -0.462311
641 741 -0.332689
642 643 0.268022
642 652 -0.235089
642 742 0.147173
643 644 0.535821
643 653 -0.681582
643 743 0.905681
644 645 0.770009
644 654 -1.542425
644 744 2.548339
645 646 -0.482258
645 655 -1.347994
645 745 0.095856
646 647 1.206578
646 656 -1.697437
646 746 -1.103252
647 648 -0.103693
647 657 -0.030423
647 747 1.313501
648 649 0.198796
648 658 0.419071
648 748 -0.713926
649 640 -1.714691
649 659 -0.471264
649 749 1.740753
650 651 0.304114
650 660 -0.439101
650 750 -0.129903
651 652 -1.050222
651 661 0.922647
651 751 1.000805
652 653 -0.145791
652 662 0.549274
652 752 1.444453
653 654 -1.399048
653 663 0.942061
653 753 -0.095999
654 655 -0.163276
654 664 0.203753
654 754 -0.916969
655 656 0.343920
655 665 0.889296
655 755 0.663327
656 657 -1.694049
656 666 0.175750
656 756 1.077238
657 658 -1.369474
657 667 -0.412286
657 757 0.643441
658 659 -0.111382
658 668 0.834068
658 758 0.432603
659 650 0.733997
659 669 1.271084
659 759 0.770836
660 661 -0.148219
660 670 0.878650
660 760 -0.099348
661 662 -1.808339
661 671 -2.578589
661 761 -1.423036
662 663 1.973301
662 672 -0.263242
662 762 -0.465721
663 664 -0.858881
663 673 0.594311
663 763 -0.633757
664 665 -0.264242
664 674 2.757171
664 764 0.342295
665 666 0.226441
665 675 0.355328
665 765 1.201534
666 667 -0.139004
666 676 -0.524894
666 766 0.251128
667 668 -1.005663
667 677 0.492241
667 767 0.957786
668 669 0.329963
668 678 -0.100641
668 768 -1.517134
669 660 -0.904008
669 679 0.175280
669 769 1.078806
670 671 -1.484876
670 680 0.946869
670 770 1.870618
671 672 -0.097683
671 681 -0.337460
671 771 1.046589
672 673 -1.500306
672 682 -0.356374
672 772 0.284714
673 674 1.984890
673 683 -0.069812
673 773 -0.825506
674 675 -0.561904
674 684 0.498316
674 774 0.205321
675 676 -1.123916
675 685 0.176428
675 775 -1.756510
676 677 -2.592351
676 686 -0.865602
676 776 1.649604
677 678 0.497185
677 687 -0.080412
677 777 0.367566
678 679 0.513702
678 688 0.993358
678 778 0.419483
679 670 0.773387
679 689 0.499076
679 779 -0.143322
680 681 0.630880
680 690 -0.708189
680 780 0.256226
681 682 0.600825
681 691 -0.409707
681 781 -0.674823
682 683 0.150964
682 692 2.531108
682 782 -0.252460
683 684 1.522526
683 693 0.191429
683 783 1.459355
684 685 -0.546548
684 694 1.634726
684 784 0.107927
685 686 0.635111
685 695 -0.670903
685 785 1.503283
686 687 0.440192
686 696 -1.483485
686 786 0.098916
687 688 -0.117556
687 697 -0.780649
687 787 1.579427
688 689 -0.329992
688 698 0.478464
688 788 -0.382211
689 680 -0.481086
689 699 -0.239923
689 789 -1.762745
690 691 -0.114570
690 600 -0.388771
690 790 0.048235
691 692 0.683236
691 601 0.798436
691 791 -1.227945
692 693 0.053890
692 602 0.115096
692 792 1.666887
693 694 0.245387
693 603 0.667594
693 793 0.582060
694 695 -0.877469
694 604 -0.032309
694 794 0.590615
695 696 -0.656067
695 605 1.409613
695 795 -1.317399
696 697 -0.565454
696 606 -0.214487
696 796 -1.000021
697 698 2.513852
697 607 -0.202279
697 797 -1.471698
698 699 -0.114627
698 608 -0.729834
698 798 -0.817256
699 690 -0.091301
699 609 -1.354492
699 799 0.572600
700 701 -0.005003
700 710 0.131745
700 800 0.524250
701 702 1.648114
701 711 1.034741
701 801 -0.628305
702 703 0.149348
702 712 -0.396123
702 802 0.712540
703 704 -2.024467
703 713 -0.786196
703 803 0.714623
704 705 -0.927936
704 714 -1.316084
704 804 0.897385
705 706 2.317058
705 715 0.243782
705 805 -0.445553
706 707 0.343296
706 716 -0.841828
706 806 0.978382
707 708 0.549143
707 717 1.259720
707 807 -1.517356
708 709 -1.061764
708 718 0.348446
708 808 -0.210019
709 700 0.391493
709 719 0.082538
709 809 0.219417
710 711 -1.635262
710 720 0.356175
710 810 -0.302313
711 712 0.612671
711 721 -1.454527
711 811 -0.023146
712 713 1.579900
712 722 1.023678
712 812 1.276877
713 714 -0.133711
713 723 0.334774
713 813 -1.323930
714 715 1.241459
714 724 -0.322581
714 814 -0.409023
715 716 1.935797
715 725 0.153332
715 815 0.071306
716 717 -1.459292
716 726 -1.667273
716 816 -1.281928
717 718 1.204528
717 727 0.619846
717 817 -1.152800
718 719 0.101598
718 728 -0.642187
718 818 -0.281214
719 710 1.276879
719 729 0.076664
719 819 -0.849645
720 721 -0.194954
720 730 0.124731
720 820 -0.195883
721 722 0.604433
721 731 0.327566
721 821 -0.486730
722 723 0.387018
722 732 1.009309
722 822 0.227208
723 724 -2.225848
723 733 0.107135
723 823 1.132049
724 725 -1.172465
724 734 0.208296
724 824 1.759097
725 726 -0.872006
725 735 -1.570106
725 825 -0.233086
726 727 -1.111359
726 736 -1.498247
726 826 -1.905500
727 728 0.296881
727 737 -0.492489
727 827 -0.712454
728 729 -1.600193
728 738 -0.347144
728 828 -1.578003
729 720 -0.714986
729 739 -0.575822
729 829 1.526486
730 731 -0.133360
730 740 -1.205536
730 830 -1.208751
731 732 1.403367
731 741 -0.161146
731 831 -0.776340
732 733 0.752183
732 742 0.159927
732 832 0.401629
733 734 0.758291
733 743 0.693994
733 833 0.632926
734 735 -0.382896
734 744 -0.403345
734 834 -0.374794
735 736 0.164304
735 745 -0.267322
735 835 0.691410
736 737 1.277564
736 746 1.996055
736 836 0.314574
737 738 0.860220
737 747 0.184569
737 837 -0.405503
738 739 -0.394072
738 748 1.115962
738 838 -2.117242
739 730 1.822213
739 749 0.029749
739 839 1.253634
740 741 -0.291673
740 750 -0.423419
740 840 -0.602627
741 742 0.124471
741 751 -0.524195
741 841 -0.417051
742 743 -0.064552
742 752 0.051793
742 842 1.057765
743 744 -2.208376
743 753 0.012940
743 843 -0.093284
744 745 0.079042
744 754 -1.783802
744 844 -0.737178
745 746 0.859878
745 755 0.789534
745 845 -0.085448
746 747 0.965566
746 756 1.583624
746 846 2.106325
747 748 1.167640
747 757 1.010540
747 847 0.594781
748 749 0.895756
748 758 -0.016596
748 848 1.327428
749 740 -1.276122
749 759 1.504462
749 849 0.855450
750 751 0.938355
750 760 0.755394
750 850 -0.583177
751 752 0.345256
751 761 0.623835
751 851 -0.644886
752 753 -1.382884
752 762 -0.575134
752 852 0.587863
753 754 0.275755
753 763 -1.100914
753 853 2.171742
754 755 0.260531
754 764 -0.254783
754 854 2.117172
755 756 -1.483546
755 765 -0.956483
755 855 0.245814
756 757 -0.620388
756 766 1.427849
756 856 -1.539739
757 758 0.149616
757 767 2.025091
757 857 0.424666
758 759 -0.017740
758 768 -1.066306
758 858 1.138737
759 750 -0.799449
759 769 -1.231037
759 859 0.211461
760 761 -0.681145
760 770 0.675923
760 860 0.902304
761 762 1.213204
761 771 -0.240307
761 861 -0.879726
762 763 -1.292068
762 772 -0.163713
762 862 1.020833
763 764 1.423216
763 773 0.384474
763 863 0.631222
764 765 -0.214235
764 774 0.529112
764 864 0.433300
765 766 0.587774
765 775 -0.615038
765 865 0.517582
766 767 -0.234819
766 776 1.817804
766 866 1.426132
767 768 -1.217584
767 777 0.840389
767 867 -2.034100
768 769 -1.099992
768 778 -0.957882
768 868 -1.116445
769 760 0.285099
769 779 2.022764
769 869 0.680767
770 771 -0.036374
770 780 0.635306
770 870 0.757640
771 772 -1.273207
771 781 0.635751
771 871 1.694188
772 773 -0.867841
772 782 -0.194635
772 872 -1.426501
773 774 0.783789
773 783 0.560957
773 873 0.748447
774 775 -1.130007
774 784 -1.558502
774 874 2.494140
775 776 0.927311
775 785 1.640515
775 875 0.493156
776 777 0.117216
776 786 1.177452
776 876 -0.852745
777 778 -0.458298
777 787 0.265943
777 877 0.654985
778 779 -0.178255
778 788 -1.479692
778 878 -0.294318
779 770 1.591975
779 789 -0.946761
779 879 -0.157502
780 781 -0.215476
780 790 1.359479
780 880 1.213189
781 782 -1.108954
781 791 0.732393
781 881 -1.247775
782 783 1.215974
782 792 2.290742
782 882 -0.620151
783 784 -0.502644
783 793 0.583323
783 883 1.638536
784 785 0.027179
784 794 -0.210662
784 884 -0.270300
785 786 1.362907
785 795 1.458801
785 885 -0.177666
786 787 -1.013658
786 796 -0.481527
786 886 -0.126490
787 788 -0.541889
787 797 0.883563
787 887 -0.623700
788 789 1.946691
788 798 -1.367399
788 888 1.447152
789 780 0.320501
789 799 -0.264901
789 889 -1.063530
790 791 -1.454757
790 700 -0.119547
790 890 -0.051773
791 792 1.525850
791 701 -0.950364
791 891 0.223811
792 793 -0.865295
792 702 0.979896
792 892 1.083771
793 794 -0.413433
793 703 -1.306266
793 893 0.354159
794 795 1.988821
794 704 -0.158722
794 894 -0.246245
795 796 -0.325130
795 705 0.597033
795 895 -0.467495
796 797 -0.673504
796 706 1.818187
796 896 -0.187690
797 798 0.467536
797 707 -0.359243
797 897 0.017799
798 799 0.749449
798 708 -1.144468
798 898 -0.094234
799 790 -1.106848
799 709 0.491556
799 899 -0.094396
800 801 -0.815062
800 810 0.207094
800 900 1.488242
801 802 -0.505047
801 811 0.626895
801 901 -0.339390
802 803 -1.127518
802 812 0.111615
802 902 -0.868019
803 804 -0.642622
803 813 -0.447072
803 903 -0.040572
804 805 -0.960670
804 814 0.221264
804 904 1.278328
805 806 -0.551578
805 815 1.371728
805 905 -0.491623
806 807 -0.068429
806 816 -0.140776
806 906 0.965385
807 808 0.703863
807 817 -0.811834
807 907 -0.490325
808 809 -0.294560
808 818 -0.186016
808 908 0.094300
809 800 -1.562608
809 819 -1.342217
809 909 -0.601712
810 811 0.368775
810 820 -0.183758
810 910 0.477556
811 812 0.912139
811 821 -0.228923
811 911 -1.406697
812 813 -0.488657
812 822 -0.531548
812 912 -0.479205
813 814 1.010360
813 823 0.314641
813 913 -0.383738
814 815 0.152246
814 824 -0.903933
814 914 0.870165
815 816 0.706864
815 825 -0.823319
815 915 0.756920
816 817 -0.569714
816 826 0.828621
816 916 0.334061
817 818 -0.654415
817 827 -1.025615
817 917 -0.027785
818 819 -1.268478
818 828 0.161386
818 918 1.141138
819 810 0.444768
819 829 0.106883
819 919 0.102856
820 821 0.862320
820 830 0.153342
820 920 -0.062185
821 822 0.261498
821 831 -0.340416
821 921 -1.648997
822 823 0.400859
822 832 2.239536
822 922 -1.228898
823 824 0.199659
823 833 -0.730615
823 923 1.045772
824 825 1.456676
824 834 0.014281
824 924 0.107623
825 826 0.896545
825 835 0.871232
825 925 0.927179
826 827 0.808625
826 836 0.365141
826 926 -0.030909
827 828 -0.139683
827 837 1.295074
827 927 -0.349327
828 829 1.023412
828 838 -0.490650
828 928 1.030088
829 820 -1.516094
829 839 0.797215
829 929 1.156483
830 831 0.960783
830 840 0.792518
830 930 -1.476136
831 832 1.105299
831 841 0.713647
831 931 -0.997833
832 833 -0.207707
832 842 -0.425592
832 932 -0.481953
833 834 0.119393
833 843 0.816194
833 933 1.996353
834 835 1.207766
834 844 0.370256
834 934 -1.405155
835 836 -0.756383
835 845 -0.539665
835 935 -1.655733
836 837 0.203562
836 846 1.073441
836 936 -0.321311
837 838 0.233681
837 847 -0.263269
837 937 -1.218630
838 839 -0.706074
838 848 0.709159
838 938 -0.158302
839 830 1.013371
839 849 -1.429926
839 939 -0.928332
840 841 0.758933
840 850 1.066151
840 940 1.051572
841 842 -0.804939
841 851 0.063480
841 941 -1.823248
842 843 -0.817130
842 852 -2.208604
842 942 0.389063
843 844 2.339471
843 853 -0.354736
843 943 1.273068
844 845 -0.405505
844 854 -0.025348
844 944 0.575725
845 846 -0.411518
845 855 2.123391
845 945 0.486725
846 847 1.343970
846 856 -0.293539
846 946 -1.378201
847 848 1.018385
847 857 -1.781864
847 947 -0.255457
848 849 0.667727
848 858 0.077075
848 948 -0.009319
849 840 -0.579445
849 859 -0.900906
849 949 -1.064313
850 851 -0.540140
850 860 -0.366976
850 950 0.258545
851 852 1.832278
851 861 -1.202408
851 951 2.192122
852 853 -0.310622
852 862 0.406438
852 952 -0.547210
853 854 0.890798
853 863 1.555899
853 953 0.171417
854 855 0.774802
854 864 -1.160095
854 954 -2.437459
855 856 0.122092
855 865 -0.578830
855 955 -0.453989
856 857 1.256624
856 866 -0.193294
856 956 -0.203919
857 858 0.218937
857 867 -1.388502
857 957 -0.112983
858 859 -0.436076
858 868 -0.068260
858 958 1.077175
859 850 -1.259666
859 869 -0.540236
859 959 -0.088389
860 861 -1.202947
860 870 0.521056
860 960 0.960181
861 862 1.980868
861 871 -0.347669
861 961 0.726977
862 863 -0.682033
862 872 -0.128572
862 962 -0.168538
863 864 -0.374445
863 873 0.639982
863 963 -1.556128
864 865 -0.133004
864 874 0.359467
864 964 -0.542544
865 866 -0.748060
865 875 -0.190439
865 965 2.274998
866 867 -0.464748
866 876 -0.946801
866 966 -0.137883
867 868 -1.282314
867 877 1.090361
867 967 -0.271612
868 869 1.291828
868 878 0.863661
868 968 -0.355547
869 860 0.573246
869 879 0.400389
869 969 1.203106
870 871 -1.136811
870 880 0.934687
870 970 -0.442275
871 872 -1.408401
871 881 1.624174
871 971 -1.740348
872 873 -0.059788
872 882 -0.554962
872 972 1.106324
873 874 -1.271571
873 883 -1.711198
873 973 -0.215575
874 875 0.236971
874 884 0.307123
874 974 0.220427
875 876 -0.240578
875 885 -1.174515
875 975 -0.420440
876 877 1.563295
876 886 -0.475210
876 976 -1.286838
877 878 0.198042
877 887 -0.827858
877 977 -0.864170
878 879 1.063726
878 888 -1.389931
878 978 -0.484484
879 870 -0.326959
879 889 -0.700640
879 979 -1.085886
880 881 -0.838913
880 890 -0.709263
880 980 0.207543
881 882 -0.334541
881 891 0.192493
881 981 -0.482065
882 883 0.036808
882 892 -0.478341
882 982 2.252921
883 884 0.360452
883 893 0.514854
883 983 -1.298112
884 885 -0.735400
884 894 -0.025226
884 984 0.423142
885 886 -0.620562
885 895 -0.493442
885 985 1.914012
886 887 -0.732546
886 896 1.223263
886 986 3.233706
887 888 0.840617
887 897 0.294735
887 987 -0.926685
888 889 -0.893397
888 898 0.867577
888 988 0.663359
889 880 1.187630
889 899 0.590247
889 989 -0.828334
890 891 -1.843156
890 800 1.624735
890 990 -3.037539
891 892 0.954355
891 801 0.245675
891 991 0.928950
892 893 -0.441883
892 802 1.379828
892 992 0.929903
893 894 -0.808886
893 803 -0.001464
893 993 -0.289168
894 895 1.520402
894 804 -0.223816
894 994 0.003204
895 896 0.071633
895 805 -1.539652
895 995 -0.236912
896 897 -0.537981
896 806 -0.885567
896 996 -0.090816
897 898 0.821059
897 807 0.967083
897 997 -0.254723
898 899 0.107692
898 808 -2.902928
898 998 0.493631
899 890 0.689561
899 809 -0.845044
899 999 0.328418
900 901 0.596613
900 910 0.426924
900 0 0.681224
901 902 -0.899602
901 911 0.800704
901 1 -0.796656
902 903 -0.698329
902 912 1.952033
902 2 0.280770
903 904 0.767469
903 913 0.191099
903 3 0.127642
904 905 0.347188
904 914 -0.292771
904 4 0.525844
905 906 -1.287227
905 915 -0.830930
905 5 2.399314
906 907 0.535987
906 916 -0.456791
906 6 -0.289278
907 908 0.338403
907 917 -1.456904
907 7 -0.601315
908 909 2.188752
908 918 0.373889
908 8 -0.186234
909 900 -0.212148
909 919 -0.411550
909 9 1.204088
910 911 0.120560
910 920 0.455516
910 10 -1.959313
911 912 -0.395544
911 921 -0.476974
911 11 1.116116
912 913 -0.156124
912 922 1.011540
912 12 0.283460
913 914 1.886216
913 923 2.153180
913 13 1.348163
914 915 -1.443457
914 924 0.013945
914 14 0.789977
915 916 0.114500
915 925 0.520143
915 15 0.496657
916 917 0.859609
916 926 -0.992639
916 16 0.829740
917 918 0.278770
917 927 -0.915799
917 17 1.129179
918 919 -0.344425
918 928 0.209153
918 18 -0.294151
919 910 1.251715
919 929 0.261462
919 19 -0.580770
920 921 0.584211
920 930 -1.608125
920 20 -1.768744
921 922 -1.018908
921 931 1.277990
921 21 0.173393
922 923 0.016672
922 932 0.271378
922 22 0.207316
923 924 0.940855
923 933 -0.136124
923 23 0.059721
924 925 -0.797689
924 934 1.219713
924 24 -0.429477
925 926 -1.049845
925 935 0.742490
925 25 0.743431
926 927 -1.809955
926 936 1.883563
926 26 -0.244056
927 928 -0.016441
927 937 0.368200
927 27 -0.460881
928 929 -0.621232
928 938 -0.165766
928 28 -1.188574
929 920 -0.715618
929 939 0.018504
929 29 0.532721
930 931 -1.018428
930 940 -0.475843
930 30 -0.643119
931 932 0.318232
931 941 1.027312
931 31 0.397264
932 933 -0.582467
932 942 -0.235233
932 32 -1.474647
933 934 1.421720
933 943 0.344709
933 33 0.563813
934 935 0.507771
934 944 0.779231
934 34 0.242187
935 936 0.410089
935 945 -0.358456
935 35 -0.393051
936 937 -0.786760
936 946 0.028631
936 36 1.405807
937 938 -0.513071
937 947 -0.339630
937 37 0.788160
938 939 0.343273
938 948 -1.614969
938 38 0.202576
939 930 -1.012785
939 949 -0.337592
939 39 -0.078856
940 941 0.399875
940 950 -0.956779
940 40 -0.530725
941 942 3.043089
941 951 -1.097610
941 41 0.348054
942 943 0.878765
942 952 -0.327113
942 42 0.804147
943 944 -1.239189
943 953 0.602042
943 43 0.166987
944 945 0.027195
944 954 -1.476438
944 44 -0.479651
945 946 0.335021
945 955 -1.000755
945 45 -0.303162
946 947 0.008174
946 956 1.458185
946 46 1.118889
947 948 -0.068175
947 957 0.041036
947 47 -0.185671
948 949 -0.158000
948 958 0.676530
948 48 0.098308
949 940 -1.579203
949 959 0.264241
949 49 0.670172
950 951 -0.501499
950 960 -0.788913
950 50 0.892341
951 952 2.133050
951 961 -1.495443
951 51 0.679935
952 953 1.452435
952 962 -1.008851
952 52 -1.270576
953 954 0.582472
953 963 -0.830599
953 53 -0.893373
954 955 0.632110
954 964 -1.301338
954 54 -0.624320
955 956 0.211081
955 965 0.465916
955 55 -0.507711
956 957 -0.934540
956 966 1.305645
956 56 -1.873112
957 958 -0.183210
957 967 0.690986
957 57 -0.555918
958 959 -1.317971
958 968 1.112960
958 58 -0.038138
959 950 -0.245221
959 969 0.659352
959 59 0.645205
960 961 -0.741665
960 970 0.604652
960 60 2.796058
961 962 1.984838
961 971 0.449954
961 61 0.655069
962 963 -1.133494
962 972 -0.294984
962 62 -0.244669
963 964 -2.335891
963 973 0.396609
963 63 2.927366
964 965 -0.478021
964 974 -0.374937
964 64 2.327363
965 966 1.822296
965 975 0.949030
965 65 -0.628087
966 967 0.113535
966 976 0.251773
966 66 -0.525200
967 968 0.544440
967 977 -1.581019
967 67 -0.403798
968 969 0.788094
968 978 0.328641
968 68 0.510827
969 960 -0.148073
969 979 -0.605478
969 69 -1.783779
970 971 -0.657677
970 980 -1.190060
970 70 0.900986
971 972 -1.895741
971 981 0.539222
971 71 -0.883744
972 973 -1.329736
972 982 -0.981562
972 72 1.006796
973 974 0.351721
973 983 -1.576689
973 73 -2.381422
974 975 1.635774
974 984 0.389268
974 74 -0.431690
975 976 -1.020669
975 985 1.216658
975 75 -1.311730
976 977 -0.251668
976 986 0.379106
976 76 -0.443793
977 978 1.551204
977 987 -0.421335
977 77 0.684906
978 979 -0.314454
978 988 -0.599011
978 78 0.115326
979 970 -1.541658
979 989 0.029723
979 79 1.062863
980 981 1.947584
980 990 -1.127350
980 80 -0.447030
981 982 -1.277418
981 991 0.567346
981 81 -1.028463
982 983 -0.124406
982 992 1.246010
982 82 -0.907018
983 984 0.213858
983 993 -0.442308
983 83 -0.697027
984 985 -0.502485
984 994 0.061182
984 84 -0.480143
985 986 1.304603
985 995 -1.765510
985 85 0.315415
986 987 -0.654076
986 996 -0.912985
986 86 0.152068
987 988 -1.825850
987 997 -0.105430
987 87 1.747526
988 989 0.546264
988 998 0.059393
988 88 0.271238
989 980 1.336504
989 999 2.367261
989 89 0.207505
990 991 0.079191
990 900 0.462380
990 90 1.106545
991 992 -2.032880
991 901 0.544555
991 91 -0.249389
992 993 -0.341017
992 902 -0.130476
992 92 0.544733
993 994 0.326783
993 903 0.265891
993 93 0.997825
994 995 -0.765809
994 904 0.281753
994 94 -1.495105
995 996 2.315057
995 905 -0.617174
995 95 -0.819541
996 997 0.811482
996 906 0.196525
996 96 -0.529956
997 998 0.282159
997 907 0.761939
997 97 -0.637065
998 999 -0.828371
998 908 -0.435858
998 98 1.658606
999 990 -0.847317
999 909 0.546237
999 99 -0.299880
