0 1 1.918867
0 10 -0.613657
0 100 -0.589680
1 2 -0.813558
1 11 0.006883
1 101 -1.225392
2 3 0.168622
2 12 -0.150417
2 102 0.182125
3 4 0.793775
3 13 -0.582157
3 103 2.499189
4 5 1.236231
4 14 0.963750
4 104 -2.207203
5 6 0.279171
5 15 -0.340637
5 105 -0.190816
6 7 1.491387
6 16 -0.572549
6 106 0.249839
7 8 0.760867
7 17 -0.333703
7 107 0.332136
8 9 0.157455
8 18 0.664814
8 108 0.243071
9 0 2.234407
9 19 0.152167
9 109 0.427889
10 11 -0.989151
10 20 -0.284999
10 110 -0.546932
11 12 0.070821
11 21 1.304614
11 111 0.493788
12 13 0.375118
12 22 -0.807723
12 112 2.037393
13 14 0.155545
13 23 0.714535
13 113 -0.179017
14 15 1.551996
14 24 0.451265
14 114 -1.027593
15 16 0.029201
15 25 -0.068094
15 115 -0.571303
16 17 -1.143652
16 26 -1.259457
16 116 -0.402494
17 18 -0.798895
17 27 -0.669505
17 117 -1.088235
18 19 0.516906
18 28 0.018544
18 118 -0.556719
19 10 -1.666643
19 29 -1.726272
19 119 -0.350911
20 21 -0.330482
20 30 -0.428072
20 120 -0.966627
21 22 0.171668
21 31 -0.150746
21 121 1.836947
22 23 0.112196
22 32 0.292801
22 122 -1.642497
23 24 -0.507407
23 33 -0.794260
23 123 0.553997
24 25 0.361223
24 34 -1.270599
24 124 0.076843
25 26 0.477709
25 35 0.517816
25 125 0.257837
26 27 0.468382
26 36 0.576445
26 126 2.626023
27 28 -1.366117
27 37 -1.843422
27 127 1.946002
28 29 1.824526
28 38 0.580078
28 128 0.589247
29 20 0.014911
29 39 0.999574
29 129 0.239832
30 31 0.549663
30 40 0.777144
30 130 -0.230267
31 32 0.896434
31 41 -0.477930
31 131 0.761714
32 33 -0.432269
32 42 0.313001
32 132 -0.495173
33 34 -0.805095
33 43 -0.415312
33 133 -0.676776
34 35 0.030757
34 44 -1.878982
34 134 -0.011164
35 36 -0.934322
35 45 -0.934306
35 135 0.811587
36 37 -0.890809
36 46 1.032460
36 136 0.483337
37 38 -1.434544
37 47 0.628591
37 137 0.013548
38 39 -1.360527
38 48 -1.659483
38 138 -0.587750
39 30 1.731550
39 49 1.327630
39 139 0.188260
40 41 2.175739
40 50 0.656780
40 140 -1.430300
41 42 2.569489
41 51 0.774436
41 141 -0.532788
42 43 1.748951
42 52 1.522720
42 142 -0.462999
43 44 -1.139139
43 53 -0.200755
43 143 -0.544935
44 45 0.219369
44 54 -0.404465
44 144 -0.586157
45 46 -0.410307
45 55 -0.912956
45 145 -1.409807
46 47 2.013452
46 56 -1.060044
46 146 1.908818
47 48 -0.272582
47 57 -0.332081
47 147 -0.565282
48 49 0.999239
48 58 0.220429
48 148 0.261510
49 40 -0.842511
49 59 0.294435
49 149 -0.443238
50 51 -1.499279
50 60 0.276282
50 150 -1.510834
51 52 0.740552
51 61 -0.731796
51 151 -1.000844
52 53 -0.681092
52 62 0.899349
52 152 1.254095
53 54 0.814658
53 63 1.211885
53 153 2.475535
54 55 0.498432
54 64 -0.733811
54 154 1.150522
55 56 -0.319785
55 65 -1.321934
55 155 0.204888
56 57 0.002065
56 66 0.157446
56 156 1.866678
57 58 -1.300225
57 67 0.781319
57 157 0.849035
58 59 -0.766469
58 68 0.189736
58 158 -1.482045
59 50 0.307624
59 69 -0.940789
59 159 -1.223628
60 61 0.378594
60 70 0.693986
60 160 -0.492230
61 62 -0.648768
61 71 0.507634
61 161 -1.415686
62 63 -0.059594
62 72 -0.851218
62 162 -1.384682
63 64 -0.510420
63 73 0.204988
63 163 -0.585870
64 65 -0.500447
64 74 1.182797
64 164 0.663388
65 66 1.948256
65 75 0.617441
65 165 0.024619
66 67 -0.250644
66 76 -1.370537
66 166 0.207948
67 68 1.970235
67 77 0.225359
67 167 1.247626
68 69 1.052831
68 78 -0.834985
68 168 -0.322680
69 60 0.493540
69 79 -1.760356
69 169 0.781580
70 71 0.949185
70 80 -2.142631
70 170 -0.216365
71 72 0.795593
71 81 0.650208
71 171 0.062784
72 73 0.100861
72 82 0.497199
72 172 -0.294108
73 74 1.653327
73 83 0.257180
73 173 -2.148550
74 75 2.416199
74 84 -0.923659
74 174 0.285108
75 76 0.415808
75 85 -0.287520
75 175 0.116396
76 77 -0.322718
76 86 0.816066
76 176 -0.336842
77 78 -0.503616
77 87 0.595573
77 177 -0.200123
78 79 -0.328775
78 88 0.068311
78 178 -0.343277
79 70 1.311379
79 89 1.323250
79 179 1.962681
80 81 0.631711
80 90 0.593890
80 180 -0.515203
81 82 1.569661
81 91 1.469032
81 181 1.322442
82 83 -0.638313
82 92 0.742680
82 182 -1.034079
83 84 -0.299471
83 93 0.225647
83 183 1.768212
84 85 -0.610647
84 94 -0.318124
84 184 1.669441
85 86 0.129415
85 95 0.344827
85 185 0.401238
86 87 -1.273814
86 96 -1.262966
86 186 -0.257797
87 88 -0.960854
87 97 -0.757805
87 187 0.114440
88 89 0.027479
88 98 -0.008830
88 188 1.214985
89 80 0.362393
89 99 -1.210246
89 189 -0.991080
90 91 -1.078085
90 0 -0.429155
90 190 -1.342892
91 92 -0.066003
91 1 -0.969938
91 191 -0.094511
92 93 0.510888
92 2 -1.504755
92 192 -0.436020
93 94 -0.461933
93 3 -0.876932
93 193 -1.167836
94 95 0.080427
94 4 -2.191869
94 194 -0.261194
95 96 -0.324205
95 5 -0.452551
95 195 -0.183916
96 97 -0.132260
96 6 -0.297549
96 196 -0.846438
97 98 -0.299676
97 7 0.514143
97 197 0.929549
98 99 -1.239910
98 8 -0.756544
98 198 -1.418508
99 90 0.127793
99 9 -0.377078
99 199 0.288703
100 101 -0.896582
100 110 2.124469
100 200 0.319472
101 102 2.203124
101 111 -1.051783
101 201 -1.062886
102 103 0.721951
102 112 0.386364
102 202 0.481925
103 104 0.587248
103 113 0.832431
103 203 -0.747261
104 105 -0.625972
104 114 -0.180128
104 204 0.305272
105 106 -0.708905
105 115 -1.153537
105 205 0.753471
106 107 -0.513634
106 116 -0.019721
106 206 0.474272
107 108 0.385867
107 117 0.498063
107 207 -1.333542
108 109 0.582206
108 118 -1.702677
108 208 -1.209913
109 100 2.634219
109 119 -1.468467
109 209 0.209770
110 111 0.083703
110 120 -0.731325
110 210 -0.241307
111 112 -0.900788
111 121 0.676689
111 211 1.221738
112 113 0.494762
112 122 0.750530
112 212 0.776058
113 114 0.224641
113 123 -0.748668
113 213 -1.315219
114 115 -0.166151
114 124 0.361493
114 214 -1.123895
115 116 0.112287
115 125 0.589640
115 215 0.035177
116 117 0.749682
116 126 -0.375023
116 216 0.538336
117 118 -0.012986
117 127 -1.209745
117 217 0.113560
118 119 -0.839309
118 128 -1.893698
118 218 0.198239
119 110 -0.067239
119 129 -0.039895
119 219 0.189055
120 121 -1.021957
120 130 -0.338509
120 220 -0.506781
121 122 -0.522319
121 131 -0.542913
121 221 -0.070981
122 123 1.901486
122 132 1.043991
122 222 -0.775516
123 124 -0.276407
123 133 0.918978
123 223 0.018928
124 125 -0.201077
124 134 0.884726
124 224 -0.474742
125 126 0.350425
125 135 -0.678909
125 225 0.527992
126 127 -0.395798
126 136 -2.749743
126 226 -0.379817
127 128 -1.454582
127 137 0.101038
127 227 -0.969526
128 129 0.499487
128 138 0.574897
128 228 0.272440
129 120 2.269347
129 139 0.223807
129 229 -0.567222
130 131 0.560872
130 140 0.732864
130 230 1.885271
131 132 1.473403
131 141 -1.002712
131 231 -1.720914
132 133 -0.628575
132 142 1.405447
132 232 -0.552783
133 134 -2.079089
133 143 0.200842
133 233 0.592017
134 135 0.875307
134 144 1.003582
134 234 0.576386
135 136 -0.730923
135 145 -1.640627
135 235 0.186425
136 137 0.772187
136 146 -1.285772
136 236 0.758537
137 138 0.314052
137 147 -0.903392
137 237 1.246588
138 139 -0.790845
138 148 -0.854211
138 238 0.652193
139 130 -1.203487
139 149 -0.572914
139 239 -0.186370
140 141 0.741044
140 150 1.238890
140 240 -0.147038
141 142 0.719493
141 151 0.534275
141 241 -0.064636
142 143 -0.537939
142 152 0.787112
142 242 -2.375906
143 144 1.179182
143 153 -0.460970
143 243 -2.546696
144 145 -0.256235
144 154 1.492458
144 244 0.637030
145 146 1.103848
145 155 -0.694486
145 245 0.169321
146 147 1.289387
146 156 -1.694296
146 246 0.873571
147 148 -0.786932
147 157 0.508211
147 247 0.553493
148 149 1.916345
148 158 -1.067471
148 248 -0.301937
149 140 0.272701
149 159 0.144243
149 249 -0.385676
150 151 -0.202138
150 160 -0.332748
150 250 -0.577804
151 152 -1.036837
151 161 0.071131
151 251 -0.792204
152 153 2.192638
152 162 -0.675754
152 252 -1.634630
153 154 0.102740
153 163 -0.594957
153 253 0.452162
154 155 0.201082
154 164 -2.520726
154 254 0.373235
155 156 -1.603789
155 165 -0.028838
155 255 -1.915233
156 157 -1.368231
156 166 0.518378
156 256 -0.658080
157 158 -0.747233
157 167 0.107296
157 257 -1.416920
158 159 0.737616
158 168 1.715221
158 258 1.470538
159 150 -1.389405
159 169 -1.210022
159 259 -0.281507
160 161 1.302341
160 170 -0.753728
160 260 -0.258542
161 162 -0.353503
161 171 -0.209631
161 261 0.668537
162 163 0.857216
162 172 -0.169361
162 262 0.531765
163 164 -0.702688
163 173 -0.422735
163 263 1.364120
164 165 -2.098711
164 174 0.123403
164 264 -2.425578
165 166 -0.602508
165 175 0.879522
165 265 -0.172978
166 167 0.131660
166 176 0.312563
166 266 0.997153
167 168 2.452999
167 177 -0.356537
167 267 -0.003654
168 169 2.022968
168 178 1.627429
168 268 -0.084872
169 160 0.303652
169 179 -0.932929
169 269 -1.123225
170 171 -1.772103
170 180 0.064130
170 270 -0.786382
171 172 0.839115
171 181 0.369046
171 271 0.630125
172 173 0.286553
172 182 -2.032633
172 272 0.738454
173 174 1.588790
173 183 0.124132
173 273 -1.780702
174 175 0.179732
174 184 0.925398
174 274 -0.549154
175 176 -1.668804
175 185 0.276062
175 275 -0.829973
176 177 -1.191960
176 186 1.349862
176 276 -0.297256
177 178 -2.252560
177 187 -1.329384
177 277 -0.005773
178 179 0.474142
178 188 -1.623538
178 278 1.076142
179 170 -0.235956
179 189 0.977874
179 279 -0.105197
180 181 -0.229364
180 190 -0.250203
180 280 -1.552081
181 182 -0.777757
181 191 0.179381
181 281 -0.180271
182 183 1.441279
182 192 1.231345
182 282 -0.889468
183 184 0.309940
183 193 0.569420
183 283 -0.599665
184 185 -1.404644
184 194 0.098043
184 284 -0.392998
185 186 -0.292838
185 195 -0.231334
185 285 -0.622900
186 187 -0.889474
186 196 0.413468
186 286 0.169954
187 188 1.180415
187 197 0.687869
187 287 0.410526
188 189 -0.024798
188 198 0.300824
188 288 -0.060078
189 180 1.569276
189 199 -0.734156
189 289 -0.515935
190 191 0.174848
190 100 -0.135515
190 290 0.439995
191 192 -0.216361
191 101 0.127473
191 291 -0.669314
192 193 0.472178
192 102 1.682086
192 292 0.005676
193 194 1.382628
193 103 -0.182526
193 293 -0.850778
194 195 0.770288
194 104 -0.411304
194 294 0.540899
195 196 0.091414
195 105 1.074251
195 295 0.772613
196 197 0.291811
196 106 -0.799239
196 296 -0.313193
197 198 -0.104075
197 107 1.323895
197 297 -0.433345
198 199 0.209606
198 108 -0.262655
198 298 2.318241
199 190 0.323333
199 109 -1.410873
199 299 0.207031
200 201 1.321015
200 210 -0.637956
200 300 0.318610
201 202 1.388808
201 211 -0.252336
201 301 0.245451
202 203 1.252010
202 212 1.587322
202 302 1.810611
203 204 0.622428
203 213 -1.596623
203 303 -0.509199
204 205 0.368798
204 214 -0.381343
204 304 1.481818
205 206 -0.595260
205 215 0.816428
205 305 0.342220
206 207 -2.192043
206 216 -0.485473
206 306 0.224728
207 208 0.890246
207 217 1.102345
207 307 -1.445094
208 209 -0.502051
208 218 -1.098830
208 308 0.658261
209 200 -2.208100
209 219 2.127598
209 309 0.591369
210 211 1.072815
210 220 -0.885965
210 310 0.505980
211 212 0.854217
211 221 2.108285
211 311 0.922266
212 213 0.575167
212 222 -0.124886
212 312 -0.204868
213 214 -0.456642
213 223 1.436015
213 313 0.738202
214 215 0.198923
214 224 1.824693
214 314 -0.474422
215 216 1.571846
215 225 1.491081
215 315 -1.297208
216 217 0.211350
216 226 0.352088
216 316 -3.294160
217 218 0.123658
217 227 -1.905059
217 317 0.969651
218 219 0.865905
218 228 0.098705
218 318 -0.145718
219 210 -0.888575
219 229 -0.314402
219 319 0.027332
220 221 0.599574
220 230 0.397431
220 320 -0.697027
221 222 0.954327
221 231 -0.552615
221 321 -0.255404
222 223 0.784558
222 232 0.260444
222 322 0.185038
223 224 1.852176
223 233 0.800797
223 323 0.007529
224 225 -0.318581
224 234 2.024680
224 324 0.660370
225 226 -2.760161
225 235 0.496188
225 325 1.683056
226 227 0.761391
226 236 -0.190747
226 326 0.727203
227 228 -0.656278
227 237 -1.180126
227 327 -0.212980
228 229 0.804256
228 238 -1.606468
228 328 0.335878
229 220 -1.791194
229 239 0.017606
229 329 -1.832226
230 231 -0.078452
230 240 1.321133
230 330 -0.826500
231 232 0.050877
231 241 0.241556
231 331 1.440591
232 233 -0.056986
232 242 0.296711
232 332 0.926711
233 234 -1.561125
233 243 2.711371
233 333 -0.894792
234 235 -1.285208
234 244 0.648983
234 334 0.916485
235 236 0.432236
235 245 0.381457
235 335 -0.950449
236 237 -0.437007
236 246 -1.676470
236 336 -1.583984
237 238 -0.282597
237 247 0.237369
237 337 -0.294271
238 239 0.105379
238 248 -0.317980
238 338 0.599701
239 230 0.230882
239 249 0.254587
239 339 -0.117561
240 241 0.223761
240 250 -1.630847
240 340 0.316930
241 242 0.089592
241 251 -1.228191
241 341 1.414089
242 243 0.534345
242 252 0.381906
242 342 -0.510079
243 244 1.106909
243 253 0.711265
243 343 -1.344061
244 245 0.843753
244 254 -0.315847
244 344 1.643539
245 246 -1.288752
245 255 2.056692
245 345 -0.910829
246 247 -0.046508
246 256 -2.009769
246 346 -3.922009
247 248 -0.751737
247 257 0.586553
247 347 1.034727
248 249 0.031099
248 258 2.243811
248 348 -0.460890
249 240 -1.450434
249 259 -0.472316
249 349 1.503305
250 251 -0.231149
250 260 0.613502
250 350 -0.056305
251 252 -2.024118
251 261 -0.321050
251 351 0.947202
252 253 1.888104
252 262 1.024954
252 352 -0.384411
253 254 1.353099
253 263 -1.566306
253 353 0.418620
254 255 1.503145
254 264 0.877715
254 354 -0.745492
255 256 0.418452
255 265 -1.893257
255 355 -1.354949
256 257 1.158522
256 266 1.567654
256 356 -0.912915
257 258 1.269641
257 267 0.011848
257 357 -1.955912
258 259 -0.564625
258 268 -0.144118
258 358 0.038129
259 250 -2.422533
259 269 -1.255974
259 359 -2.456394
260 261 -0.575959
260 270 -0.232196
260 360 -2.252531
261 262 -0.075841
261 271 2.084646
261 361 -0.884024
262 263 0.856518
262 272 -1.048990
262 362 -0.995518
263 264 2.343441
263 273 0.763697
263 363 -0.619146
264 265 -0.903745
264 274 0.385412
264 364 -1.124607
265 266 0.525828
265 275 -2.020568
265 365 -0.014640
266 267 0.720989
266 276 -0.132344
266 366 -1.876966
267 268 -0.220130
267 277 1.302616
267 367 -0.987855
268 269 0.832472
268 278 1.341243
268 368 0.601088
269 260 0.049059
269 279 0.489133
269 369 1.021530
270 271 1.033718
270 280 0.318437
270 370 -0.405440
271 272 0.473605
271 281 -0.481240
271 371 -1.563599
272 273 0.576865
272 282 1.172612
272 372 0.625822
273 274 -0.516040
273 283 -0.937432
273 373 1.063493
274 275 0.098881
274 284 -1.179044
274 374 0.052698
275 276 -0.070405
275 285 -1.183275
275 375 0.500672
276 277 0.548168
276 286 0.847155
276 376 0.946302
277 278 -0.370982
277 287 -0.404859
277 377 -0.772100
278 279 -0.212907
278 288 0.331375
278 378 0.955609
279 270 -1.083296
279 289 -1.804010
279 379 0.939635
280 281 -0.405736
280 290 0.385296
280 380 -0.832153
281 282 -0.460273
281 291 -0.792147
281 381 -0.010567
282 283 1.723228
282 292 -0.148697
282 382 -1.362724
283 284 -0.249875
283 293 -0.713557
283 383 -0.384332
284 285 -0.155343
284 294 1.521913
284 384 0.446234
285 286 0.475200
285 295 0.869237
285 385 -0.127972
286 287 -0.520161
286 296 0.061021
286 386 0.282504
287 288 -0.003229
287 297 -0.335411
287 387 -1.285254
288 289 -1.110306
288 298 -1.366727
288 388 -0.241050
289 280 -0.854474
289 299 0.708108
289 389 -1.397010
290 291 0.984655
290 200 0.841556
290 390 -0.570727
291 292 0.835884
291 201 0.401260
291 391 0.208203
292 293 1.479543
292 202 -0.484142
292 392 0.759462
293 294 0.054868
293 203 -0.021172
293 393 0.260421
294 295 0.654770
294 204 -1.850890
294 394 0.208153
295 296 1.977868
295 205 0.156038
295 395 -1.457618
296 297 -0.074638
296 206 -0.159495
296 396 -0.407581
297 298 0.845233
297 207 -0.217417
297 397 -0.410932
298 299 -0.075022
298 208 -1.094170
298 398 -0.455484
299 290 -0.753695
299 209 0.113485
299 399 0.181335
300 301 -0.260837
300 310 -1.121945
300 400 -0.102580
301 302 -1.484476
301 311 0.354615
301 401 -0.726452
302 303 0.740014
302 312 0.632854
302 402 -0.066708
303 304 -0.671772
303 313 0.956486
303 403 1.060807
304 305 0.126644
304 314 -0.359422
304 404 -0.453267
305 306 -0.646387
305 315 0.771748
305 405 0.010838
306 307 0.687880
306 316 -0.494787
306 406 -1.051220
307 308 1.333151
307 317 0.760993
307 407 1.490979
308 309 -2.733505
308 318 0.116101
308 408 -0.413075
309 300 -0.048932
309 319 0.013143
309 409 -0.650480
310 311 -1.425397
310 320 -0.346255
310 410 -0.146382
311 312 -0.135305
311 321 0.485281
311 411 -1.596627
312 313 0.203815
312 322 -0.116499
312 412 0.181110
313 314 -0.512650
313 323 0.271678
313 413 -0.042942
314 315 -1.908327
314 324 1.075333
314 414 -0.386117
315 316 -0.201644
315 325 -0.004164
315 415 1.441501
316 317 0.603515
316 326 -1.613260
316 416 -1.519359
317 318 -0.780555
317 327 0.293804
317 417 1.304285
318 319 -0.540273
318 328 -0.643779
318 418 -0.912049
319 310 1.876714
319 329 -0.889601
319 419 1.390730
320 321 0.948738
320 330 2.005813
320 420 1.449958
321 322 -1.052249
321 331 -1.156501
321 421 0.453387
322 323 -0.988998
322 332 0.105497
322 422 -0.089532
323 324 -0.722983
323 333 0.262337
323 423 -0.082218
324 325 0.065013
324 334 0.481166
324 424 -0.991782
325 326 0.144095
325 335 0.061208
325 425 -0.442438
326 327 0.779062
326 336 0.780916
326 426 -0.823874
327 328 0.105481
327 337 -0.025512
327 427 0.395411
328 329 -0.811839
328 338 -0.090918
328 428 0.802209
329 320 -0.321387
329 339 0.948788
329 429 1.882073
330 331 1.084201
330 340 -0.080788
330 430 0.618773
331 332 0.139168
331 341 1.399879
331 431 0.283723
332 333 -0.780135
332 342 -1.503875
332 432 0.676607
333 334 0.447923
333 343 2.025197
333 433 0.514683
334 335 -1.218848
334 344 -0.448152
334 434 0.171965
335 336 0.061172
335 345 1.822016
335 435 0.469770
336 337 0.518080
336 346 1.126142
336 436 1.399481
337 338 0.463691
337 347 -1.101785
337 437 0.504292
338 339 0.750830
338 348 -0.177542
338 438 0.190289
339 330 -0.387666
339 349 -0.702374
339 439 1.044987
340 341 0.033318
340 350 -0.752215
340 440 0.551593
341 342 0.908833
341 351 -1.298242
341 441 -1.248116
342 343 -0.447801
342 352 -0.411779
342 442 -0.363496
343 344 0.029521
343 353 -0.091136
343 443 0.353279
344 345 0.547095
344 354 -0.067566
344 444 -2.130936
345 346 -0.199154
345 355 0.148469
345 445 -0.738335
346 347 1.795825
346 356 -1.662650
346 446 1.268400
347 348 -1.024889
347 357 -0.143913
347 447 0.794148
348 349 -0.520782
348 358 -1.475037
348 448 -1.209911
349 340 -0.186919
349 359 1.622882
349 449 0.375378
350 351 -0.426024
350 360 -2.091743
350 450 0.690038
351 352 0.738342
351 361 -1.828993
351 451 1.179710
352 353 -0.458780
352 362 0.364807
352 452 0.206200
353 354 0.097896
353 363 0.410584
353 453 0.724905
354 355 -0.876562
354 364 1.330696
354 454 -1.731984
355 356 -0.809276
355 365 0.385940
355 455 -0.551395
356 357 -0.341182
356 366 0.259522
356 456 -0.848818
357 358 0.239402
357 367 -0.551154
357 457 -1.832566
358 359 -1.754981
358 368 -0.187881
358 458 0.653955
359 350 0.284088
359 369 -1.055849
359 459 -0.136652
360 361 1.400876
360 370 -0.440708
360 460 0.320232
361 362 0.057445
361 371 0.121277
361 461 0.630310
362 363 1.732962
362 372 0.596399
362 462 -0.120399
363 364 -0.150535
363 373 -1.032721
363 463 -0.646204
364 365 -0.377798
364 374 1.507516
364 464 -1.524113
365 366 0.915296
365 375 0.409849
365 465 -0.751526
366 367 -0.470531
366 376 -1.016748
366 466 -0.096479
367 368 0.521691
367 377 -2.154743
367 467 1.197720
368 369 0.604456
368 378 -0.884284
368 468 0.258982
369 360 -0.498648
369 379 0.137064
369 469 1.014119
370 371 -0.644145
370 380 0.232460
370 470 -0.081152
371 372 -0.143581
371 381 2.959135
371 471 0.138186
372 373 -1.039143
372 382 0.566441
372 472 0.189544
373 374 -1.172564
373 383 1.961498
373 473 -0.359798
374 375 1.113897
374 384 0.001724
374 474 0.793145
375 376 1.240238
375 385 0.253909
375 475 -0.358747
376 377 1.197654
376 386 -0.700204
376 476 -0.837355
377 378 0.134945
377 387 -0.802018
377 477 -1.963956
378 379 0.402891
378 388 -1.331506
378 478 -0.115963
379 370 -0.319389
379 389 -0.199083
379 479 -0.191030
380 381 -2.183598
380 390 1.117877
380 480 1.173844
381 382 -0.553446
381 391 0.430419
381 481 0.656271
382 383 -0.516205
382 392 -0.478477
382 482 -0.202696
383 384 -0.991977
383 393 -1.288688
383 483 -0.614201
384 385 0.974630
384 394 1.217292
384 484 0.865391
385 386 -0.467410
385 395 0.721319
385 485 -0.886858
386 387 -0.662526
386 396 0.292421
386 486 1.213158
387 388 0.519787
387 397 -2.368037
387 487 0.575985
388 389 1.747784
388 398 -0.557058
388 488 1.533081
389 380 -1.072554
389 399 -0.030806
389 489 0.351775
390 391 1.063615
390 300 1.727640
390 490 -0.708012
391 392 1.696892
391 301 -1.003941
391 491 -1.828485
392 393 2.021104
392 302 3.134703
392 492 1.328126
393 394 -2.524131
393 303 -1.248187
393 493 0.537384
394 395 -0.294544
394 304 -1.572141
394 494 -0.391845
395 396 0.072149
395 305 0.771558
395 495 -0.224808
396 397 0.308723
396 306 -1.195143
396 496 0.813562
397 398 2.016558
397 307 -0.139516
397 497 0.552955
398 399 -0.950110
398 308 -1.000009
398 498 -1.531865
399 390 0.534821
399 309 -0.333653
399 499 -1.684708
400 401 -0.561869
400 410 -0.798492
400 500 -0.289169
401 402 0.054476
401 411 -0.387632
401 501 1.084477
402 403 0.805858
402 412 -1.477650
402 502 -0.770912
403 404 0.512435
403 413 0.295441
403 503 -0.179692
404 405 1.386255
404 414 0.515261
404 504 -1.167035
405 406 2.044180
405 415 1.343971
405 505 0.947171
406 407 1.180720
406 416 0.449674
406 506 -0.592668
407 408 0.223575
407 417 -0.655934
407 507 0.185507
408 409 1.352138
408 418 -2.386886
408 508 -2.042499
409 400 -1.049978
409 419 -0.413708
409 509 -0.561752
410 411 -0.714721
410 420 0.544501
410 510 -0.072904
411 412 1.279227
411 421 -0.953592
411 511 -0.128712
412 413 1.921018
412 422 0.238511
412 512 0.005237
413 414 0.621691
413 423 -1.102472
413 513 -1.266444
414 415 1.956860
414 424 0.644493
414 514 -0.875087
415 416 0.499546
415 425 -0.775214
415 515 1.377778
416 417 -1.218212
416 426 -1.296278
416 516 0.234045
417 418 0.321006
417 427 -1.480355
417 517 1.898931
418 419 1.037244
418 428 -1.188575
418 518 -0.495302
419 410 -0.793046
419 429 0.556288
419 519 -0.637625
420 421 -0.594697
420 430 1.028832
420 520 -0.043579
421 422 -0.831281
421 431 1.627648
421 521 0.514599
422 423 0.154382
422 432 -1.463369
422 522 -1.039030
423 424 1.460582
423 433 -1.951382
423 523 0.700793
424 425 0.415053
424 434 -0.329519
424 524 0.766059
425 426 -0.967781
425 435 0.349834
425 525 0.645333
426 427 1.227799
426 436 1.743886
426 526 -0.688278
427 428 -0.822196
427 437 -1.089300
427 527 -0.074333
428 429 -0.693483
428 438 0.134473
428 528 -0.136389
429 420 0.353998
429 439 -0.167762
429 529 -0.927289
430 431 1.134326
430 440 -0.617475
430 530 0.556052
431 432 -2.171995
431 441 -1.566405
431 531 -0.521842
432 433 0.365059
432 442 0.481528
432 532 0.010455
433 434 -2.342294
433 443 0.128120
433 533 -0.689529
434 435 0.213857
434 444 0.681117
434 534 1.270798
435 436 -1.555005
435 445 -1.210815
435 535 0.185892
436 437 -1.778687
436 446 0.171339
436 536 1.636937
437 438 -0.645204
437 447 0.876972
437 537 1.887644
438 439 0.591769
438 448 2.454337
438 538 1.057255
439 430 0.577546
439 449 1.335058
439 539 0.426072
440 441 -1.052434
440 450 0.016061
440 540 0.230465
441 442 0.078466
441 451 0.568488
441 541 -1.683539
442 443 -0.096604
442 452 0.114850
442 542 0.761316
443 444 -0.442284
443 453 1.995586
443 543 0.278496
444 445 -0.600160
444 454 0.081217
444 544 2.501380
445 446 0.302720
445 455 0.637336
445 545 0.591262
446 447 0.275941
446 456 -0.286683
446 546 0.813824
447 448 0.362793
447 457 -0.911650
447 547 0.019223
448 449 1.783462
448 458 -0.584851
448 548 -1.133734
449 440 -0.275165
449 459 -0.623882
449 549 -0.634715
450 451 0.940864
450 460 0.781789
450 550 0.428756
451 452 0.039822
451 461 -1.701012
451 551 -0.453742
452 453 0.165001
452 462 -2.331827
452 552 1.150933
453 454 0.557952
453 463 -0.399158
453 553 -0.872292
454 455 -1.369029
454 464 -0.925776
454 554 0.026925
455 456 -1.267698
455 465 0.131037
455 555 2.395157
456 457 0.415131
456 466 0.053218
456 556 1.417027
457 458 -0.155219
457 467 -0.564788
457 557 0.095445
458 459 -0.236954
458 468 -0.967627
458 558 -0.338582
459 450 -0.667491
459 469 -0.462256
459 559 0.388604
460 461 0.808068
460 470 -0.841237
460 560 0.934048
461 462 -0.271058
461 471 0.406137
461 561 1.348624
462 463 1.766026
462 472 -0.279207
462 562 0.828542
463 464 -0.081668
463 473 -0.875079
463 563 0.077245
464 465 0.228296
464 474 1.766135
464 564 0.239165
465 466 0.580090
465 475 -0.077620
465 565 1.232044
466 467 -0.912348
466 476 0.410434
466 566 -0.289918
467 468 -0.888444
467 477 -0.986714
467 567 -0.721761
468 469 -1.004013
468 478 1.616727
468 568 -0.450635
469 460 1.099891
469 479 -0.317684
469 569 0.130683
470 471 0.357672
470 480 0.694504
470 570 0.314203
471 472 -0.191038
471 481 -0.199378
471 571 1.225254
472 473 -1.648023
472 482 -0.702322
472 572 2.126011
473 474 1.597013
473 483 -0.052425
473 573 -0.764951
474 475 1.416912
474 484 0.994106
474 574 -0.366560
475 476 -0.342521
475 485 -0.139410
475 575 -0.444349
476 477 -0.596106
476 486 -1.699166
476 576 -0.536250
477 478 0.858581
477 487 1.346683
477 577 -0.000452
478 479 -1.121439
478 488 -0.146017
478 578 0.521769
479 470 -1.430027
479 489 0.072267
479 579 0.336268
480 481 -0.782747
480 490 1.484739
480 580 -1.184948
481 482 2.044039
481 491 -0.203428
481 581 0.613362
482 483 -0.130916
482 492 2.695860
482 582 0.237203
483 484 0.030513
483 493 -0.421931
483 583 -0.375573
484 485 0.748060
484 494 0.986663
484 584 2.058812
485 486 0.710978
485 495 -0.044746
485 585 -1.022590
486 487 -0.040678
486 496 -1.196376
486 586 1.770842
487 488 0.120094
487 497 -0.230680
487 587 -0.661930
488 489 -0.429480
488 498 -1.001213
488 588 0.155599
489 480 -1.702803
489 499 1.461254
489 589 -0.610244
490 491 0.890161
490 400 -0.213931
490 590 0.368328
491 492 -0.923604
491 401 -1.575756
491 591 -0.343841
492 493 -0.682660
492 402 0.685869
492 592 -1.377604
493 494 -0.160447
493 403 -2.848318
493 593 -0.231963
494 495 -0.411809
494 404 1.868681
494 594 -0.093542
495 496 -1.284407
495 405 0.752279
495 595 0.760889
496 497 -0.165597
496 406 -0.069284
496 596 -0.316125
497 498 1.702315
497 407 -0.393471
497 597 1.673612
498 499 -0.756999
498 408 0.133865
498 598 1.220586
499 490 0.742354
499 409 -0.873054
499 599 -0.121476
500 501 -0.494714
500 510 -1.159912
500 600 0.038152
501 502 -1.773363
501 511 0.370547
501 601 0.664742
502 503 -0.320836
502 512 -1.789814
502 602 -0.376804
503 504 -1.347242
503 513 -1.985580
503 603 0.372033
504 505 -1.023176
504 514 1.486850
504 604 -0.866450
505 506 0.108768
505 515 -0.223738
505 605 -0.786607
506 507 1.342269
506 516 0.504049
506 606 -1.106302
507 508 0.691321
507 517 -0.295849
507 607 1.683988
508 509 -0.402664
508 518 1.355980
508 608 0.713760
509 500 1.672866
509 519 -0.111702
509 609 1.949598
510 511 -0.198551
510 520 1.064262
510 610 0.536360
511 512 0.038701
511 521 3.484299
511 611 0.427461
512 513 0.111577
512 522 -0.314313
512 612 -0.376852
513 514 0.436350
513 523 -0.530159
513 613 0.232170
514 515 -0.081030
514 524 0.209095
514 614 -0.011806
515 516 0.443962
515 525 -0.780461
515 615 0.305184
516 517 -0.291224
516 526 0.622436
516 616 1.444965
517 518 -0.414682
517 527 -0.656451
517 617 0.376789
518 519 0.283628
518 528 -0.771897
518 618 -0.351726
519 510 -2.514285
519 529 0.604141
519 619 0.339978
520 521 0.940770
520 530 1.067253
520 620 0.272059
521 522 0.484329
521 531 0.721241
521 621 0.366077
522 523 0.702458
522 532 -1.160723
522 622 1.400077
523 524 0.561917
523 533 -0.581483
523 623 -0.394791
524 525 -1.114832
524 534 1.116088
524 624 1.971347
525 526 1.244281
525 535 -0.318340
525 625 -0.011556
526 527 -1.326400
526 536 -0.180653
526 626 -0.330696
527 528 0.001587
527 537 -0.562257
527 627 1.898069
528 529 2.983162
528 538 0.636894
528 628 0.036215
529 520 0.329516
529 539 -1.462519
529 629 0.558837
530 531 -1.837532
530 540 0.099103
530 630 -0.063873
531 532 2.178414
531 541 -0.053891
531 631 -1.045221
532 533 0.174610
532 542 -0.275361
532 632 -0.426579
533 534 -0.622827
533 543 0.749373
533 633 1.203755
534 535 0.533671
534 544 -1.179394
534 634 -1.439588
535 536 -0.736102
535 545 -0.534584
535 635 1.251958
536 537 -0.475091
536 546 0.526560
536 636 0.368810
537 538 0.431136
537 547 -0.388979
537 637 1.592389
538 539 -0.128259
538 548 0.726390
538 638 -0.135927
539 530 1.017722
539 549 -0.375204
539 639 -1.468425
540 541 0.911125
540 550 -0.721928
540 640 -0.977159
541 542 -0.649864
541 551 -1.232777
541 641 0.433077
542 543 0.145686
542 552 -2.955626
542 642 0.978943
543 544 -0.358328
543 553 1.646789
543 643 1.009522
544 545 -2.212936
544 554 -1.629669
544 644 0.277355
545 546 0.547379
545 555 -0.075151
545 645 -0.468744
546 547 0.250062
546 556 2.141690
546 646 2.132412
547 548 0.528935
547 557 2.693864
547 647 -1.435137
548 549 0.535354
548 558 0.960130
548 648 -0.384848
549 540 -0.457292
549 559 -0.846322
549 649 1.681667
550 551 0.940879
550 560 -0.084533
550 650 0.306945
551 552 0.663325
551 561 0.282302
551 651 -2.270385
552 553 -0.720051
552 562 -0.761231
552 652 -0.426372
553 554 0.994420
553 563 0.239229
553 653 0.324439
554 555 1.788941
554 564 -0.084161
554 654 -1.835236
555 556 0.758007
555 565 1.836361
555 655 0.746064
556 557 -0.593344
556 566 -0.703968
556 656 0.056721
557 558 -1.133332
557 567 0.201429
557 657 0.760237
558 559 -0.174091
558 568 1.962898
558 658 -0.709812
559 550 0.452111
559 569 -1.775342
559 659 -1.278796
560 561 -0.059016
560 570 -0.821251
560 660 -0.658100
561 562 -0.384755
561 571 -1.148533
561 661 1.677438
562 563 0.017337
562 572 0.251238
562 662 0.003612
563 564 0.533986
563 573 -2.349511
563 663 0.274297
564 565 2.119967
564 574 0.749471
564 664 -1.186712
565 566 -2.194063
565 575 0.542253
565 665 -1.784242
566 567 0.870573
566 576 -0.731887
566 666 -0.953689
567 568 -0.644444
567 577 0.567980
567 667 0.489407
568 569 -1.192262
568 578 -0.278491
568 668 0.934738
569 560 0.510353
569 579 1.110816
569 669 -1.406321
570 571 -1.078723
570 580 0.562844
570 670 -0.262766
571 572 2.453617
571 581 1.206707
571 671 0.208941
572 573 0.853194
572 582 -0.340034
572 672 0.098065
573 574 2.162640
573 583 -0.712316
573 673 1.131481
574 575 -0.312029
574 584 0.344543
574 674 -2.357160
575 576 -0.222703
575 585 1.064253
575 675 -1.588014
576 577 -0.487521
576 586 -1.009277
576 676 1.047408
577 578 -0.243454
577 587 -0.399227
577 677 0.067038
578 579 0.896000
578 588 -0.756598
578 678 -0.360400
579 570 2.196591
579 589 0.011810
579 679 -0.126201
580 581 1.079981
580 590 -0.129522
580 680 -0.599783
581 582 -0.050025
581 591 1.035224
581 681 0.209396
582 583 0.620180
582 592 -0.651844
582 682 -1.249370
583 584 -0.563023
583 593 0.280523
583 683 0.169263
584 585 -0.346298
584 594 0.807359
584 684 -2.567174
585 586 0.023172
585 595 -1.198838
585 685 0.649764
586 587 1.386600
586 596 -0.935499
586 686 -0.503846
587 588 -1.339345
587 597 1.181075
587 687 -0.351289
588 589 0.154082
588 598 0.562079
588 688 0.278906
589 580 -0.551914
589 599 0.210933
589 689 -1.479424
590 591 -1.706584
590 500 -0.663586
590 690 -0.099385
591 592 -0.050575
591 501 -0.136662
591 691 1.694787
592 593 -0.451925
592 502 -0.251454
592 692 -1.031892
593 594 -0.674525
593 503 -0.385012
593 693 0.867295
594 595 0.939157
594 504 0.953351
594 694 -0.236064
595 596 -1.039468
595 505 -0.430842
595 695 0.209979
596 597 0.711993
596 506 1.524174
596 696 0.477433
597 598 -0.622393
597 507 -0.363144
597 697 -0.867558
598 599 -0.095496
598 508 -0.355968
598 698 0.079042
599 590 0.623298
599 509 -1.013742
599 699 0.208929
600 601 1.491720
600 610 -0.865118
600 700 0.483526
601 602 0.628935
601 611 -0.510401
601 701 0.040519
602 603 0.766260
602 612 -0.807699
602 702 -0.295312
603 604 -0.919902
603 613 1.461295
603 703 0.382646
604 605 -0.179672
604 614 0.063319
604 704 -0.085532
605 606 -1.501157
605 615 0.579774
605 705 -0.571659
606 607 -1.151205
606 616 -0.934597
606 706 1.211891
607 608 -0.752416
607 617 1.073688
607 707 -0.403218
608 609 -2.072118
608 618 -0.152135
608 708 0.273909
609 600 0.484782
609 619 1.279555
609 709 1.346753
610 611 0.266488
610 620 -0.150014
610 710 0.191755
611 612 0.377439
611 621 -0.863900
611 711 0.552716
612 613 0.013932
612 622 1.535746
612 712 0.827600
613 614 -0.562400
613 623 -1.978473
613 713 -1.879486
614 615 0.719968
614 624 1.948096
614 714 -0.938419
615 616 0.243762
615 625 0.156469
615 715 -1.301854
616 617 -1.377628
616 626 -0.693185
616 716 -0.019978
617 618 -1.672670
617 627 -0.451282
617 717 -0.457704
618 619 -1.344060
618 628 0.820438
618 718 -1.028828
619 610 1.230488
619 629 -0.083350
619 719 -0.638559
620 621 0.864999
620 630 0.927213
620 720 1.261473
621 622 1.724965
621 631 -0.161599
621 721 1.707087
622 623 0.797699
622 632 -0.110612
622 722 -1.295486
623 624 -0.541823
623 633 -0.898977
623 723 0.143872
624 625 0.875544
624 634 -0.061612
624 724 -1.314464
625 626 0.573558
625 635 -0.907501
625 725 0.037262
626 627 0.367968
626 636 -0.087397
626 726 0.090956
627 628 1.770462
627 637 0.635721
627 727 0.414294
628 629 -0.191095
628 638 -0.723279
628 728 -1.602081
629 620 1.236347
629 639 -1.878557
629 729 2.045610
630 631 -0.748938
630 640 0.828584
630 730 0.734176
631 632 1.133202
631 641 -0.465883
631 731 0.535786
632 633 -0.494052
632 642 0.499271
632 732 2.407060
633 634 -0.430080
633 643 1.255083
633 733 0.060292
634 635 -0.055531
634 644 0.868578
634 734 -0.591915
635 636 -0.111216
635 645 -0.864210
635 735 0.100385
636 637 1.217948
636 646 0.891162
636 736 0.654356
637 638 1.842522
637 647 -0.702417
637 737 -0.182337
638 639 0.548035
638 648 0.724855
638 738 -2.439973
639 630 1.608758
639 649 1.369255
639 739 -1.011556
640 641 1.124809
640 650 0.464561
640 740 -0.191411
641 642 -2.210825
641 651 0.608561
641 741 -0.110773
642 643 -0.965649
642 652 0.986608
642 742 -0.397262
643 644 -1.571641
643 653 -0.312015
643 743 -0.402385
644 645 -0.763159
644 654 0.895094
644 744 0.067737
645 646 -0.138592
645 655 0.382154
645 745 0.769032
646 647 0.668337
646 656 0.213687
646 746 -0.756207
647 648 0.757215
647 657 0.426675
647 747 1.764001
648 649 -0.368250
648 658 0.227274
648 748 -0.667343
649 640 0.601175
649 659 -1.683163
649 749 -2.878962
650 651 -0.909270
650 660 2.316545
650 750 0.021612
651 652 0.462427
651 661 -1.842971
651 751 -1.535439
652 653 -0.992347
652 662 -0.545787
652 752 -1.121191
653 654 0.026422
653 663 -1.928879
653 753 0.668478
654 655 0.500448
654 664 1.187923
654 754 -0.568522
655 656 -1.206094
655 665 -0.984724
655 755 -1.995477
656 657 1.669785
656 666 -2.009010
656 756 -0.576227
657 658 -0.533281
657 667 0.301840
657 757 0.957693
658 659 -0.104989
658 668 -0.448870
658 758 1.113509
659 650 0.453172
659 669 -0.820473
659 759 -0.591178
660 661 -0.612313
660 670 0.238087
660 760 0.763953
661 662 -0.042692
661 671 -0.065165
661 761 0.847794
662 663 0.499120
662 672 -0.898631
662 762 0.561023
663 664 -0.203610
663 673 1.117268
663 763 -0.008100
664 665 -0.865641
664 674 0.308444
664 764 0.927937
665 666 -1.091616
665 675 -0.796500
665 765 -1.240097
666 667 -0.409346
666 676 1.616187
666 766 0.772557
667 668 0.290907
667 677 -2.038296
667 767 0.209566
668 669 -0.666940
668 678 0.700658
668 768 -0.872846
669 660 0.252495
669 679 0.760084
669 769 -1.276715
670 671 1.312822
670 680 1.860837
670 770 -0.110780
671 672 -1.292699
671 681 0.616987
671 771 -0.726223
672 673 -0.018938
672 682 -1.698510
672 772 1.459619
673 674 0.001500
673 683 1.298630
673 773 -0.662281
674 675 0.751473
674 684 -1.752877
674 774 1.907000
675 676 0.954229
675 685 -0.331088
675 775 -0.436351
676 677 1.127191
676 686 0.416613
676 776 1.990242
677 678 0.036487
677 687 1.183561
677 777 0.204801
678 679 -1.514285
678 688 -3.136430
678 778 -0.676253
679 670 2.281196
679 689 0.300872
679 779 1.310259
680 681 -1.387857
680 690 -1.285007
680 780 0.786243
681 682 0.386967
681 691 -0.953731
681 781 1.449696
682 683 1.477001
682 692 0.452649
682 782 -0.624927
683 684 1.932642
683 693 -0.260970
683 783 -0.081949
684 685 0.890600
684 694 -0.162500
684 784 -0.058357
685 686 -1.091182
685 695 2.471853
685 785 0.644870
686 687 -1.875059
686 696 2.962045
686 786 0.194640
687 688 -0.802928
687 697 2.924536
687 787 -2.183076
688 689 1.649971
688 698 0.798547
688 788 0.724843
689 680 -1.919749
689 699 -0.313452
689 789 0.518953
690 691 -0.410680
690 600 -0.213329
690 790 0.240385
691 692 -0.707813
691 601 0.243032
691 791 0.358903
692 693 1.133830
692 602 0.522408
692 792 -0.181382
693 694 -0.005272
693 603 2.383005
693 793 -0.640777
694 695 -0.617673
694 604 0.641202
694 794 -1.151756
695 696 -0.724781
695 605 0.003415
695 795 0.071650
696 697 0.707575
696 606 -0.094632
696 796 1.408390
697 698 1.026053
697 607 0.495586
697 797 1.440847
698 699 0.289484
698 608 -1.525567
698 798 0.259506
699 690 1.082610
699 609 -1.098111
699 799 1.314819
700 701 0.744038
700 710 0.119422
700 800 1.324457
701 702 -1.181769
701 711 -0.727052
701 801 -1.261231
702 703 1.192262
702 712 1.478849
702 802 -1.250635
703 704 0.097876
703 713 -0.885820
703 803 -1.287221
704 705 0.067934
704 714 -1.496362
704 804 -1.046864
705 706 1.537608
705 715 0.429585
705 805 -0.752987
706 707 -1.573499
706 716 -0.905510
706 806 0.644748
707 708 -1.364823
707 717 -1.673053
707 807 0.103815
708 709 0.238673
708 718 1.268951
708 808 -1.246360
709 700 1.194158
709 719 -0.810293
709 809 0.347459
710 711 1.259557
710 720 -0.767945
710 810 -1.217764
711 712 -1.003755
711 721 2.059111
711 811 1.279455
712 713 -0.070500
712 722 0.467216
712 812 0.717397
713 714 -2.716053
713 723 -0.009222
713 813 -0.571198
714 715 1.640189
714 724 0.531681
714 814 -0.502288
715 716 0.856500
715 725 -0.129335
715 815 0.056640
716 717 0.565689
716 726 -0.038212
716 816 0.061295
717 718 -1.816841
717 727 -0.917611
717 817 0.703110
718 719 -1.493271
718 728 -0.315703
718 818 -1.033782
719 710 0.655958
719 729 -0.812171
719 819 -0.575375
720 721 -0.118258
720 730 0.416331
720 820 1.232420
721 722 0.585853
721 731 -1.139283
721 821 0.918928
722 723 -1.106699
722 732 0.271179
722 822 -1.291096
723 724 0.395919
723 733 -0.105364
723 823 -0.891659
724 725 0.281912
724 734 0.905211
724 824 1.908157
725 726 1.928765
725 735 1.183988
725 825 0.384891
726 727 -0.753384
726 736 -0.012469
726 826 -0.403583
727 728 0.666004
727 737 0.042858
727 827 -0.404688
728 729 0.115798
728 738 -0.933956
728 828 0.305322
729 720 -2.298658
729 739 -0.615026
729 829 0.981568
730 731 1.650450
730 740 1.210891
730 830 -0.336654
731 732 -1.588731
731 741 -0.069477
731 831 -2.240115
732 733 -0.100866
732 742 -1.864530
732 832 -0.934617
733 734 -1.037900
733 743 -0.415631
733 833 1.241579
734 735 -0.780018
734 744 1.877993
734 834 -0.854975
735 736 1.254550
735 745 0.659460
735 835 0.900940
736 737 -0.874054
736 746 -0.953392
736 836 0.569722
737 738 0.888236
737 747 -0.868041
737 837 -1.107894
738 739 -1.010592
738 748 0.533191
738 838 2.484794
739 730 1.187621
739 749 -1.037649
739 839 0.224508
740 741 0.594086
740 750 0.037005
740 840 1.253122
741 742 0.402987
741 751 0.393890
741 841 -1.161444
742 743 1.533388
742 752 -1.490879
742 842 1.064472
743 744 -1.021359
743 753 0.081100
743 843 -0.440831
744 745 -1.376096
744 754 1.196281
744 844 1.405293
745 746 0.010633
745 755 -0.350912
745 845 0.838649
746 747 0.430519
746 756 0.960720
746 846 0.324385
747 748 -0.819796
747 757 -0.337310
747 847 -0.107794
748 749 -1.028950
748 758 1.464594
748 848 -0.585388
749 740 -1.014447
749 759 0.429219
749 849 -1.552878
750 751 0.059202
750 760 1.720124
750 850 -0.610068
751 752 0.008759
751 761 1.485168
751 851 -0.609599
752 753 -0.713136
752 762 -1.272899
752 852 -1.458759
753 754 1.311706
753 763 -0.340558
753 853 -1.283283
754 755 0.514797
754 764 1.397420
754 854 0.698324
755 756 -1.160234
755 765 -1.613909
755 855 -0.502123
756 757 0.202939
756 766 1.589561
756 856 0.723326
757 758 -1.108887
757 767 -0.281634
757 857 -0.001402
758 759 1.145549
758 768 0.683694
758 858 2.057017
759 750 -0.415184
759 769 0.104014
759 859 -1.053286
760 761 1.181334
760 770 1.300564
760 860 0.248614
761 762 -0.532005
761 771 0.897890
761 861 0.949263
762 763 -0.145214
762 772 0.647405
762 862 -0.109500
763 764 0.099158
763 773 -1.671290
763 863 -0.792617
764 765 -0.317570
764 774 0.414985
764 864 0.537290
765 766 0.552123
765 775 0.560695
765 865 -1.047849
766 767 -0.517731
766 776 -1.386251
766 866 -2.633057
767 768 0.950273
767 777 -0.949846
767 867 2.567401
768 769 -1.214974
768 778 0.411290
768 868 -0.531593
769 760 0.979742
769 779 -0.124120
769 869 0.944041
770 771 0.609391
770 780 -0.935913
770 870 1.262314
771 772 0.135289
771 781 1.229346
771 871 -1.098943
772 773 0.022152
772 782 -1.231536
772 872 1.104567
773 774 1.090877
773 783 1.175043
773 873 1.049256
774 775 -0.784180
774 784 0.079203
774 874 -0.914015
775 776 -0.362684
775 785 -0.437450
775 875 0.439631
776 777 0.689816
776 786 0.335110
776 876 -0.770801
777 778 -0.278763
777 787 -0.502347
777 877 0.467759
778 779 0.222915
778 788 0.649144
778 878 0.082804
779 770 -0.108745
779 789 -0.428576
779 879 1.778019
780 781 0.963773
780 790 -0.806033
780 880 -0.572584
781 782 -1.213409
781 791 0.281720
781 881 0.021614
782 783 0.560988
782 792 -0.600046
782 882 -0.965020
783 784 0.754887
783 793 -0.041568
783 883 -0.072578
784 785 0.995898
784 794 0.480999
784 884 0.485458
785 786 1.031882
785 795 0.395995
785 885 0.114353
786 787 -0.497958
786 796 -0.703721
786 886 -0.148026
787 788 -0.737700
787 797 0.065755
787 887 -0.701336
788 789 2.203986
788 798 0.448783
788 888 -0.371915
789 780 0.519252
789 799 0.979925
789 889 -0.847229
790 791 -0.585424
790 700 -1.353057
790 890 -0.990073
791 792 2.758292
791 701 0.230085
791 891 -1.858204
792 793 0.396990
792 702 1.392234
792 892 0.451142
793 794 -0.206050
793 703 -0.447254
793 893 -0.092650
794 795 -0.699481
794 704 0.159866
794 894 -0.165107
795 796 -0.670230
795 705 0.846316
795 895 1.214225
796 797 -1.911201
796 706 0.984207
796 896 0.709490
797 798 1.213930
797 707 -0.878101
797 897 -0.135463
798 799 -0.707272
798 708 1.366136
798 898 -1.436281
799 790 1.424950
799 709 0.107985
799 899 -0.159651
800 801 0.485108
800 810 -1.063775
800 900 1.540911
801 802 -0.827787
801 811 -2.114452
801 901 -1.489028
802 803 0.429724
802 812 -1.833795
802 902 -1.252463
803 804 -1.010878
803 813 0.060983
803 903 0.514195
804 805 0.215795
804 814 0.215551
804 904 1.230572
805 806 -0.080321
805 815 0.260720
805 905 0.429403
806 807 0.233652
806 816 1.554271
806 906 0.625665
807 808 1.419450
807 817 -0.602972
807 907 -0.751874
808 809 0.855028
808 818 -0.541889
808 908 -1.006102
809 800 0.791812
809 819 -0.671216
809 909 -1.257377
810 811 0.171531
810 820 -0.940851
810 910 0.925746
811 812 0.213855
811 821 -1.529837
811 911 -0.614179
812 813 0.128646
812 822 0.307816
812 912 0.374254
813 814 -1.964874
813 823 -2.100110
813 913 0.050699
814 815 0.261155
814 824 -1.538463
814 914 1.712845
815 816 0.233206
815 825 0.357076
815 915 0.739130
816 817 -1.695583
816 826 0.098710
816 916 -0.084056
817 818 1.180947
817 827 -0.056742
817 917 0.826965
818 819 0.543427
818 828 1.132632
818 918 0.289361
819 810 -1.652353
819 829 1.242066
819 919 -0.766415
820 821 -2.248032
820 830 1.346254
820 920 -1.481314
821 822 0.066887
821 831 1.563540
821 921 0.513622
822 823 0.247085
822 832 -1.325138
822 922 -0.140162
823 824 -0.648325
823 833 2.163405
823 923 0.862729
824 825 0.344625
824 834 0.228211
824 924 -0.799578
825 826 1.771193
825 835 0.357999
825 925 -0.244105
826 827 -0.095679
826 836 -0.739603
826 926 -0.078332
827 828 -0.824208
827 837 1.146099
827 927 0.995236
828 829 -1.873172
828 838 -0.770699
828 928 0.156124
829 820 1.237622
829 839 -0.980848
829 929 0.352931
830 831 0.937418
830 840 -0.249649
830 930 -0.311219
831 832 1.261355
831 841 1.448515
831 931 -1.178972
832 833 1.719225
832 842 -0.572165
832 932 -0.412405
833 834 0.793293
833 843 -1.855129
833 933 -1.493399
834 835 1.897038
834 844 -1.157790
834 934 2.379518
835 836 -0.777167
835 845 0.782645
835 935 -0.602393
836 837 0.930630
836 846 -1.107021
836 936 0.256567
837 838 0.263287
837 847 2.776764
837 937 1.047323
838 839 0.043858
838 848 0.998422
838 938 -0.481094
839 830 2.025521
839 849 0.000834
839 939 0.500808
840 841 -1.559533
840 850 -2.678765
840 940 2.654452
841 842 0.166301
841 851 -0.344778
841 941 -1.524576
842 843 -1.243851
842 852 0.513863
842 942 -1.097015
843 844 1.230747
843 853 0.870204
843 943 -0.369466
844 845 -0.163321
844 854 0.686152
844 944 -0.926776
845 846 -1.178857
845 855 0.589512
845 945 0.499614
846 847 -3.135493
846 856 0.819286
846 946 2.388074
847 848 -0.558623
847 857 1.651374
847 947 -0.525579
848 849 0.878605
848 858 -0.868499
848 948 0.046666
849 840 0.014232
849 859 -0.483506
849 949 0.934666
850 851 1.055900
850 860 -0.125746
850 950 0.259423
851 852 -0.658988
851 861 1.002814
851 951 0.154985
852 853 -1.170555
852 862 0.298546
852 952 1.119998
853 854 0.520312
853 863 -0.936050
853 953 1.302945
854 855 -1.037034
854 864 -0.756628
854 954 0.882180
855 856 0.397815
855 865 0.465019
855 955 0.883040
856 857 0.089668
856 866 -1.479143
856 956 0.191815
857 858 1.392056
857 867 0.430722
857 957 -1.319608
858 859 -0.800625
858 868 -1.232417
858 958 -1.390569
859 850 -0.766528
859 869 0.132159
859 959 -1.979540
860 861 -0.790081
860 870 -0.139914
860 960 0.969943
861 862 0.535716
861 871 1.541621
861 961 0.473354
862 863 -1.024294
862 872 -0.419077
862 962 -0.055076
863 864 -1.052836
863 873 -0.353624
863 963 0.267479
864 865 0.608203
864 874 -0.434711
864 964 -0.142110
865 866 -0.284222
865 875 -1.467503
865 965 0.254022
866 867 0.299952
866 876 -1.208497
866 966 -0.509521
867 868 -0.730991
867 877 -0.866796
867 967 -0.636181
868 869 1.046105
868 878 -1.702372
868 968 -0.482300
869 860 -0.689508
869 879 -0.395105
869 969 0.016802
870 871 1.061525
870 880 0.701163
870 970 -0.422359
871 872 -0.120225
871 881 0.389108
871 971 -0.146499
872 873 -0.758324
872 882 -0.345859
872 972 0.927455
873 874 -0.442685
873 883 -1.051686
873 973 -0.129133
874 875 0.360614
874 884 0.828667
874 974 0.437436
875 876 -0.938169
875 885 1.816676
875 975 0.580073
876 877 -0.170790
876 886 -0.169043
876 976 0.044884
877 878 -0.928706
877 887 0.315359
877 977 -1.215639
878 879 -1.667414
878 888 -0.537769
878 978 -0.274364
879 870 1.337491
879 889 0.622394
879 979 -1.508270
880 881 -0.943655
880 890 -0.110291
880 980 0.420596
881 882 -1.242395
881 891 1.230593
881 981 0.037373
882 883 -0.777165
882 892 -0.207294
882 982 -0.912028
883 884 0.675138
883 893 2.139474
883 983 0.465643
884 885 -1.304751
884 894 -0.836767
884 984 -1.318684
885 886 -0.406149
885 895 2.206938
885 985 -1.754316
886 887 -0.197959
886 896 -0.394209
886 986 -0.186181
887 888 0.809142
887 897 0.670511
887 987 0.080487
888 889 -1.386930
888 898 -2.089770
888 988 0.075761
889 880 0.126571
889 899 0.776510
889 989 0.269221
890 891 0.238523
890 800 0.692371
890 990 -0.284194
891 892 -0.249720
891 801 0.285601
891 991 0.740233
892 893 0.623689
892 802 -0.022175
892 992 -0.774118
893 894 0.903249
893 803 0.801105
893 993 1.716038
894 895 -0.586132
894 804 -1.441753
894 994 0.406686
895 896 -0.045568
895 805 -0.422361
895 995 -0.319424
896 897 1.365770
896 806 1.280435
896 996 -0.106261
897 898 -0.290682
897 807 -0.698401
897 997 0.548094
898 899 1.442992
898 808 -0.337509
898 998 0.442291
899 890 -0.329407
899 809 -1.175041
899 999 -2.478808
900 901 0.269139
900 910 -0.177263
900 0 -1.300839
901 902 1.263755
901 911 -0.643997
901 1 0.061694
902 903 0.469175
902 912 0.350163
902 2 0.536361
903 904 0.470560
903 913 -0.204567
903 3 2.046471
904 905 -0.253631
904 914 -0.990571
904 4 -0.306678
905 906 0.614565
905 915 2.813332
905 5 0.041613
906 907 -0.853036
906 916 1.489689
906 6 0.690573
907 908 1.837806
907 917 -3.241573
907 7 -0.411014
908 909 0.427550
908 918 0.949824
908 8 0.305621
909 900 -0.963446
909 919 -0.447596
909 9 0.400033
910 911 1.025996
910 920 0.483430
910 10 1.217561
911 912 -0.385362
911 921 -0.294780
911 11 -0.646518
912 913 -0.491105
912 922 -1.309761
912 12 -0.864906
913 914 0.047581
913 923 -0.935660
913 13 1.178864
914 915 0.033078
914 924 0.307866
914 14 -0.765391
915 916 -0.152550
915 925 -0.534543
915 15 1.621037
916 917 0.203365
916 926 -1.311822
916 16 0.665206
917 918 0.355166
917 927 1.405256
917 17 1.125004
918 919 1.579034
918 928 0.280494
918 18 0.873456
919 910 0.165757
919 929 -0.225755
919 19 -0.248427
920 921 1.731802
920 930 0.106120
920 20 0.032764
921 922 0.605126
921 931 -1.859302
921 21 0.234095
922 923 -0.396388
922 932 -2.577386
922 22 0.397406
923 924 -0.487812
923 933 -0.525592
923 23 -0.444539
924 925 -1.035595
924 934 1.710441
924 24 -1.739284
925 926 -0.904542
925 935 0.135614
925 25 1.274451
926 927 -0.084987
926 936 -0.051205
926 26 0.658720
927 928 -0.692387
927 937 -0.096617
927 27 -0.036646
928 929 1.123660
928 938 0.948880
928 28 0.647710
929 920 -0.353961
929 939 1.200826
929 29 -1.386984
930 931 -0.174014
930 940 -2.281262
930 30 1.680112
931 932 -1.768158
931 941 0.212183
931 31 -0.382478
932 933 1.012083
932 942 -1.286194
932 32 0.860104
933 934 -0.214553
933 943 1.197958
933 33 0.474146
934 935 -0.139700
934 944 0.587063
934 34 1.182970
935 936 -0.054026
935 945 0.437898
935 35 0.858827
936 937 -0.578989
936 946 -0.008161
936 36 -1.259777
937 938 -1.313137
937 947 -0.860847
937 37 -0.890324
938 939 0.466741
938 948 -0.784732
938 38 1.918336
939 930 -0.249797
939 949 0.661048
939 39 0.242542
940 941 1.583063
940 950 -0.674764
940 40 -0.403311
941 942 1.005877
941 951 -1.759793
941 41 -0.413307
942 943 0.154264
942 952 -1.272908
942 42 -0.459568
943 944 -2.366681
943 953 -0.802039
943 43 -0.367087
944 945 1.390497
944 954 0.763197
944 44 0.811746
945 946 1.754687
945 955 0.240105
945 45 -1.773129
946 947 -1.262761
946 956 0.546003
946 46 0.509344
947 948 -0.187393
947 957 -0.121124
947 47 0.365394
948 949 -0.883562
948 958 0.053169
948 48 0.958403
949 940 0.417811
949 959 0.778316
949 49 2.276324
950 951 0.821017
950 960 -1.424668
950 50 0.660181
951 952 -1.110422
951 961 -0.537349
951 51 -2.084326
952 953 -2.100140
952 962 0.655927
952 52 -2.629719
953 954 -2.012392
953 963 -0.722046
953 53 0.474814
954 955 0.178948
954 964 1.215147
954 54 1.422367
955 956 0.858959
955 965 -1.426305
955 55 1.249631
956 957 -0.066474
956 966 0.433606
956 56 0.410617
957 958 0.104881
957 967 0.000220
957 57 -0.099601
958 959 -0.576019
958 968 0.377914
958 58 1.504034
959 950 -0.263058
959 969 -1.384606
959 59 -0.435689
960 961 -0.096828
960 970 0.486542
960 60 -1.005116
961 962 0.382820
961 971 0.581485
961 61 -0.514078
962 963 -0.305707
962 972 0.730971
962 62 -0.385464
963 964 -0.404255
963 973 -0.023424
963 63 0.055848
964 965 0.502056
964 974 -0.043267
964 64 0.276574
965 966 -1.098082
965 975 -0.569967
965 65 0.190460
966 967 -1.347296
966 976 0.616259
966 66 -0.368753
967 968 1.756636
967 977 -0.262022
967 67 0.517187
968 969 -0.871909
968 978 1.067874
968 68 0.215341
969 960 0.962829
969 979 -0.572394
969 69 0.032512
970 971 1.078414
970 980 -0.099345
970 70 -0.203748
971 972 0.526638
971 981 0.524844
971 71 0.981491
972 973 -0.392786
972 982 -1.454980
972 72 1.216481
973 974 1.027154
973 983 0.480798
973 73 -0.476413
974 975 1.619668
974 984 -0.839080
974 74 1.046465
975 976 0.538312
975 985 -0.854710
975 75 -0.392847
976 977 0.412631
976 986 -0.455013
976 76 -0.337303
977 978 1.017112
977 987 0.746481
977 77 -0.862609
978 979 -1.589332
978 988 0.392261
978 78 0.627926
979 970 0.136883
979 989 -0.529739
979 79 -0.632282
980 981 -0.749881
980 990 -0.337562
980 80 -0.120437
981 982 2.214201
981 991 -0.359115
981 81 0.326758
982 983 2.269589
982 992 -0.239337
982 82 -1.771063
983 984 0.930090
983 993 -0.193816
983 83 -0.493848
984 985 -1.017710
984 994 0.378799
984 84 -0.371936
985 986 -0.966394
985 995 -0.415724
985 85 -0.198702
986 987 1.453036
986 996 -0.259556
986 86 -0.951189
987 988 1.506271
987 997 2.076388
987 87 -0.140616
988 989 -1.242701
988 998 -1.582461
988 88 -0.104894
989 980 -0.486257
989 999 1.351548
989 89 -0.220670
990 991 0.651540
990 900 1.747482
990 90 -1.373396
991 992 0.261633
991 901 0.621177
991 91 0.489869
992 993 -1.399994
992 902 1.903181
992 92 0.536256
993 994 1.637930
993 903 -0.031409
993 93 0.140920
994 995 0.202163
994 904 -0.359624
994 94 -0.783164
995 996 0.046654
995 905 -0.178000
995 95 -0.241396
996 997 -0.163691
996 906 -0.170318
996 96 -0.657836
997 998 0.432164
997 907 -0.540495
997 97 -0.543909
998 999 -0.351566
998 908 1.167941
998 98 -0.194055
999 990 -0.448256
999 909 0.260431
999 99 -1.507623
