0 1 -1.012132
0 10 0.175666
0 100 0.023017
1 2 -1.153931
1 11 0.542109
1 101 1.108085
2 3 0.128193
2 12 -0.562667
2 102 -2.098138
3 4 0.040443
3 13 0.342719
3 103 -1.223106
4 5 -0.447818
4 14 0.414314
4 104 0.684657
5 6 1.292260
5 15 -0.006511
5 105 1.811078
6 7 -0.648823
6 16 -0.003147
6 106 -0.890341
7 8 1.236063
7 17 0.573743
7 107 0.640345
8 9 -0.917688
8 18 0.582267
8 108 -0.577558
9 0 -0.080653
9 19 1.406610
9 109 -0.618874
10 11 -1.347389
10 20 -0.308028
10 110 2.533702
11 12 -1.506196
11 21 0.698473
11 111 -1.396851
12 13 1.843741
12 22 0.524638
12 112 -2.002543
13 14 1.185879
13 23 0.063916
13 113 -0.545919
14 15 0.658155
14 24 -0.100727
14 114 0.179932
15 16 -0.034314
15 25 1.553473
15 115 0.430530
16 17 -0.642988
16 26 0.023814
16 116 -0.019012
17 18 0.463355
17 27 -0.522445
17 117 0.677721
18 19 -0.429129
18 28 -0.791525
18 118 1.120063
19 10 -1.028172
19 29 -1.275573
19 119 1.556552
20 21 1.435100
20 30 -0.589970
20 120 -0.787373
21 22 -0.486588
21 31 0.283912
21 121 0.427930
22 23 -1.006331
22 32 0.175693
22 122 0.144331
23 24 -0.758342
23 33 2.290160
23 123 -1.885252
24 25 -0.050089
24 34 -0.924633
24 124 1.176826
25 26 -1.332410
25 35 1.314925
25 125 1.559747
26 27 -1.439303
26 36 -0.183981
26 126 -0.487320
27 28 0.062814
27 37 0.285339
27 127 -1.771152
28 29 1.004982
28 38 -1.529870
28 128 -1.366193
29 20 1.505084
29 39 0.262599
29 129 -0.946481
30 31 -1.145507
30 40 0.557188
30 130 0.102469
31 32 -0.732917
31 41 -1.210787
31 131 -0.495716
32 33 0.801483
32 42 -0.735266
32 132 0.395705
33 34 0.861764
33 43 0.198557
33 133 0.587745
34 35 0.451045
34 44 1.306943
34 134 -0.875443
35 36 -0.823110
35 45 0.541946
35 135 -0.494287
36 37 0.522156
36 46 1.106465
36 136 -2.390142
37 38 0.440630
37 47 -0.103675
37 137 -0.241325
38 39 -0.054576
38 48 -0.195553
38 138 0.205503
39 30 -3.147917
39 49 0.561350
39 139 1.941441
40 41 1.099048
40 50 0.585822
40 140 1.090141
41 42 1.127725
41 51 0.208139
41 141 -0.758702
42 43 -2.109072
42 52 0.511632
42 142 0.329067
43 44 -0.660934
43 53 2.186297
43 143 0.120229
44 45 -0.851206
44 54 -1.075977
44 144 -1.670314
45 46 1.827478
45 55 -0.788988
45 145 -0.723001
46 47 1.104263
46 56 0.138477
46 146 1.937052
47 48 0.020548
47 57 -1.062615
47 147 0.049035
48 49 -0.352133
48 58 0.011073
48 148 0.662523
49 40 0.557597
49 59 1.408581
49 149 0.927696
50 51 -0.732099
50 60 0.179731
50 150 -0.646796
51 52 0.222636
51 61 0.712538
51 151 -0.075527
52 53 0.918351
52 62 0.096731
52 152 -1.101151
53 54 -0.283657
53 63 -0.677615
53 153 -1.082780
54 55 1.172526
54 64 -1.112825
54 154 0.049090
55 56 -0.556579
55 65 -0.052426
55 155 0.585527
56 57 -1.135393
56 66 -0.169884
56 156 -0.808393
57 58 -0.135115
57 67 0.519204
57 157 -0.084925
58 59 -1.652507
58 68 1.319767
58 158 1.235234
59 50 0.308478
59 69 1.069722
59 159 -0.040840
60 61 0.295021
60 70 -0.920908
60 160 -1.109520
61 62 -1.666534
61 71 0.103673
61 161 0.388488
62 63 0.665914
62 72 0.446500
62 162 -1.240482
63 64 0.552254
63 73 -0.833749
63 163 1.738185
64 65 -1.906715
64 74 -1.022573
64 164 0.413620
65 66 0.329461
65 75 -0.260243
65 165 1.488003
66 67 0.235328
66 76 -1.329700
66 166 -0.998772
67 68 2.180656
67 77 -0.029264
67 167 -0.136235
68 69 -0.303099
68 78 -0.010304
68 168 0.589737
69 60 0.264209
69 79 -0.161386
69 169 -2.047189
70 71 0.682929
70 80 -0.139423
70 170 -0.152026
71 72 0.014201
71 81 -1.446979
71 171 -0.368098
72 73 -0.858590
72 82 -0.818917
72 172 1.337899
73 74 -1.620592
73 83 0.589067
73 173 -0.124081
74 75 1.764414
74 84 -0.126233
74 174 1.550052
75 76 0.645668
75 85 0.600911
75 175 -0.446451
76 77 -0.216708
76 86 1.121924
76 176 0.225590
77 78 -0.410138
77 87 -1.007674
77 177 0.446238
78 79 0.302619
78 88 0.378401
78 178 -0.689278
79 70 2.628407
79 89 -0.111310
79 179 -1.179874
80 81 -0.367949
80 90 -2.229927
80 180 -1.049462
81 82 0.061723
81 91 -1.060064
81 181 1.277503
82 83 -0.386973
82 92 -0.395060
82 182 1.459513
83 84 0.111819
83 93 0.322807
83 183 0.306732
84 85 -0.244385
84 94 0.586990
84 184 -0.082142
85 86 -1.274033
85 95 -0.267190
85 185 0.367640
86 87 -0.955405
86 96 0.814315
86 186 0.050732
87 88 0.578927
87 97 1.465816
87 187 0.095452
88 89 0.765399
88 98 -0.817078
88 188 0.503602
89 80 -1.707234
89 99 0.707923
89 189 0.326370
90 91 -1.539074
90 0 -0.461947
90 190 -0.539123
91 92 0.043153
91 1 0.457635
91 191 -0.589341
92 93 1.038965
92 2 -0.173000
92 192 -0.468230
93 94 0.278668
93 3 -0.933147
93 193 -0.542822
94 95 -0.492322
94 4 0.708766
94 194 -0.090219
95 96 -0.548408
95 5 0.739524
95 195 -0.240769
96 97 0.230059
96 6 -0.257504
96 196 0.217236
97 98 0.063730
97 7 0.579782
97 197 -0.403763
98 99 0.721627
98 8 0.051296
98 198 0.301898
99 90 -0.140856
99 9 -0.051336
99 199 0.438835
100 101 -1.201961
100 110 0.089721
100 200 0.838099
101 102 -0.722532
101 111 -0.420032
101 201 0.651408
102 103 0.647239
102 112 1.460562
102 202 2.477068
103 104 0.830038
103 113 -0.442794
103 203 1.114482
104 105 -0.482672
104 114 -0.048265
104 204 0.327698
105 106 -1.561474
105 115 0.254271
105 205 -0.465270
106 107 -0.150078
106 116 -0.542614
106 206 0.040352
107 108 0.432203
107 117 1.446364
107 207 0.176822
108 109 0.499531
108 118 1.794521
108 208 1.994214
109 100 -2.209337
109 119 -0.770466
109 209 -0.068576
110 111 -0.087274
110 120 0.136343
110 210 -0.825763
111 112 0.359389
111 121 -0.978141
111 211 1.959183
112 113 -2.197655
112 122 -0.528336
112 212 1.701854
113 114 1.564126
113 123 -0.312024
113 213 -1.111805
114 115 -0.859566
114 124 -1.017223
114 214 0.292034
115 116 -0.403745
115 125 -1.042502
115 215 -0.611609
116 117 -0.053148
116 126 -0.044798
116 216 0.896920
117 118 0.492968
117 127 -1.463895
117 217 0.744774
118 119 -1.293443
118 128 -0.053762
118 218 0.925567
119 110 -1.161505
119 129 -1.178007
119 219 0.613426
120 121 -1.254305
120 130 -0.483505
120 220 0.883738
121 122 -0.531719
121 131 1.100046
121 221 -0.527338
122 123 1.505374
122 132 0.063917
122 222 0.179869
123 124 1.882533
123 133 -0.855106
123 223 -1.684900
124 125 -1.021205
124 134 0.529984
124 224 -0.465601
125 126 0.052414
125 135 1.839909
125 225 1.035624
126 127 -0.770031
126 136 2.385877
126 226 0.492244
127 128 1.950745
127 137 0.759310
127 227 -0.168040
128 129 1.178070
128 138 0.107603
128 228 -0.376499
129 120 -0.810850
129 139 0.246985
129 229 2.301544
130 131 0.949664
130 140 -0.724834
130 230 0.366735
131 132 0.135572
131 141 1.271063
131 231 0.260332
132 133 1.200576
132 142 -0.253167
132 232 0.104077
133 134 -0.362171
133 143 0.961299
133 233 -0.002915
134 135 -1.940597
134 144 -0.020949
134 234 0.749373
135 136 -0.508294
135 145 0.410728
135 235 -0.824052
136 137 0.622282
136 146 -1.462796
136 236 0.002199
137 138 -0.649927
137 147 0.915661
137 237 -2.215292
138 139 0.354267
138 148 0.421332
138 238 -0.139703
139 130 0.168940
139 149 -0.345494
139 239 -0.497781
140 141 -0.581461
140 150 0.862199
140 240 0.385706
141 142 -0.052938
141 151 -0.783603
141 241 1.126543
142 143 -1.709241
142 152 0.444659
142 242 -0.772554
143 144 -0.868145
143 153 -0.103250
143 243 -0.519027
144 145 2.277686
144 154 -2.063987
144 244 1.467203
145 146 0.301633
145 155 0.625729
145 245 0.104958
146 147 -1.326275
146 156 0.343326
146 246 -0.042332
147 148 1.449498
147 157 -1.051992
147 247 0.666334
148 149 -1.253352
148 158 0.465215
148 248 0.650511
149 140 0.168678
149 159 1.690125
149 249 -0.397878
150 151 0.653366
150 160 0.681708
150 250 -1.474169
151 152 -0.407550
151 161 -0.644478
151 251 0.354138
152 153 1.310232
152 162 0.870540
152 252 -0.081528
153 154 2.082806
153 163 1.679579
153 253 -0.524422
154 155 0.109768
154 164 -0.521800
154 254 -2.041185
155 156 -0.276510
155 165 0.922278
155 255 -0.406602
156 157 -0.147357
156 166 -0.186072
156 256 0.160448
157 158 0.727871
157 167 -0.709988
157 257 0.433064
158 159 0.441152
158 168 2.776356
158 258 -1.071503
159 150 0.894908
159 169 -0.645848
159 259 1.108538
160 161 0.540590
160 170 0.622162
160 260 2.015002
161 162 0.954130
161 171 0.308761
161 261 -0.997206
162 163 -1.267798
162 172 0.591366
162 262 1.206987
163 164 -0.581002
163 173 -0.166796
163 263 0.180081
164 165 1.955387
164 174 -0.291058
164 264 -0.892211
165 166 -0.093953
165 175 -0.183902
165 265 0.717368
166 167 -0.337481
166 176 -0.469152
166 266 -0.656164
167 168 -0.824074
167 177 -0.034448
167 267 0.885276
168 169 -1.005493
168 178 -1.448186
168 268 0.096708
169 160 -0.677019
169 179 -1.832072
169 269 0.258035
170 171 0.058906
170 180 -0.808915
170 270 0.538512
171 172 -1.029499
171 181 0.140958
171 271 0.897114
172 173 0.937703
172 182 0.997652
172 272 1.167479
173 174 0.084223
173 183 -0.619963
173 273 0.856823
174 175 1.010306
174 184 -0.027753
174 274 1.057815
175 176 1.979707
175 185 -0.126724
175 275 -0.783517
176 177 0.610862
176 186 0.092993
176 276 2.952505
177 178 0.340821
177 187 0.233406
177 277 0.024483
178 179 -0.397687
178 188 -1.296831
178 278 1.627902
179 170 -0.485244
179 189 1.163370
179 279 -0.583302
180 181 -1.171092
180 190 0.789731
180 280 -0.302634
181 182 0.345000
181 191 0.828072
181 281 -0.211770
182 183 0.739889
182 192 0.769953
182 282 0.760562
183 184 0.576888
183 193 0.205719
183 283 -0.161534
184 185 0.240251
184 194 -1.630877
184 284 1.389598
185 186 -0.052210
185 195 -0.096269
185 285 1.280665
186 187 0.895847
186 196 -1.392675
186 286 -1.583276
187 188 0.600147
187 197 1.492638
187 287 1.738869
188 189 1.574141
188 198 -0.979506
188 288 0.555651
189 180 0.166301
189 199 0.575124
189 289 0.581409
190 191 -1.288333
190 100 -0.810769
190 290 -0.277167
191 192 0.285912
191 101 -1.093195
191 291 -0.792801
192 193 0.416452
192 102 0.426072
192 292 -0.580211
193 194 1.103421
193 103 -0.069827
193 293 0.603331
194 195 -0.404318
194 104 0.742321
194 294 -1.112106
195 196 0.663914
195 105 0.038649
195 295 0.353913
196 197 0.431805
196 106 -0.110908
196 296 0.638790
197 198 -1.958817
197 107 -0.211935
197 297 1.907812
198 199 0.232285
198 108 -1.062739
198 298 1.140406
199 190 -1.950746
199 109 0.606950
199 299 -0.303168
200 201 0.556680
200 210 -0.560694
200 300 0.606937
201 202 -2.219933
201 211 -2.151991
201 301 -1.007425
202 203 1.240598
202 212 -1.998227
202 302 -1.110207
203 204 0.470182
203 213 -0.410012
203 303 -0.449036
204 205 -0.067394
204 214 0.239135
204 304 0.953635
205 206 0.873893
205 215 2.109006
205 305 0.473518
206 207 2.299015
206 216 -0.528601
206 306 -0.947514
207 208 0.090115
207 217 -0.528954
207 307 -0.398314
208 209 -0.064693
208 218 0.447319
208 308 0.665617
209 200 -0.157698
209 219 2.579428
209 309 0.592865
210 211 0.200285
210 220 -0.813999
210 310 1.614139
211 212 -0.787289
211 221 0.166280
211 311 0.016338
212 213 -0.551520
212 222 0.298122
212 312 0.339313
213 214 -0.576643
213 223 1.088106
213 313 -0.065958
214 215 1.156861
214 224 -0.039623
214 314 1.116483
215 216 -1.808145
215 225 0.005173
215 315 -1.280252
216 217 -1.748987
216 226 -0.726964
216 316 2.017252
217 218 0.045300
217 227 0.416924
217 317 0.004626
218 219 -1.059662
218 228 0.565643
218 318 2.033702
219 210 1.513478
219 229 -1.038157
219 319 -0.062829
220 221 -0.056306
220 230 -0.912234
220 320 -1.311235
221 222 -0.691453
221 231 1.366159
221 321 -1.120985
222 223 0.917140
222 232 0.100599
222 322 -0.604456
223 224 -0.758638
223 233 -0.187073
223 323 -0.072991
224 225 -0.388373
224 234 0.307229
224 324 -1.046522
225 226 2.296812
225 235 -0.975554
225 325 0.798197
226 227 -1.426527
226 236 -0.006606
226 326 -0.804405
227 228 0.062109
227 237 0.887727
227 327 0.790295
228 229 1.844852
228 238 -0.579509
228 328 -0.234491
229 220 -1.467381
229 239 -0.660395
229 329 1.197470
230 231 -0.589781
230 240 0.270659
230 330 0.191806
231 232 -1.893510
231 241 -1.227195
231 331 -0.456250
232 233 0.732125
232 242 0.088870
232 332 0.638477
233 234 0.717627
233 243 0.309870
233 333 1.472449
234 235 0.693101
234 244 1.225216
234 334 0.826233
235 236 2.047485
235 245 -1.703631
235 335 2.023283
236 237 -1.688690
236 246 0.667932
236 336 -1.899011
237 238 -0.373806
237 247 -1.297775
237 337 0.316609
238 239 0.521063
238 248 0.976479
238 338 0.017281
239 230 0.570982
239 249 0.574728
239 339 0.136785
240 241 1.355138
240 250 -0.263304
240 340 -0.227956
241 242 -0.975387
241 251 -0.962616
241 341 -0.645529
242 243 1.329212
242 252 -0.095540
242 342 -1.418980
243 244 0.893236
243 253 -0.219948
243 343 0.622981
244 245 -0.532387
244 254 0.581854
244 344 -1.352747
245 246 -0.713486
245 255 0.465126
245 345 -0.203007
246 247 1.257885
246 256 0.406520
246 346 -0.130415
247 248 1.526903
247 257 -0.346707
247 347 -2.823736
248 249 -0.636359
248 258 1.903382
248 348 -0.625486
249 240 0.778906
249 259 -1.487593
249 349 -1.923529
250 251 1.111153
250 260 0.259197
250 350 -0.468702
251 252 0.955270
251 261 0.615099
251 351 0.621648
252 253 0.221117
252 262 -0.359486
252 352 1.005652
253 254 1.660641
253 263 0.671183
253 353 -0.005326
254 255 0.571854
254 264 0.932443
254 354 -1.668336
255 256 1.037448
255 265 0.853109
255 355 0.166813
256 257 -1.109034
256 266 0.901619
256 356 -0.316551
257 258 0.439188
257 267 1.100005
257 357 0.494925
258 259 1.027037
258 268 -0.806350
258 358 -0.043321
259 250 2.152895
259 269 0.205954
259 359 0.450389
260 261 1.233373
260 270 0.061897
260 360 -1.816987
261 262 0.181487
261 271 -0.029309
261 361 -0.034794
262 263 -1.057029
262 272 0.703599
262 362 -2.253301
263 264 1.473297
263 273 1.230744
263 363 0.667454
264 265 -0.832435
264 274 1.236991
264 364 0.047621
265 266 -0.684548
265 275 -0.497356
265 365 0.706594
266 267 -1.039487
266 276 -2.080038
266 366 -0.660132
267 268 0.737777
267 277 0.058761
267 367 -0.341985
268 269 1.915876
268 278 -1.451759
268 368 -2.015497
269 260 0.023478
269 279 1.943024
269 369 0.389641
270 271 0.947263
270 280 -0.315269
270 370 1.573340
271 272 -1.562951
271 281 1.672093
271 371 0.535843
272 273 -1.330702
272 282 -0.948666
272 372 0.645623
273 274 -0.085106
273 283 -0.247041
273 373 0.937234
274 275 0.455697
274 284 -1.341872
274 374 1.147295
275 276 -1.710539
275 285 0.200043
275 375 0.357827
276 277 1.803763
276 286 -0.462780
276 376 0.048605
277 278 0.476064
277 287 -0.610446
277 377 -2.240422
278 279 -0.294972
278 288 0.247199
278 378 -0.791039
279 270 -1.320471
279 289 -0.031555
279 379 -1.323076
280 281 0.700296
280 290 -1.135271
280 380 -0.136540
281 282 -0.586444
281 291 0.848082
281 381 -0.571123
282 283 0.253192
282 292 0.359688
282 382 -1.241208
283 284 -1.087252
283 293 -0.408558
283 383 0.478300
284 285 2.488879
284 294 1.164107
284 384 -0.063986
285 286 -1.034097
285 295 -0.760694
285 385 0.138360
286 287 1.549868
286 296 -0.474593
286 386 0.602620
287 288 -0.449196
287 297 -0.477764
287 387 -0.492237
288 289 0.720325
288 298 -2.020725
288 388 -1.540991
289 280 -0.659479
289 299 -2.225921
289 389 0.584565
290 291 -1.667681
290 200 -2.392483
290 390 0.763384
291 292 -1.368594
291 201 -1.768525
291 391 -0.484363
292 293 0.646879
292 202 0.289620
292 392 2.675263
293 294 -1.809436
293 203 0.681965
293 393 -0.324962
294 295 -1.742788
294 204 0.300269
294 394 -0.990109
295 296 -1.123157
295 205 -0.730097
295 395 -2.359213
296 297 -1.002387
296 206 0.016554
296 396 0.244855
297 298 -0.397027
297 207 0.336926
297 397 -0.635542
298 299 -2.180612
298 208 1.015146
298 398 -1.450387
299 290 1.049916
299 209 0.620476
299 399 -0.753380
300 301 -0.426177
300 310 0.085945
300 400 -0.644726
301 302 0.346498
301 311 -0.435583
301 401 -0.705081
302 303 0.330876
302 312 0.380798
302 402 1.085563
303 304 -0.589130
303 313 -1.149299
303 403 -0.397131
304 305 -0.886794
304 314 -0.478053
304 404 -0.353999
305 306 0.057929
305 315 0.204110
305 405 -1.968032
306 307 0.717872
306 316 0.740313
306 406 -0.552371
307 308 0.587304
307 317 -0.376552
307 407 -0.073076
308 309 0.098676
308 318 -0.343414
308 408 0.975471
309 300 1.113143
309 319 -0.395243
309 409 1.667799
310 311 -1.172577
310 320 -0.005399
310 410 1.573698
311 312 2.234887
311 321 0.238547
311 411 -0.045876
312 313 1.063077
312 322 -1.222553
312 412 3.171157
313 314 -0.020914
313 323 0.796115
313 413 0.002952
314 315 -0.197066
314 324 0.283580
314 414 0.928480
315 316 0.810678
315 325 0.779893
315 415 0.358271
316 317 -0.458040
316 326 0.525224
316 416 -0.096194
317 318 -1.116905
317 327 0.629362
317 417 -1.424462
318 319 0.188361
318 328 0.357053
318 418 -0.440558
319 310 0.425360
319 329 0.811312
319 419 0.659806
320 321 0.293259
320 330 1.925210
320 420 -2.350368
321 322 -0.427683
321 331 -0.181151
321 421 -0.303917
322 323 0.524756
322 332 -0.733870
322 422 -0.282673
323 324 0.162463
323 333 0.460098
323 423 0.282965
324 325 1.554892
324 334 0.437071
324 424 -1.781343
325 326 0.768722
325 335 0.839986
325 425 0.501721
326 327 0.207723
326 336 1.712967
326 426 0.278311
327 328 1.102582
327 337 -0.114180
327 427 1.319095
328 329 -1.070571
328 338 -0.386827
328 428 -1.264495
329 320 -0.431128
329 339 -2.397718
329 429 0.218174
330 331 -2.510017
330 340 0.619920
330 430 0.252554
331 332 0.265640
331 341 -1.677078
331 431 0.295346
332 333 1.442840
332 342 -0.298642
332 432 -0.255976
333 334 -1.679859
333 343 0.370206
333 433 -0.879561
334 335 0.292814
334 344 -0.885660
334 434 1.245964
335 336 -1.585636
335 345 0.244308
335 435 0.775931
336 337 0.494978
336 346 -0.536751
336 436 -0.784999
337 338 1.025882
337 347 -0.748484
337 437 -1.314964
338 339 0.344999
338 348 -0.246953
338 438 -0.101032
339 330 0.680988
339 349 -2.252563
339 439 0.618047
340 341 0.253365
340 350 0.325517
340 440 -1.409436
341 342 -0.164372
341 351 0.040232
341 441 -1.553849
342 343 0.067971
342 352 0.571743
342 442 -0.602535
343 344 -2.235019
343 353 -1.230868
343 443 -1.181150
344 345 1.063227
344 354 0.993971
344 444 2.343176
345 346 0.269554
345 355 -1.018662
345 445 -0.119558
346 347 0.050601
346 356 -0.405621
346 446 -0.102613
347 348 -0.120129
347 357 2.640502
347 447 0.911942
348 349 1.201606
348 358 -1.568044
348 448 0.867783
349 340 -1.868062
349 359 0.527018
349 449 -0.095311
350 351 -0.175743
350 360 0.396649
350 450 -1.265638
351 352 0.416923
351 361 -0.075675
351 451 0.604181
352 353 0.266449
352 362 -0.038106
352 452 -0.710086
353 354 0.247851
353 363 0.013001
353 453 -1.071045
354 355 1.604246
354 364 -0.850750
354 454 0.098968
355 356 -1.016736
355 365 1.492946
355 455 -2.009165
356 357 1.442898
356 366 0.356717
356 456 -2.042524
357 358 1.634596
357 367 -1.069433
357 457 1.596847
358 359 -1.612331
358 368 0.304294
358 458 -2.250156
359 350 1.677311
359 369 0.398183
359 459 1.437187
360 361 -0.659860
360 370 0.932505
360 460 0.881343
361 362 0.646757
361 371 -1.214325
361 461 -0.313978
362 363 -0.453287
362 372 0.453286
362 462 -1.629081
363 364 1.853572
363 373 0.126795
363 463 -0.953288
364 365 0.050527
364 374 -0.343704
364 464 -0.632102
365 366 1.086931
365 375 -0.030098
365 465 0.246544
366 367 -1.851915
366 376 0.411233
366 466 -0.411155
367 368 -1.597987
367 377 0.863975
367 467 -0.254517
368 369 1.001202
368 378 -1.336041
368 468 1.558381
369 360 1.369118
369 379 0.437043
369 469 0.060679
370 371 0.784006
370 380 0.623239
370 470 0.842570
371 372 -0.406876
371 381 0.664684
371 471 -0.882063
372 373 -0.583590
372 382 -1.532723
372 472 0.561890
373 374 1.112156
373 383 -0.161878
373 473 0.387445
374 375 -0.153952
374 384 0.621752
374 474 -0.052187
375 376 -1.040145
375 385 -1.369892
375 475 -0.901426
376 377 -0.406184
376 386 0.228597
376 476 0.565034
377 378 -0.856363
377 387 0.153374
377 477 -0.010828
378 379 0.109534
378 388 1.280493
378 478 1.022101
379 370 0.615035
379 389 -2.293808
379 479 -1.395589
380 381 0.415229
380 390 -1.187439
380 480 0.064587
381 382 -2.090273
381 391 -0.411058
381 481 0.491705
382 383 0.991943
382 392 -0.428232
382 482 -1.484763
383 384 0.871791
383 393 0.233872
383 483 1.097910
384 385 -0.403180
384 394 -0.248284
384 484 -2.658376
385 386 0.725019
385 395 0.129924
385 485 1.061542
386 387 -1.113146
386 396 0.062842
386 486 -0.431730
387 388 1.850445
387 397 -0.134783
387 487 -0.302239
388 389 -1.702050
388 398 0.371170
388 488 1.491087
389 380 -0.134523
389 399 0.787512
389 489 0.909199
390 391 -0.869213
390 300 -1.838952
390 490 -0.851538
391 392 -1.293209
391 301 -0.335043
391 491 1.552853
392 393 -0.818400
392 302 2.154223
392 492 2.015417
393 394 -0.249154
393 303 1.057205
393 493 0.384602
394 395 -0.106567
394 304 -0.502971
394 494 0.794149
395 396 0.803520
395 305 0.043623
395 495 0.391535
396 397 0.584765
396 306 -0.412216
396 496 -0.171934
397 398 0.066066
397 307 -1.837379
397 497 -0.625734
398 399 -0.589016
398 308 -0.573576
398 498 0.012748
399 390 0.165469
399 309 0.353152
399 499 -1.937213
400 401 -1.297625
400 410 -0.717126
400 500 -1.883504
401 402 -1.596722
401 411 -0.628195
401 501 -2.468427
402 403 -0.227178
402 412 -0.342822
402 502 1.340955
403 404 1.050701
403 413 -0.935386
403 503 0.837090
404 405 -0.085540
404 414 -0.235417
404 504 0.302639
405 406 0.658867
405 415 0.319660
405 505 0.033725
406 407 -0.146193
406 416 -1.079332
406 506 0.470024
407 408 -1.047843
407 417 0.397996
407 507 -1.297761
408 409 2.705175
408 418 -0.660021
408 508 -0.435150
409 400 0.046200
409 419 -0.950671
409 509 -0.306171
410 411 -1.139974
410 420 -0.528914
410 510 -0.430137
411 412 0.918582
411 421 0.769709
411 511 -0.225097
412 413 2.016343
412 422 -0.391501
412 512 0.058983
413 414 1.751157
413 423 0.462451
413 513 0.495559
414 415 1.706003
414 424 -0.385175
414 514 -0.169147
415 416 1.029870
415 425 1.174704
415 515 -0.003975
416 417 -0.097861
416 426 0.490196
416 516 -1.472962
417 418 0.026028
417 427 0.922802
417 517 -0.582170
418 419 0.237440
418 428 1.090639
418 518 -0.642654
419 410 0.262490
419 429 -0.246814
419 519 0.066441
420 421 -1.698657
420 430 -0.754474
420 520 -0.706062
421 422 0.150740
421 431 -0.132996
421 521 1.276560
422 423 0.809609
422 432 0.289279
422 522 -0.463039
423 424 0.041377
423 433 -1.886674
423 523 -0.935673
424 425 -1.654836
424 434 -1.001567
424 524 0.576008
425 426 -1.297746
425 435 0.999127
425 525 2.421942
426 427 1.834664
426 436 -1.048248
426 526 0.167404
427 428 0.508467
427 437 1.479083
427 527 0.237891
428 429 0.231213
428 438 0.178007
428 528 0.231248
429 420 0.051226
429 439 2.108224
429 529 -2.743545
430 431 0.094626
430 440 0.955883
430 530 -0.164552
431 432 2.142415
431 441 -0.205369
431 531 1.005707
432 433 0.941656
432 442 -0.510484
432 532 -0.097560
433 434 0.782313
433 443 1.475933
433 533 0.910871
434 435 -1.047984
434 444 0.235302
434 534 1.673516
435 436 0.289596
435 445 -0.363489
435 535 -1.322907
436 437 0.786337
436 446 -0.242872
436 536 0.322667
437 438 1.028979
437 447 0.767739
437 537 -1.141944
438 439 0.605136
438 448 0.646601
438 538 -0.871687
439 430 0.437554
439 449 0.182736
439 539 1.368095
440 441 1.065027
440 450 -0.261883
440 540 -1.462413
441 442 -1.094795
441 451 0.252740
441 541 0.084430
442 443 0.919045
442 452 -0.697298
442 542 1.557923
443 444 0.775482
443 453 -0.012414
443 543 0.140222
444 445 0.372412
444 454 0.661212
444 544 -0.746185
445 446 -1.276776
445 455 -1.378957
445 545 -0.450421
446 447 1.739764
446 456 0.770625
446 546 -0.285347
447 448 0.605708
447 457 -1.005098
447 547 -1.394428
448 449 0.352142
448 458 0.399932
448 548 -2.263296
449 440 0.238773
449 459 0.126032
449 549 1.062059
450 451 0.014794
450 460 -1.023331
450 550 0.609861
451 452 0.442568
451 461 1.499433
451 551 -1.298609
452 453 2.300695
452 462 0.082901
452 552 -0.179229
453 454 -0.996148
453 463 -0.612015
453 553 0.406861
454 455 -1.579230
454 464 -0.821600
454 554 -0.408570
455 456 1.615093
455 465 -0.213653
455 555 -0.127569
456 457 -0.674081
456 466 -0.325584
456 556 -1.422084
457 458 0.197751
457 467 -1.501927
457 557 -0.062894
458 459 -1.216972
458 468 0.490853
458 558 -1.785713
459 450 -1.964942
459 469 -0.067068
459 559 0.264287
460 461 0.449206
460 470 0.690616
460 560 -0.362835
461 462 -0.491513
461 471 -1.954030
461 561 -0.867537
462 463 0.835995
462 472 -0.226307
462 562 1.492022
463 464 0.419606
463 473 -0.071488
463 563 -2.099418
464 465 -1.221625
464 474 1.031292
464 564 0.076341
465 466 -1.624566
465 475 0.584172
465 565 1.237328
466 467 0.315295
466 476 -0.920211
466 566 1.099016
467 468 1.574891
467 477 0.497035
467 567 0.259786
468 469 -0.721589
468 478 2.349664
468 568 -0.792987
469 460 0.931337
469 479 -2.806126
469 569 -0.419465
470 471 1.017711
470 480 -0.650646
470 570 -0.421433
471 472 0.668569
471 481 -1.152647
471 571 -0.343712
472 473 -1.404559
472 482 1.995074
472 572 -2.049623
473 474 -0.149846
473 483 -0.123318
473 573 1.584115
474 475 -0.845649
474 484 1.535923
474 574 -1.867755
475 476 0.773971
475 485 0.621590
475 575 -1.099891
476 477 2.200417
476 486 0.319323
476 576 -0.186982
477 478 -0.236569
477 487 -1.254488
477 577 1.174583
478 479 -0.601471
478 488 1.356716
478 578 0.251063
479 470 -1.085116
479 489 0.451474
479 579 -1.395839
480 481 0.004654
480 490 0.425936
480 580 0.493157
481 482 -1.154953
481 491 -0.129374
481 581 0.488830
482 483 0.362218
482 492 0.746353
482 582 1.995816
483 484 1.424569
483 493 -0.601915
483 583 0.143602
484 485 -0.376273
484 494 -0.626120
484 584 -0.632158
485 486 -1.578541
485 495 -1.665628
485 585 -0.272159
486 487 0.926823
486 496 -0.039126
486 586 -0.637207
487 488 0.140909
487 497 0.531124
487 587 0.418692
488 489 -0.251699
488 498 0.332530
488 588 1.296246
489 480 -0.675282
489 499 -0.669699
489 589 0.966278
490 491 0.572928
490 400 -0.451599
490 590 -0.660102
491 492 1.601952
491 401 -0.741150
491 591 0.319666
492 493 0.184853
492 402 -0.857155
492 592 -0.776881
493 494 -1.006928
493 403 0.019011
493 593 0.191897
494 495 -0.628534
494 404 -1.168189
494 594 -0.509095
495 496 0.228798
495 405 0.185391
495 595 0.315197
496 497 -0.186683
496 406 -0.414932
496 596 -0.141174
497 498 0.154909
497 407 -0.798532
497 597 0.388930
498 499 0.680731
498 408 1.178830
498 598 1.572470
499 490 0.516327
499 409 -0.000679
499 599 1.169339
500 501 -0.257937
500 510 0.268232
500 600 0.567757
501 502 0.313656
501 511 -0.312944
501 601 -0.633296
502 503 -1.034214
502 512 -0.740976
502 602 0.370456
503 504 -1.813323
503 513 0.083025
503 603 -0.330394
504 505 1.579820
504 514 0.416071
504 604 -1.889812
505 506 -0.347315
505 515 -0.313467
505 605 -0.067187
506 507 -0.195811
506 516 1.350240
506 606 0.773114
507 508 2.095833
507 517 -0.408164
507 607 -0.130124
508 509 -1.343646
508 518 1.465155
508 608 -0.966342
509 500 1.687636
509 519 -2.521439
509 609 -2.026931
510 511 -0.344692
510 520 -0.880545
510 610 0.133087
511 512 -0.655502
511 521 -0.240871
511 611 1.425915
512 513 -0.613337
512 522 -0.853432
512 612 0.800177
513 514 1.948843
513 523 -1.222569
513 613 -0.031661
514 515 -0.812479
514 524 0.566394
514 614 -1.586396
515 516 -0.499404
515 525 0.341492
515 615 0.984838
516 517 -0.646418
516 526 -0.818088
516 616 -1.429170
517 518 -0.485293
517 527 -0.423004
517 617 0.596560
518 519 0.508190
518 528 0.886596
518 618 0.147741
519 510 0.686321
519 529 0.516461
519 619 0.603933
520 521 2.659139
520 530 0.597485
520 620 -0.598971
521 522 1.540581
521 531 -0.086211
521 621 0.369157
522 523 -0.970751
522 532 -1.362059
522 622 -0.832690
523 524 -1.221038
523 533 1.965747
523 623 1.435557
524 525 -0.448819
524 534 -0.499553
524 624 2.082716
525 526 1.518288
525 535 -0.651841
525 625 0.177278
526 527 0.134834
526 536 -0.522993
526 626 0.677676
527 528 -0.853317
527 537 0.599108
527 627 -0.168917
528 529 -0.316264
528 538 0.057530
528 628 -1.410552
529 520 0.080156
529 539 -0.531540
529 629 0.516286
530 531 -1.083154
530 540 1.495459
530 630 0.717739
531 532 -0.801374
531 541 -0.558699
531 631 -1.138877
532 533 -2.063870
532 542 -2.103803
532 632 1.515723
533 534 0.015459
533 543 -0.918800
533 633 -1.618546
534 535 -2.124128
534 544 -0.963145
534 634 0.638218
535 536 0.177600
535 545 0.317603
535 635 0.355100
536 537 -1.579561
536 546 -0.155147
536 636 -2.118937
537 538 0.392084
537 547 -0.028492
537 637 0.996231
538 539 -0.802981
538 548 -0.275812
538 638 -1.308974
539 530 0.458746
539 549 0.827101
539 639 0.519881
540 541 -0.718718
540 550 -0.513900
540 640 -0.749734
541 542 2.515210
541 551 0.069039
541 641 0.003653
542 543 0.708838
542 552 -0.686055
542 642 0.164037
543 544 -0.111822
543 553 -2.592718
543 643 -1.386445
544 545 -1.193181
544 554 -0.666861
544 644 -1.573630
545 546 -0.615535
545 555 -0.983057
545 645 -0.435350
546 547 -1.328706
546 556 -1.574824
546 646 0.338198
547 548 -0.380241
547 557 -1.297552
547 647 -0.724769
548 549 1.060200
548 558 -0.150318
548 648 -0.575333
549 540 -0.117500
549 559 0.461492
549 649 -0.456157
550 551 0.026994
550 560 0.030659
550 650 2.959486
551 552 0.164336
551 561 0.676166
551 651 -0.493411
552 553 0.350355
552 562 0.560169
552 652 -1.723031
553 554 -0.086292
553 563 -0.076870
553 653 0.168587
554 555 0.328793
554 564 -0.059839
554 654 0.125351
555 556 0.856895
555 565 -1.444065
555 655 -0.364039
556 557 0.777019
556 566 0.833227
556 656 -1.096970
557 558 -1.384183
557 567 2.193539
557 657 -1.140737
558 559 -1.498461
558 568 -1.155758
558 658 0.303799
559 550 -0.023175
559 569 0.027519
559 659 -1.772899
560 561 -0.709029
560 570 -0.336136
560 660 0.568902
561 562 -0.991282
561 571 0.484677
561 661 0.826984
562 563 -0.060007
562 572 0.990252
562 662 0.777911
563 564 -0.710507
563 573 0.883066
563 663 0.278636
564 565 -0.115643
564 574 0.699674
564 664 0.742576
565 566 0.473579
565 575 0.315009
565 665 0.427215
566 567 -0.601556
566 576 -0.877414
566 666 0.663562
567 568 -1.217625
567 577 0.408445
567 667 -0.361604
568 569 0.568802
568 578 0.627095
568 668 -0.779398
569 560 -0.311240
569 579 -0.698945
569 669 -0.234312
570 571 -1.029856
570 580 1.022911
570 670 -1.043080
571 572 1.218512
571 581 -0.602779
571 671 0.350944
572 573 1.075350
572 582 -1.476032
572 672 2.090526
573 574 -0.897417
573 583 0.158991
573 673 -1.823976
574 575 -0.708357
574 584 -2.175867
574 674 -0.592598
575 576 -2.051153
575 585 -0.659875
575 675 0.851105
576 577 -0.047929
576 586 0.201284
576 676 0.021892
577 578 0.244569
577 587 0.842415
577 677 -0.876434
578 579 -0.235140
578 588 1.506992
578 678 2.044008
579 570 -0.917737
579 589 0.553612
579 679 0.373373
580 581 -0.330231
580 590 -1.646468
580 680 1.414201
581 582 1.478946
581 591 1.591001
581 681 -0.251578
582 583 -0.190970
582 592 -0.828455
582 682 -1.236466
583 584 0.928872
583 593 -0.717287
583 683 1.084021
584 585 0.087861
584 594 0.395464
584 684 0.458555
585 586 -0.965281
585 595 -0.608054
585 685 0.446428
586 587 1.266358
586 596 -2.425979
586 686 -0.138862
587 588 -0.490880
587 597 0.766461
587 687 -1.132744
588 589 -0.203861
588 598 -1.366944
588 688 -0.238160
589 580 -2.766744
589 599 0.627440
589 689 -0.105914
590 591 0.625170
590 500 0.306021
590 690 0.217374
591 592 -1.251171
591 501 -0.384167
591 691 -1.180517
592 593 -1.241819
592 502 -0.367179
592 692 -0.440628
593 594 -1.065246
593 503 0.682462
593 693 0.308964
594 595 0.553234
594 504 0.118408
594 694 0.824236
595 596 0.648897
595 505 -0.740632
595 695 0.915223
596 597 0.278202
596 506 0.791050
596 696 -0.461220
597 598 0.231500
597 507 0.271257
597 697 -0.738785
598 599 0.729158
598 508 -1.597172
598 698 -0.822504
599 590 1.078661
599 509 1.164822
599 699 -1.020017
600 601 -0.174231
600 610 -1.467434
600 700 0.780735
601 602 -2.483519
601 611 0.147725
601 701 1.637649
602 603 -1.111302
602 612 0.546899
602 702 -0.085486
603 604 0.043388
603 613 -0.560805
603 703 -0.914976
604 605 -1.476442
604 614 0.043999
604 704 -0.247068
605 606 0.591840
605 615 -0.606063
605 705 -0.597356
606 607 -1.340650
606 616 1.343285
606 706 0.243347
607 608 -0.083127
607 617 3.120679
607 707 -1.011540
608 609 1.905797
608 618 -0.072806
608 708 0.442364
609 600 0.618111
609 619 -1.466227
609 709 -0.917441
610 611 0.249588
610 620 0.208048
610 710 0.681623
611 612 0.102356
611 621 0.531968
611 711 -0.232533
612 613 -0.644417
612 622 0.256173
612 712 1.311516
613 614 0.329594
613 623 -0.995530
613 713 0.433376
614 615 -0.447167
614 624 0.426126
614 714 0.474719
615 616 0.943488
615 625 -0.965039
615 715 -1.483231
616 617 -1.053361
616 626 -0.519568
616 716 -1.127003
617 618 0.555300
617 627 -1.068441
617 717 0.964935
618 619 -1.075118
618 628 0.980768
618 718 0.170848
619 610 0.682490
619 629 -0.084791
619 719 -0.523495
620 621 0.523257
620 630 0.440350
620 720 -1.835984
621 622 0.303665
621 631 -0.660844
621 721 0.319602
622 623 -0.923114
622 632 0.799337
622 722 -2.552695
623 624 0.314622
623 633 -0.393037
623 723 0.370465
624 625 0.393279
624 634 2.060605
624 724 -1.810464
625 626 0.589741
625 635 -0.606340
625 725 -1.289919
626 627 -0.663667
626 636 0.552059
626 726 -0.080484
627 628 -1.384379
627 637 0.449288
627 727 -0.233251
628 629 -0.476003
628 638 -1.437169
628 728 0.411891
629 620 -0.840101
629 639 0.432198
629 729 0.018740
630 631 -1.705511
630 640 0.412838
630 730 0.194086
631 632 -0.033153
631 641 -0.909413
631 731 -1.834910
632 633 0.468242
632 642 0.485434
632 732 0.137037
633 634 0.891139
633 643 0.414365
633 733 -0.848858
634 635 -1.627835
634 644 0.912066
634 734 1.189693
635 636 -1.190639
635 645 0.442340
635 735 -0.813356
636 637 0.213243
636 646 1.566507
636 736 -1.856377
637 638 -1.208327
637 647 0.584308
637 737 1.406734
638 639 -0.348455
638 648 -1.417993
638 738 -2.038391
639 630 1.221551
639 649 0.350131
639 739 1.320762
640 641 1.532558
640 650 1.498587
640 740 -1.007739
641 642 0.167061
641 651 -0.805714
641 741 -0.584974
642 643 -0.082786
642 652 0.017610
642 742 -0.339348
643 644 -0.441690
643 653 -2.552148
643 743 -0.566955
644 645 0.644804
644 654 0.879260
644 744 0.708100
645 646 -2.173894
645 655 0.011844
645 745 0.994413
646 647 -0.674559
646 656 -0.436426
646 746 0.935596
647 648 0.705965
647 657 -0.128120
647 747 1.136114
648 649 0.053944
648 658 -0.620198
648 748 0.052862
649 640 -0.079390
649 659 -0.438884
649 749 -0.231193
650 651 0.729948
650 660 0.043919
650 750 -1.119515
651 652 -0.274054
651 661 -1.420819
651 751 -1.787478
652 653 0.174525
652 662 0.059743
652 752 0.275365
653 654 -0.212601
653 663 0.241954
653 753 1.731270
654 655 2.600752
654 664 1.245159
654 754 0.607516
655 656 -1.922456
655 665 0.130206
655 755 -2.242411
656 657 0.669002
656 666 -0.862985
656 756 0.211979
657 658 -0.486767
657 667 -0.864190
657 757 -0.692087
658 659 -1.262330
658 668 0.907694
658 758 0.404160
659 650 0.158925
659 669 -0.165667
659 759 0.717877
660 661 -0.286953
660 670 -1.749499
660 760 -0.886944
661 662 1.504327
661 671 1.020940
661 761 -0.921243
662 663 1.238126
662 672 -1.048167
662 762 0.707011
663 664 -0.714583
663 673 -1.419906
663 763 -0.141645
664 665 -2.406435
664 674 -0.036291
664 764 -0.750975
665 666 -1.568324
665 675 -0.161535
665 765 1.252160
666 667 -2.053386
666 676 1.792062
666 766 -0.559420
667 668 -0.192877
667 677 -0.480329
667 767 -0.376358
668 669 -0.239991
668 678 1.031493
668 768 0.384734
669 660 -0.856794
669 679 -0.678498
669 769 -0.326598
670 671 1.446549
670 680 -0.027311
670 770 -0.192048
671 672 0.168459
671 681 -0.132782
671 771 -0.051869
672 673 0.307333
672 682 0.171907
672 772 1.626567
673 674 -0.035084
673 683 0.351811
673 773 1.386296
674 675 -1.608984
674 684 0.527604
674 774 0.411985
675 676 -1.943641
675 685 -0.688700
675 775 -0.831304
676 677 0.104337
676 686 0.180453
676 776 0.768922
677 678 -0.106389
677 687 0.066697
677 777 0.333217
678 679 0.920941
678 688 -1.205087
678 778 -0.802190
679 670 0.413730
679 689 1.373922
679 779 0.464151
680 681 0.102297
680 690 1.673021
680 780 0.609282
681 682 0.058159
681 691 0.831045
681 781 -0.949004
682 683 0.433093
682 692 -0.622894
682 782 -0.433662
683 684 -1.593124
683 693 -2.003916
683 783 0.370942
684 685 -0.913613
684 694 -0.091203
684 784 -0.333856
685 686 1.408645
685 695 -1.160092
685 785 -1.931206
686 687 0.027852
686 696 0.450709
686 786 -0.090602
687 688 0.036515
687 697 0.956194
687 787 0.078774
688 689 0.082353
688 698 0.551526
688 788 -0.790081
689 680 2.745786
689 699 2.257117
689 789 -0.027094
690 691 -0.242201
690 600 -0.036503
690 790 0.521853
691 692 0.574344
691 601 0.470779
691 791 0.148626
692 693 1.192167
692 602 -0.810921
692 792 -1.145468
693 694 0.559243
693 603 1.192050
693 793 -0.405334
694 695 0.452363
694 604 -0.004216
694 794 -0.384429
695 696 1.024703
695 605 1.797024
695 795 0.461841
696 697 0.371990
696 606 1.077023
696 796 -0.384419
697 698 -0.870849
697 607 0.092667
697 797 0.536996
698 699 0.275730
698 608 -0.331822
698 798 0.239732
699 690 1.698536
699 609 0.117119
699 799 0.257958
700 701 -0.094362
700 710 -0.819419
700 800 -0.163216
701 702 -0.709775
701 711 -0.880290
701 801 -0.395671
702 703 0.023396
702 712 0.007305
702 802 -0.271773
703 704 -0.855945
703 713 0.180227
703 803 -0.436334
704 705 -0.842420
704 714 0.069442
704 804 -1.615015
705 706 -0.615211
705 715 -0.661183
705 805 0.812921
706 707 0.755409
706 716 -0.129546
706 806 1.351509
707 708 2.113916
707 717 -0.536797
707 807 -0.030693
708 709 -0.242133
708 718 0.160163
708 808 -0.905670
709 700 1.093659
709 719 0.660410
709 809 -1.221974
710 711 0.350754
710 720 -2.612103
710 810 -1.413632
711 712 -0.476654
711 721 0.383134
711 811 -0.214039
712 713 -0.606442
712 722 -0.557195
712 812 1.064967
713 714 0.987452
713 723 -1.363424
713 813 -0.949142
714 715 -1.160631
714 724 0.778174
714 814 0.366895
715 716 0.859468
715 725 -0.082288
715 815 0.328192
716 717 1.366951
716 726 -0.307227
716 816 -0.105958
717 718 0.766763
717 727 -2.545020
717 817 -0.468844
718 719 -0.015943
718 728 1.621106
718 818 -0.731806
719 710 -2.385098
719 729 1.699384
719 819 -0.336034
720 721 -0.812058
720 730 0.547715
720 820 -1.362696
721 722 0.566513
721 731 -0.362709
721 821 0.037760
722 723 1.084660
722 732 -0.196688
722 822 -0.070936
723 724 1.182132
723 733 -0.385415
723 823 -0.338536
724 725 0.116515
724 734 -0.103144
724 824 0.045141
725 726 0.384939
725 735 1.761998
725 825 -0.540821
726 727 -0.705052
726 736 1.519712
726 826 1.317684
727 728 0.985797
727 737 -0.257702
727 827 1.081352
728 729 -0.920785
728 738 0.336148
728 828 -1.553842
729 720 -0.718665
729 739 1.751348
729 829 0.620479
730 731 0.082231
730 740 0.365723
730 830 -2.010582
731 732 -0.753315
731 741 -0.023390
731 831 2.136398
732 733 -0.513155
732 742 0.835478
732 832 -0.202451
733 734 1.726306
733 743 -1.165957
733 833 0.696526
734 735 -0.196735
734 744 -0.982885
734 834 -0.315464
735 736 -1.328356
735 745 0.574914
735 835 1.035051
736 737 0.641185
736 746 -0.490941
736 836 -1.063310
737 738 -1.558979
737 747 0.005434
737 837 -0.399676
738 739 -0.032583
738 748 -0.555006
738 838 0.422623
739 730 1.331295
739 749 0.908497
739 839 -0.869843
740 741 -0.450935
740 750 0.858997
740 840 -2.031980
741 742 0.336588
741 751 0.212865
741 841 -1.730820
742 743 1.256125
742 752 -1.025671
742 842 0.050874
743 744 -0.171134
743 753 -0.881979
743 843 -0.855609
744 745 -1.521921
744 754 -0.261331
744 844 -0.476303
745 746 -0.636145
745 755 -0.407075
745 845 -0.345716
746 747 -0.494174
746 756 -0.742448
746 846 -0.329481
747 748 -1.099708
747 757 -0.777396
747 847 -1.665959
748 749 0.555832
748 758 -1.670411
748 848 2.811791
749 740 1.712319
749 759 0.307594
749 849 -0.439310
750 751 0.825486
750 760 -0.756814
750 850 0.017471
751 752 -0.069363
751 761 -0.126193
751 851 0.403643
752 753 0.578902
752 762 0.228349
752 852 1.075520
753 754 -1.469394
753 763 -1.674990
753 853 -0.107959
754 755 -1.425986
754 764 0.764025
754 854 -1.110603
755 756 -0.012808
755 765 2.219032
755 855 -1.178533
756 757 1.354261
756 766 -0.141551
756 856 -1.225337
757 758 -0.250666
757 767 0.483135
757 857 1.349520
758 759 -1.673222
758 768 0.777413
758 858 -0.068840
759 750 -1.139264
759 769 1.941049
759 859 0.505244
760 761 0.394276
760 770 -1.997321
760 860 -0.237430
761 762 -0.549442
761 771 0.734072
761 861 -1.009827
762 763 0.611044
762 772 -0.525979
762 862 -0.800949
763 764 -3.426445
763 773 -0.476440
763 863 1.179999
764 765 0.559170
764 774 -0.555142
764 864 0.177381
765 766 -0.441710
765 775 0.178716
765 865 0.715129
766 767 -0.758608
766 776 -0.372835
766 866 -0.479939
767 768 -0.548163
767 777 -0.675091
767 867 1.872166
768 769 0.446211
768 778 -1.563552
768 868 -0.165754
769 760 1.439989
769 779 -0.932163
769 869 -0.794531
770 771 -0.708669
770 780 -0.699617
770 870 0.077832
771 772 -0.741098
771 781 -0.622125
771 871 -1.860822
772 773 1.720989
772 782 -1.536341
772 872 -1.379261
773 774 0.897364
773 783 1.440046
773 873 -0.738677
774 775 -2.241343
774 784 -1.124488
774 874 -0.280507
775 776 0.293036
775 785 0.490948
775 875 0.151254
776 777 -1.123741
776 786 0.659708
776 876 -0.343860
777 778 0.202801
777 787 0.067751
777 877 -0.102544
778 779 1.405586
778 788 -1.358317
778 878 1.601299
779 770 -1.818553
779 789 -0.471671
779 879 -0.658809
780 781 -0.647074
780 790 0.414819
780 880 1.523870
781 782 -1.266177
781 791 -1.125891
781 881 0.207888
782 783 -0.973164
782 792 -0.189489
782 882 -0.477797
783 784 -0.439026
783 793 -0.903625
783 883 -0.301170
784 785 -0.502736
784 794 0.418480
784 884 0.216584
785 786 0.376554
785 795 1.371740
785 885 -1.195714
786 787 -2.175556
786 796 -0.314885
786 886 -0.001269
787 788 1.113498
787 797 -2.065899
787 887 -0.729739
788 789 0.392248
788 798 -1.808746
788 888 -0.814450
789 780 0.872127
789 799 0.354344
789 889 1.035425
790 791 -1.302117
790 700 -0.226182
790 890 0.237754
791 792 1.048117
791 701 -0.137530
791 891 1.403981
792 793 -1.704801
792 702 1.865094
792 892 -2.219622
793 794 0.456800
793 703 1.026222
793 893 1.548341
794 795 0.787692
794 704 1.900871
794 894 1.529922
795 796 0.031716
795 705 0.682482
795 895 2.691008
796 797 0.489670
796 706 -0.325322
796 896 -0.836965
797 798 -0.409033
797 707 -1.047691
797 897 1.159528
798 799 0.420336
798 708 -0.280074
798 898 -1.076229
799 790 -0.148022
799 709 -0.028837
799 899 0.437024
800 801 -1.880057
800 810 0.156846
800 900 1.510648
801 802 -0.285064
801 811 -0.464066
801 901 1.377830
802 803 -1.257572
802 812 -1.641756
802 902 1.083604
803 804 1.377650
803 813 -1.115899
803 903 0.652081
804 805 0.054884
804 814 -0.362604
804 904 1.087061
805 806 1.962595
805 815 -1.040833
805 905 1.730475
806 807 0.067954
806 816 0.989497
806 906 -0.045512
807 808 -0.772656
807 817 -0.435112
807 907 0.699342
808 809 1.270487
808 818 0.397817
808 908 -2.844564
809 800 -0.308319
809 819 1.014509
809 909 0.375775
810 811 -0.837473
810 820 -0.307318
810 910 -0.177212
811 812 -0.060057
811 821 -0.103580
811 911 0.389936
812 813 -1.734398
812 822 0.540319
812 912 -0.412712
813 814 1.391217
813 823 0.557063
813 913 0.005510
814 815 -0.900637
814 824 -0.910169
814 914 1.153621
815 816 -2.574154
815 825 0.474042
815 915 -0.215307
816 817 -0.961719
816 826 0.593987
816 916 -0.663028
817 818 1.211975
817 827 -1.110949
817 917 -1.764842
818 819 -0.245455
818 828 -0.627084
818 918 0.241021
819 810 0.740321
819 829 1.005005
819 919 -0.108210
820 821 0.982927
820 830 -1.348678
820 920 0.661841
821 822 -1.075733
821 831 0.688577
821 921 -0.815053
822 823 0.103953
822 832 0.156946
822 922 0.109591
823 824 0.905864
823 833 -0.434209
823 923 -1.667313
824 825 -0.422979
824 834 0.143803
824 924 0.564369
825 826 0.777115
825 835 -0.569772
825 925 1.409598
826 827 -0.146221
826 836 0.264647
826 926 0.669327
827 828 -0.917170
827 837 1.439641
827 927 -0.343781
828 829 -1.024587
828 838 0.616126
828 928 -0.134534
829 820 -0.888835
829 839 -0.336119
829 929 -0.609115
830 831 1.044444
830 840 0.915223
830 930 -0.387048
831 832 1.146631
831 841 -3.150237
831 931 0.281958
832 833 0.963233
832 842 0.940716
832 932 1.286813
833 834 0.831769
833 843 0.488081
833 933 1.365697
834 835 -0.041868
834 844 -0.546211
834 934 -0.058024
835 836 0.928082
835 845 -0.500914
835 935 1.007584
836 837 0.323789
836 846 -1.365746
836 936 -0.215765
837 838 0.025383
837 847 -0.080424
837 937 -0.120833
838 839 0.358793
838 848 -1.945083
838 938 0.595642
839 830 -0.216979
839 849 1.109103
839 939 -1.167444
840 841 -0.594767
840 850 -1.817237
840 940 0.663965
841 842 1.338636
841 851 1.198820
841 941 0.678669
842 843 -1.879776
842 852 -1.007321
842 942 0.610832
843 844 0.905490
843 853 -0.759022
843 943 -0.718596
844 845 2.132348
844 854 -1.452186
844 944 0.171561
845 846 -0.218275
845 855 1.249276
845 945 2.092244
846 847 -0.645986
846 856 -1.903366
846 946 1.462209
847 848 0.084057
847 857 -2.428754
847 947 0.320525
848 849 0.150375
848 858 -0.433915
848 948 -0.513100
849 840 0.976243
849 859 1.106258
849 949 -0.047139
850 851 0.099109
850 860 0.666141
850 950 -0.446479
851 852 -1.018843
851 861 -0.296789
851 951 0.624941
852 853 1.644792
852 862 -0.860288
852 952 -0.780012
853 854 0.764982
853 863 0.708014
853 953 -2.010718
854 855 0.759844
854 864 0.141987
854 954 1.030023
855 856 -1.462029
855 865 -1.035398
855 955 -0.569059
856 857 1.409886
856 866 1.302494
856 956 0.879103
857 858 -2.422064
857 867 0.414345
857 957 0.731978
858 859 -2.038465
858 868 0.502104
858 958 -0.838895
859 850 0.537345
859 869 -0.563839
859 959 0.482426
860 861 -2.162439
860 870 -0.590222
860 960 -0.150463
861 862 0.697181
861 871 0.905495
861 961 0.161893
862 863 -0.806875
862 872 1.103678
862 962 1.624525
863 864 -0.450206
863 873 -0.490055
863 963 -1.333011
864 865 0.463960
864 874 -0.296138
864 964 -2.571226
865 866 1.418830
865 875 -0.984614
865 965 0.650261
866 867 -0.097559
866 876 0.901266
866 966 -1.271318
867 868 -1.152319
867 877 0.833235
867 967 1.523911
868 869 0.889573
868 878 -0.291535
868 968 -1.044337
869 860 -1.091965
869 879 -0.075222
869 969 0.520840
870 871 1.084781
870 880 -2.458935
870 970 1.992405
871 872 0.895688
871 881 -1.620293
871 971 -0.024906
872 873 -1.034940
872 882 0.674454
872 972 -0.545162
873 874 -1.296127
873 883 0.508129
873 973 0.291575
874 875 -0.745041
874 884 2.147220
874 974 -0.032723
875 876 -1.481695
875 885 -0.157291
875 975 0.544870
876 877 -1.684632
876 886 -1.066092
876 976 0.448749
877 878 0.515905
877 887 -0.402399
877 977 -0.065437
878 879 0.549211
878 888 -1.546048
878 978 0.270225
879 870 -1.361426
879 889 -1.212183
879 979 1.131385
880 881 -0.442080
880 890 0.349846
880 980 0.002009
881 882 0.526259
881 891 -1.217831
881 981 -2.049254
882 883 0.463107
882 892 -1.548965
882 982 -0.578805
883 884 1.446314
883 893 1.082525
883 983 0.234243
884 885 -1.107746
884 894 1.330385
884 984 -1.208502
885 886 -0.396479
885 895 0.863720
885 985 -1.082275
886 887 1.154557
886 896 0.679715
886 986 -1.691890
887 888 -1.489542
887 897 0.437766
887 987 1.535440
888 889 1.508981
888 898 -2.323119
888 988 0.215946
889 880 -0.969345
889 899 0.197261
889 989 -0.100259
890 891 -0.069131
890 800 -1.223095
890 990 -0.024918
891 892 1.179965
891 801 0.837461
891 991 0.097726
892 893 0.456661
892 802 0.402457
892 992 0.023231
893 894 -0.637053
893 803 -0.414557
893 993 0.574624
894 895 0.963275
894 804 -2.483365
894 994 -0.588530
895 896 -0.079053
895 805 0.304636
895 995 0.311652
896 897 0.713659
896 806 -0.216954
896 996 0.548869
897 898 -1.349079
897 807 0.807512
897 997 -1.572364
898 899 1.451520
898 808 1.070099
898 998 -0.251877
899 890 -0.010389
899 809 -0.363861
899 999 -1.220369
900 901 -2.252640
900 910 0.968153
900 0 0.324297
901 902 1.030132
901 911 0.637524
901 1 -1.326881
902 903 -0.758599
902 912 0.550041
902 2 1.772986
903 904 1.261294
903 913 1.586273
903 3 -0.027516
904 905 -0.054147
904 914 -1.148132
904 4 -0.126130
905 906 1.925784
905 915 -0.106703
905 5 -1.930243
906 907 -1.119810
906 916 -1.661810
906 6 0.749865
907 908 -0.856309
907 917 0.223836
907 7 -1.347949
908 909 -1.011712
908 918 -0.059063
908 8 0.473357
909 900 -0.592832
909 919 0.715694
909 9 0.314674
910 911 -0.489668
910 920 -1.620575
910 10 1.025661
911 912 0.018359
911 921 -0.704766
911 11 -0.818326
912 913 -0.237762
912 922 -0.698925
912 12 -0.435810
913 914 -0.251481
913 923 0.195290
913 13 -2.114931
914 915 1.649103
914 924 -1.833735
914 14 1.344836
915 916 0.615895
915 925 0.974219
915 15 -1.663368
916 917 -0.812680
916 926 0.377342
916 16 -0.369892
917 918 0.315309
917 927 -0.246166
917 17 -0.696929
918 919 -0.153009
918 928 2.124297
918 18 -1.147964
919 910 0.633331
919 929 0.565697
919 19 -1.684167
920 921 -0.863718
920 930 0.287406
920 20 -1.002214
921 922 -2.540193
921 931 -0.545331
921 21 0.901991
922 923 -0.586190
922 932 0.487005
922 22 -1.924139
923 924 -1.731252
923 933 -1.091824
923 23 0.178229
924 925 0.235202
924 934 -0.396864
924 24 0.678494
925 926 0.982633
925 935 -0.259728
925 25 -0.381566
926 927 0.513612
926 936 -2.425495
926 26 -1.509583
927 928 0.373698
927 937 0.731073
927 27 0.695463
928 929 -0.909107
928 938 -0.696703
928 28 -0.318159
929 920 -0.159711
929 939 -1.000925
929 29 0.261725
930 931 0.397629
930 940 1.267621
930 30 -1.796287
931 932 -1.047892
931 941 -0.816059
931 31 0.967853
932 933 -1.399640
932 942 -1.231900
932 32 0.683719
933 934 0.348892
933 943 -0.701105
933 33 -0.231802
934 935 0.800798
934 944 1.102804
934 34 -0.561382
935 936 -0.546068
935 945 1.372387
935 35 0.099604
936 937 1.695114
936 946 -0.583675
936 36 1.003618
937 938 0.654711
937 947 -0.721730
937 37 0.073370
938 939 0.460244
938 948 1.502802
938 38 -0.487339
939 930 1.172346
939 949 -2.344641
939 39 0.495775
940 941 -0.938926
940 950 0.973286
940 40 0.537838
941 942 -0.082061
941 951 -0.813943
941 41 -0.463338
942 943 0.371661
942 952 -0.883019
942 42 0.494117
943 944 0.126001
943 953 0.601794
943 43 0.039506
944 945 -1.054740
944 954 0.608356
944 44 -0.531107
945 946 -0.696309
945 955 0.117527
945 45 -0.632062
946 947 -1.302684
946 956 0.895423
946 46 -0.118272
947 948 0.564813
947 957 -0.496441
947 47 -1.057404
948 949 0.115230
948 958 0.434378
948 48 1.490407
949 940 0.642608
949 959 -1.129091
949 49 -1.139931
950 951 1.572380
950 960 0.104776
950 50 -0.140493
951 952 -0.274762
951 961 -1.870135
951 51 0.104709
952 953 1.637451
952 962 -0.303935
952 52 1.260301
953 954 -0.650241
953 963 0.095201
953 53 1.361954
954 955 0.534585
954 964 0.892901
954 54 0.943683
955 956 0.315711
955 965 0.587793
955 55 0.197510
956 957 0.223173
956 966 0.587517
956 56 0.831145
957 958 -0.852986
957 967 1.179276
957 57 0.805633
958 959 0.114939
958 968 0.116489
958 58 1.169285
959 950 1.482122
959 969 -0.899127
959 59 1.284869
960 961 0.262846
960 970 1.211241
960 60 -0.164861
961 962 -0.606613
961 971 2.193929
961 61 -0.340440
962 963 0.801604
962 972 -0.319328
962 62 -1.246265
963 964 -0.741168
963 973 -0.089378
963 63 1.389906
964 965 0.320165
964 974 0.919530
964 64 -0.607689
965 966 1.557234
965 975 0.610632
965 65 -0.294106
966 967 -0.942604
966 976 -1.775424
966 66 -0.455532
967 968 -0.466574
967 977 -0.991456
967 67 -0.760425
968 969 -0.167615
968 978 -1.080448
968 68 1.251254
969 960 -0.485581
969 979 2.146552
969 69 -0.197818
970 971 -0.568707
970 980 0.452984
970 70 0.587884
971 972 -0.313325
971 981 -1.709055
971 71 -0.311930
972 973 -1.369766
972 982 -0.124480
972 72 -0.005487
973 974 0.676233
973 983 -0.711725
973 73 -0.538570
974 975 1.000125
974 984 1.048989
974 74 0.099311
975 976 0.525684
975 985 -0.270621
975 75 1.437755
976 977 1.200553
976 986 -1.302142
976 76 -0.858088
977 978 -0.479664
977 987 -0.712995
977 77 0.449586
978 979 0.244981
978 988 0.304532
978 78 -2.275698
979 970 0.487525
979 989 -1.030184
979 79 -1.848372
980 981 0.221346
980 990 -0.320704
980 80 -0.579586
981 982 -0.207947
981 991 0.534230
981 81 -0.586470
982 983 0.000712
982 992 -0.117084
982 82 0.142035
983 984 0.542462
983 993 1.720857
983 83 0.017457
984 985 0.924860
984 994 -0.107424
984 84 -1.540147
985 986 -1.178701
985 995 0.060920
985 85 -0.030546
986 987 -0.330692
986 996 0.865526
986 86 -0.363832
987 988 1.363131
987 997 -0.063194
987 87 1.458828
988 989 -0.189193
988 998 0.391082
988 88 1.381386
989 980 0.387257
989 999 -0.182647
989 89 -0.066317
990 991 -0.430814
990 900 -1.832899
990 90 0.192653
991 992 0.714614
991 901 1.189068
991 91 0.870587
992 993 -0.210493
992 902 0.123548
992 92 1.313748
993 994 -0.089281
993 903 0.025480
993 93 -0.449475
994 995 -0.018727
994 904 -0.981691
994 94 0.357292
995 996 0.719389
995 905 1.327474
995 95 2.068486
996 997 -2.277070
996 906 0.850286
996 96 -0.339947
997 998 0.660076
997 907 1.784348
997 97 -0.806896
998 999 0.875104
998 908 1.250177
998 98 -0.639129
999 990 -0.048154
999 909 -0.765236
999 99 -0.289493
