0 1 -1.514387
0 10 -0.349566
0 100 -1.287456
1 2 0.240530
1 11 -0.962788
1 101 -0.835427
2 3 -1.819785
2 12 -0.909058
2 102 0.526924
3 4 0.007432
3 13 -0.719767
3 103 -1.593702
4 5 0.365862
4 14 -1.571454
4 104 -0.916152
5 6 -0.056929
5 15 -0.945727
5 105 0.009146
6 7 0.092623
6 16 0.393307
6 106 -0.002233
7 8 0.169131
7 17 -0.492245
7 107 0.210506
8 9 -1.601906
8 18 -0.598930
8 108 -0.578774
9 0 -1.825038
9 19 0.630585
9 109 -0.277169
10 11 -0.591612
10 20 -0.455433
10 110 -0.008448
11 12 -0.607349
11 21 -0.200780
11 111 2.492809
12 13 0.820033
12 22 0.240427
12 112 -1.300961
13 14 1.795169
13 23 1.378730
13 113 -0.767023
14 15 1.043783
14 24 -1.883992
14 114 0.561709
15 16 1.319696
15 25 -1.183673
15 115 0.318019
16 17 -0.861201
16 26 0.092344
16 116 2.062810
17 18 -1.236761
17 27 -1.134997
17 117 0.598205
18 19 -0.279197
18 28 -0.260452
18 118 1.074278
19 10 1.339156
19 29 -1.419296
19 119 -1.407362
20 21 1.169929
20 30 0.205329
20 120 -0.783811
21 22 1.769455
21 31 0.589714
21 121 0.888128
22 23 0.522056
22 32 -0.719426
22 122 -1.265619
23 24 -0.279067
23 33 1.376470
23 123 1.447156
24 25 -1.854756
24 34 -1.365630
24 124 -0.738013
25 26 -0.862757
25 35 0.990218
25 125 0.451791
26 27 -0.496729
26 36 -0.086233
26 126 -0.075055
27 28 2.095107
27 37 -1.444100
27 127 0.135843
28 29 1.919672
28 38 1.039948
28 128 0.476286
29 20 0.820210
29 39 -0.210541
29 129 -1.171571
30 31 0.002118
30 40 0.755250
30 130 -1.305995
31 32 0.867370
31 41 0.644759
31 131 1.029362
32 33 -2.990795
32 42 1.488785
32 132 0.513801
33 34 -0.472420
33 43 0.700654
33 133 -1.119046
34 35 1.796017
34 44 -0.432523
34 134 -0.718354
35 36 0.085682
35 45 0.430203
35 135 -0.438659
36 37 -0.185837
36 46 0.863674
36 136 0.204535
37 38 0.604705
37 47 1.834172
37 137 -0.042793
38 39 0.080517
38 48 0.632777
38 138 -0.059621
39 30 0.007923
39 49 0.772656
39 139 2.187065
40 41 0.733881
40 50 -1.377612
40 140 -0.190265
41 42 -0.329912
41 51 -1.082903
41 141 0.354176
42 43 0.608792
42 52 0.378989
42 142 -2.618616
43 44 -0.421254
43 53 1.060845
43 143 -0.001360
44 45 1.040861
44 54 1.622847
44 144 -0.753055
45 46 1.322240
45 55 0.884924
45 145 -1.276978
46 47 -0.708737
46 56 1.359588
46 146 -1.947379
47 48 -0.253776
47 57 -0.544239
47 147 0.722478
48 49 0.660207
48 58 -0.000975
48 148 -0.681949
49 40 -0.290446
49 59 0.190284
49 149 0.378780
50 51 0.457694
50 60 0.616852
50 150 0.514925
51 52 -0.025239
51 61 -0.903344
51 151 -1.735864
52 53 0.095013
52 62 -0.849298
52 152 0.528425
53 54 -0.529287
53 63 0.304372
53 153 -2.014866
54 55 -1.086672
54 64 1.919660
54 154 -0.309793
55 56 -0.656352
55 65 -0.832049
55 155 -0.070983
56 57 -0.911366
56 66 -0.691753
56 156 -1.275706
57 58 0.781227
57 67 -0.139022
57 157 -0.231773
58 59 -0.440344
58 68 -1.039247
58 158 1.248148
59 50 0.818991
59 69 0.564575
59 159 0.702627
60 61 0.694149
60 70 0.907273
60 160 -0.929448
61 62 0.909801
61 71 1.170267
61 161 0.886981
62 63 0.645640
62 72 0.145471
62 162 0.350942
63 64 1.269103
63 73 -0.612421
63 163 -0.562288
64 65 0.728914
64 74 1.555028
64 164 0.728071
65 66 -0.177692
65 75 0.489579
65 165 -0.216851
66 67 1.511122
66 76 -0.381959
66 166 0.442724
67 68 -0.042579
67 77 0.752014
67 167 0.557055
68 69 0.046275
68 78 0.657028
68 168 -0.281340
69 60 -0.699575
69 79 0.117616
69 169 -0.505073
70 71 -0.484087
70 80 -1.512424
70 170 0.351515
71 72 0.002635
71 81 -0.353227
71 171 0.845331
72 73 -0.102977
72 82 -2.366599
72 172 0.362647
73 74 -0.182695
73 83 0.091001
73 173 0.454870
74 75 -1.054295
74 84 -0.487589
74 174 -0.578885
75 76 -0.692218
75 85 1.167665
75 175 -1.049010
76 77 0.857372
76 86 -0.149405
76 176 -1.437905
77 78 -3.320148
77 87 0.956395
77 177 -0.435512
78 79 0.071725
78 88 0.584271
78 178 -1.587180
79 70 1.813107
79 89 -0.459586
79 179 0.196592
80 81 -1.329917
80 90 -0.439836
80 180 -0.097948
81 82 -0.855987
81 91 -0.601171
81 181 1.639736
82 83 2.474781
82 92 -0.227976
82 182 -0.535416
83 84 0.656272
83 93 -0.681751
83 183 -1.375857
84 85 0.805186
84 94 -0.162493
84 184 1.223548
85 86 1.452379
85 95 0.706196
85 185 0.040312
86 87 -0.039428
86 96 0.128451
86 186 -0.510089
87 88 -0.014608
87 97 0.120443
87 187 0.036583
88 89 -0.029908
88 98 -0.010643
88 188 0.624435
89 80 1.122798
89 99 1.786727
89 189 -0.589815
90 91 0.134350
90 0 -0.762880
90 190 0.203812
91 92 -0.190284
91 1 -1.708321
91 191 -0.429210
92 93 -1.020127
92 2 -0.780608
92 192 0.793471
93 94 -1.177633
93 3 -0.266410
93 193 1.427908
94 95 -0.634078
94 4 1.676420
94 194 0.974441
95 96 0.645110
95 5 -1.604068
95 195 2.103688
96 97 -0.610974
96 6 0.889821
96 196 1.317709
97 98 0.417032
97 7 -0.272635
97 197 -0.045549
98 99 2.378683
98 8 1.123104
98 198 -1.024274
99 90 -0.107770
99 9 1.046406
99 199 -0.117887
100 101 0.853371
100 110 1.888329
100 200 -0.090297
101 102 -0.372461
101 111 -0.811234
101 201 -0.360544
102 103 -0.257363
102 112 1.675345
102 202 1.756379
103 104 -1.329225
103 113 1.950553
103 203 -1.164565
104 105 0.515114
104 114 -0.709212
104 204 -0.261503
105 106 0.092898
105 115 -0.935310
105 205 -1.350518
106 107 -1.613319
106 116 -1.056265
106 206 -0.562653
107 108 -1.293498
107 117 -1.492291
107 207 -0.270050
108 109 0.124955
108 118 0.754217
108 208 -1.038100
109 100 0.385806
109 119 1.530365
109 209 -0.085243
110 111 -1.093160
110 120 0.044189
110 210 0.830500
111 112 -2.135319
111 121 0.785866
111 211 0.555437
112 113 -0.402320
112 122 0.172902
112 212 -0.136888
113 114 1.720770
113 123 1.148385
113 213 0.174932
114 115 0.090554
114 124 -0.542361
114 214 1.289078
115 116 1.392836
115 125 0.384490
115 215 2.308232
116 117 -0.285475
116 126 -0.940384
116 216 0.396172
117 118 0.528472
117 127 -0.529261
117 217 0.307884
118 119 -1.527268
118 128 -0.432716
118 218 -0.320381
119 110 0.005894
119 129 -0.331994
119 219 -1.926797
120 121 -0.219326
120 130 -0.566248
120 220 1.643148
121 122 1.132118
121 131 -0.607174
121 221 0.435394
122 123 -1.635736
122 132 -1.371353
122 222 -0.751877
123 124 0.721996
123 133 1.517390
123 223 -0.790594
124 125 1.725177
124 134 -0.017002
124 224 0.092560
125 126 -0.131523
125 135 0.564447
125 225 2.314565
126 127 -0.338269
126 136 1.321836
126 226 -2.267461
127 128 -0.862962
127 137 0.773980
127 227 1.823204
128 129 -1.512242
128 138 0.397381
128 228 -1.363062
129 120 -0.971730
129 139 -0.988912
129 229 -1.652793
130 131 -1.218453
130 140 1.921309
130 230 0.554323
131 132 0.657193
131 141 0.365447
131 231 -2.337748
132 133 0.294204
132 142 -1.262630
132 232 -0.955473
133 134 0.946701
133 143 -0.853279
133 233 -0.591709
134 135 -0.569075
134 144 -0.021998
134 234 0.239791
135 136 0.099548
135 145 0.327504
135 235 0.594625
136 137 0.231255
136 146 -0.068603
136 236 0.230724
137 138 0.210597
137 147 -1.323891
137 237 1.140391
138 139 -0.498447
138 148 -0.441427
138 238 0.340296
139 130 0.195237
139 149 0.151959
139 239 1.984974
140 141 0.280490
140 150 -0.266899
140 240 -0.837747
141 142 -0.101483
141 151 0.378289
141 241 0.723102
142 143 -0.636431
142 152 -0.306848
142 242 -0.159628
143 144 0.604493
143 153 -0.521177
143 243 1.451002
144 145 -0.144038
144 154 1.215826
144 244 0.122658
145 146 1.893079
145 155 1.753555
145 245 -1.281791
146 147 -1.267145
146 156 -1.193808
146 246 -1.783359
147 148 -1.558907
147 157 2.029707
147 247 0.560828
148 149 0.727699
148 158 0.000930
148 248 -0.902738
149 140 -1.028768
149 159 0.626311
149 249 -1.440317
150 151 -0.653283
150 160 -0.232782
150 250 1.137058
151 152 -0.173263
151 161 0.090118
151 251 1.458859
152 153 -0.645774
152 162 -1.181166
152 252 -0.427871
153 154 0.824052
153 163 0.440791
153 253 -1.182939
154 155 -0.429059
154 164 1.262029
154 254 -0.227934
155 156 -0.062319
155 165 -0.482583
155 255 0.790517
156 157 0.341694
156 166 -1.302211
156 256 -0.756803
157 158 0.410492
157 167 1.004221
157 257 -0.026174
158 159 1.411897
158 168 0.635646
158 258 -0.193417
159 150 -0.500965
159 169 2.127114
159 259 -0.436730
160 161 0.822588
160 170 0.166119
160 260 1.904784
161 162 -1.636545
161 171 -0.085282
161 261 -1.501519
162 163 -0.373279
162 172 -1.750131
162 262 -0.363432
163 164 1.285247
163 173 0.604497
163 263 0.332277
164 165 0.104457
164 174 -1.531887
164 264 -1.043807
165 166 0.304141
165 175 -0.394418
165 265 -0.847592
166 167 -1.539387
166 176 -0.257889
166 266 -2.607433
167 168 -0.154525
167 177 -1.214555
167 267 -0.244360
168 169 0.156315
168 178 1.081070
168 268 0.511199
169 160 -0.847986
169 179 -2.510625
169 269 -1.516674
170 171 0.546358
170 180 0.765916
170 270 0.432293
171 172 0.469758
171 181 -0.673122
171 271 1.853139
172 173 0.664629
172 182 -1.095808
172 272 1.473966
173 174 1.453900
173 183 -0.207665
173 273 -0.851820
174 175 0.112488
174 184 1.550304
174 274 1.010119
175 176 -1.396811
175 185 -1.736509
175 275 -0.481621
176 177 2.807826
176 186 1.243437
176 276 0.528043
177 178 -0.197542
177 187 0.550372
177 277 0.076792
178 179 -0.208205
178 188 1.036777
178 278 1.795510
179 170 1.030129
179 189 -0.791200
179 279 -0.735135
180 181 0.340523
180 190 1.121617
180 280 -0.863172
181 182 0.661182
181 191 -0.199459
181 281 1.063717
182 183 0.694679
182 192 -1.595111
182 282 -1.156778
183 184 -0.297601
183 193 -0.960354
183 283 0.119551
184 185 -0.123245
184 194 -0.615834
184 284 -1.144269
185 186 -2.513733
185 195 -0.368198
185 285 0.150674
186 187 -2.186356
186 196 0.769722
186 286 -1.204548
187 188 0.317978
187 197 0.884946
187 287 -0.280610
188 189 -1.086439
188 198 0.817347
188 288 -0.909734
189 180 0.159613
189 199 0.810783
189 289 0.170747
190 191 0.695362
190 100 0.389375
190 290 0.459384
191 192 0.012545
191 101 -0.542101
191 291 1.954841
192 193 -0.585549
192 102 -0.038737
192 292 1.114386
193 194 -1.028480
193 103 -0.896145
193 293 -0.469326
194 195 0.442914
194 104 -0.543267
194 294 -0.125444
195 196 -0.659279
195 105 -1.010470
195 295 -0.727925
196 197 0.707287
196 106 1.626950
196 296 -1.877157
197 198 0.279889
197 107 0.504220
197 297 -1.121630
198 199 1.193734
198 108 0.387156
198 298 1.297335
199 190 -0.724071
199 109 -0.365704
199 299 -0.625927
200 201 -1.003264
200 210 0.620981
200 300 -0.929524
201 202 0.760305
201 211 -1.090106
201 301 0.770141
202 203 0.952936
202 212 0.904094
202 302 1.295466
203 204 2.291290
203 213 0.041587
203 303 0.136628
204 205 -0.492443
204 214 0.596647
204 304 -0.043310
205 206 0.397395
205 215 -0.528203
205 305 0.867984
206 207 1.738440
206 216 -0.991765
206 306 0.595208
207 208 -0.515335
207 217 -0.128588
207 307 1.172986
208 209 1.034453
208 218 -1.172061
208 308 0.484247
209 200 -0.317178
209 219 0.334355
209 309 -1.379784
210 211 -0.633809
210 220 -0.191894
210 310 -1.278932
211 212 -1.242756
211 221 0.854619
211 311 -1.260783
212 213 -0.663672
212 222 0.772922
212 312 -0.650145
213 214 -1.641700
213 223 0.413048
213 313 1.555390
214 215 -0.668041
214 224 0.367237
214 314 -0.371412
215 216 1.612853
215 225 1.060889
215 315 1.203905
216 217 -0.855583
216 226 -0.457344
216 316 -1.833494
217 218 -0.871627
217 227 -2.173758
217 317 0.568715
218 219 1.420989
218 228 -1.042291
218 318 -0.379002
219 210 0.354982
219 229 0.666444
219 319 -0.200962
220 221 0.679693
220 230 -1.649984
220 320 0.633988
221 222 1.379298
221 231 -1.104471
221 321 0.321748
222 223 -0.367198
222 232 0.264467
222 322 0.371703
223 224 -2.117346
223 233 0.922803
223 323 0.400613
224 225 -0.332701
224 234 0.533088
224 324 -2.831966
225 226 0.390306
225 235 0.319315
225 325 -0.866468
226 227 -1.236109
226 236 0.146182
226 326 0.446081
227 228 -0.277689
227 237 0.383898
227 327 1.825382
228 229 -0.965226
228 238 1.501014
228 328 0.799826
229 220 -0.884093
229 239 0.255166
229 329 0.188415
230 231 0.573052
230 240 -0.460771
230 330 -0.387137
231 232 0.436973
231 241 0.556541
231 331 -0.157016
232 233 1.628890
232 242 -0.809690
232 332 -0.630491
233 234 0.106728
233 243 0.402247
233 333 -1.463194
234 235 1.274374
234 244 -0.800021
234 334 0.591308
235 236 0.367409
235 245 -1.736259
235 335 0.167471
236 237 -0.428987
236 246 -0.184322
236 336 -0.525851
237 238 -0.683331
237 247 -0.722498
237 337 0.678642
238 239 0.336807
238 248 0.145338
238 338 1.205860
239 230 3.006122
239 249 2.068288
239 339 -0.707262
240 241 0.529243
240 250 -0.553288
240 340 -0.324085
241 242 -0.130644
241 251 -1.616236
241 341 -0.379446
242 243 -0.554827
242 252 0.062797
242 342 -1.063536
243 244 1.259845
243 253 -0.252294
243 343 1.651174
244 245 -0.570528
244 254 1.440450
244 344 0.290416
245 246 0.322441
245 255 0.344621
245 345 -0.314804
246 247 0.291798
246 256 1.246153
246 346 0.247997
247 248 0.663173
247 257 -1.410877
247 347 -0.373621
248 249 2.475141
248 258 -0.317535
248 348 -0.186081
249 240 0.731993
249 259 0.886347
249 349 0.030247
250 251 0.009260
250 260 1.230923
250 350 -1.408998
251 252 -0.630018
251 261 -0.838508
251 351 1.778400
252 253 0.177553
252 262 -2.342563
252 352 -0.810058
253 254 -0.853334
253 263 1.819147
253 353 2.257849
254 255 0.851783
254 264 0.528328
254 354 -0.605848
255 256 -1.300053
255 265 -1.299830
255 355 -1.063339
256 257 0.051874
256 266 -0.639724
256 356 0.620939
257 258 -0.948074
257 267 -1.273790
257 357 0.582820
258 259 -0.321363
258 268 -2.032666
258 358 -1.527234
259 250 -0.147302
259 269 1.107285
259 359 0.797349
260 261 -0.933431
260 270 0.710983
260 360 0.916901
261 262 0.602637
261 271 1.557433
261 361 -0.319227
262 263 0.036457
262 272 -0.888548
262 362 0.391822
263 264 0.163486
263 273 0.695065
263 363 -1.741202
264 265 -1.773911
264 274 1.067615
264 364 -1.343396
265 266 0.696213
265 275 2.007089
265 365 -0.205748
266 267 0.812738
266 276 0.719314
266 366 -0.537630
267 268 -0.217210
267 277 -1.219723
267 367 0.150229
268 269 -0.996971
268 278 -0.558096
268 368 -0.704711
269 260 0.651719
269 279 -1.463203
269 369 -1.110947
270 271 -2.386217
270 280 1.621333
270 370 -0.154950
271 272 -0.418137
271 281 0.153910
271 371 -0.009387
272 273 -0.715247
272 282 0.826211
272 372 -0.226292
273 274 0.710995
273 283 -0.531350
273 373 0.531525
274 275 -0.377218
274 284 -0.456004
274 374 -1.132879
275 276 -2.774206
275 285 -1.167043
275 375 1.826577
276 277 1.771482
276 286 -0.429423
276 376 -2.246783
277 278 0.806869
277 287 1.165139
277 377 0.047167
278 279 -0.017405
278 288 1.364696
278 378 1.141652
279 270 -0.358828
279 289 -1.906767
279 379 -3.104282
280 281 -0.601277
280 290 -0.299125
280 380 0.742870
281 282 -0.794048
281 291 0.033699
281 381 1.807927
282 283 -0.460020
282 292 0.204100
282 382 0.257364
283 284 -0.675719
283 293 0.130850
283 383 0.407920
284 285 0.857099
284 294 0.794519
284 384 -0.726825
285 286 0.369687
285 295 0.164054
285 385 1.301157
286 287 -1.828773
286 296 -1.378193
286 386 -1.230280
287 288 1.005998
287 297 0.143998
287 387 1.134933
288 289 1.420793
288 298 0.106610
288 388 -2.587493
289 280 1.480940
289 299 -0.661240
289 389 0.568132
290 291 0.166126
290 200 -0.690586
290 390 -0.062340
291 292 0.893098
291 201 -1.854270
291 391 -0.455002
292 293 -0.661564
292 202 1.023595
292 392 0.458110
293 294 0.085769
293 203 0.186576
293 393 1.224038
294 295 0.046380
294 204 0.699544
294 394 1.313711
295 296 0.889769
295 205 -1.364118
295 395 -1.122207
296 297 0.103546
296 206 0.685970
296 396 1.326724
297 298 1.309138
297 207 0.792823
297 397 0.295683
298 299 0.062601
298 208 0.084081
298 398 -0.992826
299 290 0.160490
299 209 -0.141042
299 399 -1.761553
300 301 0.467160
300 310 0.647390
300 400 -0.535401
301 302 -0.211101
301 311 2.749119
301 401 -1.281496
302 303 0.047572
302 312 0.094961
302 402 -0.379659
303 304 -0.020314
303 313 0.703886
303 403 1.148646
304 305 -0.621027
304 314 -1.197727
304 404 0.893385
305 306 -0.663210
305 315 0.373203
305 405 -0.020981
306 307 -0.981461
306 316 0.028933
306 406 0.777852
307 308 -0.393108
307 317 0.268881
307 407 -1.573962
308 309 1.481132
308 318 -0.242452
308 408 0.715274
309 300 -0.764481
309 319 -0.558850
309 409 -0.823105
310 311 -1.388593
310 320 -1.625327
310 410 -0.610489
311 312 0.938940
311 321 0.642341
311 411 -1.004391
312 313 -1.023371
312 322 0.740012
312 412 1.091880
313 314 1.866162
313 323 -1.563622
313 413 -1.040281
314 315 0.815151
314 324 1.056866
314 414 -0.103528
315 316 -0.257915
315 325 0.319344
315 415 0.346337
316 317 0.785242
316 326 1.264708
316 416 -0.043776
317 318 -0.224029
317 327 -1.848011
317 417 -0.169130
318 319 -1.679360
318 328 0.607826
318 418 -0.316913
319 310 -0.187992
319 329 -0.701451
319 419 -0.094477
320 321 -0.305049
320 330 0.504316
320 420 -0.120056
321 322 -0.453928
321 331 0.567569
321 421 1.184408
322 323 -0.250411
322 332 0.645774
322 422 1.321933
323 324 -1.255286
323 333 -1.125408
323 423 0.121497
324 325 0.185579
324 334 -1.169364
324 424 -1.067526
325 326 -0.451315
325 335 -0.979218
325 425 -1.026464
326 327 0.466133
326 336 -0.368000
326 426 -1.829117
327 328 2.127616
327 337 0.320634
327 427 -0.541993
328 329 0.360136
328 338 0.317857
328 428 0.033486
329 320 2.320997
329 339 -0.909981
329 429 -0.449004
330 331 -0.075503
330 340 -1.783475
330 430 0.862796
331 332 -0.062310
331 341 0.482994
331 431 1.003701
332 333 -1.281078
332 342 1.593699
332 432 0.649066
333 334 -0.230952
333 343 0.034484
333 433 0.775577
334 335 -0.307630
334 344 0.621232
334 434 1.553226
335 336 -0.065670
335 345 -1.236606
335 435 0.191876
336 337 -0.413194
336 346 0.121946
336 436 -1.169492
337 338 0.099972
337 347 1.935355
337 437 0.158733
338 339 0.240678
338 348 1.263153
338 438 0.088016
339 330 -1.279471
339 349 -1.379216
339 439 1.780592
340 341 -0.067076
340 350 -2.526136
340 440 -0.378278
341 342 -0.176321
341 351 0.197160
341 441 1.030465
342 343 -2.173830
342 352 0.155238
342 442 0.641500
343 344 -0.828124
343 353 0.028364
343 443 0.687504
344 345 -0.344726
344 354 -0.521740
344 444 0.531280
345 346 0.419023
345 355 1.268091
345 445 0.505350
346 347 1.316994
346 356 -0.355366
346 446 -0.671428
347 348 -0.606383
347 357 0.375334
347 447 1.892056
348 349 0.000228
348 358 1.030891
348 448 -0.864178
349 340 2.305832
349 359 0.513611
349 449 1.218586
350 351 -1.223409
350 360 0.035068
350 450 -0.916602
351 352 -0.009400
351 361 -0.777120
351 451 -0.574010
352 353 -1.699745
352 362 0.137018
352 452 -0.817725
353 354 -0.142229
353 363 -0.142847
353 453 -0.544147
354 355 -0.816840
354 364 0.460210
354 454 1.425982
355 356 0.858831
355 365 -1.244100
355 455 -0.264289
356 357 0.359560
356 366 0.158219
356 456 0.870525
357 358 -0.324360
357 367 -0.546220
357 457 -1.205875
358 359 -0.331183
358 368 0.225380
358 458 -0.791961
359 350 -0.028068
359 369 -1.058006
359 459 -0.551171
360 361 0.163397
360 370 -2.324764
360 460 -0.281347
361 362 -1.567931
361 371 -0.661558
361 461 0.404039
362 363 0.045763
362 372 -0.210756
362 462 0.898200
363 364 0.485978
363 373 1.436351
363 463 -0.905646
364 365 0.773976
364 374 1.019795
364 464 1.974046
365 366 -0.367775
365 375 0.937173
365 465 -1.985131
366 367 0.570098
366 376 -0.648346
366 466 0.623337
367 368 -0.693415
367 377 -0.406901
367 467 0.367210
368 369 0.619810
368 378 -0.256261
368 468 -0.060946
369 360 -0.772329
369 379 2.455082
369 469 -0.386435
370 371 1.304337
370 380 -1.320620
370 470 1.363362
371 372 -0.495633
371 381 -0.733502
371 471 -0.121262
372 373 -1.127697
372 382 0.241973
372 472 -0.336641
373 374 1.897728
373 383 -0.754456
373 473 1.343766
374 375 -0.420793
374 384 0.354754
374 474 0.339441
375 376 -0.103853
375 385 1.063610
375 475 0.430311
376 377 -0.330439
376 386 1.833227
376 476 1.171747
377 378 -0.457595
377 387 0.433599
377 477 -2.447049
378 379 -0.222745
378 388 -1.124254
378 478 0.741920
379 370 0.154479
379 389 -2.755035
379 479 -0.607697
380 381 0.631127
380 390 0.620055
380 480 -0.490405
381 382 0.014342
381 391 -0.803694
381 481 0.539291
382 383 -0.391246
382 392 1.255891
382 482 0.296229
383 384 -0.313424
383 393 -1.226854
383 483 -0.118000
384 385 -0.784533
384 394 -0.357889
384 484 -1.551289
385 386 1.824621
385 395 1.415659
385 485 -2.434300
386 387 0.967699
386 396 1.025785
386 486 2.475987
387 388 0.486579
387 397 -0.539562
387 487 2.018129
388 389 -0.345202
388 398 0.414291
388 488 1.643544
389 380 -0.771639
389 399 -0.885504
389 489 0.787062
390 391 -1.592531
390 300 -0.068437
390 490 -1.770869
391 392 -0.585090
391 301 0.257078
391 491 0.654906
392 393 0.082898
392 302 -1.024266
392 492 0.125307
393 394 -1.550329
393 303 1.903738
393 493 0.791852
394 395 0.794773
394 304 -2.098371
394 494 0.105583
395 396 -0.598569
395 305 2.279820
395 495 -1.866792
396 397 0.542073
396 306 1.067983
396 496 -0.095341
397 398 0.637930
397 307 -0.902604
397 497 -2.536986
398 399 -1.173659
398 308 -0.717088
398 498 1.221492
399 390 0.759355
399 309 -0.488872
399 499 -0.722080
400 401 1.012434
400 410 0.693016
400 500 0.138565
401 402 1.233969
401 411 -0.899147
401 501 -0.690966
402 403 2.648356
402 412 1.616559
402 502 0.614435
403 404 0.937236
403 413 -0.048426
403 503 -0.071322
404 405 0.333408
404 414 0.544412
404 504 -1.041785
405 406 1.271864
405 415 3.557778
405 505 -2.100637
406 407 -0.120523
406 416 2.206137
406 506 -0.593408
407 408 -0.487415
407 417 -1.509798
407 507 -0.262637
408 409 -1.295173
408 418 -0.427635
408 508 1.281720
409 400 1.605210
409 419 0.755920
409 509 0.688486
410 411 0.865285
410 420 1.512758
410 510 0.977125
411 412 -0.868961
411 421 -1.400397
411 511 -1.237717
412 413 -0.514307
412 422 -0.645895
412 512 -0.054203
413 414 -0.387628
413 423 1.322719
413 513 -1.247853
414 415 0.620085
414 424 -0.366919
414 514 -1.673211
415 416 -1.122647
415 425 0.809623
415 515 -2.031927
416 417 -0.982023
416 426 -0.375515
416 516 -0.518068
417 418 0.775334
417 427 1.475377
417 517 1.343161
418 419 -1.394932
418 428 1.390017
418 518 -0.199830
419 410 -0.394513
419 429 -0.239822
419 519 0.258780
420 421 -0.086873
420 430 0.007531
420 520 -0.939157
421 422 -0.471543
421 431 -1.655757
421 521 -1.484708
422 423 -0.521526
422 432 0.396190
422 522 0.214492
423 424 0.091085
423 433 1.968325
423 523 -0.321329
424 425 -0.205146
424 434 -2.375560
424 524 1.275338
425 426 -1.935000
425 435 -1.410919
425 525 1.100979
426 427 0.041086
426 436 -0.103833
426 526 0.111691
427 428 1.170975
427 437 0.076691
427 527 -0.848327
428 429 -0.731965
428 438 -0.983810
428 528 -0.577322
429 420 -0.854704
429 439 -0.758381
429 529 0.266182
430 431 -0.895658
430 440 -0.496630
430 530 -1.283601
431 432 -1.881994
431 441 0.780990
431 531 1.927874
432 433 0.789871
432 442 1.142881
432 532 1.333912
433 434 -0.750341
433 443 0.361470
433 533 1.520158
434 435 -0.729799
434 444 0.520844
434 534 0.313374
435 436 -1.941873
435 445 1.618045
435 535 0.240103
436 437 0.724575
436 446 -1.438724
436 536 -0.168253
437 438 -0.882628
437 447 0.113113
437 537 0.575040
438 439 0.953836
438 448 0.087601
438 538 1.039351
439 430 0.803324
439 449 -0.301075
439 539 0.931803
440 441 0.915441
440 450 0.675251
440 540 0.817519
441 442 0.941930
441 451 0.801303
441 541 -0.837987
442 443 0.348078
442 452 -2.470954
442 542 0.813406
443 444 0.799099
443 453 -0.308572
443 543 0.160548
444 445 -0.412555
444 454 0.663537
444 544 -1.192300
445 446 -0.749847
445 455 0.233773
445 545 -1.549477
446 447 0.418078
446 456 0.556457
446 546 -1.369496
447 448 0.654781
447 457 -0.273776
447 547 0.030182
448 449 -0.020601
448 458 0.880713
448 548 0.728964
449 440 0.350180
449 459 0.942753
449 549 -0.275113
450 451 -1.473107
450 460 0.722260
450 550 0.209214
451 452 -0.153255
451 461 0.631611
451 551 -1.095009
452 453 -0.554489
452 462 0.374823
452 552 0.306250
453 454 -0.500347
453 463 -2.407014
453 553 -0.397300
454 455 0.182477
454 464 -0.557942
454 554 -0.226998
455 456 0.503600
455 465 1.683933
455 555 -1.342401
456 457 -1.499943
456 466 -1.267565
456 556 0.271811
457 458 0.799777
457 467 -1.136926
457 557 -0.362204
458 459 1.006843
458 468 -1.188552
458 558 -2.077865
459 450 0.407489
459 469 1.335647
459 559 0.915335
460 461 -0.105822
460 470 0.603796
460 560 -0.154054
461 462 -0.391591
461 471 -0.812009
461 561 -1.359168
462 463 1.882884
462 472 -0.031819
462 562 -0.550845
463 464 0.140244
463 473 1.509094
463 563 -0.493816
464 465 -1.222242
464 474 -0.560081
464 564 0.932086
465 466 -0.543644
465 475 0.493222
465 565 -0.808923
466 467 0.245613
466 476 2.100251
466 566 0.677214
467 468 0.032046
467 477 0.475277
467 567 -0.700754
468 469 0.298501
468 478 1.396129
468 568 1.272698
469 460 -0.136385
469 479 0.669981
469 569 1.436495
470 471 1.479448
470 480 1.714184
470 570 -0.944282
471 472 -0.306002
471 481 1.057832
471 571 0.629064
472 473 -0.169350
472 482 0.316899
472 572 -0.040150
473 474 -0.077111
473 483 0.926225
473 573 -0.016224
474 475 -0.925697
474 484 2.447725
474 574 0.533089
475 476 0.011308
475 485 1.487310
475 575 0.811816
476 477 -0.374552
476 486 -0.178872
476 576 0.414538
477 478 0.204040
477 487 1.689922
477 577 -0.188939
478 479 -1.602031
478 488 0.504702
478 578 0.550156
479 470 -1.989820
479 489 0.529980
479 579 -0.829346
480 481 0.100772
480 490 -0.597331
480 580 -0.184061
481 482 -0.800410
481 491 -0.621521
481 581 -2.283174
482 483 1.341621
482 492 -0.509667
482 582 0.719332
483 484 -0.498322
483 493 -0.521236
483 583 -0.101267
484 485 0.718760
484 494 -1.424674
484 584 2.173088
485 486 -0.105145
485 495 -0.075425
485 585 0.093442
486 487 -0.699738
486 496 -1.899640
486 586 0.940130
487 488 1.358558
487 497 0.041354
487 587 0.609684
488 489 0.655601
488 498 -1.423763
488 588 -0.738873
489 480 -0.893601
489 499 1.995281
489 589 -0.852488
490 491 0.674442
490 400 1.219903
490 590 -1.302700
491 492 -2.633299
491 401 0.157381
491 591 0.179409
492 493 -0.130882
492 402 0.175090
492 592 0.743507
493 494 0.235518
493 403 -0.249317
493 593 -0.947346
494 495 0.335724
494 404 -0.196876
494 594 -0.065391
495 496 -0.999377
495 405 -0.668578
495 595 0.914806
496 497 -1.096103
496 406 -0.638096
496 596 0.857691
497 498 -0.095393
497 407 -0.270526
497 597 -0.134540
498 499 1.084941
498 408 0.232324
498 598 -0.317074
499 490 -0.734846
499 409 -0.089085
499 599 -0.096582
500 501 -0.514868
500 510 1.018960
500 600 -0.775733
501 502 -0.872568
501 511 -0.186595
501 601 -0.353222
502 503 0.742188
502 512 1.432951
502 602 -0.045199
503 504 -1.350165
503 513 1.783408
503 603 -0.144522
504 505 -0.928338
504 514 0.142190
504 604 0.120656
505 506 0.430409
505 515 -0.512171
505 605 0.859422
506 507 -2.190355
506 516 1.822559
506 606 -0.275448
507 508 -0.450115
507 517 0.777250
507 607 0.258348
508 509 -0.651222
508 518 -0.429638
508 608 -0.939615
509 500 0.008470
509 519 0.960410
509 609 -0.746174
510 511 0.124856
510 520 -0.851402
510 610 -0.041363
511 512 0.076651
511 521 -0.564063
511 611 1.065815
512 513 0.343524
512 522 0.829099
512 612 0.142452
513 514 1.014647
513 523 0.024868
513 613 1.025240
514 515 1.764613
514 524 -0.412849
514 614 1.841045
515 516 -0.763339
515 525 0.648263
515 615 -2.044631
516 517 0.146994
516 526 -0.380460
516 616 0.462591
517 518 0.233445
517 527 0.520297
517 617 -1.853428
518 519 0.485613
518 528 0.742898
518 618 -1.207563
519 510 1.400254
519 529 0.449430
519 619 -1.293100
520 521 -1.341211
520 530 0.838221
520 620 -0.385573
521 522 -0.238929
521 531 2.973359
521 621 0.269260
522 523 0.394242
522 532 0.265639
522 622 0.308783
523 524 0.729713
523 533 1.329005
523 623 -0.562957
524 525 0.089357
524 534 -0.128614
524 624 1.078870
525 526 1.885554
525 535 0.025482
525 625 0.753483
526 527 -0.644562
526 536 0.402881
526 626 -0.533261
527 528 2.613509
527 537 -0.281185
527 627 1.316690
528 529 -0.158865
528 538 0.301986
528 628 -0.214952
529 520 -0.670359
529 539 0.162032
529 629 -0.150527
530 531 0.752303
530 540 1.053773
530 630 2.373081
531 532 -0.824373
531 541 -0.070109
531 631 -1.521977
532 533 0.643517
532 542 -0.148581
532 632 1.194799
533 534 0.758368
533 543 -0.988393
533 633 0.416046
534 535 -0.602090
534 544 0.172341
534 634 -0.436515
535 536 -0.687286
535 545 -0.704462
535 635 -0.641310
536 537 -2.739237
536 546 1.192659
536 636 -0.138438
537 538 -1.231412
537 547 1.840861
537 637 0.794415
538 539 -1.212625
538 548 0.481043
538 638 -0.064410
539 530 0.896278
539 549 -2.292888
539 639 1.007233
540 541 -0.691009
540 550 0.339312
540 640 -0.925673
541 542 -0.081510
541 551 0.275968
541 641 -0.692028
542 543 -0.822427
542 552 0.888336
542 642 -0.139245
543 544 1.146011
543 553 -1.427783
543 643 -1.217542
544 545 0.091364
544 554 0.180443
544 644 0.758263
545 546 -0.820731
545 555 -0.940912
545 645 0.374605
546 547 -0.484840
546 556 0.422523
546 646 -0.938162
547 548 -1.033991
547 557 0.786027
547 647 -0.933497
548 549 0.198828
548 558 -0.693757
548 648 2.399223
549 540 1.575464
549 559 -0.379794
549 649 0.135548
550 551 0.659158
550 560 0.083582
550 650 0.101404
551 552 1.188274
551 561 0.543319
551 651 -0.403692
552 553 -0.704578
552 562 1.204594
552 652 0.848188
553 554 -1.216506
553 563 0.438397
553 653 -0.054462
554 555 0.050759
554 564 1.585477
554 654 -0.165145
555 556 1.104219
555 565 0.146890
555 655 0.587199
556 557 -0.911280
556 566 0.682801
556 656 -0.854675
557 558 -0.417402
557 567 0.336655
557 657 -0.956974
558 559 -1.195078
558 568 -0.781826
558 658 0.845590
559 550 -2.492592
559 569 -1.004857
559 659 1.870939
560 561 0.799732
560 570 0.210393
560 660 0.436942
561 562 0.198469
561 571 0.465293
561 661 0.142822
562 563 -0.107319
562 572 -1.903114
562 662 0.192478
563 564 0.215164
563 573 1.999261
563 663 0.607139
564 565 -0.452479
564 574 0.673068
564 664 -0.329185
565 566 0.062562
565 575 -0.105413
565 665 0.701313
566 567 0.317043
566 576 -0.982761
566 666 -0.082454
567 568 0.940427
567 577 0.038616
567 667 -0.716468
568 569 -0.126081
568 578 -1.695540
568 668 -1.032597
569 560 0.279890
569 579 1.046396
569 669 -1.895838
570 571 1.131774
570 580 -0.047399
570 670 -0.956182
571 572 1.375446
571 581 -1.202933
571 671 0.299192
572 573 -1.768208
572 582 -0.106831
572 672 0.021987
573 574 0.349735
573 583 -1.747890
573 673 0.886850
574 575 2.722289
574 584 0.921981
574 674 0.532167
575 576 -1.030715
575 585 -0.555408
575 675 -0.218957
576 577 0.732455
576 586 1.259232
576 676 0.409454
577 578 0.028437
577 587 1.286533
577 677 -1.268028
578 579 0.885464
578 588 0.532986
578 678 -0.067162
579 570 -0.023982
579 589 1.271248
579 679 0.815931
580 581 0.057816
580 590 -0.009332
580 680 -0.089238
581 582 0.156755
581 591 -0.787062
581 681 -0.963428
582 583 -0.650138
582 592 2.131079
582 682 0.462093
583 584 -1.567382
583 593 2.071871
583 683 -0.548252
584 585 0.175334
584 594 0.464755
584 684 0.774243
585 586 0.273755
585 595 -0.469240
585 685 0.259265
586 587 -1.202009
586 596 -0.512933
586 686 0.623675
587 588 0.061496
587 597 1.024995
587 687 -0.911798
588 589 -2.257319
588 598 0.271750
588 688 -0.099501
589 580 0.320026
589 599 -0.508921
589 689 -1.306359
590 591 1.195407
590 500 -0.224346
590 690 -0.541260
591 592 0.948523
591 501 1.318245
591 691 1.444960
592 593 -0.442077
592 502 0.007872
592 692 -0.535474
593 594 0.906501
593 503 -1.863637
593 693 1.161490
594 595 -0.589627
594 504 -1.044248
594 694 0.667440
595 596 1.369798
595 505 0.053184
595 695 -1.128534
596 597 0.352967
596 506 -1.310005
596 696 -0.297168
597 598 1.590431
597 507 0.731890
597 697 0.654385
598 599 -0.322060
598 508 0.151245
598 698 -0.620253
599 590 0.668019
599 509 -1.573525
599 699 -0.211395
600 601 0.238660
600 610 -1.958145
600 700 0.691013
601 602 1.370951
601 611 -0.905937
601 701 0.360508
602 603 -1.686400
602 612 1.346286
602 702 0.624199
603 604 -0.269839
603 613 0.553751
603 703 0.587636
604 605 -1.102670
604 614 -1.676695
604 704 -0.098984
605 606 -0.292496
605 615 0.158096
605 705 -0.162114
606 607 0.867164
606 616 -1.598260
606 706 1.413741
607 608 -0.085043
607 617 3.117603
607 707 -1.279177
608 609 0.133784
608 618 0.326548
608 708 -2.484312
609 600 0.730949
609 619 0.115760
609 709 1.944972
610 611 1.369426
610 620 -0.356543
610 710 -0.132538
611 612 0.073530
611 621 -0.082097
611 711 -0.953486
612 613 1.889054
612 622 0.198212
612 712 0.813175
613 614 -0.539726
613 623 -0.233964
613 713 1.153283
614 615 1.640360
614 624 1.700814
614 714 -1.014252
615 616 -0.226205
615 625 1.494163
615 715 -0.122795
616 617 0.420170
616 626 -0.466252
616 716 -0.496204
617 618 -0.838539
617 627 -0.729863
617 717 2.077469
618 619 1.952329
618 628 0.095315
618 718 -1.253123
619 610 1.215294
619 629 -0.051893
619 719 -1.015576
620 621 0.959385
620 630 0.321411
620 720 0.100064
621 622 0.704913
621 631 2.263824
621 721 -0.956483
622 623 1.236172
622 632 0.868409
622 722 0.356089
623 624 -0.183395
623 633 -0.585657
623 723 -0.999858
624 625 0.901406
624 634 0.243665
624 724 0.701207
625 626 -2.064216
625 635 -2.633493
625 725 1.961339
626 627 -1.102270
626 636 -0.569135
626 726 1.316097
627 628 -0.178050
627 637 2.689687
627 727 1.197466
628 629 -1.980604
628 638 0.770134
628 728 1.834555
629 620 1.501857
629 639 2.492978
629 729 -0.773467
630 631 -0.393811
630 640 0.229544
630 730 0.959621
631 632 -1.177076
631 641 -1.125197
631 731 1.438458
632 633 -0.959325
632 642 0.620205
632 732 0.482620
633 634 -1.170384
633 643 -1.949212
633 733 1.623591
634 635 0.454057
634 644 -1.619132
634 734 -1.619947
635 636 -1.213193
635 645 0.457820
635 735 0.146577
636 637 0.153113
636 646 1.474608
636 736 1.442236
637 638 -0.316567
637 647 1.956794
637 737 0.794912
638 639 1.214535
638 648 0.942606
638 738 -0.793644
639 630 -1.291143
639 649 -0.559300
639 739 -0.364338
640 641 -0.716107
640 650 -1.333311
640 740 -0.878911
641 642 0.875822
641 651 0.886764
641 741 0.140520
642 643 -1.220437
642 652 1.480542
642 742 0.511097
643 644 0.757891
643 653 -0.826804
643 743 0.135282
644 645 0.179294
644 654 -0.069177
644 744 0.105819
645 646 0.199169
645 655 -0.860988
645 745 -0.281593
646 647 -0.846242
646 656 -1.721704
646 746 -1.594333
647 648 -0.037277
647 657 1.063683
647 747 -0.821618
648 649 0.168171
648 658 1.701297
648 748 0.880481
649 640 -2.224473
649 659 0.186216
649 749 0.124008
650 651 0.866897
650 660 -0.439137
650 750 -0.156827
651 652 -0.556932
651 661 -0.128950
651 751 1.719754
652 653 -0.472295
652 662 -1.107577
652 752 -0.925639
653 654 -0.118541
653 663 -0.908326
653 753 -0.659951
654 655 0.378719
654 664 -1.250341
654 754 -0.860854
655 656 -0.691123
655 665 -0.012028
655 755 0.857365
656 657 1.225551
656 666 1.418864
656 756 0.877727
657 658 0.525220
657 667 -0.482180
657 757 0.845019
658 659 -0.066615
658 668 0.902440
658 758 -0.335876
659 650 -0.584275
659 669 1.238624
659 759 -1.926635
660 661 1.828462
660 670 0.165490
660 760 1.338257
661 662 0.226461
661 671 -1.891857
661 761 1.400540
662 663 0.051095
662 672 -0.539792
662 762 1.006723
663 664 1.263810
663 673 0.306713
663 763 -0.182698
664 665 0.928003
664 674 0.646683
664 764 1.968410
665 666 -0.945727
665 675 1.044820
665 765 0.515845
666 667 1.799705
666 676 0.104997
666 766 0.419702
667 668 -2.206433
667 677 -0.077207
667 767 -0.043888
668 669 0.122098
668 678 0.803043
668 768 -0.719740
669 660 -0.661330
669 679 -1.112909
669 769 0.394537
670 671 0.058355
670 680 -0.246482
670 770 -0.279589
671 672 -0.247795
671 681 -1.516567
671 771 2.841452
672 673 -0.755544
672 682 0.161971
672 772 -0.173855
673 674 -0.639384
673 683 1.509215
673 773 -0.244636
674 675 0.564344
674 684 0.052456
674 774 1.942281
675 676 1.548412
675 685 -1.075459
675 775 -0.254896
676 677 -0.333196
676 686 2.099319
676 776 0.185876
677 678 -0.201668
677 687 -2.564314
677 777 0.132873
678 679 0.567213
678 688 0.212006
678 778 0.461022
679 670 -1.678407
679 689 2.054803
679 779 1.248375
680 681 -0.193014
680 690 -0.712459
680 780 -1.146982
681 682 -1.387081
681 691 -2.281819
681 781 -1.190478
682 683 0.165953
682 692 -1.644856
682 782 1.046511
683 684 0.968954
683 693 0.239140
683 783 -0.856203
684 685 -0.544426
684 694 1.674148
684 784 -0.564773
685 686 -0.962018
685 695 -0.530948
685 785 0.317230
686 687 1.502558
686 696 0.281817
686 786 -0.094784
687 688 -1.235623
687 697 0.325506
687 787 1.127686
688 689 1.348049
688 698 0.672656
688 788 0.713169
689 680 2.020592
689 699 0.264380
689 789 -0.642295
690 691 -2.499582
690 600 0.079229
690 790 1.141279
691 692 1.810603
691 601 0.430948
691 791 0.382697
692 693 0.105656
692 602 0.257617
692 792 -0.158695
693 694 2.728916
693 603 -1.852619
693 793 0.305555
694 695 1.247476
694 604 0.734009
694 794 0.029077
695 696 -0.578875
695 605 0.374029
695 795 0.913765
696 697 -0.336269
696 606 -0.010596
696 796 0.839367
697 698 3.299789
697 607 -0.901701
697 797 -0.197421
698 699 1.859723
698 608 0.919227
698 798 -0.478306
699 690 -0.508086
699 609 -0.877517
699 799 0.458157
700 701 -0.414468
700 710 2.258952
700 800 0.690328
701 702 0.438951
701 711 -1.723676
701 801 -1.439332
702 703 0.014825
702 712 -0.100997
702 802 -0.115806
703 704 1.429877
703 713 0.110124
703 803 1.924156
704 705 0.995030
704 714 -0.899285
704 804 -0.912321
705 706 1.316780
705 715 -0.204329
705 805 -1.973812
706 707 0.007190
706 716 -1.711573
706 806 1.028569
707 708 0.413784
707 717 0.528158
707 807 0.059232
708 709 1.971199
708 718 -0.029180
708 808 0.002967
709 700 0.988391
709 719 -0.681910
709 809 -0.790849
710 711 1.462420
710 720 1.009459
710 810 -1.144406
711 712 1.082856
711 721 1.288615
711 811 -0.976926
712 713 -0.802136
712 722 -1.020305
712 812 0.532808
713 714 -0.761976
713 723 0.676942
713 813 -0.013223
714 715 1.595763
714 724 0.260508
714 814 -0.132226
715 716 0.692259
715 725 0.820847
715 815 -0.094017
716 717 -0.330339
716 726 0.478927
716 816 -1.091451
717 718 -0.243517
717 727 0.924856
717 817 -0.573618
718 719 -0.824017
718 728 0.407430
718 818 -0.848433
719 710 1.108016
719 729 -1.301719
719 819 1.648873
720 721 -0.281501
720 730 0.036538
720 820 -0.097274
721 722 0.254965
721 731 -0.015895
721 821 -0.747570
722 723 -2.008664
722 732 -0.492139
722 822 -1.958746
723 724 0.477698
723 733 -0.124517
723 823 0.281591
724 725 -0.361896
724 734 -2.474718
724 824 1.562655
725 726 0.355203
725 735 -0.398304
725 825 0.203194
726 727 0.302619
726 736 1.138523
726 826 -0.977102
727 728 1.528494
727 737 0.852777
727 827 0.010343
728 729 0.196850
728 738 0.132684
728 828 -0.507955
729 720 0.940860
729 739 0.996141
729 829 1.481499
730 731 0.727296
730 740 -0.169626
730 830 -0.063546
731 732 0.714872
731 741 -0.349293
731 831 0.927595
732 733 1.301222
732 742 -0.276489
732 832 -1.515979
733 734 -1.856269
733 743 -1.955905
733 833 1.034956
734 735 -0.338101
734 744 -1.804495
734 834 -0.780636
735 736 -0.204281
735 745 -2.587830
735 835 -0.773065
736 737 0.946821
736 746 0.543326
736 836 -0.186535
737 738 0.127893
737 747 1.676101
737 837 -0.235525
738 739 -0.975351
738 748 -0.337654
738 838 1.217134
739 730 -0.677152
739 749 0.175050
739 839 -0.846784
740 741 1.033867
740 750 1.050947
740 840 -0.197308
741 742 -0.968002
741 751 -0.091509
741 841 -0.631689
742 743 0.861192
742 752 1.186566
742 842 0.018298
743 744 0.692758
743 753 0.578608
743 843 0.210535
744 745 -0.619953
744 754 0.143244
744 844 0.132551
745 746 0.975859
745 755 -0.290641
745 845 -1.092187
746 747 0.692618
746 756 0.825066
746 846 0.081224
747 748 -0.182966
747 757 -1.295355
747 847 -0.460604
748 749 -0.000492
748 758 1.596166
748 848 -0.028200
749 740 -0.672767
749 759 0.111705
749 849 1.361977
750 751 2.181600
750 760 -1.213278
750 850 -0.179030
751 752 0.048092
751 761 0.062010
751 851 0.135445
752 753 1.521598
752 762 1.453449
752 852 -0.070863
753 754 1.572961
753 763 -1.726138
753 853 -0.528121
754 755 -0.180530
754 764 -0.690630
754 854 0.357047
755 756 0.879335
755 765 2.675890
755 855 -1.605134
756 757 0.661828
756 766 0.830388
756 856 -0.069039
757 758 0.309905
757 767 -0.411298
757 857 -0.314168
758 759 -0.955915
758 768 0.597239
758 858 -0.483177
759 750 -0.276749
759 769 -0.388275
759 859 0.355188
760 761 0.025883
760 770 0.947342
760 860 0.070885
761 762 0.864701
761 771 0.603902
761 861 -1.358867
762 763 0.129878
762 772 1.166295
762 862 0.460942
763 764 0.694181
763 773 -0.718421
763 863 0.957261
764 765 0.784531
764 774 -0.297855
764 864 0.276114
765 766 -0.569598
765 775 -0.499731
765 865 -1.064124
766 767 1.031337
766 776 0.350452
766 866 -0.194488
767 768 -0.500771
767 777 -0.158973
767 867 -0.189778
768 769 1.597833
768 778 -1.651086
768 868 1.095839
769 760 -0.155096
769 779 0.363940
769 869 -1.564217
770 771 -0.554161
770 780 -0.090390
770 870 1.149682
771 772 0.803930
771 781 0.639969
771 871 0.626345
772 773 -0.239965
772 782 -0.833556
772 872 -0.463831
773 774 -0.887475
773 783 0.359968
773 873 -0.105369
774 775 2.258102
774 784 0.062262
774 874 -0.378206
775 776 -1.263381
775 785 -0.233673
775 875 -1.444573
776 777 0.357349
776 786 -0.898906
776 876 0.849337
777 778 0.799978
777 787 0.357353
777 877 1.259130
778 779 0.420181
778 788 -0.643279
778 878 1.485291
779 770 2.000405
779 789 -1.390486
779 879 0.976705
780 781 -0.376010
780 790 0.639326
780 880 1.927425
781 782 -0.078020
781 791 -2.219551
781 881 -0.925024
782 783 0.908079
782 792 -0.182207
782 882 -1.693536
783 784 -0.360726
783 793 0.860530
783 883 0.161076
784 785 -0.358524
784 794 0.328567
784 884 -1.761964
785 786 0.721643
785 795 1.345675
785 885 -0.314219
786 787 0.535810
786 796 -0.621660
786 886 -1.323985
787 788 -0.296292
787 797 -0.614536
787 887 -0.996815
788 789 0.330286
788 798 1.021500
788 888 -1.993991
789 780 1.129338
789 799 0.716396
789 889 -1.516177
790 791 0.973682
790 700 -0.590738
790 890 0.923261
791 792 0.039714
791 701 -0.476767
791 891 0.307826
792 793 -1.579898
792 702 0.077404
792 892 0.034574
793 794 0.385778
793 703 0.178664
793 893 0.526949
794 795 -1.225979
794 704 -0.161104
794 894 -1.608075
795 796 0.540104
795 705 0.348757
795 895 -1.640971
796 797 -0.980585
796 706 -2.133501
796 896 -0.129363
797 798 0.118840
797 707 1.076738
797 897 1.027320
798 799 -0.305619
798 708 0.341126
798 898 1.389497
799 790 -0.688621
799 709 0.241038
799 899 0.061753
800 801 0.458869
800 810 1.234559
800 900 0.513731
801 802 0.450086
801 811 0.084933
801 901 0.619054
802 803 -0.350953
802 812 0.829824
802 902 -0.359222
803 804 -0.051761
803 813 -0.758251
803 903 -0.796396
804 805 -2.527393
804 814 -0.750560
804 904 -0.990834
805 806 0.335069
805 815 -1.417816
805 905 2.276540
806 807 0.916404
806 816 0.629678
806 906 0.098341
807 808 -0.692381
807 817 -0.765081
807 907 0.344881
808 809 0.260595
808 818 1.130176
808 908 1.432182
809 800 -0.346220
809 819 -0.040270
809 909 0.497425
810 811 0.106117
810 820 0.038735
810 910 0.617779
811 812 -0.225566
811 821 -0.470929
811 911 -0.262645
812 813 -0.788251
812 822 -0.662247
812 912 -1.060906
813 814 1.432132
813 823 -0.199941
813 913 0.996915
814 815 -1.010909
814 824 -0.489709
814 914 -0.054525
815 816 -0.844134
815 825 0.732106
815 915 -0.940983
816 817 -1.946432
816 826 -0.693918
816 916 -0.406255
817 818 -1.117788
817 827 0.373158
817 917 -1.599266
818 819 0.217310
818 828 -1.379887
818 918 0.858183
819 810 0.504176
819 829 1.260097
819 919 -0.929173
820 821 1.241617
820 830 2.732503
820 920 0.902070
821 822 0.161387
821 831 0.173391
821 921 0.443602
822 823 1.065283
822 832 -0.278867
822 922 0.194458
823 824 -0.486863
823 833 1.256080
823 923 2.433572
824 825 -0.961913
824 834 0.647219
824 924 0.164199
825 826 0.966744
825 835 -0.156170
825 925 0.086026
826 827 -0.406582
826 836 0.089494
826 926 1.170852
827 828 1.920730
827 837 0.251125
827 927 1.633199
828 829 -0.602924
828 838 0.231291
828 928 0.083081
829 820 1.045445
829 839 1.013168
829 929 1.895904
830 831 0.023328
830 840 0.683858
830 930 -0.369176
831 832 -2.997029
831 841 -1.057875
831 931 0.630959
832 833 -0.417515
832 842 -0.894223
832 932 -2.411630
833 834 -1.854417
833 843 0.497128
833 933 0.246061
834 835 0.564819
834 844 -1.357911
834 934 -0.650570
835 836 -1.272978
835 845 0.463089
835 935 -1.561399
836 837 -0.621278
836 846 -1.021622
836 936 -0.643255
837 838 -0.445824
837 847 -0.630103
837 937 -1.385821
838 839 1.830020
838 848 1.075263
838 938 -0.097268
839 830 0.070130
839 849 -0.296322
839 939 -0.829888
840 841 1.091326
840 850 -0.838121
840 940 0.562837
841 842 -1.411621
841 851 0.482919
841 941 0.613123
842 843 -1.159036
842 852 -0.228592
842 942 -1.048966
843 844 0.120731
843 853 0.729335
843 943 -0.862390
844 845 -1.662409
844 854 -0.516751
844 944 -0.754236
845 846 -2.046767
845 855 0.607397
845 945 1.349853
846 847 -0.498027
846 856 1.619718
846 946 0.024867
847 848 0.689482
847 857 1.548816
847 947 0.065684
848 849 0.548745
848 858 -0.477345
848 948 -0.444721
849 840 -0.329135
849 859 0.429281
849 949 1.430780
850 851 -0.433264
850 860 -1.111594
850 950 -0.604337
851 852 -0.746634
851 861 0.694129
851 951 0.139642
852 853 0.231921
852 862 1.129624
852 952 0.505806
853 854 1.017252
853 863 0.746301
853 953 -0.490425
854 855 -1.099523
854 864 0.334058
854 954 -0.603274
855 856 -1.793024
855 865 0.483429
855 955 0.333545
856 857 -1.033590
856 866 0.943459
856 956 0.386547
857 858 -1.392812
857 867 -0.925209
857 957 -0.735651
858 859 1.337464
858 868 2.540957
858 958 -0.065354
859 850 -0.006736
859 869 0.486126
859 959 -1.233669
860 861 -0.524389
860 870 0.152005
860 960 0.260853
861 862 -0.000938
861 871 0.266788
861 961 1.345976
862 863 -0.990877
862 872 -0.141714
862 962 0.536995
863 864 0.872818
863 873 -0.634450
863 963 -0.656291
864 865 2.131139
864 874 -1.657320
864 964 0.454983
865 866 0.935264
865 875 -0.302431
865 965 -2.286019
866 867 -2.592382
866 876 0.029144
866 966 1.518742
867 868 0.122836
867 877 0.553705
867 967 0.350911
868 869 0.383822
868 878 0.111860
868 968 0.719499
869 860 0.241260
869 879 1.012137
869 969 -0.704851
870 871 -0.423463
870 880 -0.091522
870 970 -0.676634
871 872 -1.669625
871 881 1.557434
871 971 -0.064783
872 873 1.098868
872 882 0.077771
872 972 0.159269
873 874 -1.204753
873 883 -0.452026
873 973 0.661727
874 875 -1.695739
874 884 -1.388738
874 974 -0.396747
875 876 -1.417632
875 885 -0.098082
875 975 -1.707085
876 877 -1.521858
876 886 0.710499
876 976 0.140946
877 878 -0.153573
877 887 -1.140814
877 977 -0.332231
878 879 2.097405
878 888 2.348468
878 978 0.513127
879 870 0.958077
879 889 2.852801
879 979 1.451327
880 881 -1.954590
880 890 -0.361684
880 980 -1.598924
881 882 -1.372897
881 891 -2.342059
881 981 -0.298238
882 883 -1.960922
882 892 -0.141470
882 982 -1.113062
883 884 2.204241
883 893 -1.827131
883 983 0.060853
884 885 -0.361699
884 894 -0.586813
884 984 0.448402
885 886 0.579091
885 895 1.742569
885 985 -1.153677
886 887 -0.899721
886 896 0.992135
886 986 -0.152017
887 888 -2.465275
887 897 0.537755
887 987 0.338936
888 889 0.695547
888 898 0.979611
888 988 -0.309241
889 880 -0.685439
889 899 -0.510133
889 989 -0.466510
890 891 -0.958397
890 800 1.086099
890 990 -0.577371
891 892 0.782823
891 801 -0.179379
891 991 1.159048
892 893 0.509917
892 802 -0.548849
892 992 0.016145
893 894 -1.666583
893 803 -1.232860
893 993 -1.087144
894 895 -0.579469
894 804 1.867962
894 994 -0.880380
895 896 1.590065
895 805 0.007415
895 995 0.682321
896 897 -0.757407
896 806 1.289699
896 996 -0.963018
897 898 0.630195
897 807 -0.363675
897 997 0.340946
898 899 -0.630129
898 808 -1.784497
898 998 -1.500784
899 890 1.819131
899 809 -0.566578
899 999 0.560649
900 901 0.063443
900 910 1.048962
900 0 0.528693
901 902 -0.599825
901 911 0.495574
901 1 0.038261
902 903 -1.424865
902 912 -0.173259
902 2 0.768145
903 904 0.927072
903 913 1.039434
903 3 -1.061464
904 905 0.214141
904 914 0.432167
904 4 -0.662754
905 906 -0.201800
905 915 0.456472
905 5 -0.693558
906 907 -0.014463
906 916 1.533633
906 6 1.163202
907 908 -0.083121
907 917 0.135944
907 7 0.752499
908 909 -0.595291
908 918 -0.952947
908 8 -2.133832
909 900 0.596898
909 919 0.203596
909 9 0.573827
910 911 0.119042
910 920 0.929492
910 10 2.070300
911 912 0.249150
911 921 1.317129
911 11 0.669942
912 913 0.996374
912 922 1.706850
912 12 1.278224
913 914 -1.223611
913 923 -0.490914
913 13 0.599192
914 915 -0.153988
914 924 -0.319250
914 14 0.319248
915 916 -0.704317
915 925 -1.811756
915 15 0.534657
916 917 -1.465812
916 926 0.732719
916 16 2.880640
917 918 0.773168
917 927 0.084127
917 17 0.815349
918 919 -0.448300
918 928 -0.513705
918 18 0.269160
919 910 -1.234523
919 929 0.162812
919 19 1.485996
920 921 0.015006
920 930 0.334784
920 20 0.719277
921 922 -0.654234
921 931 0.945351
921 21 -0.934770
922 923 -2.045020
922 932 -0.832121
922 22 1.452813
923 924 0.464668
923 933 -0.068199
923 23 0.227731
924 925 -0.968943
924 934 0.279247
924 24 0.844924
925 926 0.392714
925 935 0.620421
925 25 0.575848
926 927 0.430735
926 936 0.943171
926 26 -1.092297
927 928 0.098131
927 937 0.018867
927 27 -2.398621
928 929 0.337399
928 938 -1.820396
928 28 1.618176
929 920 -2.125118
929 939 -1.436139
929 29 0.775725
930 931 -1.186515
930 940 0.018925
930 30 0.406612
931 932 2.672128
931 941 -0.859581
931 31 0.529811
932 933 -0.987705
932 942 -0.186913
932 32 0.426043
933 934 0.814489
933 943 0.314996
933 33 -0.267503
934 935 -0.240996
934 944 -0.199830
934 34 1.623186
935 936 1.233285
935 945 1.339132
935 35 -1.306207
936 937 -0.069581
936 946 -0.219399
936 36 0.850497
937 938 0.933724
937 947 0.028098
937 37 -0.524336
938 939 -0.462273
938 948 -0.018393
938 38 -1.276177
939 930 0.779416
939 949 0.224128
939 39 -0.812355
940 941 0.896741
940 950 -0.737565
940 40 -0.024282
941 942 1.744843
941 951 -0.682560
941 41 -0.863536
942 943 0.007215
942 952 1.683579
942 42 -0.392538
943 944 -0.376137
943 953 0.427441
943 43 -0.694714
944 945 0.059935
944 954 -0.377288
944 44 0.129969
945 946 1.190196
945 955 0.840715
945 45 -0.405900
946 947 -0.320865
946 956 1.493443
946 46 -0.386029
947 948 1.120104
947 957 -1.341822
947 47 -0.815002
948 949 -0.977509
948 958 0.848498
948 48 0.526144
949 940 -0.340061
949 959 -1.199322
949 49 1.343455
950 951 -0.755288
950 960 0.368454
950 50 0.752741
951 952 -1.344011
951 961 -0.562451
951 51 0.253067
952 953 -1.814607
952 962 0.271208
952 52 -1.906332
953 954 1.131222
953 963 1.152088
953 53 -0.075222
954 955 0.699661
954 964 -0.865414
954 54 -0.197683
955 956 1.424760
955 965 0.449114
955 55 -1.428944
956 957 0.504194
956 966 -0.365214
956 56 1.164942
957 958 -0.467405
957 967 -0.820052
957 57 -0.073435
958 959 -0.546067
958 968 0.117825
958 58 0.194714
959 950 1.398900
959 969 -0.119515
959 59 -0.192339
960 961 -0.898360
960 970 -0.175818
960 60 0.801033
961 962 1.601658
961 971 -0.350608
961 61 -0.168968
962 963 -0.116542
962 972 0.533352
962 62 0.039797
963 964 0.130580
963 973 0.857287
963 63 0.851695
964 965 0.627571
964 974 1.374286
964 64 1.193417
965 966 -0.002783
965 975 -0.876276
965 65 -0.605004
966 967 0.386465
966 976 1.132016
966 66 -0.701847
967 968 -1.303488
967 977 -0.343376
967 67 0.269131
968 969 0.955876
968 978 -1.077163
968 68 -0.170129
969 960 1.474808
969 979 -0.577313
969 69 -0.768437
970 971 0.407383
970 980 0.584712
970 70 0.484703
971 972 -0.406339
971 981 0.956904
971 71 0.145216
972 973 2.119632
972 982 -1.593913
972 72 -0.593432
973 974 0.182803
973 983 -1.062802
973 73 -2.317263
974 975 -0.580677
974 984 -0.029992
974 74 -1.388167
975 976 -0.750839
975 985 0.136185
975 75 -0.117696
976 977 0.995494
976 986 2.299745
976 76 -0.334433
977 978 1.382225
977 987 0.893656
977 77 -1.336630
978 979 0.126934
978 988 -1.254800
978 78 0.237512
979 970 -0.528020
979 989 -0.055894
979 79 -0.029403
980 981 -1.205786
980 990 -0.395155
980 80 1.749654
981 982 -0.428449
981 991 1.503839
981 81 -0.957025
982 983 -1.484473
982 992 -1.325853
982 82 0.914436
983 984 0.123259
983 993 -0.493854
983 83 0.492989
984 985 -1.142774
984 994 1.876627
984 84 0.182884
985 986 1.234635
985 995 -1.064693
985 85 -2.021149
986 987 0.426534
986 996 0.676524
986 86 0.940066
987 988 0.250703
987 997 -0.747501
987 87 0.984252
988 989 0.322257
988 998 -0.863388
988 88 1.870078
989 980 0.403740
989 999 -1.109145
989 89 -1.678215
990 991 -0.267828
990 900 0.841441
990 90 0.007130
991 992 -0.277259
991 901 1.580641
991 91 -0.170531
992 993 -1.274784
992 902 0.786600
992 92 0.065235
993 994 0.387075
993 903 -0.083919
993 93 2.126359
994 995 0.732058
994 904 0.061463
994 94 1.266022
995 996 -0.708096
995 905 -0.652444
995 95 -0.262497
996 997 0.912554
996 906 0.010969
996 96 -0.646063
997 998 -1.458596
997 907 0.417461
997 97 1.624867
998 999 -0.294599
998 908 0.071561
998 98 1.511817
999 990 0.376236
999 909 -1.273900
999 99 1.534006
