0 1 -0.128407
0 10 -0.160321
0 100 -0.642579
1 2 -0.006154
1 11 -0.147705
1 101 0.548041
2 3 -1.260109
2 12 -0.156731
2 102 0.421919
3 4 1.224485
3 13 1.083296
3 103 0.013678
4 5 -0.459772
4 14 0.655398
4 104 -0.182481
5 6 0.475204
5 15 0.451368
5 105 1.949855
6 7 -1.413860
6 16 0.541248
6 106 -1.406938
7 8 -0.539269
7 17 -0.573038
7 107 -1.105559
8 9 1.124908
8 18 -1.047059
8 108 -0.280793
9 0 1.191055
9 19 0.891650
9 109 0.669024
10 11 -0.153221
10 20 1.240622
10 110 0.892095
11 12 0.047233
11 21 0.873551
11 111 -0.891917
12 13 -0.456078
12 22 0.936637
12 112 -0.210849
13 14 0.143953
13 23 -0.071136
13 113 -0.691288
14 15 -0.274249
14 24 -0.550537
14 114 0.849281
15 16 0.698560
15 25 -1.077397
15 115 0.050408
16 17 1.294751
16 26 1.069484
16 116 1.031601
17 18 -1.086912
17 27 0.688370
17 117 -0.289321
18 19 -0.203868
18 28 0.210446
18 118 1.613458
19 10 0.341795
19 29 0.119157
19 119 -0.433986
20 21 0.840663
20 30 0.446962
20 120 -0.994967
21 22 -0.590374
21 31 -0.034542
21 121 -0.611798
22 23 -1.152547
22 32 -0.776843
22 122 -1.200664
23 24 -0.192028
23 33 -0.382750
23 123 1.270430
24 25 1.180532
24 34 0.237577
24 124 -0.065299
25 26 0.023357
25 35 1.557700
25 125 -0.474605
26 27 0.215822
26 36 -0.078282
26 126 -0.276569
27 28 1.152512
27 37 1.427653
27 127 0.395178
28 29 -0.962022
28 38 1.000298
28 128 0.996643
29 20 -0.681189
29 39 -0.953479
29 129 0.636764
30 31 1.993362
30 40 0.401857
30 130 -1.067851
31 32 -0.315576
31 41 -1.195406
31 131 -0.072573
32 33 -1.172670
32 42 -0.092783
32 132 1.590094
33 34 -0.229277
33 43 -1.257352
33 133 -0.267704
34 35 -0.798241
34 44 -0.267833
34 134 -1.162704
35 36 0.206102
35 45 -1.626221
35 135 0.726245
36 37 1.445758
36 46 0.721121
36 136 1.316584
37 38 2.488998
37 47 -1.571552
37 137 -0.191019
38 39 -2.882581
38 48 0.521318
38 138 1.019111
39 30 1.233582
39 49 -1.028309
39 139 -2.048048
40 41 0.734396
40 50 -0.994613
40 140 1.506690
41 42 -0.573296
41 51 -0.084194
41 141 -1.010874
42 43 0.642880
42 52 0.608333
42 142 1.047961
43 44 -0.321496
43 53 -0.156514
43 143 -0.044092
44 45 1.405949
44 54 0.136354
44 144 -0.617384
45 46 -0.738518
45 55 0.719382
45 145 1.967227
46 47 0.057444
46 56 -1.677462
46 146 -1.346980
47 48 0.190988
47 57 -0.259893
47 147 0.763983
48 49 0.280794
48 58 0.288289
48 148 0.164611
49 40 0.984598
49 59 0.984174
49 149 -0.369627
50 51 -0.871330
50 60 -1.303959
50 150 0.867591
51 52 0.242869
51 61 1.084857
51 151 -0.935476
52 53 0.858130
52 62 -0.740346
52 152 0.099140
53 54 0.335016
53 63 0.284229
53 153 0.010275
54 55 1.110523
54 64 -0.549062
54 154 0.188799
55 56 -0.680723
55 65 -0.457286
55 155 -0.494320
56 57 0.700291
56 66 -0.916195
56 156 -0.281350
57 58 1.323545
57 67 0.119923
57 157 0.282210
58 59 0.702436
58 68 -0.089169
58 158 0.932008
59 50 -0.952384
59 69 1.310813
59 159 1.140955
60 61 0.029319
60 70 -0.955915
60 160 0.983557
61 62 0.548135
61 71 0.671655
61 161 0.271489
62 63 -0.858441
62 72 0.070705
62 162 -0.345262
63 64 -2.499643
63 73 -0.393846
63 163 -1.182475
64 65 -0.552796
64 74 -1.972875
64 164 1.725468
65 66 1.567733
65 75 -1.458749
65 165 -1.164020
66 67 1.475045
66 76 0.425489
66 166 -1.702624
67 68 0.266305
67 77 1.102160
67 167 0.606179
68 69 0.679465
68 78 0.146782
68 168 0.081699
69 60 1.284415
69 79 -1.306476
69 169 -1.072870
70 71 0.588916
70 80 -0.092171
70 170 -0.706270
71 72 -0.252025
71 81 0.641688
71 171 0.430519
72 73 2.095114
72 82 0.403528
72 172 1.153127
73 74 0.844135
73 83 0.654624
73 173 0.183860
74 75 0.589213
74 84 -1.696667
74 174 1.568883
75 76 -0.655716
75 85 0.644261
75 175 -1.157332
76 77 -0.064717
76 86 -0.384014
76 176 -1.126694
77 78 -1.141738
77 87 1.423522
77 177 -1.557518
78 79 -2.561215
78 88 1.242606
78 178 -2.094712
79 70 -1.306255
79 89 -1.732897
79 179 -0.830055
80 81 -0.476813
80 90 0.451008
80 180 -0.087085
81 82 -1.745545
81 91 -1.216866
81 181 -0.703815
82 83 0.475701
82 92 -0.490028
82 182 -1.376590
83 84 0.303384
83 93 -0.724783
83 183 -1.304022
84 85 -0.259056
84 94 -0.293107
84 184 1.573093
85 86 1.570717
85 95 -1.947961
85 185 -0.593366
86 87 1.838694
86 96 -0.702889
86 186 1.086037
87 88 -0.273059
87 97 0.180763
87 187 -1.095121
88 89 1.515803
88 98 0.791122
88 188 0.491905
89 80 0.352283
89 99 -0.325783
89 189 0.058612
90 91 0.783265
90 0 -0.231495
90 190 0.414687
91 92 0.041623
91 1 -0.518295
91 191 1.147462
92 93 -0.397975
92 2 0.159481
92 192 -0.036695
93 94 -0.526796
93 3 0.317923
93 193 -0.512388
94 95 1.024678
94 4 -1.106994
94 194 1.865942
95 96 -0.678427
95 5 0.869705
95 195 -0.442600
96 97 1.027739
96 6 -0.812392
96 196 0.513724
97 98 -0.476113
97 7 0.405696
97 197 0.308616
98 99 0.174222
98 8 -0.883138
98 198 0.110448
99 90 -1.361424
99 9 1.358450
99 199 -1.690360
100 101 -1.570382
100 110 0.393677
100 200 -2.898815
101 102 -0.160266
101 111 0.776503
101 201 0.361823
102 103 -0.722733
102 112 -1.551314
102 202 1.554144
103 104 0.000839
103 113 0.363059
103 203 1.723119
104 105 0.736445
104 114 0.515952
104 204 1.032747
105 106 0.885457
105 115 -1.250813
105 205 0.664880
106 107 0.825255
106 116 0.394560
106 206 -1.767387
107 108 -0.090724
107 117 -1.889254
107 207 -1.490939
108 109 -0.090471
108 118 1.515936
108 208 -0.787201
109 100 0.395729
109 119 0.942380
109 209 0.630960
110 111 -0.030081
110 120 0.209765
110 210 -1.422989
111 112 0.437838
111 121 0.649802
111 211 0.356850
112 113 1.072476
112 122 -0.502428
112 212 0.416851
113 114 -0.004687
113 123 0.374790
113 213 -1.570283
114 115 -0.720372
114 124 -0.772277
114 214 -0.233383
115 116 -0.811312
115 125 0.582852
115 215 0.092146
116 117 0.679201
116 126 0.871142
116 216 -0.624662
117 118 -0.309214
117 127 0.490262
117 217 -0.425498
118 119 -0.563060
118 128 0.155350
118 218 0.801112
119 110 0.009299
119 129 -0.262331
119 219 -0.836648
120 121 -0.405290
120 130 -0.857863
120 220 -0.271522
121 122 0.492601
121 131 0.004899
121 221 -1.938225
122 123 -1.020375
122 132 -0.055356
122 222 -0.673890
123 124 -0.572032
123 133 1.263072
123 223 3.057195
124 125 -0.421302
124 134 0.128612
124 224 -1.060706
125 126 -1.628291
125 135 0.549597
125 225 -0.286724
126 127 -1.278638
126 136 -1.658436
126 226 -0.463706
127 128 2.586360
127 137 -0.245070
127 227 0.292741
128 129 0.548573
128 138 2.171969
128 228 1.059340
129 120 0.057205
129 139 -1.187034
129 229 -0.101382
130 131 -0.501830
130 140 0.452977
130 230 0.784030
131 132 0.637276
131 141 1.853547
131 231 0.507281
132 133 -0.140465
132 142 0.948389
132 232 0.704681
133 134 0.012172
133 143 2.139397
133 233 -0.330378
134 135 0.247356
134 144 0.092492
134 234 -1.719106
135 136 0.729129
135 145 2.131078
135 235 0.848161
136 137 -1.759527
136 146 0.757374
136 236 -0.183927
137 138 -0.011027
137 147 -2.185708
137 237 0.383520
138 139 -0.003748
138 148 -1.993839
138 238 -2.089457
139 130 -1.589761
139 149 -1.257581
139 239 0.172083
140 141 1.409173
140 150 2.218722
140 240 0.265197
141 142 0.505037
141 151 -0.491362
141 241 0.482993
142 143 0.421810
142 152 -0.212558
142 242 0.007394
143 144 1.048155
143 153 -0.861538
143 243 -0.722617
144 145 -1.361538
144 154 -0.120936
144 244 -1.817791
145 146 -1.207347
145 155 1.233821
145 245 0.963705
146 147 -0.768139
146 156 -1.074163
146 246 0.962961
147 148 -0.056167
147 157 -2.203648
147 247 -0.069591
148 149 0.579700
148 158 0.475615
148 248 -0.480491
149 140 0.376221
149 159 -1.249729
149 249 1.347313
150 151 -0.944783
150 160 0.570298
150 250 0.613881
151 152 0.059257
151 161 0.623483
151 251 1.402117
152 153 -1.045866
152 162 -2.294230
152 252 -1.353638
153 154 -1.377602
153 163 2.254274
153 253 0.034637
154 155 -0.882155
154 164 -0.021992
154 254 1.084510
155 156 0.582945
155 165 0.185422
155 255 0.846046
156 157 -0.342076
156 166 1.463853
156 256 -0.653768
157 158 -0.950244
157 167 -0.061214
157 257 -1.100607
158 159 1.441188
158 168 0.632298
158 258 -1.229676
159 150 0.925425
159 169 -0.491517
159 259 -0.149194
160 161 -0.850428
160 170 -0.259577
160 260 0.160667
161 162 0.104364
161 171 0.139804
161 261 -1.573058
162 163 -0.591607
162 172 -0.673619
162 262 0.007170
163 164 -0.022381
163 173 -0.983394
163 263 0.896501
164 165 -0.074730
164 174 -0.682133
164 264 1.509672
165 166 0.568945
165 175 0.309715
165 265 1.283244
166 167 0.028516
166 176 -1.425640
166 266 -0.476296
167 168 -0.035861
167 177 0.461470
167 267 -1.866312
168 169 0.614578
168 178 0.157847
168 268 -0.447075
169 160 0.319589
169 179 1.069696
169 269 -1.941726
170 171 -0.762505
170 180 0.159406
170 270 -0.512518
171 172 1.170526
171 181 0.615134
171 271 -0.226615
172 173 -0.884563
172 182 -0.516420
172 272 -0.458498
173 174 -1.582749
173 183 -0.680404
173 273 -0.595134
174 175 0.885460
174 184 -0.816635
174 274 -0.697294
175 176 0.938393
175 185 1.237612
175 275 0.756719
176 177 -0.116766
176 186 -0.279982
176 276 0.801728
177 178 -0.788798
177 187 -0.724394
177 277 0.335215
178 179 -0.260655
178 188 0.895480
178 278 -1.502921
179 170 -0.489514
179 189 0.052063
179 279 0.099632
180 181 -0.917558
180 190 -1.072589
180 280 -0.128285
181 182 0.381036
181 191 0.729189
181 281 -0.478201
182 183 -0.471187
182 192 0.937524
182 282 -1.041732
183 184 -2.303031
183 193 1.967414
183 283 1.397131
184 185 -1.530242
184 194 -0.168498
184 284 -1.136568
185 186 -0.545626
185 195 -0.735925
185 285 0.069759
186 187 0.741821
186 196 1.025146
186 286 -0.306896
187 188 0.025463
187 197 0.790359
187 287 -0.208972
188 189 -1.094867
188 198 0.242726
188 288 0.268600
189 180 0.901028
189 199 0.236687
189 289 0.931308
190 191 -0.169149
190 100 1.632858
190 290 -0.832917
191 192 1.947731
191 101 0.561379
191 291 -1.860822
192 193 0.976343
192 102 -1.524840
192 292 0.653980
193 194 0.602165
193 103 0.151857
193 293 0.794472
194 195 0.627914
194 104 -0.911688
194 294 1.009780
195 196 -0.352012
195 105 -1.788703
195 295 -1.315419
196 197 0.785629
196 106 -0.446247
196 296 0.008402
197 198 -0.523175
197 107 0.570872
197 297 0.094994
198 199 -0.154517
198 108 -1.098358
198 298 0.752214
199 190 0.448095
199 109 1.356762
199 299 0.297333
200 201 -0.404735
200 210 0.083675
200 300 0.206010
201 202 0.874794
201 211 -1.462732
201 301 -0.874206
202 203 -0.056953
202 212 0.155525
202 302 0.623652
203 204 -1.687319
203 213 -1.545967
203 303 0.258074
204 205 0.057338
204 214 -0.620099
204 304 0.746887
205 206 1.342367
205 215 -0.641067
205 305 -0.992867
206 207 0.806171
206 216 -2.454172
206 306 0.092879
207 208 -0.050665
207 217 0.076773
207 307 -0.289121
208 209 -0.467832
208 218 -0.484988
208 308 0.929058
209 200 -2.023832
209 219 2.320249
209 309 -0.164356
210 211 -0.385707
210 220 0.815859
210 310 1.324073
211 212 -0.414118
211 221 -0.627938
211 311 0.082412
212 213 0.101059
212 222 2.336026
212 312 0.833632
213 214 0.728299
213 223 0.883473
213 313 -2.810164
214 215 0.091835
214 224 -1.718633
214 314 -1.448379
215 216 0.464828
215 225 0.901351
215 315 1.115985
216 217 0.484376
216 226 -0.517259
216 316 0.251550
217 218 0.059052
217 227 0.816652
217 317 1.602445
218 219 -1.322878
218 228 -1.742314
218 318 -1.286374
219 210 0.665708
219 229 -1.038673
219 319 0.441121
220 221 0.802402
220 230 0.139667
220 320 -1.006167
221 222 -0.234965
221 231 -0.526605
221 321 0.126519
222 223 0.645151
222 232 -2.149921
222 322 0.267105
223 224 1.465758
223 233 0.648967
223 323 -1.263097
224 225 0.143456
224 234 0.223223
224 324 -1.627159
225 226 0.660046
225 235 0.816409
225 325 -0.028822
226 227 0.058749
226 236 -1.026995
226 326 -1.104745
227 228 -1.174114
227 237 -1.645253
227 327 -0.337638
228 229 -0.386388
228 238 0.245704
228 328 0.083103
229 220 -0.605542
229 239 1.485214
229 329 -0.007641
230 231 -0.111818
230 240 -0.644351
230 330 0.725534
231 232 1.213385
231 241 0.777750
231 331 -1.794637
232 233 0.525640
232 242 1.216032
232 332 -1.852809
233 234 0.064025
233 243 1.862065
233 333 0.051096
234 235 0.594655
234 244 0.949081
234 334 0.890179
235 236 -1.328574
235 245 0.515752
235 335 -0.955025
236 237 0.132318
236 246 -0.721388
236 336 0.875398
237 238 -0.684611
237 247 -0.592915
237 337 -0.291333
238 239 0.585783
238 248 -0.765598
238 338 0.219914
239 230 0.154874
239 249 0.903246
239 339 0.137639
240 241 0.231485
240 250 0.984155
240 340 1.104340
241 242 0.222805
241 251 -0.074690
241 341 1.856994
242 243 -1.357543
242 252 -0.776828
242 342 -0.698059
243 244 -1.886316
243 253 0.814568
243 343 -0.173670
244 245 0.453879
244 254 0.625459
244 344 0.361910
245 246 -1.388356
245 255 2.213786
245 345 0.952142
246 247 2.312998
246 256 0.658227
246 346 -1.159340
247 248 0.909405
247 257 -1.478610
247 347 0.468708
248 249 1.229649
248 258 1.626133
248 348 0.581485
249 240 0.267220
249 259 -0.113305
249 349 0.266289
250 251 0.167123
250 260 -2.010542
250 350 -0.086011
251 252 0.295683
251 261 0.000843
251 351 -1.841535
252 253 0.211138
252 262 1.214072
252 352 1.173450
253 254 0.693790
253 263 -0.041247
253 353 -0.701441
254 255 0.075584
254 264 -1.324015
254 354 0.633440
255 256 0.211436
255 265 1.183843
255 355 0.192379
256 257 0.099428
256 266 -1.705367
256 356 -0.088757
257 258 0.152057
257 267 -1.153510
257 357 1.603594
258 259 -0.246219
258 268 1.846199
258 358 -0.651967
259 250 -0.901691
259 269 0.188736
259 359 1.212573
260 261 1.205769
260 270 0.260119
260 360 1.110094
261 262 0.968242
261 271 -0.386967
261 361 -0.761418
262 263 0.140821
262 272 0.193032
262 362 -0.922423
263 264 1.658998
263 273 -1.354481
263 363 0.462453
264 265 -0.166151
264 274 -1.723611
264 364 0.432748
265 266 0.028866
265 275 0.696503
265 365 -1.298657
266 267 0.336840
266 276 -0.853172
266 366 -0.318807
267 268 -0.370538
267 277 0.195125
267 367 0.272536
268 269 -0.265916
268 278 -0.357796
268 368 -1.118120
269 260 -0.500830
269 279 -2.123590
269 369 0.518964
270 271 1.159843
270 280 1.617243
270 370 -0.040458
271 272 -0.872710
271 281 1.268082
271 371 0.741719
272 273 0.499834
272 282 -0.384216
272 372 1.851256
273 274 -1.739627
273 283 -1.861494
273 373 0.573093
274 275 0.941625
274 284 -1.783673
274 374 -0.488303
275 276 0.146354
275 285 0.559012
275 375 0.299230
276 277 -0.673771
276 286 -0.761638
276 376 -0.816625
277 278 0.039694
277 287 0.218899
277 377 -1.332896
278 279 -1.405693
278 288 -0.220785
278 378 1.312352
279 270 -0.950650
279 289 -0.203845
279 379 -0.050862
280 281 0.603419
280 290 -0.176313
280 380 -0.499629
281 282 -1.836360
281 291 -1.530479
281 381 2.238690
282 283 -0.418055
282 292 -0.447503
282 382 -0.464754
283 284 -1.065469
283 293 0.075330
283 383 1.296798
284 285 -0.457020
284 294 -1.071137
284 384 -0.439008
285 286 -1.216259
285 295 -1.344841
285 385 -0.168853
286 287 -1.522502
286 296 -1.077616
286 386 0.974395
287 288 0.537257
287 297 1.426711
287 387 0.042357
288 289 0.049639
288 298 -0.477802
288 388 -1.950971
289 280 0.146414
289 299 -1.839891
289 389 -0.912843
290 291 -1.918539
290 200 -1.317776
290 390 0.939585
291 292 1.750119
291 201 -0.671396
291 391 1.380994
292 293 -1.706696
292 202 -0.227460
292 392 -1.157927
293 294 1.467808
293 203 -0.603312
293 393 1.775604
294 295 -0.412452
294 204 0.343714
294 394 0.094137
295 296 -0.847093
295 205 -0.354525
295 395 -0.865512
296 297 -0.230495
296 206 1.542559
296 396 -0.439956
297 298 1.159410
297 207 -0.379222
297 397 -0.485786
298 299 -0.281449
298 208 1.020402
298 398 -0.363316
299 290 1.117312
299 209 0.388625
299 399 -1.833978
300 301 -0.068642
300 310 -0.788656
300 400 2.190697
301 302 0.766757
301 311 -0.334815
301 401 0.695306
302 303 0.901988
302 312 1.163104
302 402 0.131122
303 304 -2.286748
303 313 -1.452689
303 403 0.038390
304 305 1.023379
304 314 -0.627997
304 404 0.069982
305 306 1.801695
305 315 2.162704
305 405 -1.934829
306 307 1.132989
306 316 -1.938329
306 406 0.905297
307 308 -0.259858
307 317 0.013780
307 407 -0.308803
308 309 1.091454
308 318 -1.241215
308 408 -1.049791
309 300 0.481988
309 319 -1.245528
309 409 -1.724053
310 311 0.379992
310 320 -0.664677
310 410 -0.454371
311 312 -1.698400
311 321 1.615612
311 411 -0.247935
312 313 -0.925519
312 322 -0.600796
312 412 -0.395880
313 314 -0.092127
313 323 0.511563
313 413 -1.410019
314 315 0.007145
314 324 -0.118970
314 414 1.170326
315 316 -0.782216
315 325 -0.709354
315 415 -0.452383
316 317 2.518234
316 326 -1.724353
316 416 -0.819938
317 318 0.538732
317 327 -0.627949
317 417 0.839885
318 319 -1.026227
318 328 -0.388072
318 418 0.420187
319 310 0.178072
319 329 0.917454
319 419 0.402661
320 321 -0.016793
320 330 -2.351342
320 420 0.206490
321 322 1.341256
321 331 -1.178765
321 421 -0.167708
322 323 -0.544212
322 332 -1.159009
322 422 1.874697
323 324 -0.514741
323 333 0.674075
323 423 -0.203540
324 325 -1.390923
324 334 -0.079836
324 424 0.021956
325 326 1.032967
325 335 -1.291918
325 425 -0.422665
326 327 2.524846
326 336 -0.026443
326 426 -0.809333
327 328 0.366660
327 337 0.307205
327 427 -0.575811
328 329 -0.506816
328 338 0.022152
328 428 1.675086
329 320 -0.705862
329 339 0.202494
329 429 -0.139130
330 331 -0.757438
330 340 -1.320275
330 430 -1.637974
331 332 -1.148914
331 341 -0.218244
331 431 -1.192648
332 333 0.225851
332 342 1.522747
332 432 0.978506
333 334 -0.336343
333 343 -0.252408
333 433 -1.016571
334 335 -0.460449
334 344 -1.053852
334 434 0.480982
335 336 1.275998
335 345 0.222188
335 435 1.225494
336 337 -0.099453
336 346 -1.891109
336 436 0.143016
337 338 0.168677
337 347 0.612841
337 437 0.006669
338 339 -1.644274
338 348 -1.997386
338 438 -1.546475
339 330 -1.454017
339 349 0.201714
339 439 -0.094238
340 341 -0.864516
340 350 -0.619937
340 440 -0.067758
341 342 -0.617737
341 351 0.431829
341 441 -0.316462
342 343 0.365583
342 352 0.221050
342 442 -0.819368
343 344 -1.277378
343 353 -0.921936
343 443 -0.837191
344 345 0.351790
344 354 -0.418296
344 444 -0.659672
345 346 -1.015406
345 355 0.552186
345 445 -0.546601
346 347 1.343018
346 356 -0.622492
346 446 0.468638
347 348 -0.487901
347 357 -2.687928
347 447 -0.789908
348 349 -0.385404
348 358 -0.218595
348 448 -0.140501
349 340 0.282538
349 359 -1.028374
349 449 -0.059845
350 351 -0.297300
350 360 0.127107
350 450 -2.091994
351 352 -0.400579
351 361 -0.417508
351 451 -1.371984
352 353 1.192133
352 362 0.316637
352 452 2.102701
353 354 1.234285
353 363 -1.123252
353 453 -0.002326
354 355 0.167181
354 364 -0.528239
354 454 -0.556180
355 356 0.345674
355 365 -1.865326
355 455 -0.353073
356 357 0.097502
356 366 1.120467
356 456 0.874538
357 358 0.770083
357 367 -1.844252
357 457 -0.273318
358 359 -0.516795
358 368 -1.874177
358 458 0.992212
359 350 -0.548735
359 369 2.582552
359 459 0.771135
360 361 1.878896
360 370 1.070565
360 460 -0.627230
361 362 -1.217476
361 371 -1.356352
361 461 0.606623
362 363 -2.103148
362 372 -0.780976
362 462 -0.050479
363 364 0.419152
363 373 -0.382482
363 463 -0.379028
364 365 0.036117
364 374 0.900611
364 464 -1.316177
365 366 1.394547
365 375 -1.811698
365 465 -2.293306
366 367 0.687397
366 376 0.818770
366 466 -0.759427
367 368 1.169747
367 377 -0.188677
367 467 0.631384
368 369 0.682985
368 378 0.036783
368 468 -0.124162
369 360 -0.019187
369 379 -0.159230
369 469 1.154202
370 371 -0.101881
370 380 0.705674
370 470 0.099082
371 372 -0.670022
371 381 -0.190067
371 471 0.423767
372 373 -1.545607
372 382 -0.787711
372 472 -0.393152
373 374 1.444649
373 383 0.620499
373 473 -0.001483
374 375 0.219168
374 384 1.432617
374 474 1.185055
375 376 1.479706
375 385 1.102968
375 475 0.988908
376 377 1.121812
376 386 -0.781964
376 476 -0.049691
377 378 2.382101
377 387 1.773534
377 477 1.021557
378 379 -0.987111
378 388 -1.293597
378 478 -0.032266
379 370 0.141087
379 389 1.263170
379 479 0.127026
380 381 -0.093039
380 390 -0.947976
380 480 -0.441060
381 382 1.264821
381 391 1.106603
381 481 -0.475844
382 383 -0.157137
382 392 0.929280
382 482 -0.438628
383 384 -0.613421
383 393 -1.025322
383 483 0.816064
384 385 0.311981
384 394 0.883364
384 484 -0.822499
385 386 -0.002244
385 395 0.536567
385 485 0.446655
386 387 1.006259
386 396 -2.002783
386 486 1.896119
387 388 0.875197
387 397 1.938544
387 487 0.546400
388 389 1.402484
388 398 1.319859
388 488 -0.034880
389 380 -0.848511
389 399 1.397617
389 489 -0.498629
390 391 -0.917890
390 300 -0.746709
390 490 -1.013824
391 392 -0.534793
391 301 -0.319297
391 491 0.505819
392 393 2.789791
392 302 -0.899569
392 492 0.094329
393 394 -0.438993
393 303 0.267763
393 493 -1.321633
394 395 0.453270
394 304 1.149159
394 494 -0.391880
395 396 -0.219443
395 305 0.154482
395 495 0.792471
396 397 -0.476622
396 306 1.270433
396 496 0.548241
397 398 0.152118
397 307 -0.398770
397 497 -0.633340
398 399 -3.605932
398 308 -0.653103
398 498 1.432271
399 390 -0.213183
399 309 -0.578812
399 499 0.495209
400 401 -0.395463
400 410 1.790729
400 500 -0.642886
401 402 1.420249
401 411 0.155509
401 501 -0.046349
402 403 0.741870
402 412 0.319729
402 502 -0.029727
403 404 2.015421
403 413 -0.302390
403 503 0.192934
404 405 -0.648562
404 414 -1.829489
404 504 -0.953816
405 406 -0.691165
405 415 0.622205
405 505 1.053181
406 407 1.628676
406 416 0.878339
406 506 0.915289
407 408 0.302608
407 417 -0.253652
407 507 -1.304132
408 409 -1.605381
408 418 0.758360
408 508 -0.673932
409 400 -1.392006
409 419 -1.308007
409 509 -0.017877
410 411 -2.010572
410 420 -0.685131
410 510 0.572058
411 412 1.905771
411 421 -1.724629
411 511 -1.113961
412 413 1.063729
412 422 -0.619474
412 512 0.268901
413 414 0.434533
413 423 -0.176301
413 513 0.772217
414 415 -0.742106
414 424 0.852961
414 514 0.952223
415 416 -0.621874
415 425 -0.308652
415 515 -0.186581
416 417 1.034371
416 426 0.711542
416 516 -0.945102
417 418 -0.539713
417 427 -0.333702
417 517 0.064965
418 419 -0.770046
418 428 -0.726186
418 518 -0.244596
419 410 1.804296
419 429 0.598164
419 519 0.108852
420 421 0.331676
420 430 0.276327
420 520 1.168457
421 422 -0.095331
421 431 0.287119
421 521 -0.462062
422 423 0.953433
422 432 0.250381
422 522 0.355551
423 424 -0.951395
423 433 1.056716
423 523 2.667742
424 425 -1.560239
424 434 0.382621
424 524 -0.993285
425 426 -1.380049
425 435 -1.247550
425 525 -1.903090
426 427 -0.214288
426 436 -0.613861
426 526 0.154000
427 428 1.447464
427 437 0.798291
427 527 -0.505483
428 429 -0.546509
428 438 -1.311718
428 528 2.883816
429 420 0.852950
429 439 -0.907503
429 529 1.284550
430 431 -0.989218
430 440 0.045009
430 530 1.728698
431 432 -1.264766
431 441 1.616556
431 531 0.143276
432 433 -0.906943
432 442 -1.062937
432 532 0.547234
433 434 -0.408102
433 443 0.929531
433 533 0.445902
434 435 1.516521
434 444 -0.216935
434 534 2.005144
435 436 -0.289168
435 445 0.103109
435 535 2.011916
436 437 1.107098
436 446 -2.014884
436 536 -0.902166
437 438 1.252920
437 447 -0.321958
437 537 -0.630187
438 439 -1.716473
438 448 0.413240
438 538 -0.686775
439 430 0.150117
439 449 0.847416
439 539 -1.295141
440 441 -0.387435
440 450 0.728941
440 540 -1.718234
441 442 0.261702
441 451 0.156048
441 541 0.687392
442 443 -0.400904
442 452 0.496330
442 542 0.616376
443 444 1.482671
443 453 -1.320297
443 543 1.530517
444 445 2.765647
444 454 -1.785727
444 544 -1.144874
445 446 0.278544
445 455 0.902388
445 545 -0.176490
446 447 -0.297519
446 456 -0.344053
446 546 0.320523
447 448 -0.476247
447 457 0.668580
447 547 -0.014799
448 449 -0.904894
448 458 -0.661205
448 548 0.888101
449 440 0.618058
449 459 -0.302679
449 549 -0.284778
450 451 -0.406195
450 460 -0.689217
450 550 0.394016
451 452 -0.603834
451 461 -0.443679
451 551 1.660157
452 453 0.736161
452 462 -0.712274
452 552 0.135068
453 454 0.764143
453 463 0.445229
453 553 -0.847480
454 455 1.599516
454 464 0.707328
454 554 2.256845
455 456 -0.054467
455 465 1.116055
455 555 0.352169
456 457 0.334063
456 466 -0.008633
456 556 1.072595
457 458 -2.201955
457 467 0.546625
457 557 0.519146
458 459 0.903243
458 468 -1.042503
458 558 -1.017937
459 450 -0.395647
459 469 -0.135619
459 559 1.825901
460 461 -0.068014
460 470 0.507635
460 560 2.046698
461 462 -0.131274
461 471 -1.148177
461 561 0.615149
462 463 -0.709819
462 472 -0.976660
462 562 -0.561253
463 464 -0.480451
463 473 -0.904126
463 563 -0.758567
464 465 -0.976090
464 474 0.635588
464 564 -0.507198
465 466 0.006763
465 475 -2.647330
465 565 0.415076
466 467 -0.518873
466 476 -0.370752
466 566 -0.499143
467 468 -0.179357
467 477 -0.024113
467 567 -0.105025
468 469 1.894976
468 478 -0.300869
468 568 -0.390508
469 460 0.312763
469 479 0.080726
469 569 -0.008608
470 471 -0.019651
470 480 2.554665
470 570 0.341882
471 472 1.505857
471 481 -0.615068
471 571 -0.477379
472 473 -1.511902
472 482 1.012279
472 572 0.629948
473 474 1.472077
473 483 1.400936
473 573 0.272183
474 475 0.573099
474 484 1.009428
474 574 -0.469340
475 476 -0.499053
475 485 -0.008813
475 575 0.739051
476 477 1.146092
476 486 0.076710
476 576 -2.015954
477 478 0.649027
477 487 0.241499
477 577 -1.166646
478 479 0.317212
478 488 1.782705
478 578 0.603499
479 470 0.121951
479 489 -1.000149
479 579 -0.002299
480 481 0.411758
480 490 -2.695617
480 580 0.496070
481 482 1.529026
481 491 0.399177
481 581 0.428046
482 483 1.134333
482 492 -1.017499
482 582 0.417277
483 484 1.075012
483 493 -0.632968
483 583 0.041906
484 485 0.209486
484 494 -1.876762
484 584 1.408042
485 486 -0.106998
485 495 0.902855
485 585 -0.019231
486 487 0.202761
486 496 -0.970239
486 586 -0.914053
487 488 2.085493
487 497 2.012839
487 587 -1.294550
488 489 0.067863
488 498 0.122991
488 588 -0.438487
489 480 0.646835
489 499 -0.672607
489 589 0.231814
490 491 -0.782521
490 400 -0.610266
490 590 0.415562
491 492 -0.190466
491 401 1.863029
491 591 -0.720909
492 493 0.734942
492 402 0.024699
492 592 -0.068274
493 494 0.309894
493 403 1.097610
493 593 0.754105
494 495 -0.821904
494 404 -0.321155
494 594 0.514953
495 496 -0.542968
495 405 -0.267060
495 595 0.686864
496 497 0.143294
496 406 -1.247508
496 596 -0.654022
497 498 -0.773789
497 407 0.162560
497 597 -1.767000
498 499 0.428481
498 408 -0.359040
498 598 1.088320
499 490 -0.696895
499 409 -0.542815
499 599 -0.463946
500 501 0.487436
500 510 0.429400
500 600 1.164587
501 502 0.538082
501 511 0.569408
501 601 -0.137733
502 503 -0.495180
502 512 0.098867
502 602 0.580179
503 504 -1.020208
503 513 -0.620135
503 603 -0.335543
504 505 0.212308
504 514 -0.712740
504 604 1.249944
505 506 -0.493170
505 515 2.787625
505 605 0.212967
506 507 -0.098978
506 516 0.041159
506 606 1.959349
507 508 -1.418942
507 517 1.057849
507 607 2.458836
508 509 0.724000
508 518 0.791091
508 608 -0.838795
509 500 0.886162
509 519 -0.290046
509 609 0.351546
510 511 0.053031
510 520 0.118458
510 610 0.431360
511 512 -0.236481
511 521 0.940774
511 611 0.229875
512 513 -0.179285
512 522 0.956636
512 612 0.423706
513 514 0.305608
513 523 -0.776977
513 613 -0.083690
514 515 0.932338
514 524 0.579337
514 614 2.259787
515 516 -0.739790
515 525 0.409541
515 615 -0.314328
516 517 0.211912
516 526 0.123034
516 616 0.660594
517 518 1.335814
517 527 1.316505
517 617 0.914132
518 519 1.528213
518 528 0.349258
518 618 -0.090118
519 510 0.036091
519 529 -1.190219
519 619 0.123074
520 521 0.768688
520 530 -1.338424
520 620 0.030694
521 522 -0.745421
521 531 -1.168578
521 621 0.622839
522 523 0.078652
522 532 0.964941
522 622 -1.727400
523 524 0.659625
523 533 0.599788
523 623 0.774820
524 525 0.563225
524 534 -0.681232
524 624 0.246621
525 526 -1.189281
525 535 -0.768179
525 625 1.437694
526 527 -1.100203
526 536 1.272653
526 626 0.570832
527 528 0.789715
527 537 -1.173824
527 627 -0.602731
528 529 0.060095
528 538 -0.145327
528 628 0.168080
529 520 0.424656
529 539 -0.638900
529 629 -1.328957
530 531 -0.533296
530 540 -1.145451
530 630 0.561598
531 532 -0.475199
531 541 0.181732
531 631 -0.844028
532 533 -1.652432
532 542 0.631958
532 632 2.234565
533 534 1.096523
533 543 -0.288833
533 633 0.519388
534 535 1.847146
534 544 0.017995
534 634 1.384412
535 536 0.386296
535 545 1.526243
535 635 -0.015867
536 537 1.762164
536 546 -0.397768
536 636 0.600617
537 538 0.270215
537 547 1.321475
537 637 -1.512799
538 539 -0.529082
538 548 1.076824
538 638 -1.406620
539 530 -0.543201
539 549 0.310498
539 639 0.453579
540 541 1.823654
540 550 0.603943
540 640 0.093170
541 542 0.903589
541 551 0.505656
541 641 0.613669
542 543 -0.447114
542 552 -1.133029
542 642 -0.695498
543 544 0.112617
543 553 1.632525
543 643 0.294691
544 545 2.307570
544 554 0.339161
544 644 1.296398
545 546 2.495986
545 555 0.325114
545 645 0.293021
546 547 0.298410
546 556 0.078566
546 646 1.217508
547 548 -0.906932
547 557 0.466497
547 647 1.385349
548 549 -0.110781
548 558 1.308054
548 648 1.355883
549 540 -0.716825
549 559 0.902145
549 649 1.705934
550 551 -0.323414
550 560 -1.098139
550 650 1.801792
551 552 0.878904
551 561 1.114856
551 651 -0.303492
552 553 0.224951
552 562 0.678904
552 652 0.056057
553 554 -0.527796
553 563 -1.261796
553 653 1.182205
554 555 -0.533634
554 564 1.369444
554 654 1.153760
555 556 0.781647
555 565 -0.577254
555 655 0.687411
556 557 0.224918
556 566 -2.173364
556 656 0.370420
557 558 1.815228
557 567 -0.302017
557 657 0.047524
558 559 0.866390
558 568 -0.212576
558 658 0.667310
559 550 -0.646927
559 569 0.790425
559 659 2.050036
560 561 -1.224256
560 570 0.308138
560 660 0.227181
561 562 0.160549
561 571 -0.124854
561 661 0.968911
562 563 1.824923
562 572 -0.047339
562 662 -0.210201
563 564 0.420912
563 573 0.986041
563 663 0.602458
564 565 -2.060975
564 574 0.472044
564 664 0.908700
565 566 0.681184
565 575 0.428927
565 665 0.210422
566 567 -0.982645
566 576 -0.150671
566 666 0.589698
567 568 -1.986968
567 577 -0.495421
567 667 0.940989
568 569 1.221356
568 578 1.688946
568 668 -0.235302
569 560 -0.164106
569 579 0.781516
569 669 0.683801
570 571 0.833388
570 580 0.067817
570 670 -0.692767
571 572 -0.397088
571 581 -0.770252
571 671 -0.707519
572 573 1.524552
572 582 0.159090
572 672 -0.586877
573 574 0.687764
573 583 -0.511435
573 673 1.437030
574 575 0.468128
574 584 -0.800114
574 674 0.998557
575 576 1.213968
575 585 0.310147
575 675 0.048139
576 577 -2.108989
576 586 -0.241921
576 676 0.290454
577 578 -1.362107
577 587 0.682047
577 677 1.785016
578 579 -1.947374
578 588 1.128712
578 678 -1.564762
579 570 -0.213907
579 589 -0.510616
579 679 -0.930710
580 581 0.192494
580 590 -0.584499
580 680 -0.475582
581 582 -1.457551
581 591 0.782153
581 681 -0.609006
582 583 -1.011710
582 592 0.515155
582 682 0.022596
583 584 1.569079
583 593 -0.704117
583 683 2.039236
584 585 -0.259812
584 594 0.691632
584 684 -0.043598
585 586 0.503109
585 595 0.027762
585 685 0.318810
586 587 -0.107311
586 596 -0.183842
586 686 -0.775431
587 588 0.229039
587 597 -1.182709
587 687 0.476479
588 589 -0.001290
588 598 0.069047
588 688 -1.687240
589 580 1.141398
589 599 -0.194087
589 689 -0.991454
590 591 0.935839
590 500 -1.033685
590 690 1.056715
591 592 -0.471982
591 501 -0.586053
591 691 0.638256
592 593 -1.533571
592 502 -1.001477
592 692 0.081748
593 594 0.992778
593 503 -0.027071
593 693 1.217535
594 595 -0.222276
594 504 0.348761
594 694 0.111511
595 596 -0.100896
595 505 1.197789
595 695 1.125846
596 597 0.559085
596 506 1.118874
596 696 -0.277340
597 598 -0.210326
597 507 -0.639818
597 697 0.358829
598 599 0.056809
598 508 -0.390795
598 698 -0.438789
599 590 -0.661816
599 509 1.089574
599 699 -0.331785
600 601 -0.908773
600 610 0.766634
600 700 -0.119109
601 602 0.810368
601 611 0.069940
601 701 -1.476760
602 603 -0.411765
602 612 -0.231474
602 702 0.385600
603 604 -0.806267
603 613 0.416319
603 703 -0.202264
604 605 3.240954
604 614 0.036625
604 704 0.374530
605 606 -0.593518
605 615 -1.444640
605 705 -0.038925
606 607 0.812967
606 616 0.520321
606 706 0.799221
607 608 0.248751
607 617 -0.754774
607 707 0.971081
608 609 1.211185
608 618 -0.715148
608 708 -0.243028
609 600 -0.194256
609 619 0.984751
609 709 -0.092969
610 611 0.881379
610 620 1.671666
610 710 -0.413239
611 612 0.497318
611 621 0.766990
611 711 0.271850
612 613 0.496533
612 622 0.443330
612 712 -0.552322
613 614 -0.261590
613 623 2.024180
613 713 -0.117982
614 615 -0.445298
614 624 0.746836
614 714 -0.113433
615 616 -1.555335
615 625 -1.682627
615 715 -0.875037
616 617 -0.905852
616 626 1.148386
616 716 0.323674
617 618 0.123018
617 627 1.860891
617 717 -1.294942
618 619 -1.077926
618 628 0.223326
618 718 -0.962097
619 610 0.267141
619 629 -0.410480
619 719 -0.849966
620 621 -1.866182
620 630 0.477111
620 720 1.057932
621 622 -0.532498
621 631 -2.175547
621 721 0.952936
622 623 -0.465491
622 632 -0.234653
622 722 -0.261994
623 624 -0.456949
623 633 0.770976
623 723 -0.233389
624 625 1.859639
624 634 -0.779467
624 724 0.370916
625 626 0.137386
625 635 0.947691
625 725 0.042279
626 627 -0.644426
626 636 0.850594
626 726 -0.324181
627 628 -1.169751
627 637 -0.430201
627 727 -0.428446
628 629 1.609840
628 638 0.612145
628 728 -1.205600
629 620 0.103986
629 639 2.425453
629 729 -0.844813
630 631 0.872007
630 640 0.682442
630 730 0.450622
631 632 -1.130017
631 641 0.185161
631 731 -0.383767
632 633 -0.606985
632 642 -1.610448
632 732 1.130198
633 634 -1.119349
633 643 1.789772
633 733 0.543167
634 635 0.249677
634 644 0.909073
634 734 -0.744927
635 636 1.593797
635 645 -1.334980
635 735 0.729530
636 637 1.468284
636 646 -0.407596
636 736 2.171290
637 638 -0.643135
637 647 0.068091
637 737 -0.482582
638 639 -1.515116
638 648 1.318338
638 738 0.966894
639 630 0.034281
639 649 -0.187284
639 739 -0.510078
640 641 -0.846357
640 650 0.669489
640 740 -1.317865
641 642 0.398372
641 651 -0.301793
641 741 -0.572335
642 643 -0.422948
642 652 -0.065776
642 742 0.221670
643 644 0.324310
643 653 0.746913
643 743 -0.663447
644 645 -0.611739
644 654 -1.263903
644 744 0.498800
645 646 -0.298272
645 655 0.857430
645 745 0.593507
646 647 2.402864
646 656 -1.076893
646 746 -0.698708
647 648 -0.077844
647 657 -0.444566
647 747 -0.819714
648 649 -0.742149
648 658 0.177415
648 748 -0.319211
649 640 -1.107482
649 659 -0.788559
649 749 0.675869
650 651 -0.124550
650 660 0.010108
650 750 1.212528
651 652 1.551663
651 661 0.532898
651 751 -1.112336
652 653 -0.546787
652 662 -0.476472
652 752 -0.476016
653 654 1.871754
653 663 0.414176
653 753 -0.621695
654 655 -0.847481
654 664 1.485524
654 754 1.090168
655 656 -0.585188
655 665 0.462886
655 755 -0.822368
656 657 -0.294672
656 666 0.445507
656 756 -0.061380
657 658 -0.385015
657 667 0.641248
657 757 -0.675282
658 659 0.805117
658 668 0.556838
658 758 0.727625
659 650 1.070432
659 669 0.347809
659 759 1.549439
660 661 0.121559
660 670 0.327104
660 760 -0.025690
661 662 -0.030587
661 671 -0.031024
661 761 -0.744362
662 663 -0.406146
662 672 0.174889
662 762 -1.107543
663 664 1.267460
663 673 1.223634
663 763 -0.960181
664 665 -0.380443
664 674 1.583671
664 764 -0.530598
665 666 0.295227
665 675 1.122076
665 765 0.518708
666 667 1.650922
666 676 1.345539
666 766 0.985295
667 668 0.738195
667 677 1.445730
667 767 -2.388538
668 669 0.675378
668 678 -0.747193
668 768 -1.335628
669 660 1.731074
669 679 -0.868825
669 769 0.429576
670 671 -2.354059
670 680 0.953834
670 770 0.010521
671 672 -2.098114
671 681 0.012956
671 771 0.493901
672 673 0.040986
672 682 -0.160958
672 772 1.443240
673 674 1.137603
673 683 -1.035564
673 773 -0.684951
674 675 -0.478392
674 684 0.305057
674 774 1.342461
675 676 0.251047
675 685 0.377293
675 775 -0.029584
676 677 0.634607
676 686 0.919411
676 776 0.073769
677 678 1.312739
677 687 1.309755
677 777 -0.091121
678 679 -0.366171
678 688 0.354907
678 778 0.459793
679 670 -0.267205
679 689 1.538957
679 779 -1.578785
680 681 -0.344253
680 690 -0.169174
680 780 0.246250
681 682 0.592693
681 691 -1.144651
681 781 -0.200235
682 683 -0.910986
682 692 0.183332
682 782 -1.196837
683 684 -0.882586
683 693 0.973089
683 783 -0.951798
684 685 -0.196998
684 694 1.049182
684 784 0.176413
685 686 -0.153910
685 695 0.609049
685 785 0.330873
686 687 0.658700
686 696 0.302229
686 786 -1.251070
687 688 0.440599
687 697 -0.435008
687 787 -1.327560
688 689 -0.178301
688 698 0.108659
688 788 0.193022
689 680 0.853317
689 699 -0.633827
689 789 -0.774666
690 691 0.995354
690 600 -1.401428
690 790 0.980536
691 692 -0.771320
691 601 -0.850569
691 791 -0.470656
692 693 0.312566
692 602 -0.681595
692 792 0.357056
693 694 -0.336285
693 603 -1.640499
693 793 -0.565679
694 695 0.501139
694 604 0.435541
694 794 -1.728437
695 696 2.016188
695 605 0.432008
695 795 -0.135311
696 697 0.448128
696 606 1.099614
696 796 1.148758
697 698 -0.677769
697 607 -0.014356
697 797 -0.450476
698 699 0.355035
698 608 0.449589
698 798 -0.041268
699 690 -1.240907
699 609 -0.495530
699 799 -0.462824
700 701 -0.162358
700 710 1.646716
700 800 -0.789736
701 702 1.064748
701 711 0.197172
701 801 -0.021496
702 703 -0.177023
702 712 -0.156408
702 802 1.175277
703 704 -1.368835
703 713 -1.015585
703 803 0.237697
704 705 1.275444
704 714 -0.455917
704 804 3.409150
705 706 -0.626673
705 715 0.167611
705 805 0.565608
706 707 -1.275198
706 716 1.312376
706 806 -0.867208
707 708 0.426177
707 717 0.358245
707 807 0.171553
708 709 0.750848
708 718 0.423796
708 808 -0.329787
709 700 -0.384934
709 719 -0.395136
709 809 -2.020642
710 711 0.475499
710 720 -1.832686
710 810 -0.341493
711 712 1.537268
711 721 0.164748
711 811 0.830421
712 713 -0.140171
712 722 0.829128
712 812 2.032412
713 714 -1.610149
713 723 -0.351653
713 813 -0.490671
714 715 -0.463964
714 724 -0.833480
714 814 0.087265
715 716 -0.179655
715 725 0.639157
715 815 -1.618461
716 717 -1.344517
716 726 0.770116
716 816 -0.680973
717 718 -1.139603
717 727 -0.719469
717 817 0.130199
718 719 0.073918
718 728 0.351857
718 818 -1.006856
719 710 -2.233118
719 729 -1.957390
719 819 1.298961
720 721 0.535312
720 730 -1.242188
720 820 -0.925208
721 722 1.199877
721 731 1.490047
721 821 -1.103054
722 723 0.489972
722 732 -1.964868
722 822 -1.664052
723 724 -0.504242
723 733 0.600287
723 823 1.883278
724 725 1.874324
724 734 1.943316
724 824 0.907928
725 726 0.851080
725 735 0.288967
725 825 0.779330
726 727 0.842573
726 736 -0.496921
726 826 0.516865
727 728 -2.413745
727 737 1.180089
727 827 0.704857
728 729 0.881292
728 738 -1.425031
728 828 0.609955
729 720 0.215517
729 739 -1.345192
729 829 -0.760421
730 731 1.753858
730 740 0.913090
730 830 0.077565
731 732 -1.877380
731 741 1.682113
731 831 0.023655
732 733 0.413425
732 742 -1.065576
732 832 -0.637616
733 734 0.531902
733 743 -0.805481
733 833 -0.048550
734 735 -1.163001
734 744 0.639268
734 834 1.663873
735 736 0.739598
735 745 2.129712
735 835 0.319336
736 737 0.574900
736 746 0.316544
736 836 -0.960489
737 738 1.207299
737 747 0.271946
737 837 0.622358
738 739 1.194456
738 748 0.003248
738 838 0.678461
739 730 -0.501268
739 749 1.295767
739 839 -0.905158
740 741 -0.234636
740 750 -0.083837
740 840 -0.551038
741 742 1.412493
741 751 -0.479822
741 841 -1.239826
742 743 0.884464
742 752 0.372281
742 842 -1.451476
743 744 -0.353017
743 753 0.983829
743 843 -1.811775
744 745 1.902614
744 754 -0.327876
744 844 -0.934991
745 746 0.050766
745 755 2.324061
745 845 -0.288018
746 747 -0.028512
746 756 -0.234160
746 846 2.361653
747 748 -1.135189
747 757 -1.368510
747 847 -1.192877
748 749 1.416821
748 758 0.973435
748 848 -1.191675
749 740 -1.581784
749 759 2.796076
749 849 -0.270178
750 751 -0.322765
750 760 -0.455223
750 850 1.778716
751 752 1.115836
751 761 0.594201
751 851 0.379127
752 753 1.110209
752 762 -0.114979
752 852 0.664223
753 754 -2.152704
753 763 -0.512718
753 853 0.127927
754 755 -0.157057
754 764 1.195955
754 854 0.070345
755 756 1.031621
755 765 0.883001
755 855 -1.186212
756 757 0.013416
756 766 0.200232
756 856 0.429838
757 758 1.832073
757 767 1.123229
757 857 0.136733
758 759 -0.872509
758 768 0.762729
758 858 -0.031382
759 750 -1.701410
759 769 0.601519
759 859 -0.344619
760 761 1.680994
760 770 1.118141
760 860 1.061634
761 762 -0.932828
761 771 -0.440249
761 861 -0.954990
762 763 -1.898973
762 772 -0.708962
762 862 0.030819
763 764 -1.789427
763 773 0.168423
763 863 0.022257
764 765 0.621739
764 774 -1.117623
764 864 1.345266
765 766 -0.089991
765 775 0.173138
765 865 0.129163
766 767 0.695046
766 776 -0.432013
766 866 1.876071
767 768 0.043118
767 777 -0.507186
767 867 -0.274999
768 769 -1.247043
768 778 -0.233852
768 868 0.480185
769 760 1.164882
769 779 -0.459504
769 869 0.001956
770 771 -0.421505
770 780 -1.515174
770 870 0.880307
771 772 0.010134
771 781 0.111354
771 871 -1.221364
772 773 -0.126839
772 782 -0.289183
772 872 -0.138585
773 774 -0.089234
773 783 -0.250196
773 873 -0.210617
774 775 1.023255
774 784 -1.895023
774 874 0.036231
775 776 -0.822229
775 785 -0.329337
775 875 1.389004
776 777 0.495969
776 786 1.156424
776 876 -0.310186
777 778 0.430857
777 787 -0.746248
777 877 -0.898602
778 779 -0.748432
778 788 -0.204430
778 878 0.509083
779 770 0.161273
779 789 2.074808
779 879 -0.016568
780 781 1.083887
780 790 -0.945236
780 880 0.392431
781 782 0.412882
781 791 -1.343651
781 881 0.459477
782 783 -0.072331
782 792 -0.397123
782 882 -1.178935
783 784 -0.463350
783 793 0.563817
783 883 0.934947
784 785 -0.712568
784 794 -0.579443
784 884 0.370670
785 786 -1.282655
785 795 0.404625
785 885 1.887673
786 787 2.130654
786 796 -0.533804
786 886 -0.149882
787 788 -0.304792
787 797 0.408181
787 887 -0.530471
788 789 0.139998
788 798 1.305652
788 888 -0.163012
789 780 1.611147
789 799 -0.476304
789 889 0.696423
790 791 -0.948838
790 700 0.037356
790 890 -0.164914
791 792 0.003953
791 701 -0.863268
791 891 -1.019127
792 793 -0.923952
792 702 -1.511679
792 892 -0.125915
793 794 -1.456136
793 703 -2.075516
793 893 0.871799
794 795 -0.147361
794 704 1.445298
794 894 1.649288
795 796 0.117487
795 705 -0.076800
795 895 0.160546
796 797 -0.856896
796 706 0.221087
796 896 1.623265
797 798 -1.865750
797 707 -0.551045
797 897 -1.529898
798 799 -2.165161
798 708 -0.936264
798 898 -0.566906
799 790 -0.621654
799 709 0.398911
799 899 -1.118247
800 801 0.430822
800 810 -2.299636
800 900 1.102162
801 802 0.712266
801 811 0.931071
801 901 -2.689417
802 803 0.443974
802 812 0.265089
802 902 -0.649217
803 804 0.876996
803 813 -0.447931
803 903 -1.021193
804 805 0.878239
804 814 -1.711697
804 904 0.551107
805 806 0.070907
805 815 0.507869
805 905 1.942645
806 807 1.873564
806 816 -1.300103
806 906 0.127000
807 808 -1.297673
807 817 -0.394895
807 907 0.953087
808 809 0.369762
808 818 -0.531074
808 908 -0.762058
809 800 0.442127
809 819 0.676821
809 909 -0.658980
810 811 -0.214622
810 820 -0.026091
810 910 0.053773
811 812 1.071260
811 821 -1.963936
811 911 -0.133097
812 813 -0.229158
812 822 -1.858216
812 912 -0.784260
813 814 1.300997
813 823 -0.168309
813 913 -1.080257
814 815 -0.707063
814 824 -0.594431
814 914 -0.008157
815 816 -0.401837
815 825 -0.018294
815 915 0.756725
816 817 1.424052
816 826 -0.636733
816 916 -0.492255
817 818 -1.624941
817 827 -0.404200
817 917 0.156198
818 819 0.447807
818 828 0.999976
818 918 -0.225672
819 810 -0.176443
819 829 1.077913
819 919 0.684689
820 821 -1.323532
820 830 1.762820
820 920 -0.334504
821 822 -0.051190
821 831 0.118053
821 921 -0.889561
822 823 0.305487
822 832 1.086450
822 922 -1.165510
823 824 0.693078
823 833 0.897343
823 923 -1.024909
824 825 -0.507293
824 834 1.268049
824 924 -0.763366
825 826 0.472611
825 835 0.746592
825 925 -0.505770
826 827 0.735358
826 836 1.699859
826 926 -1.203061
827 828 -0.625262
827 837 -1.185712
827 927 1.092683
828 829 0.390696
828 838 0.452040
828 928 -1.702827
829 820 -1.027741
829 839 0.146989
829 929 0.834123
830 831 -0.559732
830 840 0.841450
830 930 0.139750
831 832 -0.301159
831 841 -0.145522
831 931 -0.250456
832 833 -1.155098
832 842 0.281400
832 932 0.133655
833 834 0.861941
833 843 -0.902266
833 933 0.198738
834 835 -0.430023
834 844 -0.609831
834 934 -1.704949
835 836 -0.142165
835 845 -1.519651
835 935 -0.308634
836 837 1.413635
836 846 1.014986
836 936 -0.658757
837 838 0.634552
837 847 0.425941
837 937 -0.770721
838 839 2.437730
838 848 0.800571
838 938 0.794656
839 830 -0.703860
839 849 0.467677
839 939 -0.171241
840 841 -1.359781
840 850 -0.763924
840 940 -0.954470
841 842 0.495671
841 851 0.767553
841 941 -1.137406
842 843 0.480451
842 852 -0.041402
842 942 -0.000578
843 844 1.424621
843 853 0.328822
843 943 0.609657
844 845 0.677900
844 854 -2.019988
844 944 0.616924
845 846 -0.527027
845 855 0.348520
845 945 -2.725122
846 847 1.235507
846 856 -0.146467
846 946 -0.407356
847 848 1.844966
847 857 -0.582128
847 947 -0.736599
848 849 -0.264168
848 858 1.465030
848 948 -1.126884
849 840 0.350505
849 859 -0.544982
849 949 -1.455817
850 851 0.317549
850 860 0.354854
850 950 -1.997181
851 852 0.171756
851 861 -1.193236
851 951 -1.383950
852 853 -1.389091
852 862 -0.492738
852 952 -0.147169
853 854 0.004214
853 863 0.042952
853 953 0.503558
854 855 -0.332996
854 864 -0.004897
854 954 1.391821
855 856 1.376621
855 865 0.127362
855 955 0.069778
856 857 -0.309474
856 866 0.015999
856 956 -0.636645
857 858 0.172477
857 867 0.407557
857 957 0.306716
858 859 -0.188942
858 868 -0.533328
858 958 1.639398
859 850 -1.460649
859 869 0.657246
859 959 1.531266
860 861 -0.260500
860 870 1.334784
860 960 -0.454698
861 862 0.801716
861 871 0.192760
861 961 -0.708669
862 863 -1.040039
862 872 0.807562
862 962 1.051928
863 864 -0.430306
863 873 1.614034
863 963 1.194039
864 865 1.287329
864 874 -0.772100
864 964 1.098067
865 866 0.274249
865 875 0.271406
865 965 0.143072
866 867 0.951929
866 876 -0.538678
866 966 -0.060786
867 868 -1.370724
867 877 -0.918134
867 967 0.421210
868 869 -1.357469
868 878 -0.437904
868 968 -1.234760
869 860 3.219199
869 879 -0.337422
869 969 -2.041915
870 871 -0.217031
870 880 0.545191
870 970 1.256363
871 872 -0.647916
871 881 -0.793964
871 971 0.002940
872 873 -0.526241
872 882 1.362746
872 972 0.670174
873 874 0.436185
873 883 1.175887
873 973 -0.469289
874 875 -0.481974
874 884 1.087956
874 974 -0.346359
875 876 -0.046528
875 885 0.145832
875 975 0.704771
876 877 1.100033
876 886 -0.490442
876 976 0.356164
877 878 -2.267673
877 887 -0.783769
877 977 0.547374
878 879 0.388288
878 888 -2.123301
878 978 -1.823746
879 870 0.372563
879 889 -0.139001
879 979 -0.264901
880 881 0.481281
880 890 0.556543
880 980 -0.221195
881 882 -0.221003
881 891 -0.329533
881 981 -1.702558
882 883 0.897386
882 892 -0.233580
882 982 -0.634264
883 884 0.937019
883 893 -0.205829
883 983 -1.389735
884 885 -0.470354
884 894 1.152025
884 984 -0.773244
885 886 0.177512
885 895 -0.941832
885 985 -0.565026
886 887 -1.179249
886 896 0.043354
886 986 0.429331
887 888 1.689618
887 897 0.590581
887 987 0.670616
888 889 0.067985
888 898 -1.114196
888 988 -1.217608
889 880 -0.268820
889 899 -0.677999
889 989 -0.824621
890 891 -0.252082
890 800 -0.151852
890 990 -0.425779
891 892 0.756729
891 801 -0.280973
891 991 -0.673171
892 893 -0.873551
892 802 1.096603
892 992 -0.347443
893 894 -0.666410
893 803 1.454885
893 993 0.881711
894 895 0.848511
894 804 0.986166
894 994 -1.782018
895 896 0.832656
895 805 1.355421
895 995 1.525135
896 897 -0.754686
896 806 0.055352
896 996 -0.889324
897 898 0.041889
897 807 -0.147902
897 997 -0.758600
898 899 -0.790955
898 808 0.345939
898 998 0.428943
899 890 -1.284917
899 809 0.082805
899 999 -0.945852
900 901 1.061273
900 910 -0.526159
900 0 1.317814
901 902 0.902559
901 911 0.698081
901 1 -0.131593
902 903 -0.789830
902 912 -0.029559
902 2 0.758204
903 904 -1.881940
903 913 -0.556951
903 3 -0.736492
904 905 -0.414436
904 914 -1.185537
904 4 -1.073680
905 906 -1.476691
905 915 -1.088960
905 5 0.586820
906 907 1.261965
906 916 -1.295611
906 6 1.094809
907 908 -0.914269
907 917 0.672967
907 7 1.235202
908 909 0.860811
908 918 -0.941044
908 8 0.735521
909 900 0.606972
909 919 1.209622
909 9 0.580400
910 911 -1.383566
910 920 -0.251433
910 10 -1.468692
911 912 0.009009
911 921 -1.289700
911 11 1.226994
912 913 -0.643931
912 922 -1.212360
912 12 0.538586
913 914 1.599401
913 923 -0.185882
913 13 -1.795811
914 915 1.411880
914 924 0.041069
914 14 0.190458
915 916 -1.485129
915 925 -2.390351
915 15 1.001381
916 917 1.579830
916 926 -1.187484
916 16 -0.951155
917 918 -0.472662
917 927 -0.591767
917 17 -1.620911
918 919 -0.791751
918 928 0.592166
918 18 0.766610
919 910 -0.768355
919 929 -2.336028
919 19 0.815988
920 921 0.259534
920 930 -1.997737
920 20 -0.292610
921 922 -0.401389
921 931 1.237784
921 21 0.164912
922 923 2.059541
922 932 -0.071384
922 22 0.358809
923 924 -0.683938
923 933 -0.278250
923 23 -1.200643
924 925 -1.176316
924 934 -0.964705
924 24 -0.801571
925 926 -0.216290
925 935 -1.142041
925 25 0.785284
926 927 1.618231
926 936 -0.416660
926 26 0.499857
927 928 2.297970
927 937 2.325199
927 27 0.687044
928 929 0.573060
928 938 -0.677399
928 28 1.544523
929 920 0.511953
929 939 0.721899
929 29 -0.919097
930 931 -0.838637
930 940 0.999278
930 30 -1.003559
931 932 2.501015
931 941 -1.412384
931 31 -0.251409
932 933 0.743762
932 942 -0.855554
932 32 -0.748620
933 934 0.271230
933 943 0.235025
933 33 -1.192958
934 935 -1.346678
934 944 -1.531627
934 34 -0.420672
935 936 1.021841
935 945 -0.956352
935 35 0.567663
936 937 0.338342
936 946 0.178526
936 36 -0.119000
937 938 0.352581
937 947 0.003765
937 37 -0.979823
938 939 -0.252023
938 948 -1.266041
938 38 -1.644638
939 930 0.804667
939 949 -0.182324
939 39 0.510639
940 941 1.308435
940 950 0.639361
940 40 0.467108
941 942 0.184649
941 951 -0.670328
941 41 -0.010906
942 943 -0.407203
942 952 0.235678
942 42 0.685834
943 944 1.503116
943 953 0.900890
943 43 -0.639754
944 945 -0.986155
944 954 0.840464
944 44 1.048084
945 946 -0.654819
945 955 1.010636
945 45 -0.605742
946 947 -2.198654
946 956 -0.407569
946 46 -0.437140
947 948 1.246055
947 957 -1.875734
947 47 -2.188970
948 949 1.555275
948 958 -2.114589
948 48 -0.356018
949 940 -0.233089
949 959 2.653853
949 49 -0.910700
950 951 -0.236845
950 960 1.697013
950 50 -0.676685
951 952 2.367549
951 961 -1.698358
951 51 -0.404641
952 953 1.134325
952 962 0.839009
952 52 -1.962710
953 954 0.233640
953 963 1.521629
953 53 1.583980
954 955 1.338584
954 964 3.004588
954 54 0.184720
955 956 1.746713
955 965 -0.134099
955 55 -0.420813
956 957 -0.420601
956 966 1.933334
956 56 -1.899452
957 958 1.119233
957 967 -0.111871
957 57 1.468889
958 959 0.738586
958 968 -0.424246
958 58 -0.393676
959 950 -0.046373
959 969 -2.999685
959 59 1.149645
960 961 -1.697229
960 970 -0.822186
960 60 -1.441618
961 962 -0.358015
961 971 -0.117527
961 61 1.439706
962 963 -1.571188
962 972 1.036856
962 62 -1.621191
963 964 1.636459
963 973 -0.128269
963 63 0.320562
964 965 -1.234327
964 974 -0.410643
964 64 -0.908589
965 966 -0.378132
965 975 0.754058
965 65 0.938599
966 967 -0.596497
966 976 0.132384
966 66 -0.168654
967 968 0.407514
967 977 0.632845
967 67 2.330098
968 969 -0.582047
968 978 0.123384
968 68 -1.136818
969 960 -0.094003
969 979 -1.836559
969 69 -1.269987
970 971 -0.664030
970 980 -0.875827
970 70 0.389485
971 972 0.823433
971 981 0.701275
971 71 1.110991
972 973 -1.881477
972 982 -1.384236
972 72 0.810394
973 974 -0.688148
973 983 -0.263567
973 73 2.148990
974 975 1.112804
974 984 0.844738
974 74 1.026348
975 976 -0.132751
975 985 -0.012375
975 75 0.082399
976 977 1.264719
976 986 0.455731
976 76 0.793310
977 978 -1.288497
977 987 -1.388727
977 77 -1.572699
978 979 -0.262295
978 988 0.613594
978 78 1.119806
979 970 0.687711
979 989 -1.587269
979 79 -1.285399
980 981 0.405581
980 990 -0.316529
980 80 0.622381
981 982 0.898690
981 991 1.325456
981 81 -0.168848
982 983 0.682184
982 992 -0.807787
982 82 0.150145
983 984 -0.588541
983 993 0.453909
983 83 0.330924
984 985 -0.804753
984 994 -0.384355
984 84 -1.178886
985 986 -0.122212
985 995 0.430070
985 85 -0.203913
986 987 0.201622
986 996 -0.348361
986 86 -0.206473
987 988 -0.041538
987 997 0.066955
987 87 1.802160
988 989 -1.114248
988 998 2.217335
988 88 0.752731
989 980 -0.383446
989 999 0.744649
989 89 1.036963
990 991 -0.195292
990 900 2.313894
990 90 0.431517
991 992 -0.144089
991 901 0.727797
991 91 0.279763
992 993 1.075221
992 902 -0.815563
992 92 -0.194041
993 994 0.856658
993 903 0.427489
993 93 -1.207197
994 995 -1.613777
994 904 -0.272953
994 94 -0.803670
995 996 -0.048225
995 905 0.550855
995 95 -0.054485
996 997 -0.256195
996 906 0.594094
996 96 1.771631
997 998 1.076473
997 907 0.344016
997 97 -0.950497
998 999 0.980802
998 908 0.714311
998 98 -0.533464
999 990 0.949832
999 909 1.451595
999 99 0.338546
