0 1 0.679809
0 10 -1.080406
0 100 -1.644889
1 2 0.217528
1 11 -0.475325
1 101 -0.850780
2 3 1.027283
2 12 0.859386
2 102 -0.340862
3 4 1.611050
3 13 -0.443931
3 103 -0.393968
4 5 0.525805
4 14 0.138308
4 104 -1.117478
5 6 0.398127
5 15 -0.797412
5 105 0.503332
6 7 1.046524
6 16 -0.251327
6 106 0.236095
7 8 0.005038
7 17 2.273879
7 107 0.030897
8 9 -0.903553
8 18 0.533473
8 108 1.093900
9 0 0.095255
9 19 -1.539030
9 109 1.422021
10 11 0.120510
10 20 -0.849974
10 110 -0.139209
11 12 0.932013
11 21 -0.664626
11 111 0.200960
12 13 -2.219504
12 22 -1.325234
12 112 -1.017752
13 14 0.858466
13 23 -0.333410
13 113 0.664982
14 15 0.772504
14 24 -1.313064
14 114 0.682659
15 16 0.413292
15 25 -0.628302
15 115 0.186222
16 17 -0.681221
16 26 0.264457
16 116 -0.937420
17 18 -0.987710
17 27 0.638372
17 117 -0.813904
18 19 -0.139943
18 28 -1.581056
18 118 -1.772900
19 10 1.100120
19 29 0.647665
19 119 -0.886566
20 21 0.739134
20 30 -0.502788
20 120 0.342303
21 22 -1.114539
21 31 -2.612301
21 121 -0.123642
22 23 -0.440762
22 32 -1.976086
22 122 0.013668
23 24 0.546323
23 33 -2.409234
23 123 -0.188945
24 25 0.991544
24 34 -1.255237
24 124 -0.965559
25 26 -1.254477
25 35 0.471106
25 125 2.065687
26 27 0.447954
26 36 -1.143432
26 126 -0.523937
27 28 1.550075
27 37 1.626392
27 127 0.235165
28 29 -0.017191
28 38 0.263679
28 128 -0.848676
29 20 -0.789706
29 39 -0.765690
29 129 0.775804
30 31 -2.905603
30 40 -0.177893
30 130 0.089277
31 32 1.159553
31 41 0.808184
31 131 -1.355102
32 33 0.297843
32 42 -0.255221
32 132 -1.221128
33 34 -0.549835
33 43 -1.313172
33 133 0.533149
34 35 0.154034
34 44 1.347735
34 134 2.825423
35 36 -0.751347
35 45 -0.447553
35 135 -0.098407
36 37 -0.077164
36 46 0.000790
36 136 0.345525
37 38 -1.733867
37 47 0.047394
37 137 -0.072685
38 39 -0.129347
38 48 1.673790
38 138 -1.159139
39 30 -1.080041
39 49 -0.724889
39 139 0.059425
40 41 1.980664
40 50 -1.170148
40 140 -0.570067
41 42 0.538088
41 51 -0.330924
41 141 0.770252
42 43 1.401250
42 52 1.042685
42 142 0.090164
43 44 -1.012249
43 53 0.291506
43 143 0.323471
44 45 1.845879
44 54 -0.063805
44 144 -0.295225
45 46 -1.219359
45 55 1.560834
45 145 0.605550
46 47 1.549182
46 56 -0.182691
46 146 0.002373
47 48 -1.831459
47 57 0.444959
47 147 0.780387
48 49 0.551315
48 58 0.555997
48 148 -0.871567
49 40 -0.262267
49 59 2.172632
49 149 0.375900
50 51 -1.024846
50 60 0.008837
50 150 -1.037843
51 52 -0.312094
51 61 0.099748
51 151 0.093894
52 53 -0.108271
52 62 0.622701
52 152 0.922371
53 54 -0.074967
53 63 -1.121346
53 153 0.649881
54 55 -0.448729
54 64 -0.100203
54 154 -0.112564
55 56 0.702468
55 65 -1.904998
55 155 -0.406901
56 57 1.020452
56 66 -0.232184
56 156 -1.179860
57 58 -0.214793
57 67 0.257309
57 157 -0.628162
58 59 2.110627
58 68 -1.513683
58 158 0.943317
59 50 -0.137197
59 69 -0.262462
59 159 -0.357343
60 61 1.210554
60 70 -0.507898
60 160 0.906328
61 62 0.849306
61 71 0.590523
61 161 0.573557
62 63 1.188097
62 72 1.307938
62 162 -2.040121
63 64 -0.313032
63 73 0.867593
63 163 -0.835600
64 65 -0.692522
64 74 -0.433598
64 164 0.065705
65 66 0.346308
65 75 0.987204
65 165 -0.170159
66 67 -0.743573
66 76 -0.042459
66 166 0.526340
67 68 0.466456
67 77 -0.350964
67 167 1.258562
68 69 -2.407023
68 78 -1.977118
68 168 0.653176
69 60 0.000223
69 79 0.177438
69 169 -1.403259
70 71 -0.357102
70 80 0.221066
70 170 0.161552
71 72 -0.103975
71 81 1.658392
71 171 -0.640674
72 73 0.320827
72 82 -0.368942
72 172 -0.984650
73 74 -0.945100
73 83 -0.606346
73 173 0.806397
74 75 0.110752
74 84 0.547187
74 174 -0.608578
75 76 0.671879
75 85 -0.973966
75 175 -2.112010
76 77 -0.357703
76 86 -1.402741
76 176 -0.368459
77 78 1.009901
77 87 0.876878
77 177 0.519615
78 79 0.786785
78 88 1.341541
78 178 1.930668
79 70 -0.114794
79 89 -2.016419
79 179 -1.075880
80 81 -1.488945
80 90 0.981925
80 180 1.267268
81 82 1.161077
81 91 -1.184341
81 181 0.686936
82 83 0.440764
82 92 -0.803127
82 182 0.413098
83 84 0.667752
83 93 -0.014461
83 183 -0.055630
84 85 0.102140
84 94 -0.431023
84 184 1.536388
85 86 1.171596
85 95 -0.419684
85 185 0.612034
86 87 -0.640590
86 96 0.475353
86 186 0.975437
87 88 -1.644684
87 97 -0.063069
87 187 0.407454
88 89 -1.226282
88 98 0.919928
88 188 0.140695
89 80 0.094351
89 99 -0.199970
89 189 -1.527851
90 91 1.074985
90 0 -0.116108
90 190 0.045012
91 92 -0.679754
91 1 0.864231
91 191 1.215407
92 93 0.314828
92 2 0.578657
92 192 0.373134
93 94 -2.220303
93 3 -0.874911
93 193 0.772983
94 95 -2.004275
94 4 0.222173
94 194 -3.257843
95 96 1.412125
95 5 1.091240
95 195 2.645287
96 97 -0.226958
96 6 -0.198736
96 196 0.009473
97 98 -0.267337
97 7 1.388218
97 197 -0.071589
98 99 -0.502137
98 8 1.623206
98 198 -2.388793
99 90 0.412808
99 9 0.172635
99 199 0.710123
100 101 0.133529
100 110 0.868123
100 200 -0.017116
101 102 1.422668
101 111 0.680205
101 201 -0.721140
102 103 -0.404438
102 112 0.503074
102 202 0.156867
103 104 -0.299546
103 113 2.302651
103 203 0.230176
104 105 0.973256
104 114 -0.251562
104 204 0.760507
105 106 -0.130875
105 115 -0.938329
105 205 -0.203621
106 107 -0.784345
106 116 -2.089549
106 206 -0.038928
107 108 0.498510
107 117 -0.136704
107 207 1.100745
108 109 0.282532
108 118 -0.524319
108 208 -0.497557
109 100 1.078296
109 119 1.454223
109 209 -0.638715
110 111 -0.511021
110 120 0.877120
110 210 0.538098
111 112 -0.132139
111 121 1.401768
111 211 1.647860
112 113 -1.095002
112 122 0.967163
112 212 -0.294632
113 114 -1.231245
113 123 0.020483
113 213 -1.580536
114 115 1.616227
114 124 -0.926711
114 214 0.664532
115 116 0.986877
115 125 -0.725551
115 215 0.811696
116 117 0.236433
116 126 -0.366643
116 216 2.373793
117 118 -0.847944
117 127 2.152422
117 217 0.737782
118 119 0.615491
118 128 -0.089396
118 218 -1.070292
119 110 0.321226
119 129 -0.272102
119 219 1.239025
120 121 -0.432504
120 130 -0.220480
120 220 -1.387796
121 122 1.384369
121 131 0.226852
121 221 -0.327784
122 123 0.567055
122 132 -0.084555
122 222 1.304537
123 124 -0.198206
123 133 -0.068939
123 223 -0.390001
124 125 -0.695036
124 134 -1.768663
124 224 0.144722
125 126 1.032033
125 135 -0.600484
125 225 -0.294253
126 127 0.177359
126 136 0.199017
126 226 -1.661012
127 128 -1.839610
127 137 1.889258
127 227 1.466990
128 129 -0.703450
128 138 0.501814
128 228 -2.064764
129 120 0.014814
129 139 0.256293
129 229 -1.043447
130 131 0.480767
130 140 0.297318
130 230 0.207554
131 132 0.162802
131 141 0.503690
131 231 -0.402227
132 133 -0.839425
132 142 -2.072738
132 232 0.637237
133 134 0.971636
133 143 -1.875751
133 233 -0.948683
134 135 0.096826
134 144 0.736086
134 234 0.165449
135 136 0.944252
135 145 0.166575
135 235 0.044847
136 137 -0.841804
136 146 0.642918
136 236 0.885163
137 138 -0.307623
137 147 1.344090
137 237 -0.246876
138 139 1.243733
138 148 -1.361188
138 238 -0.994407
139 130 0.684338
139 149 -1.231909
139 239 1.502157
140 141 0.145781
140 150 -2.281962
140 240 1.129978
141 142 0.291303
141 151 0.439443
141 241 0.368895
142 143 -0.598511
142 152 -1.534671
142 242 0.411997
143 144 -0.900810
143 153 0.680931
143 243 -0.388155
144 145 0.503788
144 154 -0.164651
144 244 0.147162
145 146 -0.715142
145 155 -2.324252
145 245 0.992092
146 147 0.059590
146 156 0.681740
146 246 1.328005
147 148 0.136548
147 157 0.406802
147 247 1.072973
148 149 0.515418
148 158 -2.511335
148 248 0.066357
149 140 0.100419
149 159 0.284599
149 249 -1.657586
150 151 1.285758
150 160 0.583532
150 250 0.348007
151 152 -1.237353
151 161 -0.752772
151 251 0.926241
152 153 -1.308695
152 162 -1.004956
152 252 -1.485608
153 154 -0.261978
153 163 -0.486579
153 253 0.764650
154 155 0.563811
154 164 -0.514477
154 254 -0.454461
155 156 0.164366
155 165 0.729282
155 255 -0.661678
156 157 -1.223395
156 166 -0.222383
156 256 -0.495132
157 158 1.497026
157 167 0.629128
157 257 1.357209
158 159 1.660426
158 168 -0.118523
158 258 0.801747
159 150 -1.311218
159 169 1.740423
159 259 -0.712220
160 161 -0.945615
160 170 0.725576
160 260 1.102575
161 162 0.851341
161 171 -1.058608
161 261 1.863087
162 163 1.215130
162 172 1.110587
162 262 0.245948
163 164 -0.706999
163 173 0.039586
163 263 -0.583357
164 165 -1.276994
164 174 -0.397426
164 264 -0.356820
165 166 0.724745
165 175 1.113275
165 265 1.133907
166 167 1.052385
166 176 -1.519189
166 266 -0.950345
167 168 -0.474199
167 177 0.823885
167 267 0.667303
168 169 -1.546495
168 178 0.094755
168 268 1.991392
169 160 1.294759
169 179 -0.467437
169 269 -0.644275
170 171 0.118555
170 180 -0.082713
170 270 -0.405224
171 172 -1.401967
171 181 -0.688788
171 271 -2.008425
172 173 -0.454542
172 182 0.464243
172 272 -0.276140
173 174 -0.218256
173 183 -0.769812
173 273 1.252591
174 175 0.936978
174 184 -2.137980
174 274 0.447615
175 176 -1.414316
175 185 0.848380
175 275 -0.175520
176 177 1.380011
176 186 -0.188590
176 276 -0.766375
177 178 0.338224
177 187 2.377492
177 277 -0.896113
178 179 1.264088
178 188 -0.952345
178 278 -0.123605
179 170 1.438906
179 189 0.256876
179 279 -0.849033
180 181 1.093809
180 190 1.103427
180 280 -0.317556
181 182 1.303009
181 191 0.495001
181 281 -1.597572
182 183 1.483686
182 192 -0.387925
182 282 1.365073
183 184 0.104930
183 193 0.116691
183 283 -1.511797
184 185 0.833964
184 194 -1.307385
184 284 0.126234
185 186 -1.041769
185 195 -0.702718
185 285 -2.178715
186 187 0.500250
186 196 0.523463
186 286 -0.133662
187 188 1.457196
187 197 1.271394
187 287 0.792746
188 189 -1.106687
188 198 -1.286593
188 288 0.314246
189 180 -0.628675
189 199 -0.344117
189 289 -1.029640
190 191 0.073936
190 100 -0.313254
190 290 -0.308972
191 192 -1.215082
191 101 0.619308
191 291 -0.243377
192 193 -0.103360
192 102 -0.677328
192 292 -3.216986
193 194 0.157278
193 103 1.159549
193 293 1.188379
194 195 -0.441176
194 104 -0.165314
194 294 0.076358
195 196 -0.335876
195 105 -0.226309
195 295 -0.776266
196 197 -0.537488
196 106 0.653103
196 296 0.783279
197 198 0.138484
197 107 0.468247
197 297 -0.459052
198 199 0.000702
198 108 0.725314
198 298 -1.450792
199 190 2.714999
199 109 -1.593317
199 299 -0.150872
200 201 0.996373
200 210 -0.465004
200 300 0.620889
201 202 -0.643357
201 211 1.984330
201 301 -0.348948
202 203 0.122911
202 212 0.705919
202 302 0.445634
203 204 -1.028931
203 213 -0.425625
203 303 0.914016
204 205 -0.195501
204 214 -0.288516
204 304 0.564455
205 206 -0.489589
205 215 1.626380
205 305 -0.937156
206 207 -0.553642
206 216 0.081082
206 306 -1.499964
207 208 -1.026316
207 217 -0.645817
207 307 0.926680
208 209 -1.122549
208 218 0.407953
208 308 0.487833
209 200 -1.477188
209 219 0.657626
209 309 1.038721
210 211 0.771707
210 220 -0.342226
210 310 2.030023
211 212 -0.667503
211 221 -0.275660
211 311 -0.189694
212 213 -0.252019
212 222 -0.095638
212 312 0.266178
213 214 -0.970381
213 223 -1.030837
213 313 0.554196
214 215 -0.378237
214 224 0.201009
214 314 0.835915
215 216 -0.019225
215 225 -1.457322
215 315 -1.348319
216 217 -0.744276
216 226 -2.083547
216 316 0.331417
217 218 2.006743
217 227 1.479219
217 317 0.588057
218 219 -1.039481
218 228 -0.032545
218 318 -0.929318
219 210 -0.246629
219 229 -0.469177
219 319 -1.198374
220 221 -0.366385
220 230 0.131024
220 320 -0.385376
221 222 0.994414
221 231 0.026325
221 321 -2.221976
222 223 -0.376534
222 232 -0.442646
222 322 0.205201
223 224 -1.685489
223 233 0.404089
223 323 0.383859
224 225 -1.113320
224 234 -0.706197
224 324 1.106494
225 226 0.598283
225 235 1.677861
225 325 0.999531
226 227 0.146930
226 236 1.842016
226 326 0.383717
227 228 0.258236
227 237 0.578133
227 327 -0.346451
228 229 0.832764
228 238 -0.792099
228 328 -0.449325
229 220 -0.708680
229 239 1.266993
229 329 0.971692
230 231 3.308458
230 240 -0.223888
230 330 0.799836
231 232 -1.574701
231 241 -1.256803
231 331 0.328578
232 233 0.537098
232 242 -0.194437
232 332 -1.495377
233 234 0.309838
233 243 -2.136272
233 333 0.514348
234 235 -0.179560
234 244 -0.333199
234 334 -1.471538
235 236 0.009595
235 245 -0.123029
235 335 0.296297
236 237 0.885438
236 246 0.805151
236 336 -3.417603
237 238 2.136815
237 247 -0.008996
237 337 -1.722940
238 239 -0.401261
238 248 -0.876862
238 338 -0.065639
239 230 -0.290729
239 249 0.028956
239 339 -0.455240
240 241 -0.207921
240 250 0.831949
240 340 -1.882326
241 242 -0.079693
241 251 -0.503516
241 341 1.277438
242 243 1.173902
242 252 -1.112645
242 342 0.203726
243 244 -0.011376
243 253 -0.660328
243 343 -0.470636
244 245 1.275278
244 254 1.402550
244 344 -1.643909
245 246 -1.368523
245 255 -0.400955
245 345 0.116440
246 247 -0.033993
246 256 0.303051
246 346 -0.153219
247 248 0.728822
247 257 1.193038
247 347 -0.074133
248 249 -1.095037
248 258 0.366203
248 348 -1.474959
249 240 -0.897091
249 259 -1.059855
249 349 -0.556170
250 251 0.818120
250 260 -1.566827
250 350 0.018294
251 252 -1.334939
251 261 1.876351
251 351 -1.182330
252 253 0.177355
252 262 -0.417487
252 352 -0.630368
253 254 -0.244540
253 263 0.102928
253 353 0.801097
254 255 -0.454434
254 264 0.026378
254 354 -0.325698
255 256 -2.062698
255 265 0.410579
255 355 0.195692
256 257 -1.421628
256 266 -1.303891
256 356 -1.134030
257 258 -1.664807
257 267 1.269990
257 357 -1.613354
258 259 0.883975
258 268 -1.419134
258 358 0.264431
259 250 1.089081
259 269 -0.150871
259 359 1.239511
260 261 -0.214182
260 270 -1.626228
260 360 -0.320646
261 262 0.434348
261 271 1.995532
261 361 -0.914759
262 263 0.564122
262 272 -1.317392
262 362 -0.382472
263 264 -0.536805
263 273 -0.191701
263 363 -0.415675
264 265 -0.655992
264 274 0.873248
264 364 -1.260019
265 266 1.281593
265 275 0.717941
265 365 0.245044
266 267 0.022527
266 276 0.780466
266 366 -0.367150
267 268 2.160905
267 277 0.438353
267 367 -1.701592
268 269 1.286320
268 278 -0.014968
268 368 0.529385
269 260 -0.404427
269 279 -0.071275
269 369 -0.630831
270 271 2.463649
270 280 0.803034
270 370 -0.074928
271 272 0.489656
271 281 0.905442
271 371 2.632005
272 273 1.825036
272 282 0.179855
272 372 0.069078
273 274 -1.398723
273 283 0.696511
273 373 -1.442574
274 275 0.212127
274 284 0.209525
274 374 -0.710171
275 276 -0.599576
275 285 -0.407532
275 375 -0.565784
276 277 -2.491086
276 286 -0.404415
276 376 1.166772
277 278 -1.658458
277 287 -1.235137
277 377 -0.812735
278 279 -0.677304
278 288 -1.856454
278 378 -1.391792
279 270 -0.133538
279 289 -0.185199
279 379 -0.861393
280 281 -2.346902
280 290 1.060676
280 380 -1.715841
281 282 0.539481
281 291 0.187337
281 381 0.427284
282 283 0.514019
282 292 -1.168146
282 382 0.475957
283 284 -0.502479
283 293 0.891181
283 383 -0.428352
284 285 -2.131587
284 294 1.642622
284 384 1.319975
285 286 -1.354934
285 295 -0.397440
285 385 -1.178418
286 287 -0.267699
286 296 0.608245
286 386 -0.624779
287 288 0.182249
287 297 -0.281501
287 387 2.203602
288 289 1.482415
288 298 1.689359
288 388 -0.248716
289 280 0.259472
289 299 -0.557118
289 389 -1.488160
290 291 -0.994401
290 200 0.054413
290 390 0.258824
291 292 0.738776
291 201 -1.069652
291 391 -0.329023
292 293 -0.274065
292 202 0.960901
292 392 -0.687413
293 294 3.112281
293 203 0.275075
293 393 1.594548
294 295 -0.421524
294 204 -0.386023
294 394 0.535516
295 296 0.415472
295 205 0.311121
295 395 1.859836
296 297 0.780162
296 206 0.478728
296 396 -1.542300
297 298 0.210284
297 207 0.002052
297 397 -0.930910
298 299 0.185611
298 208 0.631721
298 398 -2.017299
299 290 -1.368663
299 209 0.122847
299 399 0.876473
300 301 -1.181464
300 310 0.511727
300 400 -0.869552
301 302 0.128386
301 311 0.436155
301 401 -0.143093
302 303 -0.724291
302 312 -0.722083
302 402 -0.803625
303 304 1.154755
303 313 0.717257
303 403 -0.175778
304 305 0.422323
304 314 -0.671955
304 404 1.476556
305 306 0.448441
305 315 -2.150417
305 405 0.187648
306 307 1.109942
306 316 -1.660395
306 406 0.037909
307 308 -1.322582
307 317 0.619347
307 407 1.331090
308 309 -1.028741
308 318 -2.259346
308 408 -0.694453
309 300 0.857631
309 319 -1.092124
309 409 -0.607797
310 311 -0.962661
310 320 1.061847
310 410 0.073364
311 312 -0.511953
311 321 1.914799
311 411 1.299494
312 313 0.512863
312 322 -0.109973
312 412 -0.915230
313 314 -0.145336
313 323 1.451988
313 413 -0.173406
314 315 1.299200
314 324 -1.749256
314 414 0.620596
315 316 0.514984
315 325 -0.257159
315 415 1.913173
316 317 1.015000
316 326 0.812051
316 416 1.898268
317 318 1.128634
317 327 1.509956
317 417 -1.277745
318 319 -0.912474
318 328 1.478845
318 418 -1.602672
319 310 1.128987
319 329 0.776821
319 419 -1.193015
320 321 -0.925257
320 330 -0.485777
320 420 0.924384
321 322 0.013547
321 331 -0.796789
321 421 -1.820359
322 323 -0.909625
322 332 -2.118171
322 422 1.074982
323 324 0.051015
323 333 -2.018799
323 423 -0.152692
324 325 1.368955
324 334 -0.304208
324 424 -0.731807
325 326 -0.443271
325 335 -0.457824
325 425 1.758760
326 327 -0.191382
326 336 -0.098924
326 426 0.302956
327 328 -0.519555
327 337 0.917267
327 427 0.560595
328 329 2.026934
328 338 -2.055496
328 428 -0.859456
329 320 0.231852
329 339 -0.591999
329 429 -0.334461
330 331 1.279449
330 340 -0.090498
330 430 1.320442
331 332 2.533757
331 341 -1.341608
331 431 -0.475234
332 333 -0.431287
332 342 -0.468699
332 432 0.459101
333 334 0.105037
333 343 0.076904
333 433 -0.093379
334 335 0.467621
334 344 1.046186
334 434 -0.395459
335 336 -0.053384
335 345 0.096667
335 435 -1.115897
336 337 -2.528619
336 346 1.490411
336 436 0.683986
337 338 -0.222368
337 347 -0.751620
337 437 -1.128106
338 339 1.651155
338 348 0.432077
338 438 0.075192
339 330 0.032446
339 349 -0.150685
339 439 -0.934856
340 341 -1.210704
340 350 -0.300157
340 440 0.897582
341 342 -1.729363
341 351 -1.086625
341 441 0.360718
342 343 -0.575167
342 352 0.513342
342 442 0.294003
343 344 -0.726303
343 353 -0.717402
343 443 1.131204
344 345 -1.056209
344 354 0.754012
344 444 0.571969
345 346 1.554562
345 355 -0.958064
345 445 -0.417971
346 347 -1.345255
346 356 -1.607445
346 446 -0.832548
347 348 -1.840230
347 357 1.056662
347 447 0.513799
348 349 0.403326
348 358 0.245857
348 448 -0.488808
349 340 -0.453331
349 359 -1.544349
349 449 0.612891
350 351 -0.348892
350 360 0.338222
350 450 -0.588373
351 352 1.113819
351 361 -0.715052
351 451 -0.429226
352 353 -0.444004
352 362 -1.056962
352 452 1.206864
353 354 0.219484
353 363 0.516058
353 453 0.823370
354 355 -0.643389
354 364 0.888825
354 454 0.312543
355 356 -0.744016
355 365 2.105512
355 455 -0.400945
356 357 0.472976
356 366 1.068191
356 456 0.728553
357 358 0.155509
357 367 0.342921
357 457 -0.154820
358 359 -0.992342
358 368 -0.756341
358 458 -2.037217
359 350 0.339997
359 369 -0.562790
359 459 -0.068278
360 361 -0.063484
360 370 -1.304325
360 460 0.650083
361 362 -0.200195
361 371 1.379514
361 461 -1.555687
362 363 0.629603
362 372 -1.165666
362 462 0.515448
363 364 -0.256272
363 373 0.430585
363 463 1.003854
364 365 1.315255
364 374 -1.633244
364 464 1.468122
365 366 0.359926
365 375 -0.910165
365 465 0.569685
366 367 0.694064
366 376 -0.145972
366 466 -0.211210
367 368 -1.168667
367 377 -0.976184
367 467 0.351158
368 369 -1.266193
368 378 -1.558079
368 468 -0.379772
369 360 0.155051
369 379 2.055042
369 469 0.647801
370 371 -1.777642
370 380 -0.301646
370 470 0.233596
371 372 1.262281
371 381 0.091876
371 471 0.186491
372 373 0.740870
372 382 -1.614423
372 472 -1.984830
373 374 -1.000732
373 383 -0.166565
373 473 1.395267
374 375 0.518715
374 384 0.034003
374 474 0.501849
375 376 -0.753592
375 385 -0.875128
375 475 0.209300
376 377 -1.308902
376 386 0.018761
376 476 -0.073875
377 378 -1.261349
377 387 0.913119
377 477 0.623493
378 379 0.244870
378 388 1.210201
378 478 -0.447010
379 370 0.190475
379 389 -0.621631
379 479 1.238906
380 381 1.845235
380 390 -0.158622
380 480 1.115203
381 382 0.295863
381 391 0.453232
381 481 0.317392
382 383 0.271560
382 392 1.593180
382 482 0.759765
383 384 -0.562774
383 393 -3.173381
383 483 -1.510857
384 385 0.326782
384 394 1.121146
384 484 0.069336
385 386 0.235305
385 395 -1.773453
385 485 -0.363528
386 387 -0.771763
386 396 -0.586751
386 486 -0.007358
387 388 -0.992306
387 397 -0.589740
387 487 1.687705
388 389 1.938328
388 398 -0.505667
388 488 0.264585
389 380 0.908276
389 399 -0.133485
389 489 -0.171215
390 391 -0.549659
390 300 -0.192052
390 490 1.467291
391 392 -0.590127
391 301 0.277956
391 491 -0.327930
392 393 0.949513
392 302 -0.965704
392 492 1.428227
393 394 -0.766328
393 303 0.530011
393 493 -1.198961
394 395 1.641561
394 304 -2.558014
394 494 -0.579821
395 396 1.475117
395 305 -0.096083
395 495 -1.484803
396 397 -0.862832
396 306 -0.427599
396 496 0.581532
397 398 1.693448
397 307 0.916534
397 497 -0.972004
398 399 1.162910
398 308 -1.526184
398 498 -0.837903
399 390 0.347501
399 309 -2.001230
399 499 0.146389
400 401 0.420583
400 410 -0.319884
400 500 0.205167
401 402 -0.430519
401 411 0.809649
401 501 -1.631864
402 403 0.064914
402 412 -1.768533
402 502 1.313741
403 404 0.203902
403 413 1.464684
403 503 0.184257
404 405 -0.685020
404 414 1.941361
404 504 -0.458043
405 406 -1.677515
405 415 -1.782305
405 505 0.794695
406 407 -0.391936
406 416 1.135056
406 506 -0.477768
407 408 0.474346
407 417 -0.924496
407 507 -0.388261
408 409 -0.496577
408 418 -0.788756
408 508 -0.495389
409 400 -1.144095
409 419 -0.971514
409 509 -0.281815
410 411 0.899153
410 420 -0.187362
410 510 -0.316593
411 412 -1.834691
411 421 1.077239
411 511 1.490330
412 413 -0.175842
412 422 -0.053212
412 512 -0.327823
413 414 2.088633
413 423 -0.204020
413 513 0.120893
414 415 0.465353
414 424 -0.956228
414 514 1.382700
415 416 0.136124
415 425 1.364056
415 515 -0.310808
416 417 0.190224
416 426 -1.245732
416 516 -0.271665
417 418 -0.259773
417 427 -0.646330
417 517 -0.470925
418 419 0.340170
418 428 -0.243899
418 518 0.686486
419 410 -0.971281
419 429 -1.095317
419 519 -0.565771
420 421 0.941642
420 430 0.185148
420 520 0.676261
421 422 -1.738582
421 431 0.442079
421 521 0.901653
422 423 1.225952
422 432 0.319913
422 522 -0.592375
423 424 -0.245608
423 433 0.758833
423 523 -1.063709
424 425 1.377163
424 434 -0.688039
424 524 1.905303
425 426 -0.180310
425 435 -0.149199
425 525 -0.059269
426 427 -0.218871
426 436 0.590849
426 526 0.423072
427 428 1.274951
427 437 -0.903188
427 527 -0.449765
428 429 0.304299
428 438 0.027605
428 528 0.738352
429 420 0.030225
429 439 0.016668
429 529 -0.443260
430 431 0.598760
430 440 0.860802
430 530 -0.986288
431 432 0.682714
431 441 1.911311
431 531 -0.295494
432 433 -1.644191
432 442 -0.040305
432 532 -0.632059
433 434 -1.401166
433 443 -0.226414
433 533 -0.622199
434 435 -0.313444
434 444 -0.578936
434 534 -1.435783
435 436 -0.628474
435 445 -0.639388
435 535 0.573485
436 437 1.049718
436 446 -0.166365
436 536 0.673660
437 438 -0.584826
437 447 1.764834
437 537 -0.986642
438 439 1.542554
438 448 2.457143
438 538 2.089388
439 430 0.328624
439 449 0.387969
439 539 -0.390472
440 441 -0.953413
440 450 1.701616
440 540 0.463319
441 442 0.925673
441 451 -0.481218
441 541 -0.845434
442 443 -0.224543
442 452 0.375363
442 542 0.513951
443 444 -0.852185
443 453 -1.002986
443 543 0.874746
444 445 2.828417
444 454 0.066344
444 544 0.125478
445 446 -1.146222
445 455 0.564090
445 545 -1.396285
446 447 -0.827259
446 456 -0.290412
446 546 0.265228
447 448 0.229169
447 457 -0.221957
447 547 -0.067202
448 449 0.215867
448 458 -0.075983
448 548 -2.261691
449 440 1.648395
449 459 0.191695
449 549 -0.284487
450 451 0.348719
450 460 -0.912438
450 550 0.909718
451 452 -2.216249
451 461 0.123211
451 551 -0.357386
452 453 0.257202
452 462 1.194870
452 552 0.050755
453 454 0.726859
453 463 0.284682
453 553 -1.242140
454 455 0.345333
454 464 -1.977340
454 554 0.513857
455 456 1.449407
455 465 1.227628
455 555 -0.795161
456 457 0.363697
456 466 0.578930
456 556 0.648024
457 458 -1.016544
457 467 1.768302
457 557 1.188062
458 459 0.184355
458 468 -0.277600
458 558 0.492973
459 450 0.551161
459 469 0.682061
459 559 0.240618
460 461 0.471027
460 470 -0.685608
460 560 1.346790
461 462 1.149232
461 471 0.229750
461 561 -1.906398
462 463 -2.629081
462 472 0.135375
462 562 0.045063
463 464 0.119717
463 473 0.585430
463 563 0.831221
464 465 0.337978
464 474 -0.390001
464 564 0.653193
465 466 1.753003
465 475 -0.733092
465 565 -0.677441
466 467 -0.615468
466 476 0.062010
466 566 -0.092898
467 468 -1.519092
467 477 -0.290665
467 567 0.706797
468 469 0.952338
468 478 -1.271273
468 568 -0.434350
469 460 0.344600
469 479 -0.639339
469 569 -1.346260
470 471 1.304177
470 480 0.017303
470 570 0.951127
471 472 -1.042744
471 481 0.747852
471 571 0.052840
472 473 -1.411012
472 482 -0.597627
472 572 -1.998172
473 474 -0.368380
473 483 2.121492
473 573 -2.208282
474 475 0.760923
474 484 -0.540825
474 574 -0.489644
475 476 -1.156477
475 485 1.546664
475 575 -0.436376
476 477 0.089121
476 486 -1.019542
476 576 0.002033
477 478 -0.893524
477 487 1.233934
477 577 -0.469670
478 479 1.189632
478 488 0.202289
478 578 0.681347
479 470 -0.867622
479 489 0.491737
479 579 0.246991
480 481 -0.759153
480 490 1.169999
480 580 -0.758306
481 482 0.570056
481 491 -0.313848
481 581 -1.042252
482 483 1.515646
482 492 0.373415
482 582 -0.903680
483 484 -1.971428
483 493 -0.972491
483 583 0.608746
484 485 0.229192
484 494 0.417728
484 584 -0.673317
485 486 -0.599514
485 495 1.037734
485 585 0.288917
486 487 -1.278069
486 496 -0.104686
486 586 -0.691166
487 488 -0.677936
487 497 0.336375
487 587 -1.684023
488 489 0.268930
488 498 -0.402560
488 588 1.215342
489 480 0.762548
489 499 0.416785
489 589 -0.326279
490 491 -0.265919
490 400 -0.935884
490 590 -1.052089
491 492 1.141309
491 401 0.746042
491 591 1.318534
492 493 0.884003
492 402 0.020072
492 592 0.784512
493 494 1.104716
493 403 1.450918
493 593 1.476294
494 495 0.474655
494 404 0.352457
494 594 -0.307206
495 496 -1.009975
495 405 0.681424
495 595 1.494779
496 497 0.386789
496 406 -0.660206
496 596 1.550046
497 498 -0.309440
497 407 1.019880
497 597 1.836543
498 499 0.654813
498 408 2.011441
498 598 1.808974
499 490 -0.342509
499 409 0.692329
499 599 -0.188394
500 501 1.821153
500 510 -0.231164
500 600 -0.853519
501 502 -0.396623
501 511 0.103933
501 601 -0.376549
502 503 0.955079
502 512 -0.907976
502 602 2.424945
503 504 -0.427998
503 513 0.396386
503 603 0.031828
504 505 -0.815497
504 514 -0.252677
504 604 -0.779215
505 506 -0.519615
505 515 0.857652
505 605 0.680569
506 507 -0.022484
506 516 0.542034
506 606 -0.830115
507 508 0.324581
507 517 0.086238
507 607 -1.782742
508 509 -1.139916
508 518 -0.273335
508 608 -1.706176
509 500 -1.418087
509 519 -2.265348
509 609 -0.073553
510 511 1.183088
510 520 -0.439523
510 610 1.329983
511 512 0.971345
511 521 -2.677845
511 611 -0.804824
512 513 0.276987
512 522 -0.465485
512 612 -1.341954
513 514 -3.186764
513 523 -0.742475
513 613 0.684445
514 515 0.457664
514 524 0.959128
514 614 -1.182225
515 516 -0.943585
515 525 -1.181565
515 615 0.400655
516 517 -0.555762
516 526 -0.488340
516 616 -1.014986
517 518 0.402398
517 527 -1.262908
517 617 -0.083619
518 519 0.021698
518 528 1.888996
518 618 0.377161
519 510 -0.187909
519 529 0.521592
519 619 0.219489
520 521 -0.944724
520 530 0.507102
520 620 0.404314
521 522 0.034110
521 531 0.112133
521 621 -0.506576
522 523 -1.814485
522 532 0.280489
522 622 -0.919839
523 524 1.023685
523 533 -0.891989
523 623 1.347447
524 525 -0.001528
524 534 -0.141273
524 624 -0.031923
525 526 1.694765
525 535 1.467360
525 625 1.056373
526 527 -0.356520
526 536 1.642625
526 626 0.500309
527 528 0.995624
527 537 -0.214978
527 627 2.884059
528 529 0.859729
528 538 0.397150
528 628 -0.186906
529 520 1.615661
529 539 -1.173966
529 629 -0.455800
530 531 -0.215496
530 540 0.120512
530 630 0.314259
531 532 0.607882
531 541 0.129080
531 631 1.261922
532 533 -0.103450
532 542 1.218487
532 632 0.569450
533 534 -0.531539
533 543 -0.852081
533 633 0.024775
534 535 -2.098089
534 544 0.259065
534 634 -1.180893
535 536 -0.954027
535 545 0.306408
535 635 0.018849
536 537 0.215401
536 546 -1.442019
536 636 -1.620077
537 538 0.460977
537 547 0.895268
537 637 0.173800
538 539 0.756964
538 548 -0.000837
538 638 -1.836384
539 530 -1.300033
539 549 0.276467
539 639 1.335095
540 541 -0.270969
540 550 0.503211
540 640 0.050245
541 542 0.492135
541 551 0.242393
541 641 0.713346
542 543 0.249304
542 552 -0.069038
542 642 -2.481634
543 544 0.205030
543 553 -1.448678
543 643 0.791711
544 545 2.665115
544 554 0.949585
544 644 0.154127
545 546 -0.423117
545 555 1.819604
545 645 0.194344
546 547 -1.747413
546 556 0.461632
546 646 -1.640425
547 548 -0.466617
547 557 0.242149
547 647 0.048426
548 549 -0.429119
548 558 0.390484
548 648 0.927377
549 540 -1.506720
549 559 -0.431109
549 649 -1.130022
550 551 -1.780032
550 560 -0.504368
550 650 -0.274754
551 552 -0.713437
551 561 0.856228
551 651 -0.437525
552 553 -0.031552
552 562 -0.327151
552 652 -1.443716
553 554 -0.927307
553 563 0.739828
553 653 2.340085
554 555 1.721280
554 564 0.206346
554 654 0.605707
555 556 -0.564052
555 565 0.335785
555 655 -0.752959
556 557 0.503415
556 566 1.012150
556 656 -1.032081
557 558 -0.624965
557 567 -0.335659
557 657 0.559186
558 559 0.289143
558 568 -0.487716
558 658 -1.294034
559 550 -1.399521
559 569 0.573235
559 659 -0.587258
560 561 0.456029
560 570 1.466452
560 660 -0.239147
561 562 -0.180467
561 571 0.191595
561 661 0.092399
562 563 0.278752
562 572 0.965250
562 662 -0.887388
563 564 -0.937819
563 573 -0.386356
563 663 -0.564223
564 565 0.111193
564 574 0.752361
564 664 0.975631
565 566 -0.776283
565 575 -0.262433
565 665 1.097224
566 567 -0.172102
566 576 1.186341
566 666 1.118856
567 568 0.014771
567 577 -0.653075
567 667 -0.980750
568 569 -0.569120
568 578 -1.900177
568 668 0.653077
569 560 -0.717182
569 579 -1.721456
569 669 0.412231
570 571 -0.029190
570 580 0.638547
570 670 -0.493857
571 572 0.166376
571 581 -0.148754
571 671 -1.533699
572 573 -0.762628
572 582 -0.283951
572 672 -1.240928
573 574 0.607630
573 583 0.716730
573 673 -1.040985
574 575 0.124032
574 584 -0.065280
574 674 -0.903449
575 576 -1.358149
575 585 -1.533271
575 675 0.233718
576 577 -0.100577
576 586 0.357479
576 676 0.103885
577 578 0.734605
577 587 0.090396
577 677 -1.005224
578 579 -0.725372
578 588 1.198006
578 678 0.037290
579 570 0.496287
579 589 0.786503
579 679 -0.277214
580 581 -0.743688
580 590 0.237596
580 680 1.187893
581 582 0.344160
581 591 -1.606212
581 681 -1.155068
582 583 -0.522821
582 592 -0.037845
582 682 0.216707
583 584 1.657513
583 593 -0.219355
583 683 -2.840546
584 585 0.298772
584 594 0.949120
584 684 0.093133
585 586 0.900211
585 595 -0.426953
585 685 -0.328896
586 587 0.294111
586 596 -0.395625
586 686 0.647431
587 588 0.929548
587 597 0.700710
587 687 -1.094335
588 589 0.061832
588 598 -0.917827
588 688 -0.322344
589 580 -0.117065
589 599 0.932848
589 689 -0.379317
590 591 0.679280
590 500 0.113612
590 690 0.179570
591 592 0.918761
591 501 -1.379930
591 691 1.452376
592 593 -1.482699
592 502 -1.494440
592 692 0.038146
593 594 -0.883781
593 503 0.275104
593 693 -1.919364
594 595 2.479649
594 504 -0.594900
594 694 -0.838285
595 596 0.847709
595 505 0.046856
595 695 -1.273862
596 597 0.444522
596 506 -1.610966
596 696 -0.666901
597 598 -1.418665
597 507 1.179265
597 697 -0.166067
598 599 -0.453989
598 508 0.138894
598 698 -0.646915
599 590 -0.410724
599 509 1.948056
599 699 -1.056434
600 601 1.182558
600 610 1.455303
600 700 0.423011
601 602 -1.355023
601 611 -1.464790
601 701 -0.745268
602 603 -1.075702
602 612 -1.009858
602 702 0.976791
603 604 0.930939
603 613 -1.305872
603 703 0.008406
604 605 0.616579
604 614 0.927937
604 704 0.690465
605 606 0.509130
605 615 1.922920
605 705 0.008731
606 607 -1.213168
606 616 -0.987295
606 706 -1.252915
607 608 -0.360921
607 617 0.956833
607 707 -1.216294
608 609 0.137388
608 618 -0.214094
608 708 -0.175397
609 600 1.564654
609 619 1.221767
609 709 1.081169
610 611 -1.700021
610 620 -0.608920
610 710 0.133228
611 612 0.996302
611 621 0.206710
611 711 0.824287
612 613 -0.036633
612 622 0.373577
612 712 -0.792829
613 614 -0.459293
613 623 1.874009
613 713 -0.020494
614 615 -0.272460
614 624 0.195283
614 714 1.361668
615 616 0.431392
615 625 -2.568970
615 715 -1.827313
616 617 -0.095525
616 626 -1.280189
616 716 1.789499
617 618 0.220057
617 627 -1.619678
617 717 -0.386429
618 619 -0.146581
618 628 -1.223184
618 718 -0.148288
619 610 0.857691
619 629 0.971085
619 719 0.401149
620 621 0.102295
620 630 1.236327
620 720 0.690693
621 622 -0.232377
621 631 1.025986
621 721 -0.776307
622 623 0.563079
622 632 -0.206038
622 722 2.187005
623 624 1.224618
623 633 1.613807
623 723 -0.916726
624 625 1.292277
624 634 1.123545
624 724 -0.110974
625 626 0.345955
625 635 -0.407111
625 725 -0.010068
626 627 -0.441376
626 636 0.442244
626 726 -0.184611
627 628 0.165303
627 637 -0.295238
627 727 1.072124
628 629 1.049135
628 638 0.765034
628 728 -1.583050
629 620 0.296753
629 639 0.176566
629 729 -0.895550
630 631 -0.627316
630 640 0.112996
630 730 -0.937153
631 632 -0.084813
631 641 0.973429
631 731 0.859702
632 633 -0.487289
632 642 -0.093286
632 732 0.361055
633 634 1.226449
633 643 0.270550
633 733 0.133500
634 635 0.632656
634 644 1.471764
634 734 -0.272244
635 636 -0.217478
635 645 -2.098289
635 735 -0.185924
636 637 0.946702
636 646 -0.113910
636 736 2.811670
637 638 0.763396
637 647 1.220076
637 737 -0.685386
638 639 -1.602499
638 648 -1.405939
638 738 1.126889
639 630 0.654329
639 649 1.974907
639 739 -1.319888
640 641 -0.064671
640 650 0.295265
640 740 -0.165136
641 642 -0.378504
641 651 0.720603
641 741 0.811307
642 643 -1.091286
642 652 0.055976
642 742 -0.634679
643 644 0.375182
643 653 -0.033088
643 743 -0.739498
644 645 -0.387338
644 654 0.257850
644 744 0.058569
645 646 0.927824
645 655 -1.252412
645 745 1.803612
646 647 0.934164
646 656 0.359020
646 746 -0.500437
647 648 -0.363806
647 657 -0.892231
647 747 0.361564
648 649 -2.091902
648 658 0.013897
648 748 -1.484075
649 640 -0.837842
649 659 -0.002764
649 749 2.097399
650 651 0.522207
650 660 -0.505937
650 750 1.603597
651 652 -0.991037
651 661 0.847828
651 751 -1.692918
652 653 1.207263
652 662 -0.451037
652 752 1.340319
653 654 -1.234446
653 663 0.302376
653 753 -0.260660
654 655 0.670463
654 664 -0.294415
654 754 -0.754305
655 656 -1.100958
655 665 -0.673326
655 755 0.604776
656 657 1.876613
656 666 0.505457
656 756 -0.431286
657 658 -1.065756
657 667 -0.372549
657 757 0.837911
658 659 0.627705
658 668 2.119734
658 758 0.312451
659 650 0.646820
659 669 -0.405544
659 759 -1.038450
660 661 -1.718337
660 670 -0.399913
660 760 -1.611895
661 662 -0.442423
661 671 -1.421296
661 761 -1.975527
662 663 -0.162359
662 672 0.744239
662 762 -0.838928
663 664 -1.272763
663 673 0.181866
663 763 -0.056378
664 665 0.002926
664 674 0.579033
664 764 -0.047377
665 666 -0.090358
665 675 -0.658608
665 765 1.101470
666 667 0.234429
666 676 1.118385
666 766 0.030790
667 668 -1.234623
667 677 0.667046
667 767 -0.628691
668 669 -0.548884
668 678 -1.044312
668 768 -0.117504
669 660 0.959708
669 679 0.333550
669 769 0.269555
670 671 0.964524
670 680 0.496894
670 770 0.260315
671 672 -0.695727
671 681 0.777672
671 771 0.293983
672 673 0.657544
672 682 -0.235541
672 772 1.641814
673 674 0.894683
673 683 -1.233481
673 773 -1.945207
674 675 0.655531
674 684 1.198367
674 774 -0.236340
675 676 -1.765669
675 685 0.530952
675 775 -1.925380
676 677 -1.131975
676 686 -0.789092
676 776 0.888665
677 678 -1.269369
677 687 0.609803
677 777 0.313388
678 679 -0.871321
678 688 -0.370674
678 778 0.318703
679 670 1.921687
679 689 -0.712608
679 779 0.158629
680 681 -0.991582
680 690 -1.974379
680 780 0.580464
681 682 0.826494
681 691 -1.199228
681 781 -1.283357
682 683 -2.471021
682 692 0.662321
682 782 -0.019904
683 684 -0.573583
683 693 1.940245
683 783 -0.459415
684 685 -0.094802
684 694 0.737045
684 784 1.117468
685 686 2.671022
685 695 1.630127
685 785 0.822318
686 687 0.208506
686 696 1.496449
686 786 1.345433
687 688 -0.575067
687 697 -0.199870
687 787 -0.331143
688 689 -0.422664
688 698 2.416968
688 788 1.414081
689 680 0.221002
689 699 1.142168
689 789 -0.202935
690 691 1.007520
690 600 0.319844
690 790 -1.152717
691 692 -0.039875
691 601 -1.452910
691 791 0.136370
692 693 -1.327020
692 602 -0.568296
692 792 -0.112532
693 694 1.139654
693 603 -0.635166
693 793 1.127925
694 695 -0.016151
694 604 2.426517
694 794 1.027202
695 696 -1.852405
695 605 -1.202204
695 795 0.473670
696 697 -1.161243
696 606 0.834627
696 796 -0.149847
697 698 0.740571
697 607 1.050707
697 797 0.205576
698 699 0.322494
698 608 0.898611
698 798 1.994404
699 690 -0.203672
699 609 1.925741
699 799 0.416123
700 701 -0.481589
700 710 0.171078
700 800 -0.046677
701 702 -1.034466
701 711 1.334995
701 801 1.211824
702 703 -1.293450
702 712 0.155159
702 802 -0.031508
703 704 -0.661922
703 713 -0.345668
703 803 -0.292761
704 705 -2.617348
704 714 -0.895918
704 804 0.918262
705 706 -0.632072
705 715 0.412802
705 805 0.023462
706 707 0.087955
706 716 -0.797689
706 806 -0.532570
707 708 0.430456
707 717 -2.631991
707 807 -0.050711
708 709 -0.403443
708 718 0.408179
708 808 -0.380228
709 700 -0.465410
709 719 0.874445
709 809 2.403579
710 711 -0.621075
710 720 -1.666909
710 810 2.174125
711 712 -0.818990
711 721 0.057526
711 811 1.095612
712 713 0.835257
712 722 0.889660
712 812 1.926916
713 714 -1.083252
713 723 0.930155
713 813 -0.748514
714 715 -0.177837
714 724 1.087916
714 814 -0.793018
715 716 1.622491
715 725 -0.903019
715 815 1.072494
716 717 0.278506
716 726 -0.375937
716 816 -0.285987
717 718 -0.153044
717 727 -1.500418
717 817 2.080442
718 719 0.789127
718 728 0.009071
718 818 0.479348
719 710 -0.907647
719 729 -0.081597
719 819 -0.552640
720 721 -1.411568
720 730 -0.888813
720 820 0.266394
721 722 1.107076
721 731 0.013379
721 821 -0.063723
722 723 -0.639382
722 732 -0.426669
722 822 0.821851
723 724 0.869650
723 733 0.782442
723 823 -1.706982
724 725 0.923260
724 734 -2.197483
724 824 -0.067140
725 726 -0.874584
725 735 0.847055
725 825 -0.940975
726 727 -0.428699
726 736 0.058385
726 826 0.290031
727 728 -0.405929
727 737 -0.076355
727 827 1.400505
728 729 1.371841
728 738 0.603941
728 828 0.566285
729 720 -1.253642
729 739 0.893050
729 829 1.130129
730 731 0.991597
730 740 0.433419
730 830 -0.141834
731 732 -0.563022
731 741 1.608237
731 831 -0.255927
732 733 0.807138
732 742 1.422809
732 832 0.542802
733 734 -0.827263
733 743 -0.202194
733 833 -1.777097
734 735 0.218792
734 744 0.018153
734 834 0.912974
735 736 0.694875
735 745 -0.886375
735 835 0.561479
736 737 -0.047846
736 746 0.054986
736 836 0.594394
737 738 -0.554999
737 747 1.343877
737 837 1.044953
738 739 1.716878
738 748 2.339158
738 838 -0.396203
739 730 1.399455
739 749 -0.588419
739 839 1.731942
740 741 0.046076
740 750 1.480988
740 840 -0.958341
741 742 0.394381
741 751 -0.487873
741 841 -0.299999
742 743 0.318451
742 752 -0.335662
742 842 2.854635
743 744 -0.825962
743 753 -1.333063
743 843 0.618169
744 745 0.836173
744 754 -0.397003
744 844 -0.251501
745 746 -0.731030
745 755 0.094854
745 845 0.070958
746 747 -0.787307
746 756 -0.060765
746 846 -0.685578
747 748 1.721105
747 757 -0.226160
747 847 0.002505
748 749 0.367090
748 758 1.010924
748 848 -0.061960
749 740 -0.585769
749 759 -0.502720
749 849 0.259278
750 751 0.106847
750 760 0.895554
750 850 1.270459
751 752 0.562798
751 761 1.111365
751 851 0.755724
752 753 0.843656
752 762 -1.081401
752 852 -0.710070
753 754 0.561955
753 763 -0.753181
753 853 0.917375
754 755 -1.719987
754 764 0.024353
754 854 1.123211
755 756 0.149003
755 765 -0.755772
755 855 0.070999
756 757 -0.770182
756 766 -1.128816
756 856 1.071386
757 758 0.900054
757 767 0.289297
757 857 0.386680
758 759 2.297093
758 768 0.316505
758 858 -0.066969
759 750 0.403144
759 769 -0.663785
759 859 -0.151076
760 761 0.314316
760 770 -1.281143
760 860 -0.081660
761 762 0.063576
761 771 1.065262
761 861 -0.654355
762 763 0.152264
762 772 0.342571
762 862 0.126479
763 764 -0.134416
763 773 -1.810069
763 863 -0.193661
764 765 -0.802344
764 774 0.915491
764 864 -0.973697
765 766 0.765432
765 775 -0.513897
765 865 -1.808439
766 767 1.082905
766 776 -0.286346
766 866 0.035879
767 768 0.129688
767 777 -3.626834
767 867 -0.867867
768 769 -0.358280
768 778 -0.938019
768 868 0.357454
769 760 0.922937
769 779 -0.896052
769 869 -0.052757
770 771 -0.652317
770 780 -0.447554
770 870 0.596086
771 772 0.226702
771 781 0.999172
771 871 1.418903
772 773 -1.726915
772 782 -0.655291
772 872 0.322592
773 774 0.264565
773 783 -0.247011
773 873 1.459609
774 775 -0.724505
774 784 -1.014518
774 874 -0.365179
775 776 -0.715423
775 785 -0.614455
775 875 1.629992
776 777 0.636578
776 786 -1.965715
776 876 -0.195851
777 778 0.684864
777 787 0.714988
777 877 0.495933
778 779 -0.660767
778 788 -0.950029
778 878 0.224775
779 770 0.051911
779 789 1.940710
779 879 0.013066
780 781 -0.387337
780 790 0.753583
780 880 -2.377300
781 782 -1.739659
781 791 0.616672
781 881 1.455784
782 783 0.769393
782 792 -0.279994
782 882 0.320282
783 784 1.612846
783 793 -0.985646
783 883 0.780443
784 785 1.419727
784 794 -0.919904
784 884 -0.512532
785 786 -0.346256
785 795 -0.489922
785 885 0.776882
786 787 0.277098
786 796 0.014881
786 886 1.055307
787 788 -0.574997
787 797 0.972548
787 887 -0.187603
788 789 -1.179284
788 798 -1.658034
788 888 0.552813
789 780 -0.562388
789 799 -1.190398
789 889 0.127801
790 791 -1.150387
790 700 -0.881147
790 890 -0.470152
791 792 -0.779613
791 701 0.096999
791 891 -1.267556
792 793 0.101307
792 702 -0.737316
792 892 -0.999657
793 794 1.599787
793 703 -0.847052
793 893 -1.963991
794 795 1.381435
794 704 0.223229
794 894 0.843933
795 796 0.084468
795 705 2.133831
795 895 -0.127786
796 797 -1.324717
796 706 0.615091
796 896 -0.423099
797 798 0.179828
797 707 0.444910
797 897 0.267008
798 799 -0.102964
798 708 1.743205
798 898 -2.852396
799 790 0.719481
799 709 1.616365
799 899 -1.449659
800 801 -0.305658
800 810 -0.145541
800 900 -1.106188
801 802 -0.584421
801 811 -0.197661
801 901 -0.882706
802 803 1.371068
802 812 -0.050797
802 902 0.947743
803 804 0.222383
803 813 -1.713488
803 903 -0.301785
804 805 -1.447662
804 814 1.173099
804 904 1.026312
805 806 1.135229
805 815 2.005600
805 905 1.063685
806 807 -0.989453
806 816 -0.692216
806 906 1.313401
807 808 1.082564
807 817 0.575510
807 907 0.364943
808 809 -1.234148
808 818 0.286689
808 908 -0.008224
809 800 1.800617
809 819 0.619337
809 909 0.539770
810 811 0.943863
810 820 0.711617
810 910 -0.699584
811 812 0.272069
811 821 2.026048
811 911 -0.459307
812 813 1.194674
812 822 -0.163894
812 912 -0.948910
813 814 -0.308776
813 823 -1.082935
813 913 -1.414237
814 815 0.119027
814 824 1.175522
814 914 1.788500
815 816 0.644579
815 825 -0.399757
815 915 -0.157429
816 817 -0.165868
816 826 -0.414216
816 916 -0.397699
817 818 0.489035
817 827 1.339719
817 917 0.605404
818 819 1.301104
818 828 -0.965505
818 918 0.435994
819 810 0.897818
819 829 -1.866389
819 919 0.971916
820 821 0.770147
820 830 1.603344
820 920 -0.235845
821 822 -0.313676
821 831 -0.701846
821 921 -0.050626
822 823 -0.137988
822 832 0.513874
822 922 0.142402
823 824 1.798061
823 833 0.187475
823 923 1.167561
824 825 1.895022
824 834 -1.190407
824 924 -1.428741
825 826 1.920441
825 835 -0.314362
825 925 0.547491
826 827 0.276538
826 836 0.564954
826 926 1.607006
827 828 1.067562
827 837 -0.846244
827 927 1.460859
828 829 0.148947
828 838 0.469554
828 928 -0.247247
829 820 0.067585
829 839 -0.400414
829 929 0.248805
830 831 -0.441282
830 840 -0.181763
830 930 -0.363027
831 832 -0.934836
831 841 1.500206
831 931 1.113534
832 833 0.321338
832 842 -0.232101
832 932 0.069454
833 834 -1.169894
833 843 -1.457782
833 933 -1.671119
834 835 0.883816
834 844 0.174564
834 934 -1.315307
835 836 0.265158
835 845 -1.059597
835 935 0.406234
836 837 1.186394
836 846 0.283461
836 936 -0.780198
837 838 0.120372
837 847 -2.349020
837 937 -0.209253
838 839 1.924937
838 848 0.266967
838 938 -0.443970
839 830 -0.256567
839 849 0.348604
839 939 0.568345
840 841 1.469010
840 850 0.067420
840 940 0.749341
841 842 1.040912
841 851 0.615000
841 941 0.034334
842 843 -0.055877
842 852 1.868065
842 942 0.952978
843 844 -1.120321
843 853 -1.576038
843 943 -0.995046
844 845 -0.354089
844 854 -1.061836
844 944 1.011481
845 846 0.135545
845 855 0.761625
845 945 1.787305
846 847 0.366701
846 856 2.987335
846 946 2.108277
847 848 1.094547
847 857 0.890825
847 947 0.049286
848 849 0.331362
848 858 -1.014814
848 948 -0.902467
849 840 -0.784399
849 859 0.175966
849 949 0.271920
850 851 -0.980557
850 860 -0.646247
850 950 0.686689
851 852 0.985749
851 861 -1.934914
851 951 1.334546
852 853 -0.557524
852 862 -0.459364
852 952 -1.371114
853 854 -0.031356
853 863 1.456335
853 953 -0.355818
854 855 0.309770
854 864 -0.019363
854 954 -0.236101
855 856 1.447811
855 865 -0.495278
855 955 0.303360
856 857 0.901873
856 866 0.145030
856 956 1.109770
857 858 1.529086
857 867 0.225231
857 957 -0.805701
858 859 0.637748
858 868 0.843545
858 958 -1.910014
859 850 -0.059175
859 869 0.824309
859 959 -0.328312
860 861 2.058746
860 870 0.158931
860 960 0.004967
861 862 -0.035626
861 871 0.723462
861 961 -1.393665
862 863 -1.467837
862 872 0.184273
862 962 0.207001
863 864 0.575206
863 873 0.641423
863 963 -1.896171
864 865 -0.703228
864 874 0.374056
864 964 1.396389
865 866 1.349134
865 875 0.543329
865 965 -1.657317
866 867 2.094015
866 876 -1.577749
866 966 -0.929226
867 868 -0.596468
867 877 -0.002491
867 967 0.910251
868 869 -1.573666
868 878 0.688258
868 968 -0.108375
869 860 1.566952
869 879 -0.947170
869 969 0.119553
870 871 1.135281
870 880 0.295359
870 970 0.390704
871 872 -0.662634
871 881 0.005067
871 971 0.055482
872 873 -0.938788
872 882 0.292040
872 972 0.367218
873 874 -0.671224
873 883 0.059349
873 973 0.843813
874 875 -1.849169
874 884 -1.382907
874 974 -0.415388
875 876 -0.776541
875 885 -0.853245
875 975 -1.478223
876 877 -1.336320
876 886 -0.002497
876 976 -0.863615
877 878 0.085619
877 887 0.019735
877 977 -0.728407
878 879 -0.256469
878 888 -0.213751
878 978 -0.057871
879 870 -0.712523
879 889 -0.155133
879 979 -0.609355
880 881 0.609352
880 890 -0.586033
880 980 0.087445
881 882 -1.042163
881 891 0.101124
881 981 0.767526
882 883 0.666571
882 892 -0.124959
882 982 -0.359073
883 884 -1.181680
883 893 0.637562
883 983 0.840000
884 885 -0.247337
884 894 -1.933047
884 984 -0.763794
885 886 -0.725235
885 895 -0.423177
885 985 0.159317
886 887 1.176993
886 896 -1.468735
886 986 -2.309054
887 888 0.515937
887 897 -0.630293
887 987 0.023806
888 889 0.581473
888 898 1.526704
888 988 1.011495
889 880 -0.552778
889 899 -0.011624
889 989 0.953197
890 891 -0.296412
890 800 1.239514
890 990 -1.900657
891 892 1.063267
891 801 0.779208
891 991 -2.173203
892 893 1.208224
892 802 1.792525
892 992 -1.004393
893 894 -0.513113
893 803 0.256616
893 993 -0.197283
894 895 -1.721427
894 804 -0.535584
894 994 0.191216
895 896 0.406404
895 805 -0.015310
895 995 -0.296413
896 897 -0.926534
896 806 -0.232414
896 996 -0.072145
897 898 0.417527
897 807 -0.211471
897 997 0.388180
898 899 -1.159295
898 808 -0.906423
898 998 1.462943
899 890 0.542588
899 809 0.958163
899 999 0.176463
900 901 -0.684357
900 910 0.400824
900 0 -0.919559
901 902 -1.501724
901 911 -0.021285
901 1 -0.522829
902 903 -0.654884
902 912 -0.589027
902 2 0.249702
903 904 0.725812
903 913 0.081440
903 3 -1.152389
904 905 1.268292
904 914 -0.036998
904 4 -1.582192
905 906 0.710459
905 915 -0.777513
905 5 0.097681
906 907 2.040799
906 916 -1.835594
906 6 -1.015260
907 908 -0.038551
907 917 0.440652
907 7 -0.806428
908 909 0.670118
908 918 0.284805
908 8 0.679723
909 900 0.210802
909 919 2.179964
909 9 1.624380
910 911 0.436060
910 920 -1.545240
910 10 1.287724
911 912 -1.720751
911 921 1.958487
911 11 0.239857
912 913 -1.919405
912 922 0.604565
912 12 -1.294769
913 914 0.701690
913 923 -0.048804
913 13 -1.199766
914 915 1.238155
914 924 0.233681
914 14 0.137932
915 916 0.866663
915 925 0.233589
915 15 1.248038
916 917 -0.182026
916 926 -0.329415
916 16 1.553241
917 918 1.631720
917 927 0.199373
917 17 0.863801
918 919 -0.213183
918 928 0.291147
918 18 -0.285649
919 910 -0.491388
919 929 -0.996676
919 19 -0.393207
920 921 0.456852
920 930 0.603382
920 20 -0.139738
921 922 0.226623
921 931 0.342335
921 21 0.636289
922 923 -0.005899
922 932 1.997996
922 22 1.429438
923 924 0.958403
923 933 0.626839
923 23 0.209648
924 925 0.745636
924 934 0.315413
924 24 -0.073530
925 926 -0.775448
925 935 0.244719
925 25 -1.812336
926 927 0.042572
926 936 1.577805
926 26 0.759058
927 928 1.382921
927 937 -2.566192
927 27 0.685134
928 929 1.183198
928 938 -1.062835
928 28 -0.484859
929 920 -0.387167
929 939 0.243321
929 29 -1.371776
930 931 -0.159373
930 940 -1.177781
930 30 0.030795
931 932 -1.118129
931 941 0.412297
931 31 0.645510
932 933 -0.478946
932 942 1.561068
932 32 -0.291211
933 934 0.120738
933 943 -0.043690
933 33 0.453636
934 935 -0.326637
934 944 -1.086373
934 34 0.755720
935 936 -0.834525
935 945 -0.923328
935 35 0.391810
936 937 -1.283164
936 946 -0.040306
936 36 -1.083518
937 938 -0.237998
937 947 0.137267
937 37 1.410303
938 939 -1.315246
938 948 -1.744907
938 38 0.497122
939 930 0.858740
939 949 -0.391564
939 39 -0.547978
940 941 -1.291523
940 950 0.408334
940 40 -1.727878
941 942 -0.355871
941 951 0.407605
941 41 0.425911
942 943 -0.925933
942 952 0.227453
942 42 0.117948
943 944 -1.240812
943 953 -1.248404
943 43 -0.385842
944 945 -1.030546
944 954 0.029756
944 44 0.537765
945 946 1.033688
945 955 -1.567041
945 45 1.067671
946 947 -1.159278
946 956 -1.082020
946 46 -1.480963
947 948 1.019068
947 957 -1.205695
947 47 0.418371
948 949 -2.105123
948 958 -0.426413
948 48 -0.532993
949 940 -0.611603
949 959 0.859025
949 49 -0.957621
950 951 -0.725574
950 960 0.447987
950 50 1.448789
951 952 -0.233642
951 961 -0.329922
951 51 1.380282
952 953 -0.334070
952 962 -0.222341
952 52 1.267572
953 954 0.844875
953 963 0.039892
953 53 0.667310
954 955 -0.035673
954 964 0.813632
954 54 -0.207919
955 956 -0.847872
955 965 1.868306
955 55 0.252001
956 957 0.100748
956 966 -0.045721
956 56 -1.775962
957 958 0.529242
957 967 1.988814
957 57 0.549274
958 959 0.007640
958 968 0.001867
958 58 -0.584719
959 950 1.093375
959 969 0.973605
959 59 1.435026
960 961 -0.761964
960 970 0.578739
960 60 0.194480
961 962 0.155806
961 971 0.659857
961 61 -0.713033
962 963 -0.472810
962 972 -1.166280
962 62 -1.568956
963 964 0.994313
963 973 -0.281575
963 63 0.286974
964 965 0.575437
964 974 0.055345
964 64 0.309617
965 966 1.048869
965 975 -1.103264
965 65 1.770394
966 967 -0.518956
966 976 -1.079937
966 66 0.918407
967 968 -0.636852
967 977 -0.449339
967 67 -1.885370
968 969 0.112600
968 978 -0.270203
968 68 -0.565774
969 960 0.722276
969 979 2.255419
969 69 0.747010
970 971 1.681813
970 980 1.108219
970 70 -0.278670
971 972 -1.563643
971 981 0.730038
971 71 -0.103650
972 973 -2.076635
972 982 -0.784906
972 72 0.420350
973 974 0.256576
973 983 0.843814
973 73 0.177700
974 975 -0.075240
974 984 -0.413435
974 74 -1.127662
975 976 0.736623
975 985 0.347083
975 75 0.135031
976 977 -1.156838
976 986 0.783592
976 76 -0.054316
977 978 -0.603800
977 987 0.200440
977 77 -0.356125
978 979 0.077453
978 988 -0.211296
978 78 0.649664
979 970 0.293154
979 989 1.020222
979 79 0.104305
980 981 -1.002935
980 990 -0.419285
980 80 0.565200
981 982 0.531449
981 991 -2.653306
981 81 -0.582859
982 983 -0.375588
982 992 0.430719
982 82 0.448389
983 984 -0.996287
983 993 -0.783614
983 83 -0.344895
984 985 0.260747
984 994 -0.671698
984 84 0.158614
985 986 -0.616585
985 995 -0.147871
985 85 1.167408
986 987 1.133163
986 996 -0.655979
986 86 1.115370
987 988 0.272636
987 997 -0.310023
987 87 -0.141568
988 989 -0.708211
988 998 -0.769216
988 88 -0.659653
989 980 1.301580
989 999 0.206959
989 89 -0.420808
990 991 -0.987781
990 900 0.568968
990 90 -0.608712
991 992 1.141190
991 901 -0.187564
991 91 0.472023
992 993 0.862112
992 902 0.402570
992 92 -0.519293
993 994 1.009409
993 903 1.094755
993 93 -0.524505
994 995 -0.003724
994 904 0.127728
994 94 -0.094463
995 996 -2.011164
995 905 2.014639
995 95 1.259476
996 997 -1.120680
996 906 -0.696061
996 96 -1.027773
997 998 0.568439
997 907 -0.067012
997 97 1.071597
998 999 0.117592
998 908 1.260303
998 98 -2.238961
999 990 0.735423
999 909 1.037464
999 99 -0.087817
