0 1 -1.296440
0 10 0.173437
0 100 0.894615
1 2 -0.164325
1 11 -0.746447
1 101 -2.857779
2 3 0.013095
2 12 -0.070499
2 102 1.361943
3 4 -2.470157
3 13 0.099140
3 103 2.360268
4 5 0.199851
4 14 -0.174847
4 104 0.410265
5 6 0.319374
5 15 0.036053
5 105 -1.329643
6 7 -0.629695
6 16 1.637061
6 106 -0.259018
7 8 1.891620
7 17 -0.357860
7 107 0.520442
8 9 -0.627792
8 18 -0.168903
8 108 0.667892
9 0 -2.079010
9 19 -0.673045
9 109 -0.438353
10 11 0.931353
10 20 0.082193
10 110 0.983721
11 12 2.151585
11 21 -0.423305
11 111 1.432849
12 13 0.366938
12 22 -0.547613
12 112 -1.072352
13 14 0.646208
13 23 0.927301
13 113 0.557634
14 15 -0.458733
14 24 0.523223
14 114 -1.565671
15 16 2.472478
15 25 -0.205935
15 115 0.372506
16 17 -0.696805
16 26 1.483956
16 116 -0.626298
17 18 0.658700
17 27 -0.758209
17 117 -1.028769
18 19 0.787160
18 28 -0.059266
18 118 0.296616
19 10 0.857552
19 29 -0.216590
19 119 0.641913
20 21 -0.475661
20 30 0.861635
20 120 -0.803923
21 22 -0.573456
21 31 0.729860
21 121 -0.728252
22 23 1.034696
22 32 1.699966
22 122 -0.130599
23 24 -0.471290
23 33 0.789128
23 123 2.059577
24 25 0.952883
24 34 1.361743
24 124 -0.414126
25 26 -1.366589
25 35 0.769997
25 125 -0.911192
26 27 0.004433
26 36 -0.324191
26 126 -1.382102
27 28 0.167377
27 37 -0.093034
27 127 0.625126
28 29 -1.030944
28 38 0.818927
28 128 -1.204725
29 20 2.521829
29 39 -1.341324
29 129 1.066937
30 31 1.111620
30 40 0.978622
30 130 0.388563
31 32 0.140402
31 41 0.109800
31 131 -1.691136
32 33 0.677438
32 42 -0.220572
32 132 0.225378
33 34 0.010167
33 43 0.272103
33 133 -0.214832
34 35 0.198808
34 44 0.155165
34 134 0.220828
35 36 1.111579
35 45 -0.775676
35 135 -0.367759
36 37 0.447333
36 46 0.397702
36 136 -0.712458
37 38 0.327123
37 47 0.783899
37 137 1.058090
38 39 1.440959
38 48 0.494991
38 138 -1.290310
39 30 -0.703845
39 49 -1.025709
39 139 -0.054036
40 41 0.164118
40 50 -0.209584
40 140 0.408902
41 42 -0.588145
41 51 0.234122
41 141 0.809638
42 43 0.301509
42 52 -0.645279
42 142 2.250876
43 44 -0.004641
43 53 -0.637744
43 143 1.286199
44 45 1.555602
44 54 -0.003396
44 144 -0.113709
45 46 2.062983
45 55 -1.563220
45 145 0.576836
46 47 -1.163478
46 56 1.034454
46 146 2.895628
47 48 0.108718
47 57 0.826135
47 147 -0.695041
48 49 1.764334
48 58 0.257310
48 148 -1.655157
49 40 -0.316454
49 59 -0.049010
49 149 -0.174344
50 51 0.012696
50 60 -0.445173
50 150 -1.642489
51 52 -0.062101
51 61 0.374577
51 151 -0.465502
52 53 -0.022720
52 62 -1.120951
52 152 -1.498671
53 54 -1.195019
53 63 -0.665496
53 153 0.715817
54 55 -0.456045
54 64 -1.504380
54 154 -0.319207
55 56 0.411427
55 65 1.461608
55 155 -1.814203
56 57 -0.049171
56 66 -1.527599
56 156 -0.193182
57 58 -0.320419
57 67 -0.155341
57 157 0.905841
58 59 1.071157
58 68 1.181482
58 158 0.592623
59 50 -0.728593
59 69 0.611151
59 159 -0.693122
60 61 2.744979
60 70 -1.210719
60 160 1.136818
61 62 -0.119707
61 71 -0.907893
61 161 1.894692
62 63 0.686316
62 72 -0.063195
62 162 -2.354904
63 64 0.194498
63 73 1.037461
63 163 0.422541
64 65 2.407984
64 74 1.408172
64 164 0.266699
65 66 1.512812
65 75 0.141295
65 165 -0.605883
66 67 1.024679
66 76 -1.433241
66 166 0.354187
67 68 1.241308
67 77 0.183009
67 167 0.205139
68 69 -0.007310
68 78 0.500667
68 168 -0.749951
69 60 -0.708596
69 79 -0.653610
69 169 -0.726592
70 71 0.433470
70 80 0.572678
70 170 1.490218
71 72 0.232084
71 81 -0.109993
71 171 -0.747056
72 73 1.510483
72 82 2.003674
72 172 -0.475015
73 74 -0.378594
73 83 0.392953
73 173 1.691927
74 75 -0.998905
74 84 0.794727
74 174 -0.257212
75 76 0.037225
75 85 -0.336882
75 175 0.216637
76 77 -0.040617
76 86 0.405357
76 176 -1.987906
77 78 1.759328
77 87 0.787756
77 177 0.689153
78 79 -0.757716
78 88 1.727961
78 178 0.940699
79 70 0.243914
79 89 -0.543958
79 179 0.801070
80 81 -1.021038
80 90 0.333345
80 180 -0.850657
81 82 0.749453
81 91 -0.657808
81 181 0.968088
82 83 1.179681
82 92 1.281435
82 182 -1.195199
83 84 1.080856
83 93 0.164742
83 183 0.173544
84 85 1.312735
84 94 -0.254225
84 184 -0.110546
85 86 -1.666251
85 95 0.934577
85 185 -0.101014
86 87 -0.222207
86 96 0.670455
86 186 -0.296650
87 88 0.414699
87 97 0.306861
87 187 -1.255177
88 89 0.123930
88 98 1.530887
88 188 -1.239477
89 80 0.775439
89 99 0.554374
89 189 -0.040008
90 91 -0.072973
90 0 1.166971
90 190 -2.020602
91 92 0.906154
91 1 0.302877
91 191 -0.447752
92 93 -0.753672
92 2 -0.758420
92 192 0.406120
93 94 2.146888
93 3 0.429644
93 193 -0.637341
94 95 1.325387
94 4 -1.155923
94 194 1.358455
95 96 0.110480
95 5 0.975002
95 195 0.786633
96 97 0.574146
96 6 -0.608420
96 196 1.897756
97 98 2.059397
97 7 1.637992
97 197 1.327952
98 99 0.019187
98 8 -2.161104
98 198 1.083255
99 90 -1.348058
99 9 -1.093382
99 199 0.660328
100 101 -0.325106
100 110 -0.423055
100 200 0.862427
101 102 1.131387
101 111 -0.061110
101 201 1.048950
102 103 0.512443
102 112 1.173887
102 202 -0.280683
103 104 1.607438
103 113 0.828233
103 203 -0.298373
104 105 -0.165855
104 114 0.820902
104 204 -0.236628
105 106 2.425962
105 115 -2.557352
105 205 -1.190177
106 107 0.444898
106 116 -0.685030
106 206 -0.345680
107 108 0.135323
107 117 -0.687184
107 207 0.963913
108 109 -0.713981
108 118 0.420528
108 208 -0.479490
109 100 -0.813148
109 119 -1.216143
109 209 -1.701070
110 111 1.430886
110 120 -0.106435
110 210 0.175270
111 112 0.329493
111 121 -0.051660
111 211 0.164438
112 113 -0.297257
112 122 0.231326
112 212 -0.527734
113 114 0.117586
113 123 -0.750470
113 213 -1.351402
114 115 0.685327
114 124 0.418994
114 214 -2.615819
115 116 -0.159421
115 125 -1.267608
115 215 -0.577966
116 117 1.370521
116 126 -0.259334
116 216 -0.131033
117 118 -0.236205
117 127 -0.757289
117 217 -0.190314
118 119 -0.977527
118 128 -1.254665
118 218 -0.034388
119 110 0.769541
119 129 0.143790
119 219 0.328189
120 121 -0.419805
120 130 1.024438
120 220 -0.973393
121 122 -0.141261
121 131 0.050699
121 221 -0.978701
122 123 0.660527
122 132 -0.218653
122 222 1.127813
123 124 -0.711258
123 133 2.157896
123 223 -0.649523
124 125 -0.736405
124 134 1.511042
124 224 -0.325299
125 126 -1.672716
125 135 1.247171
125 225 -0.191908
126 127 2.198934
126 136 -0.941236
126 226 -0.044853
127 128 0.839109
127 137 1.121094
127 227 0.210664
128 129 0.950820
128 138 -0.162510
128 228 0.074827
129 120 1.642856
129 139 -1.584811
129 229 0.570072
130 131 0.022920
130 140 -0.335599
130 230 -1.660583
131 132 1.228241
131 141 1.806682
131 231 0.831581
132 133 0.424993
132 142 2.562750
132 232 -1.207832
133 134 0.202545
133 143 -0.734960
133 233 0.993614
134 135 -1.382280
134 144 0.427310
134 234 -2.467975
135 136 -0.464673
135 145 -0.204525
135 235 -0.988541
136 137 0.200961
136 146 0.755245
136 236 0.122120
137 138 1.923011
137 147 0.804723
137 237 -0.061797
138 139 0.121960
138 148 -1.152685
138 238 -0.626120
139 130 -1.007027
139 149 1.444621
139 239 0.344674
140 141 -0.484214
140 150 -0.848778
140 240 -1.108335
141 142 -0.055236
141 151 -0.216525
141 241 0.789178
142 143 0.356118
142 152 0.715790
142 242 -1.944962
143 144 0.186811
143 153 -0.089072
143 243 -2.277783
144 145 -0.912076
144 154 1.336016
144 244 -1.072689
145 146 -0.349152
145 155 -0.312595
145 245 -0.578044
146 147 -0.264907
146 156 1.580428
146 246 0.047439
147 148 -0.510207
147 157 1.561302
147 247 0.036829
148 149 -1.703042
148 158 -0.925733
148 248 0.049813
149 140 1.131669
149 159 0.199962
149 249 -0.183516
150 151 -1.136395
150 160 0.061615
150 250 -0.284714
151 152 -0.223702
151 161 -1.042142
151 251 -0.785623
152 153 -0.436510
152 162 0.294678
152 252 -0.057335
153 154 -0.202796
153 163 -0.055568
153 253 -1.380908
154 155 1.146625
154 164 0.119395
154 254 1.001597
155 156 0.144289
155 165 -0.863418
155 255 0.356165
156 157 -0.424346
156 166 -0.966986
156 256 -0.960669
157 158 0.292613
157 167 -0.044224
157 257 0.625596
158 159 -0.318125
158 168 -0.982795
158 258 -0.692606
159 150 -0.718581
159 169 -0.131897
159 259 -1.026518
160 161 0.403701
160 170 -0.320235
160 260 -0.224465
161 162 -2.540211
161 171 -0.126488
161 261 1.348595
162 163 -0.206899
162 172 -0.988589
162 262 -0.413382
163 164 0.785997
163 173 0.886315
163 263 -0.118895
164 165 -0.740892
164 174 -2.620120
164 264 -0.992838
165 166 2.490762
165 175 0.717252
165 265 -0.463399
166 167 -0.852884
166 176 -0.185239
166 266 -0.392479
167 168 -0.117208
167 177 -0.271647
167 267 -0.328224
168 169 -1.092404
168 178 -0.526704
168 268 -0.338904
169 160 0.949832
169 179 -1.180230
169 269 1.121391
170 171 0.646446
170 180 0.382155
170 270 -0.744771
171 172 1.267897
171 181 0.675925
171 271 0.794032
172 173 -1.232392
172 182 -0.483996
172 272 1.600868
173 174 -0.349566
173 183 0.866747
173 273 0.962561
174 175 -1.286145
174 184 -0.232661
174 274 -0.686522
175 176 0.380044
175 185 -1.572401
175 275 0.962370
176 177 -0.255290
176 186 -1.260248
176 276 -1.883821
177 178 -1.370654
177 187 -0.158731
177 277 -0.064096
178 179 -0.741995
178 188 -0.332411
178 278 -0.239281
179 170 1.224896
179 189 1.730294
179 279 -0.151357
180 181 0.888681
180 190 -1.760155
180 280 0.752108
181 182 -1.445813
181 191 0.555784
181 281 -1.105199
182 183 1.736956
182 192 0.846430
182 282 0.603608
183 184 0.621012
183 193 0.875753
183 283 1.602474
184 185 0.452337
184 194 0.184772
184 284 1.608267
185 186 -1.398171
185 195 1.899739
185 285 -0.123879
186 187 0.688125
186 196 -2.291488
186 286 0.503494
187 188 0.688624
187 197 0.072691
187 287 0.482052
188 189 -0.185539
188 198 0.181355
188 288 -0.259376
189 180 0.070081
189 199 0.726608
189 289 0.433306
190 191 -1.081565
190 100 1.768551
190 290 -0.472352
191 192 -0.236646
191 101 1.399661
191 291 0.585129
192 193 -0.116825
192 102 0.237284
192 292 0.515308
193 194 0.716169
193 103 -1.458574
193 293 -0.248659
194 195 -0.774847
194 104 0.398790
194 294 -0.680515
195 196 1.130180
195 105 -1.337183
195 295 -0.768299
196 197 -1.027667
196 106 -1.094830
196 296 0.139750
197 198 1.149083
197 107 1.208131
197 297 -1.408714
198 199 -0.492260
198 108 0.368929
198 298 1.167697
199 190 1.015405
199 109 0.317940
199 299 0.198412
200 201 -0.221341
200 210 0.440763
200 300 0.261191
201 202 1.619370
201 211 1.593779
201 301 0.743224
202 203 -1.186389
202 212 -2.472801
202 302 -1.494336
203 204 0.709910
203 213 1.175268
203 303 0.026719
204 205 0.709510
204 214 0.164307
204 304 -0.969054
205 206 -0.026347
205 215 -1.190564
205 305 0.854205
206 207 -1.374969
206 216 1.041512
206 306 -0.055517
207 208 -0.230918
207 217 -1.628363
207 307 -0.688152
208 209 -0.681687
208 218 -0.150432
208 308 -0.475250
209 200 0.435884
209 219 0.554142
209 309 0.062919
210 211 0.559709
210 220 0.621737
210 310 -1.972872
211 212 2.040660
211 221 -1.207391
211 311 -0.680406
212 213 -0.014171
212 222 -0.777471
212 312 0.253882
213 214 0.345466
213 223 -0.877120
213 313 0.383412
214 215 0.050702
214 224 -0.514891
214 314 1.856079
215 216 1.056033
215 225 -0.934473
215 315 0.969729
216 217 0.977403
216 226 0.797262
216 316 0.067625
217 218 0.099715
217 227 2.060217
217 317 0.264583
218 219 -2.032437
218 228 0.071106
218 318 -0.884976
219 210 0.420048
219 229 1.589723
219 319 0.011660
220 221 -0.312839
220 230 0.147773
220 320 0.729973
221 222 1.350252
221 231 -0.867168
221 321 -0.802071
222 223 -0.802119
222 232 -0.466264
222 322 0.244557
223 224 -1.116073
223 233 1.664578
223 323 -2.807972
224 225 0.661626
224 234 0.641130
224 324 -0.430410
225 226 0.829295
225 235 -0.384706
225 325 0.517101
226 227 -1.019172
226 236 -0.665906
226 326 -0.231743
227 228 1.114524
227 237 0.266525
227 327 0.410933
228 229 -0.092173
228 238 1.051390
228 328 0.714185
229 220 -0.874967
229 239 0.211706
229 329 1.079686
230 231 0.458111
230 240 0.330885
230 330 2.620702
231 232 -1.255019
231 241 -0.127262
231 331 0.601872
232 233 -0.596608
232 242 -1.046527
232 332 -1.209915
233 234 -0.705573
233 243 -0.887302
233 333 0.590758
234 235 -2.129532
234 244 -0.733584
234 334 -0.445889
235 236 0.187380
235 245 -0.900344
235 335 0.644267
236 237 -0.126523
236 246 -0.058173
236 336 -1.840627
237 238 -0.189540
237 247 1.261247
237 337 -0.721046
238 239 -2.510597
238 248 -1.004559
238 338 0.722036
239 230 -0.026806
239 249 -0.266020
239 339 0.137829
240 241 1.083222
240 250 -0.614870
240 340 -0.133809
241 242 -0.456289
241 251 0.140894
241 341 1.501323
242 243 -1.780905
242 252 -0.835112
242 342 -0.121074
243 244 -1.019878
243 253 0.376349
243 343 -1.402912
244 245 0.702389
244 254 0.225292
244 344 0.993690
245 246 0.698369
245 255 0.299265
245 345 -0.745527
246 247 -0.437805
246 256 0.014086
246 346 -0.770639
247 248 -1.335325
247 257 -1.359760
247 347 0.020995
248 249 1.401736
248 258 -0.059473
248 348 0.682192
249 240 1.249418
249 259 -0.565596
249 349 -1.829053
250 251 -1.138383
250 260 0.937472
250 350 -0.532250
251 252 -0.059830
251 261 0.876015
251 351 -0.176048
252 253 -0.657594
252 262 -2.503240
252 352 0.132232
253 254 0.844241
253 263 -0.806840
253 353 -0.148835
254 255 -1.136725
254 264 -1.057577
254 354 0.443932
255 256 -1.634782
255 265 1.233727
255 355 -0.132035
256 257 0.869587
256 266 1.635658
256 356 -0.709101
257 258 -1.685813
257 267 0.338271
257 357 -0.481593
258 259 -0.472182
258 268 0.496207
258 358 -0.826256
259 250 -0.538454
259 269 -2.314309
259 359 -1.355743
260 261 -1.059704
260 270 -1.509886
260 360 -0.173321
261 262 -1.261958
261 271 0.199302
261 361 0.067151
262 263 -0.016148
262 272 -1.873979
262 362 0.136382
263 264 2.083649
263 273 -0.259786
263 363 0.213103
264 265 1.174163
264 274 0.945168
264 364 -1.422752
265 266 0.141580
265 275 0.706812
265 365 1.167499
266 267 0.227140
266 276 1.600249
266 366 0.617675
267 268 -2.247002
267 277 0.399103
267 367 0.700329
268 269 -0.698151
268 278 0.122474
268 368 0.330158
269 260 0.554378
269 279 -1.533464
269 369 -0.294175
270 271 0.170180
270 280 0.019511
270 370 -0.332400
271 272 1.234726
271 281 -0.735406
271 371 -0.751944
272 273 -0.431407
272 282 -0.033911
272 372 -0.320503
273 274 -0.902152
273 283 1.104211
273 373 -0.147042
274 275 0.845078
274 284 1.032878
274 374 -1.152315
275 276 0.014496
275 285 0.528225
275 375 0.020077
276 277 -0.495632
276 286 -0.909189
276 376 0.489021
277 278 -0.502799
277 287 0.942296
277 377 0.500005
278 279 1.175771
278 288 -1.464515
278 378 0.240073
279 270 0.012624
279 289 1.103142
279 379 0.209690
280 281 -1.078689
280 290 -0.220283
280 380 -1.415223
281 282 -1.877655
281 291 -1.047003
281 381 0.695159
282 283 -0.428773
282 292 0.314761
282 382 0.242803
283 284 -0.024099
283 293 -1.127765
283 383 -0.545820
284 285 0.569379
284 294 -0.224202
284 384 -0.242238
285 286 2.307164
285 295 -0.684883
285 385 0.922607
286 287 0.265342
286 296 -0.397901
286 386 -0.660850
287 288 -0.480559
287 297 -0.808741
287 387 1.092253
288 289 -0.973281
288 298 -0.122397
288 388 1.834760
289 280 2.454528
289 299 0.775397
289 389 0.553412
290 291 -0.661685
290 200 0.843593
290 390 0.021809
291 292 -1.224032
291 201 -1.031927
291 391 -0.722118
292 293 0.326280
292 202 0.890937
292 392 -0.278534
293 294 0.316142
293 203 0.202177
293 393 1.142566
294 295 -0.614875
294 204 0.977876
294 394 0.138864
295 296 0.567974
295 205 -0.648534
295 395 -0.033771
296 297 -0.027428
296 206 1.179887
296 396 -0.362344
297 298 -1.647060
297 207 0.514199
297 397 0.111848
298 299 0.726871
298 208 -0.515128
298 398 0.921473
299 290 -0.129070
299 209 -1.592347
299 399 2.544050
300 301 -0.703040
300 310 -0.178224
300 400 -1.211577
301 302 -1.690044
301 311 1.835950
301 401 0.543891
302 303 -0.981916
302 312 -1.082708
302 402 0.485731
303 304 -1.752370
303 313 -1.053272
303 403 -0.259748
304 305 0.064864
304 314 0.639307
304 404 -0.790643
305 306 1.549724
305 315 -0.884705
305 405 -2.154444
306 307 -1.008441
306 316 0.826977
306 406 0.041042
307 308 2.117978
307 317 0.537945
307 407 -1.063571
308 309 1.771366
308 318 -2.180644
308 408 0.554956
309 300 0.078408
309 319 -0.608311
309 409 -0.439753
310 311 -0.845176
310 320 1.026403
310 410 0.836037
311 312 -0.408119
311 321 1.649703
311 411 -0.939030
312 313 -2.465371
312 322 0.749535
312 412 0.851810
313 314 0.193573
313 323 0.128980
313 413 -0.752637
314 315 -1.574976
314 324 0.618367
314 414 0.980042
315 316 -0.807510
315 325 0.163438
315 415 0.550643
316 317 0.098155
316 326 -0.287859
316 416 -0.616341
317 318 -1.128466
317 327 0.459789
317 417 -0.424888
318 319 -0.096209
318 328 0.383426
318 418 -0.180717
319 310 1.331838
319 329 -0.140047
319 419 1.377405
320 321 0.453387
320 330 1.636370
320 420 -0.385906
321 322 1.176533
321 331 0.419237
321 421 2.107497
322 323 0.924404
322 332 -0.583433
322 422 -0.422448
323 324 -0.975964
323 333 -0.887262
323 423 -0.660573
324 325 -1.539997
324 334 -0.780608
324 424 -0.111118
325 326 -1.343452
325 335 -0.258904
325 425 1.362347
326 327 2.226361
326 336 1.661036
326 426 -1.736147
327 328 0.265382
327 337 1.399895
327 427 -1.809525
328 329 -1.612792
328 338 -0.140885
328 428 -0.525641
329 320 -0.221262
329 339 1.031785
329 429 -0.649302
330 331 1.186729
330 340 -0.658389
330 430 -0.451042
331 332 1.121838
331 341 -0.606929
331 431 -1.084863
332 333 -0.105740
332 342 -0.988821
332 432 0.523045
333 334 1.927073
333 343 1.202013
333 433 -0.464799
334 335 0.455339
334 344 1.496099
334 434 -1.403896
335 336 1.036155
335 345 -0.200645
335 435 0.784011
336 337 2.215704
336 346 0.706181
336 436 0.675337
337 338 1.002990
337 347 -1.810727
337 437 0.132933
338 339 -0.180701
338 348 0.566729
338 438 2.192848
339 330 1.310246
339 349 0.780265
339 439 0.438866
340 341 -1.030818
340 350 0.211233
340 440 -0.308233
341 342 -0.794687
341 351 -1.737649
341 441 0.204059
342 343 -0.226940
342 352 -1.205288
342 442 -2.003400
343 344 -1.061946
343 353 -0.456765
343 443 -0.874399
344 345 -0.907539
344 354 0.539679
344 444 0.481088
345 346 -0.592636
345 355 1.500747
345 445 -1.339585
346 347 0.041184
346 356 0.948244
346 446 -0.799101
347 348 0.525168
347 357 -1.706707
347 447 1.088227
348 349 1.000421
348 358 0.219120
348 448 0.156045
349 340 -0.603622
349 359 -1.441686
349 449 0.485306
350 351 0.253058
350 360 -0.569818
350 450 1.528750
351 352 -0.137115
351 361 -0.143780
351 451 1.161583
352 353 1.003176
352 362 0.662860
352 452 0.064751
353 354 0.188760
353 363 -0.170782
353 453 -1.159515
354 355 0.076042
354 364 0.117389
354 454 -0.197119
355 356 1.456339
355 365 -0.275755
355 455 1.816918
356 357 0.861818
356 366 0.220268
356 456 2.208612
357 358 -0.407082
357 367 0.299313
357 457 0.704973
358 359 -2.036345
358 368 0.788362
358 458 0.476177
359 350 -0.038311
359 369 0.612615
359 459 -0.681646
360 361 -0.751097
360 370 -0.483041
360 460 -0.147304
361 362 -1.168190
361 371 0.581411
361 461 1.107503
362 363 -1.214009
362 372 -0.204732
362 462 -0.860270
363 364 -1.444251
363 373 1.282297
363 463 -1.363373
364 365 0.927308
364 374 -0.717533
364 464 0.179780
365 366 0.803778
365 375 -1.226428
365 465 1.810278
366 367 -0.308912
366 376 -1.459662
366 466 -0.006956
367 368 -1.620092
367 377 -0.950770
367 467 0.896051
368 369 0.018436
368 378 -0.768826
368 468 1.217140
369 360 0.808855
369 379 0.461572
369 469 1.887411
370 371 0.379471
370 380 -1.233544
370 470 -1.132748
371 372 -1.604945
371 381 2.018980
371 471 -0.798072
372 373 1.099731
372 382 -0.790794
372 472 1.177951
373 374 -1.571745
373 383 -0.494348
373 473 -1.818702
374 375 0.535697
374 384 0.515171
374 474 -0.730800
375 376 -0.553114
375 385 -0.513148
375 475 1.201141
376 377 -1.156525
376 386 0.006533
376 476 -0.084918
377 378 -1.091426
377 387 1.771916
377 477 -0.364474
378 379 -0.499841
378 388 -0.991959
378 478 0.773234
379 370 1.759134
379 389 -0.604954
379 479 -1.187207
380 381 0.720415
380 390 -0.897407
380 480 1.061156
381 382 -0.327727
381 391 -0.489503
381 481 -0.155474
382 383 -1.319082
382 392 0.066853
382 482 0.068459
383 384 0.080342
383 393 0.953288
383 483 0.967886
384 385 0.899746
384 394 -0.310456
384 484 0.509190
385 386 -1.218594
385 395 1.999028
385 485 0.871573
386 387 -0.180189
386 396 1.376842
386 486 -1.349276
387 388 -0.911431
387 397 -0.379788
387 487 -1.314507
388 389 -0.058507
388 398 1.323928
388 488 -1.262543
389 380 0.499324
389 399 1.252958
389 489 -0.606068
390 391 -0.358483
390 300 0.053353
390 490 0.178361
391 392 0.155197
391 301 -0.570289
391 491 -0.645281
392 393 -0.179878
392 302 2.134249
392 492 0.235441
393 394 1.141542
393 303 0.020969
393 493 0.168973
394 395 -0.956172
394 304 1.380899
394 494 0.412950
395 396 0.873962
395 305 -1.072106
395 495 1.304397
396 397 2.251126
396 306 -0.492254
396 496 -0.946513
397 398 -0.001277
397 307 0.665260
397 497 -0.681366
398 399 -0.794606
398 308 -0.003847
398 498 -0.403763
399 390 -1.019777
399 309 -0.208860
399 499 -0.270210
400 401 0.846992
400 410 1.376513
400 500 1.118940
401 402 -1.420060
401 411 -0.621367
401 501 0.795854
402 403 -0.596847
402 412 -1.101102
402 502 0.069829
403 404 -0.946650
403 413 1.683349
403 503 -1.503159
404 405 -0.150262
404 414 0.086324
404 504 2.090620
405 406 -0.492616
405 415 0.235793
405 505 0.070871
406 407 -0.027528
406 416 0.457417
406 506 -0.207866
407 408 1.187605
407 417 0.948290
407 507 -0.635604
408 409 -0.588652
408 418 0.737845
408 508 1.601036
409 400 -0.088595
409 419 0.151081
409 509 0.537083
410 411 -0.412699
410 420 -0.375091
410 510 -0.226299
411 412 -1.711288
411 421 -1.010004
411 511 -0.472541
412 413 -1.593214
412 422 -0.406266
412 512 -0.515553
413 414 -0.183934
413 423 -0.394427
413 513 0.317632
414 415 -0.734103
414 424 0.567692
414 514 -0.847894
415 416 -0.191054
415 425 1.657287
415 515 0.290163
416 417 -0.003542
416 426 -0.243874
416 516 0.507927
417 418 -1.927181
417 427 0.571747
417 517 -0.597259
418 419 0.198925
418 428 -0.578750
418 518 0.220986
419 410 -1.302624
419 429 -0.826737
419 519 0.219953
420 421 -2.456639
420 430 -1.412549
420 520 -0.272562
421 422 -1.580100
421 431 0.607043
421 521 -0.583732
422 423 1.153991
422 432 1.063331
422 522 0.523921
423 424 -0.802118
423 433 -2.373455
423 523 1.127861
424 425 1.184805
424 434 -0.265084
424 524 0.269327
425 426 -0.252248
425 435 0.195751
425 525 0.327189
426 427 0.000313
426 436 -1.726995
426 526 -1.505187
427 428 2.691124
427 437 0.524876
427 527 -0.258154
428 429 -1.055025
428 438 0.986792
428 528 0.742712
429 420 -1.251693
429 439 -1.142118
429 529 -0.872535
430 431 -0.695163
430 440 3.136126
430 530 0.296311
431 432 1.370063
431 441 2.162617
431 531 1.002770
432 433 -2.014537
432 442 -0.137016
432 532 0.359150
433 434 -0.880629
433 443 0.402761
433 533 -1.013498
434 435 1.534807
434 444 -1.621278
434 534 -0.717937
435 436 1.396181
435 445 -0.611760
435 535 0.054785
436 437 -0.483381
436 446 0.231745
436 536 -0.125631
437 438 0.063973
437 447 -0.654074
437 537 -1.708529
438 439 0.467560
438 448 -0.560948
438 538 -0.561183
439 430 -0.318075
439 449 -0.104976
439 539 -0.107992
440 441 -0.006758
440 450 -0.088288
440 540 0.664666
441 442 -0.373172
441 451 -0.066063
441 541 0.418933
442 443 -1.023930
442 452 1.437217
442 542 -0.159373
443 444 -0.021903
443 453 -0.619296
443 543 -0.296690
444 445 0.043991
444 454 -0.696559
444 544 -0.361903
445 446 -0.948036
445 455 0.820711
445 545 0.027204
446 447 -0.456913
446 456 -0.321129
446 546 0.208798
447 448 -0.494815
447 457 0.039983
447 547 -0.332105
448 449 -1.301356
448 458 -0.130197
448 548 0.299390
449 440 -0.906634
449 459 0.581154
449 549 -0.451116
450 451 0.672381
450 460 0.489646
450 550 -1.616957
451 452 0.606944
451 461 0.830299
451 551 0.499576
452 453 1.321791
452 462 0.341580
452 552 -0.207891
453 454 -0.646144
453 463 1.446847
453 553 -0.292663
454 455 0.022197
454 464 0.379135
454 554 0.373626
455 456 0.836592
455 465 0.641769
455 555 0.157947
456 457 -1.586652
456 466 -0.339284
456 556 -1.522126
457 458 0.585471
457 467 0.176399
457 557 0.252581
458 459 -0.276495
458 468 0.412669
458 558 -1.814156
459 450 1.508296
459 469 -0.881451
459 559 1.013740
460 461 -0.141902
460 470 -1.394774
460 560 -0.414299
461 462 -0.513592
461 471 -0.365691
461 561 -0.652177
462 463 0.646123
462 472 0.385039
462 562 0.735343
463 464 -0.940656
463 473 -0.083780
463 563 -0.275719
464 465 0.316487
464 474 0.406771
464 564 -0.440378
465 466 -0.721546
465 475 -0.873430
465 565 1.160336
466 467 0.631286
466 476 0.289796
466 566 -0.911423
467 468 0.205765
467 477 1.137100
467 567 0.153967
468 469 -0.371443
468 478 -1.610480
468 568 -1.474378
469 460 0.011784
469 479 -1.273072
469 569 -0.888771
470 471 -0.632195
470 480 0.357068
470 570 0.547319
471 472 -1.292804
471 481 1.256211
471 571 -0.521330
472 473 0.215823
472 482 0.711363
472 572 0.432372
473 474 -1.689898
473 483 0.526206
473 573 -0.461972
474 475 -3.124596
474 484 -1.982153
474 574 1.228932
475 476 0.018558
475 485 -0.691746
475 575 -0.237986
476 477 -1.124377
476 486 -1.201635
476 576 -0.460742
477 478 -0.769950
477 487 0.051148
477 577 -1.004255
478 479 2.102276
478 488 -1.814816
478 578 -1.071503
479 470 0.405230
479 489 -0.185172
479 579 -0.589787
480 481 0.417072
480 490 0.771351
480 580 -0.069723
481 482 -0.843613
481 491 -0.031961
481 581 -2.148308
482 483 0.125747
482 492 -0.718359
482 582 -1.362968
483 484 -1.040659
483 493 1.443432
483 583 0.181970
484 485 -0.404796
484 494 0.114008
484 584 -2.135254
485 486 -0.536138
485 495 1.075379
485 585 1.863260
486 487 -0.702182
486 496 -0.682764
486 586 -0.035328
487 488 1.173193
487 497 -1.973903
487 587 -0.393429
488 489 2.189297
488 498 0.851280
488 588 0.610196
489 480 1.620576
489 499 0.539557
489 589 0.763318
490 491 0.045041
490 400 -0.003998
490 590 0.777337
491 492 1.780521
491 401 -0.477121
491 591 1.306968
492 493 0.421539
492 402 1.310937
492 592 0.161279
493 494 0.065145
493 403 1.136767
493 593 -0.088418
494 495 -0.137449
494 404 1.948224
494 594 1.007401
495 496 -0.407950
495 405 -1.045356
495 595 -2.466213
496 497 0.511758
496 406 -0.745837
496 596 0.789140
497 498 -1.222487
497 407 0.842294
497 597 0.884665
498 499 -0.908524
498 408 -1.319596
498 598 -1.930029
499 490 -1.204461
499 409 0.835477
499 599 -0.536063
500 501 -1.305093
500 510 -0.666647
500 600 -0.341218
501 502 -0.016116
501 511 0.230303
501 601 -0.659131
502 503 -0.337141
502 512 -0.026664
502 602 -0.930664
503 504 -1.675859
503 513 -0.885943
503 603 0.056344
504 505 0.660867
504 514 -1.738805
504 604 1.611354
505 506 0.160246
505 515 -0.932455
505 605 -0.150027
506 507 0.889237
506 516 -0.063712
506 606 0.101320
507 508 0.621598
507 517 -0.001937
507 607 -0.901165
508 509 -0.088129
508 518 0.201265
508 608 -0.109061
509 500 0.884885
509 519 2.645074
509 609 1.126208
510 511 -0.781386
510 520 0.693327
510 610 0.122961
511 512 -1.616899
511 521 -0.078630
511 611 -0.154846
512 513 -0.581199
512 522 0.682821
512 612 -0.138352
513 514 -0.753461
513 523 -1.237994
513 613 0.760296
514 515 -1.257523
514 524 -0.319476
514 614 0.098028
515 516 2.032324
515 525 -0.297589
515 615 0.582415
516 517 0.512026
516 526 0.360834
516 616 -1.678345
517 518 -0.335560
517 527 1.433037
517 617 -0.507638
518 519 -0.874313
518 528 -0.430043
518 618 0.688310
519 510 0.236913
519 529 1.021421
519 619 -0.311452
520 521 0.394114
520 530 0.714823
520 620 1.742317
521 522 0.664025
521 531 0.866759
521 621 -1.700929
522 523 -0.228780
522 532 2.134723
522 622 -0.902967
523 524 -1.034541
523 533 -0.692967
523 623 -0.814510
524 525 0.713639
524 534 0.576538
524 624 0.936943
525 526 1.718288
525 535 -0.847952
525 625 -0.384303
526 527 -0.093085
526 536 -0.182959
526 626 0.201972
527 528 -1.787686
527 537 -0.052034
527 627 -0.124733
528 529 1.131138
528 538 0.671975
528 628 1.416771
529 520 -0.901926
529 539 -0.589778
529 629 0.952635
530 531 -0.400953
530 540 0.379507
530 630 -1.195416
531 532 -1.190801
531 541 -0.511538
531 631 2.487231
532 533 -0.413148
532 542 1.182848
532 632 2.423356
533 534 0.584909
533 543 -1.569851
533 633 -0.129681
534 535 0.845835
534 544 0.126283
534 634 1.047265
535 536 0.404555
535 545 0.691210
535 635 -1.048252
536 537 1.436113
536 546 -2.525964
536 636 0.968286
537 538 0.017618
537 547 -0.047788
537 637 -1.026155
538 539 -1.131626
538 548 -1.086982
538 638 0.158366
539 530 0.165196
539 549 -0.763676
539 639 0.417197
540 541 -1.275588
540 550 0.641222
540 640 1.251424
541 542 -0.516309
541 551 -1.706970
541 641 -0.387132
542 543 -0.601404
542 552 0.111484
542 642 0.625580
543 544 0.027214
543 553 -0.048515
543 643 0.955834
544 545 0.274012
544 554 0.954002
544 644 -0.009806
545 546 0.781121
545 555 1.547337
545 645 -0.245573
546 547 0.125560
546 556 2.415605
546 646 -1.118767
547 548 0.100820
547 557 -0.837810
547 647 -0.280961
548 549 0.297770
548 558 0.673503
548 648 0.029900
549 540 0.098390
549 559 -2.119536
549 649 1.764890
550 551 1.118429
550 560 -0.508663
550 650 1.400905
551 552 -0.620404
551 561 1.410853
551 651 0.443312
552 553 0.217198
552 562 -1.014968
552 652 0.243842
553 554 -1.629457
553 563 -0.870266
553 653 -0.140296
554 555 0.400380
554 564 -0.888506
554 654 0.705939
555 556 -2.053311
555 565 -0.611497
555 655 0.062084
556 557 -0.744203
556 566 0.118440
556 656 -1.267748
557 558 -1.556590
557 567 -0.789431
557 657 1.186083
558 559 2.036243
558 568 -0.526597
558 658 0.338443
559 550 0.868819
559 569 -0.690020
559 659 0.610779
560 561 0.318483
560 570 0.257711
560 660 -0.458108
561 562 0.588375
561 571 0.992300
561 661 0.319988
562 563 0.031435
562 572 0.191884
562 662 -1.853372
563 564 -1.155369
563 573 1.182189
563 663 1.726002
564 565 -0.004710
564 574 1.022697
564 664 0.817806
565 566 -0.896502
565 575 -1.149179
565 665 -0.632939
566 567 -0.282249
566 576 0.362775
566 666 0.839357
567 568 -1.570398
567 577 0.276303
567 667 -0.150601
568 569 -0.194433
568 578 -1.259011
568 668 -0.061189
569 560 0.786601
569 579 0.972463
569 669 0.647442
570 571 0.133311
570 580 -0.064133
570 670 0.960590
571 572 1.152928
571 581 -0.268658
571 671 -0.319260
572 573 1.224101
572 582 0.715866
572 672 0.592367
573 574 1.085429
573 583 -1.454399
573 673 -0.847543
574 575 0.772580
574 584 1.230943
574 674 -0.428005
575 576 -0.162357
575 585 -1.897299
575 675 -0.365990
576 577 -0.864061
576 586 -1.990697
576 676 1.523020
577 578 0.728209
577 587 -1.148160
577 677 1.085779
578 579 0.198026
578 588 -0.328798
578 678 -0.265336
579 570 -0.468391
579 589 -0.015663
579 679 -0.772045
580 581 -0.347440
580 590 0.067424
580 680 -1.117661
581 582 -0.379333
581 591 -0.292770
581 681 0.764827
582 583 -0.668054
582 592 1.166134
582 682 0.295680
583 584 -1.495538
583 593 0.786290
583 683 0.510341
584 585 0.000359
584 594 0.118341
584 684 -1.211390
585 586 -0.478617
585 595 -2.430588
585 685 -0.349083
586 587 1.107804
586 596 -1.660594
586 686 -2.846450
587 588 0.088497
587 597 0.104230
587 687 -0.425706
588 589 0.929569
588 598 1.517270
588 688 -1.535820
589 580 -1.216425
589 599 1.503710
589 689 0.208822
590 591 -1.351848
590 500 0.254125
590 690 -1.596541
591 592 1.039180
591 501 -1.233578
591 691 0.624924
592 593 1.373974
592 502 2.232955
592 692 0.167224
593 594 0.849583
593 503 -0.255908
593 693 -0.348055
594 595 0.925845
594 504 -0.170705
594 694 0.029185
595 596 0.018929
595 505 2.381006
595 695 -1.295942
596 597 -1.255600
596 506 0.214591
596 696 -0.193399
597 598 1.659392
597 507 2.068566
597 697 0.392253
598 599 0.121489
598 508 -1.542920
598 698 -0.322539
599 590 0.974126
599 509 -0.151953
599 699 -1.213166
600 601 -1.694324
600 610 -0.416670
600 700 0.677675
601 602 0.410624
601 611 0.376803
601 701 0.704988
602 603 -1.074712
602 612 0.803048
602 702 1.382359
603 604 0.194618
603 613 -1.185458
603 703 -0.180567
604 605 -1.394524
604 614 0.376509
604 704 2.092998
605 606 -0.753213
605 615 0.103090
605 705 1.077824
606 607 -0.767170
606 616 -0.890229
606 706 0.231529
607 608 1.246304
607 617 1.325258
607 707 -0.671757
608 609 -1.265318
608 618 2.310957
608 708 -0.461210
609 600 -0.970039
609 619 0.969741
609 709 -0.093126
610 611 -0.047261
610 620 -0.138602
610 710 0.330930
611 612 -0.946373
611 621 -2.839924
611 711 0.155125
612 613 0.522161
612 622 -0.224809
612 712 0.046464
613 614 1.554026
613 623 2.173342
613 713 0.219185
614 615 -0.727263
614 624 0.870009
614 714 -0.545235
615 616 -0.189641
615 625 -1.147447
615 715 -0.564064
616 617 -0.321336
616 626 0.176009
616 716 1.049635
617 618 0.047087
617 627 -0.298163
617 717 -0.102867
618 619 -0.110361
618 628 -0.166583
618 718 0.252302
619 610 0.803319
619 629 2.318813
619 719 1.066156
620 621 0.364641
620 630 -0.848068
620 720 0.985235
621 622 0.609759
621 631 0.746359
621 721 0.975811
622 623 -1.115244
622 632 0.368323
622 722 0.852523
623 624 -0.237275
623 633 0.431913
623 723 0.598413
624 625 -0.424027
624 634 -1.990985
624 724 1.091020
625 626 0.906262
625 635 0.057427
625 725 1.954963
626 627 -0.543722
626 636 -0.262318
626 726 -0.857573
627 628 -1.664181
627 637 0.766906
627 727 1.681337
628 629 -1.263712
628 638 -1.407849
628 728 -1.241417
629 620 -0.161440
629 639 -0.601105
629 729 0.079260
630 631 -0.014943
630 640 -1.487308
630 730 -0.380691
631 632 -0.467578
631 641 0.341600
631 731 -0.518862
632 633 0.701879
632 642 1.839352
632 732 0.230215
633 634 -0.823747
633 643 1.518663
633 733 0.683910
634 635 1.088704
634 644 0.755910
634 734 0.559985
635 636 -1.096674
635 645 0.573610
635 735 0.107658
636 637 0.328906
636 646 1.033515
636 736 0.336880
637 638 0.860733
637 647 1.133357
637 737 0.739073
638 639 -0.008034
638 648 -1.253347
638 738 0.581416
639 630 -0.321612
639 649 -0.165802
639 739 -0.107988
640 641 -0.500408
640 650 0.089989
640 740 -1.215981
641 642 2.407806
641 651 1.365730
641 741 -0.243976
642 643 0.289136
642 652 -0.193603
642 742 1.270716
643 644 -0.620677
643 653 -0.579418
643 743 0.760322
644 645 0.679886
644 654 -0.857553
644 744 -0.372679
645 646 -0.973699
645 655 -0.064194
645 745 1.291991
646 647 0.594019
646 656 -0.601489
646 746 -2.323960
647 648 -0.824971
647 657 -1.038442
647 747 -0.019304
648 649 1.700419
648 658 1.254221
648 748 0.998813
649 640 -0.324916
649 659 -1.478690
649 749 0.657202
650 651 -0.528361
650 660 -1.007654
650 750 -0.568158
651 652 -1.600092
651 661 -0.114314
651 751 -0.452177
652 653 0.887393
652 662 0.345130
652 752 0.607708
653 654 -1.231450
653 663 -1.058673
653 753 1.982192
654 655 -0.616740
654 664 -1.034874
654 754 -1.074627
655 656 0.360730
655 665 0.371756
655 755 -0.286898
656 657 0.637904
656 666 -0.742605
656 756 -0.346269
657 658 -0.903606
657 667 1.185978
657 757 -0.229203
658 659 1.463207
658 668 -0.361826
658 758 -1.959227
659 650 0.040608
659 669 0.495101
659 759 -1.624647
660 661 -0.471934
660 670 1.867609
660 760 -0.738989
661 662 0.902094
661 671 0.720416
661 761 -0.109549
662 663 -0.072839
662 672 -1.378680
662 762 0.382299
663 664 -0.929705
663 673 -1.781260
663 763 -1.012088
664 665 -0.168793
664 674 0.284746
664 764 0.307215
665 666 -0.137403
665 675 -0.477152
665 765 0.007949
666 667 -0.925747
666 676 0.584485
666 766 -0.226886
667 668 0.663067
667 677 -0.272262
667 767 0.989348
668 669 -0.680229
668 678 -0.323832
668 768 0.442019
669 660 -0.438655
669 679 -0.269153
669 769 -1.510457
670 671 -0.518035
670 680 0.317284
670 770 1.870567
671 672 -0.057050
671 681 -0.652140
671 771 1.535969
672 673 -1.646125
672 682 -0.296745
672 772 1.191072
673 674 -2.074904
673 683 -0.713512
673 773 0.275174
674 675 -0.426732
674 684 0.283699
674 774 -1.829476
675 676 -0.004822
675 685 -1.430188
675 775 0.680925
676 677 -0.153256
676 686 0.300905
676 776 -0.093699
677 678 0.624937
677 687 1.134111
677 777 -0.767937
678 679 0.039956
678 688 1.488011
678 778 1.044742
679 670 1.191571
679 689 -0.837934
679 779 -0.961360
680 681 0.873782
680 690 0.051811
680 780 -0.784441
681 682 -0.278430
681 691 0.780750
681 781 -1.054421
682 683 -0.606658
682 692 -0.684899
682 782 0.815324
683 684 -0.446716
683 693 -0.770002
683 783 0.100538
684 685 0.668593
684 694 0.289250
684 784 -2.086781
685 686 1.068356
685 695 -0.318457
685 785 0.096478
686 687 0.819377
686 696 0.599830
686 786 0.496180
687 688 -0.936838
687 697 -0.071578
687 787 -0.526367
688 689 -0.751716
688 698 -0.822974
688 788 -1.236919
689 680 0.102565
689 699 0.016908
689 789 -0.854098
690 691 0.920112
690 600 -0.431230
690 790 1.691090
691 692 0.386328
691 601 0.012149
691 791 0.012750
692 693 -0.537908
692 602 -0.110230
692 792 -0.757755
693 694 -0.970124
693 603 0.347415
693 793 -1.668646
694 695 -0.704791
694 604 -1.488099
694 794 -1.939901
695 696 1.686675
695 605 0.831996
695 795 -1.632178
696 697 -0.094101
696 606 1.248117
696 796 -1.036299
697 698 0.033101
697 607 -0.623295
697 797 -0.343422
698 699 0.769332
698 608 0.678258
698 798 0.189077
699 690 0.386229
699 609 -0.488911
699 799 -1.323887
700 701 1.790618
700 710 0.223008
700 800 0.761516
701 702 -0.702052
701 711 -0.385262
701 801 0.099980
702 703 -0.677424
702 712 -0.144107
702 802 -0.436450
703 704 0.156582
703 713 -1.226014
703 803 -1.559382
704 705 0.019437
704 714 0.391029
704 804 0.530207
705 706 -0.155230
705 715 -1.036224
705 805 1.984087
706 707 0.699457
706 716 -0.173787
706 806 -1.260220
707 708 1.407748
707 717 -0.339703
707 807 0.709691
708 709 -1.451256
708 718 0.583273
708 808 -2.335673
709 700 0.807960
709 719 -1.668435
709 809 2.118177
710 711 1.615862
710 720 -0.680569
710 810 -0.302997
711 712 -0.522939
711 721 -1.223268
711 811 0.062035
712 713 1.116311
712 722 -0.097183
712 812 -1.731527
713 714 -1.544586
713 723 -0.205433
713 813 -2.572241
714 715 0.112391
714 724 -1.129417
714 814 -0.622813
715 716 -1.688524
715 725 -1.136802
715 815 0.783292
716 717 -0.355397
716 726 0.358317
716 816 -2.133980
717 718 -0.299097
717 727 -0.542116
717 817 -0.672301
718 719 0.535608
718 728 -0.996157
718 818 -0.487547
719 710 0.759137
719 729 1.370012
719 819 0.346318
720 721 -0.353948
720 730 -0.856923
720 820 0.632233
721 722 0.261516
721 731 -0.638259
721 821 2.629234
722 723 0.162978
722 732 1.030791
722 822 0.500460
723 724 1.765676
723 733 -0.098101
723 823 -0.207507
724 725 0.445206
724 734 -1.413209
724 824 -1.244281
725 726 0.090560
725 735 -0.835252
725 825 1.055742
726 727 1.315765
726 736 1.173620
726 826 0.396385
727 728 1.063113
727 737 -2.484787
727 827 1.338109
728 729 -0.046026
728 738 0.028457
728 828 1.118394
729 720 0.844334
729 739 -0.477241
729 829 0.275753
730 731 0.429858
730 740 -0.819277
730 830 -0.162445
731 732 -0.146661
731 741 0.343071
731 831 -0.461120
732 733 0.540564
732 742 -1.124742
732 832 -1.115020
733 734 -0.245924
733 743 0.033492
733 833 0.656846
734 735 -1.302669
734 744 0.323185
734 834 2.521704
735 736 0.102813
735 745 -0.151512
735 835 0.066243
736 737 0.128265
736 746 -0.003072
736 836 -0.078875
737 738 0.525932
737 747 0.678810
737 837 1.604724
738 739 -0.094619
738 748 -0.561997
738 838 -0.864128
739 730 1.757054
739 749 -0.548375
739 839 0.963538
740 741 -2.046558
740 750 2.453651
740 840 -0.893262
741 742 -0.197355
741 751 -0.306289
741 841 -1.051404
742 743 0.990318
742 752 -1.243269
742 842 -1.482839
743 744 -0.472787
743 753 -0.577710
743 843 1.470537
744 745 -0.049607
744 754 -2.585850
744 844 0.572588
745 746 -1.733504
745 755 -1.187520
745 845 -0.753436
746 747 -0.864402
746 756 -1.200380
746 846 0.515360
747 748 -0.307557
747 757 -0.157022
747 847 -0.022037
748 749 1.544238
748 758 1.301708
748 848 -1.041874
749 740 -0.773481
749 759 0.081895
749 849 -0.334498
750 751 -1.319685
750 760 1.604577
750 850 -0.085280
751 752 -0.265351
751 761 -0.609109
751 851 -0.368683
752 753 -1.231124
752 762 -1.138826
752 852 0.017547
753 754 1.311570
753 763 -1.010719
753 853 0.569972
754 755 0.731861
754 764 1.389945
754 854 -0.522218
755 756 -0.707911
755 765 -0.193895
755 855 0.174737
756 757 -0.575677
756 766 1.654161
756 856 0.844177
757 758 -1.468865
757 767 -0.650085
757 857 0.273383
758 759 0.271992
758 768 1.600138
758 858 0.456991
759 750 0.517314
759 769 -0.348995
759 859 -0.330854
760 761 0.308633
760 770 0.515123
760 860 -0.097804
761 762 0.207061
761 771 -1.286395
761 861 -0.133771
762 763 -0.694428
762 772 -0.905248
762 862 0.627473
763 764 -0.685647
763 773 0.168288
763 863 0.356707
764 765 1.477778
764 774 0.187571
764 864 1.519155
765 766 -0.082936
765 775 1.079413
765 865 0.773059
766 767 0.522292
766 776 -1.678259
766 866 -1.674369
767 768 1.351333
767 777 0.952964
767 867 -0.156207
768 769 -0.132686
768 778 1.626614
768 868 -1.318642
769 760 2.412730
769 779 -0.691583
769 869 1.195889
770 771 1.541987
770 780 -0.061753
770 870 -0.208255
771 772 -0.165927
771 781 -0.580698
771 871 -0.097292
772 773 -0.681334
772 782 0.988004
772 872 -1.946665
773 774 1.431343
773 783 2.095741
773 873 -1.045331
774 775 0.031369
774 784 -0.845700
774 874 0.627115
775 776 0.237526
775 785 0.431617
775 875 0.206849
776 777 -0.885093
776 786 -0.376977
776 876 0.857417
777 778 -1.255626
777 787 0.081892
777 877 -1.447814
778 779 -0.319592
778 788 -0.809991
778 878 -0.249876
779 770 0.815718
779 789 0.543821
779 879 1.019355
780 781 0.295022
780 790 0.121366
780 880 0.021719
781 782 -1.227624
781 791 0.910698
781 881 -0.289391
782 783 -0.260008
782 792 1.528085
782 882 -0.104002
783 784 1.885863
783 793 -0.795862
783 883 0.096557
784 785 -0.019772
784 794 -0.562864
784 884 0.812604
785 786 1.098370
785 795 -2.391173
785 885 -0.091284
786 787 -0.565173
786 796 -0.944107
786 886 -1.465628
787 788 0.910958
787 797 0.352680
787 887 0.193053
788 789 0.250748
788 798 -0.679237
788 888 1.562633
789 780 -0.983318
789 799 1.098822
789 889 0.612669
790 791 -0.297987
790 700 0.446813
790 890 -0.494008
791 792 0.304239
791 701 0.819603
791 891 -2.262080
792 793 0.580595
792 702 0.197049
792 892 1.257091
793 794 0.221641
793 703 0.662218
793 893 0.368262
794 795 0.450229
794 704 -2.197337
794 894 -0.085152
795 796 0.320957
795 705 0.669685
795 895 2.209198
796 797 0.522416
796 706 -0.462489
796 896 1.407728
797 798 0.121432
797 707 -0.507085
797 897 -1.540971
798 799 -0.068592
798 708 0.101929
798 898 -1.328667
799 790 -0.108482
799 709 -1.265392
799 899 -1.193831
800 801 -0.141122
800 810 -0.912094
800 900 -0.481352
801 802 0.368308
801 811 0.009210
801 901 0.909584
802 803 -0.549184
802 812 -1.085936
802 902 0.908324
803 804 -0.818228
803 813 -0.148846
803 903 0.142080
804 805 0.019319
804 814 -1.413726
804 904 0.732677
805 806 -0.912239
805 815 -0.235715
805 905 0.093710
806 807 -1.367142
806 816 -0.070730
806 906 -0.560865
807 808 0.615122
807 817 1.639721
807 907 1.267312
808 809 -0.516527
808 818 -0.497669
808 908 -1.269081
809 800 -0.424114
809 819 -1.621243
809 909 1.421676
810 811 2.661999
810 820 0.377736
810 910 0.835998
811 812 0.984009
811 821 0.184337
811 911 0.371864
812 813 0.224774
812 822 -1.177097
812 912 -0.380750
813 814 -1.453334
813 823 0.149821
813 913 0.276819
814 815 -1.664562
814 824 0.400755
814 914 0.935775
815 816 -0.194365
815 825 0.408937
815 915 0.084982
816 817 0.980106
816 826 -0.060009
816 916 -1.063501
817 818 0.851370
817 827 -0.548027
817 917 -0.472209
818 819 0.310966
818 828 -1.032373
818 918 0.217361
819 810 0.074530
819 829 0.012947
819 919 -0.523661
820 821 -0.318409
820 830 0.451093
820 920 -0.634337
821 822 -3.387711
821 831 -1.168393
821 921 0.268731
822 823 -1.270968
822 832 -0.630571
822 922 0.061285
823 824 1.160935
823 833 -0.024890
823 923 0.284693
824 825 0.755794
824 834 0.170848
824 924 -0.741206
825 826 0.090531
825 835 -1.094788
825 925 -1.044655
826 827 -1.299182
826 836 1.769107
826 926 -0.088538
827 828 -0.454976
827 837 -0.677875
827 927 -0.056675
828 829 0.602862
828 838 0.327323
828 928 0.402571
829 820 0.426425
829 839 0.587290
829 929 1.452920
830 831 0.728893
830 840 0.911929
830 930 1.520787
831 832 0.249429
831 841 -0.620449
831 931 1.174873
832 833 0.607627
832 842 1.424141
832 932 -0.694701
833 834 -0.035395
833 843 0.907193
833 933 -2.047936
834 835 2.309656
834 844 0.560024
834 934 -0.693770
835 836 -0.064954
835 845 0.303450
835 935 0.696542
836 837 0.964879
836 846 -0.355694
836 936 -0.980463
837 838 -0.974312
837 847 0.128692
837 937 0.449181
838 839 -1.496358
838 848 0.924121
838 938 0.023662
839 830 -0.585611
839 849 0.129384
839 939 -0.360027
840 841 -0.184566
840 850 1.620239
840 940 1.667121
841 842 -0.966670
841 851 0.082389
841 941 1.182565
842 843 0.386576
842 852 0.373323
842 942 0.286273
843 844 0.212085
843 853 -0.237440
843 943 0.524220
844 845 1.006632
844 854 -0.462309
844 944 -0.265129
845 846 1.685587
845 855 -0.097878
845 945 -0.184696
846 847 -0.052112
846 856 -0.020029
846 946 -1.014832
847 848 0.506648
847 857 0.130710
847 947 -0.360594
848 849 1.210584
848 858 0.762105
848 948 1.000261
849 840 0.874480
849 859 -0.441080
849 949 -0.299397
850 851 0.060587
850 860 -0.550952
850 950 0.639772
851 852 -0.372268
851 861 1.247906
851 951 1.408681
852 853 0.504318
852 862 -0.277171
852 952 1.092316
853 854 0.384317
853 863 0.716330
853 953 1.612255
854 855 0.561143
854 864 -0.290046
854 954 -0.586729
855 856 0.018585
855 865 -1.443006
855 955 1.058026
856 857 0.375091
856 866 1.166702
856 956 -0.454128
857 858 -2.793124
857 867 -0.006366
857 957 -2.073228
858 859 -1.482695
858 868 -2.971412
858 958 -0.623383
859 850 0.344610
859 869 0.055167
859 959 0.724682
860 861 0.076981
860 870 -0.251805
860 960 -0.396337
861 862 -0.020232
861 871 0.668927
861 961 1.392979
862 863 2.589824
862 872 -0.894854
862 962 0.359775
863 864 1.384524
863 873 -0.628444
863 963 -0.260212
864 865 -1.318955
864 874 -1.177324
864 964 -0.397973
865 866 0.634532
865 875 0.683172
865 965 -2.419398
866 867 -0.760136
866 876 -0.865800
866 966 -0.287815
867 868 -0.687261
867 877 -0.334908
867 967 -0.205270
868 869 -0.140360
868 878 -0.564010
868 968 -0.959002
869 860 0.799737
869 879 0.343966
869 969 2.714888
870 871 0.344493
870 880 0.858680
870 970 0.762142
871 872 -1.458407
871 881 0.498952
871 971 -0.612423
872 873 -0.815712
872 882 0.614700
872 972 -1.488146
873 874 1.182859
873 883 -0.868904
873 973 -1.593901
874 875 -0.506121
874 884 0.793887
874 974 0.162267
875 876 -0.749721
875 885 1.372595
875 975 -0.409146
876 877 0.262480
876 886 -0.666388
876 976 -0.578258
877 878 -1.050046
877 887 0.635339
877 977 0.507073
878 879 0.416130
878 888 -0.960729
878 978 -1.117873
879 870 -0.913575
879 889 0.710655
879 979 -0.193884
880 881 0.593086
880 890 1.105495
880 980 -0.873418
881 882 -0.183533
881 891 0.291699
881 981 2.081130
882 883 1.480003
882 892 -0.441226
882 982 -1.283231
883 884 -0.051221
883 893 -0.870936
883 983 0.664217
884 885 -1.403807
884 894 0.128486
884 984 -1.276295
885 886 -1.090745
885 895 0.426727
885 985 -0.384291
886 887 -0.944756
886 896 0.104861
886 986 -0.671313
887 888 2.561429
887 897 -0.255345
887 987 -0.428928
888 889 0.453384
888 898 -0.469773
888 988 1.003662
889 880 0.212410
889 899 -0.090678
889 989 -0.990785
890 891 1.615607
890 800 -0.988731
890 990 0.531496
891 892 -0.936032
891 801 -1.165177
891 991 0.824396
892 893 0.254785
892 802 0.340978
892 992 -1.360753
893 894 1.485781
893 803 -0.857909
893 993 0.083359
894 895 0.128038
894 804 0.796474
894 994 -0.746363
895 896 -0.651242
895 805 0.765436
895 995 -0.983968
896 897 -0.329925
896 806 -1.792159
896 996 -0.722243
897 898 -0.571275
897 807 -0.785207
897 997 -0.488163
898 899 0.574346
898 808 -0.260430
898 998 1.122353
899 890 0.579769
899 809 -0.010415
899 999 -1.010352
900 901 -1.088301
900 910 -0.161932
900 0 0.083071
901 902 -1.152791
901 911 -0.661407
901 1 0.379915
902 903 0.071685
902 912 0.764142
902 2 0.161428
903 904 0.036971
903 913 0.103778
903 3 -0.548209
904 905 -0.244958
904 914 -0.736961
904 4 0.638464
905 906 -1.757323
905 915 -0.715076
905 5 -0.184661
906 907 -0.681094
906 916 -0.503136
906 6 1.214732
907 908 0.217071
907 917 -0.893780
907 7 -0.882361
908 909 -1.827377
908 918 1.597585
908 8 -0.322162
909 900 0.588265
909 919 -0.337196
909 9 -0.143052
910 911 -0.811039
910 920 -1.391883
910 10 0.378563
911 912 1.932124
911 921 -1.058954
911 11 0.828808
912 913 1.038656
912 922 1.001907
912 12 1.025650
913 914 0.573627
913 923 -1.291463
913 13 -1.149404
914 915 0.177094
914 924 0.542703
914 14 -0.650962
915 916 0.098873
915 925 0.409086
915 15 -0.245055
916 917 -0.334595
916 926 0.554611
916 16 1.631985
917 918 0.712285
917 927 -1.181914
917 17 -0.496908
918 919 0.776741
918 928 -0.500351
918 18 1.706158
919 910 -0.045577
919 929 1.405425
919 19 1.476492
920 921 0.454512
920 930 2.069415
920 20 -0.477142
921 922 -1.270404
921 931 -1.186651
921 21 -1.107573
922 923 0.457375
922 932 0.128806
922 22 -1.674630
923 924 -0.747379
923 933 -0.306396
923 23 -1.687739
924 925 0.999188
924 934 -0.445624
924 24 -0.352856
925 926 -0.454898
925 935 1.590348
925 25 -1.244309
926 927 0.389457
926 936 -0.977416
926 26 -2.496601
927 928 -0.614397
927 937 1.199228
927 27 -0.041447
928 929 -0.610771
928 938 -1.314295
928 28 -0.702274
929 920 0.557886
929 939 0.379824
929 29 1.900330
930 931 0.100120
930 940 -0.026997
930 30 0.686978
931 932 1.098732
931 941 -0.137428
931 31 1.388929
932 933 -0.239943
932 942 1.773237
932 32 0.244309
933 934 1.659613
933 943 1.304981
933 33 -0.830957
934 935 -1.576018
934 944 -0.668588
934 34 -0.036937
935 936 0.899907
935 945 0.499184
935 35 -1.311963
936 937 0.419900
936 946 0.589603
936 36 -1.360354
937 938 -0.319527
937 947 0.357913
937 37 0.677972
938 939 0.496397
938 948 0.922139
938 38 1.372229
939 930 0.758400
939 949 0.199836
939 39 -0.921988
940 941 -0.181757
940 950 1.120785
940 40 1.735134
941 942 0.097881
941 951 -1.034368
941 41 -0.309731
942 943 0.907254
942 952 1.606141
942 42 0.200621
943 944 -0.476934
943 953 -0.582051
943 43 0.420437
944 945 -1.250302
944 954 -1.120862
944 44 1.767215
945 946 -1.378976
945 955 0.074617
945 45 0.750520
946 947 -0.572589
946 956 0.130071
946 46 -3.340086
947 948 0.854478
947 957 -0.046208
947 47 1.244367
948 949 1.267760
948 958 1.097172
948 48 0.484638
949 940 0.201672
949 959 2.721057
949 49 0.961442
950 951 0.357068
950 960 -0.208097
950 50 -0.254209
951 952 0.078839
951 961 -0.071016
951 51 0.168640
952 953 -0.425872
952 962 1.231095
952 52 1.432496
953 954 -0.896265
953 963 -1.204807
953 53 -0.370947
954 955 0.977558
954 964 -2.484064
954 54 -0.041890
955 956 1.777981
955 965 -0.721005
955 55 -0.423215
956 957 0.204168
956 966 1.456660
956 56 -1.625534
957 958 -0.935768
957 967 -0.579243
957 57 -1.134724
958 959 0.489435
958 968 -0.346513
958 58 -0.760950
959 950 -0.781918
959 969 0.306040
959 59 -1.197620
960 961 -0.362395
960 970 0.390435
960 60 -0.334383
961 962 -0.183390
961 971 -0.740916
961 61 -0.677233
962 963 0.007868
962 972 -0.297871
962 62 0.048885
963 964 -1.026840
963 973 0.418909
963 63 1.068794
964 965 -0.900028
964 974 0.805160
964 64 2.269711
965 966 0.697422
965 975 0.208312
965 65 -0.081293
966 967 -0.423327
966 976 0.544720
966 66 0.698087
967 968 0.881851
967 977 1.300843
967 67 1.421271
968 969 -0.030952
968 978 -0.010494
968 68 -0.071828
969 960 -0.366856
969 979 0.082446
969 69 0.533729
970 971 0.041671
970 980 -0.773654
970 70 1.034172
971 972 0.369505
971 981 -1.383837
971 71 0.102828
972 973 0.188549
972 982 -0.767054
972 72 0.893477
973 974 0.635924
973 983 1.244013
973 73 0.072825
974 975 -0.258756
974 984 0.119577
974 74 -0.508988
975 976 0.716596
975 985 -1.555590
975 75 0.645275
976 977 1.356974
976 986 -0.299519
976 76 0.427868
977 978 -0.467542
977 987 0.875377
977 77 -1.174434
978 979 -1.176336
978 988 0.881882
978 78 -0.184699
979 970 -2.084936
979 989 -1.294885
979 79 0.862041
980 981 0.879662
980 990 1.591879
980 80 0.197485
981 982 -2.200269
981 991 0.685696
981 81 0.004628
982 983 -0.394812
982 992 -1.345672
982 82 0.899192
983 984 -0.881980
983 993 -0.199208
983 83 -1.024119
984 985 0.556106
984 994 0.030533
984 84 -0.739972
985 986 0.502374
985 995 -0.673393
985 85 -0.480392
986 987 -0.511081
986 996 -0.162586
986 86 -2.324194
987 988 0.249522
987 997 1.138775
987 87 -0.886683
988 989 -0.222736
988 998 0.872711
988 88 0.380924
989 980 2.200434
989 999 0.726428
989 89 -0.634126
990 991 -1.267774
990 900 -0.142995
990 90 -1.031985
991 992 -0.350252
991 901 1.607083
991 91 0.064595
992 993 1.412717
992 902 -1.355751
992 92 0.590871
993 994 1.161483
993 903 -0.357764
993 93 -1.302453
994 995 -0.160104
994 904 -0.067782
994 94 1.250773
995 996 -0.063356
995 905 -0.653312
995 95 -1.517136
996 997 -1.006359
996 906 -0.479184
996 96 1.017474
997 998 1.448881
997 907 0.233971
997 97 -0.162719
998 999 0.784651
998 908 0.742028
998 98 0.462925
999 990 1.288611
999 909 -0.640100
999 99 0.595442
