0 1 0.930462
0 10 -1.209734
0 100 1.716555
1 2 -0.191714
1 11 0.274494
1 101 -0.425760
2 3 -1.698038
2 12 0.440776
2 102 0.565393
3 4 0.424460
3 13 -0.620664
3 103 -0.524381
4 5 0.842631
4 14 2.212898
4 104 0.490935
5 6 -1.363728
5 15 0.984292
5 105 1.281550
6 7 -1.414665
6 16 0.156057
6 106 -0.952152
7 8 0.594070
7 17 0.647450
7 107 -0.202377
8 9 0.320728
8 18 0.895369
8 108 0.346420
9 0 -0.752784
9 19 -0.546902
9 109 1.219024
10 11 0.894417
10 20 0.667978
10 110 1.362281
11 12 2.236190
11 21 -1.635002
11 111 -0.847579
12 13 1.225016
12 22 1.880888
12 112 0.216669
13 14 0.546878
13 23 0.464107
13 113 1.046785
14 15 0.018866
14 24 0.676926
14 114 0.099964
15 16 -0.274513
15 25 0.476458
15 115 -0.028499
16 17 -0.936719
16 26 -0.053261
16 116 -1.111796
17 18 0.074039
17 27 -1.337040
17 117 -1.208125
18 19 -1.695101
18 28 -1.268145
18 118 -0.409966
19 10 -0.512287
19 29 -1.797557
19 119 -1.351832
20 21 0.411027
20 30 0.104152
20 120 0.149086
21 22 -0.959111
21 31 0.908007
21 121 1.109805
22 23 0.971683
22 32 -0.832974
22 122 -0.166822
23 24 -0.840746
23 33 2.076440
23 123 1.102079
24 25 -1.681884
24 34 0.004846
24 124 0.550735
25 26 1.457619
25 35 -0.665168
25 125 -0.376153
26 27 -0.186786
26 36 -0.001724
26 126 0.289374
27 28 -0.927526
27 37 -1.145743
27 127 0.384525
28 29 -0.993624
28 38 -0.622823
28 128 0.869534
29 20 -0.380409
29 39 -0.102790
29 129 -1.096568
30 31 -0.073688
30 40 -1.602584
30 130 0.707420
31 32 -0.261070
31 41 0.336589
31 131 -1.677578
32 33 -0.504718
32 42 1.195491
32 132 1.324837
33 34 -0.358233
33 43 -0.545784
33 133 -1.108871
34 35 -1.246918
34 44 -1.488719
34 134 0.472812
35 36 1.772248
35 45 -0.786686
35 135 2.287799
36 37 -0.990513
36 46 -0.046269
36 136 1.491422
37 38 1.025064
37 47 -0.741961
37 137 0.898015
38 39 0.247875
38 48 1.681457
38 138 0.364052
39 30 0.379423
39 49 0.305100
39 139 -0.472116
40 41 1.627384
40 50 0.664251
40 140 1.339303
41 42 -0.054923
41 51 -0.093149
41 141 -1.535270
42 43 -1.363025
42 52 1.978676
42 142 1.956679
43 44 -0.045837
43 53 0.394439
43 143 0.879136
44 45 -1.670927
44 54 0.443143
44 144 1.830368
45 46 -0.672206
45 55 1.038424
45 145 -0.963477
46 47 -0.530612
46 56 0.059896
46 146 -0.193026
47 48 0.106516
47 57 0.125258
47 147 0.548788
48 49 -0.021130
48 58 -0.311713
48 148 -0.371114
49 40 -0.008553
49 59 0.302109
49 149 -0.029370
50 51 0.278236
50 60 0.294819
50 150 0.522803
51 52 0.273633
51 61 1.410535
51 151 0.735064
52 53 -0.449309
52 62 -1.366814
52 152 -0.265249
53 54 2.007548
53 63 -1.366331
53 153 -0.776285
54 55 0.742768
54 64 -1.119265
54 154 1.131320
55 56 0.254610
55 65 0.834480
55 155 0.938276
56 57 0.107775
56 66 0.753291
56 156 -0.506820
57 58 -1.174777
57 67 -0.641520
57 157 2.242502
58 59 0.853814
58 68 0.804347
58 158 -0.933579
59 50 1.000003
59 69 -0.337314
59 159 2.221891
60 61 -0.102717
60 70 1.144890
60 160 -0.298918
61 62 -1.747740
61 71 -0.725670
61 161 -0.100691
62 63 -0.515322
62 72 1.029046
62 162 -1.148559
63 64 -1.255658
63 73 0.349693
63 163 0.191385
64 65 0.514217
64 74 -0.832895
64 164 0.162399
65 66 0.869686
65 75 -2.167716
65 165 -0.769474
66 67 -1.002187
66 76 1.286178
66 166 -0.320328
67 68 -0.711763
67 77 -0.050797
67 167 -0.478466
68 69 0.760624
68 78 -2.222202
68 168 0.769478
69 60 -0.386609
69 79 0.681163
69 169 -0.492654
70 71 1.063496
70 80 0.533180
70 170 0.931206
71 72 1.005166
71 81 -0.822675
71 171 -0.582469
72 73 1.231699
72 82 0.962162
72 172 2.548297
73 74 1.138893
73 83 0.608059
73 173 0.349744
74 75 0.126384
74 84 1.233058
74 174 0.838237
75 76 1.765791
75 85 1.242460
75 175 -0.291382
76 77 0.015167
76 86 -0.854204
76 176 -1.444799
77 78 -0.069572
77 87 0.099136
77 177 -1.228320
78 79 -0.539664
78 88 0.368662
78 178 -2.260237
79 70 0.575652
79 89 -0.007570
79 179 1.671130
80 81 0.360477
80 90 -0.527791
80 180 -0.961600
81 82 1.078647
81 91 1.396779
81 181 -1.524037
82 83 -1.381069
82 92 -1.996329
82 182 -1.669525
83 84 -0.693505
83 93 -0.994426
83 183 -0.168339
84 85 0.467855
84 94 -0.012203
84 184 0.169084
85 86 -1.259880
85 95 -0.268317
85 185 1.385754
86 87 0.816356
86 96 -0.796601
86 186 -0.096697
87 88 -0.610233
87 97 -0.110086
87 187 0.465176
88 89 1.225529
88 98 0.408466
88 188 1.274411
89 80 -0.882873
89 99 -1.113671
89 189 -1.749987
90 91 -1.924430
90 0 0.394314
90 190 0.896754
91 92 1.436332
91 1 -0.750168
91 191 1.279988
92 93 1.491079
92 2 -0.954719
92 192 1.161885
93 94 -1.546522
93 3 -1.551662
93 193 0.109287
94 95 -0.036197
94 4 -0.297613
94 194 2.590619
95 96 0.469441
95 5 0.424180
95 195 1.019831
96 97 -1.667469
96 6 0.970055
96 196 0.261719
97 98 0.281768
97 7 -0.553151
97 197 -0.752876
98 99 0.238866
98 8 -0.452631
98 198 -0.905857
99 90 -0.319085
99 9 -0.295792
99 199 -1.086574
100 101 -0.241006
100 110 0.047532
100 200 -0.942973
101 102 -1.278355
101 111 0.229813
101 201 0.708430
102 103 0.746787
102 112 2.213889
102 202 -0.090142
103 104 -0.218561
103 113 0.206121
103 203 0.324218
104 105 -0.286546
104 114 0.470151
104 204 1.439604
105 106 -0.228389
105 115 0.368410
105 205 1.468570
106 107 0.196741
106 116 0.130264
106 206 -0.470754
107 108 -1.123335
107 117 1.063752
107 207 -0.133951
108 109 0.483996
108 118 -0.604900
108 208 -0.900192
109 100 0.138820
109 119 -0.584917
109 209 -0.101373
110 111 1.261834
110 120 -1.822632
110 210 1.887012
111 112 -0.963641
111 121 -0.960116
111 211 -1.045544
112 113 -0.139766
112 122 0.371289
112 212 0.771567
113 114 -0.946889
113 123 0.571708
113 213 -0.134275
114 115 0.482180
114 124 -0.609545
114 214 -0.023317
115 116 0.693802
115 125 0.485986
115 215 0.601706
116 117 1.215800
116 126 -1.074526
116 216 -0.778854
117 118 0.467917
117 127 -0.058483
117 217 -0.277652
118 119 -0.674716
118 128 0.421289
118 218 -0.908860
119 110 2.442972
119 129 0.688799
119 219 0.404462
120 121 0.818342
120 130 -1.244474
120 220 -0.842636
121 122 -0.201130
121 131 0.748084
121 221 -0.727538
122 123 -0.267685
122 132 -0.871697
122 222 -0.816392
123 124 0.279300
123 133 0.515535
123 223 -1.299718
124 125 -1.937735
124 134 -0.422880
124 224 -1.811322
125 126 -0.480674
125 135 0.154450
125 225 -0.071760
126 127 1.452897
126 136 0.463375
126 226 1.000494
127 128 -0.722129
127 137 1.877169
127 227 -0.563322
128 129 -1.167006
128 138 -0.676730
128 228 1.522112
129 120 -1.803219
129 139 0.966998
129 229 1.386967
130 131 -1.073531
130 140 1.250859
130 230 1.293927
131 132 -0.035262
131 141 -1.160581
131 231 -0.376923
132 133 -0.461853
132 142 0.844356
132 232 0.049086
133 134 0.011341
133 143 1.856511
133 233 1.191721
134 135 -0.084386
134 144 1.249615
134 234 1.775599
135 136 0.559007
135 145 -0.139356
135 235 0.331083
136 137 0.679020
136 146 -0.386473
136 236 -0.896216
137 138 0.626163
137 147 -0.522048
137 237 -0.479504
138 139 -0.084190
138 148 -1.611972
138 238 -2.578870
139 130 -1.779100
139 149 0.496859
139 239 -0.697049
140 141 0.884525
140 150 0.241290
140 240 -0.661824
141 142 -1.696985
141 151 1.763124
141 241 -0.989947
142 143 1.502155
142 152 -0.705595
142 242 0.317207
143 144 1.446359
143 153 0.481234
143 243 -0.088220
144 145 0.884544
144 154 -0.497654
144 244 -0.774468
145 146 -1.256218
145 155 -1.658009
145 245 0.078158
146 147 -0.278417
146 156 -0.414407
146 246 -0.321184
147 148 0.354667
147 157 0.528674
147 247 0.606791
148 149 -1.357968
148 158 -0.679859
148 248 0.240284
149 140 0.300995
149 159 0.302045
149 249 0.293370
150 151 -1.273022
150 160 1.086645
150 250 -0.117697
151 152 -1.509597
151 161 -0.920813
151 251 0.787894
152 153 -1.014858
152 162 -1.781739
152 252 0.362796
153 154 -1.196795
153 163 0.177923
153 253 -0.592933
154 155 -1.441017
154 164 1.430962
154 254 0.463408
155 156 -1.135199
155 165 -0.503296
155 255 -1.123022
156 157 0.900387
156 166 -0.628761
156 256 -0.309443
157 158 0.654651
157 167 -1.649567
157 257 0.194785
158 159 -0.445507
158 168 0.474802
158 258 0.586897
159 150 -1.150447
159 169 -0.221910
159 259 0.912685
160 161 0.682719
160 170 -0.752846
160 260 -1.630796
161 162 0.377003
161 171 -0.429120
161 261 0.247870
162 163 -0.552262
162 172 0.096007
162 262 1.594777
163 164 0.919771
163 173 0.404964
163 263 2.354116
164 165 1.244316
164 174 1.922318
164 264 -0.125499
165 166 1.837708
165 175 0.839018
165 265 0.349944
166 167 0.531880
166 176 0.666741
166 266 -0.760395
167 168 0.736230
167 177 -0.266247
167 267 -1.637350
168 169 1.795831
168 178 0.261147
168 268 -1.323847
169 160 -0.640164
169 179 -1.933916
169 269 -0.980430
170 171 -0.721080
170 180 -2.666828
170 270 -0.929424
171 172 0.547251
171 181 -0.780656
171 271 -0.216003
172 173 0.484649
172 182 0.472019
172 272 -1.359758
173 174 0.618984
173 183 -0.549270
173 273 0.645672
174 175 -0.781005
174 184 0.284824
174 274 0.092343
175 176 0.151359
175 185 -1.318843
175 275 0.806075
176 177 0.827245
176 186 -0.436550
176 276 -0.645030
177 178 -0.443351
177 187 0.451263
177 277 1.801290
178 179 0.977624
178 188 0.058513
178 278 -0.671543
179 170 -1.058552
179 189 -0.363900
179 279 1.058403
180 181 -0.702495
180 190 -1.013982
180 280 -0.213486
181 182 0.334142
181 191 -0.153328
181 281 -1.597093
182 183 -1.029066
182 192 -0.716476
182 282 -0.868573
183 184 -0.918965
183 193 0.065687
183 283 0.339453
184 185 0.205211
184 194 0.724676
184 284 0.970247
185 186 -0.480125
185 195 -0.935770
185 285 -0.652543
186 187 0.016398
186 196 0.079033
186 286 1.338097
187 188 -0.035560
187 197 -0.719914
187 287 0.334426
188 189 -1.482839
188 198 0.302268
188 288 -0.435770
189 180 1.242305
189 199 0.541923
189 289 2.668217
190 191 -0.507259
190 100 2.015900
190 290 -2.498434
191 192 0.940325
191 101 1.188840
191 291 -0.504580
192 193 -0.590956
192 102 -0.576195
192 292 -0.203118
193 194 1.329852
193 103 -0.144147
193 293 0.963617
194 195 0.563105
194 104 -0.907870
194 294 0.715593
195 196 0.558692
195 105 -0.618275
195 295 0.569266
196 197 -0.126933
196 106 0.991881
196 296 0.520768
197 198 0.280208
197 107 -0.681648
197 297 -0.077761
198 199 -1.659813
198 108 0.398538
198 298 -1.336830
199 190 0.222783
199 109 -1.717678
199 299 1.669075
200 201 0.827450
200 210 -0.023900
200 300 1.023886
201 202 -0.142747
201 211 -0.428746
201 301 -0.041701
202 203 0.953407
202 212 -0.757309
202 302 -1.046410
203 204 -0.779811
203 213 -1.137891
203 303 -0.076613
204 205 0.680838
204 214 -0.033559
204 304 -0.469868
205 206 -0.797334
205 215 -1.202579
205 305 0.751219
206 207 2.129008
206 216 -1.085887
206 306 0.271037
207 208 -0.743521
207 217 1.052130
207 307 -0.575874
208 209 -0.297319
208 218 -1.266517
208 308 -0.606744
209 200 -0.291340
209 219 0.048810
209 309 -2.247270
210 211 1.023563
210 220 1.215407
210 310 -0.977817
211 212 0.443434
211 221 0.263632
211 311 0.140705
212 213 0.332461
212 222 -0.364293
212 312 0.172500
213 214 0.367637
213 223 -0.052863
213 313 0.045160
214 215 0.606285
214 224 -0.734592
214 314 1.551681
215 216 -0.424714
215 225 1.037797
215 315 -0.134790
216 217 -0.314743
216 226 2.053690
216 316 -0.777013
217 218 1.234803
217 227 0.120585
217 317 -0.087788
218 219 -0.117898
218 228 0.121240
218 318 -0.670559
219 210 0.138252
219 229 -0.727514
219 319 -1.638638
220 221 0.523166
220 230 -1.638238
220 320 -0.803653
221 222 -1.007625
221 231 1.665690
221 321 -0.816241
222 223 0.978966
222 232 -0.153392
222 322 0.199102
223 224 0.605295
223 233 -0.900456
223 323 -2.620829
224 225 -0.130860
224 234 0.587588
224 324 -0.154959
225 226 -1.804830
225 235 -0.744417
225 325 -1.642798
226 227 -0.331074
226 236 -0.283113
226 326 0.401285
227 228 0.334058
227 237 -1.098179
227 327 0.181528
228 229 -1.841034
228 238 0.761148
228 328 0.171753
229 220 0.799467
229 239 -0.745881
229 329 0.305052
230 231 -1.010730
230 240 1.902188
230 330 0.610598
231 232 1.290138
231 241 -0.277248
231 331 1.241060
232 233 2.364186
232 242 -1.068937
232 332 0.939035
233 234 -1.299102
233 243 -1.323514
233 333 0.435633
234 235 -2.019587
234 244 -0.044672
234 334 -0.123757
235 236 -0.081113
235 245 -1.671396
235 335 0.068563
236 237 1.077076
236 246 -0.612780
236 336 1.647730
237 238 -0.354397
237 247 -0.857160
237 337 0.330062
238 239 -0.210581
238 248 0.513118
238 338 -0.116435
239 230 -0.574427
239 249 1.447928
239 339 -0.999583
240 241 -0.569257
240 250 -0.585271
240 340 -2.313051
241 242 1.575253
241 251 -0.093405
241 341 0.726991
242 243 0.058513
242 252 -0.594226
242 342 -0.199749
243 244 -0.558049
243 253 0.901383
243 343 -0.595581
244 245 0.510682
244 254 -0.907363
244 344 -0.990309
245 246 -0.268709
245 255 -0.602745
245 345 0.365550
246 247 -0.267163
246 256 -1.112287
246 346 0.036959
247 248 2.439078
247 257 -1.333899
247 347 -1.284744
248 249 0.121327
248 258 -0.726863
248 348 -1.090698
249 240 1.152170
249 259 1.853963
249 349 -0.066280
250 251 1.302562
250 260 -0.186503
250 350 -0.889114
251 252 1.542177
251 261 0.977504
251 351 0.878804
252 253 -1.212397
252 262 -0.509653
252 352 -1.613340
253 254 1.250173
253 263 -2.542808
253 353 1.335983
254 255 1.323650
254 264 0.074173
254 354 0.782205
255 256 0.877956
255 265 -0.307558
255 355 -1.191063
256 257 -0.338694
256 266 -1.218288
256 356 -1.145688
257 258 1.216994
257 267 1.038956
257 357 0.902732
258 259 -0.955345
258 268 1.289884
258 358 2.345131
259 250 -0.799459
259 269 -0.281604
259 359 1.552473
260 261 0.854466
260 270 0.445510
260 360 -0.740896
261 262 -0.846169
261 271 -1.032788
261 361 -0.365074
262 263 0.944141
262 272 0.748883
262 362 0.211752
263 264 0.255021
263 273 -1.266635
263 363 2.038896
264 265 0.341056
264 274 1.024217
264 364 -0.540921
265 266 -1.526568
265 275 -1.078156
265 365 2.195842
266 267 -0.430805
266 276 0.087993
266 366 -0.266755
267 268 0.414739
267 277 1.190366
267 367 -0.770683
268 269 -0.675816
268 278 -2.168684
268 368 0.389616
269 260 -1.192778
269 279 -0.109100
269 369 0.524596
270 271 0.083721
270 280 -1.584428
270 370 -1.420092
271 272 0.204583
271 281 -0.377521
271 371 -0.064552
272 273 2.024275
272 282 -3.810285
272 372 -0.074718
273 274 -0.001078
273 283 0.206308
273 373 -0.135202
274 275 0.079614
274 284 -0.014050
274 374 0.752253
275 276 1.358954
275 285 -0.490919
275 375 0.702031
276 277 -0.604986
276 286 0.242754
276 376 -1.221580
277 278 -0.774888
277 287 -0.133952
277 377 -1.454816
278 279 1.024317
278 288 0.453090
278 378 0.320380
279 270 0.442487
279 289 -0.859102
279 379 0.146264
280 281 0.504549
280 290 -0.728545
280 380 0.954439
281 282 0.665295
281 291 -0.449861
281 381 1.178606
282 283 -0.443358
282 292 0.350982
282 382 -0.103433
283 284 0.377837
283 293 1.146368
283 383 0.871615
284 285 0.316014
284 294 1.605818
284 384 -0.022399
285 286 0.959883
285 295 -0.005686
285 385 -0.662025
286 287 -1.205103
286 296 1.097245
286 386 0.692444
287 288 -0.723795
287 297 -0.571783
287 387 0.312423
288 289 1.098504
288 298 0.887849
288 388 -2.044259
289 280 -0.794570
289 299 -1.424669
289 389 -1.365963
290 291 -0.710045
290 200 0.953140
290 390 -0.210587
291 292 0.306282
291 201 0.829062
291 391 -0.532958
292 293 1.641413
292 202 -2.145270
292 392 0.888241
293 294 0.029308
293 203 0.015104
293 393 0.784269
294 295 0.255533
294 204 -0.068078
294 394 1.724777
295 296 -0.091226
295 205 -0.233073
295 395 -1.359079
296 297 -0.680304
296 206 -0.399731
296 396 -0.428082
297 298 -0.562597
297 207 -0.329298
297 397 -0.517603
298 299 -0.878055
298 208 -0.123820
298 398 -2.165013
299 290 0.961058
299 209 1.698640
299 399 0.868466
300 301 0.264110
300 310 0.570300
300 400 1.121407
301 302 0.803425
301 311 0.120336
301 401 -0.507425
302 303 -1.160625
302 312 -0.366421
302 402 0.232877
303 304 0.108616
303 313 0.405516
303 403 1.047090
304 305 0.069232
304 314 -0.877683
304 404 0.779027
305 306 0.184520
305 315 -1.333076
305 405 1.226173
306 307 -0.127761
306 316 -0.850883
306 406 0.027347
307 308 0.619762
307 317 0.675521
307 407 -0.085334
308 309 1.135126
308 318 -0.594999
308 408 1.531917
309 300 0.185416
309 319 -0.271779
309 409 -0.066481
310 311 1.151016
310 320 2.008947
310 410 -2.093520
311 312 -0.189037
311 321 0.858696
311 411 0.878564
312 313 1.197974
312 322 0.054402
312 412 -0.701455
313 314 -0.485859
313 323 0.897830
313 413 0.005559
314 315 0.749848
314 324 0.183760
314 414 0.604222
315 316 0.596464
315 325 0.052103
315 415 -0.103359
316 317 0.531311
316 326 0.750269
316 416 0.099620
317 318 0.628491
317 327 0.411648
317 417 0.137575
318 319 0.720856
318 328 -0.035500
318 418 -0.462426
319 310 -3.125658
319 329 -0.708192
319 419 -0.266704
320 321 0.111620
320 330 -0.708195
320 420 -1.858495
321 322 -0.143982
321 331 0.232679
321 421 -0.416676
322 323 -0.162991
322 332 0.496532
322 422 0.030601
323 324 0.275082
323 333 0.673853
323 423 -0.577130
324 325 -1.813187
324 334 -0.903560
324 424 0.510041
325 326 0.112634
325 335 -3.394842
325 425 1.253026
326 327 0.349931
326 336 0.039582
326 426 -1.100652
327 328 0.014405
327 337 -1.031121
327 427 0.169006
328 329 -0.936542
328 338 -0.211419
328 428 0.334806
329 320 -0.286404
329 339 0.530900
329 429 -1.118004
330 331 -0.644232
330 340 0.722323
330 430 0.479603
331 332 -0.120389
331 341 -0.127874
331 431 1.427268
332 333 0.809375
332 342 0.468536
332 432 -0.117023
333 334 -0.646540
333 343 -1.407483
333 433 -0.640682
334 335 -0.739024
334 344 -1.279059
334 434 0.615989
335 336 -0.014793
335 345 0.940737
335 435 -1.144329
336 337 0.347922
336 346 -2.012431
336 436 -0.906636
337 338 -1.160004
337 347 0.836971
337 437 0.716202
338 339 -1.074332
338 348 -1.019953
338 438 -0.718136
339 330 -0.313707
339 349 0.442266
339 439 -1.646479
340 341 0.882078
340 350 0.642719
340 440 -0.306605
341 342 -0.233019
341 351 1.073246
341 441 1.455817
342 343 -1.339847
342 352 1.594096
342 442 1.568354
343 344 0.151713
343 353 -1.139075
343 443 0.921262
344 345 -0.505902
344 354 0.989997
344 444 1.094972
345 346 0.522217
345 355 -0.178195
345 445 0.055308
346 347 0.230191
346 356 0.472602
346 446 -0.639796
347 348 0.977867
347 357 1.110011
347 447 -1.961785
348 349 0.042129
348 358 -0.526469
348 448 0.364044
349 340 -0.995835
349 359 -0.405549
349 449 0.265656
350 351 -0.207851
350 360 -0.307363
350 450 2.169845
351 352 0.362136
351 361 -0.342227
351 451 -2.102884
352 353 -1.476197
352 362 -2.757518
352 452 0.557298
353 354 1.474243
353 363 -1.187586
353 453 -0.185726
354 355 -0.179301
354 364 1.093056
354 454 -1.019600
355 356 0.533427
355 365 -1.061239
355 455 2.021332
356 357 -0.726590
356 366 -0.749332
356 456 -0.053362
357 358 -0.087463
357 367 2.686038
357 457 -0.482788
358 359 -0.775654
358 368 -0.873761
358 458 0.148806
359 350 -1.273989
359 369 0.262831
359 459 1.898006
360 361 -0.665697
360 370 0.778183
360 460 0.258436
361 362 0.991011
361 371 0.179990
361 461 -0.478404
362 363 1.369098
362 372 -0.793746
362 462 0.010927
363 364 0.351780
363 373 0.767777
363 463 1.787902
364 365 -0.429255
364 374 -1.130980
364 464 -0.035651
365 366 0.221619
365 375 0.439155
365 465 -1.314337
366 367 -1.390414
366 376 1.817335
366 466 -0.276840
367 368 -0.556444
367 377 1.123485
367 467 1.839112
368 369 -0.438365
368 378 -0.805061
368 468 0.344086
369 360 -0.290928
369 379 2.825376
369 469 -0.154093
370 371 -0.452887
370 380 -1.656736
370 470 -0.520876
371 372 -0.634724
371 381 0.880674
371 471 -1.173418
372 373 -0.709739
372 382 -0.514213
372 472 0.004939
373 374 0.700416
373 383 -0.987310
373 473 0.418118
374 375 0.032337
374 384 -0.103399
374 474 -0.820981
375 376 -0.710198
375 385 -1.461800
375 475 -0.819276
376 377 -0.181901
376 386 0.491516
376 476 0.222911
377 378 0.491630
377 387 1.144546
377 477 -0.098964
378 379 0.306058
378 388 -0.696125
378 478 0.435744
379 370 0.376072
379 389 -0.193179
379 479 0.154052
380 381 0.131737
380 390 -0.558619
380 480 -1.004381
381 382 -0.366662
381 391 0.884765
381 481 0.086901
382 383 -0.890168
382 392 -0.855451
382 482 1.739711
383 384 -0.686735
383 393 0.545387
383 483 1.007802
384 385 0.027708
384 394 1.023208
384 484 0.749177
385 386 1.864759
385 395 0.710597
385 485 -0.167105
386 387 0.551813
386 396 -0.808496
386 486 -0.691557
387 388 -0.199599
387 397 0.848522
387 487 0.832176
388 389 1.876633
388 398 0.780066
388 488 1.579198
389 380 -0.766755
389 399 -0.092592
389 489 -1.046750
390 391 1.577765
390 300 1.195695
390 490 0.900821
391 392 -0.500500
391 301 -0.258197
391 491 -1.203639
392 393 0.582379
392 302 -1.696438
392 492 -1.193612
393 394 -0.043604
393 303 1.124573
393 493 -0.340004
394 395 -0.610477
394 304 1.017247
394 494 0.908061
395 396 0.668202
395 305 1.909432
395 495 -0.295661
396 397 -0.397127
396 306 -0.511501
396 496 1.382813
397 398 1.212540
397 307 -0.945684
397 497 -0.472066
398 399 -0.356996
398 308 -2.303212
398 498 2.077047
399 390 1.056471
399 309 -0.645423
399 499 0.256111
400 401 -0.123155
400 410 1.442034
400 500 -0.165507
401 402 0.476250
401 411 -1.338641
401 501 0.412042
402 403 -0.301491
402 412 -0.351430
402 502 0.486391
403 404 1.292935
403 413 1.916924
403 503 -0.223357
404 405 0.580491
404 414 -0.817266
404 504 -0.568352
405 406 -1.120369
405 415 -0.377055
405 505 0.448571
406 407 0.185482
406 416 -1.628628
406 506 0.115713
407 408 0.178241
407 417 1.009861
407 507 0.575814
408 409 0.869115
408 418 0.457267
408 508 0.387182
409 400 -0.849346
409 419 0.495067
409 509 0.934688
410 411 0.843375
410 420 -0.374266
410 510 0.663529
411 412 1.164565
411 421 0.595142
411 511 0.973911
412 413 0.981773
412 422 -0.081668
412 512 2.291352
413 414 -0.160867
413 423 -1.647445
413 513 0.759756
414 415 -0.778430
414 424 -0.136130
414 514 -0.424901
415 416 1.685762
415 425 -0.235228
415 515 0.223104
416 417 -0.529231
416 426 0.697631
416 516 0.462796
417 418 -1.870352
417 427 0.982469
417 517 0.021347
418 419 -1.223018
418 428 0.311425
418 518 -0.444980
419 410 -0.562852
419 429 0.331680
419 519 0.783557
420 421 -1.644391
420 430 -0.870670
420 520 1.578334
421 422 0.179309
421 431 0.587397
421 521 0.270754
422 423 0.775271
422 432 0.592363
422 522 -1.444618
423 424 -0.669645
423 433 -0.947608
423 523 -1.749263
424 425 0.444835
424 434 -0.484053
424 524 0.754691
425 426 1.464480
425 435 -0.880951
425 525 0.654350
426 427 2.295093
426 436 0.568749
426 526 -0.649681
427 428 0.598285
427 437 0.894595
427 527 -1.289726
428 429 -0.795895
428 438 -1.169671
428 528 -1.680120
429 420 -0.227983
429 439 -1.105963
429 529 -0.113192
430 431 -1.127904
430 440 2.263781
430 530 -0.376307
431 432 0.184421
431 441 0.507736
431 531 -0.104579
432 433 -0.594972
432 442 0.101796
432 532 0.988635
433 434 1.517592
433 443 -0.366365
433 533 -0.522080
434 435 0.291988
434 444 0.269760
434 534 -0.785627
435 436 0.847972
435 445 1.048515
435 535 1.639965
436 437 -0.146194
436 446 -1.881105
436 536 0.040910
437 438 -0.202989
437 447 -0.232287
437 537 -0.164710
438 439 1.325121
438 448 -0.962166
438 538 -1.457734
439 430 -0.866567
439 449 -2.330792
439 539 1.186767
440 441 0.879645
440 450 -1.075727
440 540 -0.335472
441 442 0.228411
441 451 -1.050595
441 541 -0.837287
442 443 -1.474734
442 452 -0.060698
442 542 -0.577451
443 444 0.583013
443 453 -0.216031
443 543 -0.764456
444 445 1.026416
444 454 -0.077418
444 544 -2.528142
445 446 -0.791080
445 455 -0.220507
445 545 0.776197
446 447 -0.205461
446 456 0.169149
446 546 -0.133450
447 448 1.599836
447 457 -0.514104
447 547 1.268547
448 449 0.335313
448 458 -0.683309
448 548 0.523422
449 440 0.196961
449 459 0.709925
449 549 -0.282319
450 451 1.102452
450 460 -1.042774
450 550 1.885610
451 452 0.189237
451 461 0.586085
451 551 1.257071
452 453 -1.077458
452 462 -1.120321
452 552 -1.689182
453 454 -0.701012
453 463 1.475332
453 553 1.327245
454 455 -0.538627
454 464 -0.567943
454 554 -0.350715
455 456 -0.163863
455 465 -0.755186
455 555 -1.037888
456 457 -0.629290
456 466 -2.144533
456 556 0.174129
457 458 -0.827708
457 467 0.970915
457 557 -0.689724
458 459 -0.927494
458 468 -0.248789
458 558 -0.941390
459 450 1.337514
459 469 1.162167
459 559 1.333791
460 461 -0.201580
460 470 0.081774
460 560 0.910132
461 462 -0.805718
461 471 -0.101725
461 561 -1.842433
462 463 0.715071
462 472 -1.104372
462 562 0.015766
463 464 -0.186521
463 473 -0.825865
463 563 0.701874
464 465 0.589630
464 474 -1.487573
464 564 0.896703
465 466 -1.473563
465 475 0.848068
465 565 0.628622
466 467 0.848839
466 476 -0.666009
466 566 0.309066
467 468 0.644948
467 477 -1.074986
467 567 1.840623
468 469 2.140929
468 478 2.066532
468 568 1.357302
469 460 0.397171
469 479 -1.099688
469 569 0.945570
470 471 0.192202
470 480 -1.684034
470 570 -1.001036
471 472 -0.456930
471 481 -0.094771
471 571 -0.033703
472 473 0.643568
472 482 1.578230
472 572 -0.428948
473 474 0.888828
473 483 -0.413930
473 573 -0.758680
474 475 0.452208
474 484 -2.053232
474 574 -0.467932
475 476 -1.908859
475 485 -0.066089
475 575 0.295044
476 477 1.088544
476 486 1.147504
476 576 -0.741406
477 478 -0.837724
477 487 -1.542157
477 577 2.250272
478 479 0.461065
478 488 -0.393403
478 578 -0.819958
479 470 -1.708433
479 489 0.086904
479 579 -1.984725
480 481 0.961457
480 490 -0.465362
480 580 -0.318121
481 482 -0.138421
481 491 -0.158388
481 581 -0.047988
482 483 0.451255
482 492 0.249110
482 582 1.117258
483 484 1.095951
483 493 0.183272
483 583 -1.375574
484 485 0.617546
484 494 0.287221
484 584 -1.377137
485 486 0.033174
485 495 0.139179
485 585 0.592628
486 487 0.240502
486 496 -1.108088
486 586 0.906387
487 488 0.887899
487 497 2.183861
487 587 0.003227
488 489 -1.540084
488 498 1.334285
488 588 -0.144263
489 480 -1.686512
489 499 0.269177
489 589 -0.409095
490 491 0.318782
490 400 0.903688
490 590 -0.266866
491 492 -0.842520
491 401 -0.816981
491 591 0.711469
492 493 -3.268093
492 402 -2.301622
492 592 -0.776764
493 494 0.047203
493 403 0.809929
493 593 0.415633
494 495 -0.079336
494 404 0.358845
494 594 0.536429
495 496 -1.322079
495 405 1.284898
495 595 -0.844252
496 497 1.085058
496 406 0.101618
496 596 0.862827
497 498 -0.819863
497 407 -1.794383
497 597 -0.247571
498 499 2.330609
498 408 0.031324
498 598 1.414211
499 490 0.572031
499 409 0.161766
499 599 -1.377645
500 501 -0.959980
500 510 0.850541
500 600 -0.379987
501 502 -0.071183
501 511 -0.777723
501 601 -0.582102
502 503 0.474442
502 512 0.169195
502 602 -1.190316
503 504 0.186209
503 513 -0.892217
503 603 2.628953
504 505 0.790792
504 514 1.079499
504 604 -1.300405
505 506 0.145963
505 515 1.027322
505 605 0.211220
506 507 0.883150
506 516 -0.307414
506 606 0.516895
507 508 1.025338
507 517 -0.683216
507 607 -0.241603
508 509 0.145668
508 518 1.646303
508 608 1.693666
509 500 -0.096494
509 519 0.499243
509 609 -1.077516
510 511 0.209454
510 520 -0.055410
510 610 1.118876
511 512 -0.595102
511 521 -1.059863
511 611 0.431479
512 513 -1.072058
512 522 -0.448867
512 612 1.277967
513 514 -1.178942
513 523 -2.076089
513 613 1.608368
514 515 -0.021514
514 524 -0.705767
514 614 -0.023309
515 516 1.422934
515 525 -1.538342
515 615 -0.928612
516 517 -0.908715
516 526 -0.527617
516 616 -1.366011
517 518 -0.960858
517 527 0.567558
517 617 0.336241
518 519 -0.785081
518 528 -0.755547
518 618 -0.401140
519 510 0.581748
519 529 -0.672233
519 619 -1.086016
520 521 0.224286
520 530 0.860940
520 620 0.033740
521 522 0.492364
521 531 1.085754
521 621 0.352481
522 523 -0.911542
522 532 -0.523521
522 622 1.112517
523 524 0.800241
523 533 0.910436
523 623 1.527331
524 525 -0.058793
524 534 0.644899
524 624 -0.361046
525 526 1.119451
525 535 -1.087577
525 625 0.770299
526 527 0.740265
526 536 1.817400
526 626 0.675287
527 528 0.446832
527 537 0.481391
527 627 -1.243474
528 529 0.306596
528 538 -0.172091
528 628 -0.700031
529 520 0.746876
529 539 1.480006
529 629 -1.261628
530 531 -0.670017
530 540 -0.092359
530 630 1.748460
531 532 1.048070
531 541 -0.542018
531 631 -0.331670
532 533 -0.029887
532 542 0.594276
532 632 1.331250
533 534 -1.033449
533 543 1.663812
533 633 0.965245
534 535 -0.355025
534 544 -0.656083
534 634 -0.432434
535 536 0.029701
535 545 -0.806691
535 635 -0.325206
536 537 0.255552
536 546 0.653531
536 636 -0.754463
537 538 0.242198
537 547 0.328170
537 637 -0.657224
538 539 -1.063392
538 548 1.172368
538 638 1.032531
539 530 0.778667
539 549 1.212714
539 639 0.321399
540 541 1.737761
540 550 -0.591096
540 640 -0.401661
541 542 -0.680781
541 551 0.380616
541 641 0.303829
542 543 -0.654915
542 552 -0.703524
542 642 1.747080
543 544 1.494774
543 553 -1.144730
543 643 -0.638358
544 545 -0.085452
544 554 0.122352
544 644 0.402466
545 546 -0.079598
545 555 1.485999
545 645 1.230736
546 547 -1.333322
546 556 -1.030835
546 646 0.680576
547 548 -1.637571
547 557 1.271819
547 647 0.640256
548 549 0.020773
548 558 -1.384838
548 648 -1.224324
549 540 -1.002821
549 559 0.067433
549 649 -0.296141
550 551 0.400209
550 560 1.019645
550 650 1.540284
551 552 -0.836696
551 561 -0.721917
551 651 0.394443
552 553 -1.997779
552 562 0.372100
552 652 -0.565465
553 554 -0.973858
553 563 1.569192
553 653 -1.942132
554 555 0.394084
554 564 1.429871
554 654 1.535726
555 556 -0.441275
555 565 -0.821718
555 655 -0.306204
556 557 1.979345
556 566 -0.966815
556 656 0.061766
557 558 0.493824
557 567 -1.075483
557 657 -2.305181
558 559 1.470152
558 568 -0.470656
558 658 0.319842
559 550 -0.810800
559 569 0.732096
559 659 0.798887
560 561 1.056159
560 570 -1.170854
560 660 1.222739
561 562 -0.769327
561 571 -0.233409
561 661 0.911029
562 563 0.747045
562 572 -0.067736
562 662 0.394409
563 564 -0.256203
563 573 -0.751881
563 663 0.872866
564 565 -0.665984
564 574 0.085099
564 664 -1.284666
565 566 -0.603300
565 575 0.049465
565 665 -0.722729
566 567 1.106508
566 576 0.367407
566 666 1.747850
567 568 0.099478
567 577 0.487232
567 667 -0.212571
568 569 0.993132
568 578 -0.051826
568 668 0.528286
569 560 1.275867
569 579 -0.558811
569 669 -1.488536
570 571 1.565110
570 580 0.640717
570 670 -0.149230
571 572 -0.941462
571 581 1.722876
571 671 0.550122
572 573 1.256873
572 582 -0.634284
572 672 -0.510107
573 574 -1.894508
573 583 -0.326866
573 673 0.577757
574 575 -0.529402
574 584 -0.199350
574 674 1.651663
575 576 -0.805745
575 585 -1.053275
575 675 -2.122985
576 577 -0.785264
576 586 -1.553100
576 676 0.129790
577 578 -0.515652
577 587 -1.379076
577 677 -0.110963
578 579 0.259368
578 588 3.152047
578 678 -0.649396
579 570 0.761129
579 589 -0.419596
579 679 0.698552
580 581 -0.807399
580 590 -0.877730
580 680 0.759371
581 582 1.172897
581 591 -1.885131
581 681 -0.735814
582 583 2.287536
582 592 -0.276705
582 682 -0.101953
583 584 -0.097998
583 593 1.396873
583 683 -0.254743
584 585 -0.392836
584 594 -1.306325
584 684 0.126527
585 586 -0.405199
585 595 0.740477
585 685 1.239543
586 587 0.899992
586 596 -0.260325
586 686 1.522211
587 588 -0.130576
587 597 2.799677
587 687 -1.445941
588 589 0.247535
588 598 -0.371386
588 688 1.349339
589 580 -0.643289
589 599 -0.562326
589 689 -0.224478
590 591 -0.179076
590 500 -1.372706
590 690 -1.105619
591 592 1.170439
591 501 1.023100
591 691 0.854511
592 593 1.243334
592 502 -0.995772
592 692 0.180034
593 594 -0.830194
593 503 -0.828353
593 693 -0.364812
594 595 -0.909455
594 504 -1.138455
594 694 -0.372918
595 596 -0.031830
595 505 -0.515616
595 695 0.628232
596 597 1.844356
596 506 1.882253
596 696 -1.866472
597 598 1.470528
597 507 0.911355
597 697 -0.527468
598 599 0.179103
598 508 -0.043518
598 698 -0.255194
599 590 0.372184
599 509 0.439640
599 699 0.130746
600 601 0.629899
600 610 -0.540028
600 700 1.113211
601 602 -1.430781
601 611 0.122487
601 701 -1.344010
602 603 0.222329
602 612 0.632429
602 702 0.429013
603 604 0.519291
603 613 -0.140507
603 703 -0.844140
604 605 -0.566432
604 614 -0.258973
604 704 -0.803151
605 606 -0.184766
605 615 0.189268
605 705 -1.023262
606 607 0.679120
606 616 0.180844
606 706 0.715359
607 608 -0.493045
607 617 -1.908107
607 707 1.458356
608 609 0.264563
608 618 2.001053
608 708 0.730140
609 600 -1.630340
609 619 1.725106
609 709 -0.333534
610 611 0.087684
610 620 0.829090
610 710 2.075678
611 612 -1.687712
611 621 -0.375212
611 711 1.191178
612 613 0.145903
612 622 0.220609
612 712 -0.774776
613 614 -0.186508
613 623 -0.918324
613 713 0.753675
614 615 -0.101794
614 624 1.168948
614 714 -1.318506
615 616 1.437066
615 625 -1.891210
615 715 1.298623
616 617 0.196608
616 626 0.908225
616 716 -0.930956
617 618 0.911002
617 627 0.079124
617 717 0.562366
618 619 0.249385
618 628 0.191758
618 718 -0.405501
619 610 -1.821254
619 629 -1.124469
619 719 -1.177377
620 621 0.287179
620 630 0.555576
620 720 0.079649
621 622 -1.061349
621 631 0.687449
621 721 -0.179427
622 623 -0.556662
622 632 -0.931272
622 722 -1.748529
623 624 1.723852
623 633 0.725953
623 723 0.098067
624 625 -0.769507
624 634 1.665581
624 724 -0.732358
625 626 -1.095604
625 635 0.596530
625 725 1.657200
626 627 -1.808601
626 636 -0.333200
626 726 -2.320048
627 628 0.046570
627 637 0.440909
627 727 -1.275636
628 629 -0.805506
628 638 0.073932
628 728 -0.351847
629 620 0.845850
629 639 -1.060349
629 729 0.335802
630 631 0.205932
630 640 -0.987970
630 730 2.241312
631 632 2.002561
631 641 0.402852
631 731 -0.816059
632 633 0.018510
632 642 0.505442
632 732 -0.376372
633 634 0.789920
633 643 0.366898
633 733 1.912002
634 635 -0.815152
634 644 -0.680584
634 734 0.500919
635 636 -0.419062
635 645 -0.496539
635 735 1.099256
636 637 0.537532
636 646 0.428028
636 736 -1.193222
637 638 0.674983
637 647 -1.211942
637 737 -0.647862
638 639 1.911067
638 648 0.486601
638 738 0.999472
639 630 1.710527
639 649 -0.573446
639 739 -0.080430
640 641 0.778892
640 650 -2.864269
640 740 -0.314146
641 642 -0.819147
641 651 1.201927
641 741 -1.596061
642 643 0.639926
642 652 0.478102
642 742 0.262053
643 644 0.015665
643 653 0.555618
643 743 -0.514644
644 645 -0.478303
644 654 0.157802
644 744 -0.282195
645 646 -1.725344
645 655 -0.785777
645 745 -1.694913
646 647 0.881637
646 656 -0.515793
646 746 1.888098
647 648 -0.140579
647 657 0.200437
647 747 -0.480925
648 649 1.327189
648 658 1.018188
648 748 -0.986165
649 640 1.162713
649 659 -0.737703
649 749 1.265416
650 651 -0.368149
650 660 1.695543
650 750 -0.270219
651 652 -1.256339
651 661 -1.257095
651 751 0.529764
652 653 1.257056
652 662 -0.097320
652 752 1.840164
653 654 0.368631
653 663 0.261497
653 753 1.168314
654 655 -0.307884
654 664 1.292168
654 754 -0.211312
655 656 0.991822
655 665 -0.195778
655 755 -0.253849
656 657 0.198081
656 666 0.245334
656 756 1.030179
657 658 -0.825170
657 667 0.171312
657 757 -0.594178
658 659 0.399498
658 668 0.427088
658 758 0.163877
659 650 -1.674275
659 669 2.393731
659 759 -1.132100
660 661 2.977097
660 670 0.213950
660 760 -2.449988
661 662 -0.223150
661 671 -1.384400
661 761 -1.098918
662 663 0.584899
662 672 0.898264
662 762 -0.616961
663 664 0.982069
663 673 0.178419
663 763 1.720625
664 665 -0.656009
664 674 -1.260026
664 764 -1.785110
665 666 -0.937750
665 675 0.399079
665 765 -1.110824
666 667 -1.090350
666 676 -0.040417
666 766 -0.865202
667 668 -1.268986
667 677 -1.088076
667 767 -1.042308
668 669 0.573417
668 678 0.250371
668 768 -0.962792
669 660 0.582432
669 679 -1.007210
669 769 -0.684425
670 671 1.306073
670 680 -1.255566
670 770 -0.552906
671 672 1.246502
671 681 -0.470206
671 771 -0.103316
672 673 -2.217997
672 682 1.539352
672 772 -1.671973
673 674 -0.391150
673 683 -0.146138
673 773 1.163375
674 675 -0.066135
674 684 -0.125275
674 774 0.341544
675 676 0.404157
675 685 -0.811051
675 775 0.401159
676 677 -0.084746
676 686 -1.058396
676 776 1.405545
677 678 -0.908846
677 687 0.043310
677 777 0.164111
678 679 0.107056
678 688 -0.442071
678 778 1.011423
679 670 -0.053054
679 689 -1.000264
679 779 -0.596185
680 681 -0.384685
680 690 0.453344
680 780 -0.530527
681 682 0.780653
681 691 0.208364
681 781 1.116018
682 683 -0.554504
682 692 -1.937253
682 782 0.891068
683 684 -1.168123
683 693 -0.784468
683 783 1.036758
684 685 -0.409781
684 694 1.299279
684 784 0.367631
685 686 -1.386138
685 695 1.760739
685 785 -0.798076
686 687 -0.466199
686 696 -0.301799
686 786 0.880274
687 688 -0.152678
687 697 -1.058351
687 787 0.122616
688 689 -1.463416
688 698 -0.415354
688 788 -0.650271
689 680 -0.062187
689 699 0.267631
689 789 -0.645261
690 691 -3.710341
690 600 -0.251421
690 790 -1.078416
691 692 -1.097133
691 601 -0.071513
691 791 1.894724
692 693 2.866432
692 602 -0.545472
692 792 0.400562
693 694 -0.687905
693 603 0.105428
693 793 0.792160
694 695 -0.018491
694 604 0.810317
694 794 2.449121
695 696 -1.178475
695 605 -1.334732
695 795 -0.303602
696 697 -0.682724
696 606 2.675237
696 796 -0.352802
697 698 0.498308
697 607 -1.081401
697 797 1.981639
698 699 -0.897884
698 608 -0.158981
698 798 -0.959207
699 690 -1.031930
699 609 0.244620
699 799 0.486495
700 701 -0.302043
700 710 1.068316
700 800 1.382753
701 702 -1.315180
701 711 0.615422
701 801 0.618116
702 703 0.420000
702 712 -0.142129
702 802 -1.494537
703 704 -0.931479
703 713 0.737497
703 803 -0.718094
704 705 0.154365
704 714 -0.301122
704 804 -1.077301
705 706 -1.027035
705 715 1.503558
705 805 1.466568
706 707 -0.092316
706 716 0.414473
706 806 -0.634755
707 708 0.373049
707 717 0.229888
707 807 0.649197
708 709 0.596823
708 718 1.643094
708 808 1.029670
709 700 -0.212326
709 719 0.853671
709 809 0.810114
710 711 -0.088030
710 720 0.674941
710 810 0.455624
711 712 -0.247122
711 721 0.393957
711 811 -0.668803
712 713 -0.774543
712 722 -0.309265
712 812 0.586538
713 714 1.246128
713 723 0.855210
713 813 0.112520
714 715 0.647746
714 724 0.734753
714 814 1.341413
715 716 0.541985
715 725 -1.755949
715 815 -1.034031
716 717 0.773061
716 726 0.925754
716 816 -0.801424
717 718 -0.893821
717 727 -1.448445
717 817 -0.615288
718 719 -0.731804
718 728 -0.920727
718 818 0.698627
719 710 -0.146825
719 729 -1.569097
719 819 -1.327042
720 721 2.024460
720 730 -0.569881
720 820 1.810910
721 722 -1.193619
721 731 2.127664
721 821 1.559881
722 723 1.299593
722 732 -0.724544
722 822 -0.492388
723 724 0.634278
723 733 0.972749
723 823 1.213683
724 725 -0.466902
724 734 -1.331508
724 824 1.227200
725 726 1.061992
725 735 0.955978
725 825 1.373888
726 727 0.469047
726 736 -0.917139
726 826 -0.493569
727 728 0.514029
727 737 0.487168
727 827 -0.585852
728 729 0.854190
728 738 0.795852
728 828 -1.261161
729 720 -0.611895
729 739 -0.370891
729 829 -0.616486
730 731 0.838356
730 740 0.549754
730 830 -0.453389
731 732 1.052147
731 741 -1.011480
731 831 -1.147494
732 733 0.140397
732 742 -1.150127
732 832 -0.047636
733 734 0.695251
733 743 0.416318
733 833 -1.221492
734 735 -0.553968
734 744 -0.739599
734 834 -0.976785
735 736 -0.039185
735 745 0.579277
735 835 -0.907220
736 737 -0.868193
736 746 1.610474
736 836 0.875006
737 738 -0.466732
737 747 -0.020888
737 837 -0.812409
738 739 0.006571
738 748 -0.126809
738 838 -0.790863
739 730 -0.214987
739 749 -0.413087
739 839 0.998315
740 741 1.579319
740 750 0.277592
740 840 1.221599
741 742 0.044444
741 751 1.449578
741 841 -1.509680
742 743 0.390036
742 752 -1.674017
742 842 -0.854888
743 744 -1.140369
743 753 0.526195
743 843 -0.309393
744 745 0.831032
744 754 -0.404704
744 844 -0.574700
745 746 -0.265979
745 755 0.431274
745 845 1.150256
746 747 -1.193770
746 756 -0.579152
746 846 -0.101395
747 748 0.966667
747 757 -0.156629
747 847 0.125707
748 749 -0.132510
748 758 0.828224
748 848 -1.122215
749 740 -1.117003
749 759 -0.547964
749 849 0.609700
750 751 -0.640458
750 760 0.260056
750 850 -0.157565
751 752 -1.324374
751 761 0.548082
751 851 0.209199
752 753 -0.382081
752 762 -0.815586
752 852 0.573900
753 754 1.799727
753 763 -1.136529
753 853 -1.050972
754 755 -0.795301
754 764 1.450556
754 854 0.042539
755 756 -0.897991
755 765 1.484190
755 855 -0.978863
756 757 0.503568
756 766 -0.211450
756 856 0.839815
757 758 0.174242
757 767 1.628576
757 857 0.657715
758 759 1.563755
758 768 -1.962331
758 858 -0.870961
759 750 0.120386
759 769 -0.013684
759 859 1.209390
760 761 -1.177383
760 770 -1.139732
760 860 -1.419977
761 762 -0.476848
761 771 -0.053504
761 861 1.147803
762 763 1.372821
762 772 0.020543
762 862 -0.606328
763 764 -1.154191
763 773 0.322659
763 863 1.779829
764 765 0.342851
764 774 -0.744858
764 864 -1.686645
765 766 -0.356904
765 775 -1.494347
765 865 -0.209491
766 767 -0.882701
766 776 -0.709075
766 866 -0.659210
767 768 0.706550
767 777 -0.367222
767 867 -0.795886
768 769 -0.538512
768 778 -0.015793
768 868 2.067809
769 760 2.077979
769 779 1.252062
769 869 2.100654
770 771 -0.447965
770 780 -1.110279
770 870 -0.260164
771 772 -0.572695
771 781 -0.709049
771 871 0.300810
772 773 -0.573580
772 782 -1.251113
772 872 -1.790925
773 774 -0.389756
773 783 -0.500548
773 873 2.100955
774 775 1.134229
774 784 0.313559
774 874 0.163633
775 776 2.502080
775 785 0.840373
775 875 -0.047486
776 777 0.411716
776 786 1.789939
776 876 0.865394
777 778 -0.839387
777 787 -0.285830
777 877 -0.356895
778 779 0.532494
778 788 1.279582
778 878 -0.026136
779 770 -0.498016
779 789 -0.853642
779 879 -0.570087
780 781 -0.119125
780 790 -1.587412
780 880 1.373633
781 782 -1.385271
781 791 -1.481001
781 881 -0.595068
782 783 -0.637040
782 792 0.098124
782 882 -0.590025
783 784 -1.457571
783 793 0.328219
783 883 0.446968
784 785 0.544852
784 794 -0.440210
784 884 -0.593587
785 786 1.223755
785 795 -0.101389
785 885 -0.786145
786 787 0.873314
786 796 -0.853115
786 886 0.575293
787 788 0.649058
787 797 0.566522
787 887 0.408465
788 789 0.191755
788 798 -1.005279
788 888 1.370921
789 780 0.136505
789 799 0.799613
789 889 0.595393
790 791 0.852573
790 700 -0.583875
790 890 -2.001810
791 792 1.827590
791 701 -1.042955
791 891 0.045648
792 793 0.658860
792 702 -1.208555
792 892 1.251360
793 794 -0.102490
793 703 0.322547
793 893 -1.105080
794 795 -0.316818
794 704 -1.413643
794 894 -0.643383
795 796 -1.076160
795 705 -0.388442
795 895 0.353413
796 797 1.705728
796 706 0.248812
796 896 0.275126
797 798 -0.596679
797 707 1.848023
797 897 1.332436
798 799 -0.422673
798 708 0.516928
798 898 -0.843902
799 790 0.331266
799 709 -0.887408
799 899 0.182524
800 801 -0.542543
800 810 -0.599301
800 900 -0.173012
801 802 1.534863
801 811 0.132756
801 901 0.304038
802 803 -1.163831
802 812 0.692441
802 902 0.534657
803 804 0.616367
803 813 1.473824
803 903 1.049874
804 805 -0.230931
804 814 -1.914424
804 904 -0.445425
805 806 -0.053332
805 815 -0.083392
805 905 -1.625666
806 807 0.943423
806 816 0.292131
806 906 0.652526
807 808 1.055361
807 817 -0.459791
807 907 1.530936
808 809 0.940899
808 818 -0.068629
808 908 0.903283
809 800 -0.524920
809 819 -0.830524
809 909 -0.441351
810 811 -0.740449
810 820 0.781132
810 910 1.706569
811 812 -0.947829
811 821 0.857695
811 911 -0.174987
812 813 -1.610854
812 822 -0.087734
812 912 1.094438
813 814 -0.724397
813 823 -1.004899
813 913 -0.113033
814 815 0.700857
814 824 -1.071647
814 914 -0.974846
815 816 -1.904765
815 825 0.234757
815 915 -0.289154
816 817 1.034543
816 826 -0.425131
816 916 -1.555710
817 818 -1.956620
817 827 0.583802
817 917 -1.021461
818 819 0.901590
818 828 1.533630
818 918 0.435339
819 810 -1.951224
819 829 -2.278495
819 919 0.269311
820 821 -0.255156
820 830 -1.226121
820 920 1.598757
821 822 0.023402
821 831 -1.700619
821 921 0.079756
822 823 1.427067
822 832 -0.423042
822 922 -0.095418
823 824 -0.402574
823 833 1.479341
823 923 1.222678
824 825 0.368462
824 834 0.576459
824 924 0.542531
825 826 -0.377546
825 835 -0.758993
825 925 0.123058
826 827 -0.215335
826 836 -1.480918
826 926 -0.444182
827 828 0.392851
827 837 -0.024919
827 927 0.717155
828 829 0.306178
828 838 -1.180397
828 928 0.553346
829 820 0.403755
829 839 0.171452
829 929 0.125979
830 831 -1.878783
830 840 -1.136756
830 930 -0.867656
831 832 -2.195958
831 841 -0.134322
831 931 1.469731
832 833 0.538056
832 842 -1.141852
832 932 -0.220115
833 834 -1.270094
833 843 -1.294430
833 933 -0.441155
834 835 -1.389893
834 844 0.561271
834 934 -0.384577
835 836 -0.195035
835 845 1.110074
835 935 0.116046
836 837 -0.264674
836 846 -0.629309
836 936 0.248892
837 838 -0.553834
837 847 0.746440
837 937 -0.498559
838 839 -0.357342
838 848 1.391443
838 938 -0.430230
839 830 0.209671
839 849 0.139958
839 939 0.153699
840 841 0.689993
840 850 -0.658639
840 940 -0.305687
841 842 -0.156295
841 851 -1.407887
841 941 0.571969
842 843 0.728925
842 852 -1.055383
842 942 1.222474
843 844 0.478509
843 853 0.811319
843 943 -0.289551
844 845 1.270240
844 854 0.226012
844 944 0.710474
845 846 -0.627049
845 855 -0.996514
845 945 -1.269378
846 847 -1.965844
846 856 0.138770
846 946 0.100983
847 848 1.046945
847 857 0.970982
847 947 -1.350100
848 849 -0.466087
848 858 0.263324
848 948 -0.104880
849 840 0.450957
849 859 1.231196
849 949 -1.022361
850 851 -1.254538
850 860 0.242399
850 950 -0.264516
851 852 -0.732202
851 861 -1.462569
851 951 0.608027
852 853 0.374009
852 862 -1.150827
852 952 0.684226
853 854 -1.880522
853 863 -0.177192
853 953 -0.872544
854 855 -1.122633
854 864 2.006279
854 954 0.557631
855 856 -0.548806
855 865 1.483770
855 955 1.105700
856 857 0.124735
856 866 -1.987740
856 956 0.170209
857 858 -0.369361
857 867 -1.261813
857 957 -0.196589
858 859 0.995131
858 868 -0.293644
858 958 -1.942460
859 850 -0.496879
859 869 -1.172946
859 959 -1.228906
860 861 0.171961
860 870 0.790667
860 960 -0.730597
861 862 -1.701619
861 871 -1.051125
861 961 2.099209
862 863 -0.166953
862 872 -1.111826
862 962 -0.405292
863 864 0.322374
863 873 2.102190
863 963 0.673989
864 865 0.544779
864 874 -0.060171
864 964 -1.624923
865 866 -0.725597
865 875 0.030293
865 965 0.324585
866 867 -1.621854
866 876 0.720462
866 966 -0.098371
867 868 0.222251
867 877 -0.224926
867 967 0.246874
868 869 -2.099922
868 878 0.243686
868 968 0.431537
869 860 -0.675479
869 879 -0.058020
869 969 -1.625254
870 871 0.819211
870 880 1.383400
870 970 0.182895
871 872 -0.713022
871 881 1.398450
871 971 1.176738
872 873 -0.643137
872 882 0.803118
872 972 0.930842
873 874 1.478550
873 883 0.763862
873 973 0.236791
874 875 0.461848
874 884 -0.020590
874 974 2.477998
875 876 0.756969
875 885 0.056221
875 975 1.675226
876 877 1.492570
876 886 0.118258
876 976 -0.460343
877 878 2.988709
877 887 0.969048
877 977 -0.854333
878 879 -0.383659
878 888 0.066587
878 978 -0.687435
879 870 -0.348846
879 889 -0.782501
879 979 -0.731865
880 881 1.050410
880 890 0.145255
880 980 0.358365
881 882 -0.639787
881 891 -0.829271
881 981 -0.178190
882 883 -1.216381
882 892 -0.382054
882 982 1.156090
883 884 1.770452
883 893 -0.289203
883 983 -1.455092
884 885 0.119504
884 894 0.521871
884 984 0.835552
885 886 -0.631049
885 895 0.025865
885 985 0.813989
886 887 0.715901
886 896 0.335162
886 986 1.458835
887 888 -1.098301
887 897 -0.333441
887 987 -0.983620
888 889 -0.110805
888 898 -0.021330
888 988 0.464535
889 880 0.455864
889 899 0.012196
889 989 -0.462893
890 891 0.767435
890 800 -1.776456
890 990 1.345071
891 892 0.066209
891 801 0.221353
891 991 -0.469917
892 893 -0.606545
892 802 0.898245
892 992 0.878101
893 894 -1.011931
893 803 0.505481
893 993 -0.555929
894 895 1.422299
894 804 0.336626
894 994 0.565975
895 896 0.860051
895 805 -1.177862
895 995 -1.658259
896 897 0.671885
896 806 -0.190189
896 996 -1.035345
897 898 -0.402090
897 807 -1.167646
897 997 -0.725086
898 899 -0.964234
898 808 -0.009661
898 998 0.183528
899 890 -0.038962
899 809 1.089452
899 999 0.610898
900 901 0.801136
900 910 0.241796
900 0 -1.279316
901 902 0.966076
901 911 0.226075
901 1 -0.263082
902 903 1.259947
902 912 -1.373861
902 2 0.269231
903 904 1.548499
903 913 -0.475023
903 3 0.644718
904 905 0.559318
904 914 1.016030
904 4 -0.650795
905 906 0.333482
905 915 -0.159788
905 5 0.106828
906 907 2.535032
906 916 0.978912
906 6 -0.333614
907 908 -1.280938
907 917 1.742383
907 7 0.489635
908 909 -0.767445
908 918 -0.398282
908 8 -1.679028
909 900 -1.554814
909 919 -0.369484
909 9 1.717043
910 911 0.631100
910 920 -0.579758
910 10 1.450558
911 912 -0.516193
911 921 -0.079514
911 11 -0.963491
912 913 -0.353787
912 922 -0.125128
912 12 -0.845324
913 914 0.032615
913 923 -0.287474
913 13 -0.679271
914 915 -0.465131
914 924 1.884645
914 14 0.182795
915 916 0.615903
915 925 0.558364
915 15 0.594568
916 917 -0.167661
916 926 0.216051
916 16 -0.840555
917 918 1.601462
917 927 -0.290357
917 17 -1.508288
918 919 -0.271034
918 928 1.064560
918 18 -0.875600
919 910 -1.297856
919 929 2.724731
919 19 1.719225
920 921 -0.623476
920 930 0.514753
920 20 -2.393503
921 922 0.012123
921 931 1.011081
921 21 0.561620
922 923 0.838853
922 932 -1.986848
922 22 -0.173022
923 924 -0.577180
923 933 0.099270
923 23 -0.879006
924 925 2.779714
924 934 0.979228
924 24 0.522315
925 926 0.311661
925 935 0.454360
925 25 0.439241
926 927 -1.083894
926 936 0.618075
926 26 0.285360
927 928 0.834713
927 937 1.075528
927 27 -0.871752
928 929 -0.624608
928 938 0.076302
928 28 -0.244692
929 920 1.402255
929 939 -0.112893
929 29 1.044987
930 931 1.320052
930 940 1.015751
930 30 -0.120086
931 932 -0.015246
931 941 -0.483974
931 31 -0.519028
932 933 1.149141
932 942 0.163627
932 32 0.896602
933 934 -1.223491
933 943 1.440173
933 33 -0.118521
934 935 -2.458740
934 944 0.387706
934 34 1.556968
935 936 -1.886104
935 945 0.669846
935 35 1.407228
936 937 1.276357
936 946 0.469469
936 36 -1.415329
937 938 0.946974
937 947 -0.320972
937 37 -0.038600
938 939 -1.565318
938 948 1.851052
938 38 0.285123
939 930 -0.961287
939 949 0.174260
939 39 -0.362704
940 941 -0.650897
940 950 0.263153
940 40 1.423842
941 942 -0.681677
941 951 -0.235858
941 41 -1.690118
942 943 0.224717
942 952 0.321251
942 42 -1.095597
943 944 1.643741
943 953 -0.062495
943 43 0.298454
944 945 -0.339214
944 954 1.192102
944 44 -2.176352
945 946 0.366670
945 955 0.150894
945 45 -1.334369
946 947 0.152694
946 956 -1.016197
946 46 -1.185694
947 948 1.407928
947 957 0.989982
947 47 -0.441119
948 949 0.473839
948 958 -0.551662
948 48 -1.098266
949 940 0.211565
949 959 -1.144920
949 49 -1.499373
950 951 0.197620
950 960 0.887285
950 50 -0.166989
951 952 0.880650
951 961 -0.688270
951 51 2.307232
952 953 -1.915459
952 962 -0.509475
952 52 -0.483659
953 954 -1.264472
953 963 0.826280
953 53 -0.804027
954 955 -1.295897
954 964 -1.641688
954 54 -0.005126
955 956 1.177280
955 965 -0.665372
955 55 -0.398975
956 957 -0.518987
956 966 -0.413872
956 56 -0.774167
957 958 0.358348
957 967 0.492236
957 57 -1.182495
958 959 -0.203558
958 968 0.732066
958 58 -0.027008
959 950 -1.680385
959 969 -1.112624
959 59 -3.029883
960 961 2.569478
960 970 0.281549
960 60 -0.402789
961 962 0.047653
961 971 1.013272
961 61 0.843455
962 963 0.038019
962 972 1.460857
962 62 0.626200
963 964 0.068394
963 973 -0.593926
963 63 -0.495296
964 965 -1.565242
964 974 1.214710
964 64 0.072638
965 966 -0.533181
965 975 -1.397179
965 65 -1.024315
966 967 1.776778
966 976 0.571466
966 66 3.109845
967 968 0.149552
967 977 -1.188674
967 67 -0.209969
968 969 0.894659
968 978 0.632467
968 68 1.202048
969 960 -0.616045
969 979 -0.336344
969 69 0.050064
970 971 0.277723
970 980 2.745438
970 70 0.202912
971 972 -1.433440
971 981 -0.077369
971 71 0.985733
972 973 -0.420804
972 982 -1.784428
972 72 -2.549986
973 974 -0.907105
973 983 -0.381956
973 73 -0.013022
974 975 -0.202903
974 984 -0.447858
974 74 -0.109931
975 976 -0.565206
975 985 -0.125318
975 75 0.042723
976 977 -0.351033
976 986 -0.371001
976 76 0.789636
977 978 0.246532
977 987 0.558815
977 77 0.097056
978 979 -1.096661
978 988 -0.798408
978 78 1.940150
979 970 -0.098586
979 989 0.222286
979 79 1.242225
980 981 0.422980
980 990 1.191189
980 80 0.319224
981 982 0.990078
981 991 -0.080886
981 81 1.910918
982 983 -1.201801
982 992 -1.633138
982 82 0.323930
983 984 -1.060376
983 993 1.647040
983 83 1.298150
984 985 -1.780545
984 994 1.568851
984 84 0.523013
985 986 -0.274033
985 995 -1.246326
985 85 0.137032
986 987 -0.976590
986 996 -0.579450
986 86 0.342164
987 988 -0.767608
987 997 -1.092911
987 87 -0.167801
988 989 -0.575960
988 998 1.890106
988 88 0.405226
989 980 -1.532705
989 999 0.964851
989 89 0.032051
990 991 0.338858
990 900 -0.859358
990 90 -1.112049
991 992 0.175963
991 901 0.718316
991 91 1.052388
992 993 0.848928
992 902 1.262504
992 92 0.915215
993 994 -0.452394
993 903 0.302279
993 93 -0.734364
994 995 0.277196
994 904 -0.484859
994 94 -1.636920
995 996 0.772920
995 905 -1.383938
995 95 -0.545140
996 997 -0.942375
996 906 0.579952
996 96 -0.005671
997 998 -1.054986
997 907 -0.108875
997 97 0.839901
998 999 -0.142098
998 908 -0.462488
998 98 0.545409
999 990 -0.262208
999 909 -0.558617
999 99 -0.212539
