0 1 -0.176952
0 10 -2.319935
0 100 1.164565
1 2 1.009539
1 11 -0.769075
1 101 0.765162
2 3 -0.247647
2 12 -1.207934
2 102 -0.050939
3 4 0.967330
3 13 -0.006642
3 103 0.918751
4 5 -1.072003
4 14 -0.712538
4 104 0.299130
5 6 -0.156604
5 15 -0.331129
5 105 -1.409701
6 7 0.889782
6 16 0.334485
6 106 -0.311967
7 8 0.321333
7 17 -1.476250
7 107 -0.047939
8 9 1.074682
8 18 -0.896446
8 108 -0.948747
9 0 -1.049903
9 19 0.183520
9 109 0.329590
10 11 -0.200564
10 20 0.202898
10 110 -0.827317
11 12 -1.242556
11 21 -1.806486
11 111 0.054547
12 13 -0.042944
12 22 0.332464
12 112 1.481210
13 14 1.153844
13 23 0.713514
13 113 0.814556
14 15 -1.087684
14 24 0.882050
14 114 -0.797018
15 16 -1.680070
15 25 1.172916
15 115 -1.288085
16 17 -0.571372
16 26 0.412620
16 116 0.482582
17 18 1.115144
17 27 0.745852
17 117 0.407630
18 19 -1.176108
18 28 -1.506336
18 118 -0.397991
19 10 -0.227930
19 29 2.446847
19 119 0.335742
20 21 -0.410553
20 30 -0.668801
20 120 1.300307
21 22 0.348658
21 31 0.800757
21 121 -0.461398
22 23 0.326792
22 32 -0.833038
22 122 -0.404863
23 24 -0.489060
23 33 -0.122775
23 123 0.581393
24 25 -1.485942
24 34 0.909935
24 124 0.038612
25 26 1.423815
25 35 -1.811333
25 125 0.050922
26 27 -3.052556
26 36 -1.231508
26 126 0.884713
27 28 0.127132
27 37 2.482256
27 127 -0.837878
28 29 -0.504341
28 38 -1.499426
28 128 -0.000020
29 20 0.869432
29 39 -0.499946
29 129 -1.196964
30 31 0.892506
30 40 -0.223627
30 130 -0.275027
31 32 0.781225
31 41 0.860769
31 131 0.717879
32 33 0.443718
32 42 0.589644
32 132 -0.165220
33 34 -1.189910
33 43 1.258279
33 133 -0.217626
34 35 1.528093
34 44 2.037162
34 134 0.832564
35 36 0.773353
35 45 -0.471433
35 135 1.288860
36 37 0.679678
36 46 1.335990
36 136 -0.566179
37 38 -1.176155
37 47 0.675287
37 137 0.011741
38 39 -1.585992
38 48 -0.422782
38 138 -1.714495
39 30 -0.520367
39 49 -0.157080
39 139 0.116869
40 41 0.022056
40 50 -1.177864
40 140 0.522805
41 42 -0.463031
41 51 -0.490437
41 141 1.045942
42 43 -0.141506
42 52 -0.322529
42 142 0.365247
43 44 -0.340665
43 53 -0.043326
43 143 0.254781
44 45 -2.022057
44 54 -0.240309
44 144 1.245793
45 46 -0.601853
45 55 -1.498702
45 145 -1.425251
46 47 -0.270108
46 56 0.209956
46 146 -0.267222
47 48 0.127841
47 57 1.014191
47 147 0.957782
48 49 0.013378
48 58 0.608727
48 148 -0.257833
49 40 -1.598827
49 59 -0.088315
49 149 -0.591572
50 51 -0.605133
50 60 -0.414054
50 150 0.454404
51 52 0.970232
51 61 -0.357029
51 151 1.477732
52 53 -0.760669
52 62 1.621519
52 152 -1.008738
53 54 0.746080
53 63 -0.367134
53 153 -0.434067
54 55 1.410722
54 64 0.636148
54 154 -0.475844
55 56 -0.130152
55 65 -0.643647
55 155 -0.462197
56 57 -0.168835
56 66 -0.216698
56 156 -1.434214
57 58 2.574787
57 67 -0.364339
57 157 0.364628
58 59 0.892107
58 68 -1.618464
58 158 1.106030
59 50 0.714967
59 69 -0.683158
59 159 2.944846
60 61 -0.513843
60 70 0.633260
60 160 0.240688
61 62 1.296547
61 71 -0.261339
61 161 -0.388028
62 63 -1.708657
62 72 1.634388
62 162 -0.319538
63 64 -0.216551
63 73 1.031846
63 163 -1.271921
64 65 -0.869580
64 74 0.346543
64 164 0.263105
65 66 0.143986
65 75 -1.129114
65 165 -0.291536
66 67 -0.053553
66 76 -0.590899
66 166 -0.561040
67 68 1.319592
67 77 0.380282
67 167 1.219342
68 69 0.890729
68 78 0.513260
68 168 -1.206827
69 60 -0.376761
69 79 -1.107014
69 169 0.565024
70 71 -1.883067
70 80 0.547240
70 170 0.021628
71 72 0.686224
71 81 -0.477616
71 171 0.609939
72 73 -0.663542
72 82 -0.066619
72 172 0.838534
73 74 -0.520824
73 83 -1.593721
73 173 -0.632008
74 75 0.449043
74 84 0.685945
74 174 -0.905580
75 76 -0.307962
75 85 -0.851853
75 175 0.303483
76 77 0.791999
76 86 -0.827097
76 176 1.183493
77 78 -1.508793
77 87 -1.059114
77 177 -0.555938
78 79 0.262067
78 88 0.718771
78 178 -0.889855
79 70 -0.458731
79 89 1.444770
79 179 1.413176
80 81 1.169473
80 90 -0.589711
80 180 -1.128282
81 82 0.963922
81 91 1.633758
81 181 -0.266780
82 83 -1.791829
82 92 0.664138
82 182 0.430560
83 84 -0.150023
83 93 -0.057136
83 183 0.037277
84 85 0.953562
84 94 -0.913137
84 184 0.233211
85 86 0.554040
85 95 0.930260
85 185 -0.756517
86 87 0.683902
86 96 1.117679
86 186 0.861062
87 88 -0.670511
87 97 0.537200
87 187 -0.222813
88 89 -1.139045
88 98 0.484481
88 188 -1.085335
89 80 -0.747169
89 99 0.303204
89 189 -1.240847
90 91 0.910449
90 0 1.219348
90 190 1.295624
91 92 1.047824
91 1 -0.105991
91 191 -0.980405
92 93 -0.199585
92 2 -0.602613
92 192 0.485425
93 94 0.601877
93 3 -0.170735
93 193 0.162383
94 95 1.847940
94 4 -2.308746
94 194 -0.727484
95 96 2.229732
95 5 0.611725
95 195 0.426587
96 97 0.014307
96 6 0.838643
96 196 -0.237058
97 98 0.604065
97 7 -0.192493
97 197 0.963805
98 99 -1.339625
98 8 1.079935
98 198 0.122085
99 90 -0.632976
99 9 -0.413747
99 199 -0.779746
100 101 -0.231174
100 110 -1.307997
100 200 -0.655582
101 102 -0.050464
101 111 -1.111203
101 201 1.121254
102 103 -1.057250
102 112 -0.158407
102 202 0.691658
103 104 0.748130
103 113 1.802442
103 203 1.365867
104 105 0.646574
104 114 -1.297797
104 204 -0.916366
105 106 0.829422
105 115 0.154326
105 205 -1.631137
106 107 0.626657
106 116 1.770358
106 206 -0.313864
107 108 0.462780
107 117 -0.230212
107 207 0.389926
108 109 1.726752
108 118 0.334001
108 208 -1.473815
109 100 0.658036
109 119 -1.392933
109 209 -0.703212
110 111 0.707773
110 120 0.404945
110 210 1.055083
111 112 -1.312964
111 121 0.877157
111 211 1.879713
112 113 0.288966
112 122 1.474645
112 212 0.894413
113 114 0.208885
113 123 0.508645
113 213 -0.648432
114 115 -0.164614
114 124 -0.001986
114 214 -0.673538
115 116 -0.915398
115 125 0.667051
115 215 -2.737561
116 117 -0.190255
116 126 0.424988
116 216 -1.677140
117 118 2.908051
117 127 -2.251437
117 217 1.017581
118 119 -0.337103
118 128 -0.577866
118 218 0.090207
119 110 0.866010
119 129 0.771039
119 219 -0.934087
120 121 -0.025156
120 130 -1.203794
120 220 -1.879689
121 122 -0.925126
121 131 0.281942
121 221 2.185478
122 123 -0.496514
122 132 -0.424121
122 222 1.251120
123 124 -2.391540
123 133 0.321557
123 223 -0.770379
124 125 -1.131519
124 134 0.166677
124 224 0.643821
125 126 0.132393
125 135 -0.362088
125 225 -0.541352
126 127 -0.659195
126 136 -1.028026
126 226 0.800659
127 128 -0.245993
127 137 0.051829
127 227 -0.778302
128 129 0.170381
128 138 -0.458467
128 228 0.957723
129 120 2.069804
129 139 1.225554
129 229 0.292387
130 131 -0.871242
130 140 -1.421205
130 230 1.616853
131 132 0.201692
131 141 0.206487
131 231 -0.229442
132 133 -0.655092
132 142 0.692449
132 232 -0.695457
133 134 -0.349476
133 143 0.811710
133 233 -0.685147
134 135 0.330948
134 144 -0.124067
134 234 1.001491
135 136 -0.470397
135 145 0.745573
135 235 0.887925
136 137 0.084514
136 146 0.017017
136 236 -0.849393
137 138 -0.871096
137 147 1.169250
137 237 0.116219
138 139 -0.214085
138 148 1.457155
138 238 0.063678
139 130 -0.404097
139 149 0.615465
139 239 -0.288357
140 141 4.005200
140 150 -0.194723
140 240 -0.103427
141 142 0.756705
141 151 -0.163700
141 241 0.106657
142 143 0.219721
142 152 -1.484796
142 242 0.426092
143 144 -0.192017
143 153 1.361978
143 243 0.588667
144 145 1.796022
144 154 0.551356
144 244 -0.320128
145 146 -0.310197
145 155 -1.253806
145 245 -1.380665
146 147 0.048989
146 156 0.013070
146 246 -1.407945
147 148 -0.612394
147 157 1.125946
147 247 0.474993
148 149 0.735409
148 158 -2.344611
148 248 2.033741
149 140 1.652292
149 159 -0.796951
149 249 -0.495723
150 151 0.072943
150 160 -0.180751
150 250 1.381374
151 152 -1.457944
151 161 -1.884841
151 251 0.183701
152 153 0.637086
152 162 -2.545376
152 252 -0.841266
153 154 -1.131678
153 163 -0.150636
153 253 -0.188895
154 155 1.384788
154 164 -0.240003
154 254 -0.612324
155 156 -0.352842
155 165 -1.103135
155 255 1.479973
156 157 -1.034133
156 166 0.724608
156 256 -0.159193
157 158 0.524450
157 167 -0.157313
157 257 0.688380
158 159 0.084162
158 168 0.684632
158 258 -1.962426
159 150 -0.812071
159 169 0.638968
159 259 -1.712432
160 161 0.158107
160 170 0.674755
160 260 -0.437270
161 162 -0.042366
161 171 0.785926
161 261 -1.482774
162 163 -0.192672
162 172 -0.491744
162 262 0.881975
163 164 -0.720633
163 173 0.334957
163 263 -0.224830
164 165 0.036953
164 174 -0.268542
164 264 -0.739908
165 166 -1.151313
165 175 -0.163194
165 265 -0.469486
166 167 0.243560
166 176 0.229512
166 266 -0.034072
167 168 0.181104
167 177 -0.673415
167 267 -0.867364
168 169 0.294929
168 178 -0.579765
168 268 -0.794928
169 160 0.496648
169 179 -0.517014
169 269 -1.008314
170 171 -0.605129
170 180 0.792677
170 270 0.133075
171 172 -0.186360
171 181 1.019610
171 271 -0.370880
172 173 -1.468642
172 182 -0.005170
172 272 0.162513
173 174 1.043299
173 183 -0.534027
173 273 0.795234
174 175 -0.579982
174 184 0.351744
174 274 -0.363746
175 176 -0.055400
175 185 -0.885072
175 275 -1.088887
176 177 -0.151318
176 186 0.200434
176 276 -1.250831
177 178 -0.376749
177 187 -0.866159
177 277 0.155991
178 179 -1.191895
178 188 1.044418
178 278 0.043842
179 170 -0.071995
179 189 -1.195173
179 279 -0.641206
180 181 0.207278
180 190 -0.654951
180 280 -0.465250
181 182 1.149233
181 191 0.388286
181 281 0.262305
182 183 -1.005181
182 192 -0.656860
182 282 -0.097677
183 184 0.100162
183 193 0.837185
183 283 -0.934260
184 185 0.644400
184 194 -1.328128
184 284 0.220970
185 186 -0.567189
185 195 0.204274
185 285 -0.244144
186 187 0.034048
186 196 0.638857
186 286 -1.144262
187 188 -0.691126
187 197 0.616923
187 287 -0.001772
188 189 2.182338
188 198 -1.419738
188 288 0.363977
189 180 -1.231686
189 199 1.228618
189 289 0.533673
190 191 -0.357791
190 100 1.080447
190 290 0.056891
191 192 2.359630
191 101 -0.418163
191 291 0.082661
192 193 1.296971
192 102 -0.434704
192 292 0.364074
193 194 -0.573901
193 103 -0.863300
193 293 1.498474
194 195 -0.812687
194 104 -0.253985
194 294 0.739857
195 196 0.467104
195 105 -0.778872
195 295 -1.002060
196 197 0.726736
196 106 -0.648249
196 296 0.146272
197 198 -0.982544
197 107 1.484656
197 297 0.224420
198 199 -0.191189
198 108 -0.546170
198 298 0.417081
199 190 -0.772128
199 109 -0.094137
199 299 -1.097942
200 201 0.229249
200 210 -2.292871
200 300 0.395819
201 202 -0.954601
201 211 0.175209
201 301 -1.197048
202 203 -0.468996
202 212 -1.023597
202 302 -1.994064
203 204 -2.200481
203 213 -0.175390
203 303 -0.547639
204 205 0.675813
204 214 1.226972
204 304 2.076050
205 206 1.548869
205 215 1.184397
205 305 0.044588
206 207 0.846249
206 216 -0.452525
206 306 1.465705
207 208 0.234316
207 217 -0.164053
207 307 0.420642
208 209 -0.663555
208 218 0.857162
208 308 -0.024058
209 200 0.545725
209 219 -0.780488
209 309 -0.887241
210 211 1.642917
210 220 2.014574
210 310 0.180658
211 212 -0.981826
211 221 0.299105
211 311 1.114697
212 213 -0.222418
212 222 1.050779
212 312 -1.465313
213 214 -1.101389
213 223 0.722756
213 313 0.156965
214 215 -1.030479
214 224 1.121291
214 314 0.370542
215 216 -2.179066
215 225 -0.814192
215 315 0.726179
216 217 0.862479
216 226 0.498175
216 316 0.112093
217 218 0.805324
217 227 0.354742
217 317 1.363072
218 219 -1.315639
218 228 -0.663744
218 318 1.670265
219 210 0.146730
219 229 0.743438
219 319 0.736837
220 221 -1.679206
220 230 1.721384
220 320 0.166424
221 222 1.658028
221 231 0.115116
221 321 0.927390
222 223 0.588754
222 232 0.269760
222 322 1.067498
223 224 -2.298182
223 233 -0.667274
223 323 -2.120526
224 225 0.215524
224 234 -1.628243
224 324 -1.298895
225 226 -1.098593
225 235 1.098405
225 325 -1.334242
226 227 -1.155493
226 236 0.124734
226 326 -1.570137
227 228 0.658632
227 237 -0.455033
227 327 -1.775469
228 229 0.681756
228 238 0.907750
228 328 -0.186193
229 220 0.883460
229 239 1.216844
229 329 -0.753272
230 231 -0.183594
230 240 0.862072
230 330 -0.010140
231 232 0.486160
231 241 1.695303
231 331 -0.531721
232 233 -0.534542
232 242 1.088414
232 332 0.954996
233 234 0.395350
233 243 2.424725
233 333 -0.975542
234 235 -0.426875
234 244 -0.828772
234 334 1.502666
235 236 -1.785877
235 245 1.474570
235 335 1.105884
236 237 -0.568692
236 246 0.020540
236 336 -0.684506
237 238 -1.591269
237 247 0.465689
237 337 -1.285311
238 239 -1.101731
238 248 -1.677062
238 338 0.444939
239 230 0.538096
239 249 1.285119
239 339 -0.989832
240 241 -0.119031
240 250 -1.658508
240 340 1.630384
241 242 -0.925577
241 251 -0.270062
241 341 0.110877
242 243 0.584891
242 252 -0.809509
242 342 1.284670
243 244 0.339330
243 253 -0.604032
243 343 -1.565037
244 245 1.035623
244 254 1.523037
244 344 -1.058592
245 246 0.110326
245 255 0.193928
245 345 -2.171786
246 247 0.272786
246 256 0.221955
246 346 0.340464
247 248 -1.027569
247 257 -0.588359
247 347 -0.174032
248 249 0.066315
248 258 1.276384
248 348 0.023113
249 240 0.841994
249 259 0.221599
249 349 -0.181014
250 251 0.601651
250 260 0.817356
250 350 0.991542
251 252 1.635392
251 261 1.294219
251 351 0.016737
252 253 -1.136647
252 262 0.466747
252 352 0.037351
253 254 -0.070100
253 263 -0.078883
253 353 -0.134317
254 255 1.262808
254 264 -2.523366
254 354 -0.521170
255 256 -0.390359
255 265 0.885432
255 355 -0.679406
256 257 -0.327696
256 266 -0.170603
256 356 0.886993
257 258 -0.519834
257 267 -0.973232
257 357 -0.638337
258 259 0.165585
258 268 -0.307827
258 358 0.765223
259 250 1.956606
259 269 0.247641
259 359 -0.673496
260 261 -1.633099
260 270 -1.428496
260 360 -0.392573
261 262 1.025094
261 271 1.020678
261 361 0.562477
262 263 0.109381
262 272 -0.492392
262 362 -0.394656
263 264 0.310609
263 273 -0.914843
263 363 0.725976
264 265 0.810254
264 274 -0.074949
264 364 -1.289112
265 266 0.767723
265 275 -0.156709
265 365 0.406120
266 267 -0.918020
266 276 1.174002
266 366 -0.993106
267 268 -0.091532
267 277 -1.707686
267 367 -0.155820
268 269 -1.098850
268 278 -1.692525
268 368 -1.288553
269 260 0.355525
269 279 1.472760
269 369 -0.964310
270 271 1.951051
270 280 0.182810
270 370 0.449948
271 272 -0.453681
271 281 0.569487
271 371 1.465547
272 273 -0.677605
272 282 -0.814699
272 372 0.831028
273 274 -1.280316
273 283 1.681692
273 373 0.358939
274 275 0.413506
274 284 0.247943
274 374 -0.563578
275 276 0.362754
275 285 1.954509
275 375 -0.389922
276 277 -0.004198
276 286 -1.220133
276 376 -0.737931
277 278 0.578324
277 287 -0.185122
277 377 -1.432335
278 279 -1.297081
278 288 0.104383
278 378 -0.676747
279 270 0.287414
279 289 1.287571
279 379 0.988847
280 281 0.427463
280 290 -1.368180
280 380 -0.497177
281 282 0.581283
281 291 0.984559
281 381 0.755603
282 283 -0.876523
282 292 -1.169754
282 382 0.531652
283 284 -0.531557
283 293 0.857285
283 383 -1.136113
284 285 -1.329303
284 294 1.125601
284 384 -0.024364
285 286 0.217377
285 295 -0.156595
285 385 1.219802
286 287 -0.910130
286 296 0.566762
286 386 -0.500127
287 288 0.931770
287 297 -3.068530
287 387 0.073087
288 289 0.549626
288 298 0.316001
288 388 1.887795
289 280 -0.858990
289 299 -1.421887
289 389 1.047669
290 291 -0.756195
290 200 -0.792405
290 390 -0.438380
291 292 -0.154734
291 201 0.098912
291 391 0.285868
292 293 1.558333
292 202 1.268097
292 392 -1.115930
293 294 -1.434645
293 203 0.507096
293 393 -3.511231
294 295 -0.437937
294 204 0.212605
294 394 1.306699
295 296 0.167438
295 205 0.184190
295 395 -0.288911
296 297 -1.806512
296 206 1.379394
296 396 -1.016873
297 298 1.554188
297 207 0.325814
297 397 -0.098404
298 299 -0.777157
298 208 -1.888074
298 398 -1.074866
299 290 -1.560849
299 209 0.356487
299 399 -0.519752
300 301 -0.144283
300 310 1.853948
300 400 -1.178199
301 302 0.342613
301 311 -2.000424
301 401 -1.047697
302 303 -0.136046
302 312 0.859171
302 402 -0.792054
303 304 0.423897
303 313 0.047621
303 403 -0.184665
304 305 0.069649
304 314 0.316472
304 404 0.216821
305 306 0.150339
305 315 -0.661878
305 405 0.320556
306 307 -0.479280
306 316 -0.108158
306 406 -2.013317
307 308 0.572876
307 317 2.188110
307 407 1.718387
308 309 -0.645215
308 318 0.902612
308 408 0.276265
309 300 -0.964259
309 319 -0.950069
309 409 -0.317732
310 311 1.308923
310 320 0.838023
310 410 1.942477
311 312 0.952849
311 321 0.053671
311 411 0.067935
312 313 -0.749159
312 322 -0.975006
312 412 -0.193113
313 314 0.601050
313 323 1.041856
313 413 0.447831
314 315 -0.159610
314 324 -1.899253
314 414 0.429024
315 316 0.254153
315 325 -0.455993
315 415 0.820207
316 317 -0.614176
316 326 -0.660342
316 416 -0.308656
317 318 -0.322947
317 327 -0.120877
317 417 0.086779
318 319 0.423299
318 328 -2.200140
318 418 -0.337356
319 310 -2.282214
319 329 1.010682
319 419 0.190018
320 321 2.397689
320 330 -0.224720
320 420 1.550978
321 322 -0.747810
321 331 -0.406033
321 421 0.472280
322 323 -1.379811
322 332 1.677122
322 422 1.031164
323 324 2.530062
323 333 0.079870
323 423 -1.124884
324 325 -0.490945
324 334 -0.045978
324 424 0.946658
325 326 1.147545
325 335 2.715772
325 425 -0.894005
326 327 -0.002011
326 336 0.879525
326 426 0.485477
327 328 0.096870
327 337 0.139722
327 427 -0.428154
328 329 0.764545
328 338 1.030858
328 428 -0.263044
329 320 -0.074339
329 339 0.018141
329 429 -0.627664
330 331 -1.288369
330 340 -0.060425
330 430 0.790103
331 332 3.103594
331 341 -0.568509
331 431 -3.023716
332 333 0.568642
332 342 -1.908674
332 432 0.234884
333 334 -1.146454
333 343 1.381975
333 433 1.031660
334 335 -2.501689
334 344 0.804983
334 434 0.239628
335 336 -0.760696
335 345 0.293989
335 435 1.578556
336 337 -0.595746
336 346 0.628619
336 436 -1.250713
337 338 0.007090
337 347 1.190622
337 437 0.142101
338 339 -0.354689
338 348 1.263750
338 438 0.775125
339 330 1.035823
339 349 -1.288155
339 439 0.163070
340 341 0.499267
340 350 -1.164183
340 440 2.404765
341 342 -0.335477
341 351 0.865706
341 441 -0.356011
342 343 -0.036298
342 352 0.171097
342 442 0.639100
343 344 -0.353084
343 353 -0.432070
343 443 1.086453
344 345 -0.159266
344 354 0.029942
344 444 -1.565783
345 346 -0.323945
345 355 0.814191
345 445 -0.647804
346 347 -0.107718
346 356 -0.377588
346 446 0.110737
347 348 0.588574
347 357 -0.642301
347 447 0.769825
348 349 -1.262333
348 358 -0.313463
348 448 2.053287
349 340 0.223520
349 359 -2.496806
349 449 -1.392631
350 351 -0.374334
350 360 0.351663
350 450 0.157040
351 352 -0.083346
351 361 -0.176357
351 451 0.752023
352 353 -1.543391
352 362 0.901325
352 452 0.208439
353 354 -1.797461
353 363 0.047601
353 453 -1.061853
354 355 -1.030911
354 364 0.622659
354 454 0.748564
355 356 -0.888398
355 365 1.004016
355 455 0.309284
356 357 0.302414
356 366 1.497060
356 456 0.369217
357 358 0.468482
357 367 -1.134363
357 457 0.447803
358 359 -2.052156
358 368 0.033517
358 458 0.004649
359 350 1.644068
359 369 -0.969840
359 459 0.476710
360 361 -0.008661
360 370 -0.923754
360 460 1.145265
361 362 0.063999
361 371 -0.794756
361 461 0.433193
362 363 -1.509820
362 372 0.821568
362 462 0.356364
363 364 3.196927
363 373 2.851893
363 463 0.478053
364 365 -1.220545
364 374 -1.295915
364 464 0.087961
365 366 0.537408
365 375 -2.455836
365 465 0.213918
366 367 -0.469107
366 376 -0.541188
366 466 -0.079825
367 368 -0.091100
367 377 0.230082
367 467 0.584025
368 369 -0.733779
368 378 -1.205535
368 468 1.932126
369 360 -0.300591
369 379 -2.301982
369 469 0.455776
370 371 -0.230402
370 380 -0.146946
370 470 -2.076713
371 372 -1.878605
371 381 1.196892
371 471 0.756155
372 373 -0.255119
372 382 -1.030704
372 472 1.501317
373 374 0.214799
373 383 -0.029015
373 473 0.555692
374 375 -1.468381
374 384 -1.159171
374 474 -0.389922
375 376 0.597817
375 385 0.264026
375 475 0.460648
376 377 -0.174048
376 386 0.538549
376 476 0.001525
377 378 -0.831247
377 387 -0.228709
377 477 -0.291082
378 379 -0.743376
378 388 0.080324
378 478 -0.825448
379 370 -0.953132
379 389 -0.716638
379 479 -0.726842
380 381 1.765914
380 390 0.846981
380 480 0.317937
381 382 -1.117066
381 391 0.668815
381 481 -0.345002
382 383 0.209794
382 392 -0.647428
382 482 -0.692036
383 384 -0.266945
383 393 -1.049774
383 483 0.617620
384 385 -0.458963
384 394 0.494018
384 484 1.062199
385 386 -1.652095
385 395 0.146321
385 485 1.225946
386 387 0.097458
386 396 0.291780
386 486 -1.145473
387 388 1.848973
387 397 1.196183
387 487 0.515013
388 389 0.765793
388 398 -1.293993
388 488 -0.164574
389 380 0.621230
389 399 0.757863
389 489 1.082603
390 391 1.333323
390 300 -0.328438
390 490 -0.141315
391 392 1.475890
391 301 -0.034248
391 491 -1.791856
392 393 -1.344116
392 302 -0.835146
392 492 0.363793
393 394 -1.290464
393 303 0.070931
393 493 1.098895
394 395 -1.083223
394 304 -0.529103
394 494 -0.235024
395 396 -1.223463
395 305 -0.266905
395 495 -0.261124
396 397 0.457334
396 306 0.251608
396 496 -1.836542
397 398 1.037176
397 307 0.371401
397 497 0.563459
398 399 0.968232
398 308 0.847445
398 498 -0.855566
399 390 0.320222
399 309 -0.338013
399 499 -1.603450
400 401 -1.767361
400 410 -0.401329
400 500 -1.535851
401 402 0.881423
401 411 0.688130
401 501 -0.511443
402 403 0.056088
402 412 0.173242
402 502 0.426322
403 404 0.145041
403 413 0.883216
403 503 -2.066716
404 405 -0.294789
404 414 -0.222457
404 504 -0.716799
405 406 -0.045120
405 415 -0.109863
405 505 0.022919
406 407 -2.251326
406 416 -1.071089
406 506 0.222338
407 408 -0.525845
407 417 0.230722
407 507 -0.874696
408 409 0.248363
408 418 0.221730
408 508 1.903300
409 400 0.653723
409 419 1.118990
409 509 0.483833
410 411 1.513642
410 420 0.965113
410 510 1.416977
411 412 -1.480860
411 421 -0.442815
411 511 0.026713
412 413 -0.358146
412 422 0.256530
412 512 1.080679
413 414 0.796153
413 423 -0.059429
413 513 0.476831
414 415 0.169119
414 424 1.572800
414 514 -1.340252
415 416 -2.314381
415 425 0.140192
415 515 -1.063574
416 417 -0.964430
416 426 2.429449
416 516 -1.416628
417 418 -0.230327
417 427 0.199190
417 517 0.011195
418 419 -0.453283
418 428 1.144732
418 518 -2.807429
419 410 -0.451971
419 429 0.420803
419 519 0.120463
420 421 0.782111
420 430 0.160282
420 520 1.291648
421 422 0.041390
421 431 1.965376
421 521 0.112817
422 423 -0.176148
422 432 -0.088343
422 522 -0.554578
423 424 0.010916
423 433 -1.500465
423 523 0.936053
424 425 -1.000687
424 434 1.330353
424 524 -1.905238
425 426 2.440849
425 435 -0.485911
425 525 -2.237736
426 427 2.442726
426 436 -0.194588
426 526 -1.015671
427 428 0.385032
427 437 -0.159967
427 527 1.287031
428 429 -0.237814
428 438 0.278512
428 528 -0.073969
429 420 0.576334
429 439 0.196095
429 529 -0.120414
430 431 -0.397258
430 440 -1.323417
430 530 0.935707
431 432 -0.696361
431 441 0.566630
431 531 1.107782
432 433 2.031185
432 442 0.690734
432 532 -1.966884
433 434 -0.505462
433 443 0.331705
433 533 -0.692855
434 435 0.072760
434 444 -0.148830
434 534 -1.009495
435 436 -1.318690
435 445 -0.629094
435 535 -0.248434
436 437 0.375457
436 446 -1.554064
436 536 -0.878742
437 438 -1.567766
437 447 -0.432059
437 537 1.012295
438 439 1.225471
438 448 -0.390885
438 538 -0.031013
439 430 0.716857
439 449 -1.429227
439 539 -0.494912
440 441 -0.698367
440 450 1.380028
440 540 2.082338
441 442 -0.958942
441 451 -0.741444
441 541 0.581403
442 443 0.677979
442 452 0.039505
442 542 -1.245568
443 444 -0.629871
443 453 -0.237038
443 543 -0.014298
444 445 -0.289936
444 454 0.492185
444 544 -0.348113
445 446 1.225455
445 455 -0.008429
445 545 -0.151924
446 447 -1.271809
446 456 0.627410
446 546 0.114178
447 448 -0.810912
447 457 0.038193
447 547 -0.103383
448 449 0.708811
448 458 -0.974883
448 548 -1.312496
449 440 -1.188875
449 459 0.109683
449 549 -1.168812
450 451 -0.410838
450 460 -0.069630
450 550 1.051347
451 452 -0.006477
451 461 0.050072
451 551 0.502561
452 453 1.561600
452 462 1.389336
452 552 -0.493403
453 454 -0.409151
453 463 1.179963
453 553 -0.355951
454 455 -0.491113
454 464 0.134744
454 554 -0.952496
455 456 -1.040845
455 465 1.203624
455 555 -1.423848
456 457 0.895518
456 466 -1.538182
456 556 -0.071747
457 458 1.633578
457 467 -0.059006
457 557 -0.899563
458 459 -0.143679
458 468 0.425654
458 558 1.099807
459 450 0.008758
459 469 0.409489
459 559 1.062268
460 461 -0.234399
460 470 0.599225
460 560 -0.193200
461 462 -0.270971
461 471 1.598961
461 561 0.262380
462 463 -0.692016
462 472 -0.682987
462 562 -1.080550
463 464 -0.460460
463 473 1.084637
463 563 1.235021
464 465 0.363149
464 474 0.962939
464 564 2.817544
465 466 -0.942587
465 475 0.624295
465 565 0.573155
466 467 -0.877962
466 476 0.191730
466 566 -0.258391
467 468 -1.133067
467 477 -0.360117
467 567 0.426401
468 469 0.033251
468 478 -0.917226
468 568 0.745692
469 460 0.139754
469 479 0.280442
469 569 0.575443
470 471 -0.923351
470 480 -0.175335
470 570 -0.521173
471 472 0.511168
471 481 0.617767
471 571 -0.547492
472 473 -1.175897
472 482 0.834037
472 572 -3.184729
473 474 0.518958
473 483 0.032769
473 573 -0.848758
474 475 -0.160703
474 484 0.903125
474 574 -0.248298
475 476 -1.463441
475 485 1.562368
475 575 0.445370
476 477 1.400801
476 486 -1.566338
476 576 0.310790
477 478 0.648322
477 487 -0.406239
477 577 -0.298449
478 479 -0.496864
478 488 -1.093673
478 578 0.882663
479 470 -0.102561
479 489 1.270154
479 579 -0.343972
480 481 -0.025387
480 490 0.476223
480 580 1.087838
481 482 1.248056
481 491 1.175550
481 581 0.410514
482 483 0.498364
482 492 0.124916
482 582 0.129150
483 484 -0.437114
483 493 -0.304833
483 583 0.904786
484 485 1.186122
484 494 0.881927
484 584 0.246757
485 486 1.047055
485 495 -0.588798
485 585 0.104164
486 487 1.427778
486 496 -1.878077
486 586 -0.664918
487 488 0.602945
487 497 -0.109987
487 587 -0.214013
488 489 0.632365
488 498 -0.087578
488 588 -0.944210
489 480 1.397304
489 499 -0.096026
489 589 -1.852260
490 491 -2.135916
490 400 -1.963546
490 590 0.036155
491 492 -0.550017
491 401 -0.746624
491 591 0.577820
492 493 -0.207113
492 402 0.106341
492 592 -1.035011
493 494 -1.227133
493 403 -0.095600
493 593 -0.613914
494 495 0.663518
494 404 -1.095703
494 594 0.076782
495 496 0.259711
495 405 0.820376
495 595 -0.028691
496 497 1.204081
496 406 0.592491
496 596 -0.651216
497 498 0.145335
497 407 -0.424223
497 597 0.394239
498 499 1.688869
498 408 -0.830387
498 598 0.037966
499 490 -0.806139
499 409 -0.747549
499 599 -0.197691
500 501 0.299763
500 510 -0.350283
500 600 1.643549
501 502 0.443415
501 511 0.221889
501 601 -0.706862
502 503 0.129031
502 512 -1.695313
502 602 0.167650
503 504 0.495936
503 513 -0.254661
503 603 -0.567127
504 505 -0.720730
504 514 0.816321
504 604 0.833681
505 506 -0.388714
505 515 0.829803
505 605 0.058169
506 507 0.012509
506 516 -1.819091
506 606 -1.418314
507 508 0.615876
507 517 0.359425
507 607 0.190095
508 509 -0.193283
508 518 -2.230681
508 608 0.139729
509 500 -1.191833
509 519 0.518744
509 609 0.384113
510 511 -0.305031
510 520 -1.377962
510 610 -0.967828
511 512 -1.151383
511 521 1.235922
511 611 -0.757766
512 513 -0.649088
512 522 2.067206
512 612 1.253408
513 514 -1.312170
513 523 -0.142450
513 613 -0.127584
514 515 0.090084
514 524 -0.084876
514 614 0.622630
515 516 -0.200331
515 525 2.070893
515 615 -0.253420
516 517 0.611438
516 526 -1.622046
516 616 -0.727009
517 518 0.163996
517 527 0.787054
517 617 1.552616
518 519 -0.121748
518 528 1.936835
518 618 0.170191
519 510 1.708341
519 529 -1.118265
519 619 0.667148
520 521 -0.794753
520 530 0.780286
520 620 3.182755
521 522 -0.466896
521 531 0.635005
521 621 -1.186380
522 523 0.642394
522 532 -1.321753
522 622 -0.753004
523 524 -0.947639
523 533 2.166265
523 623 -1.144873
524 525 0.369392
524 534 0.683957
524 624 -0.256465
525 526 1.038314
525 535 -0.525268
525 625 -2.521534
526 527 0.572999
526 536 0.301763
526 626 -0.315508
527 528 1.136202
527 537 0.812125
527 627 -0.312902
528 529 1.474199
528 538 0.634743
528 628 0.189730
529 520 -0.829397
529 539 -1.316637
529 629 -0.786459
530 531 0.608837
530 540 -0.039507
530 630 2.652146
531 532 1.117295
531 541 0.807193
531 631 0.317399
532 533 1.290279
532 542 2.025950
532 632 0.716106
533 534 0.717517
533 543 -0.773549
533 633 0.456981
534 535 2.173247
534 544 -0.192902
534 634 -1.825921
535 536 0.304189
535 545 -1.533070
535 635 0.842194
536 537 1.873701
536 546 -0.366011
536 636 0.464879
537 538 0.857952
537 547 -0.836188
537 637 -1.371403
538 539 -0.498227
538 548 0.976315
538 638 1.177461
539 530 0.582677
539 549 -0.637400
539 639 -1.662839
540 541 2.516859
540 550 0.298850
540 640 -0.716610
541 542 1.147113
541 551 0.688017
541 641 0.820662
542 543 -1.240855
542 552 1.375950
542 642 -0.201168
543 544 -0.065836
543 553 0.592057
543 643 0.134224
544 545 1.180305
544 554 -0.087817
544 644 0.107533
545 546 -0.298069
545 555 0.087535
545 645 -0.411664
546 547 -0.080109
546 556 0.496113
546 646 -0.258722
547 548 0.614658
547 557 0.343573
547 647 1.433970
548 549 1.169945
548 558 -0.417888
548 648 -1.440878
549 540 -0.187457
549 559 -2.586712
549 649 0.052136
550 551 0.388299
550 560 1.460959
550 650 -1.509463
551 552 -0.619193
551 561 1.677070
551 651 -0.191689
552 553 -0.827650
552 562 0.869850
552 652 -0.765946
553 554 0.514558
553 563 0.085379
553 653 -0.140237
554 555 -1.405351
554 564 -1.315472
554 654 -0.746542
555 556 0.070397
555 565 0.072645
555 655 -2.027907
556 557 -0.916509
556 566 -1.510990
556 656 -0.419144
557 558 -1.971305
557 567 2.132184
557 657 -0.700912
558 559 -1.548984
558 568 0.332483
558 658 -0.005038
559 550 0.739141
559 569 0.531261
559 659 0.434592
560 561 1.008921
560 570 0.210298
560 660 -0.810368
561 562 -0.751813
561 571 0.520313
561 661 -0.508973
562 563 -0.224875
562 572 -1.067243
562 662 0.981886
563 564 -2.053396
563 573 -0.677075
563 663 0.080608
564 565 1.392560
564 574 -2.247392
564 664 -1.276230
565 566 0.169679
565 575 -0.621066
565 665 -0.244710
566 567 -0.179502
566 576 0.849698
566 666 1.006030
567 568 -0.601802
567 577 -1.228349
567 667 -0.139207
568 569 -1.252014
568 578 -0.339701
568 668 1.482640
569 560 -0.605030
569 579 0.200341
569 669 -1.298093
570 571 0.177568
570 580 0.625084
570 670 -1.346070
571 572 -0.981099
571 581 0.483073
571 671 1.328318
572 573 0.806069
572 582 1.391202
572 672 -1.154683
573 574 0.634845
573 583 0.299521
573 673 -0.511569
574 575 0.604541
574 584 -1.232259
574 674 -0.599427
575 576 1.322831
575 585 -0.193930
575 675 0.468533
576 577 -0.202894
576 586 2.042204
576 676 -0.038653
577 578 -0.119030
577 587 -2.366814
577 677 1.109862
578 579 -0.784880
578 588 -1.178575
578 678 -0.524446
579 570 1.756029
579 589 -1.061387
579 679 1.149330
580 581 0.117749
580 590 1.059238
580 680 2.457047
581 582 0.557719
581 591 -1.451596
581 681 0.821215
582 583 0.315761
582 592 1.072912
582 682 -0.958997
583 584 -0.954638
583 593 1.386522
583 683 1.675748
584 585 0.516166
584 594 1.079790
584 684 0.369873
585 586 0.903711
585 595 0.382063
585 685 -0.930080
586 587 -1.896641
586 596 -1.475743
586 686 0.704042
587 588 1.679723
587 597 0.048718
587 687 -0.235945
588 589 0.013862
588 598 0.316575
588 688 -0.210837
589 580 0.170248
589 599 0.509750
589 689 0.615015
590 591 -0.006859
590 500 0.457251
590 690 0.666982
591 592 0.942347
591 501 -0.381174
591 691 -0.113269
592 593 -1.213090
592 502 1.496984
592 692 0.043082
593 594 0.313521
593 503 0.413919
593 693 0.152166
594 595 -1.667442
594 504 -0.984686
594 694 -1.894980
595 596 0.202578
595 505 -0.135070
595 695 0.706324
596 597 0.348591
596 506 -1.764074
596 696 0.333956
597 598 -1.016924
597 507 -1.980997
597 697 0.113059
598 599 -1.192195
598 508 -1.772755
598 698 -0.115521
599 590 2.203096
599 509 -0.930457
599 699 -1.291977
600 601 1.037820
600 610 -0.655340
600 700 1.508780
601 602 0.444401
601 611 0.634566
601 701 -1.507155
602 603 -0.885177
602 612 -0.978499
602 702 0.646294
603 604 1.146898
603 613 -0.877159
603 703 -1.219082
604 605 0.486528
604 614 2.061413
604 704 -0.792654
605 606 -1.844313
605 615 -0.121401
605 705 0.337788
606 607 -0.134217
606 616 -1.224616
606 706 -0.530332
607 608 -0.959830
607 617 -0.232827
607 707 0.398407
608 609 0.762953
608 618 0.864345
608 708 -0.940328
609 600 0.134537
609 619 1.093832
609 709 -0.874539
610 611 1.718840
610 620 -0.505861
610 710 0.287883
611 612 0.691721
611 621 0.172835
611 711 -0.077459
612 613 -1.165536
612 622 0.818824
612 712 -0.888126
613 614 1.315999
613 623 -0.373548
613 713 1.295645
614 615 -0.690839
614 624 1.153845
614 714 0.891015
615 616 -0.199090
615 625 -0.410104
615 715 0.926662
616 617 -0.820510
616 626 0.309152
616 716 0.662272
617 618 -0.524753
617 627 0.093070
617 717 -0.387058
618 619 0.108798
618 628 -0.862411
618 718 0.456197
619 610 -0.375732
619 629 -1.134672
619 719 0.049939
620 621 1.089693
620 630 2.217782
620 720 0.234094
621 622 0.428043
621 631 -0.187081
621 721 -0.079818
622 623 0.649294
622 632 -0.145009
622 722 -0.879805
623 624 0.557562
623 633 1.440453
623 723 1.098503
624 625 -1.649248
624 634 1.179639
624 724 -0.679958
625 626 0.818099
625 635 2.545434
625 725 0.104764
626 627 -0.014269
626 636 1.563997
626 726 1.207749
627 628 -0.910478
627 637 0.643895
627 727 1.667836
628 629 0.458041
628 638 0.303599
628 728 0.281121
629 620 -1.242773
629 639 0.816215
629 729 0.242307
630 631 -0.496050
630 640 -0.939825
630 730 0.055477
631 632 0.632377
631 641 1.003402
631 731 1.839703
632 633 2.187936
632 642 0.142146
632 732 -0.558196
633 634 -0.450087
633 643 -2.169520
633 733 0.502906
634 635 -0.966864
634 644 1.068908
634 734 0.159334
635 636 1.783718
635 645 0.583348
635 735 -0.990648
636 637 0.044432
636 646 -0.496177
636 736 -1.891460
637 638 0.003370
637 647 -0.327753
637 737 -0.547993
638 639 1.153660
638 648 1.879050
638 738 1.027416
639 630 -0.426206
639 649 0.300508
639 739 -0.359890
640 641 -0.139549
640 650 0.782227
640 740 -0.377247
641 642 1.062064
641 651 -1.206646
641 741 -0.023050
642 643 -0.053134
642 652 -0.289876
642 742 -0.088721
643 644 -2.297366
643 653 -0.543382
643 743 0.682503
644 645 -1.234400
644 654 -0.907745
644 744 0.859202
645 646 1.681031
645 655 -1.989628
645 745 -0.259735
646 647 0.827988
646 656 1.470129
646 746 -0.903224
647 648 -0.405812
647 657 0.144440
647 747 -1.179839
648 649 -0.750583
648 658 -0.795840
648 748 -1.415291
649 640 1.777409
649 659 2.813589
649 749 -1.341061
650 651 -1.329744
650 660 -1.350827
650 750 -0.038736
651 652 0.950984
651 661 -0.557104
651 751 -0.230167
652 653 0.096672
652 662 -0.095207
652 752 -0.381606
653 654 0.439985
653 663 -0.834290
653 753 0.018196
654 655 0.941121
654 664 2.148068
654 754 -0.833973
655 656 1.538636
655 665 1.194984
655 755 0.353111
656 657 -1.094771
656 666 0.551305
656 756 1.042448
657 658 -0.024952
657 667 -0.790276
657 757 0.826196
658 659 -2.043893
658 668 -0.323810
658 758 -0.340636
659 650 -0.687935
659 669 -0.938427
659 759 -0.075860
660 661 1.442509
660 670 -0.459899
660 760 -1.241019
661 662 1.251696
661 671 -2.405376
661 761 -1.079055
662 663 -1.040133
662 672 1.048006
662 762 -0.284873
663 664 0.298842
663 673 -0.459488
663 763 -0.474743
664 665 -1.012236
664 674 0.361548
664 764 0.147376
665 666 -0.465636
665 675 1.103408
665 765 0.050789
666 667 1.448671
666 676 0.275674
666 766 1.297363
667 668 -0.027937
667 677 -1.446493
667 767 -1.354651
668 669 -0.479262
668 678 1.345828
668 768 0.054878
669 660 0.948491
669 679 0.258905
669 769 -0.664366
670 671 0.006540
670 680 1.137723
670 770 -0.028538
671 672 -0.186007
671 681 -0.636616
671 771 -0.515687
672 673 -1.217414
672 682 -0.712564
672 772 0.006186
673 674 -0.077870
673 683 0.906647
673 773 0.790552
674 675 0.067880
674 684 -1.606875
674 774 -1.401671
675 676 -0.017208
675 685 0.667383
675 775 -0.744001
676 677 -0.683613
676 686 0.316058
676 776 -1.568432
677 678 -1.126322
677 687 -1.050019
677 777 -0.735011
678 679 -0.381196
678 688 0.913265
678 778 -0.919067
679 670 0.986032
679 689 0.953081
679 779 -1.024361
680 681 -0.556281
680 690 0.001778
680 780 0.279252
681 682 0.660891
681 691 0.873603
681 781 -1.112811
682 683 -1.353344
682 692 1.359222
682 782 0.468361
683 684 0.961160
683 693 1.116888
683 783 -1.139591
684 685 0.634000
684 694 0.363364
684 784 -1.501034
685 686 1.489993
685 695 -1.075853
685 785 -0.211941
686 687 0.486150
686 696 -1.085304
686 786 -0.987316
687 688 -0.307959
687 697 -0.724134
687 787 -0.949945
688 689 2.101180
688 698 -0.444753
688 788 0.420435
689 680 0.737812
689 699 0.814218
689 789 -0.793363
690 691 -0.770313
690 600 -0.343392
690 790 -2.561190
691 692 -0.328310
691 601 -0.519184
691 791 0.110627
692 693 -0.217955
692 602 -1.717631
692 792 -0.011846
693 694 0.424334
693 603 0.423691
693 793 -0.510920
694 695 -0.274808
694 604 -1.452883
694 794 1.861278
695 696 -0.776805
695 605 -0.271789
695 795 -2.240703
696 697 0.283691
696 606 -0.200289
696 796 1.833875
697 698 1.188786
697 607 0.189475
697 797 -0.385214
698 699 -0.751285
698 608 -0.597609
698 798 1.882852
699 690 1.608999
699 609 -1.255018
699 799 -1.309762
700 701 2.409680
700 710 -0.869745
700 800 -0.054741
701 702 -1.864607
701 711 -0.805210
701 801 1.741725
702 703 0.995728
702 712 0.616439
702 802 -0.185844
703 704 -0.611230
703 713 -1.058933
703 803 -0.298800
704 705 -0.891044
704 714 -1.543811
704 804 -0.273100
705 706 -0.632800
705 715 0.749048
705 805 1.049266
706 707 1.620109
706 716 -1.283353
706 806 -1.426364
707 708 -0.054832
707 717 -1.515625
707 807 -1.417685
708 709 -0.842647
708 718 -0.503775
708 808 -1.267074
709 700 -0.084708
709 719 -1.199185
709 809 -0.147943
710 711 -0.830992
710 720 -1.192019
710 810 -0.426101
711 712 -0.739969
711 721 0.735833
711 811 -0.141315
712 713 0.690551
712 722 1.247090
712 812 1.064920
713 714 0.078559
713 723 -0.195319
713 813 0.973967
714 715 0.911006
714 724 1.845254
714 814 -0.662557
715 716 -0.321393
715 725 0.801955
715 815 0.487019
716 717 -1.436065
716 726 0.944842
716 816 0.827202
717 718 -0.033630
717 727 -1.511081
717 817 0.173650
718 719 -0.545227
718 728 -1.176989
718 818 -0.398358
719 710 -0.158560
719 729 -1.656190
719 819 -0.128740
720 721 0.680813
720 730 -1.097180
720 820 0.642698
721 722 0.357406
721 731 0.281441
721 821 -0.614407
722 723 -0.089743
722 732 0.704175
722 822 -0.408265
723 724 0.885588
723 733 1.294116
723 823 0.042591
724 725 1.155513
724 734 -0.350006
724 824 0.491759
725 726 -0.386271
725 735 0.596886
725 825 2.726253
726 727 1.592577
726 736 -0.371455
726 826 -1.417784
727 728 -0.020411
727 737 0.529916
727 827 0.401031
728 729 1.009126
728 738 -0.507416
728 828 -0.198934
729 720 0.878792
729 739 -1.090462
729 829 -0.586449
730 731 -0.838024
730 740 0.174574
730 830 -0.203952
731 732 -1.905155
731 741 -0.542004
731 831 -0.761828
732 733 -0.624543
732 742 -0.297631
732 832 0.979984
733 734 0.405727
733 743 1.888825
733 833 -0.843878
734 735 0.266606
734 744 0.910497
734 834 0.146886
735 736 0.201228
735 745 -0.020289
735 835 -0.805376
736 737 1.083716
736 746 0.181131
736 836 0.285538
737 738 1.002169
737 747 0.158224
737 837 0.467531
738 739 -0.245359
738 748 1.275800
738 838 0.069644
739 730 2.420333
739 749 -0.386420
739 839 0.330198
740 741 0.130543
740 750 -1.305056
740 840 0.496385
741 742 -0.483797
741 751 0.901295
741 841 0.006729
742 743 -0.627205
742 752 0.709494
742 842 -0.802769
743 744 -0.374209
743 753 -0.444112
743 843 -0.366570
744 745 0.146555
744 754 0.820780
744 844 0.564454
745 746 -1.750057
745 755 0.739024
745 845 -0.398244
746 747 -0.242016
746 756 1.180610
746 846 -1.215925
747 748 0.430129
747 757 1.511887
747 847 -2.418771
748 749 1.064995
748 758 -0.287153
748 848 -0.177582
749 740 0.100306
749 759 0.381605
749 849 1.196797
750 751 0.047548
750 760 -0.675163
750 850 0.864184
751 752 0.250888
751 761 0.068942
751 851 0.996926
752 753 0.141689
752 762 -1.561229
752 852 -3.282357
753 754 1.782586
753 763 -0.956041
753 853 1.134616
754 755 -1.445993
754 764 -0.278811
754 854 0.501207
755 756 -0.178999
755 765 -0.834350
755 855 -0.113315
756 757 0.669429
756 766 0.838991
756 856 2.163543
757 758 -0.405481
757 767 -0.453362
757 857 0.422732
758 759 0.666099
758 768 -0.623949
758 858 -0.101872
759 750 0.095003
759 769 -1.007178
759 859 -0.386934
760 761 1.063366
760 770 0.799198
760 860 0.446981
761 762 -0.669536
761 771 -0.179896
761 861 1.410772
762 763 2.280972
762 772 1.067234
762 862 0.814376
763 764 -0.665883
763 773 -0.482132
763 863 -0.771001
764 765 1.435614
764 774 1.245523
764 864 -1.099383
765 766 1.366431
765 775 -0.246882
765 865 -1.498017
766 767 -0.082017
766 776 1.082807
766 866 -0.663591
767 768 -0.390812
767 777 0.564592
767 867 -0.840148
768 769 0.996828
768 778 0.379838
768 868 0.208446
769 760 -1.882326
769 779 1.417940
769 869 0.057645
770 771 -1.513547
770 780 1.357756
770 870 0.503190
771 772 0.582921
771 781 0.193131
771 871 -1.302300
772 773 0.155202
772 782 0.585842
772 872 0.497944
773 774 1.458311
773 783 2.382652
773 873 0.521177
774 775 0.178067
774 784 0.344470
774 874 -0.188224
775 776 -0.535028
775 785 -1.209443
775 875 1.214434
776 777 -0.109911
776 786 -0.465441
776 876 0.121412
777 778 0.353337
777 787 -0.249297
777 877 0.045664
778 779 -0.922461
778 788 -0.257840
778 878 1.149545
779 770 -0.903260
779 789 -0.171060
779 879 -1.479566
780 781 0.138408
780 790 1.461250
780 880 -0.518045
781 782 -1.034597
781 791 0.247953
781 881 -1.928014
782 783 1.666258
782 792 -0.528526
782 882 -1.128122
783 784 0.867535
783 793 0.620689
783 883 1.658050
784 785 -1.492462
784 794 -1.140721
784 884 0.412382
785 786 0.354099
785 795 1.438392
785 885 -0.966972
786 787 1.326673
786 796 -0.410448
786 886 -0.735313
787 788 0.925364
787 797 -1.493450
787 887 -0.262036
788 789 -1.744431
788 798 -1.340105
788 888 0.647870
789 780 -0.736030
789 799 -1.008375
789 889 0.261529
790 791 -0.589459
790 700 -0.639829
790 890 0.849054
791 792 -0.296454
791 701 -0.591805
791 891 1.311203
792 793 -0.816914
792 702 1.522537
792 892 -0.368531
793 794 1.261809
793 703 0.895506
793 893 0.080183
794 795 1.116309
794 704 -0.196407
794 894 0.339964
795 796 0.910258
795 705 -0.191257
795 895 -0.954638
796 797 0.834211
796 706 -0.464334
796 896 -1.472525
797 798 0.915380
797 707 -1.203074
797 897 -0.928384
798 799 -0.866678
798 708 -0.920066
798 898 -0.845627
799 790 2.342983
799 709 0.742972
799 899 -0.734319
800 801 0.809898
800 810 -0.543274
800 900 -0.526590
801 802 1.492334
801 811 -0.255111
801 901 -1.555990
802 803 0.144518
802 812 0.228473
802 902 -0.629863
803 804 0.982578
803 813 1.057574
803 903 -0.986477
804 805 -0.367578
804 814 0.405068
804 904 0.499266
805 806 1.250061
805 815 1.917678
805 905 -1.212592
806 807 -0.290211
806 816 -0.702127
806 906 -0.818694
807 808 0.024017
807 817 -2.278375
807 907 -1.394184
808 809 0.919099
808 818 1.511694
808 908 1.254875
809 800 -1.735337
809 819 -0.825018
809 909 -0.703451
810 811 0.672482
810 820 1.407175
810 910 -1.136506
811 812 1.086771
811 821 0.316256
811 911 -1.478320
812 813 -1.094247
812 822 0.812179
812 912 -1.856316
813 814 0.184566
813 823 -0.470842
813 913 -0.586155
814 815 -0.988460
814 824 -0.544103
814 914 0.837751
815 816 1.218754
815 825 -0.427171
815 915 -0.280966
816 817 1.323167
816 826 -0.084987
816 916 0.066710
817 818 -1.165942
817 827 1.186363
817 917 0.631336
818 819 -0.948692
818 828 -0.413440
818 918 -1.292768
819 810 0.509063
819 829 -0.742157
819 919 0.356234
820 821 1.427424
820 830 0.037894
820 920 0.569848
821 822 -0.272840
821 831 -2.104322
821 921 2.626770
822 823 -0.151135
822 832 -0.617779
822 922 -0.111470
823 824 2.225307
823 833 0.988613
823 923 -1.854454
824 825 0.832003
824 834 0.797649
824 924 1.148563
825 826 -0.016349
825 835 -2.818771
825 925 0.574299
826 827 -2.886208
826 836 -0.031612
826 926 0.380396
827 828 -0.260538
827 837 -0.090374
827 927 -0.382362
828 829 -0.625569
828 838 -1.869334
828 928 -1.620545
829 820 1.412905
829 839 1.340683
829 929 0.086347
830 831 -0.803244
830 840 1.441818
830 930 0.826669
831 832 0.434103
831 841 0.004840
831 931 -0.159259
832 833 -0.877624
832 842 -0.223338
832 932 0.008828
833 834 -0.384118
833 843 0.624362
833 933 -1.121872
834 835 1.106215
834 844 -1.517156
834 934 -0.947066
835 836 -0.645270
835 845 0.568135
835 935 1.830711
836 837 0.246125
836 846 0.434734
836 936 -0.416701
837 838 0.986288
837 847 -0.215766
837 937 -2.850296
838 839 -0.736828
838 848 1.817281
838 938 0.232898
839 830 0.300383
839 849 -0.241544
839 939 0.526048
840 841 0.581320
840 850 -0.066575
840 940 -0.542861
841 842 0.125278
841 851 1.021471
841 941 0.225187
842 843 1.250484
842 852 -1.412185
842 942 -0.709549
843 844 0.498786
843 853 -0.859521
843 943 -0.005004
844 845 0.151849
844 854 1.113364
844 944 -0.958998
845 846 -0.827255
845 855 -0.395879
845 945 -0.548777
846 847 2.118448
846 856 -0.003093
846 946 1.744710
847 848 0.167157
847 857 -0.223760
847 947 0.707524
848 849 -1.379513
848 858 -0.475443
848 948 -0.789321
849 840 -0.642715
849 859 -0.034139
849 949 -1.240532
850 851 1.038104
850 860 0.360580
850 950 -0.506200
851 852 -1.550891
851 861 1.297017
851 951 -0.005031
852 853 1.122686
852 862 0.190171
852 952 0.527028
853 854 -0.365981
853 863 0.601674
853 953 0.250687
854 855 1.014048
854 864 0.599562
854 954 0.494233
855 856 0.652765
855 865 -2.166923
855 955 -0.254303
856 857 -0.083124
856 866 -0.675063
856 956 -1.526640
857 858 -2.770312
857 867 0.715938
857 957 1.193609
858 859 1.258582
858 868 1.542562
858 958 1.003812
859 850 -0.463857
859 869 1.165238
859 959 -1.282818
860 861 -0.668564
860 870 -0.170928
860 960 -0.996019
861 862 -0.911515
861 871 -1.358869
861 961 0.850811
862 863 -0.807116
862 872 -0.452730
862 962 0.427714
863 864 -0.650588
863 873 -0.680334
863 963 0.620068
864 865 -0.497343
864 874 -1.622576
864 964 1.979990
865 866 -0.739288
865 875 0.776318
865 965 0.006672
866 867 -0.135038
866 876 0.254816
866 966 0.137888
867 868 -0.063674
867 877 0.119431
867 967 0.722743
868 869 -0.757881
868 878 -0.170686
868 968 0.352907
869 860 1.257732
869 879 0.596010
869 969 -1.442118
870 871 -0.271515
870 880 -0.869188
870 970 -1.448204
871 872 -0.242920
871 881 1.256569
871 971 -1.135402
872 873 -1.638588
872 882 -0.102611
872 972 0.940187
873 874 -0.408461
873 883 1.212814
873 973 -0.744560
874 875 -0.273485
874 884 0.578375
874 974 0.969175
875 876 0.666649
875 885 0.012802
875 975 0.007830
876 877 -0.184980
876 886 1.015141
876 976 -0.216328
877 878 1.198095
877 887 -0.917265
877 977 1.097497
878 879 -0.958234
878 888 -0.368112
878 978 -0.098033
879 870 -0.816312
879 889 0.640249
879 979 0.984232
880 881 0.020462
880 890 -3.728159
880 980 0.064901
881 882 1.204759
881 891 0.454559
881 981 0.047927
882 883 -2.543849
882 892 -0.399582
882 982 0.951429
883 884 -1.057770
883 893 0.349259
883 983 -0.868859
884 885 0.134708
884 894 -0.431829
884 984 0.529716
885 886 0.244299
885 895 1.052283
885 985 0.186043
886 887 0.782732
886 896 -0.333209
886 986 -2.242065
887 888 0.478334
887 897 2.523715
887 987 1.509954
888 889 0.220269
888 898 -0.143783
888 988 0.085261
889 880 0.730730
889 899 -1.373892
889 989 -0.866806
890 891 0.142071
890 800 -1.269485
890 990 0.287066
891 892 -0.462977
891 801 0.810660
891 991 1.489721
892 893 0.175298
892 802 -1.357970
892 992 -1.291774
893 894 -0.623201
893 803 -1.434798
893 993 -1.608183
894 895 -1.222649
894 804 1.148570
894 994 -1.432501
895 896 2.058785
895 805 1.429780
895 995 0.254183
896 897 -1.398884
896 806 -0.189390
896 996 1.552284
897 898 0.805339
897 807 -0.965588
897 997 0.672602
898 899 0.270307
898 808 0.811233
898 998 0.361394
899 890 -1.433035
899 809 -0.083414
899 999 -1.220766
900 901 1.020082
900 910 -0.799617
900 0 0.948959
901 902 -0.560828
901 911 1.871640
901 1 -0.653537
902 903 -0.200188
902 912 0.079694
902 2 0.829753
903 904 1.526224
903 913 0.093208
903 3 -1.025442
904 905 0.129718
904 914 -0.182718
904 4 1.145974
905 906 -0.412798
905 915 0.623603
905 5 -0.898748
906 907 -1.956246
906 916 -0.128800
906 6 1.321579
907 908 -0.674823
907 917 -0.303570
907 7 1.222274
908 909 -1.276339
908 918 0.185028
908 8 -0.236186
909 900 1.570053
909 919 0.548803
909 9 -0.631508
910 911 -2.363654
910 920 1.150837
910 10 1.198962
911 912 -2.033542
911 921 1.500173
911 11 0.296207
912 913 -0.485766
912 922 0.859510
912 12 0.548904
913 914 1.013859
913 923 0.539015
913 13 -0.881183
914 915 -0.198960
914 924 -0.217802
914 14 -0.653207
915 916 -0.941355
915 925 1.031928
915 15 -0.435288
916 917 -0.905240
916 926 -0.175969
916 16 -0.592999
917 918 -0.947240
917 927 -0.582037
917 17 -0.397905
918 919 0.198338
918 928 -0.109729
918 18 0.542007
919 910 -1.088559
919 929 0.199879
919 19 0.580995
920 921 -1.695261
920 930 0.461253
920 20 -1.850179
921 922 -1.711128
921 931 0.830672
921 21 -0.936170
922 923 -0.451564
922 932 0.188295
922 22 0.470047
923 924 -0.645497
923 933 -0.229617
923 23 -1.000084
924 925 -1.611410
924 934 -0.065695
924 24 0.764830
925 926 -0.189535
925 935 1.035934
925 25 -1.146924
926 927 1.675749
926 936 -0.937148
926 26 -0.026686
927 928 1.564758
927 937 -1.842231
927 27 1.606040
928 929 -0.241625
928 938 -0.773187
928 28 0.551444
929 920 -1.130898
929 939 1.716843
929 29 1.728749
930 931 -0.324443
930 940 -1.661503
930 30 -0.905895
931 932 0.804705
931 941 -0.145450
931 31 1.284356
932 933 0.676535
932 942 -0.011763
932 32 1.184610
933 934 -1.596898
933 943 1.064962
933 33 0.502082
934 935 -0.283632
934 944 -0.035115
934 34 -1.075701
935 936 -1.000385
935 945 0.398277
935 35 -0.007411
936 937 -1.134493
936 946 1.576684
936 36 -0.827173
937 938 -1.399136
937 947 -1.890482
937 37 0.440186
938 939 1.442717
938 948 -0.770920
938 38 -1.325768
939 930 -0.468043
939 949 -0.597919
939 39 -1.350118
940 941 0.760154
940 950 -1.420423
940 40 0.412802
941 942 0.253476
941 951 0.110198
941 41 0.986177
942 943 -0.851641
942 952 -0.453288
942 42 0.399956
943 944 -0.284205
943 953 -0.955755
943 43 1.543530
944 945 0.024219
944 954 -0.437019
944 44 0.477145
945 946 -0.131606
945 955 -1.180111
945 45 1.062961
946 947 -0.551498
946 956 0.667945
946 46 0.287619
947 948 -1.749776
947 957 -0.452217
947 47 -1.273533
948 949 -1.533066
948 958 -0.033400
948 48 0.623801
949 940 1.300367
949 959 -0.636613
949 49 2.119364
950 951 0.888719
950 960 2.161304
950 50 0.467511
951 952 -0.111733
951 961 -1.473053
951 51 0.729485
952 953 2.593410
952 962 -1.559629
952 52 0.143213
953 954 0.732085
953 963 0.134539
953 53 -2.159112
954 955 0.019143
954 964 -1.886835
954 54 0.395845
955 956 0.140485
955 965 -0.390643
955 55 -0.068402
956 957 0.476021
956 966 1.171836
956 56 -0.369518
957 958 2.026870
957 967 0.601793
957 57 0.671239
958 959 0.397162
958 968 -1.519559
958 58 0.602628
959 950 -0.648791
959 969 0.682358
959 59 -1.299016
960 961 0.785657
960 970 1.155539
960 60 -0.337758
961 962 0.921173
961 971 -0.400710
961 61 0.067231
962 963 0.570917
962 972 -0.805012
962 62 0.594404
963 964 -0.513101
963 973 0.277830
963 63 0.132254
964 965 -0.525266
964 974 0.925161
964 64 0.171035
965 966 -0.801458
965 975 0.162245
965 65 0.284140
966 967 -0.719580
966 976 -0.441551
966 66 0.943268
967 968 -1.641414
967 977 -0.016205
967 67 1.568966
968 969 -0.920986
968 978 1.670196
968 68 1.253886
969 960 -1.131329
969 979 -0.344650
969 69 0.052336
970 971 0.618189
970 980 -0.307112
970 70 0.148569
971 972 1.564527
971 981 2.144501
971 71 0.734628
972 973 1.619381
972 982 -1.128810
972 72 -0.005878
973 974 -0.306785
973 983 2.146616
973 73 0.660719
974 975 -0.390880
974 984 0.250517
974 74 -1.993156
975 976 -0.191637
975 985 -1.774066
975 75 -2.303033
976 977 0.542626
976 986 1.005356
976 76 -0.543684
977 978 -1.675154
977 987 -0.671083
977 77 1.203242
978 979 -0.571839
978 988 -0.078931
978 78 1.950972
979 970 1.119076
979 989 0.761967
979 79 1.106386
980 981 -0.117943
980 990 -1.873034
980 80 -1.184655
981 982 -0.568902
981 991 -0.343031
981 81 0.525569
982 983 0.073847
982 992 0.132068
982 82 -3.805995
983 984 -0.134197
983 993 -0.613609
983 83 -0.514292
984 985 -0.322169
984 994 -1.332830
984 84 -0.002652
985 986 0.037248
985 995 -2.167261
985 85 -1.125220
986 987 0.066494
986 996 -0.597150
986 86 -0.575043
987 988 0.949401
987 997 0.122036
987 87 2.344633
988 989 -1.146679
988 998 0.041272
988 88 -0.042274
989 980 0.605330
989 999 -0.352117
989 89 -1.539728
990 991 -0.003626
990 900 -0.263257
990 90 0.395867
991 992 1.487868
991 901 0.440943
991 91 -0.473563
992 993 -0.490338
992 902 -1.063817
992 92 -0.528274
993 994 -0.833933
993 903 0.177656
993 93 2.048975
994 995 1.037482
994 904 -0.863117
994 94 -1.346906
995 996 -1.253895
995 905 -1.753953
995 95 0.719684
996 997 1.655454
996 906 -1.407552
996 96 -0.671391
997 998 0.477803
997 907 -1.049272
997 97 0.183899
998 999 0.930465
998 908 1.989823
998 98 0.931267
999 990 -1.722646
999 909 -0.113604
999 99 -0.108879
