0 1 1.239861
0 10 1.015343
0 100 2.113477
1 2 0.323830
1 11 0.429063
1 101 0.449406
2 3 -0.414470
2 12 -0.437466
2 102 0.189208
3 4 -1.108515
3 13 -0.393929
3 103 -1.065826
4 5 -0.709911
4 14 -1.104785
4 104 1.175233
5 6 -0.124203
5 15 -0.160903
5 105 -1.939103
6 7 0.607399
6 16 0.140061
6 106 0.117465
7 8 1.557006
7 17 1.147247
7 107 -0.777036
8 9 0.604463
8 18 0.623895
8 108 1.581495
9 0 -0.081147
9 19 -1.397121
9 109 0.717659
10 11 -0.209938
10 20 -0.443651
10 110 -2.725229
11 12 1.607907
11 21 1.448615
11 111 0.418551
12 13 0.701821
12 22 0.281075
12 112 0.849191
13 14 -0.776484
13 23 -0.594573
13 113 -0.087429
14 15 -0.505417
14 24 -0.650013
14 114 0.289259
15 16 -0.613567
15 25 0.307217
15 115 -2.750031
16 17 2.136773
16 26 -0.807089
16 116 -0.029288
17 18 -1.456840
17 27 1.562896
17 117 -0.077857
18 19 -0.514060
18 28 -1.445670
18 118 0.734679
19 10 0.379401
19 29 -2.013403
19 119 -0.739237
20 21 0.194191
20 30 0.598599
20 120 0.157093
21 22 -0.553938
21 31 0.977056
21 121 0.976572
22 23 -1.195389
22 32 -0.536787
22 122 -0.775255
23 24 1.379842
23 33 0.259897
23 123 -0.107095
24 25 -0.370529
24 34 0.380320
24 124 0.673872
25 26 -1.069871
25 35 -1.682268
25 125 -0.102165
26 27 -0.389988
26 36 0.028451
26 126 -0.762524
27 28 -0.198493
27 37 -0.494371
27 127 0.880897
28 29 -1.352920
28 38 0.472902
28 128 1.304775
29 20 1.200399
29 39 -1.451038
29 129 -1.702257
30 31 -0.885428
30 40 -1.876591
30 130 -1.801507
31 32 -0.287491
31 41 -0.780299
31 131 0.143589
32 33 -1.933206
32 42 0.521155
32 132 0.794806
33 34 1.247696
33 43 -1.513778
33 133 -1.070567
34 35 -0.817397
34 44 1.595220
34 134 0.163982
35 36 -1.870359
35 45 -0.939670
35 135 0.100153
36 37 0.990882
36 46 0.471658
36 136 0.490178
37 38 -0.428696
37 47 0.791056
37 137 0.921992
38 39 0.379001
38 48 0.663579
38 138 -0.129019
39 30 -1.961664
39 49 -0.613727
39 139 -0.033872
40 41 -0.784480
40 50 1.156008
40 140 -0.394294
41 42 1.647571
41 51 0.999427
41 141 -1.456761
42 43 -1.211245
42 52 -1.267352
42 142 -1.125398
43 44 1.484855
43 53 0.859643
43 143 0.365142
44 45 -0.185042
44 54 -0.262284
44 144 -0.374457
45 46 -0.908046
45 55 0.249993
45 145 0.338567
46 47 0.236869
46 56 0.891629
46 146 0.134550
47 48 -0.768197
47 57 1.147806
47 147 0.185289
48 49 -1.301432
48 58 -0.077815
48 148 -0.133929
49 40 0.712260
49 59 0.585622
49 149 0.024205
50 51 0.013478
50 60 0.538804
50 150 1.589010
51 52 1.117421
51 61 0.843575
51 151 0.394429
52 53 -0.411445
52 62 0.265127
52 152 -0.997739
53 54 -1.416441
53 63 -0.255442
53 153 0.461739
54 55 0.043798
54 64 0.347997
54 154 -1.055571
55 56 -1.400458
55 65 -0.791131
55 155 -1.671734
56 57 1.018630
56 66 0.044811
56 156 -0.957931
57 58 -0.920464
57 67 1.328895
57 157 0.270435
58 59 2.278014
58 68 0.515742
58 158 -1.726665
59 50 -0.208328
59 69 -1.108244
59 159 0.002864
60 61 -0.360993
60 70 1.008473
60 160 0.408529
61 62 -0.051540
61 71 -0.455800
61 161 0.440906
62 63 -0.020745
62 72 -0.187810
62 162 -0.721577
63 64 0.313571
63 73 -2.468287
63 163 -0.641765
64 65 1.162357
64 74 0.633379
64 164 -0.017207
65 66 0.681842
65 75 0.509309
65 165 -0.378997
66 67 0.714682
66 76 -1.240157
66 166 0.513256
67 68 0.418248
67 77 -0.220531
67 167 -1.151021
68 69 0.725501
68 78 0.658858
68 168 0.656916
69 60 -1.352477
69 79 -2.622236
69 169 -0.422446
70 71 -1.295591
70 80 0.082862
70 170 -0.285551
71 72 -0.423682
71 81 -1.008255
71 171 -0.426318
72 73 -0.294872
72 82 1.348939
72 172 1.577958
73 74 2.232377
73 83 0.864777
73 173 0.963404
74 75 -2.536132
74 84 0.885461
74 174 0.911867
75 76 0.337083
75 85 -0.451939
75 175 0.064252
76 77 -1.340841
76 86 1.703565
76 176 0.021447
77 78 -0.839000
77 87 1.655328
77 177 0.192662
78 79 0.894504
78 88 -0.801891
78 178 -0.854128
79 70 -0.153596
79 89 -0.040093
79 179 0.255356
80 81 0.475508
80 90 -1.312288
80 180 1.951936
81 82 0.210231
81 91 0.096818
81 181 -0.734476
82 83 -0.226603
82 92 1.139335
82 182 1.679167
83 84 1.501734
83 93 0.010385
83 183 2.182036
84 85 -1.273362
84 94 -0.365388
84 184 -1.028347
85 86 -1.439382
85 95 -0.088048
85 185 -0.456396
86 87 0.988469
86 96 -1.415895
86 186 -0.215336
87 88 -0.630232
87 97 -1.801699
87 187 0.877072
88 89 1.140551
88 98 -0.648955
88 188 -0.951859
89 80 -0.110674
89 99 -1.484521
89 189 -0.165235
90 91 -0.251379
90 0 0.222031
90 190 -1.365587
91 92 0.205834
91 1 1.275353
91 191 -2.693292
92 93 -1.108629
92 2 -1.194837
92 192 -1.245246
93 94 1.120970
93 3 -0.690111
93 193 1.224862
94 95 0.305632
94 4 -1.622086
94 194 -0.277887
95 96 -0.434764
95 5 0.390147
95 195 1.267379
96 97 -0.719445
96 6 0.772396
96 196 -0.675838
97 98 0.178879
97 7 0.858791
97 197 -0.413583
98 99 1.566519
98 8 0.458596
98 198 0.570650
99 90 -1.518326
99 9 -0.224082
99 199 0.839953
100 101 2.491242
100 110 -0.915302
100 200 -0.745546
101 102 0.489204
101 111 0.832547
101 201 3.133163
102 103 2.146387
102 112 0.512697
102 202 1.406751
103 104 -0.606088
103 113 0.048851
103 203 1.177185
104 105 -1.012243
104 114 0.033854
104 204 -0.475153
105 106 -0.093025
105 115 -2.000638
105 205 1.887514
106 107 -1.234519
106 116 -0.796691
106 206 -0.259151
107 108 0.130590
107 117 -0.502365
107 207 -0.713935
108 109 -1.248783
108 118 2.042958
108 208 -0.392506
109 100 0.354030
109 119 -0.643825
109 209 -0.910633
110 111 0.552798
110 120 0.152594
110 210 2.865194
111 112 0.969493
111 121 1.914097
111 211 -1.875771
112 113 -0.630425
112 122 0.223760
112 212 0.098095
113 114 -1.455791
113 123 0.778407
113 213 -1.492142
114 115 0.960064
114 124 1.022121
114 214 -0.717501
115 116 1.112665
115 125 -0.335117
115 215 0.913845
116 117 0.394618
116 126 0.051259
116 216 0.193534
117 118 0.409857
117 127 -0.468281
117 217 -0.554761
118 119 0.539381
118 128 -0.078482
118 218 1.605756
119 110 -0.303670
119 129 -0.847340
119 219 1.142437
120 121 -0.684501
120 130 0.112692
120 220 -1.161504
121 122 -0.741755
121 131 0.414611
121 221 -1.418985
122 123 2.115405
122 132 0.901845
122 222 -0.709345
123 124 0.515663
123 133 -0.345235
123 223 -0.448922
124 125 0.753556
124 134 0.888936
124 224 -0.978010
125 126 -3.781114
125 135 -0.060173
125 225 0.545959
126 127 -0.746087
126 136 0.031265
126 226 -0.426465
127 128 1.123370
127 137 1.820120
127 227 0.851919
128 129 0.064749
128 138 -0.530002
128 228 -0.228147
129 120 0.846015
129 139 -1.128386
129 229 -2.088994
130 131 -0.426403
130 140 0.571840
130 230 -0.363559
131 132 -0.206320
131 141 0.736083
131 231 1.201367
132 133 -0.797536
132 142 -1.116965
132 232 -0.313468
133 134 0.381364
133 143 1.008602
133 233 -0.225981
134 135 -1.148960
134 144 1.172373
134 234 -1.391831
135 136 -1.670195
135 145 1.010757
135 235 0.573792
136 137 0.413324
136 146 -0.263341
136 236 0.637275
137 138 -0.216760
137 147 0.268698
137 237 -1.783027
138 139 0.384242
138 148 0.529865
138 238 0.024634
139 130 0.494174
139 149 -0.688058
139 239 0.655644
140 141 -1.177919
140 150 0.586487
140 240 -0.736998
141 142 -0.096341
141 151 0.650207
141 241 -0.006392
142 143 1.326066
142 152 -0.485455
142 242 -0.549040
143 144 0.229066
143 153 -0.258080
143 243 0.409977
144 145 -1.004267
144 154 -0.218046
144 244 -0.642416
145 146 -0.616132
145 155 -1.543079
145 245 -0.226789
146 147 -1.534835
146 156 0.649194
146 246 -0.513469
147 148 -0.792556
147 157 0.034454
147 247 0.837944
148 149 -1.181584
148 158 -0.326339
148 248 0.747691
149 140 0.263416
149 159 1.938175
149 249 -0.271403
150 151 -1.726222
150 160 -1.164679
150 250 -2.207981
151 152 -0.960822
151 161 0.555144
151 251 0.483782
152 153 -1.063168
152 162 -1.487978
152 252 -1.929744
153 154 -0.329680
153 163 1.978678
153 253 2.204744
154 155 -0.159896
154 164 -1.131590
154 254 0.193695
155 156 -0.030694
155 165 0.240081
155 255 0.576729
156 157 -1.709973
156 166 -0.447140
156 256 -1.380652
157 158 0.858149
157 167 2.596742
157 257 -0.432404
158 159 -0.679306
158 168 -0.092964
158 258 0.701132
159 150 -0.082991
159 169 -0.655645
159 259 0.506398
160 161 -0.903354
160 170 -1.563398
160 260 -0.296224
161 162 0.995054
161 171 -1.248265
161 261 -0.477420
162 163 -1.068945
162 172 0.458672
162 262 -0.632090
163 164 -0.249265
163 173 -1.577464
163 263 -0.227521
164 165 0.665272
164 174 2.026125
164 264 0.387761
165 166 -0.080272
165 175 0.749311
165 265 -0.027036
166 167 1.414659
166 176 0.488128
166 266 0.189437
167 168 -2.736947
167 177 -0.221924
167 267 -0.715937
168 169 -0.200538
168 178 1.096138
168 268 0.305327
169 160 0.662126
169 179 -0.183971
169 269 -1.259088
170 171 1.152801
170 180 0.291582
170 270 -0.567145
171 172 -0.532524
171 181 0.020230
171 271 1.066112
172 173 -0.812744
172 182 0.036067
172 272 0.485081
173 174 -0.185439
173 183 0.546807
173 273 0.016733
174 175 0.658734
174 184 0.530437
174 274 -0.854646
175 176 -0.222545
175 185 1.606974
175 275 0.563767
176 177 -1.040810
176 186 -1.863089
176 276 0.858656
177 178 1.081323
177 187 0.614856
177 277 0.538674
178 179 0.570550
178 188 0.744819
178 278 -0.073890
179 170 0.798852
179 189 -0.670156
179 279 1.082678
180 181 -0.745467
180 190 -0.922205
180 280 -0.532040
181 182 1.611106
181 191 1.597813
181 281 -0.078765
182 183 0.667156
182 192 -1.134503
182 282 -1.547357
183 184 -0.561570
183 193 0.251533
183 283 -0.488214
184 185 -1.405940
184 194 -0.272745
184 284 -1.419260
185 186 0.606109
185 195 -0.758780
185 285 1.003110
186 187 1.658475
186 196 -0.195203
186 286 -0.499002
187 188 1.776547
187 197 -0.494980
187 287 -0.456626
188 189 -0.574990
188 198 -1.400015
188 288 0.596368
189 180 0.661909
189 199 0.685659
189 289 0.259459
190 191 2.406159
190 100 1.228270
190 290 -0.687580
191 192 0.782089
191 101 0.727930
191 291 -0.702707
192 193 0.652164
192 102 0.909715
192 292 0.604259
193 194 0.136779
193 103 1.016408
193 293 1.065119
194 195 -0.077985
194 104 1.378418
194 294 -0.958858
195 196 0.620927
195 105 0.686407
195 295 0.353236
196 197 -0.195956
196 106 0.445334
196 296 -0.886461
197 198 1.455809
197 107 1.071273
197 297 0.010196
198 199 1.561973
198 108 -1.268966
198 298 -0.467506
199 190 -0.345024
199 109 -0.102321
199 299 0.180253
200 201 1.033923
200 210 -0.043338
200 300 -0.348838
201 202 -1.554448
201 211 0.163460
201 301 -0.940469
202 203 -0.438929
202 212 0.487912
202 302 0.525490
203 204 -1.141230
203 213 -0.607838
203 303 1.530359
204 205 -1.787740
204 214 -1.714384
204 304 0.139047
205 206 -1.147219
205 215 -0.513967
205 305 0.189867
206 207 -0.385389
206 216 -1.231469
206 306 0.822655
207 208 0.763511
207 217 2.539502
207 307 -0.228810
208 209 0.065412
208 218 -0.666048
208 308 -1.665150
209 200 -1.449911
209 219 -2.338008
209 309 1.057055
210 211 0.092690
210 220 1.647699
210 310 0.062518
211 212 1.252885
211 221 1.091262
211 311 -0.105310
212 213 -0.348520
212 222 -0.736434
212 312 -0.213807
213 214 -0.425765
213 223 -0.459268
213 313 -1.323477
214 215 0.379673
214 224 0.078537
214 314 0.321547
215 216 0.104907
215 225 -0.589597
215 315 1.599207
216 217 0.047270
216 226 -0.461178
216 316 0.567985
217 218 0.334298
217 227 1.271880
217 317 2.237747
218 219 0.884870
218 228 1.148559
218 318 -0.139576
219 210 -1.317810
219 229 2.403935
219 319 1.344821
220 221 0.385893
220 230 -0.034013
220 320 -1.129925
221 222 -1.256559
221 231 -0.055332
221 321 -0.268530
222 223 0.154805
222 232 0.426861
222 322 0.085262
223 224 0.896710
223 233 -0.125753
223 323 0.519376
224 225 1.723534
224 234 -0.086571
224 324 -1.001917
225 226 0.368683
225 235 1.253622
225 325 -1.202430
226 227 -0.047893
226 236 1.101133
226 326 0.395518
227 228 0.215731
227 237 1.312768
227 327 -1.004013
228 229 -0.710063
228 238 -0.304217
228 328 1.250995
229 220 0.124570
229 239 -1.005862
229 329 -1.337923
230 231 -0.048836
230 240 2.353481
230 330 -0.508624
231 232 -0.098108
231 241 0.058916
231 331 -0.390157
232 233 -0.257504
232 242 -0.694654
232 332 0.207908
233 234 -1.155952
233 243 -0.395328
233 333 2.389181
234 235 1.096317
234 244 -0.047928
234 334 -0.200946
235 236 1.523740
235 245 -0.394863
235 335 0.184400
236 237 -0.888390
236 246 -0.693939
236 336 0.777371
237 238 0.965236
237 247 -1.505613
237 337 1.486426
238 239 -0.713051
238 248 0.075847
238 338 0.746248
239 230 1.551431
239 249 -0.060386
239 339 -0.324509
240 241 -1.496916
240 250 1.479001
240 340 0.068963
241 242 2.575355
241 251 1.257996
241 341 -0.040408
242 243 0.941737
242 252 0.009231
242 342 -0.355098
243 244 1.384951
243 253 -0.215268
243 343 -0.396166
244 245 -1.959837
244 254 -1.600864
244 344 1.912725
245 246 -0.950702
245 255 0.364419
245 345 0.727895
246 247 -1.189726
246 256 2.626097
246 346 0.698788
247 248 -1.338684
247 257 1.687782
247 347 -0.088579
248 249 -0.357478
248 258 1.137069
248 348 0.120813
249 240 1.671055
249 259 0.533348
249 349 -0.587814
250 251 -1.027866
250 260 -0.884724
250 350 -0.519752
251 252 1.567966
251 261 -0.685031
251 351 0.330809
252 253 -0.307057
252 262 0.833604
252 352 0.391140
253 254 -1.086437
253 263 0.918639
253 353 0.164311
254 255 1.304508
254 264 -1.086261
254 354 -1.525337
255 256 1.677992
255 265 -1.004986
255 355 -0.406886
256 257 -1.576772
256 266 0.424450
256 356 -0.789803
257 258 0.349703
257 267 0.444588
257 357 2.641887
258 259 -1.072815
258 268 -0.130520
258 358 0.245287
259 250 0.063771
259 269 -1.997363
259 359 1.254760
260 261 -0.458841
260 270 -0.205983
260 360 -1.505647
261 262 1.024671
261 271 1.135157
261 361 -0.136678
262 263 -0.041680
262 272 -0.816520
262 362 0.664296
263 264 0.534213
263 273 -1.266081
263 363 -0.823582
264 265 0.336844
264 274 -0.978783
264 364 -1.289905
265 266 1.928066
265 275 0.089108
265 365 1.682255
266 267 1.116469
266 276 -0.337113
266 366 -0.362286
267 268 -0.500918
267 277 0.571558
267 367 -0.815997
268 269 0.201838
268 278 -0.020807
268 368 0.493845
269 260 -0.289074
269 279 1.243640
269 369 -1.618998
270 271 -0.570158
270 280 -1.085088
270 370 0.539881
271 272 -1.353782
271 281 -0.452294
271 371 -0.880762
272 273 -0.293243
272 282 -1.848377
272 372 -0.506492
273 274 -0.810751
273 283 -1.345960
273 373 -1.402636
274 275 0.562041
274 284 2.247715
274 374 -1.248099
275 276 0.485191
275 285 0.506415
275 375 0.417023
276 277 0.454148
276 286 0.106325
276 376 -0.659070
277 278 -1.978062
277 287 0.025432
277 377 -1.034659
278 279 0.495567
278 288 0.422469
278 378 0.808110
279 270 -1.090161
279 289 -0.278604
279 379 0.132186
280 281 -0.889276
280 290 0.038269
280 380 -1.157457
281 282 0.171825
281 291 0.327453
281 381 -1.009456
282 283 -0.552584
282 292 -0.594380
282 382 -0.774786
283 284 -0.844123
283 293 -1.099750
283 383 1.022109
284 285 -2.211442
284 294 1.106802
284 384 -0.554123
285 286 0.748472
285 295 1.360869
285 385 0.544055
286 287 -2.060501
286 296 -0.189365
286 386 0.361058
287 288 0.346643
287 297 1.445316
287 387 -1.628921
288 289 1.059327
288 298 -0.838752
288 388 0.213089
289 280 0.047690
289 299 -0.429243
289 389 -1.412338
290 291 -0.710864
290 200 -0.517696
290 390 0.526591
291 292 0.354309
291 201 -0.070619
291 391 -2.396448
292 293 -1.308335
292 202 0.514955
292 392 0.585137
293 294 1.465429
293 203 0.305349
293 393 -2.681823
294 295 0.757672
294 204 -2.881369
294 394 -0.519389
295 296 0.396738
295 205 -0.196294
295 395 -2.246142
296 297 1.004971
296 206 -0.200170
296 396 -0.436308
297 298 0.591627
297 207 0.722743
297 397 0.678320
298 299 -0.265568
298 208 -0.115556
298 398 -0.206490
299 290 -0.065613
299 209 -2.006120
299 399 1.172247
300 301 0.724699
300 310 -1.396500
300 400 0.102350
301 302 0.331011
301 311 -2.894300
301 401 -2.242109
302 303 -0.611615
302 312 -0.223719
302 402 -1.391409
303 304 0.497738
303 313 1.334126
303 403 0.004958
304 305 -0.771018
304 314 -0.450117
304 404 -0.051755
305 306 0.938013
305 315 -0.564073
305 405 -0.606505
306 307 -2.352231
306 316 -0.006649
306 406 -0.173365
307 308 -0.378077
307 317 0.084190
307 407 0.686849
308 309 -0.629116
308 318 0.016633
308 408 -1.462956
309 300 -0.172244
309 319 -1.691143
309 409 -0.399453
310 311 -0.710081
310 320 0.233329
310 410 -0.072546
311 312 0.901468
311 321 -2.842476
311 411 -0.621301
312 313 -0.023001
312 322 -0.562331
312 412 -1.684415
313 314 0.018984
313 323 -0.000540
313 413 0.314219
314 315 -0.211049
314 324 -0.070590
314 414 0.141778
315 316 0.182753
315 325 0.171329
315 415 0.272205
316 317 0.270224
316 326 -0.361141
316 416 -1.167656
317 318 -1.864549
317 327 -1.424427
317 417 -2.498321
318 319 -0.528747
318 328 1.231933
318 418 -0.152049
319 310 -0.545698
319 329 0.679586
319 419 -1.084073
320 321 -0.362315
320 330 -1.661019
320 420 -0.624009
321 322 -1.177959
321 331 -2.346236
321 421 1.410223
322 323 1.056628
322 332 1.490485
322 422 0.996777
323 324 -0.015533
323 333 -0.988212
323 423 0.480368
324 325 -0.668020
324 334 1.393279
324 424 0.681789
325 326 -1.181951
325 335 0.575501
325 425 0.506798
326 327 -0.619031
326 336 -0.437765
326 426 0.536300
327 328 -0.442885
327 337 2.590439
327 427 0.258971
328 329 0.246989
328 338 -0.799945
328 428 -1.105972
329 320 0.637932
329 339 -0.109784
329 429 -1.025193
330 331 0.613306
330 340 0.392708
330 430 0.063131
331 332 -3.140192
331 341 -0.997737
331 431 1.146800
332 333 -0.593850
332 342 -0.347362
332 432 1.670779
333 334 -0.824314
333 343 -0.569772
333 433 0.646541
334 335 0.017063
334 344 -1.127515
334 434 1.589555
335 336 0.366573
335 345 -0.715429
335 435 0.427154
336 337 1.113059
336 346 0.270448
336 436 0.785617
337 338 0.072408
337 347 0.414243
337 437 -0.227256
338 339 -0.778985
338 348 -1.777720
338 438 0.697189
339 330 -0.838450
339 349 1.713452
339 439 1.880183
340 341 0.182003
340 350 -0.861135
340 440 0.578828
341 342 -1.251240
341 351 0.080340
341 441 -0.508824
342 343 -1.274642
342 352 0.414116
342 442 0.816096
343 344 -0.024357
343 353 1.164544
343 443 -0.029059
344 345 -0.835826
344 354 -1.566025
344 444 -0.783985
345 346 0.719443
345 355 0.358108
345 445 -0.433249
346 347 -1.388647
346 356 0.516208
346 446 -1.095269
347 348 -0.337079
347 357 0.122851
347 447 -0.790020
348 349 -1.273492
348 358 0.469982
348 448 0.985606
349 340 1.823628
349 359 -0.622284
349 449 2.410328
350 351 0.025172
350 360 -0.367503
350 450 0.712942
351 352 -0.633017
351 361 0.771485
351 451 0.145943
352 353 0.023240
352 362 0.780534
352 452 0.930706
353 354 -0.854279
353 363 0.014316
353 453 1.038058
354 355 0.080386
354 364 -1.281039
354 454 -0.591331
355 356 0.935695
355 365 0.779661
355 455 -0.153717
356 357 -0.814070
356 366 -0.186766
356 456 0.782301
357 358 -0.304770
357 367 1.300978
357 457 0.434527
358 359 -0.382265
358 368 -0.020435
358 458 -0.458993
359 350 -0.007349
359 369 0.174583
359 459 0.086278
360 361 1.210354
360 370 0.738222
360 460 0.796038
361 362 -0.196076
361 371 0.320849
361 461 0.417387
362 363 -0.518312
362 372 -0.017380
362 462 -1.531937
363 364 0.742339
363 373 0.704490
363 463 2.477416
364 365 1.472278
364 374 1.249130
364 464 -0.438271
365 366 1.055230
365 375 0.482916
365 465 -0.286434
366 367 0.075737
366 376 -1.513607
366 466 0.459412
367 368 -0.967409
367 377 -0.132788
367 467 0.371257
368 369 -0.259129
368 378 0.434471
368 468 0.985252
369 360 -1.960460
369 379 0.983596
369 469 -1.187097
370 371 1.687157
370 380 1.021056
370 470 -1.474296
371 372 1.074220
371 381 -0.362711
371 471 0.700958
372 373 -0.103809
372 382 -1.339904
372 472 0.945546
373 374 -1.904162
373 383 1.289073
373 473 -1.695028
374 375 -0.429222
374 384 1.377948
374 474 -2.300111
375 376 -0.456988
375 385 1.783020
375 475 -0.884269
376 377 -1.653564
376 386 -1.382334
376 476 1.270781
377 378 -1.446253
377 387 -0.826736
377 477 1.495468
378 379 0.068871
378 388 -0.280445
378 478 0.344219
379 370 1.512679
379 389 0.020491
379 479 -0.001272
380 381 0.998110
380 390 -0.385258
380 480 -0.256708
381 382 -0.135100
381 391 -0.394643
381 481 0.205749
382 383 2.036336
382 392 0.995553
382 482 -0.629275
383 384 -2.045584
383 393 0.760986
383 483 0.146629
384 385 0.196663
384 394 0.492439
384 484 -1.596118
385 386 0.998869
385 395 0.434805
385 485 -0.014513
386 387 0.160799
386 396 -0.154095
386 486 0.213885
387 388 0.291684
387 397 -1.267525
387 487 -1.198928
388 389 -1.809274
388 398 1.173022
388 488 0.330272
389 380 0.081332
389 399 2.254220
389 489 0.924096
390 391 0.286082
390 300 0.613352
390 490 -0.322201
391 392 0.028721
391 301 -0.586807
391 491 -0.045105
392 393 -0.041960
392 302 1.784626
392 492 0.115122
393 394 -0.411456
393 303 -0.256840
393 493 0.042539
394 395 1.029421
394 304 -1.003700
394 494 -2.989918
395 396 -1.591890
395 305 -0.577511
395 495 -0.623650
396 397 0.338590
396 306 0.149141
396 496 -1.208455
397 398 0.034705
397 307 1.668750
397 497 0.092196
398 399 0.107822
398 308 0.944153
398 498 -1.269264
399 390 -0.148789
399 309 -0.919317
399 499 -0.217113
400 401 -1.336348
400 410 0.786332
400 500 -0.284186
401 402 -0.790901
401 411 1.252689
401 501 -0.354903
402 403 -1.854934
402 412 -0.490617
402 502 0.828286
403 404 -2.168834
403 413 -1.677362
403 503 -0.695792
404 405 -0.507769
404 414 0.644526
404 504 0.855204
405 406 0.084902
405 415 -2.538343
405 505 1.348101
406 407 0.497611
406 416 0.198225
406 506 -0.542674
407 408 -0.243456
407 417 -0.697648
407 507 -0.330857
408 409 0.428759
408 418 1.198055
408 508 0.438961
409 400 -1.907402
409 419 0.696757
409 509 0.445226
410 411 -0.135194
410 420 -1.085432
410 510 -0.692956
411 412 -0.729237
411 421 1.534337
411 511 -0.247759
412 413 0.373790
412 422 -0.009298
412 512 1.393631
413 414 -0.978052
413 423 -0.749413
413 513 -0.118313
414 415 0.515411
414 424 -0.347266
414 514 0.152724
415 416 1.832786
415 425 -0.096274
415 515 0.243666
416 417 -1.558486
416 426 0.151944
416 516 1.241901
417 418 -1.056027
417 427 -1.944490
417 517 -0.967914
418 419 -0.908489
418 428 0.038539
418 518 1.496760
419 410 0.482363
419 429 -1.059634
419 519 -2.060749
420 421 -0.806405
420 430 -0.192661
420 520 -0.074664
421 422 -1.194286
421 431 -0.222583
421 521 0.034275
422 423 -1.641730
422 432 0.479291
422 522 0.844993
423 424 0.544696
423 433 -1.643639
423 523 0.640800
424 425 1.265853
424 434 -0.936904
424 524 -0.523636
425 426 -0.745801
425 435 -0.796136
425 525 -0.213737
426 427 0.891918
426 436 1.565907
426 526 -1.070046
427 428 -1.376988
427 437 -0.884102
427 527 -0.995667
428 429 1.233992
428 438 1.441216
428 528 -0.461955
429 420 -0.950202
429 439 0.369316
429 529 0.286130
430 431 -1.797041
430 440 0.925273
430 530 -1.860032
431 432 -1.903515
431 441 -2.058134
431 531 0.169731
432 433 -1.496914
432 442 0.442682
432 532 -0.788367
433 434 0.226003
433 443 0.924047
433 533 0.127668
434 435 -0.507499
434 444 -0.800896
434 534 0.398815
435 436 0.098906
435 445 -0.543738
435 535 -2.100328
436 437 0.465412
436 446 1.470581
436 536 0.100508
437 438 0.501284
437 447 0.946753
437 537 -0.970956
438 439 1.302199
438 448 -1.564655
438 538 -0.922263
439 430 -0.256604
439 449 -0.848347
439 539 -0.552598
440 441 -0.717014
440 450 -1.643885
440 540 -1.844492
441 442 -1.473409
441 451 0.913276
441 541 1.580927
442 443 1.116639
442 452 1.633854
442 542 0.845822
443 444 0.276835
443 453 0.198360
443 543 0.478134
444 445 -0.765079
444 454 -0.296514
444 544 0.231157
445 446 0.997675
445 455 0.401909
445 545 -0.157576
446 447 0.898214
446 456 -0.184604
446 546 -0.132820
447 448 0.435608
447 457 1.166675
447 547 0.415094
448 449 0.596796
448 458 0.026672
448 548 -1.535250
449 440 -0.448577
449 459 0.341680
449 549 -1.018010
450 451 -1.043039
450 460 -1.236654
450 550 -1.140905
451 452 0.752542
451 461 1.125498
451 551 -1.148806
452 453 1.195769
452 462 0.319466
452 552 -1.405956
453 454 -0.137091
453 463 1.711874
453 553 -1.840539
454 455 1.518385
454 464 -0.878179
454 554 -0.091118
455 456 1.057181
455 465 -0.323265
455 555 -0.914414
456 457 -0.779348
456 466 0.193777
456 556 -0.247770
457 458 1.057852
457 467 -0.743734
457 557 -1.306673
458 459 1.009673
458 468 -1.945048
458 558 1.585255
459 450 0.663370
459 469 -0.040338
459 559 1.235658
460 461 -1.324378
460 470 0.368213
460 560 1.446963
461 462 0.552883
461 471 0.708762
461 561 -0.663054
462 463 -0.202614
462 472 -0.203609
462 562 -0.647329
463 464 -1.293469
463 473 -1.519431
463 563 -0.774002
464 465 0.568672
464 474 2.411983
464 564 0.328508
465 466 -0.916431
465 475 1.269506
465 565 -0.769196
466 467 -0.677007
466 476 -1.598197
466 566 0.670139
467 468 1.156013
467 477 -0.916962
467 567 -0.382042
468 469 -0.128913
468 478 -0.674769
468 568 -1.692494
469 460 0.338354
469 479 -0.457723
469 569 -0.567536
470 471 -0.572606
470 480 -0.569468
470 570 0.342282
471 472 0.671967
471 481 1.593370
471 571 -0.281736
472 473 -0.435919
472 482 0.302231
472 572 -1.873254
473 474 -0.344004
473 483 0.879964
473 573 0.322739
474 475 1.097515
474 484 -0.913607
474 574 0.232165
475 476 0.129233
475 485 -0.098819
475 575 1.829780
476 477 1.736542
476 486 -0.365273
476 576 -0.476026
477 478 0.997592
477 487 0.048780
477 577 -0.104372
478 479 1.155448
478 488 -0.175457
478 578 1.048302
479 470 0.906342
479 489 -1.061883
479 579 0.121236
480 481 -1.077710
480 490 0.593136
480 580 -0.831142
481 482 -0.537549
481 491 0.137488
481 581 -0.135526
482 483 0.798244
482 492 1.036583
482 582 -0.459641
483 484 0.424502
483 493 -0.128742
483 583 1.676979
484 485 -0.839841
484 494 -0.796972
484 584 -0.349077
485 486 2.012967
485 495 0.598486
485 585 -0.046623
486 487 1.526803
486 496 -0.926441
486 586 0.534124
487 488 0.299974
487 497 1.004449
487 587 0.522676
488 489 -2.814570
488 498 -1.061493
488 588 1.133506
489 480 -0.870971
489 499 0.263550
489 589 0.189339
490 491 1.562009
490 400 -0.179144
490 590 1.388205
491 492 1.877784
491 401 0.048928
491 591 -1.098699
492 493 0.512183
492 402 1.582962
492 592 1.053038
493 494 -0.206489
493 403 1.219166
493 593 0.946654
494 495 -0.725447
494 404 -1.017653
494 594 0.782334
495 496 0.542358
495 405 0.978465
495 595 0.284971
496 497 -0.552126
496 406 -0.768346
496 596 -1.449220
497 498 0.265736
497 407 -2.012552
497 597 -1.204885
498 499 0.820342
498 408 -0.337972
498 598 -1.933090
499 490 0.844851
499 409 0.600460
499 599 -0.496437
500 501 -0.228927
500 510 2.807081
500 600 0.371011
501 502 0.507326
501 511 0.442241
501 601 0.906850
502 503 1.180657
502 512 0.452717
502 602 -2.223245
503 504 1.060543
503 513 0.125707
503 603 -1.725138
504 505 -1.771462
504 514 -0.602092
504 604 0.708384
505 506 1.842509
505 515 0.963244
505 605 0.476500
506 507 -0.065812
506 516 1.656574
506 606 -1.568498
507 508 -0.817607
507 517 0.861413
507 607 1.939574
508 509 -0.428364
508 518 0.653205
508 608 -0.653297
509 500 -0.685652
509 519 -0.721753
509 609 -1.075139
510 511 -1.450683
510 520 -0.444484
510 610 0.520236
511 512 0.804047
511 521 0.155418
511 611 1.460408
512 513 -0.155265
512 522 0.582714
512 612 1.351239
513 514 0.259651
513 523 -0.240005
513 613 0.644648
514 515 -0.432283
514 524 -0.940919
514 614 0.323236
515 516 0.111015
515 525 0.108104
515 615 -0.611499
516 517 -0.037923
516 526 1.039232
516 616 -1.563174
517 518 0.242021
517 527 0.349131
517 617 0.179361
518 519 -0.706091
518 528 -0.599446
518 618 0.164667
519 510 -2.107136
519 529 0.902383
519 619 -0.087519
520 521 0.995146
520 530 -1.751251
520 620 -0.121046
521 522 0.027924
521 531 -1.437455
521 621 -0.788321
522 523 -1.626258
522 532 1.321374
522 622 0.435967
523 524 -0.567965
523 533 -1.371764
523 623 -0.410767
524 525 -2.554356
524 534 -0.515825
524 624 0.452870
525 526 -1.196138
525 535 0.299166
525 625 -1.887962
526 527 -0.005339
526 536 -0.606456
526 626 0.089560
527 528 -0.451070
527 537 -0.591801
527 627 -0.527215
528 529 -0.039825
528 538 -0.741299
528 628 0.526631
529 520 0.697540
529 539 1.764834
529 629 1.194270
530 531 -0.003208
530 540 0.574335
530 630 0.081290
531 532 -0.502706
531 541 -0.711303
531 631 -0.979281
532 533 -0.081615
532 542 0.512914
532 632 -0.892255
533 534 -0.532793
533 543 0.603077
533 633 1.371305
534 535 0.113120
534 544 0.049281
534 634 0.839932
535 536 -0.213120
535 545 0.161083
535 635 1.562511
536 537 0.320640
536 546 -1.623181
536 636 -0.388320
537 538 -1.080505
537 547 -0.320042
537 637 0.690619
538 539 -1.103856
538 548 -0.036938
538 638 -2.523783
539 530 0.758496
539 549 -0.430657
539 639 0.625655
540 541 -0.062800
540 550 0.980813
540 640 0.326789
541 542 1.413769
541 551 1.299713
541 641 0.022665
542 543 -1.352447
542 552 -2.773717
542 642 -0.631562
543 544 0.879200
543 553 0.428458
543 643 -0.580777
544 545 -0.868691
544 554 -0.670685
544 644 -0.702508
545 546 0.992001
545 555 0.774125
545 645 -0.594721
546 547 -0.857672
546 556 0.281801
546 646 -0.472672
547 548 0.202039
547 557 -0.753690
547 647 -1.597993
548 549 0.839102
548 558 0.367034
548 648 -2.003304
549 540 1.347410
549 559 -0.214667
549 649 1.039579
550 551 -1.592410
550 560 0.135181
550 650 -1.882322
551 552 1.692005
551 561 0.025356
551 651 1.040805
552 553 -1.155767
552 562 -0.268249
552 652 -2.006911
553 554 -0.253983
553 563 1.294464
553 653 1.068502
554 555 1.084809
554 564 0.352860
554 654 0.343935
555 556 0.024722
555 565 0.042690
555 655 0.609817
556 557 -0.311801
556 566 -1.750989
556 656 0.823006
557 558 1.916767
557 567 -0.635565
557 657 -2.022017
558 559 0.066254
558 568 0.206360
558 658 1.411324
559 550 -1.363961
559 569 -0.764271
559 659 1.567411
560 561 0.557979
560 570 -0.088485
560 660 -0.320543
561 562 -0.558528
561 571 -0.635679
561 661 2.046426
562 563 1.878255
562 572 -0.345982
562 662 0.511553
563 564 -2.244591
563 573 -0.793215
563 663 -0.790309
564 565 2.124345
564 574 0.471710
564 664 1.563823
565 566 1.696001
565 575 2.652786
565 665 1.474850
566 567 -0.027186
566 576 -1.525592
566 666 0.997712
567 568 0.857550
567 577 0.606936
567 667 -0.561427
568 569 -0.068137
568 578 1.693432
568 668 -0.793023
569 560 -0.500883
569 579 0.529567
569 669 -0.382422
570 571 -0.071064
570 580 0.005601
570 670 0.777182
571 572 -0.100371
571 581 0.000904
571 671 1.001560
572 573 -0.535296
572 582 2.242183
572 672 -0.955395
573 574 1.514079
573 583 -0.286452
573 673 0.212822
574 575 0.155914
574 584 1.017784
574 674 0.027440
575 576 -0.824570
575 585 -2.012687
575 675 0.149752
576 577 0.798291
576 586 1.563014
576 676 0.405880
577 578 -0.429271
577 587 -1.559113
577 677 -0.209616
578 579 -0.020790
578 588 -1.493046
578 678 1.232643
579 570 -1.282311
579 589 -0.468536
579 679 -0.753371
580 581 1.047979
580 590 -0.501584
580 680 1.065758
581 582 0.395677
581 591 2.112626
581 681 0.076484
582 583 -0.424760
582 592 0.499357
582 682 -2.210325
583 584 0.817845
583 593 -0.316951
583 683 0.392945
584 585 1.045143
584 594 0.253316
584 684 -0.633126
585 586 2.245936
585 595 0.217084
585 685 0.855536
586 587 -1.397469
586 596 0.746538
586 686 0.912515
587 588 -1.485745
587 597 0.399005
587 687 -0.583193
588 589 -0.387219
588 598 -1.556250
588 688 -0.293902
589 580 -0.653822
589 599 0.471817
589 689 -0.612329
590 591 -1.758852
590 500 -0.238725
590 690 -0.654511
591 592 0.248270
591 501 -0.821091
591 691 0.770646
592 593 -0.376351
592 502 -0.939338
592 692 -1.753322
593 594 0.588962
593 503 -0.399163
593 693 -0.394347
594 595 0.641855
594 504 -2.222297
594 694 1.435732
595 596 -0.208045
595 505 -1.362552
595 695 0.532322
596 597 -0.515331
596 506 1.751671
596 696 -0.658025
597 598 -0.196348
597 507 1.209963
597 697 -0.361537
598 599 0.253093
598 508 0.971534
598 698 -0.272820
599 590 -0.741132
599 509 1.122093
599 699 -0.229301
600 601 -1.113809
600 610 0.925174
600 700 -1.097073
601 602 0.547918
601 611 -0.548584
601 701 0.021337
602 603 -0.752204
602 612 -0.014997
602 702 -0.700860
603 604 2.424277
603 613 -0.782871
603 703 0.945315
604 605 0.983854
604 614 -0.618679
604 704 0.994329
605 606 1.234382
605 615 -0.255732
605 705 -1.128213
606 607 1.171728
606 616 0.279344
606 706 1.379283
607 608 0.090186
607 617 0.024519
607 707 -0.501535
608 609 -0.307610
608 618 0.503453
608 708 -0.771066
609 600 -1.505036
609 619 0.475567
609 709 -1.126483
610 611 -0.518140
610 620 0.202283
610 710 -1.162049
611 612 1.035435
611 621 -1.198684
611 711 0.525930
612 613 0.149073
612 622 1.468575
612 712 0.358061
613 614 -0.393120
613 623 -0.511121
613 713 0.634838
614 615 0.093757
614 624 -0.780977
614 714 0.953948
615 616 -1.535401
615 625 -1.358870
615 715 -0.983689
616 617 -0.650251
616 626 -1.042577
616 716 1.669593
617 618 0.399520
617 627 1.007581
617 717 -0.564778
618 619 -0.606933
618 628 -0.947249
618 718 1.902580
619 610 -0.633472
619 629 1.875625
619 719 -1.150120
620 621 -1.481975
620 630 0.587140
620 720 -1.629920
621 622 0.241834
621 631 0.680873
621 721 -0.293677
622 623 1.444770
622 632 2.941299
622 722 -0.344690
623 624 -0.516787
623 633 -1.876283
623 723 -0.512532
624 625 -0.249235
624 634 -2.143349
624 724 -1.419943
625 626 -0.356321
625 635 -0.409122
625 725 0.175542
626 627 0.700477
626 636 -0.478341
626 726 -1.952005
627 628 -0.321545
627 637 2.032724
627 727 -0.142086
628 629 0.847903
628 638 0.913880
628 728 0.315400
629 620 -0.980142
629 639 -1.191550
629 729 0.270985
630 631 0.659716
630 640 -1.577939
630 730 0.094086
631 632 0.383078
631 641 -0.206577
631 731 0.073129
632 633 1.472315
632 642 0.475452
632 732 0.716699
633 634 0.757778
633 643 0.454298
633 733 0.510572
634 635 -0.324745
634 644 0.802054
634 734 -0.961627
635 636 0.597388
635 645 0.972994
635 735 0.131888
636 637 -0.320673
636 646 0.829553
636 736 -0.217936
637 638 -0.027151
637 647 1.011457
637 737 0.186909
638 639 -0.762635
638 648 0.367518
638 738 -0.046973
639 630 0.392738
639 649 1.823853
639 739 -1.461657
640 641 -0.166802
640 650 0.166406
640 740 0.555231
641 642 -1.354011
641 651 0.265760
641 741 0.137560
642 643 0.180963
642 652 -0.513675
642 742 -1.506371
643 644 -1.037827
643 653 -0.147510
643 743 0.624324
644 645 -1.348667
644 654 -0.766680
644 744 1.152136
645 646 1.293698
645 655 0.647205
645 745 0.156390
646 647 -0.501797
646 656 0.674069
646 746 -0.260339
647 648 0.329763
647 657 1.105423
647 747 1.225984
648 649 -0.116691
648 658 1.178413
648 748 0.549989
649 640 -0.455767
649 659 -0.370542
649 749 -0.843866
650 651 -1.552936
650 660 -0.612691
650 750 0.795590
651 652 0.217285
651 661 -1.809732
651 751 0.265042
652 653 1.271304
652 662 -2.135449
652 752 -0.518211
653 654 -0.080033
653 663 -1.308504
653 753 0.519508
654 655 -1.100937
654 664 0.338157
654 754 1.176985
655 656 -0.782906
655 665 0.261312
655 755 0.200885
656 657 0.365177
656 666 -0.435372
656 756 -0.014753
657 658 0.237071
657 667 -1.757281
657 757 -0.636093
658 659 0.510405
658 668 0.019277
658 758 0.786507
659 650 0.841656
659 669 0.470476
659 759 0.480381
660 661 -0.693169
660 670 0.017104
660 760 0.942320
661 662 -0.988002
661 671 1.378741
661 761 0.410815
662 663 -0.630315
662 672 0.635546
662 762 1.255378
663 664 1.387776
663 673 0.414028
663 763 -1.495807
664 665 -0.031560
664 674 0.140006
664 764 1.738307
665 666 -0.112960
665 675 -0.826641
665 765 0.475770
666 667 1.218964
666 676 0.678431
666 766 0.573134
667 668 0.088651
667 677 0.832867
667 767 -0.003612
668 669 1.557010
668 678 1.419139
668 768 -2.338982
669 660 0.057354
669 679 1.270249
669 769 -0.483658
670 671 -0.754242
670 680 -1.165962
670 770 1.256582
671 672 -1.516832
671 681 -0.388577
671 771 -0.650787
672 673 -0.995570
672 682 1.467814
672 772 -0.881277
673 674 0.202445
673 683 -1.085230
673 773 -1.031422
674 675 -1.421509
674 684 1.245749
674 774 -0.965570
675 676 -0.188209
675 685 0.701609
675 775 -2.208700
676 677 -1.285840
676 686 0.714004
676 776 -0.096052
677 678 0.893752
677 687 0.447481
677 777 -0.322169
678 679 -1.005057
678 688 -0.974907
678 778 -0.367051
679 670 0.188240
679 689 -0.970237
679 779 1.356217
680 681 1.276902
680 690 -0.087072
680 780 0.403560
681 682 -0.338205
681 691 1.274602
681 781 0.518285
682 683 0.035220
682 692 -2.097578
682 782 0.094839
683 684 -0.100649
683 693 0.006961
683 783 -0.872174
684 685 0.528926
684 694 0.502018
684 784 1.834769
685 686 -0.274931
685 695 1.726587
685 785 0.744451
686 687 0.120967
686 696 -0.629831
686 786 0.819217
687 688 -0.957053
687 697 -1.733812
687 787 -1.305179
688 689 0.748867
688 698 -0.020061
688 788 -2.302743
689 680 -0.556030
689 699 0.845545
689 789 -0.014404
690 691 0.185780
690 600 -1.790925
690 790 -0.455513
691 692 -0.939564
691 601 1.051570
691 791 0.102186
692 693 0.171793
692 602 0.253755
692 792 0.850160
693 694 -0.798290
693 603 0.885709
693 793 1.309124
694 695 0.901106
694 604 -0.456906
694 794 0.534581
695 696 0.527374
695 605 0.175801
695 795 -1.284071
696 697 0.683371
696 606 -1.565948
696 796 -0.150728
697 698 -1.519471
697 607 0.883377
697 797 -1.228595
698 699 -0.446689
698 608 1.092812
698 798 1.542423
699 690 0.158195
699 609 -0.671436
699 799 0.162716
700 701 0.167160
700 710 0.872934
700 800 0.356971
701 702 -0.923976
701 711 -0.154982
701 801 -1.506112
702 703 0.476025
702 712 -0.710195
702 802 0.071848
703 704 -0.092390
703 713 -1.839838
703 803 0.675268
704 705 -0.779185
704 714 1.434836
704 804 1.449023
705 706 -1.352844
705 715 0.035897
705 805 -0.095117
706 707 1.036398
706 716 -0.062262
706 806 1.313398
707 708 0.780327
707 717 0.917783
707 807 -1.005794
708 709 -0.304155
708 718 0.999258
708 808 -1.913847
709 700 0.208773
709 719 1.469835
709 809 -1.393927
710 711 -0.302516
710 720 0.866905
710 810 -0.588955
711 712 1.664115
711 721 -1.427982
711 811 1.512814
712 713 0.525001
712 722 -1.187609
712 812 -0.249273
713 714 -0.321868
713 723 -0.170635
713 813 0.766560
714 715 0.321708
714 724 -0.050574
714 814 -0.817452
715 716 0.824080
715 725 1.708180
715 815 0.417729
716 717 -0.067464
716 726 -0.105207
716 816 -0.638306
717 718 1.400200
717 727 -0.909943
717 817 -0.989075
718 719 0.383673
718 728 0.446131
718 818 0.338959
719 710 -0.975309
719 729 1.152523
719 819 -0.113844
720 721 -0.296589
720 730 0.286597
720 820 0.145888
721 722 0.385763
721 731 1.575274
721 821 0.294186
722 723 -1.011161
722 732 -0.680049
722 822 -1.012029
723 724 -1.561507
723 733 -0.212141
723 823 -1.175313
724 725 -2.516128
724 734 1.158328
724 824 -0.094246
725 726 -2.062771
725 735 -0.714595
725 825 -0.300542
726 727 -0.739054
726 736 -0.872477
726 826 0.284463
727 728 0.575584
727 737 -0.410381
727 827 -0.166519
728 729 -0.294677
728 738 0.416072
728 828 -1.692609
729 720 0.865765
729 739 -1.440605
729 829 -1.202259
730 731 -1.039641
730 740 0.908862
730 830 -1.193461
731 732 0.361094
731 741 -1.759994
731 831 0.731674
732 733 -0.683524
732 742 -0.062866
732 832 -1.998664
733 734 -0.961802
733 743 -0.430630
733 833 -0.692189
734 735 0.941455
734 744 -0.416154
734 834 1.923123
735 736 -0.263201
735 745 0.666091
735 835 0.615783
736 737 0.206720
736 746 -0.767133
736 836 -0.882143
737 738 -0.931302
737 747 -0.006880
737 837 -2.299018
738 739 -0.344848
738 748 1.170889
738 838 0.269579
739 730 -1.243138
739 749 0.951734
739 839 -0.952189
740 741 -0.084079
740 750 -0.948699
740 840 -1.082284
741 742 -0.086974
741 751 0.058766
741 841 -0.902749
742 743 -0.272215
742 752 -0.630826
742 842 2.834241
743 744 -0.321354
743 753 1.254450
743 843 -0.441034
744 745 -0.846570
744 754 0.495824
744 844 -0.560820
745 746 0.040020
745 755 0.513029
745 845 1.728822
746 747 1.387175
746 756 -0.082862
746 846 -0.133698
747 748 -1.882058
747 757 -0.894850
747 847 0.417012
748 749 1.732338
748 758 0.552588
748 848 1.661343
749 740 -0.760180
749 759 0.069642
749 849 -2.585254
750 751 0.262644
750 760 -0.263409
750 850 0.031609
751 752 0.442570
751 761 -0.818941
751 851 -0.465137
752 753 0.125219
752 762 -0.572022
752 852 -0.460193
753 754 0.569730
753 763 -0.369925
753 853 -0.040100
754 755 1.075898
754 764 -1.062534
754 854 0.600324
755 756 1.437593
755 765 1.787528
755 855 1.965174
756 757 -1.287906
756 766 0.403761
756 856 0.187759
757 758 0.008292
757 767 -0.802037
757 857 -0.990198
758 759 0.833169
758 768 1.706917
758 858 -1.262116
759 750 2.159611
759 769 -0.917092
759 859 -0.151096
760 761 0.451258
760 770 -2.184308
760 860 -0.975357
761 762 0.724894
761 771 -2.517336
761 861 -0.076444
762 763 -0.665732
762 772 0.000780
762 862 -0.330824
763 764 0.165470
763 773 0.353161
763 863 -0.171731
764 765 -2.384891
764 774 0.241600
764 864 -0.733382
765 766 2.098904
765 775 0.283766
765 865 -0.077207
766 767 1.981497
766 776 -0.162693
766 866 0.510799
767 768 0.486360
767 777 -0.137552
767 867 0.551025
768 769 0.108272
768 778 0.664122
768 868 1.425960
769 760 -0.109526
769 779 -0.262063
769 869 -0.300765
770 771 -1.243035
770 780 -0.503090
770 870 -0.049539
771 772 2.060896
771 781 0.810064
771 871 0.965239
772 773 2.074698
772 782 0.027320
772 872 1.698623
773 774 -0.404141
773 783 -0.075853
773 873 0.944183
774 775 -0.100323
774 784 -0.101686
774 874 1.779206
775 776 -0.514557
775 785 -0.092179
775 875 0.870186
776 777 -0.487940
776 786 -0.140871
776 876 0.045242
777 778 0.915803
777 787 -0.317863
777 877 0.479619
778 779 -0.160885
778 788 -0.625316
778 878 -0.344772
779 770 -0.079540
779 789 0.083744
779 879 0.136432
780 781 -2.829496
780 790 1.582143
780 880 0.981648
781 782 0.935084
781 791 -1.724522
781 881 -1.193086
782 783 0.277423
782 792 -1.517784
782 882 0.228999
783 784 -0.300895
783 793 0.791510
783 883 -1.719049
784 785 0.043166
784 794 -0.176835
784 884 -1.150080
785 786 0.699833
785 795 1.153343
785 885 0.742797
786 787 2.183414
786 796 0.359679
786 886 2.560870
787 788 -0.233362
787 797 1.728568
787 887 -1.156660
788 789 -0.904405
788 798 -0.792290
788 888 2.190750
789 780 -1.022282
789 799 0.129056
789 889 0.389911
790 791 0.053563
790 700 -0.802189
790 890 -0.280503
791 792 1.515098
791 701 0.841097
791 891 -1.628538
792 793 -0.245975
792 702 -0.108781
792 892 0.478754
793 794 0.564963
793 703 -0.954234
793 893 0.676571
794 795 -0.675957
794 704 1.258480
794 894 1.420662
795 796 1.062050
795 705 -2.158167
795 895 0.837758
796 797 0.545643
796 706 -0.184322
796 896 -0.509267
797 798 -0.605580
797 707 0.282390
797 897 1.106874
798 799 1.809195
798 708 -0.488416
798 898 -1.074800
799 790 -2.140947
799 709 0.724928
799 899 0.413820
800 801 -0.772202
800 810 0.393062
800 900 1.264233
801 802 -1.403366
801 811 -0.931617
801 901 -1.015456
802 803 1.206286
802 812 -1.457106
802 902 -0.433984
803 804 -0.929679
803 813 -0.863330
803 903 -1.660975
804 805 -0.038394
804 814 -0.429407
804 904 -0.271879
805 806 2.083820
805 815 -0.524020
805 905 0.454762
806 807 1.930820
806 816 -0.076964
806 906 1.549115
807 808 0.080035
807 817 0.821435
807 907 0.388373
808 809 -0.227649
808 818 1.044058
808 908 -0.334066
809 800 -0.937886
809 819 1.972756
809 909 2.427200
810 811 -0.978473
810 820 1.222254
810 910 0.781995
811 812 0.779999
811 821 1.242755
811 911 1.530467
812 813 0.869905
812 822 -1.247894
812 912 -1.732525
813 814 -0.499284
813 823 1.333766
813 913 -0.110134
814 815 0.464919
814 824 0.205682
814 914 0.980341
815 816 0.831124
815 825 0.182862
815 915 0.153890
816 817 0.282932
816 826 0.548838
816 916 1.252613
817 818 1.109194
817 827 -0.350291
817 917 -0.598866
818 819 -1.271177
818 828 -1.269693
818 918 -0.094768
819 810 -0.542532
819 829 -0.681107
819 919 1.402544
820 821 0.929188
820 830 1.363268
820 920 2.333176
821 822 0.514911
821 831 -2.009798
821 921 2.520328
822 823 -0.786765
822 832 -0.096487
822 922 1.216735
823 824 -1.303242
823 833 0.180047
823 923 -0.160412
824 825 0.544444
824 834 -1.553593
824 924 -0.082470
825 826 -0.407748
825 835 -1.145908
825 925 1.251855
826 827 -0.868840
826 836 -0.752432
826 926 0.353870
827 828 0.091135
827 837 -2.121615
827 927 0.320999
828 829 -0.905445
828 838 -0.143018
828 928 -0.596339
829 820 -1.230656
829 839 -0.687842
829 929 -1.237651
830 831 0.542543
830 840 -1.503147
830 930 -0.468068
831 832 -1.204526
831 841 0.460227
831 931 -0.460583
832 833 -1.168166
832 842 -1.090607
832 932 -0.960122
833 834 0.759383
833 843 -1.463094
833 933 -0.213945
834 835 -0.009070
834 844 1.963839
834 934 0.751277
835 836 0.536686
835 845 0.735547
835 935 -0.238404
836 837 0.514430
836 846 0.278253
836 936 -0.348061
837 838 -1.051787
837 847 -0.871838
837 937 0.079831
838 839 0.494813
838 848 -0.289588
838 938 -0.479662
839 830 -0.237771
839 849 0.959953
839 939 -0.784017
840 841 -0.596888
840 850 -0.079356
840 940 -1.378890
841 842 1.408312
841 851 0.246602
841 941 1.642625
842 843 1.091131
842 852 -0.839396
842 942 -1.701550
843 844 -1.689464
843 853 0.721510
843 943 -1.596695
844 845 1.572331
844 854 0.254337
844 944 -0.141365
845 846 1.033518
845 855 -1.294304
845 945 0.964073
846 847 -0.124866
846 856 -0.606596
846 946 1.353121
847 848 -0.724136
847 857 -1.001716
847 947 -0.462470
848 849 0.901121
848 858 -0.642476
848 948 1.138119
849 840 0.717103
849 859 -0.744998
849 949 -0.149956
850 851 1.291562
850 860 1.093669
850 950 -0.432944
851 852 0.202621
851 861 -0.432938
851 951 -1.094713
852 853 0.712304
852 862 -0.135798
852 952 0.076290
853 854 1.159169
853 863 -0.858762
853 953 -1.193322
854 855 0.978240
854 864 0.533544
854 954 -0.718552
855 856 0.338314
855 865 0.902384
855 955 0.042547
856 857 0.258803
856 866 0.989563
856 956 -0.507749
857 858 1.074005
857 867 -1.548191
857 957 -1.204646
858 859 1.217335
858 868 0.134877
858 958 0.382805
859 850 -0.622724
859 869 -1.327555
859 959 0.104926
860 861 -1.178570
860 870 1.827980
860 960 -0.764904
861 862 -0.024135
861 871 0.367474
861 961 0.661399
862 863 0.298680
862 872 0.188852
862 962 -0.111144
863 864 -1.250027
863 873 -1.096260
863 963 -0.284460
864 865 -1.501958
864 874 0.722637
864 964 -0.342314
865 866 0.314843
865 875 0.827477
865 965 1.281975
866 867 -2.013371
866 876 0.654749
866 966 -1.232064
867 868 -1.537370
867 877 2.097264
867 967 0.802668
868 869 1.114689
868 878 -0.571173
868 968 -0.075164
869 860 -0.133221
869 879 -0.215016
869 969 0.168522
870 871 0.390094
870 880 -0.378935
870 970 0.084984
871 872 -0.317714
871 881 -0.888796
871 971 1.416575
872 873 2.278763
872 882 0.765335
872 972 -0.092063
873 874 -1.345758
873 883 -0.271451
873 973 0.294763
874 875 -0.038617
874 884 0.051064
874 974 0.109247
875 876 -1.365020
875 885 1.436281
875 975 -2.758995
876 877 0.179462
876 886 1.815990
876 976 -0.293654
877 878 -1.014965
877 887 -0.215645
877 977 -0.130289
878 879 -0.437615
878 888 1.602233
878 978 -1.680461
879 870 -0.801976
879 889 1.473311
879 979 1.119806
880 881 -0.298997
880 890 0.792285
880 980 1.130981
881 882 0.216214
881 891 1.197570
881 981 -0.889828
882 883 -0.285923
882 892 1.991675
882 982 -0.226156
883 884 -0.996021
883 893 0.961135
883 983 -1.174703
884 885 0.451741
884 894 -0.487609
884 984 0.843891
885 886 -1.111509
885 895 -0.158115
885 985 0.108770
886 887 -1.132629
886 896 1.060590
886 986 0.448040
887 888 -1.570586
887 897 -0.725840
887 987 1.335749
888 889 1.269389
888 898 -0.157375
888 988 0.812368
889 880 -0.028804
889 899 0.288708
889 989 -0.242929
890 891 1.195200
890 800 -1.219937
890 990 0.107745
891 892 -1.216233
891 801 0.489406
891 991 -0.488369
892 893 0.031249
892 802 -0.099878
892 992 -1.253465
893 894 0.150271
893 803 0.111235
893 993 -0.238051
894 895 0.477469
894 804 1.422576
894 994 0.300908
895 896 1.040627
895 805 -0.106108
895 995 0.740735
896 897 -1.900847
896 806 -0.674967
896 996 1.744544
897 898 1.115620
897 807 0.824021
897 997 -1.396167
898 899 0.414258
898 808 2.440998
898 998 0.364693
899 890 -0.297514
899 809 1.378893
899 999 -0.231936
900 901 -2.056808
900 910 -1.492717
900 0 -0.354787
901 902 1.208486
901 911 0.505820
901 1 -0.260615
902 903 -0.343104
902 912 0.477815
902 2 -1.169927
903 904 0.190887
903 913 0.220981
903 3 1.632736
904 905 -1.103408
904 914 -1.117344
904 4 -0.422193
905 906 -0.459617
905 915 -0.484298
905 5 -1.120875
906 907 -1.724634
906 916 -0.219551
906 6 -1.123821
907 908 -0.683713
907 917 -0.131074
907 7 -0.212680
908 909 -0.258100
908 918 1.757185
908 8 1.192914
909 900 0.154515
909 919 1.601177
909 9 -0.064127
910 911 0.687712
910 920 0.199713
910 10 0.543531
911 912 0.032680
911 921 0.235080
911 11 0.550702
912 913 -0.942607
912 922 1.801499
912 12 -0.088643
913 914 0.726210
913 923 -1.100956
913 13 1.011945
914 915 0.684395
914 924 0.150984
914 14 0.454741
915 916 1.616512
915 925 -0.232149
915 15 -0.830775
916 917 0.909067
916 926 -0.008632
916 16 0.250393
917 918 0.092375
917 927 0.587872
917 17 0.145004
918 919 1.874043
918 928 1.475201
918 18 -0.962924
919 910 -1.211051
919 929 0.356090
919 19 -0.319957
920 921 0.351386
920 930 0.314086
920 20 -0.351423
921 922 0.515338
921 931 0.565202
921 21 0.810245
922 923 -0.543253
922 932 0.838337
922 22 0.942487
923 924 -0.658943
923 933 -0.884664
923 23 0.654802
924 925 -1.062387
924 934 0.105232
924 24 -0.845913
925 926 -0.467013
925 935 0.705541
925 25 0.439849
926 927 -1.887570
926 936 -0.071796
926 26 -0.516285
927 928 -0.709592
927 937 2.115331
927 27 -1.500564
928 929 -2.016052
928 938 -1.398286
928 28 0.061866
929 920 0.367612
929 939 1.062052
929 29 0.580731
930 931 -0.257100
930 940 0.695108
930 30 -0.398781
931 932 0.125985
931 941 0.636506
931 31 -0.694972
932 933 -0.891088
932 942 1.870208
932 32 0.707297
933 934 -1.610367
933 943 1.583889
933 33 -0.256503
934 935 0.901095
934 944 0.037891
934 34 0.077420
935 936 -1.066276
935 945 -0.309418
935 35 0.109624
936 937 -0.547771
936 946 -2.428766
936 36 -1.612976
937 938 0.934056
937 947 1.372097
937 37 1.057790
938 939 -2.460737
938 948 -1.595437
938 38 1.236188
939 930 -0.113265
939 949 0.163025
939 39 -0.092113
940 941 -0.537165
940 950 0.786102
940 40 0.368810
941 942 -0.420486
941 951 -0.314476
941 41 -0.337950
942 943 0.063147
942 952 -1.652968
942 42 -0.416393
943 944 -0.925067
943 953 -0.258135
943 43 0.388489
944 945 0.478386
944 954 0.442734
944 44 0.559264
945 946 -0.405799
945 955 -0.918762
945 45 1.223301
946 947 0.982395
946 956 0.271016
946 46 0.540248
947 948 0.254828
947 957 1.247449
947 47 0.288499
948 949 1.417542
948 958 -0.674347
948 48 -2.247719
949 940 -0.444064
949 959 -0.735802
949 49 -1.149901
950 951 1.207837
950 960 -2.179011
950 50 -1.232871
951 952 2.596494
951 961 -0.735031
951 51 -0.348530
952 953 -0.960673
952 962 -0.345548
952 52 0.880842
953 954 -0.378617
953 963 0.815984
953 53 -0.645995
954 955 -1.276999
954 964 0.062936
954 54 -0.192994
955 956 0.248132
955 965 0.395120
955 55 0.310316
956 957 -0.348637
956 966 -0.843164
956 56 0.544461
957 958 0.250481
957 967 -0.007342
957 57 1.234509
958 959 -0.262895
958 968 0.492993
958 58 0.209942
959 950 -2.152623
959 969 0.647181
959 59 -0.611021
960 961 0.374445
960 970 0.628618
960 60 -1.994458
961 962 -0.399994
961 971 0.201036
961 61 -0.737816
962 963 0.135214
962 972 -0.622673
962 62 1.107334
963 964 0.328189
963 973 0.375391
963 63 -0.166970
964 965 -0.335591
964 974 -0.328050
964 64 -0.066740
965 966 -1.635805
965 975 -2.052307
965 65 -2.408064
966 967 0.022738
966 976 -0.160887
966 66 0.067071
967 968 -0.583826
967 977 -1.293524
967 67 0.971714
968 969 0.726812
968 978 -0.778016
968 68 -1.734610
969 960 -1.273835
969 979 2.113461
969 69 0.825691
970 971 -0.550594
970 980 1.232722
970 70 -0.396188
971 972 -0.539208
971 981 0.763725
971 71 0.527401
972 973 0.985307
972 982 1.139938
972 72 -0.920091
973 974 0.782866
973 983 -0.539107
973 73 0.693157
974 975 0.589755
974 984 1.826765
974 74 1.441561
975 976 -0.318437
975 985 -2.247098
975 75 -0.287712
976 977 0.086945
976 986 0.107411
976 76 1.401900
977 978 0.639948
977 987 -0.430116
977 77 -0.372764
978 979 0.480121
978 988 -0.320903
978 78 0.991445
979 970 0.115220
979 989 0.888330
979 79 0.308725
980 981 -0.005244
980 990 -0.871976
980 80 -1.919222
981 982 0.199213
981 991 1.175459
981 81 0.054301
982 983 0.263254
982 992 1.558331
982 82 0.085628
983 984 -0.522856
983 993 0.932447
983 83 -0.764041
984 985 -0.113519
984 994 0.705094
984 84 0.542607
985 986 -0.342043
985 995 1.155527
985 85 0.612468
986 987 0.341338
986 996 -0.284114
986 86 -0.011554
987 988 1.741547
987 997 -0.212103
987 87 0.818050
988 989 -0.456304
988 998 -0.864314
988 88 -0.018543
989 980 1.205214
989 999 1.549724
989 89 0.846494
990 991 0.617895
990 900 1.064203
990 90 -0.700686
991 992 -1.371791
991 901 -2.503617
991 91 -0.519085
992 993 -0.649923
992 902 0.028936
992 92 0.453424
993 994 0.238514
993 903 0.360103
993 93 -1.679240
994 995 -0.430641
994 904 1.504082
994 94 -1.366640
995 996 -1.017790
995 905 -1.120450
995 95 -0.635417
996 997 -0.723089
996 906 -1.284802
996 96 0.287138
997 998 -1.019828
997 907 0.977989
997 97 0.656786
998 999 0.949799
998 908 0.151576
998 98 1.776622
999 990 -0.390985
999 909 0.820521
999 99 -0.908921
