0 1 -0.510944
0 10 0.946756
0 100 0.361447
1 2 -0.765370
1 11 1.150546
1 101 -0.516571
2 3 1.735736
2 12 1.095766
2 102 0.935013
3 4 -0.154881
3 13 0.710347
3 103 -0.784491
4 5 0.877932
4 14 1.042045
4 104 0.941418
5 6 -0.123617
5 15 -1.171948
5 105 -0.575827
6 7 0.001328
6 16 0.685793
6 106 -0.957730
7 8 -0.495218
7 17 -0.949842
7 107 0.922937
8 9 0.498515
8 18 -0.488616
8 108 -1.264686
9 0 -1.216979
9 19 -0.630318
9 109 0.005100
10 11 0.656308
10 20 -1.133805
10 110 0.462060
11 12 -0.540248
11 21 2.279638
11 111 1.094276
12 13 0.217384
12 22 0.446487
12 112 -0.774129
13 14 0.970489
13 23 -1.045938
13 113 1.043684
14 15 -0.998388
14 24 -0.070504
14 114 0.335003
15 16 -0.820194
15 25 2.408228
15 115 -0.869078
16 17 -1.401730
16 26 -1.694194
16 116 -1.984885
17 18 0.462763
17 27 0.656649
17 117 -0.546271
18 19 -0.702444
18 28 -1.859554
18 118 -0.513886
19 10 1.283352
19 29 -1.024212
19 119 -0.163935
20 21 0.295607
20 30 0.565692
20 120 -1.019117
21 22 1.449481
21 31 0.874260
21 121 -1.231014
22 23 -1.378047
22 32 0.294120
22 122 0.708123
23 24 0.842092
23 33 0.829105
23 123 0.002474
24 25 -1.003259
24 34 -0.612772
24 124 -0.538280
25 26 -0.970579
25 35 0.931822
25 125 0.082231
26 27 -1.115043
26 36 0.338231
26 126 0.191875
27 28 0.986551
27 37 -0.026143
27 127 1.073142
28 29 0.290027
28 38 -0.973716
28 128 1.257306
29 20 -0.138072
29 39 -0.455186
29 129 -1.683872
30 31 0.922969
30 40 0.001097
30 130 0.735651
31 32 -1.213594
31 41 -1.109277
31 131 -1.048082
32 33 -1.320797
32 42 -0.856146
32 132 1.123759
33 34 -0.871419
33 43 -0.192404
33 133 0.106900
34 35 1.113151
34 44 -0.821714
34 134 0.869552
35 36 -0.387140
35 45 -0.165449
35 135 -0.469909
36 37 -0.512480
36 46 -0.257043
36 136 0.690267
37 38 0.425055
37 47 -0.029447
37 137 -0.008464
38 39 0.294699
38 48 -0.731502
38 138 -0.252105
39 30 2.013285
39 49 1.404324
39 139 -0.566548
40 41 -0.063445
40 50 0.267666
40 140 0.555596
41 42 -0.076843
41 51 0.694110
41 141 0.544371
42 43 0.484955
42 52 -1.288890
42 142 1.328668
43 44 -0.428476
43 53 0.517314
43 143 1.841089
44 45 1.517028
44 54 -0.393583
44 144 -0.276961
45 46 -1.047663
45 55 0.945035
45 145 -1.000126
46 47 -1.400069
46 56 0.620940
46 146 -1.318787
47 48 1.159306
47 57 1.911171
47 147 0.673207
48 49 1.322677
48 58 0.449869
48 148 -0.349872
49 40 -1.368471
49 59 -1.578282
49 149 -2.692434
50 51 -0.923368
50 60 -0.932638
50 150 0.331974
51 52 -0.992587
51 61 -0.692080
51 151 -0.449326
52 53 -1.185176
52 62 0.412481
52 152 0.319677
53 54 -1.837518
53 63 -0.427168
53 153 -0.286671
54 55 0.565059
54 64 -1.447217
54 154 -0.082748
55 56 -0.660053
55 65 1.483976
55 155 1.730255
56 57 0.976807
56 66 0.307067
56 156 -0.405940
57 58 0.689598
57 67 -0.054117
57 157 0.318889
58 59 -0.315887
58 68 -0.716557
58 158 0.814193
59 50 -0.025441
59 69 -0.888285
59 159 0.278968
60 61 0.943635
60 70 1.718689
60 160 0.388348
61 62 1.032616
61 71 -0.576531
61 161 -0.922214
62 63 0.405655
62 72 -0.923833
62 162 -0.252028
63 64 -0.772826
63 73 1.433034
63 163 -2.254727
64 65 0.635304
64 74 1.164079
64 164 -1.296536
65 66 1.008411
65 75 -1.544639
65 165 3.087725
66 67 -0.145528
66 76 -0.320019
66 166 0.232477
67 68 -0.692475
67 77 0.835124
67 167 -0.777040
68 69 -0.129872
68 78 -1.655050
68 168 1.947029
69 60 -0.190742
69 79 1.805556
69 169 -2.273013
70 71 -1.525221
70 80 0.088031
70 170 0.309646
71 72 -0.518460
71 81 -1.787027
71 171 -0.341389
72 73 -0.007742
72 82 0.545343
72 172 -0.025664
73 74 1.431291
73 83 -0.597318
73 173 1.858253
74 75 2.310004
74 84 -1.805168
74 174 1.225657
75 76 -0.076684
75 85 -0.196076
75 175 -0.539396
76 77 -1.902358
76 86 1.582285
76 176 0.630755
77 78 -0.685916
77 87 -0.070218
77 177 1.949774
78 79 -1.544826
78 88 1.311537
78 178 0.859358
79 70 0.378283
79 89 1.280100
79 179 0.255709
80 81 -0.123179
80 90 0.965067
80 180 -0.795111
81 82 0.565329
81 91 0.185061
81 181 0.782472
82 83 0.142141
82 92 -1.343728
82 182 0.130149
83 84 0.159016
83 93 1.287691
83 183 -1.693731
84 85 -2.287161
84 94 0.221282
84 184 -1.498994
85 86 -2.100717
85 95 -0.074860
85 185 0.814029
86 87 -0.361307
86 96 0.437904
86 186 -2.035046
87 88 -1.730012
87 97 -1.350051
87 187 -0.426000
88 89 -1.190608
88 98 -0.265138
88 188 -0.026380
89 80 -0.054193
89 99 -1.215378
89 189 0.051179
90 91 1.360807
90 0 -0.877163
90 190 -0.138103
91 92 0.706900
91 1 1.470630
91 191 2.223572
92 93 0.056514
92 2 -1.972022
92 192 0.563983
93 94 -0.869613
93 3 -0.446104
93 193 0.835002
94 95 -0.509774
94 4 0.444124
94 194 -2.243209
95 96 -0.941579
95 5 0.873501
95 195 0.161210
96 97 -0.639325
96 6 -1.364802
96 196 -0.056117
97 98 -0.342280
97 7 0.399890
97 197 1.144758
98 99 1.166931
98 8 -0.496557
98 198 0.152514
99 90 2.354730
99 9 0.341831
99 199 -0.672601
100 101 1.001823
100 110 -0.791621
100 200 -0.666250
101 102 -1.706741
101 111 -0.569500
101 201 0.506383
102 103 -0.010410
102 112 -1.509578
102 202 -0.377904
103 104 0.164223
103 113 0.474042
103 203 0.599559
104 105 0.758459
104 114 -1.214390
104 204 3.070697
105 106 -1.038467
105 115 -1.239623
105 205 2.026462
106 107 0.884168
106 116 0.671453
106 206 0.107067
107 108 -0.158413
107 117 1.102986
107 207 -0.173640
108 109 0.793170
108 118 1.129595
108 208 0.217064
109 100 0.694726
109 119 1.616604
109 209 0.604795
110 111 -1.933741
110 120 -1.054780
110 210 0.545051
111 112 -1.465497
111 121 0.238211
111 211 0.192453
112 113 1.785491
112 122 -1.473906
112 212 0.929041
113 114 -1.576695
113 123 -0.203281
113 213 -0.118275
114 115 0.830324
114 124 -1.187351
114 214 -0.201960
115 116 -0.005922
115 125 -0.550505
115 215 0.248451
116 117 -0.843250
116 126 -1.367175
116 216 -2.087857
117 118 0.308448
117 127 0.276657
117 217 0.445426
118 119 0.034005
118 128 -0.539413
118 218 0.733479
119 110 -0.211958
119 129 -1.030870
119 219 -0.510313
120 121 0.130936
120 130 0.026811
120 220 -0.691361
121 122 -0.460076
121 131 0.680498
121 221 -0.807204
122 123 -0.422857
122 132 0.239756
122 222 0.039333
123 124 -0.484685
123 133 -1.111898
123 223 -1.256010
124 125 0.501739
124 134 -2.587958
124 224 0.196902
125 126 1.265598
125 135 0.928372
125 225 -0.076160
126 127 0.295097
126 136 1.026755
126 226 -1.286026
127 128 -0.229451
127 137 -0.512582
127 227 0.050334
128 129 0.653436
128 138 0.232736
128 228 -1.990361
129 120 0.372119
129 139 0.534934
129 229 1.086969
130 131 -0.823887
130 140 0.852624
130 230 -0.178785
131 132 -2.383398
131 141 0.246419
131 231 -0.254974
132 133 0.433640
132 142 0.492948
132 232 -0.368366
133 134 -0.084790
133 143 -0.657604
133 233 0.571453
134 135 0.702691
134 144 -0.716170
134 234 -1.169601
135 136 0.428813
135 145 -0.759654
135 235 0.014054
136 137 0.633182
136 146 -0.708538
136 236 -0.266931
137 138 0.016266
137 147 -0.260947
137 237 0.412305
138 139 0.373403
138 148 -1.609208
138 238 -1.117901
139 130 -1.901162
139 149 -0.098328
139 239 0.958786
140 141 -1.044352
140 150 -0.144767
140 240 1.228229
141 142 -0.624257
141 151 0.579671
141 241 0.152405
142 143 -1.347057
142 152 -0.678077
142 242 -0.242266
143 144 0.630804
143 153 1.152117
143 243 -0.643916
144 145 0.368254
144 154 1.836959
144 244 1.208785
145 146 1.325616
145 155 0.843057
145 245 -0.589748
146 147 -0.038452
146 156 0.112664
146 246 -0.649944
147 148 -0.844584
147 157 1.641677
147 247 -1.846111
148 149 0.797998
148 158 -1.689872
148 248 -0.664773
149 140 0.375786
149 159 -0.241334
149 249 -0.990205
150 151 1.216082
150 160 0.925637
150 250 0.886761
151 152 1.117262
151 161 -1.965325
151 251 -0.150896
152 153 -1.520451
152 162 0.713872
152 252 1.051498
153 154 -0.944675
153 163 1.245856
153 253 -0.080985
154 155 0.880331
154 164 0.584275
154 254 -0.358672
155 156 0.224226
155 165 -0.548265
155 255 0.447103
156 157 0.641570
156 166 -0.785708
156 256 0.335272
157 158 0.105299
157 167 -1.807643
157 257 2.446734
158 159 1.071957
158 168 1.103337
158 258 0.332441
159 150 2.220347
159 169 0.621392
159 259 0.067648
160 161 0.327365
160 170 -0.358409
160 260 -0.228117
161 162 -0.398629
161 171 0.997557
161 261 -0.379853
162 163 -2.217242
162 172 -1.026330
162 262 -0.499831
163 164 -0.508003
163 173 -0.879513
163 263 -0.028369
164 165 0.236278
164 174 -0.825400
164 264 0.008548
165 166 -0.522548
165 175 1.552832
165 265 -1.347500
166 167 1.086224
166 176 1.303258
166 266 -0.597807
167 168 0.494622
167 177 -0.137537
167 267 -0.723590
168 169 -1.042864
168 178 2.680931
168 268 0.209518
169 160 -0.248844
169 179 0.614305
169 269 -0.540025
170 171 -0.573722
170 180 1.237116
170 270 -0.500246
171 172 -0.906785
171 181 0.388157
171 271 -0.502882
172 173 -1.239741
172 182 0.495834
172 272 0.262229
173 174 0.396235
173 183 -0.054263
173 273 0.534231
174 175 -1.614153
174 184 1.330338
174 274 -0.631463
175 176 -1.360376
175 185 0.324403
175 275 0.088028
176 177 0.079298
176 186 1.104543
176 276 -1.931542
177 178 0.809062
177 187 0.150300
177 277 2.418869
178 179 -1.370847
178 188 -0.197954
178 278 0.427830
179 170 -0.396560
179 189 0.761972
179 279 2.133181
180 181 0.680387
180 190 0.239741
180 280 -0.232141
181 182 -0.312072
181 191 0.105418
181 281 1.006438
182 183 1.196106
182 192 -1.689154
182 282 0.191191
183 184 0.046261
183 193 1.715554
183 283 -1.751242
184 185 2.649655
184 194 0.931108
184 284 -1.328087
185 186 -0.139924
185 195 0.592002
185 285 0.361938
186 187 1.797830
186 196 -0.261783
186 286 -1.847800
187 188 0.619659
187 197 -1.020696
187 287 -1.006743
188 189 0.053242
188 198 0.220013
188 288 1.132460
189 180 -0.941647
189 199 0.541290
189 289 0.573091
190 191 0.673789
190 100 1.295796
190 290 -1.087796
191 192 1.438303
191 101 0.857867
191 291 -0.300615
192 193 3.037173
192 102 -0.571579
192 292 -2.555204
193 194 1.777321
193 103 -0.608938
193 293 0.055971
194 195 0.277561
194 104 0.913145
194 294 0.978090
195 196 -0.676603
195 105 0.859667
195 295 -0.115572
196 197 -0.616334
196 106 -0.608502
196 296 -1.332543
197 198 -0.649538
197 107 -0.698522
197 297 0.060369
198 199 0.750175
198 108 0.905363
198 298 -0.358585
199 190 -0.572224
199 109 -0.382849
199 299 0.138927
200 201 1.493905
200 210 -0.772154
200 300 0.470491
201 202 -1.625619
201 211 -0.800918
201 301 1.151982
202 203 1.346471
202 212 0.257804
202 302 0.067001
203 204 -0.560595
203 213 -0.162615
203 303 1.773611
204 205 0.100605
204 214 0.163066
204 304 0.588614
205 206 0.610218
205 215 0.242608
205 305 0.657183
206 207 -1.392620
206 216 -0.471061
206 306 -2.194346
207 208 0.873430
207 217 1.882525
207 307 0.304023
208 209 1.656647
208 218 1.147711
208 308 -0.822753
209 200 -1.452128
209 219 -1.280159
209 309 -0.174516
210 211 -1.854232
210 220 -0.450759
210 310 -0.593102
211 212 -0.755064
211 221 0.883955
211 311 -1.056295
212 213 0.731508
212 222 -0.455182
212 312 0.360776
213 214 0.950284
213 223 -0.565351
213 313 2.582602
214 215 -1.118524
214 224 1.889896
214 314 0.092414
215 216 0.396746
215 225 0.214996
215 315 1.101841
216 217 0.635932
216 226 -1.160281
216 316 -1.554517
217 218 0.496739
217 227 -1.212047
217 317 0.338775
218 219 -0.469624
218 228 -0.215740
218 318 -0.330434
219 210 0.590732
219 229 0.209393
219 319 0.792676
220 221 0.549500
220 230 0.775445
220 320 0.037166
221 222 0.134633
221 231 0.702391
221 321 -0.892919
222 223 -0.699710
222 232 0.560026
222 322 -0.452825
223 224 0.050337
223 233 2.374119
223 323 -0.423826
224 225 0.568616
224 234 0.121293
224 324 -1.812942
225 226 -1.325290
225 235 -0.977754
225 325 0.440929
226 227 0.495305
226 236 -0.654851
226 326 0.931318
227 228 0.026401
227 237 -0.883226
227 327 0.810266
228 229 -0.048612
228 238 -1.963915
228 328 -0.452293
229 220 0.305261
229 239 -0.287548
229 329 -0.809005
230 231 -0.090851
230 240 0.054046
230 330 -0.007769
231 232 -1.434669
231 241 0.131556
231 331 -0.003051
232 233 1.343124
232 242 -0.117422
232 332 -0.497785
233 234 -1.575923
233 243 2.003426
233 333 -0.686796
234 235 -0.566387
234 244 -0.942334
234 334 0.532450
235 236 0.914250
235 245 -1.459436
235 335 -0.249003
236 237 0.576906
236 246 -1.296647
236 336 1.801052
237 238 -0.083721
237 247 -0.360070
237 337 1.048189
238 239 -2.235570
238 248 0.775796
238 338 0.401580
239 230 -0.019236
239 249 0.615323
239 339 -0.128964
240 241 -2.385896
240 250 -0.848264
240 340 1.086141
241 242 0.329200
241 251 0.555203
241 341 -0.448161
242 243 0.089406
242 252 -0.072443
242 342 0.018228
243 244 -0.941927
243 253 -0.588575
243 343 1.887637
244 245 1.733518
244 254 -0.505111
244 344 -1.119051
245 246 -0.940848
245 255 -0.115276
245 345 -0.970726
246 247 -1.980898
246 256 -1.745832
246 346 1.316219
247 248 2.411016
247 257 0.671972
247 347 1.807523
248 249 -2.109353
248 258 1.341628
248 348 0.673904
249 240 -0.071421
249 259 -0.202201
249 349 -0.789333
250 251 -0.654564
250 260 -1.905755
250 350 -1.971419
251 252 0.541572
251 261 -0.053354
251 351 0.524537
252 253 -0.217033
252 262 -1.383480
252 352 -0.875120
253 254 -0.146296
253 263 0.121581
253 353 -1.680112
254 255 -1.047908
254 264 1.121175
254 354 -2.667086
255 256 0.296783
255 265 0.388903
255 355 0.178655
256 257 0.259677
256 266 0.698842
256 356 -0.910266
257 258 -0.216353
257 267 -1.316768
257 357 0.238418
258 259 0.757432
258 268 0.453264
258 358 -0.339554
259 250 0.625402
259 269 1.699579
259 359 -0.706796
260 261 0.237775
260 270 -1.210424
260 360 2.648536
261 262 -0.911695
261 271 0.016494
261 361 -0.806308
262 263 0.261878
262 272 -0.004398
262 362 0.302179
263 264 -0.077435
263 273 -0.153656
263 363 0.691757
264 265 -0.012462
264 274 -0.495921
264 364 -0.339002
265 266 -1.617265
265 275 -0.734592
265 365 0.303554
266 267 -0.146710
266 276 -0.477113
266 366 -0.052830
267 268 0.036903
267 277 1.204282
267 367 -0.548410
268 269 -0.365190
268 278 0.088690
268 368 0.701507
269 260 1.397693
269 279 0.429425
269 369 -0.773442
270 271 0.625587
270 280 0.443728
270 370 1.341130
271 272 -1.426110
271 281 -0.522681
271 371 0.058087
272 273 0.222770
272 282 0.936508
272 372 0.337712
273 274 -0.737779
273 283 0.206662
273 373 -0.815170
274 275 -0.463137
274 284 0.180532
274 374 -1.254180
275 276 0.260911
275 285 -0.134125
275 375 2.101587
276 277 -0.739053
276 286 0.794071
276 376 1.333047
277 278 0.125990
277 287 1.091681
277 377 2.202564
278 279 0.591191
278 288 -1.233538
278 378 -0.476304
279 270 0.088725
279 289 -0.801092
279 379 -1.718503
280 281 -0.790039
280 290 -0.181594
280 380 0.763612
281 282 1.472373
281 291 0.049758
281 381 0.848960
282 283 0.368088
282 292 -0.927228
282 382 -0.057256
283 284 -0.314348
283 293 0.667321
283 383 -0.893827
284 285 0.452019
284 294 -0.043275
284 384 1.003574
285 286 1.328712
285 295 -0.304619
285 385 1.516099
286 287 -0.100348
286 296 0.804749
286 386 -1.079531
287 288 1.142704
287 297 -0.303675
287 387 1.004807
288 289 -0.066748
288 298 0.264577
288 388 0.180161
289 280 -0.462816
289 299 -0.326417
289 389 -1.538729
290 291 -0.880409
290 200 0.902074
290 390 0.240685
291 292 0.791849
291 201 0.068602
291 391 -1.639818
292 293 -0.038734
292 202 -0.791290
292 392 1.078466
293 294 -0.371895
293 203 0.112198
293 393 -0.818225
294 295 -0.979503
294 204 -0.720775
294 394 0.151137
295 296 -2.249566
295 205 -0.791774
295 395 -1.300476
296 297 -0.758045
296 206 0.037118
296 396 -1.869046
297 298 -0.030649
297 207 1.604036
297 397 1.354598
298 299 1.198797
298 208 0.328233
298 398 0.282019
299 290 0.530576
299 209 -1.076016
299 399 0.479166
300 301 1.595590
300 310 -0.976831
300 400 0.226164
301 302 -0.972136
301 311 0.337541
301 401 1.059315
302 303 0.037707
302 312 -1.208697
302 402 0.088327
303 304 -0.196427
303 313 1.245818
303 403 -0.042776
304 305 -0.764471
304 314 -0.907982
304 404 0.612017
305 306 -0.125267
305 315 1.046869
305 405 -0.232355
306 307 -1.554892
306 316 0.988913
306 406 -0.649802
307 308 1.478260
307 317 0.370920
307 407 0.617521
308 309 0.528786
308 318 -0.211559
308 408 0.374076
309 300 2.785667
309 319 -2.655831
309 409 -0.663351
310 311 -0.590776
310 320 -0.328977
310 410 -0.238160
311 312 -0.447900
311 321 -0.115351
311 411 0.997688
312 313 1.191614
312 322 -0.359430
312 412 -0.455512
313 314 -0.351108
313 323 0.533266
313 413 2.120012
314 315 -0.056626
314 324 -1.123783
314 414 -0.519384
315 316 -0.064793
315 325 1.516632
315 415 -0.013320
316 317 0.407907
316 326 0.272874
316 416 0.348635
317 318 -0.647599
317 327 0.515357
317 417 0.244931
318 319 -0.603871
318 328 -0.147591
318 418 -0.379412
319 310 0.659148
319 329 1.339755
319 419 0.463427
320 321 0.106258
320 330 -0.602794
320 420 -0.306043
321 322 -0.784068
321 331 -0.610363
321 421 -1.395163
322 323 0.145035
322 332 0.719298
322 422 0.763947
323 324 1.881759
323 333 0.481286
323 423 0.263575
324 325 -1.282608
324 334 -0.188014
324 424 -0.102143
325 326 0.222490
325 335 0.507687
325 425 0.232932
326 327 -1.119240
326 336 -0.890117
326 426 -2.435134
327 328 0.164020
327 337 -0.670185
327 427 -0.066751
328 329 -0.185054
328 338 0.689110
328 428 -1.590721
329 320 0.713507
329 339 0.696638
329 429 -0.317562
330 331 0.646155
330 340 0.221495
330 430 0.507665
331 332 -0.901111
331 341 -0.283881
331 431 -0.128257
332 333 0.468139
332 342 0.208182
332 432 -2.195255
333 334 0.713304
333 343 -0.274306
333 433 0.067248
334 335 -1.615743
334 344 -1.023074
334 434 0.319608
335 336 -1.070613
335 345 -0.351522
335 435 -0.396734
336 337 -0.696791
336 346 0.774096
336 436 1.653062
337 338 1.029019
337 347 -1.572997
337 437 2.829052
338 339 0.365898
338 348 -0.494084
338 438 0.076337
339 330 -0.566334
339 349 1.549508
339 439 1.330392
340 341 1.459836
340 350 1.679204
340 440 0.962387
341 342 -0.767669
341 351 -1.763849
341 441 2.290291
342 343 -0.118004
342 352 -0.248010
342 442 -1.563522
343 344 0.153462
343 353 -1.209912
343 443 0.325558
344 345 -0.208094
344 354 -0.042353
344 444 -0.209398
345 346 -1.352207
345 355 0.555196
345 445 0.334043
346 347 1.361409
346 356 0.759944
346 446 0.655245
347 348 0.162598
347 357 -1.208294
347 447 1.221496
348 349 -0.534329
348 358 -1.767847
348 448 1.285669
349 340 -1.150021
349 359 -0.336526
349 449 0.777796
350 351 1.976959
350 360 -0.495859
350 450 0.637581
351 352 -0.016590
351 361 -0.908801
351 451 -1.994514
352 353 -0.190222
352 362 1.802262
352 452 -1.041134
353 354 -0.351697
353 363 1.120213
353 453 -0.174111
354 355 0.296186
354 364 -0.243303
354 454 0.225779
355 356 -0.453914
355 365 0.782141
355 455 0.660692
356 357 0.408139
356 366 0.373387
356 456 0.206928
357 358 0.146913
357 367 -0.497273
357 457 -1.111786
358 359 0.346340
358 368 2.155076
358 458 1.554237
359 350 1.344817
359 369 -0.658902
359 459 -0.534017
360 361 -0.030032
360 370 0.789791
360 460 0.323879
361 362 0.164690
361 371 0.595434
361 461 0.215359
362 363 -1.491503
362 372 0.978103
362 462 1.092405
363 364 -0.889552
363 373 0.301632
363 463 0.475800
364 365 1.457206
364 374 0.390730
364 464 0.338194
365 366 1.592815
365 375 1.526229
365 465 -0.888969
366 367 -0.338080
366 376 -0.749507
366 466 0.342869
367 368 1.476047
367 377 -1.161176
367 467 0.861609
368 369 0.451738
368 378 1.960035
368 468 2.512750
369 360 -0.986898
369 379 -0.469962
369 469 -1.536887
370 371 2.087563
370 380 2.146782
370 470 1.041415
371 372 1.492916
371 381 -0.442994
371 471 -0.636069
372 373 -1.436733
372 382 -0.437574
372 472 -0.834749
373 374 1.578185
373 383 1.891464
373 473 -0.049824
374 375 0.246321
374 384 -0.398947
374 474 -2.255670
375 376 1.830160
375 385 -0.452896
375 475 -0.337412
376 377 -0.630357
376 386 0.430010
376 476 -1.106541
377 378 0.411717
377 387 0.307543
377 477 -0.561012
378 379 0.474657
378 388 2.374933
378 478 0.353425
379 370 0.967018
379 389 -0.440049
379 479 0.098582
380 381 0.042092
380 390 -1.310533
380 480 -1.789602
381 382 -1.895433
381 391 -0.265295
381 481 -0.845923
382 383 -0.949145
382 392 0.294843
382 482 0.243272
383 384 1.014352
383 393 1.033927
383 483 -0.488380
384 385 -0.566004
384 394 -0.463051
384 484 -0.584586
385 386 -0.628989
385 395 0.779066
385 485 0.513244
386 387 -1.884881
386 396 0.416115
386 486 0.266060
387 388 0.903936
387 397 0.734081
387 487 1.239015
388 389 0.682719
388 398 -0.395816
388 488 0.081978
389 380 -0.710578
389 399 -0.550657
389 489 0.763506
390 391 -0.801629
390 300 0.010505
390 490 -0.405071
391 392 1.344778
391 301 0.705157
391 491 0.665628
392 393 -0.126072
392 302 -0.111831
392 492 0.043657
393 394 0.613491
393 303 -0.242234
393 493 2.222392
394 395 -1.659548
394 304 0.777332
394 494 0.131430
395 396 -0.105838
395 305 -1.154327
395 495 -0.195010
396 397 0.945305
396 306 0.407746
396 496 -1.232404
397 398 0.085115
397 307 -1.111952
397 497 0.971627
398 399 -0.901834
398 308 -0.707378
398 498 -1.647259
399 390 0.051188
399 309 2.040626
399 499 0.652405
400 401 1.313135
400 410 -0.052241
400 500 1.261766
401 402 0.530973
401 411 1.307125
401 501 -2.723819
402 403 0.048023
402 412 0.307427
402 502 2.632701
403 404 -0.371909
403 413 -0.693498
403 503 1.007727
404 405 0.074090
404 414 -0.113453
404 504 -0.148131
405 406 -0.691727
405 415 -0.955390
405 505 0.366570
406 407 0.644378
406 416 -1.726484
406 506 1.471553
407 408 1.122849
407 417 -0.619851
407 507 -0.285974
408 409 0.370573
408 418 -0.529062
408 508 1.156107
409 400 0.714496
409 419 1.848789
409 509 -0.685827
410 411 1.192935
410 420 -0.084145
410 510 -0.656487
411 412 1.381970
411 421 0.148458
411 511 0.429784
412 413 -1.562786
412 422 1.405095
412 512 1.190137
413 414 2.641515
413 423 0.793815
413 513 1.376061
414 415 1.614887
414 424 -0.889337
414 514 0.317903
415 416 -0.305831
415 425 -2.499831
415 515 2.958145
416 417 1.062847
416 426 -0.201664
416 516 0.535423
417 418 0.058698
417 427 1.047101
417 517 0.023802
418 419 -0.029002
418 428 -0.440616
418 518 -2.528247
419 410 -0.286434
419 429 0.810699
419 519 1.619858
420 421 0.059993
420 430 -0.695590
420 520 -1.404061
421 422 -1.076926
421 431 0.402963
421 521 -1.212146
422 423 -0.332881
422 432 -1.114209
422 522 0.130827
423 424 0.094323
423 433 -0.083385
423 523 0.945646
424 425 -0.270412
424 434 0.252958
424 524 -0.190983
425 426 -0.712744
425 435 -1.592576
425 525 -0.311151
426 427 -0.003603
426 436 -0.112535
426 526 0.033756
427 428 -1.479321
427 437 -0.736258
427 527 1.365946
428 429 1.498783
428 438 0.837465
428 528 -0.173294
429 420 0.730115
429 439 -0.463554
429 529 1.170633
430 431 0.635660
430 440 0.320206
430 530 0.919185
431 432 -1.014554
431 441 -0.821280
431 531 -1.177512
432 433 -0.054163
432 442 0.442343
432 532 -0.573655
433 434 1.665537
433 443 -0.262545
433 533 -2.004805
434 435 -0.709920
434 444 0.107047
434 534 -0.283245
435 436 -0.868867
435 445 -0.459733
435 535 -1.369522
436 437 0.945416
436 446 1.718333
436 536 -1.073675
437 438 1.174490
437 447 -1.616572
437 537 -0.156250
438 439 0.944753
438 448 -1.499266
438 538 -2.481539
439 430 0.859539
439 449 0.225557
439 539 1.936610
440 441 -0.193477
440 450 0.784408
440 540 0.462233
441 442 -0.423796
441 451 0.163203
441 541 -0.574639
442 443 1.218854
442 452 -0.421666
442 542 0.525231
443 444 -0.083757
443 453 0.288009
443 543 -0.094861
444 445 -1.200777
444 454 -2.229961
444 544 -1.098064
445 446 -0.031026
445 455 -0.262012
445 545 -2.264717
446 447 -1.642102
446 456 -1.654157
446 546 -1.134683
447 448 -1.310216
447 457 1.916678
447 547 0.699955
448 449 0.534062
448 458 0.302416
448 548 0.007402
449 440 0.572985
449 459 3.419631
449 549 -1.263879
450 451 0.662388
450 460 1.587818
450 550 -1.054575
451 452 -2.826004
451 461 1.208143
451 551 -1.097560
452 453 1.833814
452 462 -0.875531
452 552 1.778403
453 454 -1.230185
453 463 0.244077
453 553 -0.677449
454 455 0.989737
454 464 -0.440901
454 554 1.508457
455 456 -1.312111
455 465 -0.768635
455 555 0.736343
456 457 -1.663586
456 466 0.317668
456 556 -1.409542
457 458 -2.162405
457 467 -0.256493
457 557 -1.104952
458 459 0.174217
458 468 -0.250941
458 558 -0.378467
459 450 1.577276
459 469 -1.683744
459 559 0.130854
460 461 1.332068
460 470 1.196936
460 560 1.137230
461 462 -1.239950
461 471 -0.716839
461 561 -0.626829
462 463 -0.777015
462 472 -1.335857
462 562 -1.495099
463 464 -1.067381
463 473 0.466164
463 563 -0.429908
464 465 -0.242993
464 474 0.158479
464 564 0.597976
465 466 0.558993
465 475 -1.047501
465 565 -0.777895
466 467 1.076875
466 476 -0.540991
466 566 -0.259717
467 468 0.227802
467 477 0.261698
467 567 -1.524832
468 469 -1.007094
468 478 -0.623799
468 568 -1.246580
469 460 -0.396361
469 479 -2.316345
469 569 0.078793
470 471 0.498067
470 480 0.441458
470 570 -2.289507
471 472 2.540916
471 481 -1.333475
471 571 -0.240120
472 473 0.306883
472 482 -0.427738
472 572 2.290539
473 474 -0.081118
473 483 -0.696005
473 573 -1.966731
474 475 0.717914
474 484 0.784847
474 574 -0.391094
475 476 1.104394
475 485 0.313333
475 575 -0.058277
476 477 1.105491
476 486 -0.695024
476 576 0.947162
477 478 -0.070055
477 487 1.088142
477 577 -0.301863
478 479 -0.632441
478 488 0.683729
478 578 1.977055
479 470 0.834674
479 489 -0.616585
479 579 1.056653
480 481 1.353527
480 490 -0.435498
480 580 0.383074
481 482 -0.704913
481 491 0.906774
481 581 -0.832766
482 483 -0.755960
482 492 -0.645439
482 582 -0.356868
483 484 1.014382
483 493 1.373348
483 583 2.353782
484 485 0.844296
484 494 -0.378152
484 584 0.771823
485 486 -0.201803
485 495 -1.769011
485 585 -0.515484
486 487 -1.525905
486 496 -0.658834
486 586 0.446895
487 488 0.040462
487 497 -1.602217
487 587 -0.881370
488 489 0.144159
488 498 -0.696856
488 588 0.081484
489 480 0.235745
489 499 -0.119023
489 589 0.616729
490 491 -0.225779
490 400 0.651069
490 590 0.850161
491 492 0.304877
491 401 -0.236514
491 591 -0.431531
492 493 -1.205273
492 402 -0.993987
492 592 -0.439631
493 494 0.474607
493 403 -0.348136
493 593 -1.181775
494 495 1.261923
494 404 2.524421
494 594 -0.333352
495 496 1.511959
495 405 -0.166038
495 595 0.892688
496 497 0.221449
496 406 -0.411425
496 596 0.271697
497 498 1.523088
497 407 -0.322765
497 597 0.103131
498 499 0.483230
498 408 -0.978576
498 598 2.257099
499 490 0.553841
499 409 -0.743187
499 599 1.855236
500 501 0.017895
500 510 -1.288074
500 600 -0.305784
501 502 -0.955789
501 511 -0.752137
501 601 0.731291
502 503 0.576808
502 512 0.605986
502 602 0.622938
503 504 -0.366073
503 513 -1.011661
503 603 -0.288888
504 505 1.790310
504 514 -2.206150
504 604 -0.256875
505 506 0.164507
505 515 -1.045505
505 605 -1.777443
506 507 2.176577
506 516 0.051878
506 606 2.018560
507 508 0.008125
507 517 0.313934
507 607 -1.187695
508 509 -1.439170
508 518 -0.044076
508 608 0.582137
509 500 -0.648077
509 519 0.322988
509 609 0.022219
510 511 0.851843
510 520 1.859581
510 610 0.113106
511 512 1.464681
511 521 0.212283
511 611 -0.173002
512 513 -0.050318
512 522 0.468276
512 612 0.541888
513 514 -0.363047
513 523 -0.338153
513 613 0.543980
514 515 -0.348181
514 524 0.379070
514 614 1.911191
515 516 -0.611927
515 525 -1.178224
515 615 -0.511530
516 517 0.169699
516 526 0.507036
516 616 -0.202861
517 518 1.248745
517 527 -0.732284
517 617 -0.635426
518 519 -0.985855
518 528 -1.236180
518 618 -1.737958
519 510 0.391486
519 529 0.635409
519 619 0.188885
520 521 0.307452
520 530 1.291430
520 620 -1.542731
521 522 1.501864
521 531 1.897750
521 621 -0.898884
522 523 1.038519
522 532 0.102141
522 622 -1.109018
523 524 0.022080
523 533 -1.020697
523 623 1.310269
524 525 -0.834210
524 534 -0.936955
524 624 -0.308443
525 526 -0.572205
525 535 0.890230
525 625 -1.744004
526 527 -0.045674
526 536 -1.757960
526 626 -0.434497
527 528 1.433409
527 537 -0.404277
527 627 2.554097
528 529 0.435130
528 538 -0.098222
528 628 -0.044645
529 520 2.296175
529 539 1.270778
529 629 0.570449
530 531 0.591462
530 540 1.130530
530 630 0.553430
531 532 -0.257126
531 541 -0.510629
531 631 -0.586772
532 533 0.759927
532 542 -1.209030
532 632 -1.244879
533 534 -1.191613
533 543 -0.119151
533 633 0.350963
534 535 0.393901
534 544 2.055526
534 634 0.799761
535 536 -0.361595
535 545 -0.811408
535 635 -1.221903
536 537 -0.018641
536 546 -1.221973
536 636 -0.778589
537 538 0.393014
537 547 -1.314323
537 637 0.377893
538 539 -1.760133
538 548 0.369244
538 638 2.123169
539 530 -0.653954
539 549 -1.096551
539 639 -0.654340
540 541 -0.117866
540 550 -0.046224
540 640 0.056641
541 542 1.585469
541 551 0.077071
541 641 0.803400
542 543 -0.324936
542 552 -1.355731
542 642 1.933079
543 544 -1.800012
543 553 -1.201705
543 643 0.912065
544 545 0.904696
544 554 -1.554929
544 644 0.941642
545 546 1.025905
545 555 0.361790
545 645 1.247801
546 547 0.915269
546 556 -0.277587
546 646 -0.331051
547 548 -0.177805
547 557 -1.223292
547 647 -1.120749
548 549 2.024853
548 558 -0.132661
548 648 -0.113488
549 540 -0.585479
549 559 -1.270912
549 649 -0.452020
550 551 -1.280590
550 560 0.315225
550 650 -0.837978
551 552 0.464096
551 561 -1.499845
551 651 -0.494112
552 553 -0.505891
552 562 0.327026
552 652 0.172449
553 554 1.890754
553 563 0.030182
553 653 -2.062141
554 555 -0.339443
554 564 -1.870894
554 654 0.431866
555 556 -0.906901
555 565 -0.197284
555 655 -1.360718
556 557 -0.609567
556 566 0.484649
556 656 1.151072
557 558 -2.041414
557 567 -0.983137
557 657 1.163063
558 559 -0.930153
558 568 0.301124
558 658 0.845754
559 550 -1.359826
559 569 0.237654
559 659 -1.387195
560 561 -1.005638
560 570 0.545996
560 660 1.378271
561 562 0.664723
561 571 -1.502991
561 661 -0.037538
562 563 -0.948641
562 572 -0.501609
562 662 0.047262
563 564 1.910549
563 573 -0.234310
563 663 1.221710
564 565 -0.547648
564 574 0.459609
564 664 1.081457
565 566 0.525481
565 575 0.150368
565 665 -0.910329
566 567 -1.351238
566 576 2.228135
566 666 -1.042585
567 568 -1.804176
567 577 -1.125630
567 667 0.058309
568 569 -1.282765
568 578 0.435204
568 668 1.790181
569 560 0.207953
569 579 -0.679299
569 669 0.424414
570 571 -2.009499
570 580 -0.630975
570 670 -0.193866
571 572 -0.848451
571 581 -0.563952
571 671 0.319372
572 573 -2.554588
572 582 -1.213116
572 672 0.850900
573 574 -1.222431
573 583 0.520941
573 673 -1.040208
574 575 -1.538416
574 584 0.642037
574 674 -0.243112
575 576 -0.709606
575 585 0.651313
575 675 0.168764
576 577 1.765123
576 586 -1.039477
576 676 0.100507
577 578 0.913967
577 587 -0.641749
577 677 0.041354
578 579 -0.996049
578 588 0.462645
578 678 0.870924
579 570 -1.568094
579 589 -1.350346
579 679 -0.619940
580 581 -0.238926
580 590 -1.250707
580 680 -1.033443
581 582 0.002461
581 591 0.999975
581 681 -0.064866
582 583 2.179494
582 592 -0.641286
582 682 -0.178719
583 584 -0.572761
583 593 0.029535
583 683 -1.519555
584 585 -0.776842
584 594 -0.517707
584 684 0.864219
585 586 0.590148
585 595 0.187257
585 685 0.920232
586 587 -0.649791
586 596 0.106049
586 686 0.808210
587 588 -2.796050
587 597 1.427815
587 687 -0.812865
588 589 0.547724
588 598 -0.374252
588 688 0.489165
589 580 -0.700807
589 599 0.886950
589 689 -0.142984
590 591 0.200714
590 500 0.282332
590 690 0.769782
591 592 -0.978664
591 501 -0.936164
591 691 0.155545
592 593 -1.439182
592 502 -0.808615
592 692 0.131144
593 594 -1.293679
593 503 -0.905925
593 693 -1.223613
594 595 0.470274
594 504 -1.471928
594 694 -0.399141
595 596 0.141310
595 505 0.814568
595 695 0.317102
596 597 1.012702
596 506 -1.715318
596 696 0.390915
597 598 1.259399
597 507 0.502815
597 697 -0.734762
598 599 1.130626
598 508 -0.452855
598 698 0.126713
599 590 -0.258614
599 509 1.615890
599 699 1.374921
600 601 -0.171882
600 610 -0.956152
600 700 0.781904
601 602 0.427054
601 611 -1.349535
601 701 0.395545
602 603 -0.002774
602 612 -0.166708
602 702 -0.567034
603 604 -1.639530
603 613 0.188185
603 703 0.209627
604 605 0.341907
604 614 -0.809912
604 704 -0.872296
605 606 -0.156976
605 615 -0.214681
605 705 -0.031373
606 607 1.303352
606 616 1.857876
606 706 0.622568
607 608 -0.879839
607 617 -0.400268
607 707 -0.951128
608 609 1.556882
608 618 -0.384884
608 708 -0.035562
609 600 -1.494522
609 619 -3.104246
609 709 0.184938
610 611 0.811732
610 620 1.003352
610 710 0.555611
611 612 0.312331
611 621 1.055377
611 711 -1.313395
612 613 0.125853
612 622 -0.446930
612 712 -1.240091
613 614 0.500413
613 623 1.071162
613 713 0.231543
614 615 -0.522211
614 624 -1.311901
614 714 -0.173116
615 616 0.107326
615 625 -0.330236
615 715 -1.076146
616 617 0.940577
616 626 -0.541707
616 716 -1.282886
617 618 -1.833147
617 627 1.459001
617 717 0.708068
618 619 0.652022
618 628 0.015690
618 718 -0.717285
619 610 -0.242832
619 629 1.462004
619 719 0.982491
620 621 -0.477066
620 630 1.813126
620 720 -2.291679
621 622 -0.185155
621 631 1.010698
621 721 -1.388316
622 623 -0.791324
622 632 -0.311135
622 722 -2.155058
623 624 0.614979
623 633 0.611620
623 723 0.837890
624 625 -0.803133
624 634 -0.478137
624 724 0.447880
625 626 1.439785
625 635 1.868093
625 725 -0.820038
626 627 -0.270250
626 636 -0.882611
626 726 1.648160
627 628 -0.302780
627 637 0.110446
627 727 0.788237
628 629 1.481834
628 638 0.289454
628 728 -0.027376
629 620 1.189474
629 639 -1.604349
629 729 0.460064
630 631 0.955259
630 640 0.333075
630 730 -0.744138
631 632 1.239952
631 641 -1.457726
631 731 1.423608
632 633 -1.912539
632 642 0.264971
632 732 0.246329
633 634 -1.522752
633 643 -0.406979
633 733 0.034388
634 635 -0.031185
634 644 -1.481530
634 734 -2.585608
635 636 -0.099031
635 645 1.803543
635 735 2.073788
636 637 0.639321
636 646 -0.042682
636 736 -0.729196
637 638 0.719376
637 647 -1.819467
637 737 -0.448829
638 639 -0.274802
638 648 0.312139
638 738 -0.319674
639 630 0.193782
639 649 -1.169533
639 739 1.328258
640 641 -0.883882
640 650 0.029673
640 740 0.925433
641 642 1.267097
641 651 0.788991
641 741 0.138055
642 643 -0.243048
642 652 -0.047737
642 742 1.054512
643 644 0.512156
643 653 -2.241179
643 743 -1.756748
644 645 -0.641958
644 654 1.133427
644 744 -2.101358
645 646 -0.515255
645 655 -0.642294
645 745 1.728592
646 647 -1.099598
646 656 -0.390431
646 746 0.635094
647 648 0.979932
647 657 0.424837
647 747 -0.611714
648 649 -0.793257
648 658 -0.586933
648 748 -1.551220
649 640 0.152974
649 659 2.341296
649 749 -0.987826
650 651 -0.428912
650 660 -0.948583
650 750 0.566548
651 652 -0.398790
651 661 1.612952
651 751 -0.313394
652 653 0.385973
652 662 1.948954
652 752 0.054204
653 654 0.107905
653 663 -0.323271
653 753 0.496276
654 655 -0.619905
654 664 -0.132545
654 754 -0.924758
655 656 -0.541996
655 665 -0.163888
655 755 -0.683964
656 657 -0.183684
656 666 0.868537
656 756 0.233313
657 658 1.099760
657 667 -0.248670
657 757 0.557555
658 659 0.110462
658 668 -2.340872
658 758 0.512889
659 650 0.066581
659 669 2.125353
659 759 -0.144734
660 661 -0.681471
660 670 0.442866
660 760 0.857999
661 662 1.769313
661 671 0.100627
661 761 -0.742337
662 663 1.314583
662 672 0.774962
662 762 -0.309983
663 664 -2.496030
663 673 -0.360051
663 763 -0.644513
664 665 0.885088
664 674 -1.825296
664 764 0.536035
665 666 -0.195688
665 675 -0.291989
665 765 0.748739
666 667 0.476258
666 676 -0.556026
666 766 0.304629
667 668 -0.318586
667 677 1.019355
667 767 0.866549
668 669 -0.610842
668 678 -1.030878
668 768 2.696598
669 660 0.964585
669 679 -0.385583
669 769 -1.220201
670 671 -0.056646
670 680 0.168231
670 770 1.075652
671 672 -1.857687
671 681 -2.756745
671 771 0.598294
672 673 0.361203
672 682 -1.161232
672 772 -0.787006
673 674 0.849536
673 683 0.256351
673 773 1.718137
674 675 -0.318386
674 684 -0.998793
674 774 -0.066302
675 676 0.797208
675 685 -1.775153
675 775 1.032104
676 677 -1.866339
676 686 0.067243
676 776 0.258684
677 678 -0.922383
677 687 -0.214184
677 777 -0.269414
678 679 1.186310
678 688 1.527537
678 778 -1.452972
679 670 0.146643
679 689 0.963716
679 779 -1.299642
680 681 -1.502704
680 690 -0.535160
680 780 -0.054667
681 682 -0.419556
681 691 -1.145230
681 781 1.070925
682 683 0.240368
682 692 1.249226
682 782 0.885793
683 684 -0.926890
683 693 -1.626004
683 783 -0.259768
684 685 0.263179
684 694 0.653186
684 784 0.538208
685 686 0.293881
685 695 0.935552
685 785 1.042151
686 687 -2.023982
686 696 -1.148618
686 786 -0.267895
687 688 1.632359
687 697 -1.404316
687 787 -0.357003
688 689 -0.535001
688 698 -0.038569
688 788 -0.804318
689 680 1.786943
689 699 1.433653
689 789 -0.361983
690 691 -0.307339
690 600 0.402149
690 790 1.284920
691 692 0.404355
691 601 0.292647
691 791 0.805856
692 693 0.706183
692 602 0.236317
692 792 -0.367311
693 694 -0.100707
693 603 1.807362
693 793 -0.109291
694 695 -1.366581
694 604 0.663346
694 794 -0.257654
695 696 -1.402044
695 605 -1.096463
695 795 0.334435
696 697 -0.209857
696 606 -0.415552
696 796 -0.983008
697 698 -0.208760
697 607 -0.364936
697 797 -1.385585
698 699 0.073307
698 608 0.362557
698 798 0.851304
699 690 -1.569060
699 609 -0.222369
699 799 0.198121
700 701 -0.596496
700 710 0.244062
700 800 -1.643310
701 702 -1.969248
701 711 0.264276
701 801 -0.409696
702 703 0.566028
702 712 -2.083149
702 802 0.720920
703 704 -0.192207
703 713 -0.962898
703 803 -0.276804
704 705 -0.681424
704 714 -0.516970
704 804 -0.286380
705 706 -1.211675
705 715 -0.308987
705 805 0.055682
706 707 0.616369
706 716 -1.383976
706 806 2.152245
707 708 1.502002
707 717 0.621784
707 807 -1.132035
708 709 -0.754878
708 718 -1.506965
708 808 0.281999
709 700 -0.016996
709 719 0.477894
709 809 1.581222
710 711 -1.146643
710 720 -1.422268
710 810 -0.083547
711 712 -1.072209
711 721 -0.964300
711 811 -1.190303
712 713 -0.523536
712 722 -0.570402
712 812 0.383589
713 714 -1.337029
713 723 0.427787
713 813 1.424772
714 715 -1.020147
714 724 -1.715600
714 814 0.424668
715 716 1.186154
715 725 -0.905464
715 815 -0.076326
716 717 -0.328458
716 726 2.348727
716 816 -0.392118
717 718 -1.208755
717 727 -0.109582
717 817 0.483654
718 719 1.870196
718 728 -0.132613
718 818 -0.391140
719 710 -0.277235
719 729 0.125888
719 819 -0.286229
720 721 0.431939
720 730 0.319606
720 820 -0.312087
721 722 -0.488234
721 731 0.070420
721 821 1.488925
722 723 0.217104
722 732 0.944483
722 822 -0.103761
723 724 -0.232004
723 733 1.147272
723 823 0.737245
724 725 -1.011016
724 734 1.244570
724 824 -1.032264
725 726 0.230899
725 735 -1.011403
725 825 1.243294
726 727 1.140525
726 736 -1.034758
726 826 1.110788
727 728 0.953915
727 737 -0.745927
727 827 -0.836746
728 729 0.414380
728 738 0.539984
728 828 -0.300721
729 720 0.915121
729 739 0.097431
729 829 0.794426
730 731 0.830542
730 740 -0.333963
730 830 1.275249
731 732 0.726863
731 741 1.035932
731 831 0.286114
732 733 0.561497
732 742 -0.211746
732 832 -1.571248
733 734 0.645810
733 743 -1.922304
733 833 0.769861
734 735 0.936332
734 744 -0.856058
734 834 -0.124359
735 736 0.414525
735 745 2.216687
735 835 0.443215
736 737 -2.368959
736 746 -1.029441
736 836 0.042166
737 738 0.752962
737 747 1.423091
737 837 1.051955
738 739 0.912463
738 748 1.461861
738 838 -0.200938
739 730 -0.302293
739 749 -2.957762
739 839 -0.725903
740 741 -0.689244
740 750 0.010183
740 840 0.893641
741 742 -0.622564
741 751 -0.068028
741 841 -1.040950
742 743 0.442146
742 752 1.151353
742 842 0.194960
743 744 -0.679889
743 753 -1.383350
743 843 -0.727042
744 745 0.237147
744 754 -0.189695
744 844 1.636256
745 746 0.090066
745 755 -2.268527
745 845 -0.736680
746 747 -0.482070
746 756 -0.296683
746 846 -0.043550
747 748 -1.027243
747 757 1.243324
747 847 -0.304737
748 749 0.254882
748 758 -0.814037
748 848 -0.340691
749 740 0.397622
749 759 0.534225
749 849 -1.023644
750 751 -0.565981
750 760 -1.310842
750 850 1.226449
751 752 -0.034390
751 761 1.237095
751 851 -0.322527
752 753 1.284870
752 762 1.020341
752 852 -0.831899
753 754 -0.981895
753 763 1.402171
753 853 0.604301
754 755 -0.389356
754 764 -0.226778
754 854 0.459309
755 756 -1.356157
755 765 -0.788215
755 855 1.389184
756 757 -0.708549
756 766 1.427071
756 856 1.680383
757 758 1.584049
757 767 0.651703
757 857 0.978880
758 759 0.078538
758 768 -1.081518
758 858 -0.263843
759 750 0.838283
759 769 -1.134379
759 859 0.592303
760 761 0.004050
760 770 0.381861
760 860 2.304346
761 762 -1.203301
761 771 1.047876
761 861 -1.481907
762 763 0.730190
762 772 0.551356
762 862 0.368742
763 764 0.682133
763 773 -0.071035
763 863 -0.269727
764 765 0.002092
764 774 -0.031115
764 864 -0.738619
765 766 0.836524
765 775 -0.587015
765 865 -0.415337
766 767 -0.193882
766 776 -0.610891
766 866 -1.441501
767 768 0.887751
767 777 -1.195667
767 867 -0.088075
768 769 2.641485
768 778 0.063270
768 868 -0.407352
769 760 0.115810
769 779 0.608421
769 869 0.623842
770 771 -0.108767
770 780 -0.647936
770 870 1.282489
771 772 0.472695
771 781 0.825240
771 871 -0.941910
772 773 0.131841
772 782 -0.759937
772 872 0.273697
773 774 0.013339
773 783 0.883285
773 873 -0.254356
774 775 -0.887163
774 784 -0.260724
774 874 -0.546774
775 776 0.461228
775 785 1.254891
775 875 0.251543
776 777 0.538646
776 786 0.345004
776 876 -0.641040
777 778 -1.152738
777 787 2.241857
777 877 0.566562
778 779 -2.361229
778 788 -0.615219
778 878 -1.815113
779 770 -1.227749
779 789 -1.350013
779 879 -0.714759
780 781 -1.218295
780 790 -1.124909
780 880 0.003983
781 782 -1.431098
781 791 -1.091356
781 881 -2.106339
782 783 1.521066
782 792 1.424105
782 882 1.455930
783 784 -0.990681
783 793 -0.949994
783 883 -1.186855
784 785 -1.916164
784 794 0.663244
784 884 1.525916
785 786 -1.242561
785 795 0.531988
785 885 0.460927
786 787 -0.963522
786 796 -0.817412
786 886 -1.226451
787 788 -0.633825
787 797 -1.317144
787 887 -0.408462
788 789 1.021281
788 798 -0.033216
788 888 0.743048
789 780 -1.093029
789 799 0.382302
789 889 -0.265963
790 791 1.864004
790 700 -0.074655
790 890 -1.218094
791 792 -0.412882
791 701 -0.246322
791 891 -1.937336
792 793 0.523566
792 702 -1.325235
792 892 -1.082261
793 794 -0.607902
793 703 0.432156
793 893 0.621294
794 795 1.258354
794 704 -0.561592
794 894 0.049121
795 796 0.406176
795 705 0.535060
795 895 -0.519321
796 797 -0.469922
796 706 -0.195785
796 896 0.613243
797 798 -0.331240
797 707 -0.863310
797 897 -2.172226
798 799 1.216857
798 708 0.731161
798 898 0.902488
799 790 1.213274
799 709 0.266319
799 899 1.047886
800 801 0.090091
800 810 1.846024
800 900 0.472923
801 802 -0.927126
801 811 0.267660
801 901 -2.106907
802 803 -1.809842
802 812 1.482749
802 902 1.101522
803 804 -0.080147
803 813 -0.298350
803 903 0.485308
804 805 -0.667732
804 814 1.260879
804 904 -0.535031
805 806 -1.178919
805 815 -1.683256
805 905 0.335479
806 807 -0.232203
806 816 0.534410
806 906 -0.440282
807 808 -2.300958
807 817 1.568429
807 907 1.005094
808 809 0.782478
808 818 0.464769
808 908 0.242801
809 800 1.799646
809 819 1.191418
809 909 -1.304260
810 811 -0.116738
810 820 1.629931
810 910 1.023201
811 812 1.132397
811 821 0.629434
811 911 -0.087628
812 813 0.309481
812 822 -0.788151
812 912 -0.200882
813 814 0.663908
813 823 -0.514136
813 913 0.095708
814 815 -2.845648
814 824 0.560622
814 914 -0.574191
815 816 -0.505855
815 825 -0.324491
815 915 -0.958289
816 817 -0.135866
816 826 0.227773
816 916 0.117388
817 818 -1.050008
817 827 -0.264165
817 917 0.943907
818 819 -0.210869
818 828 -0.209048
818 918 -0.308858
819 810 -2.374779
819 829 -0.129231
819 919 -1.121436
820 821 -2.120816
820 830 1.683793
820 920 -0.059288
821 822 -0.531519
821 831 0.576490
821 921 2.166560
822 823 0.560552
822 832 0.296313
822 922 -0.087869
823 824 -0.397471
823 833 0.002679
823 923 -1.508713
824 825 0.569935
824 834 1.780442
824 924 -0.975881
825 826 -0.172287
825 835 -1.582055
825 925 -0.789419
826 827 -1.573637
826 836 -0.134523
826 926 -0.889285
827 828 0.454324
827 837 -0.186590
827 927 0.061284
828 829 0.676453
828 838 1.851807
828 928 -0.096530
829 820 -1.668628
829 839 -0.914961
829 929 0.910581
830 831 0.242983
830 840 0.502062
830 930 -0.860115
831 832 1.150576
831 841 1.725714
831 931 -0.221320
832 833 -0.306503
832 842 -0.217193
832 932 -0.254377
833 834 -0.661256
833 843 0.032653
833 933 -0.054644
834 835 0.160450
834 844 -0.626442
834 934 -1.093164
835 836 0.902036
835 845 0.603375
835 935 1.784999
836 837 -0.440811
836 846 0.653955
836 936 0.185259
837 838 -0.617852
837 847 -2.205115
837 937 0.708648
838 839 -0.962430
838 848 -1.281128
838 938 1.102850
839 830 1.966028
839 849 -0.174608
839 939 -0.210924
840 841 0.397480
840 850 0.945700
840 940 -1.234857
841 842 -0.445437
841 851 1.452378
841 941 0.549648
842 843 0.166880
842 852 -0.493544
842 942 1.178014
843 844 0.647764
843 853 -0.859730
843 943 -0.886090
844 845 0.813010
844 854 -2.482953
844 944 -0.197670
845 846 -0.931800
845 855 1.420458
845 945 -0.525668
846 847 -0.833014
846 856 -1.373152
846 946 0.126276
847 848 0.230278
847 857 0.307369
847 947 0.300984
848 849 0.752021
848 858 0.622353
848 948 -0.927419
849 840 -0.244803
849 859 0.837429
849 949 1.460163
850 851 0.766580
850 860 0.305699
850 950 0.850844
851 852 1.013710
851 861 0.101372
851 951 -0.090603
852 853 0.296895
852 862 0.441030
852 952 0.185443
853 854 -0.620236
853 863 -0.939720
853 953 0.807416
854 855 0.442059
854 864 1.100791
854 954 -0.154460
855 856 1.357465
855 865 0.078205
855 955 0.363264
856 857 0.569785
856 866 1.633318
856 956 -1.302145
857 858 0.461606
857 867 0.353095
857 957 -0.021824
858 859 0.655557
858 868 -1.383328
858 958 -1.411746
859 850 0.331508
859 869 1.378629
859 959 -0.357161
860 861 1.069949
860 870 0.859066
860 960 -1.977990
861 862 -0.986727
861 871 -0.186772
861 961 0.056281
862 863 1.279663
862 872 1.663960
862 962 0.451825
863 864 -1.512256
863 873 1.475321
863 963 1.121145
864 865 0.276368
864 874 0.806756
864 964 -1.284945
865 866 -1.006209
865 875 1.772118
865 965 -0.404029
866 867 0.808757
866 876 0.645131
866 966 0.078606
867 868 -1.326821
867 877 1.002129
867 967 1.308683
868 869 1.492812
868 878 0.104058
868 968 -0.412702
869 860 -0.428205
869 879 -1.249252
869 969 1.210007
870 871 0.256254
870 880 -1.873059
870 970 -0.249580
871 872 0.334998
871 881 -0.989737
871 971 -0.042218
872 873 -0.592053
872 882 -0.441501
872 972 1.291452
873 874 0.735585
873 883 -0.041948
873 973 0.733847
874 875 1.247608
874 884 -0.086812
874 974 0.891185
875 876 1.365793
875 885 0.691662
875 975 -0.136898
876 877 -0.401212
876 886 1.244151
876 976 -1.091201
877 878 1.104049
877 887 0.847812
877 977 0.522699
878 879 0.177571
878 888 -1.787119
878 978 -1.995140
879 870 -1.410189
879 889 0.649296
879 979 1.110830
880 881 -0.505390
880 890 0.819493
880 980 0.792272
881 882 0.270621
881 891 0.367395
881 981 0.870332
882 883 -1.281876
882 892 -0.559380
882 982 -0.352310
883 884 -0.119491
883 893 -1.200362
883 983 -0.605725
884 885 0.464710
884 894 0.662255
884 984 -1.537199
885 886 0.704041
885 895 0.801784
885 985 0.317587
886 887 2.377040
886 896 0.163237
886 986 0.209872
887 888 -0.114639
887 897 0.735767
887 987 -0.380193
888 889 -1.750125
888 898 -0.874608
888 988 -0.516864
889 880 -0.012041
889 899 -0.749488
889 989 0.193951
890 891 1.382656
890 800 -0.792884
890 990 -0.621544
891 892 1.228421
891 801 -0.535634
891 991 -0.933125
892 893 0.276512
892 802 -0.388686
892 992 -2.503389
893 894 -0.642069
893 803 -1.474696
893 993 -0.713574
894 895 0.469547
894 804 -0.377084
894 994 0.282372
895 896 1.545211
895 805 -1.684800
895 995 1.347688
896 897 -0.207135
896 806 -0.132491
896 996 0.031107
897 898 -0.122008
897 807 1.056872
897 997 -0.161582
898 899 -0.808114
898 808 -2.106653
898 998 -0.412979
899 890 -0.164047
899 809 -0.653279
899 999 -0.425477
900 901 0.513674
900 910 1.582853
900 0 0.923935
901 902 -0.867431
901 911 -0.232751
901 1 0.695666
902 903 1.017404
902 912 -0.348477
902 2 -0.798934
903 904 0.480363
903 913 0.793490
903 3 1.351351
904 905 -0.729918
904 914 0.170274
904 4 -1.024885
905 906 -0.454916
905 915 0.135209
905 5 1.078127
906 907 1.299866
906 916 -0.450529
906 6 -1.304765
907 908 0.604265
907 917 -0.687486
907 7 0.577501
908 909 0.679628
908 918 -0.843943
908 8 0.527524
909 900 0.633428
909 919 0.263946
909 9 0.870895
910 911 -0.482904
910 920 -1.216880
910 10 1.890569
911 912 0.159199
911 921 0.558460
911 11 0.109425
912 913 -0.488431
912 922 -0.683694
912 12 -1.553991
913 914 -0.262606
913 923 0.026308
913 13 0.616353
914 915 -0.409803
914 924 0.583281
914 14 -0.291714
915 916 1.306352
915 925 3.142463
915 15 -1.848058
916 917 0.698699
916 926 -1.002452
916 16 0.026833
917 918 -0.834260
917 927 -1.609246
917 17 0.837701
918 919 1.381369
918 928 0.478466
918 18 -0.072275
919 910 0.406261
919 929 -0.383894
919 19 0.155821
920 921 -0.150449
920 930 -0.974186
920 20 0.412710
921 922 0.394112
921 931 0.605343
921 21 0.499647
922 923 1.980616
922 932 0.542142
922 22 0.632026
923 924 -0.673944
923 933 -1.040321
923 23 0.115606
924 925 1.855586
924 934 -0.326484
924 24 -0.830150
925 926 -0.264626
925 935 1.407951
925 25 -0.461170
926 927 1.652358
926 936 0.853581
926 26 0.162603
927 928 -1.245165
927 937 1.038264
927 27 1.158092
928 929 -0.753888
928 938 -1.924926
928 28 -0.399846
929 920 -1.310566
929 939 -0.338151
929 29 -0.040311
930 931 -0.872939
930 940 -1.237529
930 30 0.883669
931 932 -0.295053
931 941 0.624347
931 31 1.171569
932 933 -1.182101
932 942 -0.536647
932 32 1.004125
933 934 -0.044886
933 943 1.796225
933 33 0.232013
934 935 -0.997329
934 944 1.041799
934 34 -0.496434
935 936 -2.238866
935 945 -0.442750
935 35 -0.520770
936 937 1.297400
936 946 -1.191768
936 36 0.632124
937 938 -1.106591
937 947 0.452504
937 37 -0.409466
938 939 0.672509
938 948 -0.500193
938 38 0.475595
939 930 0.116518
939 949 0.237065
939 39 0.667729
940 941 -0.259165
940 950 -0.943674
940 40 -0.320857
941 942 0.090741
941 951 0.156455
941 41 0.171066
942 943 -1.701779
942 952 -1.996067
942 42 -0.034492
943 944 -1.083565
943 953 -1.509591
943 43 -1.043629
944 945 0.771541
944 954 0.888982
944 44 -0.203231
945 946 0.232641
945 955 2.932400
945 45 -1.687654
946 947 -0.233793
946 956 -0.951016
946 46 1.803341
947 948 -0.368946
947 957 0.643197
947 47 -0.460770
948 949 -0.948169
948 958 1.248232
948 48 0.379810
949 940 1.244515
949 959 -1.172155
949 49 -2.298637
950 951 1.194590
950 960 -0.839367
950 50 1.645325
951 952 1.742861
951 961 -0.405814
951 51 -1.473964
952 953 1.065845
952 962 2.124504
952 52 1.470340
953 954 -1.002531
953 963 -0.362196
953 53 -0.410632
954 955 -0.285555
954 964 -0.893598
954 54 1.281823
955 956 -0.308493
955 965 -0.867669
955 55 0.518677
956 957 0.464109
956 966 1.322556
956 56 -0.665870
957 958 0.629485
957 967 0.165550
957 57 -0.642367
958 959 0.755009
958 968 -0.395150
958 58 -1.181903
959 950 0.771358
959 969 -0.173904
959 59 1.048081
960 961 -0.208792
960 970 -2.710346
960 60 0.959299
961 962 -0.426663
961 971 -0.360655
961 61 1.663027
962 963 -0.317692
962 972 -1.664280
962 62 0.223846
963 964 -0.657474
963 973 -0.101945
963 63 0.255424
964 965 -0.372497
964 974 -1.018464
964 64 -0.589604
965 966 1.085840
965 975 0.431126
965 65 1.157326
966 967 -0.833479
966 976 0.272138
966 66 0.186990
967 968 -0.486951
967 977 0.316827
967 67 0.141433
968 969 -0.597432
968 978 -0.090403
968 68 -0.813341
969 960 -0.533736
969 979 -0.242080
969 69 -0.830050
970 971 0.661361
970 980 -0.984252
970 70 0.121212
971 972 -1.014814
971 981 0.617706
971 71 0.621909
972 973 0.298334
972 982 1.865604
972 72 0.856971
973 974 0.397056
973 983 0.691193
973 73 -0.178030
974 975 2.291535
974 984 0.004204
974 74 0.942405
975 976 -0.626698
975 985 0.403967
975 75 0.012273
976 977 -0.241115
976 986 -0.873911
976 76 -0.432308
977 978 -1.875945
977 987 1.506726
977 77 0.614954
978 979 -0.772407
978 988 0.297746
978 78 -0.441705
979 970 0.639029
979 989 1.154450
979 79 -0.496031
980 981 -1.031579
980 990 -0.374929
980 80 -0.802597
981 982 0.739866
981 991 1.112214
981 81 0.217769
982 983 -0.519292
982 992 -0.272543
982 82 -0.145075
983 984 0.758868
983 993 -1.344420
983 83 0.447794
984 985 0.232891
984 994 0.619281
984 84 2.165002
985 986 -0.982813
985 995 -0.158017
985 85 -0.630349
986 987 1.163455
986 996 -1.471287
986 86 -0.151284
987 988 2.124662
987 997 -0.036609
987 87 1.349247
988 989 0.478686
988 998 0.526878
988 88 0.562770
989 980 -1.903635
989 999 -0.696781
989 89 0.733667
990 991 -1.813403
990 900 0.730150
990 90 0.498074
991 992 -0.136610
991 901 1.478121
991 91 0.898519
992 993 -1.105334
992 902 0.640327
992 92 -1.638370
993 994 -0.964380
993 903 1.150381
993 93 -0.763964
994 995 -1.130902
994 904 0.521830
994 94 1.149293
995 996 2.236503
995 905 -0.452964
995 95 0.939975
996 997 -1.249833
996 906 0.368869
996 96 2.076126
997 998 0.202618
997 907 1.724645
997 97 1.234241
998 999 -0.416901
998 908 0.186744
998 98 -0.498563
999 990 0.434613
999 909 -0.491235
999 99 -0.005911
