0 1 -0.217415
0 10 -1.438921
0 100 0.757582
1 2 -1.088573
1 11 -0.014980
1 101 0.918282
2 3 -0.901133
2 12 0.203884
2 102 -0.408897
3 4 -0.032820
3 13 1.448164
3 103 -0.722034
4 5 0.453818
4 14 0.861068
4 104 -0.262083
5 6 0.424023
5 15 -1.864924
5 105 -3.327794
6 7 0.423737
6 16 -1.647664
6 106 -0.963683
7 8 0.200594
7 17 -0.094423
7 107 -0.324700
8 9 0.726048
8 18 0.469753
8 108 0.464405
9 0 -1.791603
9 19 0.307436
9 109 -2.881675
10 11 -0.487838
10 20 1.164313
10 110 -1.468583
11 12 0.416751
11 21 0.580282
11 111 -1.537703
12 13 0.164719
12 22 -0.493075
12 112 -0.072519
13 14 0.503376
13 23 1.330535
13 113 -0.612936
14 15 0.921273
14 24 -0.341328
14 114 0.176665
15 16 -1.123382
15 25 -0.306212
15 115 -0.369607
16 17 0.232128
16 26 0.803765
16 116 -0.020508
17 18 -0.448383
17 27 -1.041925
17 117 0.079508
18 19 -0.443341
18 28 0.728035
18 118 -1.065315
19 10 -2.129525
19 29 0.114258
19 119 0.413853
20 21 0.743330
20 30 0.390768
20 120 0.109096
21 22 -1.221996
21 31 0.310046
21 121 0.287118
22 23 -1.293616
22 32 -0.367971
22 122 -1.020588
23 24 -1.400975
23 33 -0.944311
23 123 -0.120197
24 25 -1.206386
24 34 2.443909
24 124 -0.272362
25 26 0.141650
25 35 -0.498374
25 125 0.861710
26 27 -1.033023
26 36 -0.155834
26 126 -0.656326
27 28 -0.467349
27 37 0.646484
27 127 1.180951
28 29 0.462422
28 38 0.737574
28 128 -1.502399
29 20 1.241787
29 39 -1.548535
29 129 0.877882
30 31 1.171152
30 40 -1.417741
30 130 0.646099
31 32 -1.507646
31 41 -1.255742
31 131 -0.310285
32 33 -0.356569
32 42 1.874983
32 132 0.701338
33 34 2.789552
33 43 -1.528124
33 133 0.202545
34 35 0.082918
34 44 -1.437390
34 134 -0.496771
35 36 2.431035
35 45 -0.545010
35 135 -2.682586
36 37 -1.065494
36 46 0.809843
36 136 2.859042
37 38 0.309489
37 47 -1.655510
37 137 -0.931439
38 39 0.639995
38 48 2.548452
38 138 0.110030
39 30 0.294520
39 49 -2.253749
39 139 -0.740979
40 41 -1.082401
40 50 0.143156
40 140 0.284855
41 42 1.362762
41 51 -0.935973
41 141 -1.111691
42 43 0.494892
42 52 0.550169
42 142 -0.070027
43 44 -0.965697
43 53 0.936475
43 143 0.257347
44 45 1.587357
44 54 0.580381
44 144 0.842715
45 46 0.427191
45 55 0.691724
45 145 -0.595779
46 47 -0.229674
46 56 -1.359434
46 146 1.126497
47 48 0.563874
47 57 -0.381209
47 147 1.739554
48 49 -0.411886
48 58 2.073860
48 148 -0.962552
49 40 1.213778
49 59 0.081955
49 149 -0.733179
50 51 -1.461071
50 60 2.630159
50 150 0.380391
51 52 0.581610
51 61 -1.047422
51 151 0.271156
52 53 -1.334927
52 62 0.556926
52 152 0.754947
53 54 -0.074599
53 63 0.419426
53 153 1.233699
54 55 1.237322
54 64 0.496210
54 154 -1.152036
55 56 0.539379
55 65 0.288540
55 155 -0.158377
56 57 0.579995
56 66 -0.616401
56 156 -1.307498
57 58 -0.948959
57 67 0.085043
57 157 0.751669
58 59 1.410079
58 68 1.256576
58 158 -0.610451
59 50 -0.156509
59 69 1.368886
59 159 0.814022
60 61 0.001425
60 70 -0.908694
60 160 -0.123506
61 62 0.127092
61 71 1.853925
61 161 -0.222263
62 63 1.166245
62 72 -1.686971
62 162 0.682448
63 64 1.084378
63 73 0.012762
63 163 -0.683083
64 65 -0.138558
64 74 0.251954
64 164 -0.129986
65 66 1.226520
65 75 -1.116177
65 165 0.734598
66 67 1.940436
66 76 0.610858
66 166 1.007556
67 68 -0.975764
67 77 -0.493445
67 167 -0.531537
68 69 -1.474805
68 78 0.564248
68 168 -0.469972
69 60 1.264891
69 79 0.323628
69 169 -0.074066
70 71 -0.306058
70 80 -0.602462
70 170 -0.041634
71 72 0.804869
71 81 -0.008794
71 171 -0.144878
72 73 1.388066
72 82 0.160499
72 172 -1.402932
73 74 -0.053774
73 83 -0.078271
73 173 -1.606993
74 75 0.244903
74 84 -0.142630
74 174 0.660031
75 76 -0.413565
75 85 -0.299445
75 175 0.645971
76 77 1.224191
76 86 0.230824
76 176 0.225937
77 78 1.424139
77 87 -0.809343
77 177 -1.080577
78 79 -0.074559
78 88 0.307029
78 178 -0.747438
79 70 0.902989
79 89 0.599968
79 179 0.311825
80 81 0.131208
80 90 1.088504
80 180 -0.123762
81 82 0.140607
81 91 -1.125520
81 181 -1.916880
82 83 0.105661
82 92 -0.221672
82 182 0.509930
83 84 0.495529
83 93 0.985731
83 183 1.049674
84 85 3.031851
84 94 -0.437075
84 184 1.084086
85 86 1.559364
85 95 1.700086
85 185 0.975485
86 87 -0.343211
86 96 -0.287421
86 186 0.761049
87 88 0.542762
87 97 -0.533986
87 187 0.056542
88 89 1.389499
88 98 0.170564
88 188 -0.330710
89 80 0.156890
89 99 -0.737892
89 189 -1.073224
90 91 -0.935404
90 0 -0.461447
90 190 0.553855
91 92 -2.656905
91 1 1.419225
91 191 -0.044667
92 93 -0.595546
92 2 0.077388
92 192 0.199500
93 94 -0.990920
93 3 0.120941
93 193 -0.660915
94 95 -0.446430
94 4 0.171195
94 194 -0.986975
95 96 0.680479
95 5 -0.030211
95 195 -0.427352
96 97 0.573122
96 6 -0.239144
96 196 0.558185
97 98 -0.027433
97 7 -0.238307
97 197 -0.645213
98 99 -1.356225
98 8 -0.644508
98 198 0.843146
99 90 0.776451
99 9 1.780674
99 199 0.260977
100 101 0.521165
100 110 1.167195
100 200 0.734762
101 102 1.103391
101 111 -0.181113
101 201 -0.456427
102 103 -1.321459
102 112 -0.125663
102 202 -1.712546
103 104 1.647633
103 113 -0.380145
103 203 -0.905065
104 105 0.644356
104 114 -1.224046
104 204 0.420068
105 106 -0.198227
105 115 -1.380041
105 205 0.070144
106 107 -0.151565
106 116 -0.327446
106 206 1.050570
107 108 -0.680919
107 117 -0.934100
107 207 0.202386
108 109 1.310208
108 118 0.795944
108 208 0.365134
109 100 -1.395061
109 119 -0.967604
109 209 -1.226995
110 111 -0.611408
110 120 -0.061700
110 210 1.538663
111 112 -0.386865
111 121 -0.546588
111 211 0.029952
112 113 -1.021167
112 122 -0.692166
112 212 -0.956063
113 114 1.294346
113 123 0.795457
113 213 -0.298914
114 115 -0.097445
114 124 -0.974961
114 214 0.230937
115 116 0.027664
115 125 0.602862
115 215 1.070099
116 117 -0.449063
116 126 -0.296480
116 216 -0.099935
117 118 -0.385197
117 127 -0.034198
117 217 0.563198
118 119 -0.445900
118 128 -0.164491
118 218 1.000054
119 110 -0.505350
119 129 -0.792081
119 219 -1.114813
120 121 1.022642
120 130 -0.042135
120 220 -0.151247
121 122 -0.239228
121 131 -1.182613
121 221 -0.041539
122 123 1.250153
122 132 -0.093913
122 222 -0.545390
123 124 0.402089
123 133 -0.972037
123 223 -1.054027
124 125 -0.247199
124 134 -1.066176
124 224 -0.316823
125 126 -0.851739
125 135 -2.220523
125 225 -0.230580
126 127 0.214133
126 136 0.217111
126 226 1.968835
127 128 1.269551
127 137 -1.273393
127 227 -1.569377
128 129 1.298738
128 138 -1.165758
128 228 -1.639928
129 120 -0.536275
129 139 0.786548
129 229 0.887633
130 131 0.704943
130 140 1.251355
130 230 0.268736
131 132 -0.438445
131 141 -1.073224
131 231 0.665194
132 133 -0.192301
132 142 0.091994
132 232 1.545270
133 134 0.160803
133 143 -0.264631
133 233 -1.501118
134 135 -1.917253
134 144 1.002285
134 234 -0.686302
135 136 0.945372
135 145 -0.098723
135 235 0.307590
136 137 0.603431
136 146 0.652972
136 236 0.359734
137 138 0.391866
137 147 -1.638766
137 237 0.443370
138 139 -1.037911
138 148 -0.732283
138 238 -0.319299
139 130 0.215947
139 149 -0.480320
139 239 -0.338292
140 141 -1.425927
140 150 -1.185388
140 240 0.065587
141 142 0.678887
141 151 2.599279
141 241 0.612955
142 143 0.165723
142 152 -0.566380
142 242 -1.642181
143 144 0.933654
143 153 -2.070877
143 243 -0.138513
144 145 0.615051
144 154 0.416710
144 244 -1.355232
145 146 -0.065061
145 155 0.427283
145 245 1.694641
146 147 -0.536441
146 156 0.857252
146 246 0.805849
147 148 -0.017616
147 157 -1.289082
147 247 -0.658900
148 149 -1.618426
148 158 0.336882
148 248 0.924029
149 140 -0.577533
149 159 0.496301
149 249 0.734160
150 151 0.936270
150 160 0.446717
150 250 1.255186
151 152 -0.613979
151 161 -0.372727
151 251 -1.209058
152 153 -1.228435
152 162 -1.283772
152 252 2.738369
153 154 -0.075052
153 163 -0.580190
153 253 -0.199223
154 155 -0.255178
154 164 -0.215494
154 254 -0.044140
155 156 -1.190879
155 165 -1.197368
155 255 -0.500741
156 157 0.337153
156 166 0.107313
156 256 -0.013082
157 158 0.943355
157 167 0.439858
157 257 0.118125
158 159 1.019841
158 168 1.017989
158 258 0.395122
159 150 0.346239
159 169 -0.993339
159 259 2.217257
160 161 -0.676812
160 170 2.119200
160 260 2.656688
161 162 0.197418
161 171 -0.437688
161 261 -0.739933
162 163 -0.842118
162 172 -1.076213
162 262 0.049289
163 164 0.847174
163 173 0.222332
163 263 0.331542
164 165 2.334821
164 174 0.196141
164 264 -0.976771
165 166 -0.116008
165 175 -0.558922
165 265 -0.044919
166 167 0.695065
166 176 0.133780
166 266 0.376639
167 168 1.105696
167 177 -0.414280
167 267 2.491355
168 169 0.511399
168 178 -0.168304
168 268 -2.358525
169 160 0.513472
169 179 -1.579029
169 269 -0.132854
170 171 -0.395034
170 180 -1.115043
170 270 0.498683
171 172 0.294749
171 181 -0.305073
171 271 -0.681851
172 173 0.714234
172 182 1.339896
172 272 -0.925732
173 174 0.989720
173 183 0.167965
173 273 -0.242469
174 175 -0.962484
174 184 2.069668
174 274 1.629514
175 176 0.213565
175 185 0.611552
175 275 0.332811
176 177 -0.060696
176 186 -2.042724
176 276 -0.780096
177 178 -0.150841
177 187 -0.554552
177 277 -0.916411
178 179 1.106970
178 188 1.531808
178 278 -0.941869
179 170 0.686395
179 189 1.052252
179 279 -0.810957
180 181 0.804545
180 190 -1.560782
180 280 -1.995446
181 182 0.960639
181 191 -0.504182
181 281 -0.408738
182 183 0.610487
182 192 -0.060059
182 282 -0.978815
183 184 1.696168
183 193 0.057594
183 283 0.235405
184 185 0.059652
184 194 0.890410
184 284 -0.736102
185 186 -1.769311
185 195 0.462204
185 285 0.821470
186 187 -1.545653
186 196 2.304822
186 286 -0.345147
187 188 -0.064750
187 197 0.200621
187 287 -1.431041
188 189 -0.208667
188 198 -0.429662
188 288 0.761149
189 180 2.191499
189 199 0.607338
189 289 -0.225862
190 191 0.199414
190 100 -0.809450
190 290 0.065736
191 192 2.850248
191 101 -0.424946
191 291 -1.740967
192 193 -0.368733
192 102 0.778244
192 292 1.107887
193 194 -0.955784
193 103 0.466208
193 293 1.395231
194 195 -0.289484
194 104 -1.569751
194 294 -1.015877
195 196 -1.391944
195 105 0.486381
195 295 1.209248
196 197 0.442876
196 106 -1.671948
196 296 0.654839
197 198 -1.478977
197 107 0.473745
197 297 -0.404823
198 199 0.624295
198 108 -0.253163
198 298 -0.181928
199 190 2.234527
199 109 0.237736
199 299 -0.004978
200 201 -2.256600
200 210 -1.912085
200 300 1.018052
201 202 -0.644193
201 211 2.620736
201 301 -0.917743
202 203 0.771671
202 212 0.398777
202 302 -0.207888
203 204 0.026469
203 213 0.586331
203 303 -0.261540
204 205 -0.332258
204 214 1.149063
204 304 -1.138742
205 206 1.562458
205 215 0.253310
205 305 0.911752
206 207 1.075318
206 216 0.910619
206 306 -1.480763
207 208 1.212976
207 217 0.003570
207 307 -0.205937
208 209 0.955474
208 218 -1.282960
208 308 -0.654846
209 200 -1.266282
209 219 0.217823
209 309 0.243111
210 211 0.531727
210 220 -0.993635
210 310 0.016679
211 212 -0.606792
211 221 0.052823
211 311 -0.636902
212 213 0.199686
212 222 0.067700
212 312 1.064291
213 214 0.172516
213 223 1.829557
213 313 -0.489887
214 215 -0.203334
214 224 0.631254
214 314 0.229577
215 216 -0.345790
215 225 -0.251085
215 315 -0.608337
216 217 -0.783430
216 226 -2.148529
216 316 0.202210
217 218 -0.466468
217 227 -0.493285
217 317 1.085114
218 219 -1.196293
218 228 -0.278373
218 318 0.426269
219 210 -1.091718
219 229 1.056162
219 319 0.286353
220 221 1.298017
220 230 0.741150
220 320 0.004313
221 222 -0.653930
221 231 0.054773
221 321 -0.156931
222 223 0.437786
222 232 0.389240
222 322 -0.563276
223 224 0.097894
223 233 0.164320
223 323 -1.868243
224 225 -0.303772
224 234 0.287114
224 324 0.399535
225 226 -2.095717
225 235 -0.583451
225 325 0.502218
226 227 0.719368
226 236 1.070151
226 326 1.228744
227 228 0.460834
227 237 0.800333
227 327 -0.018337
228 229 0.713761
228 238 -1.537144
228 328 0.641486
229 220 0.750085
229 239 -0.593934
229 329 -1.712850
230 231 -1.157520
230 240 0.302804
230 330 -1.180737
231 232 -0.080543
231 241 0.343554
231 331 -0.661162
232 233 0.512146
232 242 -0.018754
232 332 -0.394723
233 234 1.077936
233 243 0.510308
233 333 -0.702875
234 235 -2.806796
234 244 -0.485631
234 334 -0.522097
235 236 -1.583948
235 245 -0.149501
235 335 -1.021297
236 237 -1.675035
236 246 1.409591
236 336 -0.995757
237 238 -0.495579
237 247 -0.888358
237 337 -0.258201
238 239 0.614850
238 248 -0.249266
238 338 0.029499
239 230 -0.508533
239 249 0.524420
239 339 -0.723515
240 241 1.163264
240 250 -0.914783
240 340 1.035550
241 242 0.492953
241 251 -0.056786
241 341 -0.837289
242 243 -0.408732
242 252 -1.208978
242 342 1.165267
243 244 -0.577678
243 253 0.232324
243 343 0.698297
244 245 -0.502110
244 254 0.817243
244 344 0.417289
245 246 -0.340604
245 255 -0.287358
245 345 -0.047384
246 247 -1.066003
246 256 1.139955
246 346 -0.002012
247 248 -0.430148
247 257 -2.318830
247 347 1.015739
248 249 0.917270
248 258 -0.108194
248 348 0.107646
249 240 0.218759
249 259 -0.463925
249 349 1.566815
250 251 0.498987
250 260 0.955953
250 350 -0.438134
251 252 0.941057
251 261 -0.839509
251 351 1.328220
252 253 0.007824
252 262 -1.021640
252 352 0.951496
253 254 1.173780
253 263 1.776023
253 353 0.678998
254 255 -1.049567
254 264 -0.127976
254 354 0.302468
255 256 -1.045270
255 265 -0.816851
255 355 -0.642865
256 257 -1.737228
256 266 -0.169062
256 356 1.193139
257 258 -0.994172
257 267 1.439758
257 357 0.891260
258 259 -1.354000
258 268 -1.193125
258 358 0.336944
259 250 0.978230
259 269 -0.511849
259 359 -0.123972
260 261 0.211267
260 270 -2.406675
260 360 -0.008031
261 262 0.911551
261 271 -0.538372
261 361 -1.190347
262 263 -0.572780
262 272 -1.866761
262 362 -0.573190
263 264 0.104228
263 273 0.983600
263 363 0.215679
264 265 1.011841
264 274 1.222492
264 364 -0.628269
265 266 0.893329
265 275 -0.356233
265 365 -1.338041
266 267 -0.500536
266 276 0.104901
266 366 0.091827
267 268 1.556404
267 277 1.248579
267 367 0.237681
268 269 -0.455004
268 278 -0.216065
268 368 1.371315
269 260 -0.375343
269 279 -0.621371
269 369 -0.075912
270 271 -0.376591
270 280 -1.185399
270 370 0.684005
271 272 -0.972636
271 281 -0.213010
271 371 -1.539531
272 273 1.069246
272 282 0.221928
272 372 -0.229677
273 274 1.427680
273 283 0.507346
273 373 0.694086
274 275 1.938928
274 284 -0.756141
274 374 1.241434
275 276 -0.299928
275 285 1.684407
275 375 -0.433582
276 277 0.018163
276 286 0.258514
276 376 -0.161739
277 278 -0.918568
277 287 -0.451512
277 377 1.352201
278 279 2.035349
278 288 1.554196
278 378 0.599627
279 270 0.585678
279 289 0.916662
279 379 0.352691
280 281 0.050074
280 290 0.158159
280 380 -1.147586
281 282 -0.068644
281 291 0.860592
281 381 1.262251
282 283 1.288133
282 292 -0.114269
282 382 -1.231396
283 284 -0.483557
283 293 -1.035293
283 383 0.594168
284 285 -0.371011
284 294 -0.327405
284 384 -0.465635
285 286 -0.628674
285 295 1.302287
285 385 -0.868500
286 287 -0.373831
286 296 -0.944971
286 386 -0.141152
287 288 -0.259393
287 297 1.638962
287 387 -0.347940
288 289 -0.676390
288 298 -3.171352
288 388 -0.283098
289 280 1.532199
289 299 -0.494702
289 389 0.822274
290 291 1.056434
290 200 -1.221860
290 390 -1.410923
291 292 0.128446
291 201 1.485620
291 391 0.149614
292 293 0.656844
292 202 -0.314938
292 392 -0.886950
293 294 1.048132
293 203 -0.576397
293 393 -0.198549
294 295 -0.284319
294 204 -0.087418
294 394 0.185528
295 296 1.365534
295 205 -0.227641
295 395 -0.373021
296 297 -0.375006
296 206 -0.133350
296 396 0.711224
297 298 -0.235864
297 207 -0.345061
297 397 0.656972
298 299 0.474089
298 208 1.294265
298 398 0.244967
299 290 0.304265
299 209 -1.854817
299 399 1.346646
300 301 1.694536
300 310 1.823202
300 400 -0.164423
301 302 0.398118
301 311 0.900098
301 401 -0.746391
302 303 -0.145890
302 312 -0.638330
302 402 0.634901
303 304 -0.246147
303 313 -0.718983
303 403 1.598182
304 305 1.433866
304 314 1.015548
304 404 -0.148169
305 306 -0.499979
305 315 1.733099
305 405 -0.822859
306 307 2.029483
306 316 -0.019703
306 406 1.311316
307 308 0.169786
307 317 0.190553
307 407 -1.797308
308 309 -1.247160
308 318 0.713697
308 408 -0.929779
309 300 -0.725912
309 319 -0.672338
309 409 0.027660
310 311 -0.074984
310 320 -0.261628
310 410 -1.202781
311 312 1.026010
311 321 0.740242
311 411 -1.159985
312 313 -1.378886
312 322 0.526943
312 412 1.524748
313 314 1.309620
313 323 0.878689
313 413 -0.581279
314 315 1.946327
314 324 0.740529
314 414 0.913149
315 316 -1.099747
315 325 0.039946
315 415 1.001035
316 317 0.808734
316 326 0.304359
316 416 0.000488
317 318 -0.881864
317 327 -0.047670
317 417 -1.353969
318 319 1.391676
318 328 -0.521858
318 418 -0.593120
319 310 -0.440817
319 329 0.556887
319 419 -0.919612
320 321 -1.422052
320 330 -1.148354
320 420 -0.813603
321 322 -0.141849
321 331 -0.282621
321 421 0.613033
322 323 -0.344984
322 332 1.729712
322 422 0.138986
323 324 0.736122
323 333 -0.044858
323 423 0.384840
324 325 0.410826
324 334 1.398340
324 424 0.622976
325 326 1.178310
325 335 0.183218
325 425 -0.954947
326 327 -0.001199
326 336 -0.583820
326 426 0.033683
327 328 1.662896
327 337 -0.125891
327 427 -0.498898
328 329 0.752893
328 338 -1.069334
328 428 -0.152154
329 320 0.080549
329 339 1.692267
329 429 -0.034466
330 331 1.119631
330 340 0.371147
330 430 -0.546801
331 332 -0.065160
331 341 0.301570
331 431 -0.181413
332 333 0.649381
332 342 -0.825485
332 432 0.661458
333 334 0.421890
333 343 -1.801687
333 433 1.671186
334 335 1.175818
334 344 -0.517073
334 434 -0.318455
335 336 -0.147646
335 345 0.691913
335 435 -0.169889
336 337 -0.094536
336 346 -0.236113
336 436 0.011729
337 338 -0.775402
337 347 0.823966
337 437 0.973779
338 339 0.768922
338 348 -0.036652
338 438 -0.743431
339 330 0.819543
339 349 0.821031
339 439 -0.137505
340 341 0.658315
340 350 0.821693
340 440 -2.783526
341 342 -0.063810
341 351 1.154240
341 441 0.975147
342 343 -0.186622
342 352 0.944826
342 442 0.215913
343 344 0.016209
343 353 0.840222
343 443 1.609175
344 345 -1.665548
344 354 -0.435883
344 444 0.934410
345 346 -0.886584
345 355 -1.351167
345 445 0.547862
346 347 -1.092114
346 356 0.371077
346 446 -0.338689
347 348 2.084532
347 357 0.901936
347 447 0.122433
348 349 -0.183495
348 358 0.693370
348 448 0.375154
349 340 1.432785
349 359 -0.908544
349 449 0.004841
350 351 -0.823173
350 360 -0.984015
350 450 0.147776
351 352 -0.236275
351 361 -1.150065
351 451 2.411523
352 353 0.752703
352 362 -0.515095
352 452 0.675743
353 354 2.355162
353 363 -1.201580
353 453 1.102668
354 355 -0.076682
354 364 0.898124
354 454 2.196025
355 356 0.110544
355 365 0.203820
355 455 -0.588001
356 357 0.698637
356 366 0.433830
356 456 -0.476474
357 358 -0.008496
357 367 0.846720
357 457 -0.083854
358 359 -0.365306
358 368 -0.216570
358 458 -1.137366
359 350 1.783646
359 369 1.644517
359 459 2.112358
360 361 -0.120577
360 370 0.971928
360 460 -0.268386
361 362 2.740592
361 371 0.803796
361 461 0.427116
362 363 -0.211803
362 372 1.037875
362 462 -0.645739
363 364 -1.205395
363 373 0.185657
363 463 -0.191830
364 365 -1.020638
364 374 1.535774
364 464 0.095610
365 366 0.863724
365 375 -0.267008
365 465 1.940517
366 367 0.973716
366 376 0.256507
366 466 -0.445307
367 368 0.207355
367 377 0.030923
367 467 -0.572514
368 369 0.791174
368 378 1.394904
368 468 -0.817667
369 360 -0.536026
369 379 0.394292
369 469 2.807612
370 371 0.640705
370 380 -0.950845
370 470 1.091007
371 372 -1.643639
371 381 0.159491
371 471 0.141202
372 373 1.087193
372 382 1.340153
372 472 1.153934
373 374 -0.475520
373 383 1.032733
373 473 -0.636318
374 375 0.858129
374 384 -0.765605
374 474 0.890111
375 376 0.681486
375 385 0.567236
375 475 1.010623
376 377 0.242746
376 386 0.624383
376 476 -1.370600
377 378 1.908451
377 387 0.801002
377 477 2.318553
378 379 0.489062
378 388 0.280264
378 478 0.136930
379 370 0.259017
379 389 1.350009
379 479 -0.138628
380 381 1.231030
380 390 1.280993
380 480 1.569056
381 382 1.082057
381 391 -0.194084
381 481 1.035622
382 383 -0.230466
382 392 -1.556024
382 482 -0.659436
383 384 0.568007
383 393 2.507187
383 483 0.067788
384 385 0.945681
384 394 -0.218741
384 484 -0.120587
385 386 -0.604762
385 395 0.416706
385 485 0.113136
386 387 -0.329578
386 396 1.392758
386 486 0.105028
387 388 -1.117949
387 397 0.915032
387 487 -1.081960
388 389 0.768265
388 398 -1.419977
388 488 -3.726055
389 380 -0.242561
389 399 0.935446
389 489 -0.521717
390 391 -1.222041
390 300 -0.180493
390 490 2.363228
391 392 2.044906
391 301 1.082431
391 491 -0.505049
392 393 1.190271
392 302 0.249363
392 492 0.649934
393 394 0.942348
393 303 -0.481053
393 493 -1.473429
394 395 -1.587674
394 304 -0.987666
394 494 -0.414793
395 396 0.107305
395 305 -0.312847
395 495 -0.337985
396 397 1.383111
396 306 -0.661129
396 496 -0.519983
397 398 -0.806290
397 307 0.256379
397 497 0.152147
398 399 -0.847805
398 308 0.225599
398 498 1.890855
399 390 -0.591435
399 309 1.429725
399 499 -0.789240
400 401 -0.788847
400 410 -0.288755
400 500 -1.258339
401 402 1.699902
401 411 -0.413047
401 501 -0.461675
402 403 0.896917
402 412 -1.874166
402 502 -0.738416
403 404 0.634497
403 413 -0.483492
403 503 -1.701825
404 405 -1.795965
404 414 1.465457
404 504 -0.248839
405 406 -0.762927
405 415 -1.178811
405 505 1.003507
406 407 0.488622
406 416 0.789751
406 506 0.243496
407 408 -0.032539
407 417 1.191251
407 507 -1.934476
408 409 1.034291
408 418 0.507943
408 508 1.179046
409 400 -1.105433
409 419 -1.266372
409 509 0.053735
410 411 -0.338793
410 420 0.838452
410 510 -0.786870
411 412 0.341662
411 421 -1.788322
411 511 0.564686
412 413 -0.314965
412 422 -0.445416
412 512 0.013999
413 414 0.960994
413 423 -0.239485
413 513 0.347580
414 415 -1.045504
414 424 -1.072001
414 514 1.704991
415 416 -0.757587
415 425 -0.609264
415 515 -0.114123
416 417 -1.973695
416 426 -2.160888
416 516 0.658495
417 418 -1.371144
417 427 -1.069017
417 517 0.724924
418 419 -0.952658
418 428 -0.934980
418 518 1.519902
419 410 -0.593451
419 429 0.919442
419 519 -0.458410
420 421 -1.885574
420 430 0.652979
420 520 -0.641255
421 422 -0.328938
421 431 0.883360
421 521 0.538062
422 423 1.107360
422 432 -0.619972
422 522 1.011819
423 424 -0.693534
423 433 -0.203492
423 523 -1.526078
424 425 -0.195548
424 434 0.331717
424 524 -1.529130
425 426 1.110650
425 435 0.057976
425 525 -1.223556
426 427 1.004854
426 436 0.533072
426 526 -2.642550
427 428 1.552213
427 437 0.867228
427 527 -0.773050
428 429 -0.627776
428 438 0.259838
428 528 -0.262012
429 420 -0.693466
429 439 -0.802016
429 529 -0.785171
430 431 1.868180
430 440 0.507438
430 530 -0.728089
431 432 0.403542
431 441 -0.403655
431 531 -1.895359
432 433 -0.733885
432 442 0.736232
432 532 -2.108509
433 434 -2.009903
433 443 2.969026
433 533 -0.207231
434 435 1.137816
434 444 0.780163
434 534 0.371674
435 436 -0.979644
435 445 0.893017
435 535 -0.380056
436 437 -0.822432
436 446 0.615213
436 536 1.805172
437 438 -0.749842
437 447 0.949930
437 537 -0.737802
438 439 -1.193606
438 448 1.047222
438 538 -0.810285
439 430 0.135275
439 449 0.549667
439 539 0.360592
440 441 1.956001
440 450 0.918486
440 540 -0.185291
441 442 -1.098581
441 451 1.558425
441 541 -2.155861
442 443 -1.817981
442 452 0.402910
442 542 -0.499140
443 444 -1.034192
443 453 -0.564083
443 543 -1.379789
444 445 -0.514458
444 454 -1.649787
444 544 -0.576172
445 446 0.472406
445 455 -1.332394
445 545 0.599421
446 447 1.674695
446 456 -0.468769
446 546 1.387532
447 448 -1.462680
447 457 1.594940
447 547 0.906705
448 449 0.116006
448 458 0.316327
448 548 0.393627
449 440 1.654384
449 459 0.494238
449 549 1.721926
450 451 0.822624
450 460 -0.557543
450 550 0.480090
451 452 -0.908093
451 461 -0.784137
451 551 -0.077006
452 453 -0.639721
452 462 -1.539982
452 552 0.050374
453 454 -0.248616
453 463 -0.899257
453 553 -0.828642
454 455 -0.716684
454 464 0.418443
454 554 -0.342187
455 456 1.320954
455 465 0.165735
455 555 0.208755
456 457 -0.386858
456 466 0.407064
456 556 -0.546489
457 458 0.408635
457 467 0.840125
457 557 0.860724
458 459 0.284456
458 468 -1.320148
458 558 1.720785
459 450 0.004753
459 469 -0.360778
459 559 2.323968
460 461 0.142602
460 470 -0.250386
460 560 2.742275
461 462 -0.686729
461 471 0.974215
461 561 0.683092
462 463 -0.590946
462 472 1.504534
462 562 0.520174
463 464 -1.565727
463 473 0.392212
463 563 -0.413828
464 465 0.279687
464 474 0.331470
464 564 -0.807234
465 466 -0.303761
465 475 1.645945
465 565 0.405925
466 467 -1.249264
466 476 0.882629
466 566 -0.710571
467 468 -0.330334
467 477 1.237016
467 567 -0.697243
468 469 0.645230
468 478 0.813026
468 568 -0.349179
469 460 -0.910347
469 479 -0.271716
469 569 -0.153753
470 471 1.009224
470 480 0.821564
470 570 -0.081113
471 472 -2.232320
471 481 -0.685070
471 571 -0.111058
472 473 -1.474201
472 482 -0.771349
472 572 -0.083827
473 474 0.296049
473 483 1.688720
473 573 -0.248906
474 475 0.255017
474 484 0.739054
474 574 -0.213208
475 476 0.223819
475 485 -0.625078
475 575 2.291550
476 477 -0.619508
476 486 -0.745287
476 576 -0.568738
477 478 0.240912
477 487 0.351803
477 577 -0.517576
478 479 -1.214449
478 488 -2.133919
478 578 -3.587821
479 470 0.375013
479 489 -2.658753
479 579 0.297903
480 481 -0.485995
480 490 -1.992544
480 580 -0.514366
481 482 -1.600132
481 491 0.281616
481 581 2.703913
482 483 0.012038
482 492 -0.558823
482 582 0.640382
483 484 -1.008855
483 493 0.516662
483 583 1.098152
484 485 0.242111
484 494 -0.981225
484 584 -0.945451
485 486 1.288528
485 495 0.551066
485 585 0.038961
486 487 -0.482507
486 496 -1.269626
486 586 -0.635250
487 488 -0.122900
487 497 -1.274446
487 587 -1.495007
488 489 -1.075800
488 498 0.257610
488 588 -1.390807
489 480 -0.649632
489 499 -0.164241
489 589 -1.206141
490 491 1.285187
490 400 -0.174698
490 590 0.301226
491 492 -0.502251
491 401 -0.907495
491 591 0.550598
492 493 -0.565180
492 402 0.282590
492 592 1.358963
493 494 0.776362
493 403 -0.495818
493 593 -0.074126
494 495 -1.621643
494 404 0.094387
494 594 -0.199190
495 496 -0.420498
495 405 0.234751
495 595 1.198958
496 497 2.481598
496 406 1.539487
496 596 -3.571575
497 498 0.080354
497 407 1.988599
497 597 -1.355271
498 499 0.803070
498 408 1.070096
498 598 -0.784824
499 490 1.334230
499 409 1.019861
499 599 -0.183133
500 501 -0.484186
500 510 0.345232
500 600 -1.055765
501 502 3.491808
501 511 -0.069801
501 601 -0.046303
502 503 -0.740932
502 512 -1.305602
502 602 1.104451
503 504 0.385143
503 513 -0.010668
503 603 -0.319364
504 505 -1.563870
504 514 -0.705820
504 604 -1.790999
505 506 1.123068
505 515 0.923967
505 605 -1.365844
506 507 -0.389374
506 516 -0.441215
506 606 0.566363
507 508 0.313717
507 517 1.070119
507 607 -1.652768
508 509 -0.762424
508 518 0.020935
508 608 -1.177418
509 500 -0.532874
509 519 0.138546
509 609 -0.652424
510 511 -2.321069
510 520 -1.828372
510 610 -0.605471
511 512 -0.324723
511 521 -0.017312
511 611 0.660939
512 513 0.236163
512 522 -0.914788
512 612 0.197915
513 514 -0.261914
513 523 -0.047450
513 613 0.144350
514 515 0.853253
514 524 -0.382287
514 614 0.256369
515 516 -0.527443
515 525 0.203999
515 615 -1.085425
516 517 -1.914147
516 526 1.351393
516 616 1.724136
517 518 0.651290
517 527 -1.203337
517 617 1.377908
518 519 1.004275
518 528 0.171937
518 618 0.636799
519 510 0.306691
519 529 -2.715200
519 619 0.945915
520 521 -0.525663
520 530 0.422141
520 620 -1.254616
521 522 0.740127
521 531 0.713508
521 621 -0.434383
522 523 -0.402984
522 532 -0.631457
522 622 1.167393
523 524 -0.792936
523 533 -0.788417
523 623 1.501010
524 525 -0.594624
524 534 -2.142335
524 624 0.137004
525 526 0.329985
525 535 0.917517
525 625 0.351470
526 527 0.524776
526 536 1.697325
526 626 0.501847
527 528 0.584450
527 537 -0.232688
527 627 -0.379775
528 529 -1.963344
528 538 -1.326426
528 628 -0.694502
529 520 -0.245532
529 539 -1.508456
529 629 -1.773900
530 531 -0.514447
530 540 2.095272
530 630 -0.415869
531 532 -1.619914
531 541 0.343995
531 631 0.758261
532 533 0.517510
532 542 0.220085
532 632 -0.666812
533 534 -0.460975
533 543 0.377237
533 633 0.479465
534 535 1.816458
534 544 1.051556
534 634 0.781565
535 536 1.072008
535 545 -0.843653
535 635 0.231649
536 537 -1.677798
536 546 -0.659854
536 636 -1.377781
537 538 -0.680541
537 547 0.356735
537 637 -1.399170
538 539 -0.314318
538 548 0.816411
538 638 -1.573952
539 530 0.326977
539 549 0.079680
539 639 0.562065
540 541 -0.232974
540 550 -0.504505
540 640 -1.509825
541 542 -1.152012
541 551 0.117175
541 641 -1.012406
542 543 0.983087
542 552 2.351074
542 642 0.129876
543 544 -0.361595
543 553 -0.946821
543 643 -0.514415
544 545 0.448710
544 554 -0.862742
544 644 1.223961
545 546 1.094323
545 555 -1.187785
545 645 0.663117
546 547 0.775887
546 556 0.048156
546 646 0.430735
547 548 -1.746913
547 557 -0.160358
547 647 -0.517608
548 549 -0.738942
548 558 0.114587
548 648 0.850063
549 540 0.497674
549 559 -0.406272
549 649 -1.035743
550 551 -0.073858
550 560 -0.312402
550 650 0.875310
551 552 -0.134031
551 561 1.111557
551 651 -0.425953
552 553 -0.137470
552 562 0.691225
552 652 -0.309811
553 554 -0.395774
553 563 1.717276
553 653 0.271425
554 555 -0.838554
554 564 -0.423825
554 654 -0.808208
555 556 0.834412
555 565 -1.149026
555 655 0.883260
556 557 1.347825
556 566 0.476324
556 656 1.370509
557 558 1.518943
557 567 -0.569997
557 657 -0.612625
558 559 0.409907
558 568 -0.549168
558 658 0.253491
559 550 1.248659
559 569 1.672190
559 659 1.529195
560 561 -0.035797
560 570 0.346302
560 660 1.151149
561 562 0.256623
561 571 0.871125
561 661 -0.005675
562 563 2.592407
562 572 -0.327299
562 662 -0.473823
563 564 -0.685445
563 573 -0.167161
563 663 -0.284295
564 565 -1.140584
564 574 -0.289032
564 664 2.045339
565 566 -0.462897
565 575 1.961667
565 665 -0.368253
566 567 0.315388
566 576 -0.284848
566 666 -1.299699
567 568 -0.927902
567 577 0.208370
567 667 -0.043307
568 569 0.562443
568 578 -1.447801
568 668 0.144835
569 560 0.482566
569 579 -1.785348
569 669 -1.149572
570 571 -1.160393
570 580 1.436032
570 670 1.322672
571 572 0.593241
571 581 0.805139
571 671 -0.961383
572 573 0.510762
572 582 0.127769
572 672 0.583071
573 574 -0.893508
573 583 -3.255485
573 673 1.057376
574 575 1.229445
574 584 -0.532384
574 674 0.671243
575 576 1.028006
575 585 1.064234
575 675 1.094888
576 577 -2.200384
576 586 -0.732015
576 676 0.370522
577 578 0.211891
577 587 -0.805815
577 677 0.048799
578 579 -1.481505
578 588 0.180594
578 678 -1.042874
579 570 -1.134295
579 589 -1.211962
579 679 0.090495
580 581 -0.924633
580 590 0.253099
580 680 0.075705
581 582 -0.600101
581 591 -0.588735
581 681 -0.064134
582 583 0.580086
582 592 -0.000614
582 682 1.138092
583 584 -0.846611
583 593 -1.516930
583 683 0.250066
584 585 -1.951986
584 594 -1.383305
584 684 -0.859651
585 586 -1.992725
585 595 -0.166056
585 685 -1.109861
586 587 0.740186
586 596 -0.795923
586 686 2.923387
587 588 -0.732110
587 597 -1.926004
587 687 0.527098
588 589 -0.081465
588 598 -0.934922
588 688 -1.061602
589 580 0.717477
589 599 -3.433435
589 689 1.771962
590 591 -0.366051
590 500 -0.214846
590 690 -0.339712
591 592 1.564329
591 501 -0.345169
591 691 0.540351
592 593 -1.000197
592 502 -0.698346
592 692 -0.250084
593 594 -0.640876
593 503 0.966884
593 693 1.141719
594 595 -1.168000
594 504 -0.980892
594 694 1.193815
595 596 -0.338541
595 505 0.242088
595 695 0.438654
596 597 -2.164370
596 506 -0.559750
596 696 -0.028177
597 598 1.277949
597 507 -1.589669
597 697 1.390861
598 599 -1.614931
598 508 -2.192417
598 698 -0.039627
599 590 0.167526
599 509 0.206821
599 699 0.345977
600 601 -0.735657
600 610 -1.319620
600 700 -2.171533
601 602 0.255501
601 611 1.308133
601 701 -0.506297
602 603 -0.939974
602 612 -1.151939
602 702 0.998704
603 604 -1.572850
603 613 0.761574
603 703 0.009396
604 605 -0.880338
604 614 0.577728
604 704 0.291854
605 606 -1.730144
605 615 -1.858652
605 705 0.901524
606 607 0.964626
606 616 0.335618
606 706 0.932151
607 608 0.518446
607 617 1.004323
607 707 -0.557091
608 609 1.034293
608 618 -2.301499
608 708 -0.665178
609 600 0.082322
609 619 -0.091725
609 709 0.216344
610 611 1.568442
610 620 -0.241775
610 710 1.469179
611 612 0.845103
611 621 0.785201
611 711 1.935793
612 613 0.541911
612 622 -0.737849
612 712 1.127056
613 614 -0.444101
613 623 0.715436
613 713 1.877366
614 615 -2.101338
614 624 -0.182384
614 714 -1.805398
615 616 0.038901
615 625 -0.798815
615 715 0.999027
616 617 -0.166084
616 626 0.115155
616 716 0.132682
617 618 -1.613451
617 627 -0.170374
617 717 -1.340993
618 619 -0.394539
618 628 -1.577097
618 718 -1.808022
619 610 -0.804672
619 629 1.014523
619 719 1.042293
620 621 -0.453163
620 630 -0.398925
620 720 1.288220
621 622 -1.013005
621 631 0.937206
621 721 -0.404800
622 623 -0.979954
622 632 -1.393447
622 722 0.876256
623 624 -0.449604
623 633 -0.283089
623 723 1.605160
624 625 1.286952
624 634 -0.919552
624 724 1.702684
625 626 0.718821
625 635 -0.273759
625 725 0.474836
626 627 1.410198
626 636 1.716334
626 726 -0.759173
627 628 0.663615
627 637 -0.022686
627 727 -0.953110
628 629 0.527549
628 638 0.279351
628 728 1.113098
629 620 0.545610
629 639 0.976608
629 729 0.663701
630 631 0.038256
630 640 -1.162174
630 730 0.116528
631 632 -0.261122
631 641 -1.433852
631 731 -0.045136
632 633 -0.031130
632 642 0.392505
632 732 0.328464
633 634 0.816414
633 643 -0.581539
633 733 1.543427
634 635 0.647783
634 644 -1.080238
634 734 0.392168
635 636 -0.847560
635 645 0.412421
635 735 -0.719653
636 637 -0.465431
636 646 0.253278
636 736 -0.225725
637 638 1.369603
637 647 0.641629
637 737 -1.948542
638 639 -1.030490
638 648 0.516535
638 738 0.693880
639 630 2.387058
639 649 -0.528413
639 739 1.843532
640 641 0.237887
640 650 0.564287
640 740 -0.149480
641 642 -0.519072
641 651 -0.753971
641 741 -1.249065
642 643 0.457855
642 652 -0.715735
642 742 -0.758201
643 644 0.384951
643 653 0.302978
643 743 -0.329616
644 645 1.290209
644 654 1.310703
644 744 1.089262
645 646 -2.303658
645 655 -1.891456
645 745 0.287506
646 647 0.959210
646 656 -0.991340
646 746 0.227607
647 648 1.446700
647 657 0.228209
647 747 0.963082
648 649 1.255206
648 658 -0.738561
648 748 -0.999337
649 640 0.587567
649 659 0.067866
649 749 1.887243
650 651 0.884524
650 660 -0.057692
650 750 0.623311
651 652 -0.303125
651 661 -1.488665
651 751 -0.312880
652 653 -0.280056
652 662 0.181204
652 752 0.311922
653 654 1.320857
653 663 0.407918
653 753 -2.857800
654 655 0.600329
654 664 0.916040
654 754 0.111356
655 656 1.296040
655 665 -1.312566
655 755 -0.411690
656 657 0.427300
656 666 0.026083
656 756 -0.385325
657 658 1.463997
657 667 -1.237017
657 757 -0.291683
658 659 -1.531931
658 668 0.787807
658 758 -0.826854
659 650 0.086088
659 669 -1.047052
659 759 -0.305767
660 661 0.610825
660 670 0.224622
660 760 -1.490107
661 662 -0.438205
661 671 0.649561
661 761 1.477234
662 663 -2.146302
662 672 -1.808014
662 762 -0.691533
663 664 0.119375
663 673 -0.037359
663 763 -0.093369
664 665 1.748989
664 674 0.201545
664 764 -0.278622
665 666 -1.461908
665 675 1.159315
665 765 0.047771
666 667 0.346350
666 676 2.183617
666 766 -1.235930
667 668 0.942567
667 677 1.443829
667 767 1.533870
668 669 -1.614807
668 678 -0.279927
668 768 -0.735995
669 660 1.566279
669 679 -0.952522
669 769 -0.721169
670 671 1.129563
670 680 -0.598344
670 770 2.112515
671 672 0.580563
671 681 0.473272
671 771 -1.147164
672 673 0.059487
672 682 -1.084149
672 772 1.013046
673 674 1.069246
673 683 -0.529916
673 773 0.815263
674 675 -0.244636
674 684 0.081216
674 774 -0.421054
675 676 0.050683
675 685 -1.648413
675 775 1.221285
676 677 -0.266127
676 686 -0.937391
676 776 -0.621779
677 678 3.098461
677 687 -0.349658
677 777 -0.271250
678 679 0.382412
678 688 -1.612087
678 778 -1.049381
679 670 -1.787495
679 689 2.400560
679 779 -0.379248
680 681 0.766210
680 690 0.065955
680 780 -0.528543
681 682 -0.124870
681 691 0.322400
681 781 -0.957449
682 683 -1.758000
682 692 1.019131
682 782 -0.672146
683 684 0.337034
683 693 -0.254620
683 783 0.373479
684 685 0.839122
684 694 -1.344977
684 784 -0.284728
685 686 0.162288
685 695 0.484316
685 785 -0.539995
686 687 0.004323
686 696 -1.598836
686 786 0.053006
687 688 1.575839
687 697 1.424752
687 787 0.753041
688 689 -1.496943
688 698 0.775049
688 788 -1.796353
689 680 1.063280
689 699 -0.043783
689 789 0.108209
690 691 -2.402353
690 600 -0.307972
690 790 -0.255801
691 692 0.681749
691 601 0.203644
691 791 0.499044
692 693 0.279924
692 602 -1.179052
692 792 -0.300935
693 694 -1.209907
693 603 0.103856
693 793 -0.575556
694 695 0.019650
694 604 -0.606723
694 794 -0.592695
695 696 -0.299811
695 605 -0.055780
695 795 -1.967463
696 697 1.127744
696 606 -0.335531
696 796 0.129015
697 698 0.835001
697 607 -2.789902
697 797 0.614268
698 699 0.129890
698 608 0.246309
698 798 0.233240
699 690 0.493718
699 609 0.821161
699 799 -0.870235
700 701 0.384101
700 710 -0.586983
700 800 -1.244935
701 702 -0.033808
701 711 -0.667144
701 801 -1.010618
702 703 1.270303
702 712 0.591039
702 802 -0.241718
703 704 -0.521340
703 713 -1.359730
703 803 2.061535
704 705 -0.992546
704 714 -1.477381
704 804 -0.032155
705 706 -1.054552
705 715 -0.703239
705 805 0.841996
706 707 0.850921
706 716 -0.632060
706 806 0.698348
707 708 0.578582
707 717 -0.587172
707 807 0.991839
708 709 0.450144
708 718 0.173941
708 808 -0.244863
709 700 -1.973394
709 719 -1.149922
709 809 -0.939495
710 711 -0.212040
710 720 1.082980
710 810 1.746679
711 712 -0.897025
711 721 -0.337200
711 811 -2.454699
712 713 1.200919
712 722 -0.640313
712 812 -1.328236
713 714 -0.921799
713 723 0.936700
713 813 0.435383
714 715 1.170070
714 724 -0.358155
714 814 1.668962
715 716 0.878484
715 725 1.003823
715 815 -0.014225
716 717 -0.757668
716 726 -1.373808
716 816 0.468622
717 718 -0.181390
717 727 0.616628
717 817 1.526862
718 719 -0.088817
718 728 -0.301233
718 818 -0.008032
719 710 -0.646327
719 729 -0.886140
719 819 -1.203022
720 721 0.576514
720 730 2.283778
720 820 -0.687826
721 722 -0.652031
721 731 -0.231840
721 821 0.293183
722 723 0.180898
722 732 -1.044540
722 822 0.494890
723 724 0.162619
723 733 -0.397205
723 823 -1.027290
724 725 1.247496
724 734 1.685960
724 824 0.888668
725 726 -0.593910
725 735 -1.481370
725 825 -1.203902
726 727 -1.374736
726 736 -0.446535
726 826 1.328191
727 728 2.675581
727 737 1.820786
727 827 0.712280
728 729 0.593812
728 738 0.168577
728 828 0.420412
729 720 -0.319954
729 739 1.317756
729 829 0.039971
730 731 1.590692
730 740 0.465971
730 830 0.770517
731 732 -0.697504
731 741 1.002203
731 831 -0.272051
732 733 -0.804998
732 742 -0.926223
732 832 -0.665133
733 734 -0.864247
733 743 0.755930
733 833 1.420047
734 735 -0.694199
734 744 -0.586612
734 834 0.084614
735 736 0.334405
735 745 -0.669881
735 835 -1.637248
736 737 -0.118545
736 746 0.546640
736 836 -0.302567
737 738 0.911291
737 747 1.119520
737 837 0.599021
738 739 -0.634410
738 748 -1.600759
738 838 1.140651
739 730 0.027465
739 749 -0.080675
739 839 0.856672
740 741 -0.026321
740 750 -0.208112
740 840 1.533841
741 742 -0.587374
741 751 0.757121
741 841 -3.046665
742 743 -0.970935
742 752 1.022040
742 842 0.340318
743 744 -0.329895
743 753 -1.017232
743 843 -1.847165
744 745 -0.073503
744 754 -0.561828
744 844 0.703960
745 746 1.694204
745 755 0.083328
745 845 -1.731904
746 747 1.741342
746 756 0.359748
746 846 0.337496
747 748 0.354288
747 757 -0.336228
747 847 -0.818783
748 749 2.046763
748 758 2.062450
748 848 0.026138
749 740 -0.130306
749 759 1.132174
749 849 -1.496248
750 751 -1.833224
750 760 -0.205147
750 850 1.219405
751 752 -1.245546
751 761 -1.171724
751 851 -0.769117
752 753 0.167099
752 762 1.789509
752 852 0.150289
753 754 -0.154111
753 763 -0.707746
753 853 -1.924001
754 755 0.402025
754 764 1.577425
754 854 2.132816
755 756 2.011853
755 765 -0.591724
755 855 0.145387
756 757 -0.532235
756 766 2.401914
756 856 -0.485535
757 758 -0.371402
757 767 1.331381
757 857 1.267759
758 759 -0.795382
758 768 -0.481169
758 858 0.507314
759 750 0.032964
759 769 -2.425870
759 859 0.177945
760 761 -0.357322
760 770 0.195547
760 860 0.489281
761 762 2.542441
761 771 -0.725671
761 861 -0.773832
762 763 1.480333
762 772 -0.342539
762 862 -0.929731
763 764 0.712829
763 773 0.112578
763 863 1.633022
764 765 -0.471429
764 774 -1.998439
764 864 1.172489
765 766 -1.691812
765 775 -0.271789
765 865 0.591856
766 767 -0.105518
766 776 0.174277
766 866 -0.649628
767 768 -0.471895
767 777 1.001767
767 867 0.469695
768 769 -0.070325
768 778 0.373114
768 868 -0.242317
769 760 -0.727286
769 779 -0.217834
769 869 1.155960
770 771 -2.207236
770 780 -1.612633
770 870 -1.101572
771 772 0.386651
771 781 0.527297
771 871 -0.257090
772 773 -2.750544
772 782 -0.440531
772 872 1.527060
773 774 -0.663913
773 783 0.096757
773 873 0.577110
774 775 -0.750281
774 784 -1.392087
774 874 1.609630
775 776 -0.854206
775 785 -1.095645
775 875 0.552442
776 777 0.940027
776 786 0.798619
776 876 -0.979549
777 778 -1.094603
777 787 -0.144082
777 877 1.338647
778 779 -1.184303
778 788 -0.512242
778 878 -0.758252
779 770 -0.884162
779 789 1.761751
779 879 -1.032595
780 781 0.897061
780 790 0.526109
780 880 -0.627425
781 782 1.675147
781 791 -0.373346
781 881 0.608220
782 783 0.064823
782 792 0.035946
782 882 -1.097826
783 784 -0.146965
783 793 1.161641
783 883 -0.633069
784 785 0.033136
784 794 0.271420
784 884 -0.431155
785 786 0.872771
785 795 -1.111827
785 885 1.505112
786 787 1.099634
786 796 -1.149479
786 886 0.868695
787 788 -1.628232
787 797 0.476932
787 887 1.416647
788 789 1.716755
788 798 -0.305192
788 888 -0.520199
789 780 -1.245196
789 799 -1.858408
789 889 -1.002736
790 791 -1.549176
790 700 0.933489
790 890 0.492695
791 792 -0.169679
791 701 0.372843
791 891 0.123139
792 793 1.142767
792 702 1.305290
792 892 1.084946
793 794 -0.879928
793 703 0.090020
793 893 -0.498332
794 795 2.403093
794 704 0.159926
794 894 -0.998201
795 796 0.662693
795 705 -0.604395
795 895 1.591294
796 797 -0.233234
796 706 1.044188
796 896 0.295424
797 798 1.810562
797 707 0.497201
797 897 -2.083552
798 799 -1.558710
798 708 1.013865
798 898 0.925370
799 790 -0.954866
799 709 0.267574
799 899 -2.245984
800 801 -0.132389
800 810 1.458987
800 900 -0.245678
801 802 -0.894268
801 811 -0.467091
801 901 0.961023
802 803 0.143454
802 812 0.971522
802 902 0.272336
803 804 -0.726362
803 813 1.508330
803 903 1.002148
804 805 -0.469114
804 814 -0.348713
804 904 -0.136606
805 806 -0.600421
805 815 -0.410046
805 905 0.683564
806 807 -1.708685
806 816 -0.248721
806 906 0.575908
807 808 1.647922
807 817 -0.996982
807 907 -0.644786
808 809 0.357417
808 818 -1.521734
808 908 1.667205
809 800 -0.283243
809 819 0.128260
809 909 0.911402
810 811 0.347052
810 820 0.142104
810 910 -2.124716
811 812 -1.865768
811 821 -0.187199
811 911 0.253795
812 813 -0.454533
812 822 -1.785239
812 912 2.020078
813 814 -0.540605
813 823 0.994566
813 913 2.421158
814 815 -0.705379
814 824 -0.205149
814 914 -0.055583
815 816 0.165714
815 825 -0.650624
815 915 -0.159863
816 817 0.376962
816 826 0.010276
816 916 0.994140
817 818 1.583306
817 827 0.348475
817 917 0.489321
818 819 -0.797448
818 828 0.112898
818 918 -0.131384
819 810 1.254653
819 829 0.292117
819 919 -0.646648
820 821 0.817995
820 830 0.622212
820 920 0.067596
821 822 1.501315
821 831 1.092029
821 921 0.447489
822 823 -0.584868
822 832 0.183317
822 922 0.668825
823 824 -0.359422
823 833 0.357694
823 923 0.711968
824 825 -0.246745
824 834 -1.594968
824 924 -0.432836
825 826 -0.239082
825 835 1.469909
825 925 1.051722
826 827 -1.069523
826 836 -0.414597
826 926 1.821780
827 828 0.766678
827 837 0.159120
827 927 -0.504136
828 829 -0.828490
828 838 -0.783526
828 928 -0.272367
829 820 -0.971634
829 839 0.210004
829 929 -0.703989
830 831 0.583725
830 840 -0.194755
830 930 -0.751382
831 832 0.899218
831 841 0.733153
831 931 -1.401574
832 833 -1.043847
832 842 2.884778
832 932 -0.321361
833 834 0.653548
833 843 0.272400
833 933 0.579172
834 835 -1.637180
834 844 0.777205
834 934 0.735555
835 836 0.711955
835 845 -0.986632
835 935 0.938468
836 837 -0.803281
836 846 0.501210
836 936 0.316238
837 838 -0.025764
837 847 1.266444
837 937 -0.346699
838 839 2.195171
838 848 0.745168
838 938 -1.537130
839 830 -0.147853
839 849 -0.308272
839 939 -0.309250
840 841 -0.106505
840 850 0.552479
840 940 0.577531
841 842 0.869004
841 851 -0.013416
841 941 -0.452943
842 843 -0.031903
842 852 1.215651
842 942 0.751010
843 844 -0.505987
843 853 0.844778
843 943 0.172907
844 845 0.362621
844 854 -0.657562
844 944 0.754930
845 846 -0.859601
845 855 -0.618010
845 945 1.161159
846 847 -0.184102
846 856 1.213744
846 946 -0.469296
847 848 0.412979
847 857 1.465018
847 947 0.893357
848 849 0.694529
848 858 1.102608
848 948 0.038554
849 840 0.222246
849 859 2.321672
849 949 -1.124942
850 851 -0.957260
850 860 -0.895152
850 950 -1.123535
851 852 -0.016812
851 861 -1.946042
851 951 1.925932
852 853 -0.142782
852 862 0.414927
852 952 -1.585118
853 854 -1.547976
853 863 1.029234
853 953 -1.647209
854 855 -0.614649
854 864 0.043190
854 954 0.369563
855 856 -1.378881
855 865 -1.184702
855 955 -1.432686
856 857 0.500637
856 866 1.131082
856 956 0.019412
857 858 -0.541587
857 867 -0.239052
857 957 -0.049993
858 859 -0.183696
858 868 -0.016343
858 958 -0.174081
859 850 0.011980
859 869 0.014293
859 959 -0.327961
860 861 1.037835
860 870 0.592963
860 960 0.146465
861 862 -0.454449
861 871 -1.164773
861 961 0.529975
862 863 0.916152
862 872 -1.155916
862 962 -0.541786
863 864 0.669033
863 873 -0.392310
863 963 -1.359544
864 865 -0.501998
864 874 -0.806442
864 964 -0.711709
865 866 1.064130
865 875 -0.631973
865 965 0.179767
866 867 1.921452
866 876 0.567581
866 966 0.226047
867 868 -1.733439
867 877 -0.552498
867 967 -1.001352
868 869 0.262271
868 878 0.980638
868 968 0.379030
869 860 -0.430254
869 879 0.973396
869 969 1.235686
870 871 -0.257788
870 880 0.407280
870 970 0.209631
871 872 -0.992441
871 881 1.015577
871 971 -0.253748
872 873 -0.131802
872 882 -0.600645
872 972 2.197075
873 874 -0.254679
873 883 0.517986
873 973 -0.819879
874 875 0.540488
874 884 -1.609566
874 974 -3.078579
875 876 -0.051620
875 885 -1.587321
875 975 0.276568
876 877 -1.301212
876 886 0.742963
876 976 -0.300435
877 878 -0.465593
877 887 -0.084212
877 977 -1.395463
878 879 -0.360367
878 888 -0.295152
878 978 1.245725
879 870 1.061869
879 889 -0.173257
879 979 -0.407624
880 881 0.074980
880 890 0.010169
880 980 1.353726
881 882 0.649756
881 891 2.527983
881 981 -0.395069
882 883 0.053535
882 892 -0.700941
882 982 1.664194
883 884 -1.146415
883 893 -1.137827
883 983 -0.295235
884 885 2.335129
884 894 1.365011
884 984 0.517075
885 886 0.675536
885 895 -1.107807
885 985 -0.696169
886 887 1.507067
886 896 1.447206
886 986 -0.546423
887 888 -0.310447
887 897 0.598144
887 987 -0.565136
888 889 1.407546
888 898 -0.750395
888 988 -0.776479
889 880 -1.925760
889 899 0.709169
889 989 -1.517296
890 891 -0.402356
890 800 0.621781
890 990 -0.628074
891 892 0.978471
891 801 1.432288
891 991 0.060928
892 893 -1.338077
892 802 0.762287
892 992 -0.304389
893 894 -0.584028
893 803 1.133170
893 993 1.006237
894 895 0.983783
894 804 0.482204
894 994 -0.702159
895 896 -0.154741
895 805 0.258044
895 995 2.050243
896 897 -0.965711
896 806 0.791064
896 996 0.345250
897 898 1.019482
897 807 0.213222
897 997 -0.730504
898 899 0.151676
898 808 0.473352
898 998 0.277533
899 890 0.237913
899 809 0.551153
899 999 -1.272253
900 901 0.838544
900 910 0.116934
900 0 1.282518
901 902 -0.156068
901 911 -0.759559
901 1 1.363847
902 903 0.811070
902 912 -0.063432
902 2 1.850803
903 904 -1.786415
903 913 -1.309428
903 3 0.240003
904 905 1.115575
904 914 0.773784
904 4 0.031156
905 906 -0.805025
905 915 -0.283443
905 5 1.139532
906 907 0.768962
906 916 -0.995155
906 6 -0.283453
907 908 -0.068233
907 917 0.760744
907 7 -0.073503
908 909 -0.702872
908 918 -0.605333
908 8 0.230421
909 900 -1.282623
909 919 -0.795678
909 9 0.288722
910 911 -2.619473
910 920 0.032276
910 10 0.011571
911 912 -0.041628
911 921 -0.517570
911 11 1.503997
912 913 -0.333053
912 922 -1.691224
912 12 1.161657
913 914 -0.311124
913 923 1.188471
913 13 -0.444692
914 915 1.689393
914 924 1.145794
914 14 1.350730
915 916 -2.728983
915 925 -2.501956
915 15 2.099987
916 917 0.336724
916 926 -1.141986
916 16 -0.359019
917 918 -0.605866
917 927 0.080986
917 17 0.927946
918 919 -1.278713
918 928 -1.277184
918 18 -1.187901
919 910 1.374625
919 929 -0.998073
919 19 -0.085488
920 921 0.549314
920 930 0.202018
920 20 -0.139960
921 922 0.743422
921 931 -0.894828
921 21 0.331042
922 923 -0.801734
922 932 -1.411795
922 22 -0.099323
923 924 0.350926
923 933 1.539167
923 23 0.064382
924 925 -0.334903
924 934 1.472460
924 24 -1.445074
925 926 -0.020824
925 935 -0.198936
925 25 -0.291569
926 927 -0.071158
926 936 -0.835266
926 26 -1.012809
927 928 0.065678
927 937 -0.463122
927 27 -1.711370
928 929 1.062723
928 938 -0.916527
928 28 2.099664
929 920 -2.425257
929 939 -1.287949
929 29 0.755984
930 931 0.413226
930 940 -0.319087
930 30 -1.238854
931 932 0.617964
931 941 0.076028
931 31 -0.824627
932 933 0.072118
932 942 0.932593
932 32 -0.053398
933 934 -0.848269
933 943 0.835313
933 33 -1.471033
934 935 0.315264
934 944 1.464365
934 34 -0.094481
935 936 1.015520
935 945 -0.349408
935 35 0.543389
936 937 1.351578
936 946 0.325153
936 36 1.258753
937 938 0.540830
937 947 -1.566359
937 37 -0.502893
938 939 0.014279
938 948 -1.133615
938 38 0.475492
939 930 -1.016856
939 949 0.174950
939 39 -1.323347
940 941 -0.956729
940 950 -0.741988
940 40 1.625789
941 942 -0.531865
941 951 -0.967141
941 41 0.638584
942 943 -0.814278
942 952 -1.102644
942 42 -0.707138
943 944 0.226709
943 953 0.819577
943 43 2.469830
944 945 -0.177617
944 954 0.874089
944 44 -1.332265
945 946 1.085471
945 955 0.448202
945 45 -0.117850
946 947 1.304379
946 956 0.071725
946 46 -0.904908
947 948 0.287487
947 957 0.283084
947 47 0.538031
948 949 -0.536316
948 958 0.474306
948 48 0.583889
949 940 -0.969844
949 959 1.434090
949 49 2.788102
950 951 -0.270645
950 960 1.147952
950 50 -0.085874
951 952 1.536847
951 961 0.396981
951 51 0.354217
952 953 0.028399
952 962 2.395503
952 52 -1.537833
953 954 -0.648245
953 963 -0.734681
953 53 0.224213
954 955 0.857349
954 964 -0.084677
954 54 -0.073550
955 956 0.989458
955 965 0.222128
955 55 -0.504690
956 957 -0.843480
956 966 -0.700430
956 56 -0.483058
957 958 1.446991
957 967 -1.368508
957 57 -0.441324
958 959 0.811741
958 968 1.622684
958 58 -1.415339
959 950 -0.125449
959 969 0.453292
959 59 -0.608552
960 961 -1.020103
960 970 -0.485462
960 60 -0.535324
961 962 -0.705686
961 971 -0.715771
961 61 -1.147311
962 963 1.943864
962 972 1.083227
962 62 -1.194583
963 964 -0.302980
963 973 0.996743
963 63 -1.013430
964 965 0.123290
964 974 0.520621
964 64 0.448906
965 966 1.348181
965 975 0.091463
965 65 -1.204907
966 967 -0.724704
966 976 -0.039731
966 66 -1.138362
967 968 1.375048
967 977 -0.600382
967 67 1.059442
968 969 -1.135582
968 978 1.129665
968 68 0.493295
969 960 1.006110
969 979 -0.525536
969 69 0.233826
970 971 -0.883860
970 980 -0.252274
970 70 0.256718
971 972 -0.166884
971 981 1.119250
971 71 -0.014700
972 973 0.510273
972 982 0.779281
972 72 0.834333
973 974 -0.315988
973 983 -1.310799
973 73 -0.609476
974 975 -0.220346
974 984 0.386562
974 74 0.290529
975 976 0.934472
975 985 0.663138
975 75 0.610136
976 977 0.541121
976 986 -0.726962
976 76 -2.961627
977 978 0.319164
977 987 -0.915685
977 77 0.070182
978 979 -0.073085
978 988 -1.276197
978 78 -0.068680
979 970 -0.149051
979 989 0.372588
979 79 -0.054476
980 981 0.550350
980 990 1.458446
980 80 0.624009
981 982 0.310046
981 991 -0.201635
981 81 0.758344
982 983 0.353368
982 992 -0.544372
982 82 -1.988032
983 984 0.929708
983 993 1.398921
983 83 0.538678
984 985 -0.864716
984 994 -0.196459
984 84 -0.079374
985 986 0.318242
985 995 -0.412134
985 85 0.385703
986 987 0.190781
986 996 1.005352
986 86 -0.540924
987 988 -0.712798
987 997 -0.609957
987 87 0.596604
988 989 -1.276779
988 998 -1.111003
988 88 0.132290
989 980 0.206897
989 999 -0.078358
989 89 0.051969
990 991 0.956355
990 900 1.930924
990 90 0.052516
991 992 -0.450423
991 901 0.775063
991 91 -2.128654
992 993 0.442717
992 902 0.364727
992 92 0.781375
993 994 -1.602103
993 903 0.596408
993 93 0.258767
994 995 -1.193921
994 904 -0.803872
994 94 1.302141
995 996 0.100784
995 905 -0.755328
995 95 0.212856
996 997 0.604208
996 906 -1.597913
996 96 0.534355
997 998 -0.429706
997 907 -0.249888
997 97 -0.033250
998 999 0.287236
998 908 -0.496465
998 98 0.386628
999 990 1.405678
999 909 -0.545376
999 99 -1.535946
