0 1 -1.373140
0 10 2.547655
0 100 -1.333615
1 2 1.122589
1 11 -0.045256
1 101 -0.510865
2 3 0.860773
2 12 0.002337
2 102 1.006712
3 4 1.883124
3 13 -1.016349
3 103 -0.527487
4 5 -0.336820
4 14 -0.784121
4 104 0.422852
5 6 0.831791
5 15 0.528623
5 105 -0.596479
6 7 -1.461986
6 16 -0.107311
6 106 0.639114
7 8 -0.590617
7 17 -1.064571
7 107 -0.904408
8 9 -0.725945
8 18 -0.393414
8 108 -0.717181
9 0 0.215815
9 19 1.347956
9 109 0.628408
10 11 0.046215
10 20 0.494142
10 110 1.568317
11 12 -0.648713
11 21 -0.751753
11 111 -0.106043
12 13 -1.848184
12 22 0.507076
12 112 -0.288623
13 14 0.460289
13 23 0.671660
13 113 -1.287089
14 15 1.392903
14 24 1.146011
14 114 0.486850
15 16 -0.242295
15 25 1.205627
15 115 -1.749757
16 17 0.694833
16 26 -0.132599
16 116 -0.137354
17 18 -1.147589
17 27 1.785027
17 117 1.278608
18 19 1.460344
18 28 0.302433
18 118 -0.706156
19 10 0.879332
19 29 -0.792569
19 119 1.245734
20 21 0.235601
20 30 2.253491
20 120 -0.923344
21 22 -0.227244
21 31 0.232620
21 121 1.386193
22 23 1.410659
22 32 -1.751365
22 122 0.210222
23 24 1.254223
23 33 -0.033662
23 123 0.753241
24 25 0.456104
24 34 0.521259
24 124 -0.465954
25 26 -0.278998
25 35 2.395472
25 125 0.894035
26 27 1.070116
26 36 -0.125110
26 126 -1.012766
27 28 -0.940054
27 37 0.229386
27 127 -1.351441
28 29 0.075406
28 38 0.005578
28 128 0.711274
29 20 -0.896485
29 39 -0.706809
29 129 0.071197
30 31 0.514305
30 40 0.883089
30 130 0.588974
31 32 -0.159237
31 41 1.066456
31 131 0.105396
32 33 -0.570274
32 42 -0.192490
32 132 0.899912
33 34 0.722296
33 43 0.188214
33 133 -0.894676
34 35 -0.123936
34 44 -0.595770
34 134 1.152381
35 36 -0.040299
35 45 -1.952053
35 135 -1.770038
36 37 0.087997
36 46 1.012158
36 136 -0.176350
37 38 -0.446105
37 47 1.495210
37 137 0.204958
38 39 0.186323
38 48 0.932722
38 138 -0.474051
39 30 -0.593038
39 49 0.242379
39 139 1.111781
40 41 2.597581
40 50 0.058967
40 140 -0.119732
41 42 0.296339
41 51 -0.818811
41 141 0.065805
42 43 -0.338636
42 52 1.364823
42 142 1.092304
43 44 -0.971346
43 53 0.156441
43 143 0.059262
44 45 0.745400
44 54 2.493396
44 144 0.023828
45 46 -0.204722
45 55 0.283466
45 145 0.458470
46 47 1.017931
46 56 -0.149954
46 146 -0.703108
47 48 0.645453
47 57 -0.640388
47 147 0.148323
48 49 -0.334827
48 58 0.358781
48 148 0.020571
49 40 0.007118
49 59 1.696913
49 149 -1.339931
50 51 -0.579069
50 60 -0.571900
50 150 -1.913037
51 52 -0.062116
51 61 0.195455
51 151 0.551371
52 53 -1.413922
52 62 -0.310694
52 152 1.019738
53 54 -0.116376
53 63 1.613091
53 153 0.562700
54 55 -0.502002
54 64 -0.267333
54 154 -0.405937
55 56 2.248584
55 65 -0.374165
55 155 -0.939305
56 57 2.171244
56 66 -0.673874
56 156 -1.590331
57 58 0.574939
57 67 -2.045764
57 157 -0.259239
58 59 -0.184544
58 68 -0.894624
58 158 0.260918
59 50 0.491603
59 69 -0.554018
59 159 -0.600603
60 61 -0.078995
60 70 -0.254569
60 160 -1.262094
61 62 -0.975003
61 71 -0.205721
61 161 0.194464
62 63 0.485383
62 72 -0.304235
62 162 -0.440562
63 64 0.290521
63 73 0.307574
63 163 -0.889386
64 65 0.886136
64 74 -1.659855
64 164 -0.789869
65 66 -1.584825
65 75 -1.971023
65 165 0.257066
66 67 -0.961963
66 76 1.773189
66 166 -0.370540
67 68 -0.865862
67 77 -1.285508
67 167 -0.418893
68 69 0.916031
68 78 0.503081
68 168 -0.911407
69 60 1.167598
69 79 0.424185
69 169 0.681992
70 71 0.198728
70 80 -0.090962
70 170 0.286357
71 72 -1.073881
71 81 0.105548
71 171 -0.274205
72 73 -0.093367
72 82 -0.135032
72 172 -1.887566
73 74 -0.236163
73 83 0.000605
73 173 0.680842
74 75 1.785777
74 84 -1.706645
74 174 -0.353610
75 76 1.062640
75 85 0.599218
75 175 0.803743
76 77 -0.649454
76 86 -2.453118
76 176 0.785789
77 78 0.501298
77 87 0.217027
77 177 0.832407
78 79 -1.442749
78 88 1.021411
78 178 0.457470
79 70 0.232789
79 89 0.484021
79 179 -0.387209
80 81 -0.734907
80 90 -2.468483
80 180 0.586217
81 82 1.267177
81 91 0.208979
81 181 0.483512
82 83 -0.855358
82 92 0.898732
82 182 -0.286603
83 84 0.340683
83 93 -0.975104
83 183 0.880868
84 85 -1.124117
84 94 -0.938693
84 184 1.005779
85 86 -0.086442
85 95 1.555105
85 185 1.385114
86 87 0.615126
86 96 0.108407
86 186 -0.715577
87 88 2.624693
87 97 0.181835
87 187 -1.305483
88 89 -0.347312
88 98 0.925400
88 188 -0.837877
89 80 1.629487
89 99 -0.741292
89 189 1.527253
90 91 1.509623
90 0 1.184252
90 190 1.549712
91 92 -1.056679
91 1 -0.160297
91 191 0.807286
92 93 0.736486
92 2 -0.409431
92 192 -0.548553
93 94 0.743762
93 3 1.274339
93 193 -1.129522
94 95 0.751537
94 4 1.368979
94 194 -0.810287
95 96 -0.891627
95 5 0.056424
95 195 -0.622750
96 97 -0.219584
96 6 0.087442
96 196 -0.515456
97 98 0.588344
97 7 -0.748908
97 197 -0.815260
98 99 0.905475
98 8 -0.826587
98 198 -0.049000
99 90 1.245563
99 9 1.037834
99 199 0.272263
100 101 -0.102441
100 110 -0.945058
100 200 -0.505911
101 102 0.368584
101 111 -0.437996
101 201 0.288558
102 103 -0.250206
102 112 -0.407141
102 202 0.576427
103 104 0.265078
103 113 -0.518588
103 203 -1.813985
104 105 -0.246052
104 114 1.204766
104 204 0.368042
105 106 -0.777461
105 115 -1.880598
105 205 0.554798
106 107 -1.862650
106 116 -1.084535
106 206 -1.468238
107 108 -0.160932
107 117 0.443575
107 207 -1.675516
108 109 -0.636158
108 118 0.583881
108 208 -1.971034
109 100 -1.116350
109 119 0.183878
109 209 0.041801
110 111 0.938569
110 120 -0.150752
110 210 1.597247
111 112 -1.139579
111 121 1.683623
111 211 -0.332384
112 113 0.994779
112 122 0.134509
112 212 -1.632263
113 114 -0.534947
113 123 -0.289394
113 213 1.252634
114 115 -0.418201
114 124 0.102821
114 214 0.207655
115 116 -1.641158
115 125 -0.029479
115 215 2.485834
116 117 -0.773737
116 126 1.567771
116 216 0.264052
117 118 -0.424578
117 127 1.895081
117 217 0.493493
118 119 -0.056817
118 128 0.368132
118 218 0.087487
119 110 0.364982
119 129 -1.210758
119 219 1.017707
120 121 -0.033058
120 130 0.225223
120 220 -0.551102
121 122 -0.349768
121 131 -0.103613
121 221 -0.068507
122 123 -0.207599
122 132 1.368480
122 222 -0.689806
123 124 1.047393
123 133 -0.292860
123 223 -1.327930
124 125 -2.183842
124 134 0.408510
124 224 0.451127
125 126 1.758479
125 135 0.567372
125 225 0.408290
126 127 -1.205637
126 136 -0.654106
126 226 -0.760054
127 128 -0.762366
127 137 -0.864963
127 227 1.109873
128 129 -0.592506
128 138 0.917410
128 228 -2.181031
129 120 -0.957760
129 139 0.988664
129 229 -1.763435
130 131 -0.708749
130 140 1.951081
130 230 0.391971
131 132 0.996999
131 141 -0.317099
131 231 -0.552612
132 133 -0.220554
132 142 -0.070815
132 232 0.838288
133 134 1.211815
133 143 0.056986
133 233 0.015439
134 135 0.351363
134 144 1.265497
134 234 -0.042421
135 136 0.113703
135 145 -1.223573
135 235 0.875836
136 137 1.325596
136 146 -0.217540
136 236 0.935754
137 138 -0.313920
137 147 -0.534672
137 237 -0.721166
138 139 0.260019
138 148 -0.172182
138 238 -0.303040
139 130 0.610599
139 149 -0.185790
139 239 -0.540439
140 141 0.288505
140 150 -0.340137
140 240 2.753460
141 142 -1.449350
141 151 -0.296853
141 241 -1.807481
142 143 -1.538438
142 152 -0.243476
142 242 0.249951
143 144 -0.195135
143 153 -0.260978
143 243 0.604417
144 145 0.678962
144 154 0.610437
144 244 -1.167057
145 146 0.632980
145 155 1.309205
145 245 1.392067
146 147 0.892663
146 156 0.231474
146 246 0.951497
147 148 0.127809
147 157 -0.607026
147 247 -1.083320
148 149 -0.149640
148 158 0.529404
148 248 1.513700
149 140 0.535661
149 159 -0.889486
149 249 -1.396313
150 151 0.376862
150 160 -0.610157
150 250 -0.329982
151 152 -0.222623
151 161 -0.340877
151 251 0.387573
152 153 -0.908270
152 162 1.665353
152 252 1.557866
153 154 1.757306
153 163 -2.693249
153 253 -1.015157
154 155 0.582485
154 164 -0.127038
154 254 1.050534
155 156 -0.573836
155 165 1.017562
155 255 -0.747706
156 157 -0.716118
156 166 -0.790438
156 256 -1.058429
157 158 -0.404708
157 167 -0.387378
157 257 0.835751
158 159 0.221397
158 168 -0.796038
158 258 -0.076584
159 150 -0.426506
159 169 -0.744895
159 259 -1.097915
160 161 0.582787
160 170 -0.071308
160 260 -1.638763
161 162 -0.476814
161 171 -0.377983
161 261 -0.261144
162 163 -0.372274
162 172 -1.096490
162 262 0.778345
163 164 -1.278398
163 173 1.047159
163 263 0.395235
164 165 -1.745081
164 174 -0.044337
164 264 -0.720848
165 166 -0.597328
165 175 0.316171
165 265 0.723294
166 167 1.290222
166 176 -1.169534
166 266 -0.026516
167 168 0.081605
167 177 2.242770
167 267 1.330187
168 169 -0.775078
168 178 0.190217
168 268 0.288240
169 160 -0.569926
169 179 -1.392105
169 269 -0.133030
170 171 1.470506
170 180 0.612984
170 270 -0.375964
171 172 0.527091
171 181 -0.910386
171 271 -0.450436
172 173 -0.979968
172 182 1.463197
172 272 -0.655724
173 174 -0.960344
173 183 0.553683
173 273 -0.865851
174 175 -0.307628
174 184 -0.046374
174 274 -1.296384
175 176 -0.586043
175 185 0.151299
175 275 0.709574
176 177 1.209853
176 186 -0.628796
176 276 -0.763975
177 178 -1.394725
177 187 0.991709
177 277 -0.369005
178 179 0.524185
178 188 -0.045776
178 278 -2.376359
179 170 -0.222712
179 189 1.539541
179 279 0.526954
180 181 -1.488358
180 190 -0.586365
180 280 1.971130
181 182 0.155901
181 191 0.851094
181 281 -0.537993
182 183 1.890908
182 192 -0.901764
182 282 -0.831703
183 184 -0.039096
183 193 0.301322
183 283 0.436295
184 185 0.462608
184 194 1.821231
184 284 -0.101752
185 186 1.629684
185 195 -1.108959
185 285 0.465831
186 187 -0.853566
186 196 -1.179120
186 286 0.212365
187 188 -0.027394
187 197 0.059493
187 287 -1.485471
188 189 1.051036
188 198 -1.071977
188 288 0.618773
189 180 0.914388
189 199 -1.011737
189 289 -2.147929
190 191 0.968862
190 100 -0.820660
190 290 0.825550
191 192 1.370074
191 101 -1.366971
191 291 -0.713132
192 193 -0.824582
192 102 -0.212134
192 292 0.113322
193 194 -1.400144
193 103 -0.499656
193 293 0.723295
194 195 -0.282971
194 104 -1.887538
194 294 1.933489
195 196 0.878423
195 105 0.582887
195 295 1.121188
196 197 0.178671
196 106 -1.412413
196 296 0.168097
197 198 1.247418
197 107 -0.387181
197 297 -0.270423
198 199 -1.265280
198 108 0.940581
198 298 -1.079168
199 190 -0.050086
199 109 -0.109960
199 299 0.676492
200 201 -0.284042
200 210 1.525954
200 300 -0.468854
201 202 -0.279457
201 211 0.002915
201 301 0.375294
202 203 0.699785
202 212 -1.461188
202 302 -0.419018
203 204 -0.424476
203 213 0.880382
203 303 0.219934
204 205 -0.915719
204 214 0.121778
204 304 0.054076
205 206 0.595621
205 215 0.287088
205 305 -0.407480
206 207 -0.583978
206 216 0.425655
206 306 0.701133
207 208 0.819337
207 217 1.798369
207 307 0.687126
208 209 -0.819670
208 218 2.003278
208 308 1.661992
209 200 -0.925973
209 219 -1.158531
209 309 -0.918498
210 211 -0.171916
210 220 -0.523266
210 310 -1.120531
211 212 0.059541
211 221 0.316043
211 311 1.183859
212 213 -2.593769
212 222 -1.760234
212 312 1.325137
213 214 0.900529
213 223 0.883564
213 313 1.159910
214 215 0.682514
214 224 -1.036368
214 314 -1.183739
215 216 0.404798
215 225 1.912047
215 315 0.666483
216 217 -0.479348
216 226 0.430166
216 316 1.177757
217 218 0.295604
217 227 2.030048
217 317 -0.374291
218 219 1.165162
218 228 -1.521106
218 318 0.894288
219 210 -1.037540
219 229 0.690882
219 319 -0.040558
220 221 0.085122
220 230 -0.481053
220 320 0.458622
221 222 -1.818364
221 231 0.708611
221 321 0.356171
222 223 -0.255954
222 232 1.847890
222 322 0.346299
223 224 -0.191748
223 233 -0.233786
223 323 -0.422924
224 225 -0.164929
224 234 -0.871950
224 324 -0.002089
225 226 -1.219679
225 235 -1.288231
225 325 1.284890
226 227 -1.581046
226 236 -1.126775
226 326 -0.788783
227 228 0.144421
227 237 0.200632
227 327 -0.893153
228 229 -0.257810
228 238 -0.260895
228 328 -1.223253
229 220 -0.361309
229 239 -0.713844
229 329 0.047082
230 231 0.172732
230 240 -0.392657
230 330 -1.062641
231 232 1.637120
231 241 0.670723
231 331 0.554048
232 233 2.492287
232 242 -1.002716
232 332 0.591586
233 234 0.367933
233 243 0.628141
233 333 1.851018
234 235 -0.531413
234 244 0.283130
234 334 -0.084078
235 236 0.668283
235 245 0.912073
235 335 0.390240
236 237 -0.733829
236 246 0.138285
236 336 1.543243
237 238 -0.172989
237 247 -3.508596
237 337 0.034803
238 239 0.019802
238 248 -2.022992
238 338 -0.094673
239 230 -1.240240
239 249 3.312331
239 339 -0.104780
240 241 0.039722
240 250 -1.272330
240 340 0.504479
241 242 1.057353
241 251 -1.710483
241 341 -0.320770
242 243 -1.283578
242 252 -0.538330
242 342 0.187402
243 244 0.463216
243 253 0.254740
243 343 -0.697868
244 245 -0.528228
244 254 0.449424
244 344 -0.413377
245 246 -1.561618
245 255 0.208488
245 345 -0.197515
246 247 1.062277
246 256 -0.188641
246 346 -0.672831
247 248 -0.685899
247 257 -0.124246
247 347 0.294747
248 249 -0.157456
248 258 -0.791155
248 348 -2.731591
249 240 0.675657
249 259 0.433451
249 349 0.834307
250 251 -1.013204
250 260 0.921699
250 350 -0.163571
251 252 -0.652988
251 261 -0.076905
251 351 0.560352
252 253 -0.680996
252 262 -0.301294
252 352 1.815738
253 254 0.999198
253 263 1.620475
253 353 -1.884322
254 255 0.010840
254 264 0.050021
254 354 0.231413
255 256 -1.142289
255 265 -2.298224
255 355 -0.810720
256 257 -0.903936
256 266 -0.922269
256 356 -0.572115
257 258 -1.365438
257 267 1.002785
257 357 -1.359755
258 259 -0.728307
258 268 -2.291177
258 358 1.959890
259 250 0.549732
259 269 -1.461073
259 359 -0.384748
260 261 2.020803
260 270 0.314728
260 360 0.830175
261 262 -1.861932
261 271 0.312673
261 361 0.581667
262 263 -0.602724
262 272 -0.157876
262 362 0.280554
263 264 1.376466
263 273 -1.561209
263 363 2.298276
264 265 0.746542
264 274 0.115272
264 364 0.253154
265 266 0.326074
265 275 -1.059610
265 365 0.686007
266 267 0.019074
266 276 -3.042632
266 366 1.122264
267 268 1.700369
267 277 -0.433375
267 367 -0.295412
268 269 -2.348613
268 278 0.398622
268 368 -0.204297
269 260 0.519318
269 279 0.079384
269 369 -0.917950
270 271 0.381035
270 280 -0.007998
270 370 -1.517341
271 272 0.043466
271 281 0.690272
271 371 0.121120
272 273 2.219612
272 282 -1.230745
272 372 -0.184249
273 274 -1.056972
273 283 0.468667
273 373 1.587025
274 275 -0.519527
274 284 1.198218
274 374 0.912587
275 276 0.260285
275 285 -0.833676
275 375 -1.005071
276 277 -0.326265
276 286 0.642588
276 376 -1.724854
277 278 0.189428
277 287 0.030727
277 377 -0.636677
278 279 -0.189914
278 288 -0.782759
278 378 -0.931350
279 270 1.799471
279 289 -0.741267
279 379 0.596722
280 281 -0.047473
280 290 0.923795
280 380 -0.444103
281 282 0.350194
281 291 0.124018
281 381 1.121903
282 283 -0.330403
282 292 -0.384290
282 382 -0.936255
283 284 0.012201
283 293 1.765150
283 383 -0.345607
284 285 1.557843
284 294 0.977942
284 384 -1.054856
285 286 0.285590
285 295 0.053743
285 385 0.340184
286 287 0.262063
286 296 -0.922406
286 386 0.832944
287 288 -0.623679
287 297 -0.936318
287 387 2.063094
288 289 0.531897
288 298 1.172884
288 388 -0.885971
289 280 0.679683
289 299 0.760453
289 389 -0.831690
290 291 0.137304
290 200 -0.559597
290 390 -0.893256
291 292 -1.038630
291 201 0.527606
291 391 -0.087144
292 293 1.263880
292 202 -0.172492
292 392 -0.659588
293 294 0.648717
293 203 1.825066
293 393 -1.171801
294 295 -0.405275
294 204 -0.633820
294 394 -1.599174
295 296 -1.613704
295 205 0.579500
295 395 0.829734
296 297 -0.745845
296 206 -0.382553
296 396 -0.630363
297 298 -0.147906
297 207 -1.271418
297 397 0.616774
298 299 0.461680
298 208 0.835254
298 398 -1.456794
299 290 0.570764
299 209 -1.445720
299 399 0.784502
300 301 -0.590605
300 310 -1.075863
300 400 -0.962445
301 302 -0.299045
301 311 -0.743922
301 401 -0.075953
302 303 0.496467
302 312 1.338079
302 402 -2.084441
303 304 -1.039631
303 313 0.016348
303 403 0.711590
304 305 -0.656144
304 314 -0.427727
304 404 1.475077
305 306 0.425010
305 315 -0.356216
305 405 -0.972290
306 307 0.301863
306 316 -0.491899
306 406 -0.085085
307 308 0.437446
307 317 -1.531210
307 407 0.517178
308 309 1.076504
308 318 1.658636
308 408 -1.384225
309 300 1.084094
309 319 -0.805190
309 409 -0.151813
310 311 -0.852500
310 320 0.680745
310 410 2.134766
311 312 -0.779957
311 321 -0.666985
311 411 -0.203489
312 313 0.820191
312 322 -1.552083
312 412 -1.177780
313 314 0.151995
313 323 0.026695
313 413 -0.063320
314 315 1.157480
314 324 -2.587695
314 414 0.629032
315 316 0.675215
315 325 -0.905514
315 415 2.270726
316 317 -0.834599
316 326 0.322618
316 416 -0.533209
317 318 0.728897
317 327 -0.004694
317 417 -0.318862
318 319 0.291629
318 328 0.221837
318 418 -0.011452
319 310 0.536344
319 329 0.062652
319 419 -0.138767
320 321 1.448489
320 330 1.321262
320 420 -1.239368
321 322 0.632483
321 331 -1.568564
321 421 1.290462
322 323 0.648406
322 332 0.007707
322 422 1.158419
323 324 -0.250931
323 333 -0.101319
323 423 0.294116
324 325 -0.675880
324 334 -0.218813
324 424 -0.899412
325 326 1.860069
325 335 0.061357
325 425 -0.147195
326 327 -1.135127
326 336 1.278925
326 426 1.641133
327 328 -0.075838
327 337 0.785688
327 427 -0.639465
328 329 1.702314
328 338 0.544314
328 428 0.545944
329 320 -1.031566
329 339 -1.842045
329 429 0.769737
330 331 -0.517083
330 340 -0.017259
330 430 0.570448
331 332 -0.398316
331 341 0.083951
331 431 0.362334
332 333 1.118351
332 342 0.714252
332 432 1.478568
333 334 -1.869108
333 343 -1.512750
333 433 0.867962
334 335 0.716283
334 344 -0.373006
334 434 1.285510
335 336 -0.362617
335 345 -1.412254
335 435 1.478536
336 337 0.143671
336 346 -0.676847
336 436 -0.659606
337 338 -0.870041
337 347 0.589862
337 437 -0.020882
338 339 -0.118497
338 348 -0.593305
338 438 1.155007
339 330 0.345234
339 349 1.254874
339 439 -0.369703
340 341 -0.510358
340 350 -0.793924
340 440 -0.219812
341 342 -0.148452
341 351 -1.324756
341 441 -0.435295
342 343 0.955002
342 352 -0.970438
342 442 -1.425776
343 344 0.226102
343 353 0.307080
343 443 0.858318
344 345 0.473960
344 354 -0.037115
344 444 0.637130
345 346 0.465632
345 355 -0.427829
345 445 1.173164
346 347 -1.104035
346 356 -0.022611
346 446 1.936747
347 348 -0.304035
347 357 -0.906634
347 447 1.235589
348 349 -0.366558
348 358 0.378807
348 448 0.745158
349 340 -0.419274
349 359 1.302888
349 449 1.058230
350 351 0.424316
350 360 -0.244907
350 450 1.544525
351 352 -1.318419
351 361 -0.368917
351 451 1.535616
352 353 -0.188013
352 362 -1.840820
352 452 0.221029
353 354 -0.617533
353 363 0.944340
353 453 -0.786282
354 355 -0.115976
354 364 -0.292605
354 454 2.060265
355 356 -2.428178
355 365 -0.513632
355 455 -0.576566
356 357 -0.675448
356 366 -0.519411
356 456 -0.145919
357 358 1.013240
357 367 -0.804405
357 457 -1.323208
358 359 1.083798
358 368 -0.645167
358 458 1.573560
359 350 0.961829
359 369 -0.887532
359 459 0.250048
360 361 -0.071991
360 370 0.461559
360 460 -0.367743
361 362 0.419370
361 371 1.630578
361 461 1.072422
362 363 1.373314
362 372 -1.310163
362 462 0.674101
363 364 -2.679521
363 373 0.183467
363 463 1.266824
364 365 0.282684
364 374 0.345572
364 464 2.476662
365 366 -0.373204
365 375 0.241560
365 465 -0.301719
366 367 0.873430
366 376 0.426299
366 466 -1.055460
367 368 -0.024406
367 377 -0.639061
367 467 -1.265120
368 369 0.481535
368 378 1.085366
368 468 0.215518
369 360 1.030515
369 379 0.922748
369 469 -0.803474
370 371 1.078043
370 380 0.153264
370 470 1.180703
371 372 -0.164897
371 381 1.675826
371 471 -0.348400
372 373 0.219437
372 382 0.669225
372 472 -0.456917
373 374 0.780370
373 383 -1.434412
373 473 1.516244
374 375 -0.686355
374 384 0.499813
374 474 0.788732
375 376 0.318075
375 385 1.684695
375 475 0.688540
376 377 1.370367
376 386 0.248486
376 476 0.160966
377 378 -1.612406
377 387 2.162658
377 477 -1.254334
378 379 0.193551
378 388 -0.202287
378 478 -0.763970
379 370 -0.882243
379 389 0.727571
379 479 -1.232281
380 381 0.810988
380 390 -0.539897
380 480 2.004669
381 382 -0.458455
381 391 0.644933
381 481 -0.647676
382 383 1.260799
382 392 -0.031909
382 482 -1.934559
383 384 -0.791441
383 393 0.637890
383 483 -0.579809
384 385 -0.625901
384 394 1.504019
384 484 1.918627
385 386 1.246643
385 395 1.013849
385 485 -1.419171
386 387 -1.176302
386 396 -0.005258
386 486 0.596902
387 388 -1.760343
387 397 -1.688361
387 487 1.229592
388 389 2.400509
388 398 -0.732847
388 488 -0.777069
389 380 -2.218029
389 399 -0.496446
389 489 -0.944831
390 391 0.634226
390 300 1.844928
390 490 -0.775996
391 392 1.620889
391 301 0.435431
391 491 -2.186124
392 393 0.967272
392 302 -0.099158
392 492 -0.098083
393 394 -0.291666
393 303 -0.693415
393 493 -1.008594
394 395 -1.001417
394 304 1.692376
394 494 -0.253913
395 396 0.169987
395 305 -0.091900
395 495 2.148477
396 397 1.518172
396 306 0.477515
396 496 0.824644
397 398 0.034858
397 307 1.503363
397 497 1.580144
398 399 -0.707379
398 308 1.059057
398 498 0.847906
399 390 -2.089408
399 309 -0.345600
399 499 -1.553217
400 401 0.125684
400 410 1.237394
400 500 -1.222780
401 402 -0.882343
401 411 0.926854
401 501 -0.550360
402 403 -0.663368
402 412 0.618230
402 502 0.218682
403 404 0.022538
403 413 -0.966882
403 503 -1.110424
404 405 2.017619
404 414 -2.787056
404 504 1.020286
405 406 1.489771
405 415 -1.319821
405 505 -1.301223
406 407 0.641934
406 416 1.019793
406 506 0.121105
407 408 -1.131198
407 417 -0.730922
407 507 -0.881311
408 409 1.870755
408 418 -0.896019
408 508 -1.343417
409 400 -0.336657
409 419 1.671208
409 509 2.987104
410 411 0.098215
410 420 -0.340162
410 510 0.424037
411 412 -1.709875
411 421 -1.110176
411 511 -0.540424
412 413 -2.072491
412 422 -2.376481
412 512 -0.177624
413 414 -2.025291
413 423 -1.396292
413 513 0.229332
414 415 0.195265
414 424 -0.857106
414 514 -0.597728
415 416 0.599850
415 425 0.878699
415 515 -1.721213
416 417 0.553186
416 426 -0.281517
416 516 -0.266609
417 418 0.806228
417 427 -0.325966
417 517 0.570911
418 419 0.378500
418 428 0.526123
418 518 -0.887826
419 410 -0.209060
419 429 1.020747
419 519 1.335582
420 421 0.614557
420 430 -0.400282
420 520 0.041438
421 422 0.311383
421 431 0.948277
421 521 0.815560
422 423 0.279077
422 432 0.076427
422 522 0.219862
423 424 2.002079
423 433 0.354889
423 523 0.239835
424 425 -0.004180
424 434 -1.028634
424 524 0.193701
425 426 -0.476086
425 435 0.701021
425 525 -0.811299
426 427 -0.450711
426 436 2.339684
426 526 -0.554775
427 428 -0.215097
427 437 1.039897
427 527 0.125195
428 429 1.037603
428 438 1.373451
428 528 2.903839
429 420 1.189163
429 439 -1.657439
429 529 0.513936
430 431 1.480775
430 440 -0.052843
430 530 -1.729392
431 432 -0.619745
431 441 0.319132
431 531 -0.868439
432 433 -0.138118
432 442 1.194623
432 532 -0.634349
433 434 -1.300199
433 443 -0.251282
433 533 0.072287
434 435 0.103824
434 444 0.700009
434 534 -0.680538
435 436 0.817535
435 445 -0.132466
435 535 -1.053804
436 437 0.779870
436 446 -0.439813
436 536 -0.735104
437 438 -1.427562
437 447 2.263993
437 537 0.250379
438 439 0.367523
438 448 0.244873
438 538 2.069822
439 430 1.272233
439 449 0.074679
439 539 -1.674406
440 441 -1.339003
440 450 -1.460858
440 540 -1.871423
441 442 0.844440
441 451 0.882003
441 541 0.465147
442 443 1.298314
442 452 1.024589
442 542 -0.571882
443 444 -1.312311
443 453 -0.705494
443 543 0.556690
444 445 -0.836466
444 454 -0.976870
444 544 -0.477541
445 446 -0.655487
445 455 1.338856
445 545 1.599165
446 447 -0.896935
446 456 0.026253
446 546 1.162452
447 448 1.124743
447 457 0.229309
447 547 -0.344816
448 449 -0.560099
448 458 -0.353105
448 548 -0.304358
449 440 0.185905
449 459 -0.261702
449 549 -1.482694
450 451 0.305704
450 460 0.478354
450 550 0.412856
451 452 -0.439693
451 461 -0.918379
451 551 -1.051271
452 453 -0.468180
452 462 0.100290
452 552 0.437221
453 454 -0.363672
453 463 0.001162
453 553 -0.984476
454 455 -2.885172
454 464 -1.025698
454 554 -1.213221
455 456 -1.078967
455 465 0.445019
455 555 -0.936101
456 457 0.204642
456 466 0.690559
456 556 -1.613958
457 458 -1.668593
457 467 0.867063
457 557 0.308090
458 459 -0.608312
458 468 0.203023
458 558 0.738081
459 450 1.514493
459 469 1.039881
459 559 -0.897866
460 461 -0.875120
460 470 1.115476
460 560 -0.487349
461 462 0.145024
461 471 -0.894175
461 561 1.467601
462 463 -0.904320
462 472 0.027604
462 562 1.001828
463 464 -1.467929
463 473 1.161378
463 563 -1.074685
464 465 0.837015
464 474 -0.021226
464 564 -0.153490
465 466 -1.052662
465 475 0.168941
465 565 1.531903
466 467 0.595323
466 476 0.977545
466 566 0.176410
467 468 -0.418561
467 477 0.198543
467 567 -0.678992
468 469 -1.416613
468 478 0.454221
468 568 -0.272617
469 460 0.478700
469 479 0.554274
469 569 -0.332948
470 471 0.382382
470 480 2.008797
470 570 0.291131
471 472 0.193865
471 481 -1.465407
471 571 -2.204550
472 473 -0.037867
472 482 -0.157030
472 572 0.555560
473 474 -1.489195
473 483 -0.438875
473 573 0.460119
474 475 0.433768
474 484 -0.048182
474 574 -2.054002
475 476 0.673811
475 485 0.344581
475 575 0.356589
476 477 1.283774
476 486 -0.026275
476 576 1.857186
477 478 -0.666592
477 487 -2.662505
477 577 2.182212
478 479 0.390867
478 488 1.078137
478 578 -1.136106
479 470 -0.929580
479 489 1.239862
479 579 1.236864
480 481 -0.766649
480 490 0.521533
480 580 -0.428974
481 482 1.829173
481 491 0.008729
481 581 -1.113049
482 483 -0.523932
482 492 -1.600451
482 582 -1.413455
483 484 -1.151220
483 493 0.767113
483 583 1.191734
484 485 0.624748
484 494 -1.254662
484 584 -0.862710
485 486 -0.853228
485 495 -1.902671
485 585 1.089450
486 487 -0.507565
486 496 1.346246
486 586 -0.084678
487 488 0.531237
487 497 -0.706192
487 587 -0.989429
488 489 -1.646579
488 498 -0.020973
488 588 0.499065
489 480 -0.716954
489 499 -0.872299
489 589 -0.651933
490 491 0.092956
490 400 1.695867
490 590 0.009275
491 492 2.126734
491 401 1.216138
491 591 -0.168098
492 493 0.273380
492 402 -1.903978
492 592 0.022104
493 494 -1.238225
493 403 1.111248
493 593 0.155962
494 495 -0.424661
494 404 -0.811094
494 594 -0.179525
495 496 1.268860
495 405 0.258932
495 595 -0.356676
496 497 0.360322
496 406 -1.969775
496 596 -0.801894
497 498 -1.092193
497 407 0.385684
497 597 1.924135
498 499 -0.518678
498 408 -1.168525
498 598 2.124576
499 490 0.108428
499 409 -0.391001
499 599 0.318193
500 501 0.153764
500 510 0.383765
500 600 0.192070
501 502 -1.006231
501 511 -1.738192
501 601 0.306602
502 503 2.087228
502 512 -0.356499
502 602 -0.108447
503 504 0.019228
503 513 0.736785
503 603 0.346551
504 505 1.812652
504 514 1.379862
504 604 1.046883
505 506 1.503028
505 515 3.006501
505 605 0.566045
506 507 -1.448804
506 516 1.710573
506 606 1.019926
507 508 -1.793271
507 517 -1.422545
507 607 2.988010
508 509 1.545042
508 518 -0.128941
508 608 -1.475836
509 500 -0.004893
509 519 -0.076107
509 609 0.531809
510 511 0.654871
510 520 -0.940540
510 610 -0.878405
511 512 0.729419
511 521 -1.041865
511 611 -0.864058
512 513 -2.655525
512 522 1.884133
512 612 -0.044284
513 514 0.443642
513 523 -1.182979
513 613 -0.305419
514 515 1.390808
514 524 -1.580280
514 614 -0.332058
515 516 -0.945808
515 525 0.132884
515 615 0.328436
516 517 -0.043152
516 526 -2.271477
516 616 0.716833
517 518 -1.952999
517 527 -0.263543
517 617 -0.138005
518 519 -1.149951
518 528 -0.635383
518 618 0.376420
519 510 0.465387
519 529 0.187199
519 619 -0.536219
520 521 1.447639
520 530 -0.842796
520 620 0.334288
521 522 0.653859
521 531 0.415263
521 621 1.228597
522 523 0.386306
522 532 -1.862371
522 622 -2.321555
523 524 0.445712
523 533 -1.204712
523 623 2.069773
524 525 -1.224340
524 534 1.724187
524 624 0.011704
525 526 -0.382754
525 535 -0.899807
525 625 -1.169863
526 527 0.234094
526 536 0.230185
526 626 0.102753
527 528 0.321634
527 537 -0.208584
527 627 0.263572
528 529 -1.572609
528 538 1.322306
528 628 -0.031532
529 520 0.664963
529 539 0.712043
529 629 -0.518382
530 531 -0.641882
530 540 1.399349
530 630 0.431672
531 532 0.924730
531 541 1.103913
531 631 -1.221587
532 533 0.256714
532 542 0.410728
532 632 1.800010
533 534 -0.592254
533 543 2.344353
533 633 1.520701
534 535 -1.036173
534 544 -0.373062
534 634 -1.941183
535 536 0.803554
535 545 0.129345
535 635 0.991526
536 537 -0.403925
536 546 -0.594866
536 636 0.334993
537 538 0.821891
537 547 0.431533
537 637 -0.239382
538 539 2.951400
538 548 -0.430672
538 638 -0.567009
539 530 -0.611515
539 549 0.323841
539 639 0.415028
540 541 -2.261381
540 550 0.817895
540 640 -0.506360
541 542 -0.986057
541 551 -0.184144
541 641 2.419047
542 543 0.112490
542 552 -0.810846
542 642 0.866098
543 544 -0.635872
543 553 -1.067172
543 643 -2.260707
544 545 -1.095609
544 554 1.032927
544 644 1.133531
545 546 -0.057200
545 555 -0.981853
545 645 -0.149879
546 547 -0.931736
546 556 -0.195297
546 646 -0.629312
547 548 0.640370
547 557 -1.475715
547 647 0.916744
548 549 -1.766756
548 558 -0.458148
548 648 1.048495
549 540 -0.099124
549 559 -0.354403
549 649 0.090414
550 551 -1.140939
550 560 0.731381
550 650 -0.734022
551 552 -0.368378
551 561 -0.425717
551 651 -0.571495
552 553 -0.964896
552 562 -0.037303
552 652 1.320220
553 554 2.092874
553 563 1.244146
553 653 -0.419574
554 555 1.601126
554 564 0.158349
554 654 0.169732
555 556 0.779958
555 565 -0.319752
555 655 0.239410
556 557 -1.487007
556 566 1.710621
556 656 0.318862
557 558 0.336291
557 567 0.272230
557 657 -0.559443
558 559 -3.846457
558 568 -0.063308
558 658 -0.027614
559 550 1.876279
559 569 -0.229214
559 659 1.335988
560 561 0.070623
560 570 -1.148462
560 660 0.627898
561 562 2.073062
561 571 -1.567156
561 661 -0.070751
562 563 -0.766293
562 572 0.165759
562 662 -0.139260
563 564 0.857546
563 573 1.307563
563 663 0.669864
564 565 0.964276
564 574 -0.080462
564 664 0.559287
565 566 -0.295451
565 575 -1.856088
565 665 -0.414470
566 567 1.546584
566 576 -0.063100
566 666 1.785165
567 568 -0.008008
567 577 -0.633215
567 667 0.243430
568 569 -0.180378
568 578 2.763676
568 668 0.419760
569 560 -0.891039
569 579 -1.946757
569 669 1.211297
570 571 -0.002981
570 580 -0.023227
570 670 0.423795
571 572 -0.843653
571 581 -0.302004
571 671 1.440284
572 573 1.674334
572 582 0.733121
572 672 -0.434387
573 574 0.983421
573 583 -0.011541
573 673 -0.253132
574 575 -0.638896
574 584 -1.512873
574 674 0.637148
575 576 -0.101699
575 585 1.142463
575 675 0.489791
576 577 2.443936
576 586 0.738519
576 676 -1.702072
577 578 1.627049
577 587 -1.029885
577 677 -0.524878
578 579 -0.330792
578 588 1.429596
578 678 -1.800768
579 570 1.627620
579 589 0.611826
579 679 0.105254
580 581 1.951048
580 590 -0.543471
580 680 0.550307
581 582 -2.236815
581 591 1.444217
581 681 -0.227200
582 583 -1.963800
582 592 0.836593
582 682 0.575593
583 584 1.116822
583 593 -1.805081
583 683 -0.512204
584 585 -0.598993
584 594 0.306784
584 684 -0.951668
585 586 -0.542527
585 595 0.457372
585 685 0.576484
586 587 -0.487388
586 596 -1.149148
586 686 -1.100764
587 588 -0.549462
587 597 1.347854
587 687 -0.759003
588 589 0.308800
588 598 0.077834
588 688 -0.876071
589 580 -0.689019
589 599 0.250903
589 689 0.962261
590 591 3.100935
590 500 -1.696421
590 690 0.558202
591 592 0.250068
591 501 -1.520628
591 691 1.011042
592 593 0.837492
592 502 -0.599468
592 692 0.645198
593 594 0.360553
593 503 -1.706653
593 693 1.160183
594 595 -0.621028
594 504 0.744350
594 694 1.393013
595 596 1.730299
595 505 0.576556
595 695 -0.556116
596 597 0.233448
596 506 0.357348
596 696 -0.218443
597 598 -0.281141
597 507 1.367920
597 697 1.515165
598 599 0.832674
598 508 -0.394529
598 698 0.907674
599 590 -2.089714
599 509 -1.000663
599 699 0.695116
600 601 0.442768
600 610 0.426610
600 700 0.260688
601 602 -0.185194
601 611 1.033539
601 701 0.123174
602 603 -0.504798
602 612 -0.284032
602 702 0.161001
603 604 0.088899
603 613 0.456567
603 703 -1.362888
604 605 -1.112359
604 614 0.514826
604 704 -0.313260
605 606 0.686108
605 615 0.415721
605 705 0.238546
606 607 -0.839867
606 616 -0.399992
606 706 -0.122287
607 608 -0.357336
607 617 0.732463
607 707 0.275673
608 609 1.466961
608 618 -1.461893
608 708 0.844103
609 600 0.875862
609 619 -0.836398
609 709 1.210554
610 611 -0.538567
610 620 -1.007473
610 710 0.228718
611 612 -0.848680
611 621 -0.514401
611 711 -1.201426
612 613 1.194674
612 622 0.916732
612 712 0.811605
613 614 0.142310
613 623 0.786639
613 713 1.094736
614 615 0.421008
614 624 0.483387
614 714 -0.730837
615 616 -1.281620
615 625 0.403727
615 715 1.190645
616 617 1.212304
616 626 0.657563
616 716 1.422533
617 618 0.610721
617 627 -0.352446
617 717 1.492500
618 619 1.315069
618 628 1.155738
618 718 0.315258
619 610 0.622898
619 629 1.535985
619 719 0.102370
620 621 0.071824
620 630 -0.186553
620 720 -0.959738
621 622 2.121166
621 631 1.374811
621 721 -1.060527
622 623 1.301354
622 632 0.297430
622 722 1.374300
623 624 -0.019845
623 633 -1.507631
623 723 0.044539
624 625 0.682339
624 634 1.149651
624 724 0.352819
625 626 2.190054
625 635 1.203379
625 725 0.138539
626 627 0.638112
626 636 -1.976071
626 726 -1.029062
627 628 -1.204432
627 637 -0.247735
627 727 -1.355632
628 629 0.610104
628 638 -1.196438
628 728 -0.418857
629 620 0.629987
629 639 1.876250
629 729 0.236547
630 631 1.415457
630 640 -0.012062
630 730 0.140548
631 632 0.487721
631 641 0.540280
631 731 -0.548015
632 633 0.418915
632 642 0.830645
632 732 0.546949
633 634 -0.152159
633 643 0.491649
633 733 -0.638538
634 635 0.599577
634 644 -1.392510
634 734 0.858564
635 636 1.440866
635 645 -0.186919
635 735 0.395431
636 637 -0.752746
636 646 -1.123966
636 736 -0.772364
637 638 0.722899
637 647 -0.411390
637 737 2.648648
638 639 -2.654083
638 648 -0.562219
638 738 -1.159318
639 630 -0.826814
639 649 1.668932
639 739 1.131410
640 641 0.531443
640 650 0.265017
640 740 2.077246
641 642 2.205459
641 651 0.429001
641 741 -0.820333
642 643 -0.974692
642 652 -0.733334
642 742 -0.253870
643 644 0.661162
643 653 0.719336
643 743 0.853660
644 645 -0.224970
644 654 0.780222
644 744 -1.277837
645 646 0.941360
645 655 0.451985
645 745 -0.982410
646 647 0.289068
646 656 0.924827
646 746 -1.803411
647 648 1.045889
647 657 0.413379
647 747 -0.184441
648 649 -1.326821
648 658 -2.239091
648 748 0.583724
649 640 -0.099891
649 659 -2.166254
649 749 1.172423
650 651 -0.838734
650 660 0.902293
650 750 0.643222
651 652 0.858923
651 661 1.727703
651 751 0.315093
652 653 -0.132659
652 662 -0.227385
652 752 -2.299107
653 654 1.299557
653 663 -0.616746
653 753 -0.348072
654 655 0.365412
654 664 0.907804
654 754 1.487030
655 656 -1.128325
655 665 1.643365
655 755 -0.538455
656 657 0.444388
656 666 -1.765155
656 756 -1.201850
657 658 0.776970
657 667 0.468048
657 757 -1.927948
658 659 -1.222682
658 668 -1.111789
658 758 -0.002902
659 650 0.309572
659 669 0.520583
659 759 -0.087460
660 661 -0.016783
660 670 -1.002597
660 760 0.304995
661 662 -1.253323
661 671 0.239334
661 761 0.405994
662 663 0.673928
662 672 1.158266
662 762 -1.095448
663 664 -0.093996
663 673 -0.542512
663 763 0.432588
664 665 -0.637766
664 674 2.761659
664 764 0.348550
665 666 1.439546
665 675 -0.331333
665 765 0.226866
666 667 -0.426539
666 676 -0.491129
666 766 -0.460677
667 668 0.161256
667 677 -0.976781
667 767 -0.596789
668 669 -2.294626
668 678 -1.612950
668 768 0.228205
669 660 1.059578
669 679 -1.297776
669 769 0.212537
670 671 1.183782
670 680 0.558902
670 770 0.094138
671 672 -0.488375
671 681 -0.042908
671 771 -1.147206
672 673 -0.664936
672 682 -1.964901
672 772 1.394754
673 674 0.095481
673 683 0.714033
673 773 -0.866443
674 675 -1.181302
674 684 0.089405
674 774 1.932161
675 676 -1.273308
675 685 0.248910
675 775 1.475828
676 677 0.298686
676 686 -0.161545
676 776 -0.438533
677 678 -1.136670
677 687 0.043686
677 777 -0.065601
678 679 -2.418840
678 688 -1.081535
678 778 -0.043719
679 670 0.156964
679 689 -0.450306
679 779 0.445915
680 681 0.568143
680 690 -2.240904
680 780 1.315105
681 682 1.583026
681 691 0.228367
681 781 -0.199891
682 683 0.068084
682 692 1.214084
682 782 -0.529330
683 684 0.945106
683 693 1.510438
683 783 1.037073
684 685 -0.285679
684 694 -0.071233
684 784 -1.706290
685 686 -0.722361
685 695 -2.147179
685 785 0.986431
686 687 -0.840584
686 696 2.239490
686 786 0.502679
687 688 -1.332710
687 697 0.260020
687 787 0.509925
688 689 -0.780587
688 698 -0.901900
688 788 1.090267
689 680 0.017844
689 699 -0.003658
689 789 1.473669
690 691 0.402183
690 600 1.043210
690 790 -0.682363
691 692 0.168324
691 601 0.039938
691 791 0.182975
692 693 -0.116150
692 602 0.988010
692 792 0.908259
693 694 1.220896
693 603 -1.125482
693 793 1.195961
694 695 -1.085070
694 604 0.110725
694 794 -0.413985
695 696 -2.174349
695 605 0.634271
695 795 -0.414304
696 697 -0.271660
696 606 -0.265764
696 796 1.191888
697 698 0.946341
697 607 -0.034814
697 797 0.081707
698 699 1.222992
698 608 -0.965287
698 798 0.763426
699 690 0.249728
699 609 0.622013
699 799 0.090673
700 701 0.570224
700 710 -1.842474
700 800 -0.669692
701 702 1.537819
701 711 0.284174
701 801 -0.387024
702 703 0.799516
702 712 0.947942
702 802 0.038515
703 704 0.518927
703 713 0.331801
703 803 -1.382308
704 705 0.473623
704 714 0.997387
704 804 0.514564
705 706 -0.840088
705 715 1.128241
705 805 1.317877
706 707 1.865421
706 716 0.883787
706 806 0.066754
707 708 -0.161661
707 717 1.987470
707 807 1.266190
708 709 -1.752655
708 718 -0.902226
708 808 -0.149342
709 700 1.188478
709 719 0.518845
709 809 0.882353
710 711 -1.372987
710 720 -1.485691
710 810 -0.730545
711 712 -1.256102
711 721 0.369464
711 811 0.642442
712 713 0.963084
712 722 1.043935
712 812 -1.429796
713 714 0.275683
713 723 0.744754
713 813 -0.633031
714 715 -0.396992
714 724 -1.080984
714 814 1.093801
715 716 -0.849832
715 725 -0.253667
715 815 0.501969
716 717 -0.578714
716 726 -0.063385
716 816 -0.076056
717 718 -0.549763
717 727 -2.194303
717 817 -0.686788
718 719 0.080090
718 728 1.133614
718 818 0.335792
719 710 -0.849295
719 729 1.633836
719 819 1.291408
720 721 1.393810
720 730 0.897276
720 820 -1.312654
721 722 2.135325
721 731 0.811329
721 821 0.297605
722 723 0.544593
722 732 0.568448
722 822 0.176685
723 724 0.761271
723 733 0.520890
723 823 0.180919
724 725 -0.008440
724 734 -0.113695
724 824 -0.392275
725 726 -0.635542
725 735 -0.197314
725 825 -1.684271
726 727 0.225883
726 736 0.884198
726 826 -1.070782
727 728 1.097969
727 737 -0.323495
727 827 -1.735689
728 729 -0.388442
728 738 -1.517586
728 828 1.053615
729 720 -1.470145
729 739 1.212136
729 829 -0.857482
730 731 -2.111215
730 740 1.612997
730 830 0.069969
731 732 -2.169959
731 741 -0.619991
731 831 -0.273789
732 733 0.182097
732 742 0.299899
732 832 0.210978
733 734 0.110632
733 743 0.509754
733 833 0.342084
734 735 -0.448062
734 744 -1.306059
734 834 -1.383003
735 736 -0.454948
735 745 1.165905
735 835 2.386501
736 737 -0.287901
736 746 1.758902
736 836 2.387053
737 738 -0.807516
737 747 -1.730362
737 837 -1.618453
738 739 0.729759
738 748 0.670267
738 838 -0.413872
739 730 1.353915
739 749 0.040472
739 839 1.089512
740 741 -0.874219
740 750 0.881321
740 840 -0.928518
741 742 0.191409
741 751 0.892778
741 841 0.025488
742 743 -0.039901
742 752 0.389243
742 842 0.216277
743 744 -0.113551
743 753 -0.744883
743 843 -0.317955
744 745 2.338656
744 754 0.677800
744 844 0.900744
745 746 -0.333667
745 755 1.147861
745 845 1.940346
746 747 -1.010991
746 756 -0.519495
746 846 -1.839115
747 748 1.661775
747 757 0.486709
747 847 1.377867
748 749 -0.012009
748 758 -0.787550
748 848 -0.419706
749 740 1.981615
749 759 1.290856
749 849 0.567360
750 751 0.206488
750 760 -0.459255
750 850 0.290627
751 752 1.193406
751 761 0.289366
751 851 -0.129984
752 753 0.031857
752 762 -0.276041
752 852 0.437185
753 754 1.106130
753 763 -1.153350
753 853 1.420552
754 755 -1.469295
754 764 -0.502313
754 854 0.773481
755 756 1.850057
755 765 -1.465988
755 855 0.279828
756 757 2.435408
756 766 -0.924936
756 856 -0.794908
757 758 2.065504
757 767 -0.114909
757 857 -1.331266
758 759 0.121230
758 768 -0.408291
758 858 -0.770116
759 750 -2.125653
759 769 0.390991
759 859 -2.146053
760 761 0.562979
760 770 -0.806784
760 860 1.064665
761 762 0.338407
761 771 0.190018
761 861 -1.285633
762 763 0.257903
762 772 0.827988
762 862 -0.808038
763 764 1.164923
763 773 0.179438
763 863 0.502207
764 765 -0.783545
764 774 -0.339888
764 864 1.207495
765 766 0.801887
765 775 0.960451
765 865 0.367205
766 767 -0.532272
766 776 1.419671
766 866 -0.751322
767 768 -0.223780
767 777 0.721641
767 867 0.818154
768 769 0.729387
768 778 -0.656925
768 868 1.688876
769 760 -0.123923
769 779 -1.444095
769 869 -0.768382
770 771 -0.582223
770 780 -1.198945
770 870 -0.323581
771 772 0.567018
771 781 0.674214
771 871 0.582024
772 773 0.505823
772 782 -0.373795
772 872 -1.023389
773 774 -0.558818
773 783 -1.321769
773 873 0.099804
774 775 2.081325
774 784 1.232135
774 874 -1.924009
775 776 -0.207174
775 785 -0.143432
775 875 1.133314
776 777 -1.204058
776 786 -2.250884
776 876 -1.104923
777 778 -1.178508
777 787 1.174181
777 877 1.337685
778 779 0.166462
778 788 -1.292892
778 878 -0.252188
779 770 -2.282879
779 789 0.698644
779 879 0.331244
780 781 0.969918
780 790 0.253905
780 880 0.501298
781 782 -0.985160
781 791 -0.035491
781 881 -0.004927
782 783 0.917294
782 792 0.562930
782 882 0.336396
783 784 0.754378
783 793 -0.788381
783 883 0.794755
784 785 -0.037997
784 794 0.173890
784 884 -1.136448
785 786 0.342358
785 795 0.010897
785 885 0.803566
786 787 -0.701496
786 796 0.182077
786 886 -0.611788
787 788 1.557281
787 797 -0.590485
787 887 0.512054
788 789 -0.041387
788 798 0.538594
788 888 0.351794
789 780 1.200809
789 799 1.029747
789 889 -0.837653
790 791 -0.517268
790 700 -0.651597
790 890 0.839720
791 792 -0.549290
791 701 -0.687579
791 891 -1.516917
792 793 1.520610
792 702 -1.105444
792 892 -0.361097
793 794 0.730923
793 703 -1.853150
793 893 -0.847544
794 795 -1.370347
794 704 0.206931
794 894 0.019962
795 796 -1.041408
795 705 0.274423
795 895 -1.579281
796 797 -0.630199
796 706 -0.291045
796 896 -0.174140
797 798 1.729877
797 707 -1.459502
797 897 1.261537
798 799 -2.296273
798 708 -1.586866
798 898 -0.974992
799 790 0.636989
799 709 -0.299671
799 899 -1.567684
800 801 1.189897
800 810 -0.985839
800 900 -1.246476
801 802 -0.481731
801 811 0.968017
801 901 -0.882274
802 803 -1.705615
802 812 -1.418034
802 902 2.145765
803 804 1.931282
803 813 0.576450
803 903 -0.816136
804 805 0.158961
804 814 -0.058549
804 904 0.745680
805 806 1.140313
805 815 -1.137894
805 905 0.765939
806 807 -0.804110
806 816 0.603712
806 906 0.828589
807 808 0.446164
807 817 -1.446030
807 907 0.377464
808 809 -0.796949
808 818 -0.288123
808 908 2.086967
809 800 -0.574271
809 819 -0.995218
809 909 -0.360418
810 811 -1.590576
810 820 -0.216456
810 910 0.137051
811 812 0.327927
811 821 -0.875200
811 911 -0.826267
812 813 0.186514
812 822 1.112073
812 912 -1.145119
813 814 0.971846
813 823 0.477325
813 913 -0.543288
814 815 0.676434
814 824 0.839678
814 914 -0.018899
815 816 -1.509856
815 825 -1.980316
815 915 -0.019568
816 817 0.512207
816 826 0.157109
816 916 -1.638856
817 818 0.436173
817 827 0.097745
817 917 -2.133174
818 819 0.683554
818 828 0.660698
818 918 0.316952
819 810 0.593166
819 829 -0.753879
819 919 0.508252
820 821 0.078071
820 830 0.285643
820 920 0.757291
821 822 -1.020111
821 831 -1.566163
821 921 -0.314080
822 823 0.680629
822 832 -0.568068
822 922 0.028814
823 824 -1.261918
823 833 1.995231
823 923 0.993455
824 825 -0.583334
824 834 -0.593138
824 924 -2.500291
825 826 -1.339460
825 835 0.590248
825 925 0.965677
826 827 0.523627
826 836 -0.299151
826 926 0.253557
827 828 1.112287
827 837 0.673486
827 927 -0.093088
828 829 -1.166889
828 838 1.347021
828 928 0.703130
829 820 -0.258226
829 839 -0.065877
829 929 -0.468280
830 831 -0.059784
830 840 -0.365585
830 930 1.024274
831 832 -0.728357
831 841 -0.741009
831 931 1.287722
832 833 -1.342701
832 842 -0.768528
832 932 -1.078479
833 834 -0.709797
833 843 -1.801881
833 933 1.258932
834 835 -0.805338
834 844 -0.106670
834 934 0.572567
835 836 -0.840368
835 845 -2.168754
835 935 0.230892
836 837 0.609357
836 846 0.640532
836 936 -0.360154
837 838 -0.083859
837 847 -1.511121
837 937 -0.533622
838 839 -1.298008
838 848 0.323213
838 938 0.276977
839 830 1.414108
839 849 0.239813
839 939 -1.013226
840 841 0.219258
840 850 0.320772
840 940 -0.112402
841 842 0.270718
841 851 1.481330
841 941 1.386299
842 843 0.858969
842 852 1.745211
842 942 -0.109893
843 844 2.336427
843 853 0.231684
843 943 -1.267398
844 845 -0.045960
844 854 -1.319969
844 944 -0.135828
845 846 0.105488
845 855 -0.166702
845 945 0.718813
846 847 0.756281
846 856 0.949794
846 946 0.677384
847 848 -0.233818
847 857 -0.956350
847 947 -1.874864
848 849 0.721788
848 858 1.081947
848 948 -0.347224
849 840 0.091409
849 859 1.113355
849 949 2.166543
850 851 0.107736
850 860 0.889395
850 950 0.487320
851 852 1.168108
851 861 1.366761
851 951 -0.344410
852 853 0.589557
852 862 1.214475
852 952 -2.318622
853 854 -0.470212
853 863 0.106099
853 953 -0.279940
854 855 1.200655
854 864 -1.679231
854 954 1.081834
855 856 -0.027107
855 865 -0.691851
855 955 0.455527
856 857 -0.443300
856 866 0.929943
856 956 1.456395
857 858 0.334915
857 867 0.192772
857 957 1.522870
858 859 -0.488139
858 868 -1.313264
858 958 0.342997
859 850 -1.680183
859 869 0.391443
859 959 0.206548
860 861 1.169804
860 870 -0.445826
860 960 -1.911844
861 862 -0.913406
861 871 1.764297
861 961 -0.011163
862 863 -0.435842
862 872 -0.257695
862 962 0.668436
863 864 -0.830059
863 873 -1.343897
863 963 0.620795
864 865 -0.298307
864 874 0.485151
864 964 -0.057267
865 866 0.621737
865 875 -0.928315
865 965 -1.698591
866 867 -0.460516
866 876 -0.449146
866 966 -0.170716
867 868 -0.279370
867 877 -0.342750
867 967 -2.411120
868 869 1.016340
868 878 -0.182684
868 968 0.802471
869 860 -0.377631
869 879 0.548941
869 969 0.210520
870 871 0.077410
870 880 0.246134
870 970 -1.253439
871 872 -1.045553
871 881 -0.793163
871 971 -0.830516
872 873 -0.401806
872 882 -1.202175
872 972 -0.927567
873 874 -1.628447
873 883 0.320642
873 973 0.230826
874 875 0.261017
874 884 0.658528
874 974 -1.344025
875 876 -0.400240
875 885 2.110353
875 975 -0.446445
876 877 -0.131722
876 886 -2.026641
876 976 2.151060
877 878 -0.459983
877 887 0.817841
877 977 -0.817564
878 879 0.089014
878 888 -1.205379
878 978 -1.459843
879 870 0.252725
879 889 0.566083
879 979 0.365631
880 881 0.405959
880 890 -0.803757
880 980 -0.582097
881 882 -0.899402
881 891 1.155569
881 981 -1.023926
882 883 0.167511
882 892 0.900825
882 982 1.060975
883 884 0.334999
883 893 1.740625
883 983 -0.250061
884 885 0.825369
884 894 -1.386929
884 984 -0.003403
885 886 0.751419
885 895 0.914179
885 985 0.808636
886 887 -1.391088
886 896 0.643370
886 986 -0.532400
887 888 1.400128
887 897 -0.829959
887 987 -0.844854
888 889 0.123424
888 898 0.984039
888 988 0.633741
889 880 -1.167546
889 899 -0.005581
889 989 -0.745673
890 891 1.855021
890 800 0.066451
890 990 1.319513
891 892 2.861520
891 801 0.298767
891 991 1.189499
892 893 0.873922
892 802 0.250097
892 992 -2.739468
893 894 -0.157359
893 803 -0.294946
893 993 0.830525
894 895 -0.617919
894 804 -0.048624
894 994 0.022862
895 896 -2.169287
895 805 0.460502
895 995 0.265171
896 897 -1.834373
896 806 0.167971
896 996 0.618321
897 898 -0.187502
897 807 -0.922785
897 997 0.454191
898 899 -1.022123
898 808 -0.558324
898 998 0.357547
899 890 -1.016596
899 809 1.562273
899 999 0.643302
900 901 -0.136852
900 910 0.930645
900 0 1.010526
901 902 -0.179600
901 911 -0.273632
901 1 -0.118324
902 903 -1.647970
902 912 -0.019192
902 2 -0.349296
903 904 0.156890
903 913 -1.197985
903 3 -1.277607
904 905 0.721408
904 914 0.014666
904 4 -0.095130
905 906 -0.954409
905 915 0.573980
905 5 0.488122
906 907 0.746674
906 916 0.326574
906 6 -0.605659
907 908 0.162405
907 917 0.192444
907 7 0.531696
908 909 0.655822
908 918 -0.838943
908 8 -0.618450
909 900 -0.718697
909 919 1.837842
909 9 -0.995022
910 911 -0.692506
910 920 -0.574334
910 10 0.086259
911 912 0.451172
911 921 1.418292
911 11 -0.258190
912 913 -0.490960
912 922 0.236577
912 12 0.405983
913 914 -0.671948
913 923 -0.318815
913 13 -1.473163
914 915 0.623211
914 924 -1.284987
914 14 1.539654
915 916 -0.015623
915 925 0.887392
915 15 0.236057
916 917 -1.612095
916 926 -1.062099
916 16 -0.039383
917 918 -1.783584
917 927 1.613405
917 17 -0.010184
918 919 -0.431639
918 928 1.438940
918 18 1.512447
919 910 0.228818
919 929 -1.721057
919 19 -0.665278
920 921 -0.484148
920 930 -0.267426
920 20 -0.922385
921 922 0.552797
921 931 -0.355398
921 21 0.596486
922 923 -0.439420
922 932 0.010713
922 22 -0.157247
923 924 1.153955
923 933 0.805926
923 23 -0.314059
924 925 -0.161135
924 934 0.660650
924 24 0.339235
925 926 0.881238
925 935 0.014055
925 25 0.992398
926 927 -0.977693
926 936 0.323164
926 26 -0.150838
927 928 0.575394
927 937 -0.241824
927 27 -1.145742
928 929 0.479140
928 938 -0.618581
928 28 0.799966
929 920 -0.269737
929 939 -0.762899
929 29 0.046038
930 931 -0.660322
930 940 0.615146
930 30 1.195605
931 932 -0.869541
931 941 -0.833099
931 31 0.680529
932 933 0.368689
932 942 0.871456
932 32 0.021949
933 934 -1.438778
933 943 -1.268662
933 33 0.379141
934 935 0.771839
934 944 -1.114558
934 34 0.228431
935 936 0.345635
935 945 -1.241561
935 35 0.014776
936 937 -1.256860
936 946 -0.841518
936 36 1.263856
937 938 -0.051205
937 947 0.182320
937 37 -0.510790
938 939 0.537898
938 948 0.810058
938 38 0.404064
939 930 -1.886862
939 949 0.534471
939 39 0.380499
940 941 -0.405533
940 950 -1.245643
940 40 -0.161040
941 942 0.744863
941 951 0.361301
941 41 0.141309
942 943 -0.230503
942 952 0.856428
942 42 0.313840
943 944 -0.783091
943 953 1.490220
943 43 -0.271353
944 945 2.034975
944 954 1.641546
944 44 -0.394046
945 946 0.448054
945 955 -1.638024
945 45 -0.525969
946 947 -0.340011
946 956 -1.030394
946 46 -2.167980
947 948 -0.061238
947 957 2.054326
947 47 0.383217
948 949 2.050329
948 958 -0.426200
948 48 -0.204443
949 940 1.642630
949 959 0.521679
949 49 0.037973
950 951 0.224382
950 960 -1.173643
950 50 0.402861
951 952 0.490273
951 961 1.437022
951 51 1.204308
952 953 1.688339
952 962 0.357259
952 52 0.036356
953 954 1.058477
953 963 1.609559
953 53 0.571639
954 955 1.471518
954 964 1.316734
954 54 1.464872
955 956 1.416529
955 965 -0.056846
955 55 0.824222
956 957 -1.055657
956 966 0.050360
956 56 0.832446
957 958 1.032540
957 967 -0.390065
957 57 0.409841
958 959 -1.530516
958 968 -0.248361
958 58 -0.986753
959 950 -0.597687
959 969 -0.377896
959 59 0.704302
960 961 -0.356824
960 970 0.832708
960 60 -1.212620
961 962 0.578085
961 971 0.862029
961 61 1.996855
962 963 0.800942
962 972 -0.279829
962 62 -1.405998
963 964 0.127960
963 973 1.138125
963 63 -0.667652
964 965 0.836891
964 974 -0.431753
964 64 0.397769
965 966 -1.356021
965 975 -2.237564
965 65 -0.497679
966 967 0.264720
966 976 0.826839
966 66 0.509447
967 968 -1.329881
967 977 0.687011
967 67 0.853766
968 969 -0.118883
968 978 0.585462
968 68 -0.122390
969 960 -0.744234
969 979 1.097534
969 69 0.807350
970 971 0.380390
970 980 -1.636981
970 70 0.163883
971 972 -0.910647
971 981 -0.082336
971 71 -0.238075
972 973 0.339408
972 982 -0.805694
972 72 0.588366
973 974 -0.639751
973 983 -0.658036
973 73 1.031251
974 975 1.561848
974 984 -2.019249
974 74 0.066494
975 976 0.988039
975 985 -0.711119
975 75 1.060998
976 977 1.314492
976 986 0.385572
976 76 -0.389292
977 978 0.757733
977 987 -0.063612
977 77 0.368927
978 979 -0.009736
978 988 1.334943
978 78 0.162553
979 970 -1.062005
979 989 -0.542615
979 79 1.223548
980 981 0.660277
980 990 1.770146
980 80 0.851550
981 982 -0.138845
981 991 -0.305503
981 81 2.132322
982 983 1.826542
982 992 1.846299
982 82 0.886521
983 984 -2.283429
983 993 -1.125946
983 83 -0.295270
984 985 -0.431958
984 994 2.499720
984 84 0.224955
985 986 0.407694
985 995 2.668311
985 85 -0.024099
986 987 0.109683
986 996 0.200309
986 86 -0.642626
987 988 -0.304693
987 997 1.664760
987 87 -1.408160
988 989 -1.317031
988 998 -1.232461
988 88 -2.061768
989 980 0.942446
989 999 1.721691
989 89 1.068880
990 991 0.426865
990 900 -0.834651
990 90 -0.933087
991 992 1.701547
991 901 -1.628024
991 91 -0.026115
992 993 -2.062634
992 902 -0.143575
992 92 0.052212
993 994 -0.612809
993 903 0.072784
993 93 0.407202
994 995 0.211689
994 904 -0.766584
994 94 0.425270
995 996 -0.081642
995 905 1.371280
995 95 -0.445514
996 997 1.234294
996 906 -1.084397
996 96 0.775527
997 998 -0.013584
997 907 -1.146756
997 97 1.303056
998 999 0.159428
998 908 -2.549681
998 98 -0.376679
999 990 1.298187
999 909 0.547000
999 99 0.863999
