0 1 -0.852943
0 10 -0.101164
0 100 -0.872870
1 2 0.323387
1 11 0.869553
1 101 0.100851
2 3 -0.227360
2 12 0.073779
2 102 1.480871
3 4 -0.255502
3 13 0.282925
3 103 0.745528
4 5 -0.879212
4 14 -0.425745
4 104 1.235079
5 6 -0.868755
5 15 -0.843225
5 105 -1.417631
6 7 1.281710
6 16 0.025297
6 106 2.225045
7 8 -0.095424
7 17 -0.738815
7 107 -0.314037
8 9 -0.167962
8 18 0.918836
8 108 -1.205401
9 0 -0.592414
9 19 1.580062
9 109 -1.113520
10 11 -0.342410
10 20 -0.225969
10 110 1.585672
11 12 -1.419262
11 21 2.032729
11 111 -0.963936
12 13 -0.633524
12 22 -0.341335
12 112 2.991336
13 14 -2.394266
13 23 -0.433655
13 113 1.345689
14 15 0.347648
14 24 1.379418
14 114 -1.022069
15 16 1.317763
15 25 -0.151314
15 115 -0.579103
16 17 0.116900
16 26 0.751684
16 116 0.229324
17 18 1.767507
17 27 -0.327284
17 117 0.041363
18 19 1.133350
18 28 -0.067795
18 118 0.536804
19 10 -0.455121
19 29 -2.315235
19 119 1.679410
20 21 -1.023043
20 30 0.580493
20 120 0.259234
21 22 1.139180
21 31 0.269613
21 121 0.188151
22 23 1.208962
22 32 0.718158
22 122 0.187907
23 24 1.550652
23 33 0.303513
23 123 1.031197
24 25 -1.230644
24 34 -0.614244
24 124 -0.217156
25 26 -0.876118
25 35 0.441647
25 125 1.344456
26 27 0.765666
26 36 0.158032
26 126 -0.351123
27 28 -0.084164
27 37 0.572859
27 127 0.850359
28 29 0.262414
28 38 0.978325
28 128 0.556238
29 20 -0.360674
29 39 -0.129706
29 129 -0.413280
30 31 0.233261
30 40 0.436164
30 130 -0.005098
31 32 0.560131
31 41 -0.310133
31 131 -0.567182
32 33 0.248721
32 42 -0.049673
32 132 -0.757213
33 34 0.143593
33 43 1.194314
33 133 0.545602
34 35 -1.760357
34 44 -1.426879
34 134 1.745873
35 36 0.929142
35 45 0.184452
35 135 1.326103
36 37 -0.411567
36 46 0.145541
36 136 1.715524
37 38 0.379502
37 47 -0.147984
37 137 0.587656
38 39 -0.638117
38 48 0.319615
38 138 0.687202
39 30 -0.477549
39 49 2.511296
39 139 -1.291156
40 41 -0.694303
40 50 1.501680
40 140 1.195388
41 42 0.082131
41 51 -1.048610
41 141 0.627848
42 43 -0.127702
42 52 1.412537
42 142 -1.158938
43 44 -0.315459
43 53 -1.108378
43 143 0.847092
44 45 1.046765
44 54 0.747443
44 144 0.886962
45 46 -0.803137
45 55 -0.074537
45 145 0.965024
46 47 -1.212041
46 56 1.404967
46 146 -0.062653
47 48 0.699502
47 57 1.025719
47 147 0.596191
48 49 0.496574
48 58 -0.329065
48 148 0.671978
49 40 -1.026937
49 59 -2.047116
49 149 -1.319781
50 51 -0.184713
50 60 0.922871
50 150 0.910408
51 52 0.526300
51 61 -0.778190
51 151 1.250425
52 53 -0.466031
52 62 1.341041
52 152 0.194881
53 54 0.075483
53 63 0.337110
53 153 0.663336
54 55 0.440197
54 64 0.159765
54 154 -0.004699
55 56 0.930042
55 65 1.490720
55 155 -1.776656
56 57 0.547351
56 66 -0.283170
56 156 0.135035
57 58 -1.287197
57 67 -0.880536
57 157 0.063391
58 59 -0.662824
58 68 -0.905969
58 158 0.470114
59 50 1.424279
59 69 0.188950
59 159 -2.277268
60 61 -0.613196
60 70 1.275980
60 160 1.264477
61 62 -1.292384
61 71 0.503205
61 161 2.528013
62 63 -1.537332
62 72 -1.256867
62 162 0.064175
63 64 0.660968
63 73 -0.879615
63 163 1.059595
64 65 -1.728487
64 74 -0.966279
64 164 0.569395
65 66 0.030108
65 75 -0.571228
65 165 0.696293
66 67 -0.569404
66 76 -0.895930
66 166 -0.382881
67 68 1.140077
67 77 0.268010
67 167 0.467576
68 69 -0.033783
68 78 -1.248666
68 168 0.277796
69 60 -0.378651
69 79 0.744731
69 169 0.651399
70 71 -0.268428
70 80 1.723080
70 170 -0.138402
71 72 -0.965402
71 81 0.418253
71 171 -0.521688
72 73 2.297212
72 82 2.079214
72 172 -1.004703
73 74 -2.154439
73 83 -0.794823
73 173 0.235761
74 75 0.442538
74 84 -0.566147
74 174 -0.522309
75 76 -0.386575
75 85 1.224827
75 175 0.300746
76 77 1.161866
76 86 -0.251315
76 176 -0.117822
77 78 -0.384723
77 87 0.798682
77 177 -1.741547
78 79 -1.731631
78 88 2.519660
78 178 -0.455048
79 70 -2.299035
79 89 -0.633366
79 179 1.102847
80 81 -0.304754
80 90 0.273238
80 180 0.773534
81 82 -0.341766
81 91 0.697993
81 181 0.674826
82 83 -0.183508
82 92 0.358871
82 182 0.942520
83 84 1.425692
83 93 -0.525445
83 183 -1.867336
84 85 1.018051
84 94 0.108965
84 184 -1.305009
85 86 -0.039182
85 95 -1.628889
85 185 0.022797
86 87 0.012851
86 96 0.794630
86 186 -1.497277
87 88 0.802705
87 97 -0.587209
87 187 0.535186
88 89 0.618383
88 98 0.143757
88 188 1.489825
89 80 -0.974303
89 99 0.220569
89 189 1.408454
90 91 -0.367902
90 0 0.163090
90 190 0.155801
91 92 -1.153275
91 1 -0.004415
91 191 0.170943
92 93 0.323389
92 2 0.736712
92 192 -0.820716
93 94 0.999587
93 3 0.335174
93 193 1.806762
94 95 0.050322
94 4 -0.946911
94 194 0.541889
95 96 -0.337516
95 5 1.489505
95 195 0.487499
96 97 -0.055631
96 6 -2.303552
96 196 0.502905
97 98 0.565095
97 7 -0.614531
97 197 -0.177821
98 99 0.424737
98 8 0.031968
98 198 -0.376412
99 90 -0.214595
99 9 -0.871492
99 199 1.014549
100 101 1.208093
100 110 0.220093
100 200 0.391782
101 102 -0.788255
101 111 0.043001
101 201 -0.754623
102 103 0.950766
102 112 -0.239126
102 202 -0.489493
103 104 -0.186812
103 113 -0.137026
103 203 0.224761
104 105 -0.004032
104 114 1.086108
104 204 -1.554388
105 106 -1.260213
105 115 -0.419148
105 205 -0.155830
106 107 -0.817688
106 116 -0.519819
106 206 1.049043
107 108 -0.369912
107 117 0.076406
107 207 0.452265
108 109 1.911934
108 118 -0.539050
108 208 -0.487351
109 100 -0.254144
109 119 0.268832
109 209 -0.228365
110 111 -0.310689
110 120 0.746283
110 210 -0.987980
111 112 -1.555574
111 121 -0.162461
111 211 0.493431
112 113 0.560639
112 122 0.337582
112 212 0.176998
113 114 1.913717
113 123 -0.686512
113 213 0.433138
114 115 -0.840123
114 124 2.060894
114 214 1.231743
115 116 -0.829320
115 125 1.009049
115 215 -0.514998
116 117 1.482205
116 126 1.316172
116 216 -0.723660
117 118 -2.550489
117 127 -1.404532
117 217 1.199666
118 119 0.966504
118 128 -1.173533
118 218 0.349495
119 110 0.705523
119 129 0.320785
119 219 0.564611
120 121 0.885705
120 130 0.602738
120 220 0.059728
121 122 -0.323555
121 131 -0.001073
121 221 0.528495
122 123 -2.324699
122 132 1.710675
122 222 -1.462511
123 124 -0.498806
123 133 1.708513
123 223 -0.736350
124 125 -0.469489
124 134 0.127886
124 224 0.200870
125 126 -1.030017
125 135 -0.362373
125 225 0.804368
126 127 -0.969467
126 136 0.132056
126 226 -0.148675
127 128 -0.224326
127 137 0.377851
127 227 0.623192
128 129 0.918496
128 138 -0.737611
128 228 -0.233607
129 120 1.277455
129 139 1.070048
129 229 1.978504
130 131 -0.487711
130 140 0.906373
130 230 0.355262
131 132 -0.990647
131 141 0.568453
131 231 1.121094
132 133 0.815224
132 142 1.187224
132 232 -2.433998
133 134 0.025429
133 143 -1.723880
133 233 -1.800296
134 135 0.628817
134 144 0.751513
134 234 0.092271
135 136 -2.242471
135 145 -0.803821
135 235 0.964522
136 137 0.917879
136 146 0.476069
136 236 0.343955
137 138 0.455690
137 147 0.207666
137 237 0.837931
138 139 0.463590
138 148 1.463483
138 238 1.157103
139 130 1.855084
139 149 -0.548361
139 239 1.038161
140 141 0.815528
140 150 -0.562614
140 240 0.303792
141 142 -0.190584
141 151 1.420258
141 241 0.701143
142 143 -3.009422
142 152 0.210561
142 242 -1.386940
143 144 -0.515601
143 153 0.024418
143 243 -0.544565
144 145 0.241277
144 154 -0.499917
144 244 1.362777
145 146 -1.611559
145 155 -0.732513
145 245 1.343793
146 147 -0.723136
146 156 -1.825763
146 246 -1.617353
147 148 0.344540
147 157 -0.589652
147 247 0.430031
148 149 -0.834125
148 158 -1.131506
148 248 -0.046530
149 140 -0.986072
149 159 0.154922
149 249 -0.146474
150 151 0.554178
150 160 -0.214311
150 250 1.645825
151 152 0.975730
151 161 -0.280741
151 251 -1.184750
152 153 -0.334249
152 162 -3.291854
152 252 -0.180972
153 154 0.013265
153 163 1.306379
153 253 -0.071632
154 155 0.833881
154 164 0.609872
154 254 -0.168785
155 156 -1.934974
155 165 -0.016343
155 255 -0.061500
156 157 0.795163
156 166 0.337641
156 256 1.436807
157 158 -0.830072
157 167 0.789550
157 257 -1.192627
158 159 0.556693
158 168 0.930228
158 258 -0.737298
159 150 -2.325862
159 169 0.279424
159 259 -0.765881
160 161 1.164097
160 170 0.132624
160 260 -0.974413
161 162 1.556131
161 171 0.646682
161 261 0.802546
162 163 1.386365
162 172 0.494908
162 262 0.149195
163 164 -0.086958
163 173 -1.010051
163 263 -0.470695
164 165 -0.843725
164 174 1.422101
164 264 -0.091437
165 166 -1.109487
165 175 0.289142
165 265 0.762214
166 167 1.441672
166 176 0.193694
166 266 -1.112947
167 168 1.184617
167 177 -0.750514
167 267 1.095404
168 169 -0.297764
168 178 -1.312595
168 268 -1.555591
169 160 1.135638
169 179 -0.556521
169 269 -1.414179
170 171 0.844887
170 180 0.496191
170 270 0.286689
171 172 0.418297
171 181 -0.616265
171 271 0.500367
172 173 -0.381941
172 182 0.786071
172 272 -1.179195
173 174 -0.585111
173 183 0.331685
173 273 0.621322
174 175 -0.242248
174 184 0.582412
174 274 0.827330
175 176 1.622214
175 185 -0.555974
175 275 0.111618
176 177 1.423440
176 186 0.150685
176 276 0.194923
177 178 -1.070505
177 187 -0.645987
177 277 -0.206211
178 179 -0.497556
178 188 -0.685498
178 278 -0.209692
179 170 -0.878207
179 189 -0.799994
179 279 0.683803
180 181 -0.140404
180 190 -0.018807
180 280 -0.133951
181 182 0.667154
181 191 1.535224
181 281 1.056797
182 183 1.661922
182 192 0.014096
182 282 0.387090
183 184 0.540215
183 193 -0.015026
183 283 -0.315071
184 185 0.371880
184 194 -0.952209
184 284 0.763391
185 186 0.138891
185 195 -1.814894
185 285 0.266320
186 187 0.089240
186 196 -1.288987
186 286 -0.228391
187 188 0.448819
187 197 0.102733
187 287 1.820760
188 189 1.059585
188 198 0.774182
188 288 1.677318
189 180 -0.349583
189 199 0.838590
189 289 1.122520
190 191 0.722673
190 100 -0.533586
190 290 -1.952226
191 192 1.517497
191 101 0.004166
191 291 0.589397
192 193 0.005212
192 102 1.329269
192 292 -1.074701
193 194 1.002136
193 103 -1.317926
193 293 -1.102693
194 195 -0.054980
194 104 -2.122683
194 294 -0.565944
195 196 0.864049
195 105 -1.278181
195 295 -2.650797
196 197 1.387445
196 106 -0.093057
196 296 0.103684
197 198 -0.447728
197 107 1.546193
197 297 -0.439297
198 199 -0.781761
198 108 -0.903999
198 298 -1.597432
199 190 -0.497112
199 109 0.569878
199 299 0.779689
200 201 -0.113198
200 210 2.339536
200 300 -1.695308
201 202 -1.294836
201 211 -2.175216
201 301 -0.070188
202 203 2.713506
202 212 -0.506995
202 302 1.388457
203 204 1.071994
203 213 0.175550
203 303 -0.479216
204 205 0.521387
204 214 -0.509666
204 304 0.883172
205 206 -0.500800
205 215 0.771161
205 305 1.013331
206 207 0.058854
206 216 -0.249266
206 306 0.606735
207 208 0.730014
207 217 -1.569631
207 307 0.493215
208 209 -0.600802
208 218 1.209431
208 308 -0.040882
209 200 0.906301
209 219 0.066302
209 309 -0.500820
210 211 0.717328
210 220 1.363166
210 310 -1.230008
211 212 0.988627
211 221 0.991733
211 311 -0.562246
212 213 0.046933
212 222 -0.555867
212 312 -0.546870
213 214 -0.475251
213 223 1.662694
213 313 -1.387015
214 215 -1.000453
214 224 0.628588
214 314 0.289433
215 216 0.851991
215 225 0.013846
215 315 0.237682
216 217 -1.655630
216 226 -0.362578
216 316 -1.093416
217 218 0.556275
217 227 -1.437534
217 317 -0.537177
218 219 0.061305
218 228 2.102385
218 318 -0.850214
219 210 -0.211273
219 229 0.025633
219 319 -0.904924
220 221 -0.384667
220 230 0.662817
220 320 -2.427987
221 222 1.085742
221 231 -0.936425
221 321 0.040897
222 223 -0.233407
222 232 0.349499
222 322 -1.263407
223 224 -0.071466
223 233 -1.283267
223 323 -2.722219
224 225 -0.946228
224 234 0.722142
224 324 -0.004051
225 226 1.439138
225 235 -0.028569
225 325 0.433262
226 227 -1.024997
226 236 -1.253522
226 326 -0.465223
227 228 -1.775751
227 237 0.704850
227 327 0.890016
228 229 0.129762
228 238 1.645266
228 328 -0.196833
229 220 -1.059892
229 239 0.547626
229 329 -0.139908
230 231 -1.132413
230 240 1.132473
230 330 -1.994063
231 232 0.379175
231 241 -2.734170
231 331 0.148150
232 233 0.533929
232 242 -0.804961
232 332 0.809142
233 234 -1.409238
233 243 0.725837
233 333 0.397016
234 235 2.129806
234 244 0.091232
234 334 -0.480836
235 236 0.991941
235 245 0.344301
235 335 -1.134124
236 237 0.473719
236 246 0.576525
236 336 0.033246
237 238 0.589755
237 247 0.018329
237 337 0.996122
238 239 -0.022934
238 248 -0.301778
238 338 1.487020
239 230 0.689742
239 249 -0.807409
239 339 0.927927
240 241 -0.557125
240 250 1.897169
240 340 0.625366
241 242 0.278877
241 251 1.598873
241 341 -1.347233
242 243 -0.733423
242 252 1.084901
242 342 0.323982
243 244 1.275930
243 253 1.757853
243 343 0.710193
244 245 0.000706
244 254 1.636049
244 344 -0.138469
245 246 0.100011
245 255 -0.595731
245 345 1.263625
246 247 0.994899
246 256 1.487524
246 346 -0.058355
247 248 -0.069869
247 257 0.492557
247 347 1.325889
248 249 -0.720250
248 258 1.818632
248 348 -0.894354
249 240 0.303933
249 259 -0.212297
249 349 0.136456
250 251 0.447902
250 260 -0.331519
250 350 0.297329
251 252 0.173361
251 261 -0.819958
251 351 -0.361256
252 253 0.327730
252 262 0.693364
252 352 0.154552
253 254 -1.256441
253 263 -0.877029
253 353 -1.645878
254 255 -1.591275
254 264 -0.756018
254 354 1.217469
255 256 0.441971
255 265 1.299743
255 355 -0.726732
256 257 1.618317
256 266 0.679928
256 356 0.403146
257 258 -0.918646
257 267 0.847069
257 357 -1.367265
258 259 -0.658740
258 268 -2.544953
258 358 1.087190
259 250 1.523900
259 269 -1.685297
259 359 -0.516469
260 261 -0.198127
260 270 -0.198947
260 360 -0.232673
261 262 -0.470699
261 271 0.538512
261 361 -0.192438
262 263 -0.318859
262 272 -0.024872
262 362 0.358753
263 264 -0.023307
263 273 1.550164
263 363 0.132474
264 265 -1.299614
264 274 1.230321
264 364 1.030798
265 266 -0.094573
265 275 1.009493
265 365 -1.180640
266 267 -2.293811
266 276 -0.793051
266 366 -0.272098
267 268 0.607056
267 277 2.296491
267 367 -0.639757
268 269 -0.409738
268 278 0.753078
268 368 0.682894
269 260 -0.210033
269 279 0.876179
269 369 0.237023
270 271 -0.539197
270 280 -0.687416
270 370 -0.359332
271 272 -0.498743
271 281 1.019490
271 371 -0.201059
272 273 0.403547
272 282 -1.222510
272 372 -0.422801
273 274 -1.905783
273 283 0.688866
273 373 -0.794829
274 275 1.481690
274 284 -0.610674
274 374 -1.156658
275 276 -1.142048
275 285 0.037773
275 375 -0.488452
276 277 0.874083
276 286 0.155024
276 376 1.036852
277 278 0.453489
277 287 -0.481261
277 377 -0.842569
278 279 -2.586350
278 288 -0.688846
278 378 1.698976
279 270 0.706595
279 289 -1.495544
279 379 -0.255401
280 281 0.253848
280 290 0.609109
280 380 -0.743377
281 282 1.373636
281 291 -0.554072
281 381 0.002712
282 283 0.232749
282 292 -0.998800
282 382 -0.110715
283 284 0.821973
283 293 -1.254627
283 383 -1.109677
284 285 -0.322698
284 294 -1.202819
284 384 0.161486
285 286 -1.004179
285 295 -0.556038
285 385 0.159257
286 287 -0.318715
286 296 1.058420
286 386 -1.100357
287 288 -0.375022
287 297 1.227605
287 387 1.136533
288 289 1.950436
288 298 -0.981237
288 388 0.997943
289 280 -0.801376
289 299 0.124318
289 389 0.640316
290 291 1.388244
290 200 -1.137272
290 390 -1.154085
291 292 0.029081
291 201 -0.918904
291 391 0.865285
292 293 0.837181
292 202 -1.005834
292 392 1.422345
293 294 0.511606
293 203 2.517446
293 393 -0.888178
294 295 -0.715713
294 204 -1.005196
294 394 -0.323243
295 296 -0.223636
295 205 -1.085567
295 395 -0.796207
296 297 -0.707350
296 206 0.664406
296 396 -1.374157
297 298 -1.302947
297 207 -0.090838
297 397 0.204158
298 299 1.410012
298 208 0.040720
298 398 -0.814918
299 290 -1.025693
299 209 -1.266308
299 399 0.269641
300 301 -0.610944
300 310 -0.624525
300 400 0.471588
301 302 0.082341
301 311 -0.727711
301 401 -1.882173
302 303 -0.085231
302 312 1.471454
302 402 -0.178568
303 304 0.943522
303 313 0.701092
303 403 -0.519671
304 305 -0.609655
304 314 0.293706
304 404 0.355238
305 306 1.246244
305 315 0.547707
305 405 -0.141829
306 307 0.521778
306 316 0.273711
306 406 1.093871
307 308 0.227894
307 317 0.025097
307 407 0.134856
308 309 -1.426345
308 318 0.952141
308 408 1.589318
309 300 -0.722596
309 319 0.034307
309 409 -0.228594
310 311 0.125114
310 320 1.581319
310 410 0.020349
311 312 0.456608
311 321 0.533652
311 411 0.306018
312 313 0.447072
312 322 -0.524189
312 412 -0.624156
313 314 -1.306172
313 323 -1.783300
313 413 -0.940340
314 315 -0.266791
314 324 -0.063199
314 414 -1.013152
315 316 0.897867
315 325 -0.557671
315 415 -2.324446
316 317 -1.274911
316 326 0.895249
316 416 1.055885
317 318 0.888461
317 327 -0.380829
317 417 -0.190628
318 319 1.481273
318 328 -0.462180
318 418 2.296983
319 310 1.132775
319 329 1.704071
319 419 -0.063220
320 321 -0.908433
320 330 -0.638139
320 420 0.132373
321 322 1.626147
321 331 0.664281
321 421 -0.984298
322 323 -0.466636
322 332 -1.219191
322 422 1.050597
323 324 0.924742
323 333 -0.462103
323 423 -0.543608
324 325 0.316383
324 334 0.596663
324 424 -0.042131
325 326 2.264412
325 335 -0.911754
325 425 -0.289746
326 327 -0.722700
326 336 -0.092486
326 426 -0.463993
327 328 2.541929
327 337 1.493616
327 427 1.549826
328 329 -0.333277
328 338 -1.099891
328 428 -0.117886
329 320 1.267862
329 339 0.366081
329 429 -0.008390
330 331 1.385489
330 340 0.530049
330 430 0.714784
331 332 -0.482252
331 341 -0.641848
331 431 -0.913713
332 333 -0.612806
332 342 -1.313540
332 432 -0.595618
333 334 -0.805952
333 343 0.436147
333 433 0.326412
334 335 -0.594725
334 344 -0.500520
334 434 -0.403144
335 336 2.042125
335 345 0.096343
335 435 -0.151947
336 337 -1.223036
336 346 -0.538856
336 436 1.135885
337 338 -0.540496
337 347 -1.531768
337 437 -0.384485
338 339 -0.655085
338 348 1.492576
338 438 0.657061
339 330 -0.213932
339 349 -0.915917
339 439 -1.000912
340 341 -0.989749
340 350 1.391313
340 440 0.642245
341 342 0.181149
341 351 0.092395
341 441 0.780479
342 343 -0.200244
342 352 -2.013116
342 442 -0.682623
343 344 0.645430
343 353 1.288601
343 443 -0.644977
344 345 -1.153323
344 354 0.742968
344 444 -0.645994
345 346 1.044337
345 355 0.357888
345 445 -2.401865
346 347 -0.324295
346 356 -0.473582
346 446 1.894001
347 348 -1.513691
347 357 -0.516937
347 447 -0.551474
348 349 0.801562
348 358 1.076596
348 448 0.979661
349 340 0.525440
349 359 -0.918745
349 449 0.746304
350 351 0.234054
350 360 0.587003
350 450 1.312221
351 352 2.135742
351 361 -0.676933
351 451 -0.601375
352 353 -0.301323
352 362 -1.008991
352 452 1.382730
353 354 -0.806479
353 363 -0.674661
353 453 -0.227993
354 355 1.718366
354 364 0.554946
354 454 -0.094749
355 356 -2.276450
355 365 2.059801
355 455 -0.681904
356 357 -1.049678
356 366 -1.146923
356 456 -0.375969
357 358 -1.110832
357 367 -0.876549
357 457 0.346751
358 359 0.674138
358 368 0.697177
358 458 0.317533
359 350 1.096552
359 369 -0.782227
359 459 -3.142696
360 361 0.678063
360 370 -0.149904
360 460 0.370771
361 362 -0.441903
361 371 -1.360358
361 461 0.267403
362 363 -0.623126
362 372 -1.450275
362 462 -0.948728
363 364 0.121811
363 373 1.251481
363 463 0.195361
364 365 1.493126
364 374 -0.286898
364 464 -0.230660
365 366 -0.046054
365 375 -1.262090
365 465 -0.957303
366 367 0.425801
366 376 1.183661
366 466 0.768270
367 368 -0.430651
367 377 -0.900690
367 467 -1.960639
368 369 0.091947
368 378 0.901551
368 468 0.728225
369 360 -0.231383
369 379 0.922064
369 469 -1.297162
370 371 -0.881127
370 380 0.128447
370 470 0.042161
371 372 -0.454787
371 381 -0.839895
371 471 -2.150340
372 373 -0.239092
372 382 -0.193955
372 472 -0.306198
373 374 -0.542460
373 383 -1.673804
373 473 -0.133383
374 375 -0.373107
374 384 -1.330328
374 474 -0.595251
375 376 0.430225
375 385 1.205106
375 475 0.474869
376 377 -0.818400
376 386 2.253827
376 476 0.895020
377 378 -0.660066
377 387 1.273815
377 477 -1.745487
378 379 -0.696001
378 388 -0.300629
378 478 -0.210515
379 370 0.112027
379 389 -0.606993
379 479 0.585847
380 381 0.659673
380 390 0.366624
380 480 1.442356
381 382 -0.371670
381 391 0.531054
381 481 0.826556
382 383 0.017409
382 392 0.803015
382 482 -0.943614
383 384 0.314560
383 393 -1.057384
383 483 0.901191
384 385 -0.687990
384 394 -1.551004
384 484 1.710576
385 386 2.463148
385 395 0.853342
385 485 0.739635
386 387 1.218696
386 396 0.305879
386 486 1.457043
387 388 0.054807
387 397 -0.785987
387 487 -0.747480
388 389 -0.718098
388 398 -1.173310
388 488 -0.464465
389 380 -1.427153
389 399 1.144708
389 489 -1.118143
390 391 -1.077167
390 300 -1.251902
390 490 1.512221
391 392 -0.090190
391 301 -0.344861
391 491 0.001598
392 393 -0.092343
392 302 0.329026
392 492 -1.410553
393 394 -0.583411
393 303 -1.026015
393 493 0.732869
394 395 0.339289
394 304 -1.328220
394 494 -1.139968
395 396 0.801852
395 305 0.092419
395 495 0.844129
396 397 -0.963324
396 306 0.853055
396 496 0.738877
397 398 -0.174338
397 307 -1.177629
397 497 -1.208276
398 399 -0.296523
398 308 1.223457
398 498 0.718204
399 390 -1.067979
399 309 -0.647625
399 499 0.422453
400 401 0.455174
400 410 0.357188
400 500 0.183891
401 402 0.409537
401 411 1.026099
401 501 0.916720
402 403 0.178821
402 412 -0.807237
402 502 0.325009
403 404 -0.073455
403 413 -1.625441
403 503 -1.130484
404 405 0.048701
404 414 2.323946
404 504 -0.403722
405 406 0.601489
405 415 0.819858
405 505 -0.344475
406 407 -1.424907
406 416 0.911339
406 506 -0.099728
407 408 2.185022
407 417 -1.096645
407 507 -0.772338
408 409 0.084795
408 418 0.263075
408 508 1.102704
409 400 0.195174
409 419 0.923068
409 509 -0.232966
410 411 0.659622
410 420 0.058394
410 510 -0.502809
411 412 -0.910808
411 421 1.181157
411 511 -0.503434
412 413 -0.359231
412 422 -1.476553
412 512 -0.132825
413 414 -0.873016
413 423 0.841496
413 513 -0.132565
414 415 -2.208507
414 424 -0.764491
414 514 -1.553806
415 416 -1.007324
415 425 -0.323464
415 515 -0.201303
416 417 0.444917
416 426 0.356967
416 516 -1.704227
417 418 1.060307
417 427 -0.542717
417 517 -0.501412
418 419 0.927143
418 428 0.064990
418 518 0.360724
419 410 1.151210
419 429 0.783919
419 519 0.741643
420 421 0.944209
420 430 1.780095
420 520 0.610939
421 422 -2.044453
421 431 0.685193
421 521 1.439076
422 423 -0.835023
422 432 -0.027202
422 522 1.089129
423 424 1.118332
423 433 -1.561418
423 523 -0.241175
424 425 1.136790
424 434 0.841212
424 524 0.420940
425 426 0.387091
425 435 -0.240802
425 525 1.933085
426 427 -0.505446
426 436 -0.122086
426 526 -0.629040
427 428 -0.806184
427 437 0.917689
427 527 -0.435307
428 429 -0.262391
428 438 -1.941786
428 528 -0.973000
429 420 1.181043
429 439 0.656081
429 529 2.518117
430 431 0.844439
430 440 1.026613
430 530 2.273963
431 432 -0.984332
431 441 -0.142966
431 531 -0.404197
432 433 -1.282762
432 442 -1.060185
432 532 0.153808
433 434 -0.030194
433 443 0.551980
433 533 -1.229361
434 435 0.362304
434 444 -0.518119
434 534 -0.713881
435 436 0.131116
435 445 0.416403
435 535 0.520802
436 437 0.919010
436 446 -0.677174
436 536 -0.991746
437 438 -0.065929
437 447 -1.604776
437 537 0.247530
438 439 0.190985
438 448 0.891406
438 538 0.847390
439 430 1.573872
439 449 -0.341399
439 539 1.042235
440 441 -0.116320
440 450 1.449879
440 540 -0.663000
441 442 -1.814420
441 451 -1.182305
441 541 0.642940
442 443 -0.536357
442 452 0.125179
442 542 2.008927
443 444 0.503753
443 453 -0.015376
443 543 1.260081
444 445 -1.593974
444 454 -2.069176
444 544 0.826732
445 446 -2.422257
445 455 -0.363147
445 545 -0.992230
446 447 0.393297
446 456 -0.479569
446 546 -1.026884
447 448 -2.463430
447 457 0.155090
447 547 0.234434
448 449 3.458159
448 458 0.714739
448 548 0.179582
449 440 -0.193715
449 459 0.846143
449 549 0.385065
450 451 1.038483
450 460 -1.253215
450 550 0.756418
451 452 -1.619253
451 461 -0.056809
451 551 -1.480944
452 453 -0.725231
452 462 -0.033161
452 552 -1.018257
453 454 0.746346
453 463 0.362757
453 553 -1.462824
454 455 -0.091748
454 464 0.041082
454 554 0.336422
455 456 -1.323629
455 465 1.333157
455 555 0.032941
456 457 0.591747
456 466 -0.323946
456 556 0.167755
457 458 -1.483243
457 467 -0.908811
457 557 -1.306111
458 459 -1.237776
458 468 1.603360
458 558 -1.238190
459 450 1.373585
459 469 -0.585773
459 559 1.271705
460 461 -0.887000
460 470 1.360337
460 560 -0.106567
461 462 -0.233320
461 471 -0.741243
461 561 0.066778
462 463 1.173115
462 472 -1.739891
462 562 0.722067
463 464 -0.158039
463 473 0.585312
463 563 -1.041867
464 465 0.123807
464 474 0.873703
464 564 0.371271
465 466 -1.876155
465 475 -1.754577
465 565 0.319157
466 467 -1.160171
466 476 0.161450
466 566 0.003772
467 468 1.891515
467 477 -0.946266
467 567 -0.474059
468 469 1.641149
468 478 0.482167
468 568 -1.657901
469 460 0.818292
469 479 1.278456
469 569 -0.322064
470 471 -0.832080
470 480 -0.528312
470 570 -0.643068
471 472 -1.776373
471 481 2.070529
471 571 0.478536
472 473 -1.429055
472 482 -0.353324
472 572 0.852603
473 474 -0.608738
473 483 0.918825
473 573 1.196576
474 475 -1.370673
474 484 0.987124
474 574 0.403105
475 476 0.646078
475 485 -0.306354
475 575 0.170968
476 477 -0.367927
476 486 -0.142466
476 576 -1.453894
477 478 0.962576
477 487 0.946584
477 577 2.116014
478 479 -1.629957
478 488 -1.090922
478 578 1.491147
479 470 0.203522
479 489 -2.636567
479 579 -0.905777
480 481 0.193558
480 490 0.278746
480 580 2.450755
481 482 0.497763
481 491 -1.319392
481 581 1.362626
482 483 -0.045748
482 492 -0.786067
482 582 -2.407729
483 484 -1.570003
483 493 -0.596214
483 583 -0.003658
484 485 0.558739
484 494 -0.123429
484 584 0.486118
485 486 -0.623892
485 495 0.717283
485 585 0.914612
486 487 -1.605665
486 496 -0.203362
486 586 2.019708
487 488 -0.782446
487 497 -0.652021
487 587 -0.870095
488 489 2.391947
488 498 0.573470
488 588 0.171775
489 480 2.540749
489 499 0.056093
489 589 2.099995
490 491 -0.324621
490 400 -0.077452
490 590 0.109014
491 492 0.300489
491 401 0.496667
491 591 1.054087
492 493 0.544326
492 402 1.046584
492 592 0.706343
493 494 -0.712587
493 403 1.247984
493 593 0.424055
494 495 -0.548692
494 404 0.946990
494 594 0.141289
495 496 -0.911053
495 405 -0.578091
495 595 2.460065
496 497 -1.537144
496 406 1.055210
496 596 1.545554
497 498 0.058799
497 407 0.616328
497 597 1.502727
498 499 -0.729239
498 408 0.580401
498 598 -0.493854
499 490 -0.949476
499 409 1.382401
499 599 -0.336028
500 501 0.302475
500 510 -2.617662
500 600 -0.801714
501 502 -0.076618
501 511 0.661624
501 601 1.594504
502 503 2.104388
502 512 -0.411391
502 602 -0.438994
503 504 -2.016467
503 513 0.967341
503 603 0.303699
504 505 0.590542
504 514 -0.029503
504 604 -1.681812
505 506 -0.478628
505 515 -0.582674
505 605 0.726366
506 507 -0.206501
506 516 -1.974639
506 606 0.553744
507 508 -0.256528
507 517 1.305837
507 607 -1.580959
508 509 -1.729491
508 518 -0.215390
508 608 -1.097174
509 500 2.066714
509 519 -0.511777
509 609 -0.561990
510 511 -0.627342
510 520 0.507036
510 610 0.548899
511 512 0.345930
511 521 -1.119321
511 611 -0.584038
512 513 -0.058133
512 522 -0.754875
512 612 -0.288840
513 514 -0.398455
513 523 0.372190
513 613 -1.220676
514 515 0.039953
514 524 1.258092
514 614 -0.083629
515 516 -0.987114
515 525 0.248395
515 615 -0.138713
516 517 0.108639
516 526 1.363091
516 616 0.228144
517 518 1.134781
517 527 -0.179991
517 617 1.126011
518 519 -0.808053
518 528 0.433074
518 618 -0.087664
519 510 -0.258975
519 529 0.386620
519 619 -0.763222
520 521 1.131004
520 530 -1.845626
520 620 -0.988368
521 522 -1.084779
521 531 0.552105
521 621 1.162531
522 523 -0.128209
522 532 -1.205900
522 622 -0.011883
523 524 -0.268683
523 533 2.330053
523 623 -1.297525
524 525 0.208269
524 534 0.053441
524 624 1.429663
525 526 0.841425
525 535 0.896088
525 625 1.969583
526 527 -0.656884
526 536 1.073060
526 626 0.254957
527 528 -0.702575
527 537 -0.466285
527 627 1.339740
528 529 -0.938763
528 538 0.146840
528 628 -1.573986
529 520 -0.757774
529 539 0.860257
529 629 -0.270093
530 531 -0.411134
530 540 1.405739
530 630 0.717699
531 532 1.547717
531 541 1.080381
531 631 -0.364530
532 533 0.125375
532 542 -0.749166
532 632 -0.844056
533 534 -0.459993
533 543 0.606746
533 633 0.642043
534 535 -1.482358
534 544 -0.914788
534 634 -0.046300
535 536 -0.605581
535 545 0.339425
535 635 -1.321014
536 537 0.089870
536 546 2.314499
536 636 0.086064
537 538 -0.164338
537 547 1.195706
537 637 0.077971
538 539 1.204622
538 548 -0.554942
538 638 0.207315
539 530 -0.666232
539 549 -1.760969
539 639 -1.275449
540 541 -0.825921
540 550 0.688063
540 640 -0.771819
541 542 -2.835713
541 551 -1.049408
541 641 1.319823
542 543 0.901147
542 552 -0.135683
542 642 -0.407128
543 544 1.166340
543 553 0.535614
543 643 -0.756072
544 545 0.559544
544 554 0.770611
544 644 2.512869
545 546 0.144778
545 555 -0.503530
545 645 -0.474455
546 547 1.536313
546 556 1.017284
546 646 1.272343
547 548 1.144800
547 557 1.239251
547 647 -0.265299
548 549 -0.518835
548 558 -0.191867
548 648 0.915348
549 540 1.541708
549 559 -0.606657
549 649 -0.818113
550 551 -0.259265
550 560 0.654871
550 650 -0.025239
551 552 0.755515
551 561 -2.693310
551 651 0.204578
552 553 2.149965
552 562 1.943906
552 652 -1.087922
553 554 0.184061
553 563 1.480725
553 653 0.258154
554 555 -0.772149
554 564 -0.412187
554 654 -0.564569
555 556 0.591938
555 565 -0.518677
555 655 1.292810
556 557 -0.989192
556 566 -0.458901
556 656 -0.360439
557 558 0.834409
557 567 -1.441143
557 657 -1.435863
558 559 -0.233581
558 568 -0.740166
558 658 0.392895
559 550 1.743323
559 569 -1.162645
559 659 -0.960723
560 561 1.257146
560 570 -0.720235
560 660 -0.548336
561 562 2.502840
561 571 -3.107818
561 661 -0.209581
562 563 2.338597
562 572 -0.282882
562 662 -2.416160
563 564 0.180190
563 573 0.291228
563 663 -0.830161
564 565 -1.397835
564 574 -1.624338
564 664 -0.618553
565 566 0.756108
565 575 0.040190
565 665 -0.121891
566 567 -0.677373
566 576 -0.400189
566 666 -2.110750
567 568 1.148173
567 577 -0.661904
567 667 0.433549
568 569 1.000565
568 578 -2.218976
568 668 -0.691755
569 560 0.257941
569 579 -0.412074
569 669 -1.024596
570 571 2.072348
570 580 -0.182230
570 670 0.498647
571 572 -0.230912
571 581 -0.597846
571 671 2.233693
572 573 0.325588
572 582 0.225008
572 672 1.068602
573 574 0.016818
573 583 -0.884509
573 673 -1.369817
574 575 -0.468067
574 584 -0.578107
574 674 1.423731
575 576 0.492666
575 585 -0.068483
575 675 0.322036
576 577 -1.377648
576 586 -0.919325
576 676 -0.707128
577 578 -3.399483
577 587 0.512282
577 677 -0.324883
578 579 0.003950
578 588 -1.028809
578 678 -0.337979
579 570 -1.311813
579 589 -0.697971
579 679 -1.888886
580 581 0.637432
580 590 1.183437
580 680 0.198707
581 582 -0.727494
581 591 -0.510296
581 681 0.207424
582 583 -0.338450
582 592 -0.624946
582 682 0.456135
583 584 1.452920
583 593 2.295701
583 683 1.544233
584 585 -1.397893
584 594 -0.568355
584 684 1.756453
585 586 -0.107782
585 595 1.119710
585 685 0.262869
586 587 -1.211740
586 596 0.790514
586 686 0.983255
587 588 -1.746293
587 597 -0.444089
587 687 0.841764
588 589 1.575744
588 598 -1.138852
588 688 1.343339
589 580 -1.681742
589 599 2.103064
589 689 1.574863
590 591 0.132493
590 500 1.235347
590 690 -1.029023
591 592 1.046614
591 501 -0.846631
591 691 1.426301
592 593 -2.182554
592 502 0.791456
592 692 -1.790721
593 594 -2.463146
593 503 -1.407051
593 693 0.354372
594 595 1.783045
594 504 -0.519575
594 694 1.957563
595 596 -0.932206
595 505 -0.280792
595 695 -0.488005
596 597 1.219506
596 506 1.753322
596 696 0.095845
597 598 2.046510
597 507 -0.847954
597 697 -0.009692
598 599 0.367524
598 508 -1.416279
598 698 -0.807735
599 590 -0.421622
599 509 0.491964
599 699 -1.133583
600 601 0.920301
600 610 -0.057765
600 700 -0.501613
601 602 0.845483
601 611 1.400674
601 701 -0.747791
602 603 -0.224089
602 612 0.150074
602 702 0.290864
603 604 0.662685
603 613 0.262047
603 703 -1.073356
604 605 1.335739
604 614 0.512701
604 704 0.758702
605 606 0.011448
605 615 0.816419
605 705 0.382835
606 607 -1.992457
606 616 0.371986
606 706 0.442355
607 608 1.571252
607 617 -1.219688
607 707 0.895648
608 609 0.549474
608 618 0.172048
608 708 0.184194
609 600 -1.347318
609 619 -0.172363
609 709 -0.540793
610 611 0.414992
610 620 0.352265
610 710 -0.708205
611 612 0.224193
611 621 0.227903
611 711 -1.175861
612 613 1.145258
612 622 -0.488589
612 712 -0.320005
613 614 -0.881922
613 623 -0.596182
613 713 1.224396
614 615 0.151155
614 624 -0.281768
614 714 0.466078
615 616 -0.346090
615 625 0.792503
615 715 -0.569053
616 617 0.406639
616 626 -0.282521
616 716 -0.259652
617 618 -0.023460
617 627 1.373825
617 717 -0.075493
618 619 0.992554
618 628 0.808439
618 718 -0.330037
619 610 -1.686562
619 629 -0.128856
619 719 -0.618673
620 621 -0.768272
620 630 0.632340
620 720 -1.754484
621 622 0.635733
621 631 -0.069108
621 721 0.963145
622 623 2.000684
622 632 -0.474395
622 722 1.046712
623 624 2.323096
623 633 0.302298
623 723 0.946727
624 625 -1.104915
624 634 0.848021
624 724 0.455143
625 626 1.383545
625 635 -1.726514
625 725 -2.225739
626 627 0.370933
626 636 -1.016610
626 726 -0.223584
627 628 0.506085
627 637 -0.584811
627 727 0.890094
628 629 -2.086160
628 638 0.643488
628 728 1.162104
629 620 -0.555366
629 639 0.486292
629 729 -0.548544
630 631 -1.950246
630 640 -0.615501
630 730 1.331126
631 632 1.997621
631 641 0.173626
631 731 -1.623973
632 633 0.730447
632 642 0.782338
632 732 0.511446
633 634 -1.585101
633 643 -0.563503
633 733 -0.928502
634 635 -1.132546
634 644 -0.256396
634 734 0.015437
635 636 0.105807
635 645 0.685520
635 735 -1.040603
636 637 -1.205940
636 646 0.907769
636 736 -0.209093
637 638 0.365968
637 647 -0.121056
637 737 0.221402
638 639 -1.205320
638 648 0.627784
638 738 0.282585
639 630 -2.097575
639 649 -0.934093
639 739 -1.853583
640 641 0.640749
640 650 -2.119620
640 740 -1.496020
641 642 -1.431712
641 651 0.283227
641 741 -1.833867
642 643 -0.037862
642 652 -1.130026
642 742 -0.471072
643 644 -0.936302
643 653 -1.089074
643 743 -0.192193
644 645 -0.638368
644 654 -0.643273
644 744 -0.035196
645 646 -1.351798
645 655 1.301201
645 745 -0.796818
646 647 -0.258724
646 656 0.013140
646 746 1.300733
647 648 -0.150621
647 657 2.462885
647 747 -1.012936
648 649 0.436531
648 658 1.162862
648 748 0.163180
649 640 0.243310
649 659 -0.050817
649 749 1.800217
650 651 -0.863263
650 660 -1.676909
650 750 -1.395638
651 652 -0.895763
651 661 -1.585527
651 751 -0.445515
652 653 0.616078
652 662 2.440253
652 752 0.981181
653 654 0.332239
653 663 -0.578076
653 753 1.291521
654 655 -0.416165
654 664 -1.055927
654 754 -0.985439
655 656 0.352539
655 665 -1.048402
655 755 0.109535
656 657 1.026216
656 666 1.543083
656 756 1.007967
657 658 -1.031287
657 667 0.895627
657 757 1.130491
658 659 -1.221786
658 668 0.192245
658 758 -0.626564
659 650 -0.078222
659 669 1.145512
659 759 0.563151
660 661 -0.236808
660 670 -1.560024
660 760 1.585236
661 662 1.229742
661 671 1.212956
661 761 -0.553465
662 663 -0.390990
662 672 0.180369
662 762 1.155785
663 664 1.079363
663 673 -0.776791
663 763 -0.446204
664 665 1.022589
664 674 -2.003887
664 764 -1.114575
665 666 0.754336
665 675 -0.464411
665 765 0.334147
666 667 -1.871078
666 676 -0.448766
666 766 0.022594
667 668 -0.749624
667 677 -0.627377
667 767 1.831170
668 669 -1.259504
668 678 -0.755295
668 768 0.774697
669 660 0.675764
669 679 -0.376229
669 769 -0.482549
670 671 0.773577
670 680 -0.950275
670 770 -0.122004
671 672 0.178315
671 681 0.347160
671 771 1.048674
672 673 -1.387055
672 682 -0.786693
672 772 -0.027249
673 674 -0.964146
673 683 -0.446001
673 773 1.231865
674 675 -0.490912
674 684 -0.161991
674 774 1.234427
675 676 -0.001846
675 685 1.259373
675 775 1.295942
676 677 -0.582096
676 686 0.050542
676 776 -1.752518
677 678 -0.387883
677 687 0.365521
677 777 -1.767642
678 679 1.132927
678 688 0.570522
678 778 0.597361
679 670 -0.547388
679 689 1.431875
679 779 0.541918
680 681 -0.154612
680 690 0.475662
680 780 -0.872098
681 682 -0.071595
681 691 -1.888908
681 781 -0.914736
682 683 1.910215
682 692 2.383774
682 782 -0.528975
683 684 0.189361
683 693 0.061852
683 783 -0.077938
684 685 1.119345
684 694 1.089651
684 784 1.087363
685 686 -1.719564
685 695 0.327336
685 785 -0.818691
686 687 -0.593779
686 696 0.921921
686 786 1.032853
687 688 -1.576634
687 697 -0.009517
687 787 1.332054
688 689 0.786800
688 698 0.664054
688 788 -0.041904
689 680 0.495232
689 699 1.730935
689 789 -1.293091
690 691 -0.119858
690 600 2.075989
690 790 -0.631412
691 692 0.428665
691 601 -0.812897
691 791 -0.179220
692 693 0.716865
692 602 -0.756475
692 792 -0.134273
693 694 1.451386
693 603 0.430138
693 793 -1.062150
694 695 -1.814198
694 604 -0.485005
694 794 1.020826
695 696 -0.776889
695 605 -0.030332
695 795 -1.342852
696 697 -0.694481
696 606 -1.458863
696 796 -0.957715
697 698 2.329108
697 607 0.939157
697 797 1.651674
698 699 0.775184
698 608 1.836645
698 798 0.575033
699 690 -1.072350
699 609 -0.058860
699 799 -0.402561
700 701 -0.102241
700 710 -0.410405
700 800 0.248090
701 702 1.488212
701 711 -0.600831
701 801 -1.016668
702 703 -0.420356
702 712 1.006930
702 802 1.031660
703 704 0.257312
703 713 -1.052802
703 803 0.397082
704 705 -0.152478
704 714 -0.701840
704 804 -0.754419
705 706 1.251771
705 715 -0.058342
705 805 -0.028843
706 707 -1.770783
706 716 1.006447
706 806 -1.079092
707 708 1.074193
707 717 -1.045506
707 807 -0.407743
708 709 -0.565033
708 718 -0.980624
708 808 1.765995
709 700 0.295970
709 719 0.994093
709 809 -1.340453
710 711 -0.038614
710 720 0.699092
710 810 0.406608
711 712 -1.019631
711 721 -2.232353
711 811 0.781056
712 713 -0.835917
712 722 -0.368642
712 812 -0.726743
713 714 -0.752259
713 723 -1.100234
713 813 0.021525
714 715 1.878746
714 724 1.411439
714 814 -0.384018
715 716 1.344652
715 725 -0.840686
715 815 -1.930933
716 717 -0.424954
716 726 -1.759620
716 816 1.030940
717 718 -1.456072
717 727 0.633267
717 817 -1.474737
718 719 -1.246880
718 728 -1.108557
718 818 1.567151
719 710 0.324045
719 729 0.411847
719 819 0.311688
720 721 1.133880
720 730 0.570972
720 820 0.971765
721 722 1.801034
721 731 0.263786
721 821 1.229843
722 723 -1.459054
722 732 0.015413
722 822 -0.091798
723 724 -1.307608
723 733 -0.037981
723 823 -0.871162
724 725 -0.817770
724 734 -0.405949
724 824 0.504468
725 726 1.251396
725 735 0.226450
725 825 -0.621122
726 727 -0.356353
726 736 0.195900
726 826 -0.697045
727 728 -1.239793
727 737 -1.341943
727 827 -1.033188
728 729 0.351375
728 738 1.473700
728 828 -0.509945
729 720 -0.023437
729 739 -0.802897
729 829 -0.604352
730 731 -1.058262
730 740 0.773427
730 830 -0.395871
731 732 0.334698
731 741 -0.287560
731 831 -1.300894
732 733 0.564112
732 742 0.032372
732 832 -0.583322
733 734 0.208262
733 743 -0.796780
733 833 -0.013631
734 735 1.556265
734 744 -1.014377
734 834 -2.145695
735 736 -0.775062
735 745 -1.030769
735 835 1.702822
736 737 0.027053
736 746 2.004975
736 836 1.781916
737 738 -0.371089
737 747 1.685120
737 837 -0.356840
738 739 0.734600
738 748 -0.304852
738 838 0.424061
739 730 1.999851
739 749 -0.622798
739 839 -0.209674
740 741 -0.143506
740 750 -0.440870
740 840 0.100477
741 742 1.026474
741 751 0.549422
741 841 -0.048778
742 743 -0.833335
742 752 -0.019219
742 842 0.956133
743 744 -0.998184
743 753 -0.607119
743 843 -0.181233
744 745 0.048912
744 754 2.012560
744 844 0.366149
745 746 0.134484
745 755 -0.514376
745 845 -0.927595
746 747 0.228131
746 756 -2.160919
746 846 -0.666403
747 748 1.329508
747 757 -0.908314
747 847 -0.170080
748 749 -0.032051
748 758 1.030119
748 848 -0.373164
749 740 -1.083219
749 759 -0.395505
749 849 0.132780
750 751 0.455579
750 760 -0.282000
750 850 0.446282
751 752 -1.779626
751 761 0.133273
751 851 -0.105425
752 753 1.561060
752 762 -0.309280
752 852 1.304383
753 754 0.567689
753 763 1.076488
753 853 1.910797
754 755 1.909970
754 764 0.184082
754 854 -0.108096
755 756 -1.152987
755 765 -0.529267
755 855 0.478812
756 757 -0.367817
756 766 0.946795
756 856 -0.196123
757 758 -0.850469
757 767 2.120481
757 857 0.994622
758 759 -0.272331
758 768 -1.892235
758 858 -0.434244
759 750 -1.373039
759 769 -1.512171
759 859 -0.940249
760 761 -0.786257
760 770 -0.557614
760 860 0.897379
761 762 0.993256
761 771 -1.008884
761 861 0.995614
762 763 0.878258
762 772 -1.627041
762 862 1.172466
763 764 -0.815418
763 773 -0.698699
763 863 1.100398
764 765 0.960022
764 774 -0.796381
764 864 1.061828
765 766 0.696176
765 775 0.801184
765 865 0.031716
766 767 -0.694182
766 776 0.048637
766 866 -1.302657
767 768 1.068823
767 777 -1.867567
767 867 2.256390
768 769 0.857275
768 778 -0.445939
768 868 1.172260
769 760 -0.300676
769 779 0.652809
769 869 0.685145
770 771 0.289672
770 780 -0.187945
770 870 -1.376569
771 772 -0.496044
771 781 -0.934334
771 871 1.058560
772 773 -2.009984
772 782 -0.702913
772 872 -0.769955
773 774 -0.136448
773 783 0.112275
773 873 0.579834
774 775 -0.904776
774 784 0.425346
774 874 -1.093085
775 776 -0.582614
775 785 1.520687
775 875 0.632639
776 777 1.597239
776 786 -0.312123
776 876 -0.641587
777 778 -0.691321
777 787 -1.386775
777 877 1.157831
778 779 0.477244
778 788 -0.231678
778 878 -2.106568
779 770 1.455564
779 789 0.872725
779 879 0.486273
780 781 -1.996772
780 790 -1.105076
780 880 0.407677
781 782 1.251528
781 791 -2.283420
781 881 -0.524655
782 783 0.149048
782 792 0.410015
782 882 0.501295
783 784 1.226511
783 793 -0.880090
783 883 -0.457713
784 785 -1.084593
784 794 -0.634300
784 884 -0.834569
785 786 -0.326733
785 795 -1.748366
785 885 1.151561
786 787 0.431874
786 796 0.828186
786 886 0.418034
787 788 -0.444010
787 797 1.799199
787 887 -0.888738
788 789 0.560385
788 798 -0.292919
788 888 -0.050755
789 780 1.343453
789 799 1.322270
789 889 -0.350621
790 791 -0.114027
790 700 1.400461
790 890 -0.994082
791 792 0.519627
791 701 -0.952310
791 891 -1.228029
792 793 0.609520
792 702 1.239718
792 892 -0.133140
793 794 -0.267501
793 703 -0.716939
793 893 0.019293
794 795 0.052089
794 704 1.474852
794 894 2.064257
795 796 -0.262196
795 705 -0.553581
795 895 -0.306940
796 797 0.801736
796 706 -1.255187
796 896 0.758995
797 798 -0.924846
797 707 0.412552
797 897 -1.882608
798 799 -0.771285
798 708 0.242305
798 898 -1.932093
799 790 -1.133532
799 709 0.881987
799 899 -1.080634
800 801 0.454621
800 810 0.588453
800 900 0.046737
801 802 1.015460
801 811 0.216923
801 901 -2.084084
802 803 0.557838
802 812 0.195257
802 902 -0.720370
803 804 1.760415
803 813 1.041057
803 903 -0.819595
804 805 1.314631
804 814 -0.310176
804 904 0.313830
805 806 1.378745
805 815 0.480185
805 905 0.915669
806 807 1.550391
806 816 -0.895431
806 906 0.847070
807 808 -0.181765
807 817 -1.584538
807 907 2.384670
808 809 0.610547
808 818 0.419523
808 908 -0.162423
809 800 3.127924
809 819 -0.421248
809 909 0.346312
810 811 -0.251341
810 820 -0.818609
810 910 -2.795586
811 812 -0.995244
811 821 -1.733328
811 911 0.388329
812 813 -0.825091
812 822 1.522414
812 912 -1.218259
813 814 0.257379
813 823 0.290216
813 913 -0.073648
814 815 -0.147301
814 824 -1.141520
814 914 0.436826
815 816 0.518137
815 825 -0.040645
815 915 -0.518293
816 817 0.565301
816 826 -1.854240
816 916 0.617843
817 818 -0.944758
817 827 -1.980554
817 917 -0.143802
818 819 1.401430
818 828 0.354038
818 918 -0.239674
819 810 -0.842022
819 829 0.197458
819 919 -2.268089
820 821 -1.158610
820 830 1.987624
820 920 -0.668035
821 822 1.109560
821 831 0.983168
821 921 0.085790
822 823 0.445841
822 832 -0.355269
822 922 0.688764
823 824 -0.090976
823 833 -0.094397
823 923 -0.114151
824 825 -0.047919
824 834 -0.943856
824 924 1.568579
825 826 -0.968066
825 835 2.217032
825 925 1.390730
826 827 0.825397
826 836 0.120847
826 926 -0.296482
827 828 -1.213686
827 837 1.057445
827 927 -0.114329
828 829 -1.216805
828 838 0.062658
828 928 -0.561976
829 820 -0.742484
829 839 0.807429
829 929 -0.005333
830 831 1.596617
830 840 -0.275572
830 930 -0.921162
831 832 -1.368929
831 841 0.169897
831 931 -0.994063
832 833 0.398962
832 842 -0.303173
832 932 -0.246549
833 834 0.087229
833 843 -0.784998
833 933 -0.889400
834 835 -0.587662
834 844 -1.022147
834 934 0.835651
835 836 0.846961
835 845 0.243635
835 935 -0.531879
836 837 -0.366444
836 846 -0.956621
836 936 -0.445314
837 838 0.175711
837 847 0.101370
837 937 -0.521412
838 839 1.011808
838 848 -0.693220
838 938 -0.782887
839 830 0.921236
839 849 -0.015872
839 939 -1.019007
840 841 -2.327466
840 850 0.948816
840 940 -1.469719
841 842 -0.323190
841 851 -0.732098
841 941 0.049967
842 843 0.167541
842 852 -1.810474
842 942 0.533845
843 844 -0.614665
843 853 -0.010857
843 943 -2.329774
844 845 -0.990491
844 854 1.009823
844 944 0.002956
845 846 -0.919145
845 855 -0.502615
845 945 0.631579
846 847 1.503867
846 856 -0.864997
846 946 0.295047
847 848 -1.637313
847 857 -0.660493
847 947 -1.029816
848 849 0.940424
848 858 -1.413508
848 948 -0.371479
849 840 1.523034
849 859 -0.299001
849 949 0.094345
850 851 -0.952902
850 860 -0.133683
850 950 -0.748291
851 852 1.251091
851 861 0.591626
851 951 2.119097
852 853 -0.119965
852 862 -0.053070
852 952 0.450981
853 854 -0.799485
853 863 -1.692146
853 953 0.782331
854 855 1.834258
854 864 -0.876661
854 954 0.019510
855 856 -2.011190
855 865 1.051922
855 955 1.001279
856 857 0.820671
856 866 -0.431061
856 956 -0.405401
857 858 0.168690
857 867 -0.632191
857 957 0.513204
858 859 0.825172
858 868 1.682749
858 958 1.301421
859 850 -0.836304
859 869 0.153050
859 959 0.106947
860 861 0.647983
860 870 0.079052
860 960 1.548861
861 862 0.555626
861 871 0.966423
861 961 1.979856
862 863 0.237611
862 872 -0.416006
862 962 -0.239142
863 864 -1.293201
863 873 0.267475
863 963 -1.336762
864 865 0.695668
864 874 0.639652
864 964 0.285722
865 866 -1.664782
865 875 -1.900007
865 965 -0.795438
866 867 -2.196231
866 876 -0.426059
866 966 -0.690963
867 868 0.085518
867 877 1.467590
867 967 -0.528207
868 869 -1.177262
868 878 0.550913
868 968 -0.993002
869 860 -0.879798
869 879 2.488502
869 969 -1.289443
870 871 -0.545602
870 880 -0.120618
870 970 -0.177251
871 872 -0.377665
871 881 1.398094
871 971 -1.600995
872 873 -0.451643
872 882 -0.450251
872 972 1.538690
873 874 -0.788819
873 883 -0.948796
873 973 -0.503106
874 875 -0.251549
874 884 0.058939
874 974 0.498220
875 876 -0.818125
875 885 0.750078
875 975 0.691560
876 877 1.292648
876 886 -0.580795
876 976 -0.349798
877 878 -0.967884
877 887 -0.217774
877 977 0.934657
878 879 -0.561346
878 888 0.967790
878 978 -1.897002
879 870 1.212601
879 889 -0.196750
879 979 -0.015227
880 881 1.357004
880 890 0.766741
880 980 -0.452167
881 882 -0.366621
881 891 1.353163
881 981 0.234054
882 883 -1.185524
882 892 -1.739697
882 982 -1.821671
883 884 0.086894
883 893 1.397833
883 983 -0.371561
884 885 -1.373449
884 894 -0.844434
884 984 0.045095
885 886 0.253428
885 895 -0.286546
885 985 0.714864
886 887 -0.025571
886 896 1.006861
886 986 -0.431921
887 888 0.231480
887 897 0.756962
887 987 0.266967
888 889 0.302544
888 898 0.109048
888 988 -0.193359
889 880 0.312456
889 899 0.549974
889 989 1.385498
890 891 -1.349418
890 800 0.073107
890 990 -0.020559
891 892 0.690801
891 801 0.084186
891 991 1.342930
892 893 0.493308
892 802 1.153965
892 992 -0.291138
893 894 -0.109420
893 803 0.763118
893 993 0.736233
894 895 -0.339306
894 804 -0.658652
894 994 -0.058371
895 896 -0.691798
895 805 1.250075
895 995 -0.289701
896 897 -1.410938
896 806 -0.506742
896 996 -3.032727
897 898 0.215054
897 807 -1.259537
897 997 -0.827265
898 899 -0.950657
898 808 -1.309927
898 998 2.154378
899 890 0.995394
899 809 1.275028
899 999 -0.748127
900 901 0.067493
900 910 -1.524394
900 0 -0.630331
901 902 0.834334
901 911 -0.213601
901 1 -0.143537
902 903 0.140710
902 912 -0.003382
902 2 0.858967
903 904 -2.956901
903 913 -1.146660
903 3 -0.743941
904 905 -0.920504
904 914 0.319480
904 4 -1.977093
905 906 0.002798
905 915 -1.213546
905 5 -1.175938
906 907 0.385849
906 916 -0.468530
906 6 -0.660472
907 908 -0.587146
907 917 -0.127269
907 7 0.867928
908 909 -0.979636
908 918 0.620128
908 8 -1.576941
909 900 0.710085
909 919 0.112293
909 9 -0.516356
910 911 0.248780
910 920 0.461790
910 10 -0.540092
911 912 -0.037690
911 921 0.628900
911 11 0.903232
912 913 -0.593518
912 922 -0.328877
912 12 0.367272
913 914 -0.265943
913 923 -1.138998
913 13 0.437728
914 915 -0.001545
914 924 0.394786
914 14 0.841091
915 916 -0.190931
915 925 -0.261883
915 15 -0.251002
916 917 -0.592598
916 926 -0.751257
916 16 -1.419804
917 918 0.895459
917 927 1.388004
917 17 -1.480946
918 919 -0.443255
918 928 -0.707688
918 18 -0.715785
919 910 0.727060
919 929 -0.258443
919 19 1.038021
920 921 0.026722
920 930 1.399369
920 20 -0.870854
921 922 1.064438
921 931 -0.522462
921 21 0.621698
922 923 0.570112
922 932 0.152094
922 22 -2.196395
923 924 0.524614
923 933 -0.695165
923 23 0.934470
924 925 -0.342895
924 934 -0.942487
924 24 -0.490104
925 926 -1.142458
925 935 -1.068879
925 25 1.911732
926 927 -0.984277
926 936 0.203914
926 26 0.031390
927 928 -1.043370
927 937 0.444926
927 27 -0.595856
928 929 0.163246
928 938 0.677802
928 28 0.078777
929 920 -0.868089
929 939 1.928649
929 29 0.538047
930 931 -0.684104
930 940 -2.408102
930 30 1.232455
931 932 0.913227
931 941 0.895233
931 31 -0.498940
932 933 -0.613882
932 942 -0.935185
932 32 -1.689166
933 934 0.505224
933 943 0.743177
933 33 -0.910026
934 935 -0.094400
934 944 2.261101
934 34 0.165737
935 936 -0.107253
935 945 0.606538
935 35 -0.327118
936 937 0.820802
936 946 0.308141
936 36 0.785867
937 938 -0.635434
937 947 0.028302
937 37 0.661424
938 939 0.570323
938 948 2.047428
938 38 1.446875
939 930 -0.152275
939 949 -0.560937
939 39 0.522586
940 941 -0.580469
940 950 -0.415862
940 40 -0.963854
941 942 2.525798
941 951 -0.916265
941 41 1.171407
942 943 -0.385316
942 952 -0.375324
942 42 0.287291
943 944 0.263377
943 953 1.583169
943 43 0.335045
944 945 -1.108708
944 954 0.281008
944 44 0.343083
945 946 1.664654
945 955 -0.112183
945 45 0.099170
946 947 1.199861
946 956 -1.743441
946 46 1.582686
947 948 0.176181
947 957 0.431001
947 47 0.853983
948 949 -0.272231
948 958 -0.367807
948 48 -0.449442
949 940 0.084134
949 959 -0.750978
949 49 -1.175931
950 951 0.219884
950 960 -0.551551
950 50 -0.680906
951 952 0.250207
951 961 1.457973
951 51 0.748452
952 953 1.577204
952 962 -0.071895
952 52 0.461594
953 954 -0.354977
953 963 -0.289122
953 53 -0.268366
954 955 -1.119952
954 964 2.399015
954 54 0.258868
955 956 1.110387
955 965 1.196908
955 55 -0.153291
956 957 -1.740227
956 966 0.677992
956 56 1.015233
957 958 0.225016
957 967 -0.269328
957 57 0.249666
958 959 -1.061029
958 968 1.450033
958 58 0.690797
959 950 -1.257175
959 969 -1.169444
959 59 1.048726
960 961 1.260163
960 970 1.772302
960 60 -0.822946
961 962 -0.938787
961 971 0.150619
961 61 -0.911130
962 963 2.212679
962 972 1.497055
962 62 -0.005382
963 964 -0.455040
963 973 -0.137822
963 63 -0.130155
964 965 -0.645653
964 974 1.288304
964 64 1.104407
965 966 -0.531786
965 975 -2.717204
965 65 0.372067
966 967 1.222930
966 976 -0.880148
966 66 1.301288
967 968 -0.167844
967 977 0.881575
967 67 -1.009794
968 969 1.637735
968 978 -0.283075
968 68 -1.012856
969 960 0.945731
969 979 0.173618
969 69 0.476696
970 971 0.630367
970 980 0.516465
970 70 1.073867
971 972 -1.829290
971 981 -0.002540
971 71 0.565752
972 973 0.829676
972 982 -0.421593
972 72 1.056258
973 974 -0.268406
973 983 0.245107
973 73 -0.511979
974 975 -1.238670
974 984 -1.225722
974 74 0.419087
975 976 0.161272
975 985 -1.605296
975 75 -1.126012
976 977 1.439288
976 986 -0.918002
976 76 -1.873122
977 978 -0.139848
977 987 -1.150055
977 77 -3.055059
978 979 0.274517
978 988 0.118223
978 78 0.230635
979 970 0.543319
979 989 -1.916290
979 79 -1.104110
980 981 -0.873319
980 990 -0.113292
980 80 -0.276383
981 982 0.806316
981 991 -0.166463
981 81 -0.176784
982 983 0.144905
982 992 0.624173
982 82 0.175401
983 984 -1.020121
983 993 0.989215
983 83 -1.347978
984 985 2.481379
984 994 -0.965758
984 84 -0.201770
985 986 -0.226417
985 995 -0.878176
985 85 -0.790688
986 987 0.468636
986 996 -2.050469
986 86 -0.201679
987 988 0.202462
987 997 0.485099
987 87 1.731849
988 989 0.339911
988 998 1.024795
988 88 -0.774016
989 980 1.068613
989 999 -1.739926
989 89 1.136878
990 991 0.942493
990 900 -0.064792
990 90 1.018587
991 992 2.129157
991 901 0.653952
991 91 1.174085
992 993 -1.119330
992 902 1.943405
992 92 0.442785
993 994 -1.346038
993 903 -2.454932
993 93 1.034199
994 995 -1.570570
994 904 -0.816730
994 94 0.247944
995 996 -0.714322
995 905 0.985240
995 95 -0.440669
996 997 1.811666
996 906 0.110981
996 96 0.185700
997 998 -1.432023
997 907 0.100412
997 97 -1.490224
998 999 0.528975
998 908 1.797294
998 98 0.611534
999 990 -2.015062
999 909 -0.249448
999 99 0.185863
