0 1 -0.289669
0 10 0.402016
0 100 -0.026729
1 2 -0.673002
1 11 1.956634
1 101 -0.167334
2 3 0.808973
2 12 -0.138392
2 102 1.110754
3 4 -1.347173
3 13 0.564754
3 103 1.558793
4 5 -1.344268
4 14 0.543901
4 104 -0.454136
5 6 1.348928
5 15 1.937891
5 105 -0.019753
6 7 -1.480394
6 16 -0.609610
6 106 -0.296018
7 8 -0.098538
7 17 0.661173
7 107 0.670918
8 9 1.284896
8 18 -1.100630
8 108 -0.081417
9 0 1.176345
9 19 0.254033
9 109 0.327388
10 11 -2.055817
10 20 -0.631525
10 110 -2.253337
11 12 0.364063
11 21 -0.575307
11 111 0.355749
12 13 0.085333
12 22 0.687634
12 112 -1.531590
13 14 1.516049
13 23 0.838783
13 113 2.048821
14 15 0.000470
14 24 1.515293
14 114 1.026985
15 16 -1.323900
15 25 -0.924321
15 115 -1.602537
16 17 -0.932565
16 26 0.235697
16 116 0.116055
17 18 -0.124194
17 27 1.227412
17 117 -1.023552
18 19 -0.174752
18 28 0.947604
18 118 -0.483484
19 10 -0.561112
19 29 -0.319132
19 119 0.403608
20 21 0.178203
20 30 1.726429
20 120 -0.070895
21 22 -0.571680
21 31 1.850913
21 121 0.418462
22 23 -0.132207
22 32 -0.072101
22 122 -0.005827
23 24 -0.766210
23 33 -0.809884
23 123 -0.577016
24 25 -0.496927
24 34 -1.041102
24 124 0.735041
25 26 -0.859755
25 35 -0.569609
25 125 -0.097540
26 27 -1.063358
26 36 0.735370
26 126 0.130695
27 28 1.654288
27 37 -1.016158
27 127 0.442074
28 29 -0.388233
28 38 0.486201
28 128 -1.754649
29 20 0.925642
29 39 0.259148
29 129 -0.446778
30 31 -0.325380
30 40 -0.246963
30 130 -0.332134
31 32 -0.306107
31 41 -0.318188
31 131 0.445130
32 33 0.328371
32 42 0.385019
32 132 0.442959
33 34 -1.055246
33 43 -0.638571
33 133 0.413848
34 35 1.019993
34 44 1.014894
34 134 1.129551
35 36 0.421260
35 45 2.132639
35 135 1.134246
36 37 -1.283323
36 46 -1.467422
36 136 0.368343
37 38 -0.496031
37 47 -0.354869
37 137 -0.508278
38 39 -1.471305
38 48 0.133030
38 138 -0.335649
39 30 0.111371
39 49 -0.101789
39 139 0.307186
40 41 0.272516
40 50 -0.840471
40 140 -0.382338
41 42 -1.756082
41 51 -1.695681
41 141 0.184827
42 43 -1.455976
42 52 -1.484853
42 142 0.812037
43 44 -1.296520
43 53 -0.724980
43 143 -1.703890
44 45 -0.688250
44 54 0.202913
44 144 -0.158043
45 46 -0.745202
45 55 -0.259884
45 145 -0.055207
46 47 -0.383355
46 56 0.711043
46 146 -0.545318
47 48 -0.641962
47 57 0.706649
47 147 0.302261
48 49 0.273917
48 58 0.073960
48 148 -0.093312
49 40 0.259563
49 59 -0.294536
49 149 0.412250
50 51 -1.606882
50 60 0.520655
50 150 -0.611593
51 52 0.891117
51 61 -0.674218
51 151 1.685355
52 53 1.291422
52 62 -0.164794
52 152 0.773926
53 54 0.959358
53 63 0.059206
53 153 0.340315
54 55 0.474040
54 64 -0.675370
54 154 -0.435787
55 56 1.307216
55 65 -0.302184
55 155 -0.294770
56 57 1.440232
56 66 -0.839184
56 156 0.102043
57 58 -0.499578
57 67 1.256165
57 157 0.827852
58 59 -0.907758
58 68 1.508725
58 158 0.347730
59 50 0.586679
59 69 -1.934036
59 159 0.037489
60 61 -1.136185
60 70 1.714429
60 160 0.286567
61 62 -0.567420
61 71 -0.048006
61 161 -0.186654
62 63 -0.666701
62 72 1.710424
62 162 -0.235780
63 64 0.858322
63 73 1.839990
63 163 -1.182238
64 65 -1.081542
64 74 -0.820561
64 164 -0.852016
65 66 -2.559858
65 75 0.636210
65 165 0.597829
66 67 -1.033473
66 76 1.216283
66 166 1.002397
67 68 -0.106473
67 77 -0.020380
67 167 -0.691146
68 69 -0.304106
68 78 -1.217340
68 168 -0.360814
69 60 -1.490979
69 79 0.728547
69 169 0.526104
70 71 1.079166
70 80 2.016272
70 170 -1.682130
71 72 -1.677579
71 81 -0.426672
71 171 -0.505859
72 73 -0.813629
72 82 -0.542570
72 172 0.449952
73 74 -0.317233
73 83 0.234154
73 173 -1.633217
74 75 1.433495
74 84 0.673154
74 174 1.071192
75 76 -1.379818
75 85 -2.104550
75 175 0.999651
76 77 0.234005
76 86 0.285241
76 176 -0.397608
77 78 -0.404230
77 87 1.026245
77 177 1.914630
78 79 0.718569
78 88 1.119292
78 178 -0.364576
79 70 0.511567
79 89 0.897874
79 179 0.373418
80 81 1.374655
80 90 0.433801
80 180 -1.072002
81 82 0.613865
81 91 0.379677
81 181 0.256935
82 83 -0.086444
82 92 1.365619
82 182 -0.642729
83 84 0.422409
83 93 1.665761
83 183 0.747413
84 85 0.374371
84 94 -1.282388
84 184 1.580527
85 86 1.586538
85 95 -0.555995
85 185 -0.971576
86 87 0.039737
86 96 -1.796960
86 186 -1.252331
87 88 0.364337
87 97 -1.987643
87 187 0.273738
88 89 -0.832425
88 98 0.387582
88 188 -0.048118
89 80 0.193167
89 99 0.432375
89 189 -0.965603
90 91 -0.666961
90 0 -0.539340
90 190 0.604185
91 92 -0.522236
91 1 -0.061746
91 191 0.707895
92 93 0.503862
92 2 -2.022447
92 192 1.456900
93 94 -0.403508
93 3 -0.683756
93 193 0.830678
94 95 1.316815
94 4 -1.411104
94 194 -0.603136
95 96 0.289383
95 5 -0.798013
95 195 -1.978188
96 97 -0.048640
96 6 0.555191
96 196 0.573995
97 98 1.489556
97 7 1.810578
97 197 -1.932623
98 99 -1.047543
98 8 -1.352462
98 198 0.122946
99 90 -0.351410
99 9 -0.010333
99 199 1.131094
100 101 1.345621
100 110 -0.950504
100 200 -0.859386
101 102 -0.546826
101 111 -0.418973
101 201 -0.683255
102 103 0.818934
102 112 -0.187961
102 202 -0.341265
103 104 -1.016950
103 113 -0.013922
103 203 -1.452276
104 105 -1.021739
104 114 -0.465892
104 204 -0.167282
105 106 0.507352
105 115 0.782126
105 205 0.526713
106 107 -2.386476
106 116 1.278378
106 206 -0.413128
107 108 0.389002
107 117 0.504513
107 207 -0.817922
108 109 0.113276
108 118 0.069669
108 208 -0.542765
109 100 0.786248
109 119 -0.199924
109 209 1.319534
110 111 1.055688
110 120 -1.517255
110 210 -0.946721
111 112 -1.044734
111 121 -1.720928
111 211 -0.548916
112 113 0.177896
112 122 0.903210
112 212 -1.379348
113 114 0.834189
113 123 -0.221842
113 213 -0.354144
114 115 2.058773
114 124 0.934171
114 214 0.289560
115 116 -0.444723
115 125 -0.049811
115 215 0.161244
116 117 -1.844264
116 126 2.125211
116 216 -1.534512
117 118 -0.051925
117 127 -2.139742
117 217 0.237051
118 119 1.362454
118 128 0.475304
118 218 1.372909
119 110 -0.903129
119 129 1.044616
119 219 -1.478409
120 121 2.174527
120 130 0.267489
120 220 0.918926
121 122 0.026607
121 131 -1.468820
121 221 0.415973
122 123 -0.300943
122 132 0.118487
122 222 0.406462
123 124 -0.600244
123 133 -1.377684
123 223 -0.500871
124 125 1.463661
124 134 -0.652095
124 224 1.340384
125 126 0.608761
125 135 -0.016141
125 225 -1.082473
126 127 -0.220402
126 136 0.625763
126 226 -0.184332
127 128 0.626171
127 137 1.671811
127 227 -2.695165
128 129 0.144328
128 138 0.218102
128 228 -0.236228
129 120 1.385323
129 139 -1.409991
129 229 0.479983
130 131 -0.684906
130 140 0.591087
130 230 -0.878074
131 132 0.669661
131 141 -1.081614
131 231 0.872377
132 133 -0.433800
132 142 -0.793141
132 232 0.808178
133 134 1.535500
133 143 -1.237724
133 233 -0.118555
134 135 -0.811313
134 144 -0.037818
134 234 -0.086172
135 136 1.124393
135 145 0.686355
135 235 -0.569737
136 137 1.623515
136 146 0.895381
136 236 0.847012
137 138 1.216310
137 147 -0.582641
137 237 0.459251
138 139 -2.967497
138 148 -0.249236
138 238 0.480037
139 130 0.570172
139 149 0.865823
139 239 1.035894
140 141 -0.320886
140 150 -1.483605
140 240 0.688760
141 142 -0.959898
141 151 -0.432783
141 241 -1.231125
142 143 -1.504813
142 152 -0.626514
142 242 -0.099485
143 144 1.150996
143 153 -0.060950
143 243 -1.629361
144 145 1.056493
144 154 -0.722594
144 244 0.473991
145 146 -1.376868
145 155 0.267148
145 245 -1.584193
146 147 -0.172119
146 156 0.645420
146 246 -0.901137
147 148 -1.716700
147 157 0.659697
147 247 -1.573223
148 149 0.306127
148 158 -1.013016
148 248 -1.777045
149 140 0.323127
149 159 1.203239
149 249 -0.446858
150 151 -0.114591
150 160 0.700071
150 250 0.069093
151 152 0.812324
151 161 -0.264681
151 251 -1.822088
152 153 0.413557
152 162 1.169410
152 252 0.746892
153 154 -2.098131
153 163 1.270383
153 253 0.115289
154 155 0.701137
154 164 0.792974
154 254 -0.436072
155 156 0.359987
155 165 -1.017285
155 255 0.942641
156 157 0.507096
156 166 0.083062
156 256 0.737382
157 158 -0.495496
157 167 -0.296407
157 257 0.317718
158 159 0.273498
158 168 0.400009
158 258 0.882428
159 150 0.816554
159 169 1.272097
159 259 -0.304234
160 161 0.070568
160 170 -0.436617
160 260 1.558957
161 162 -0.624969
161 171 -1.648713
161 261 0.693708
162 163 0.622411
162 172 1.218321
162 262 1.314144
163 164 -0.202845
163 173 -0.868369
163 263 -1.238378
164 165 -2.052157
164 174 1.105609
164 264 -0.967640
165 166 0.306113
165 175 -0.452427
165 265 0.201503
166 167 0.689138
166 176 -1.056307
166 266 -1.546623
167 168 0.335942
167 177 -1.491145
167 267 0.115886
168 169 0.046478
168 178 -1.357417
168 268 -0.557046
169 160 -0.978940
169 179 -1.753843
169 269 -0.884652
170 171 -0.441697
170 180 -0.744828
170 270 0.339342
171 172 0.452082
171 181 -0.042122
171 271 -1.277979
172 173 -0.407891
172 182 -0.588524
172 272 1.076128
173 174 -0.791963
173 183 1.392550
173 273 -1.061276
174 175 1.663605
174 184 -1.107617
174 274 2.181843
175 176 0.703261
175 185 0.001409
175 275 0.112484
176 177 1.136071
176 186 -0.644667
176 276 -0.867103
177 178 -0.369167
177 187 0.588616
177 277 -0.183015
178 179 -0.326610
178 188 2.130495
178 278 1.667155
179 170 0.663926
179 189 -0.169127
179 279 -0.922216
180 181 -0.549827
180 190 0.805180
180 280 -1.546200
181 182 1.359093
181 191 0.835666
181 281 -0.492284
182 183 -0.771210
182 192 0.210858
182 282 0.449641
183 184 0.018814
183 193 0.785922
183 283 0.779825
184 185 -0.097190
184 194 -0.388837
184 284 0.020660
185 186 0.638937
185 195 -1.370959
185 285 -0.192617
186 187 -0.439211
186 196 -0.577900
186 286 -0.792174
187 188 -0.192625
187 197 0.261576
187 287 0.957863
188 189 -0.996620
188 198 -1.277820
188 288 0.047060
189 180 -1.222981
189 199 0.753019
189 289 -1.027820
190 191 -0.370893
190 100 0.739566
190 290 -0.683416
191 192 -1.928094
191 101 0.240717
191 291 -0.296716
192 193 1.832340
192 102 0.343858
192 292 -0.529138
193 194 1.533928
193 103 -0.332706
193 293 0.469051
194 195 -3.416091
194 104 -0.238232
194 294 -0.610759
195 196 -1.165895
195 105 1.781749
195 295 -0.486154
196 197 1.016634
196 106 -0.941944
196 296 1.248849
197 198 -0.111038
197 107 -0.624348
197 297 -0.635360
198 199 1.778735
198 108 -0.776074
198 298 0.137161
199 190 -1.642595
199 109 0.652066
199 299 0.078034
200 201 -1.378631
200 210 -0.284946
200 300 0.356324
201 202 0.126578
201 211 -0.089671
201 301 -0.832352
202 203 -0.317934
202 212 0.951183
202 302 0.472438
203 204 0.736447
203 213 1.633586
203 303 2.920028
204 205 -0.398558
204 214 -0.103298
204 304 -1.511331
205 206 0.650775
205 215 -1.261255
205 305 -0.368684
206 207 -0.266700
206 216 -0.095171
206 306 0.406682
207 208 -0.580781
207 217 1.023359
207 307 2.754376
208 209 0.107037
208 218 -0.683766
208 308 1.309536
209 200 1.372111
209 219 -0.691902
209 309 -0.269037
210 211 -0.230458
210 220 -0.346367
210 310 0.805038
211 212 -1.105359
211 221 -1.796361
211 311 -0.786004
212 213 0.752673
212 222 -1.447745
212 312 0.137609
213 214 0.956864
213 223 0.699393
213 313 -0.674191
214 215 1.300099
214 224 0.200176
214 314 0.344023
215 216 0.696844
215 225 2.108525
215 315 0.600127
216 217 0.095340
216 226 -0.671297
216 316 -1.311047
217 218 0.405717
217 227 1.172881
217 317 0.196850
218 219 -0.907661
218 228 1.285977
218 318 1.208600
219 210 0.046787
219 229 1.229599
219 319 0.462850
220 221 -1.394398
220 230 2.003088
220 320 1.306697
221 222 0.552218
221 231 2.376479
221 321 0.157061
222 223 -0.424746
222 232 0.596738
222 322 -0.597120
223 224 -0.126464
223 233 2.205633
223 323 -1.298983
224 225 -0.502036
224 234 0.447051
224 324 -0.290497
225 226 -0.035465
225 235 -1.087155
225 325 0.230897
226 227 -1.748364
226 236 1.856029
226 326 0.592482
227 228 0.855993
227 237 -0.802718
227 327 -1.670658
228 229 -0.972334
228 238 1.241707
228 328 -1.234751
229 220 1.650780
229 239 0.478981
229 329 0.964265
230 231 -0.147068
230 240 -0.653816
230 330 -1.619527
231 232 -1.134654
231 241 1.250637
231 331 1.396023
232 233 0.880550
232 242 -0.855076
232 332 1.826965
233 234 -1.479182
233 243 0.694349
233 333 1.642189
234 235 -0.892426
234 244 0.098503
234 334 -0.966125
235 236 0.067981
235 245 -0.085183
235 335 -1.004616
236 237 -0.136472
236 246 0.529402
236 336 -1.819456
237 238 -1.010769
237 247 -0.911292
237 337 -0.903394
238 239 0.544971
238 248 0.510469
238 338 -2.651193
239 230 1.325039
239 249 -1.519132
239 339 -0.102502
240 241 0.476706
240 250 -0.907666
240 340 0.061480
241 242 0.900514
241 251 -0.488425
241 341 0.994924
242 243 0.573409
242 252 1.192963
242 342 0.161562
243 244 -1.390913
243 253 -0.531738
243 343 2.668945
244 245 0.578158
244 254 0.151431
244 344 0.089605
245 246 1.137211
245 255 -0.427632
245 345 -1.357443
246 247 0.224285
246 256 0.393374
246 346 0.725039
247 248 -0.438694
247 257 0.561305
247 347 -2.588457
248 249 -0.652104
248 258 0.855002
248 348 -0.218129
249 240 0.431672
249 259 1.409542
249 349 -2.146210
250 251 0.625523
250 260 0.691480
250 350 -0.047035
251 252 -0.228601
251 261 0.861145
251 351 0.652831
252 253 -1.463475
252 262 -0.159759
252 352 0.046010
253 254 0.115363
253 263 1.172314
253 353 1.173499
254 255 0.628563
254 264 2.602332
254 354 1.461947
255 256 0.923301
255 265 -0.643162
255 355 2.349024
256 257 0.548643
256 266 -0.797769
256 356 -0.199123
257 258 1.650810
257 267 0.174877
257 357 1.111907
258 259 0.084059
258 268 0.475551
258 358 -0.572053
259 250 -0.073591
259 269 -1.183447
259 359 1.119071
260 261 0.184842
260 270 0.421693
260 360 -0.310404
261 262 0.884804
261 271 -0.681838
261 361 -0.098760
262 263 0.594021
262 272 0.638688
262 362 -0.540712
263 264 -1.006174
263 273 -0.577828
263 363 -1.116849
264 265 0.489602
264 274 -0.066509
264 364 0.281585
265 266 1.337269
265 275 -0.232934
265 365 0.735839
266 267 0.507547
266 276 0.792004
266 366 0.485196
267 268 -0.406067
267 277 0.615192
267 367 -0.775008
268 269 1.712918
268 278 -0.391009
268 368 -0.778339
269 260 -1.102220
269 279 1.003374
269 369 -0.053919
270 271 -1.106002
270 280 0.886840
270 370 0.973372
271 272 -0.700979
271 281 1.696955
271 371 0.697372
272 273 0.507508
272 282 -0.311138
272 372 1.306629
273 274 -0.439840
273 283 -0.993401
273 373 0.483234
274 275 -0.260232
274 284 -1.047270
274 374 -0.015223
275 276 -0.444816
275 285 -1.480983
275 375 -0.255876
276 277 0.071290
276 286 -0.170886
276 376 0.946109
277 278 -0.066819
277 287 0.760732
277 377 -0.279394
278 279 -0.296787
278 288 1.457596
278 378 1.499042
279 270 1.447077
279 289 -0.495067
279 379 0.634139
280 281 -1.047292
280 290 -0.841941
280 380 -0.512329
281 282 0.041644
281 291 -0.099885
281 381 -1.236025
282 283 0.624404
282 292 0.823320
282 382 1.244224
283 284 1.905424
283 293 -1.616819
283 383 -0.512053
284 285 -1.225563
284 294 1.592987
284 384 -0.882668
285 286 0.554487
285 295 -0.383132
285 385 0.110615
286 287 -1.143634
286 296 1.708380
286 386 -1.198876
287 288 -1.333869
287 297 -1.129398
287 387 -2.294646
288 289 -0.597391
288 298 -0.264215
288 388 0.548461
289 280 0.257351
289 299 -2.043358
289 389 0.988208
290 291 -1.867170
290 200 1.295657
290 390 -0.021238
291 292 -0.317731
291 201 0.495956
291 391 0.954732
292 293 0.379055
292 202 0.680729
292 392 0.897144
293 294 1.247438
293 203 -0.124833
293 393 -0.223862
294 295 1.047582
294 204 -1.566000
294 394 2.473732
295 296 1.071358
295 205 -0.342209
295 395 0.708704
296 297 -1.087306
296 206 1.227989
296 396 1.498755
297 298 -0.454004
297 207 -0.231040
297 397 0.402004
298 299 -0.428108
298 208 0.498057
298 398 1.518791
299 290 -0.669340
299 209 0.261418
299 399 0.070565
300 301 -0.879200
300 310 -0.303796
300 400 0.895508
301 302 0.169218
301 311 1.083384
301 401 0.858996
302 303 1.635294
302 312 -1.837287
302 402 -0.123327
303 304 -0.882060
303 313 2.474867
303 403 -1.983928
304 305 2.728378
304 314 -0.385252
304 404 0.397554
305 306 0.581870
305 315 0.370447
305 405 -0.561515
306 307 2.469213
306 316 -1.349591
306 406 -0.840519
307 308 -1.936361
307 317 -0.145045
307 407 -0.104296
308 309 0.074220
308 318 0.750848
308 408 0.649278
309 300 1.097934
309 319 1.598127
309 409 -1.403264
310 311 -1.284529
310 320 1.054306
310 410 0.986612
311 312 -0.281370
311 321 -0.943080
311 411 -1.521668
312 313 -0.626298
312 322 -0.774460
312 412 0.180232
313 314 0.570907
313 323 -0.752476
313 413 1.098383
314 315 -2.273006
314 324 1.375500
314 414 -0.496724
315 316 -0.068106
315 325 -0.145220
315 415 -0.471697
316 317 0.363818
316 326 0.755873
316 416 0.360090
317 318 0.493258
317 327 -0.393657
317 417 -0.030032
318 319 1.322494
318 328 -0.345176
318 418 -0.231504
319 310 0.181803
319 329 0.140129
319 419 0.141621
320 321 -0.657456
320 330 -0.165203
320 420 -0.907936
321 322 -2.950252
321 331 0.512929
321 421 1.864144
322 323 -0.227620
322 332 1.076924
322 422 -0.811209
323 324 1.347203
323 333 -1.501838
323 423 -0.997505
324 325 0.743365
324 334 1.118503
324 424 0.268933
325 326 1.099409
325 335 0.525714
325 425 -1.600091
326 327 -0.584459
326 336 0.990517
326 426 1.661995
327 328 0.264852
327 337 0.594416
327 427 -0.047632
328 329 -0.614571
328 338 -1.032029
328 428 -0.438366
329 320 -0.601467
329 339 0.664767
329 429 -0.941427
330 331 -0.046087
330 340 0.472199
330 430 0.979016
331 332 0.805921
331 341 0.406551
331 431 -0.243420
332 333 -0.347808
332 342 1.327681
332 432 -0.118350
333 334 -0.938796
333 343 -0.307112
333 433 -0.104659
334 335 1.924579
334 344 1.735306
334 434 0.664249
335 336 -0.614744
335 345 -0.452680
335 435 0.909690
336 337 -0.062460
336 346 2.180137
336 436 -1.575668
337 338 1.666220
337 347 -0.919842
337 437 -1.254727
338 339 -0.969419
338 348 -0.736610
338 438 0.346440
339 330 -0.807397
339 349 0.974612
339 439 1.469663
340 341 -0.178818
340 350 -0.286487
340 440 -0.013305
341 342 -0.188657
341 351 -0.009402
341 441 0.042999
342 343 -0.521324
342 352 1.719092
342 442 -0.263976
343 344 0.566071
343 353 -1.325843
343 443 0.473327
344 345 -0.024020
344 354 -0.667366
344 444 -1.575456
345 346 2.682409
345 355 -0.269696
345 445 -1.008312
346 347 0.431679
346 356 0.504681
346 446 0.810765
347 348 1.448604
347 357 -1.123697
347 447 -0.569099
348 349 -0.052675
348 358 0.005164
348 448 1.252479
349 340 -0.395685
349 359 -0.596867
349 449 -1.694830
350 351 -0.362864
350 360 -0.563213
350 450 -0.505825
351 352 -0.744661
351 361 -0.176391
351 451 -0.232614
352 353 -0.417984
352 362 -0.235921
352 452 -0.308664
353 354 0.137269
353 363 -0.288365
353 453 0.326365
354 355 -0.215736
354 364 -0.647422
354 454 0.653101
355 356 1.290789
355 365 0.301954
355 455 0.724866
356 357 -1.179836
356 366 -0.157334
356 456 1.480572
357 358 -0.007680
357 367 -0.879438
357 457 0.406105
358 359 -0.518632
358 368 0.179473
358 458 0.316208
359 350 0.236304
359 369 1.202869
359 459 -0.271927
360 361 -0.510051
360 370 -0.639357
360 460 0.341859
361 362 0.443926
361 371 0.031962
361 461 -1.415178
362 363 0.280765
362 372 1.868789
362 462 -0.032423
363 364 1.714098
363 373 -0.754245
363 463 -1.066194
364 365 -0.458430
364 374 0.189025
364 464 -0.269462
365 366 0.780629
365 375 0.498972
365 465 -0.255819
366 367 -0.656294
366 376 0.983003
366 466 -0.151504
367 368 0.092872
367 377 0.452765
367 467 -0.122152
368 369 1.269952
368 378 0.582453
368 468 0.250834
369 360 0.579132
369 379 0.255968
369 469 0.397467
370 371 -0.254653
370 380 -1.276304
370 470 -0.803357
371 372 -0.485689
371 381 -0.573702
371 471 -0.688826
372 373 -1.838325
372 382 0.797509
372 472 -0.232530
373 374 1.535908
373 383 -0.273761
373 473 1.695047
374 375 1.116451
374 384 -0.760049
374 474 -0.792816
375 376 -0.013261
375 385 -0.273318
375 475 -0.419707
376 377 -0.822081
376 386 -0.590603
376 476 0.541021
377 378 -0.696879
377 387 0.911094
377 477 -0.848774
378 379 -0.385919
378 388 0.443919
378 478 -0.665266
379 370 -2.542080
379 389 -1.061629
379 479 -0.708121
380 381 2.107307
380 390 0.386083
380 480 0.746742
381 382 1.772886
381 391 -1.181533
381 481 -0.267169
382 383 -2.129593
382 392 -1.234511
382 482 1.061390
383 384 0.299531
383 393 0.259350
383 483 -1.202107
384 385 -0.571475
384 394 0.018373
384 484 0.270171
385 386 -0.703482
385 395 -0.112490
385 485 2.023138
386 387 0.017769
386 396 -1.354869
386 486 0.767695
387 388 0.024197
387 397 -0.719548
387 487 1.474554
388 389 -0.569241
388 398 0.822416
388 488 1.157586
389 380 1.260774
389 399 0.976932
389 489 0.242620
390 391 -0.458768
390 300 -0.566751
390 490 1.593976
391 392 0.257643
391 301 1.075244
391 491 -0.316213
392 393 -0.865286
392 302 0.843910
392 492 1.777625
393 394 0.837426
393 303 -1.091969
393 493 0.936763
394 395 0.697681
394 304 1.419186
394 494 0.051659
395 396 -1.502651
395 305 -0.928206
395 495 -0.035465
396 397 0.625336
396 306 1.740449
396 496 0.009508
397 398 -0.065387
397 307 -1.109707
397 497 -0.174175
398 399 -1.406111
398 308 -0.376628
398 498 0.787437
399 390 -0.082536
399 309 -1.177103
399 499 -1.204098
400 401 -1.012622
400 410 -1.048589
400 500 1.582007
401 402 0.203807
401 411 -0.726123
401 501 0.044317
402 403 0.554357
402 412 -0.851243
402 502 -0.132551
403 404 -1.700185
403 413 0.568518
403 503 -0.688881
404 405 -0.104240
404 414 -0.331791
404 504 -0.111419
405 406 -0.406747
405 415 -2.538227
405 505 -0.276807
406 407 0.417702
406 416 1.319809
406 506 -0.900147
407 408 0.765355
407 417 -0.697786
407 507 -0.628114
408 409 1.130419
408 418 -0.327841
408 508 0.243567
409 400 -3.216879
409 419 0.607106
409 509 1.936228
410 411 0.771646
410 420 -0.426520
410 510 -0.199655
411 412 -0.781568
411 421 0.905474
411 511 1.424695
412 413 0.201148
412 422 0.242010
412 512 0.401114
413 414 1.155344
413 423 -0.747571
413 513 -0.984221
414 415 -1.659060
414 424 -0.880555
414 514 -1.493868
415 416 -0.748886
415 425 0.415252
415 515 0.125258
416 417 -1.679248
416 426 1.386532
416 516 -1.008631
417 418 1.947329
417 427 0.403843
417 517 0.214803
418 419 -0.139439
418 428 -1.855086
418 518 2.433246
419 410 0.290116
419 429 1.077614
419 519 1.165854
420 421 0.229892
420 430 -0.299340
420 520 -0.216108
421 422 -1.279051
421 431 -0.438175
421 521 -0.700627
422 423 -0.469123
422 432 0.069775
422 522 0.644881
423 424 -0.434470
423 433 -0.764210
423 523 0.220299
424 425 -0.048128
424 434 0.326439
424 524 -0.770689
425 426 0.471137
425 435 -0.746095
425 525 -0.399476
426 427 -0.220617
426 436 -0.521161
426 526 -0.545952
427 428 -0.798374
427 437 -0.078107
427 527 -1.095108
428 429 0.048065
428 438 0.066277
428 528 -0.734660
429 420 1.596010
429 439 -0.551546
429 529 -1.092224
430 431 -0.945862
430 440 0.054145
430 530 -0.637317
431 432 0.514384
431 441 0.056481
431 531 -0.882162
432 433 -1.545382
432 442 1.217699
432 532 -0.148452
433 434 -1.556190
433 443 0.434995
433 533 -2.044238
434 435 1.009398
434 444 1.842230
434 534 -0.534742
435 436 -1.850428
435 445 1.594808
435 535 0.303787
436 437 -0.632018
436 446 -0.716468
436 536 -0.033404
437 438 -0.965859
437 447 0.448869
437 537 -0.045830
438 439 1.232812
438 448 -1.011817
438 538 0.761888
439 430 -1.553474
439 449 -1.389371
439 539 -0.716639
440 441 1.260066
440 450 0.737892
440 540 -0.579294
441 442 0.807042
441 451 -0.778067
441 541 0.187808
442 443 1.223986
442 452 -1.321040
442 542 -1.648829
443 444 -1.678496
443 453 1.124457
443 543 -1.112344
444 445 1.350108
444 454 0.786091
444 544 -1.273489
445 446 -0.334919
445 455 1.059316
445 545 -0.899108
446 447 0.128882
446 456 0.890843
446 546 1.063044
447 448 -0.906224
447 457 0.210273
447 547 -0.604389
448 449 0.660879
448 458 0.869183
448 548 -0.850811
449 440 -0.168981
449 459 -1.056121
449 549 -1.296063
450 451 -0.256989
450 460 1.274505
450 550 0.956066
451 452 -0.457999
451 461 0.582317
451 551 0.349965
452 453 0.988254
452 462 0.642559
452 552 -1.619127
453 454 -0.150438
453 463 0.638938
453 553 -0.153063
454 455 -0.350723
454 464 0.499237
454 554 -1.147085
455 456 1.681276
455 465 -1.266825
455 555 2.874471
456 457 0.868245
456 466 0.864496
456 556 -0.436177
457 458 -0.631282
457 467 -0.680039
457 557 -0.802359
458 459 0.971163
458 468 -0.009523
458 558 0.823207
459 450 0.123608
459 469 -2.403739
459 559 0.344185
460 461 -0.106361
460 470 0.760679
460 560 -0.779174
461 462 -1.237563
461 471 -0.569370
461 561 0.601971
462 463 0.293738
462 472 0.059057
462 562 -0.937524
463 464 0.262699
463 473 -0.969760
463 563 1.332895
464 465 0.931554
464 474 -0.508898
464 564 -0.991583
465 466 0.206797
465 475 -1.211812
465 565 0.079256
466 467 0.735816
466 476 0.806336
466 566 0.219985
467 468 -0.277822
467 477 0.666527
467 567 0.521009
468 469 1.707890
468 478 -0.529187
468 568 -0.411912
469 460 0.986446
469 479 -0.633790
469 569 2.140452
470 471 0.908270
470 480 -0.129285
470 570 1.281197
471 472 0.200058
471 481 0.776554
471 571 1.385818
472 473 0.189975
472 482 0.952848
472 572 -0.185814
473 474 0.492395
473 483 -0.473428
473 573 -1.412871
474 475 -2.094736
474 484 -1.584367
474 574 0.136934
475 476 -0.373370
475 485 1.034462
475 575 0.798158
476 477 0.186266
476 486 1.021648
476 576 -1.394153
477 478 -0.260767
477 487 -0.626091
477 577 2.177959
478 479 -1.783917
478 488 -0.939138
478 578 -0.801821
479 470 -0.247270
479 489 1.428577
479 579 -0.602670
480 481 0.046238
480 490 0.415455
480 580 -0.593039
481 482 0.611513
481 491 0.670753
481 581 0.982708
482 483 -1.087016
482 492 0.068716
482 582 -0.255448
483 484 -0.152970
483 493 0.508117
483 583 0.574368
484 485 0.700991
484 494 0.275236
484 584 -1.211035
485 486 -0.545752
485 495 1.406774
485 585 2.392873
486 487 0.630957
486 496 -0.061513
486 586 1.670206
487 488 0.364988
487 497 -1.908068
487 587 0.866905
488 489 1.236437
488 498 -0.164970
488 588 -0.148257
489 480 0.619098
489 499 -0.861262
489 589 -0.257732
490 491 0.587709
490 400 0.001069
490 590 1.666424
491 492 1.645092
491 401 0.592629
491 591 0.711104
492 493 0.512174
492 402 1.241046
492 592 -0.203547
493 494 -0.172568
493 403 0.722641
493 593 -1.546569
494 495 0.117371
494 404 0.056367
494 594 -1.264526
495 496 0.460204
495 405 -0.692315
495 595 2.032966
496 497 -1.892768
496 406 0.534672
496 596 -0.907605
497 498 0.024313
497 407 -0.023825
497 597 -0.735830
498 499 0.528781
498 408 0.869222
498 598 -0.750170
499 490 0.196758
499 409 0.119327
499 599 1.148015
500 501 0.711265
500 510 0.541349
500 600 0.470541
501 502 -0.265954
501 511 -0.455234
501 601 -0.911288
502 503 -0.877206
502 512 0.073154
502 602 -1.282190
503 504 1.027776
503 513 -0.395935
503 603 0.153752
504 505 -0.605385
504 514 0.418247
504 604 1.510198
505 506 -0.141808
505 515 -1.364617
505 605 -0.515664
506 507 -0.861887
506 516 0.055696
506 606 -0.022393
507 508 -0.804053
507 517 0.646508
507 607 -1.529063
508 509 -1.241427
508 518 0.713982
508 608 -0.484776
509 500 -0.260620
509 519 -1.226401
509 609 0.711106
510 511 -0.791406
510 520 0.523660
510 610 -1.193539
511 512 0.370654
511 521 -2.586777
511 611 -0.359338
512 513 -0.283542
512 522 0.705947
512 612 0.447225
513 514 -0.794746
513 523 0.867039
513 613 -1.246868
514 515 0.441707
514 524 0.998882
514 614 -0.879715
515 516 -0.238160
515 525 -0.980710
515 615 -0.587425
516 517 -1.232880
516 526 1.240274
516 616 0.895933
517 518 -0.166011
517 527 -1.454601
517 617 -0.720443
518 519 -0.017137
518 528 1.640615
518 618 1.017085
519 510 -0.970130
519 529 -0.272516
519 619 -0.406046
520 521 -1.670113
520 530 0.518604
520 620 0.135829
521 522 -1.042247
521 531 0.607276
521 621 1.372735
522 523 1.579948
522 532 -0.603235
522 622 0.779907
523 524 -0.363810
523 533 -0.216005
523 623 1.459471
524 525 1.335277
524 534 0.532950
524 624 -0.311317
525 526 -0.756750
525 535 -0.172802
525 625 2.230601
526 527 1.590982
526 536 -0.806356
526 626 0.167997
527 528 -0.659374
527 537 2.340862
527 627 1.109056
528 529 -0.044410
528 538 -0.092693
528 628 1.511162
529 520 0.689870
529 539 -0.523881
529 629 -1.361137
530 531 1.358087
530 540 -0.462433
530 630 0.802758
531 532 -2.161300
531 541 1.167508
531 631 0.734455
532 533 -0.890710
532 542 -0.136562
532 632 0.752364
533 534 0.904142
533 543 -0.294522
533 633 2.266567
534 535 0.212372
534 544 0.593692
534 634 -0.243542
535 536 0.315474
535 545 -1.630295
535 635 2.436726
536 537 0.029228
536 546 -0.543217
536 636 0.064288
537 538 -0.544775
537 547 -1.289101
537 637 0.357969
538 539 -1.212185
538 548 -0.170836
538 638 -0.685337
539 530 -1.526613
539 549 -0.448877
539 639 -0.542445
540 541 0.854697
540 550 -0.701218
540 640 -1.216346
541 542 1.595591
541 551 1.161805
541 641 -1.215051
542 543 -0.508915
542 552 0.209083
542 642 -0.626893
543 544 -1.038517
543 553 1.526101
543 643 0.643652
544 545 -0.246511
544 554 -0.043009
544 644 1.449534
545 546 0.751632
545 555 -0.413255
545 645 -0.208200
546 547 -0.260200
546 556 -0.252121
546 646 0.208154
547 548 0.235701
547 557 1.221558
547 647 -2.035949
548 549 0.610473
548 558 1.655363
548 648 0.249828
549 540 -0.580536
549 559 -1.676044
549 649 -1.105344
550 551 -0.828630
550 560 1.358963
550 650 0.850991
551 552 0.852385
551 561 -1.200138
551 651 0.602606
552 553 2.248825
552 562 0.458755
552 652 -0.252730
553 554 -0.255201
553 563 -1.495642
553 653 0.894602
554 555 -0.371690
554 564 -0.731536
554 654 0.176293
555 556 -0.065345
555 565 0.109279
555 655 0.223522
556 557 0.336004
556 566 -1.280286
556 656 -0.258416
557 558 0.483852
557 567 -0.200666
557 657 -0.723286
558 559 -0.276772
558 568 0.071836
558 658 1.422076
559 550 -1.186522
559 569 1.970656
559 659 -1.501260
560 561 2.443227
560 570 0.641507
560 660 0.490540
561 562 0.181971
561 571 0.573882
561 661 -0.590014
562 563 -0.823748
562 572 0.479297
562 662 -0.783242
563 564 1.273221
563 573 0.547389
563 663 -0.030058
564 565 -0.800788
564 574 0.282731
564 664 -1.230037
565 566 0.528651
565 575 -0.446390
565 665 1.385157
566 567 0.386888
566 576 0.369143
566 666 -1.478815
567 568 -0.079967
567 577 -1.113360
567 667 1.422047
568 569 -0.844517
568 578 0.516285
568 668 0.017482
569 560 -0.348044
569 579 -1.897143
569 669 0.747292
570 571 1.072900
570 580 -0.154249
570 670 0.220658
571 572 0.414860
571 581 -0.911679
571 671 -0.504137
572 573 -0.775060
572 582 -1.843272
572 672 0.713241
573 574 -0.151582
573 583 -0.432643
573 673 1.024465
574 575 0.908863
574 584 -0.107781
574 674 -2.131038
575 576 -1.677425
575 585 -1.933448
575 675 -0.456592
576 577 1.342929
576 586 -0.469321
576 676 0.650628
577 578 -0.591153
577 587 -2.527993
577 677 -0.175566
578 579 0.802383
578 588 -1.588302
578 678 0.296246
579 570 0.316241
579 589 -0.900370
579 679 -1.818121
580 581 -0.316206
580 590 -1.422287
580 680 -1.055479
581 582 0.465993
581 591 1.633850
581 681 0.185418
582 583 -0.231109
582 592 -0.398846
582 682 0.204426
583 584 3.058548
583 593 -0.451794
583 683 0.163365
584 585 0.932605
584 594 0.067855
584 684 -1.777334
585 586 -0.050756
585 595 -0.925405
585 685 1.145733
586 587 -1.001957
586 596 -0.926553
586 686 -0.338607
587 588 -0.209403
587 597 1.967500
587 687 -0.421940
588 589 0.190348
588 598 0.382098
588 688 -0.577291
589 580 -0.243059
589 599 0.436153
589 689 0.007916
590 591 1.492698
590 500 1.686119
590 690 -0.411174
591 592 -1.392400
591 501 1.567354
591 691 1.552480
592 593 1.842721
592 502 0.252642
592 692 -0.061881
593 594 -0.413124
593 503 -1.135017
593 693 0.513582
594 595 0.999395
594 504 0.632220
594 694 1.934158
595 596 -0.381978
595 505 0.679960
595 695 1.445479
596 597 1.112095
596 506 -0.396484
596 696 1.227695
597 598 -0.584912
597 507 1.404166
597 697 -0.836511
598 599 0.192395
598 508 0.472283
598 698 1.155369
599 590 0.354784
599 509 0.694214
599 699 1.021990
600 601 -1.754767
600 610 1.999591
600 700 0.630855
601 602 -0.575243
601 611 -0.703642
601 701 -0.035473
602 603 -0.851676
602 612 -0.076735
602 702 -1.029744
603 604 -1.417524
603 613 1.266426
603 703 2.560986
604 605 -0.405538
604 614 1.498848
604 704 -0.313904
605 606 -0.480307
605 615 1.384153
605 705 -1.942821
606 607 1.275372
606 616 -1.036634
606 706 1.433696
607 608 -1.529141
607 617 -0.327819
607 707 -0.174099
608 609 -0.140769
608 618 -2.576441
608 708 0.464718
609 600 -1.097739
609 619 -0.944674
609 709 -0.536961
610 611 -0.061963
610 620 0.776173
610 710 -2.253139
611 612 0.891015
611 621 0.464954
611 711 -0.313522
612 613 -0.144129
612 622 0.163436
612 712 0.526525
613 614 -0.046870
613 623 -0.207651
613 713 -0.876507
614 615 0.261277
614 624 0.497527
614 714 -0.101650
615 616 -0.179211
615 625 -0.417449
615 715 -0.503487
616 617 1.595455
616 626 0.643042
616 716 -0.984815
617 618 0.293393
617 627 -2.122721
617 717 -0.485698
618 619 -0.073450
618 628 -0.402215
618 718 2.550629
619 610 1.308248
619 629 0.962660
619 719 1.450485
620 621 0.215299
620 630 1.292954
620 720 -0.846553
621 622 -0.146604
621 631 0.727839
621 721 0.435598
622 623 -0.928402
622 632 -0.276523
622 722 -1.441279
623 624 0.596655
623 633 0.479807
623 723 -0.171657
624 625 0.318496
624 634 0.895910
624 724 0.091500
625 626 0.953998
625 635 0.756598
625 725 -1.278384
626 627 0.921152
626 636 1.153960
626 726 -0.007447
627 628 -1.423608
627 637 1.090695
627 727 -0.280944
628 629 0.395572
628 638 -1.010329
628 728 -1.410680
629 620 -0.924730
629 639 0.020423
629 729 -0.069354
630 631 0.569364
630 640 -1.088601
630 730 2.094127
631 632 0.879235
631 641 -0.964133
631 731 -0.180354
632 633 -1.104900
632 642 0.658834
632 732 0.098600
633 634 -0.314512
633 643 -0.902927
633 733 0.585840
634 635 1.665193
634 644 -0.087461
634 734 0.261177
635 636 -1.116544
635 645 -0.927081
635 735 0.396137
636 637 0.169296
636 646 1.055095
636 736 1.311582
637 638 0.303684
637 647 0.485135
637 737 -0.670834
638 639 -0.580812
638 648 0.890193
638 738 -0.414683
639 630 -0.974165
639 649 -0.147281
639 739 1.186142
640 641 -0.332722
640 650 -1.026510
640 740 1.070610
641 642 -0.486478
641 651 0.249091
641 741 1.062823
642 643 -0.766872
642 652 0.313508
642 742 -0.585344
643 644 1.053409
643 653 -0.862901
643 743 1.778159
644 645 -0.546553
644 654 -1.202840
644 744 0.264861
645 646 -0.150790
645 655 1.699896
645 745 -1.657450
646 647 -1.908001
646 656 -1.237171
646 746 0.139236
647 648 -0.881952
647 657 -0.531874
647 747 -0.940220
648 649 -0.387959
648 658 -1.511629
648 748 -0.959671
649 640 0.784417
649 659 0.712505
649 749 -0.077116
650 651 0.027373
650 660 -0.561081
650 750 -0.143784
651 652 -1.392126
651 661 0.721597
651 751 2.285672
652 653 -0.566338
652 662 0.190744
652 752 -0.946581
653 654 -0.468702
653 663 0.759129
653 753 1.365435
654 655 0.165044
654 664 -0.940655
654 754 -0.304192
655 656 -1.076668
655 665 -0.363122
655 755 0.269475
656 657 -0.424759
656 666 -0.407678
656 756 -1.532046
657 658 -0.932658
657 667 -0.781020
657 757 -0.900287
658 659 -0.179935
658 668 -0.335557
658 758 0.888302
659 650 1.383478
659 669 0.588417
659 759 -2.131643
660 661 0.547878
660 670 0.464687
660 760 0.851545
661 662 1.087755
661 671 -0.144429
661 761 -0.432457
662 663 -0.517377
662 672 -0.292480
662 762 0.021940
663 664 0.196187
663 673 -0.029992
663 763 0.546916
664 665 -0.025705
664 674 -0.484890
664 764 0.005516
665 666 -0.351854
665 675 0.091394
665 765 0.127056
666 667 0.040397
666 676 -0.774070
666 766 0.556605
667 668 1.344962
667 677 -1.742443
667 767 0.523922
668 669 -0.575558
668 678 -1.040318
668 768 -0.309298
669 660 -1.768555
669 679 -1.810354
669 769 0.359478
670 671 0.859606
670 680 1.918765
670 770 1.170301
671 672 -1.179326
671 681 0.118384
671 771 0.256122
672 673 -0.693353
672 682 -0.826157
672 772 -0.798289
673 674 -0.403236
673 683 0.772270
673 773 1.017440
674 675 -1.045415
674 684 0.023633
674 774 0.154556
675 676 0.618616
675 685 -0.412950
675 775 -0.925464
676 677 -0.465876
676 686 -0.133950
676 776 -0.909866
677 678 -0.230208
677 687 1.374046
677 777 0.947174
678 679 -1.380738
678 688 -0.563375
678 778 0.557605
679 670 -0.239329
679 689 -2.121874
679 779 0.214392
680 681 -0.537557
680 690 0.461475
680 780 -0.779021
681 682 -0.318579
681 691 0.615650
681 781 -1.272338
682 683 -0.109611
682 692 0.124777
682 782 -0.050565
683 684 -0.362740
683 693 -0.654468
683 783 -0.784375
684 685 -0.135237
684 694 1.538568
684 784 -0.359087
685 686 -0.530185
685 695 -1.252132
685 785 1.158382
686 687 -0.144033
686 696 1.060540
686 786 0.839296
687 688 0.298726
687 697 -1.966784
687 787 0.284502
688 689 1.462966
688 698 -0.134848
688 788 -1.930685
689 680 -0.903900
689 699 0.414920
689 789 -1.049335
690 691 0.746761
690 600 -0.513649
690 790 0.326009
691 692 0.206906
691 601 -0.079404
691 791 0.860710
692 693 -1.461777
692 602 0.445961
692 792 -1.044225
693 694 1.247108
693 603 0.441644
693 793 1.838443
694 695 -0.771168
694 604 -1.061308
694 794 0.197471
695 696 1.367257
695 605 0.855753
695 795 0.085042
696 697 -1.364636
696 606 -0.002810
696 796 1.227320
697 698 -2.409870
697 607 0.850799
697 797 1.399053
698 699 -0.631459
698 608 -0.003500
698 798 0.504773
699 690 0.407070
699 609 0.676585
699 799 -1.047661
700 701 1.219138
700 710 0.557241
700 800 0.663677
701 702 0.864860
701 711 0.878004
701 801 -0.408248
702 703 1.009199
702 712 -0.066876
702 802 1.492387
703 704 0.091026
703 713 -1.035857
703 803 -0.507788
704 705 0.442344
704 714 -0.895558
704 804 -1.223358
705 706 -0.170253
705 715 0.164282
705 805 -0.660416
706 707 -0.041016
706 716 -1.461043
706 806 -0.566072
707 708 0.310482
707 717 -0.734549
707 807 -0.640768
708 709 -0.052698
708 718 1.902989
708 808 -1.203526
709 700 -0.114207
709 719 -0.188368
709 809 -0.765884
710 711 -1.473855
710 720 0.373095
710 810 0.306361
711 712 -1.131009
711 721 -2.172880
711 811 -1.246830
712 713 2.083648
712 722 -0.328329
712 812 1.529933
713 714 -0.548542
713 723 1.116799
713 813 0.544714
714 715 -0.036915
714 724 0.406789
714 814 0.631669
715 716 0.837170
715 725 -1.547915
715 815 0.979874
716 717 0.341473
716 726 0.239652
716 816 -0.129089
717 718 0.717061
717 727 -0.011384
717 817 0.333481
718 719 -0.333938
718 728 0.314226
718 818 -0.775448
719 710 -0.946975
719 729 0.152651
719 819 -0.168158
720 721 0.272020
720 730 0.077671
720 820 0.576635
721 722 -1.073036
721 731 1.818110
721 821 -0.716182
722 723 1.432128
722 732 -0.801152
722 822 0.740470
723 724 0.562884
723 733 0.057288
723 823 -0.701063
724 725 1.310039
724 734 1.518802
724 824 -0.825705
725 726 -0.504853
725 735 -1.298055
725 825 0.139863
726 727 0.463059
726 736 -0.476114
726 826 -0.351368
727 728 -2.933594
727 737 1.191145
727 827 -0.904562
728 729 0.942180
728 738 1.230686
728 828 0.183351
729 720 -1.088645
729 739 0.776890
729 829 -1.458623
730 731 0.444063
730 740 0.036263
730 830 -1.124395
731 732 -0.084425
731 741 0.086040
731 831 0.584659
732 733 1.289586
732 742 -0.716976
732 832 0.891325
733 734 2.942739
733 743 -1.202583
733 833 0.278554
734 735 -0.557534
734 744 -1.026187
734 834 0.090328
735 736 -1.051976
735 745 -2.416296
735 835 0.161772
736 737 -1.664914
736 746 -0.278992
736 836 0.934606
737 738 0.458627
737 747 -0.312128
737 837 -0.648461
738 739 0.549340
738 748 -1.432140
738 838 -0.662536
739 730 -0.806650
739 749 1.164599
739 839 -0.257599
740 741 0.796383
740 750 0.026194
740 840 2.164401
741 742 0.942251
741 751 -1.505748
741 841 -0.037428
742 743 1.460535
742 752 -1.231567
742 842 -0.903247
743 744 -0.347604
743 753 -1.449117
743 843 -1.229907
744 745 -1.196399
744 754 -0.725260
744 844 -0.506820
745 746 0.627940
745 755 -2.458506
745 845 -0.223654
746 747 1.917833
746 756 -0.178456
746 846 -0.442400
747 748 0.944977
747 757 0.231993
747 847 0.403405
748 749 -0.694746
748 758 -1.050516
748 848 -0.170030
749 740 0.026347
749 759 -0.353111
749 849 0.204062
750 751 0.064589
750 760 -0.736593
750 850 0.899829
751 752 -0.527931
751 761 0.031056
751 851 0.788797
752 753 -1.129208
752 762 0.415198
752 852 0.674063
753 754 -0.165347
753 763 -0.894394
753 853 -0.705316
754 755 0.191142
754 764 -1.364919
754 854 1.378320
755 756 0.746707
755 765 -0.774633
755 855 -1.811212
756 757 0.335802
756 766 -0.488931
756 856 -0.063514
757 758 -1.220300
757 767 -0.786791
757 857 -0.435090
758 759 -0.768674
758 768 -1.054370
758 858 -0.571034
759 750 0.096089
759 769 -1.044093
759 859 1.162936
760 761 -2.302945
760 770 -1.092769
760 860 0.942167
761 762 -0.482469
761 771 -0.071627
761 861 -0.813707
762 763 -2.166035
762 772 0.148658
762 862 -1.089061
763 764 1.731177
763 773 -0.744902
763 863 -0.167321
764 765 -1.237305
764 774 -0.576454
764 864 -1.287110
765 766 -1.661671
765 775 1.046971
765 865 0.496133
766 767 0.991921
766 776 0.731126
766 866 -0.963885
767 768 2.731587
767 777 -1.990782
767 867 1.381549
768 769 0.004848
768 778 0.879557
768 868 0.491136
769 760 0.441364
769 779 0.496192
769 869 0.193715
770 771 1.557934
770 780 -0.403835
770 870 1.746236
771 772 1.893046
771 781 0.148578
771 871 0.690386
772 773 1.024599
772 782 0.326400
772 872 0.737904
773 774 0.381337
773 783 -0.565623
773 873 0.079827
774 775 1.381812
774 784 1.907362
774 874 -0.116673
775 776 0.932729
775 785 0.228507
775 875 -0.599377
776 777 2.162889
776 786 2.651648
776 876 -0.147272
777 778 -0.323614
777 787 0.991569
777 877 -1.378447
778 779 -0.670383
778 788 0.457464
778 878 -0.141064
779 770 -0.510510
779 789 -0.592209
779 879 -0.418352
780 781 -0.762014
780 790 0.995493
780 880 0.268661
781 782 0.181280
781 791 0.163584
781 881 0.092488
782 783 -0.346742
782 792 1.580713
782 882 -2.530964
783 784 -0.032255
783 793 -1.423760
783 883 -0.408644
784 785 0.582219
784 794 -1.158570
784 884 -0.884865
785 786 1.481493
785 795 -0.996109
785 885 -0.319942
786 787 -2.360762
786 796 0.033441
786 886 1.161878
787 788 0.571731
787 797 1.265855
787 887 -1.275757
788 789 0.881923
788 798 -0.244266
788 888 -0.913358
789 780 -0.294627
789 799 0.788243
789 889 -1.251343
790 791 0.358702
790 700 -0.169299
790 890 0.873229
791 792 1.206036
791 701 -0.408249
791 891 0.275092
792 793 -1.615517
792 702 -0.084744
792 892 -0.332136
793 794 1.759590
793 703 -1.257682
793 893 0.549932
794 795 -0.505555
794 704 1.255706
794 894 0.888206
795 796 1.462443
795 705 1.286997
795 895 0.162197
796 797 -1.650713
796 706 -2.098934
796 896 -2.023546
797 798 -0.399891
797 707 -0.272542
797 897 -1.100880
798 799 -0.563925
798 708 0.748729
798 898 -0.523624
799 790 0.121984
799 709 0.187042
799 899 0.080404
800 801 0.022183
800 810 0.288174
800 900 1.666347
801 802 0.760500
801 811 -0.505398
801 901 -0.212256
802 803 -0.040458
802 812 1.041556
802 902 0.988767
803 804 0.517229
803 813 2.496073
803 903 -1.684244
804 805 0.147574
804 814 0.605297
804 904 -1.014574
805 806 -0.591127
805 815 -1.222917
805 905 -0.045210
806 807 -2.020398
806 816 -0.055891
806 906 -0.250742
807 808 3.196466
807 817 0.877862
807 907 0.216263
808 809 -1.355796
808 818 -1.613854
808 908 0.425493
809 800 -1.403186
809 819 0.106405
809 909 1.337020
810 811 -0.035877
810 820 -1.012315
810 910 -0.800958
811 812 -1.823505
811 821 -0.496543
811 911 1.047588
812 813 0.286932
812 822 0.576663
812 912 0.753483
813 814 -0.445543
813 823 -1.569097
813 913 -0.485052
814 815 -0.595678
814 824 -0.759762
814 914 0.892044
815 816 0.225978
815 825 -0.910648
815 915 -1.438584
816 817 -0.352336
816 826 0.947503
816 916 -1.360566
817 818 -1.914384
817 827 0.151645
817 917 1.487440
818 819 0.681032
818 828 0.174233
818 918 1.170512
819 810 -1.045404
819 829 1.000696
819 919 0.260217
820 821 -1.204780
820 830 -0.227754
820 920 1.156874
821 822 -0.461518
821 831 -0.685599
821 921 0.198990
822 823 1.517732
822 832 0.184098
822 922 -0.437954
823 824 0.303917
823 833 0.465718
823 923 -0.979611
824 825 0.332882
824 834 -0.894954
824 924 -1.016619
825 826 -1.406663
825 835 -0.026078
825 925 0.073921
826 827 -2.852889
826 836 -1.325681
826 926 -0.544833
827 828 0.180454
827 837 -0.543066
827 927 0.640680
828 829 0.059913
828 838 0.031686
828 928 -0.320148
829 820 -0.727787
829 839 -0.046050
829 929 -0.972201
830 831 -1.091141
830 840 -1.034337
830 930 1.239461
831 832 -0.104204
831 841 0.482728
831 931 0.068280
832 833 0.442196
832 842 -1.173951
832 932 -0.564410
833 834 -0.348038
833 843 0.315522
833 933 0.703171
834 835 -2.708605
834 844 -0.939056
834 934 -0.135231
835 836 1.167466
835 845 0.295051
835 935 0.531830
836 837 0.051148
836 846 1.415729
836 936 0.318267
837 838 -0.236185
837 847 1.335775
837 937 0.130894
838 839 0.555362
838 848 1.929206
838 938 1.068445
839 830 -1.703125
839 849 1.687019
839 939 -0.425275
840 841 0.417132
840 850 -2.122678
840 940 0.165780
841 842 -0.809513
841 851 2.183886
841 941 0.835308
842 843 -0.317751
842 852 -0.928740
842 942 -0.365686
843 844 -0.958623
843 853 1.316463
843 943 0.535208
844 845 0.529008
844 854 -1.000585
844 944 -1.208850
845 846 -1.421707
845 855 -0.397622
845 945 0.550816
846 847 0.060789
846 856 2.086017
846 946 0.286566
847 848 -1.583741
847 857 -2.038029
847 947 -0.591122
848 849 -0.122763
848 858 -1.827516
848 948 -1.819209
849 840 -0.478169
849 859 0.548766
849 949 0.046707
850 851 -0.964390
850 860 0.993687
850 950 -0.691698
851 852 -0.453789
851 861 -1.688482
851 951 -0.137874
852 853 -0.439875
852 862 -0.868161
852 952 1.272209
853 854 2.121232
853 863 1.582135
853 953 0.176620
854 855 0.196871
854 864 1.618525
854 954 -0.376907
855 856 -0.017580
855 865 0.519563
855 955 -0.569843
856 857 1.349041
856 866 -1.423678
856 956 -0.910716
857 858 1.226012
857 867 -0.853597
857 957 1.482920
858 859 0.833250
858 868 -0.593033
858 958 0.690538
859 850 -0.400849
859 869 -0.407854
859 959 0.505896
860 861 -0.465757
860 870 1.504411
860 960 -0.173549
861 862 0.956748
861 871 -0.630881
861 961 -0.865148
862 863 2.445974
862 872 -0.170895
862 962 -0.794615
863 864 0.889754
863 873 -2.234642
863 963 1.668483
864 865 -0.552401
864 874 0.653480
864 964 -0.812749
865 866 -1.170601
865 875 0.860858
865 965 0.973443
866 867 0.581005
866 876 -0.125748
866 966 -0.298000
867 868 -1.111291
867 877 -1.264216
867 967 2.288932
868 869 -0.057413
868 878 -0.567168
868 968 0.939465
869 860 1.996519
869 879 -1.420022
869 969 0.998019
870 871 0.035547
870 880 0.369551
870 970 0.175938
871 872 -0.369759
871 881 -1.508122
871 971 0.057484
872 873 0.266016
872 882 0.146413
872 972 1.159420
873 874 -1.325260
873 883 0.618475
873 973 1.676451
874 875 0.102499
874 884 -0.051433
874 974 0.168426
875 876 0.738479
875 885 1.089544
875 975 1.426861
876 877 0.772881
876 886 -0.767459
876 976 1.296732
877 878 -0.805583
877 887 1.900679
877 977 -0.753083
878 879 1.493152
878 888 2.108261
878 978 0.506807
879 870 -0.374868
879 889 -1.389093
879 979 -0.547765
880 881 -0.803918
880 890 -0.605252
880 980 -0.461893
881 882 -1.153569
881 891 0.799506
881 981 -1.716731
882 883 -1.393063
882 892 1.362964
882 982 -0.299225
883 884 -1.501206
883 893 -1.026997
883 983 1.698429
884 885 1.304849
884 894 -0.446057
884 984 -0.842308
885 886 0.113333
885 895 0.628476
885 985 -2.774233
886 887 0.717928
886 896 0.050554
886 986 -0.305481
887 888 -0.948560
887 897 0.001460
887 987 -1.048614
888 889 0.227732
888 898 1.259201
888 988 -1.156570
889 880 -0.361990
889 899 1.068020
889 989 0.275023
890 891 -0.283359
890 800 1.245964
890 990 -0.035378
891 892 0.438674
891 801 -1.680095
891 991 2.485603
892 893 0.520368
892 802 -0.158257
892 992 -0.348502
893 894 -1.134043
893 803 -1.318522
893 993 -0.133256
894 895 0.556924
894 804 1.103580
894 994 0.301868
895 896 0.210040
895 805 0.926611
895 995 0.398642
896 897 0.707328
896 806 -1.262804
896 996 -0.631722
897 898 -0.935802
897 807 0.039338
897 997 1.412926
898 899 1.626691
898 808 1.735222
898 998 0.290047
899 890 0.076864
899 809 -0.226155
899 999 -0.932317
900 901 0.862593
900 910 -0.506827
900 0 -0.442779
901 902 -0.437029
901 911 -0.559426
901 1 0.855057
902 903 -0.984963
902 912 1.535838
902 2 -0.838054
903 904 0.545432
903 913 -1.058847
903 3 1.510116
904 905 0.543525
904 914 2.413940
904 4 -0.235869
905 906 0.261310
905 915 1.510790
905 5 0.392846
906 907 1.222227
906 916 1.046584
906 6 -0.362508
907 908 1.627405
907 917 0.918884
907 7 -0.369980
908 909 -0.290144
908 918 0.368424
908 8 -1.024716
909 900 -0.845702
909 919 -2.499987
909 9 -0.403687
910 911 -0.943545
910 920 -0.786139
910 10 0.548845
911 912 -1.212322
911 921 -0.871654
911 11 0.931653
912 913 1.087676
912 922 -0.515753
912 12 -0.577272
913 914 0.168715
913 923 -1.679465
913 13 -0.179187
914 915 0.078907
914 924 0.562810
914 14 -2.486328
915 916 -0.434633
915 925 2.027564
915 15 -0.981520
916 917 -0.763712
916 926 -0.735457
916 16 -1.807343
917 918 2.351199
917 927 -0.813142
917 17 -0.482838
918 919 1.352741
918 928 0.266967
918 18 0.265560
919 910 -0.170792
919 929 -0.366397
919 19 1.414387
920 921 0.121925
920 930 0.337644
920 20 -0.366524
921 922 0.588376
921 931 -0.446306
921 21 1.675787
922 923 0.145768
922 932 1.250057
922 22 1.485073
923 924 -0.963551
923 933 -1.997313
923 23 -1.514179
924 925 -1.823921
924 934 -1.473847
924 24 -0.187403
925 926 -0.768300
925 935 1.413602
925 25 -0.123277
926 927 -1.167625
926 936 0.331338
926 26 -0.510740
927 928 0.957845
927 937 0.515755
927 27 -0.164357
928 929 -0.238294
928 938 1.424165
928 28 0.672544
929 920 1.546147
929 939 1.029874
929 29 -0.977021
930 931 1.088041
930 940 0.114801
930 30 -1.900177
931 932 1.145449
931 941 -1.138855
931 31 3.300629
932 933 -0.510684
932 942 -0.813314
932 32 -1.219892
933 934 0.295964
933 943 0.500452
933 33 0.322198
934 935 -0.535138
934 944 1.564598
934 34 0.677215
935 936 -1.809978
935 945 -0.768125
935 35 1.024609
936 937 0.625001
936 946 1.923258
936 36 -2.536725
937 938 1.238578
937 947 -0.461592
937 37 1.904301
938 939 -1.409905
938 948 0.384402
938 38 -0.371725
939 930 0.127757
939 949 0.160627
939 39 0.233709
940 941 1.409597
940 950 -0.545984
940 40 2.869240
941 942 -0.493465
941 951 0.392296
941 41 1.758679
942 943 1.239484
942 952 0.681700
942 42 0.744415
943 944 -1.426167
943 953 1.690731
943 43 -0.161579
944 945 0.646985
944 954 0.010105
944 44 0.755282
945 946 -0.575096
945 955 1.274434
945 45 0.203252
946 947 -0.472707
946 956 -2.206954
946 46 -0.404114
947 948 0.371803
947 957 0.060234
947 47 1.487870
948 949 0.996117
948 958 0.114094
948 48 -0.106722
949 940 0.499488
949 959 1.662822
949 49 0.644533
950 951 1.253947
950 960 -2.866845
950 50 -0.276938
951 952 -3.854046
951 961 -0.952964
951 51 -0.423575
952 953 1.660024
952 962 -1.021849
952 52 0.759706
953 954 -0.545528
953 963 0.625164
953 53 0.578567
954 955 2.122733
954 964 -1.060655
954 54 0.231404
955 956 -0.339621
955 965 -0.909986
955 55 0.769693
956 957 0.891987
956 966 1.207587
956 56 1.966484
957 958 -0.245880
957 967 1.397316
957 57 1.523042
958 959 -1.436873
958 968 -1.149845
958 58 0.405903
959 950 0.099714
959 969 -0.171515
959 59 2.759247
960 961 1.189387
960 970 0.686941
960 60 -0.454541
961 962 -0.618051
961 971 -1.042449
961 61 -0.487684
962 963 -1.738223
962 972 -1.015171
962 62 1.480557
963 964 -2.229272
963 973 -0.248385
963 63 0.356106
964 965 -0.256387
964 974 -0.364107
964 64 0.688550
965 966 1.060552
965 975 0.945609
965 65 -0.703269
966 967 0.107569
966 976 0.108495
966 66 1.967275
967 968 1.352181
967 977 0.045410
967 67 0.225011
968 969 -1.486656
968 978 -1.852863
968 68 -0.110385
969 960 0.274107
969 979 1.493825
969 69 -1.422312
970 971 0.015770
970 980 1.014807
970 70 -0.845692
971 972 -0.368045
971 981 0.069285
971 71 0.391199
972 973 1.651385
972 982 1.438377
972 72 1.281206
973 974 -1.826473
973 983 1.871298
973 73 0.721617
974 975 -0.016985
974 984 -1.435063
974 74 0.551217
975 976 1.478756
975 985 -2.311176
975 75 0.066673
976 977 -0.965120
976 986 0.168939
976 76 -1.204291
977 978 1.032819
977 987 1.895728
977 77 1.486424
978 979 -0.822608
978 988 -0.155776
978 78 0.005821
979 970 -0.014738
979 989 0.964078
979 79 1.222726
980 981 -0.062572
980 990 0.514329
980 80 0.994859
981 982 -0.714826
981 991 0.919634
981 81 -0.906789
982 983 -0.496268
982 992 0.809493
982 82 0.646912
983 984 1.041712
983 993 1.377750
983 83 -0.531465
984 985 0.806794
984 994 0.784453
984 84 -1.996283
985 986 -0.828425
985 995 0.442872
985 85 -0.695581
986 987 1.160935
986 996 -0.402417
986 86 -0.018545
987 988 1.050412
987 997 -0.676108
987 87 0.014845
988 989 -0.285587
988 998 -0.612347
988 88 -1.053757
989 980 0.505030
989 999 -0.958406
989 89 1.220825
990 991 0.469783
990 900 1.654174
990 90 -0.702749
991 992 0.812854
991 901 0.458868
991 91 0.153537
992 993 -1.220452
992 902 0.083751
992 92 0.625373
993 994 -0.333279
993 903 0.070804
993 93 1.273027
994 995 1.202006
994 904 1.470219
994 94 0.819919
995 996 -1.246341
995 905 0.269448
995 95 0.697634
996 997 0.311430
996 906 -0.297224
996 96 0.391900
997 998 -0.907183
997 907 -0.584513
997 97 -0.282955
998 999 -0.315230
998 908 -0.329576
998 98 0.642284
999 990 0.393149
999 909 -0.758228
999 99 0.691406
