0 1 0.027078
0 10 2.172914
0 100 -0.163886
1 2 0.514964
1 11 1.108217
1 101 -0.552367
2 3 -0.473278
2 12 0.602624
2 102 -1.713066
3 4 -1.225054
3 13 0.076679
3 103 0.919440
4 5 -0.085831
4 14 -0.097542
4 104 1.335901
5 6 0.798686
5 15 0.591703
5 105 1.648623
6 7 1.122146
6 16 0.532369
6 106 -0.330924
7 8 1.894506
7 17 1.176427
7 107 0.473625
8 9 1.914876
8 18 0.241638
8 108 -1.513594
9 0 1.536942
9 19 -2.316532
9 109 -1.147510
10 11 1.196441
10 20 -1.037979
10 110 -0.789616
11 12 1.482384
11 21 -0.201258
11 111 0.817253
12 13 1.016154
12 22 0.904800
12 112 -2.155041
13 14 -1.237180
13 23 1.837985
13 113 0.988664
14 15 2.454025
14 24 0.695095
14 114 1.828636
15 16 1.821759
15 25 -1.651587
15 115 0.188193
16 17 -0.491337
16 26 1.931957
16 116 0.225161
17 18 -0.562989
17 27 -0.687677
17 117 -0.318928
18 19 -1.496329
18 28 -1.704668
18 118 0.871007
19 10 1.694456
19 29 -1.447378
19 119 -0.656078
20 21 1.702966
20 30 -1.329605
20 120 1.349685
21 22 0.079962
21 31 0.082549
21 121 0.510758
22 23 1.072892
22 32 0.100377
22 122 1.577509
23 24 -0.826250
23 33 -1.261429
23 123 -0.860027
24 25 -0.056304
24 34 -2.167014
24 124 0.141996
25 26 0.389863
25 35 -0.364647
25 125 -0.388106
26 27 -0.175149
26 36 0.618700
26 126 0.901821
27 28 0.703692
27 37 -0.371142
27 127 0.644920
28 29 0.356375
28 38 -0.971364
28 128 -0.512130
29 20 1.819395
29 39 -1.717980
29 129 -0.989782
30 31 1.186708
30 40 0.848784
30 130 -0.952733
31 32 -0.339976
31 41 -0.871748
31 131 -0.517483
32 33 -0.316454
32 42 0.433639
32 132 1.130159
33 34 0.656766
33 43 -0.527365
33 133 2.114930
34 35 -0.596737
34 44 0.612845
34 134 -0.266690
35 36 0.286804
35 45 -1.637263
35 135 -0.028077
36 37 -0.308729
36 46 0.754718
36 136 -1.875322
37 38 -1.519648
37 47 0.375576
37 137 0.410452
38 39 -0.153366
38 48 -1.292864
38 138 0.827298
39 30 -0.048395
39 49 1.600645
39 139 0.334060
40 41 1.142458
40 50 0.621403
40 140 -0.233569
41 42 2.239013
41 51 -0.621405
41 141 -1.088218
42 43 1.072026
42 52 -0.805987
42 142 0.645522
43 44 -0.285325
43 53 -0.722914
43 143 -1.338559
44 45 0.349886
44 54 -0.496326
44 144 0.958529
45 46 0.816558
45 55 1.429949
45 145 -1.109613
46 47 -0.450713
46 56 -0.471943
46 146 -0.611012
47 48 -0.438046
47 57 0.036227
47 147 -0.489495
48 49 -1.050719
48 58 0.649479
48 148 0.438551
49 40 -0.266224
49 59 1.152705
49 149 -1.571876
50 51 -1.360913
50 60 -0.211173
50 150 0.409818
51 52 1.801814
51 61 -0.074033
51 151 0.151395
52 53 0.131405
52 62 -0.171965
52 152 0.632989
53 54 -0.529519
53 63 -0.953295
53 153 -0.125270
54 55 0.459877
54 64 1.409202
54 154 -1.619710
55 56 -0.724507
55 65 0.889700
55 155 -0.801936
56 57 0.975044
56 66 -1.675807
56 156 0.906372
57 58 -0.225949
57 67 0.919185
57 157 0.517068
58 59 -2.182592
58 68 0.805805
58 158 1.030213
59 50 1.434579
59 69 -0.915635
59 159 0.867003
60 61 -1.028101
60 70 -1.182737
60 160 -0.134952
61 62 0.934790
61 71 0.584091
61 161 -0.005654
62 63 0.484514
62 72 -0.633254
62 162 0.349689
63 64 1.301477
63 73 -0.377021
63 163 0.942848
64 65 -1.553649
64 74 0.786287
64 164 -0.206501
65 66 -0.586940
65 75 2.991425
65 165 2.303696
66 67 0.247767
66 76 -1.075444
66 166 0.821094
67 68 1.651057
67 77 0.126141
67 167 0.275612
68 69 1.495125
68 78 1.241225
68 168 0.196767
69 60 -0.877189
69 79 1.007717
69 169 0.825170
70 71 -0.761075
70 80 1.013668
70 170 0.579106
71 72 -0.238009
71 81 -0.185354
71 171 0.678530
72 73 0.149722
72 82 -0.052542
72 172 -0.212970
73 74 0.758916
73 83 -0.007187
73 173 0.867062
74 75 -1.776807
74 84 -0.220504
74 174 -0.521738
75 76 -0.731155
75 85 -0.393195
75 175 0.651962
76 77 0.525009
76 86 -2.055404
76 176 0.000191
77 78 -0.584623
77 87 -1.238210
77 177 1.033064
78 79 0.478412
78 88 -1.685643
78 178 -0.115217
79 70 1.089758
79 89 0.986781
79 179 -0.705795
80 81 0.109877
80 90 -1.214243
80 180 -0.479249
81 82 -0.657262
81 91 -0.444872
81 181 0.960909
82 83 -0.792228
82 92 -0.248414
82 182 -0.957051
83 84 -0.010435
83 93 0.488268
83 183 -0.518742
84 85 -0.170283
84 94 0.705681
84 184 0.259512
85 86 -0.107786
85 95 -1.886353
85 185 0.539715
86 87 -0.101135
86 96 1.071198
86 186 0.328687
87 88 -0.033613
87 97 -0.614012
87 187 0.214187
88 89 0.910441
88 98 0.105291
88 188 -1.173999
89 80 -0.222966
89 99 0.270405
89 189 -1.256437
90 91 0.683727
90 0 -2.139735
90 190 0.080454
91 92 -0.199083
91 1 -0.317319
91 191 1.347299
92 93 -1.385400
92 2 0.680813
92 192 0.177961
93 94 1.012203
93 3 -0.681358
93 193 1.529877
94 95 0.187403
94 4 0.244489
94 194 -1.016860
95 96 -0.295399
95 5 -1.349039
95 195 2.276453
96 97 0.077524
96 6 0.944374
96 196 1.990474
97 98 -1.146491
97 7 1.123779
97 197 -0.827213
98 99 1.612935
98 8 0.394782
98 198 -1.153188
99 90 -1.610248
99 9 -0.836442
99 199 0.654399
100 101 0.097105
100 110 0.919528
100 200 -0.525773
101 102 -0.179734
101 111 1.400761
101 201 -1.077744
102 103 -0.894388
102 112 0.267565
102 202 -0.344649
103 104 0.617262
103 113 -0.039562
103 203 0.418182
104 105 0.093983
104 114 -0.899761
104 204 -1.139656
105 106 1.537907
105 115 -0.084303
105 205 0.259207
106 107 0.324364
106 116 1.585748
106 206 -0.906320
107 108 0.996753
107 117 -0.580388
107 207 -0.941297
108 109 0.391039
108 118 0.703346
108 208 0.423942
109 100 -0.196051
109 119 -0.995192
109 209 -1.492884
110 111 -0.668443
110 120 -1.419934
110 210 -0.182686
111 112 0.232484
111 121 1.139236
111 211 1.542205
112 113 -0.614787
112 122 1.068821
112 212 -0.337329
113 114 -0.422812
113 123 -1.273472
113 213 -0.858399
114 115 -0.306390
114 124 0.423025
114 214 0.904499
115 116 -0.535084
115 125 0.546309
115 215 -1.446667
116 117 -0.036309
116 126 -1.241933
116 216 1.133158
117 118 0.951210
117 127 0.425780
117 217 0.646443
118 119 0.447367
118 128 0.530594
118 218 -0.000619
119 110 0.634284
119 129 0.803746
119 219 0.339968
120 121 -0.723648
120 130 -0.736536
120 220 2.646844
121 122 -0.832766
121 131 0.964931
121 221 1.936878
122 123 -0.392622
122 132 -0.142691
122 222 2.173324
123 124 -0.446310
123 133 -0.370740
123 223 0.298436
124 125 1.859063
124 134 -0.147508
124 224 -0.140452
125 126 0.767306
125 135 1.723511
125 225 -0.909373
126 127 -1.285249
126 136 -0.668806
126 226 -0.146713
127 128 0.594191
127 137 -1.321040
127 227 -1.030484
128 129 -1.715143
128 138 -0.625395
128 228 0.420109
129 120 -0.003362
129 139 -2.462905
129 229 -1.294848
130 131 0.619270
130 140 1.231138
130 230 -0.978690
131 132 0.202166
131 141 0.641214
131 231 0.738347
132 133 0.008203
132 142 0.599656
132 232 0.181244
133 134 0.807005
133 143 1.216985
133 233 -0.862121
134 135 1.182237
134 144 1.038449
134 234 -2.093108
135 136 -0.506541
135 145 1.888092
135 235 -0.212806
136 137 1.545142
136 146 1.363754
136 236 -1.750417
137 138 0.193889
137 147 0.562808
137 237 -1.342721
138 139 -0.522853
138 148 0.086474
138 238 0.528065
139 130 -2.036387
139 149 1.252042
139 239 0.822276
140 141 -1.052802
140 150 0.469611
140 240 0.264370
141 142 -0.156520
141 151 1.804212
141 241 -2.388126
142 143 0.097379
142 152 -1.216951
142 242 1.182065
143 144 0.494324
143 153 1.738276
143 243 -0.697046
144 145 0.685360
144 154 -1.497739
144 244 0.486937
145 146 1.246532
145 155 0.339258
145 245 -0.159256
146 147 0.281651
146 156 -1.526076
146 246 0.717927
147 148 1.368567
147 157 -0.303506
147 247 0.051809
148 149 0.719067
148 158 -0.712927
148 248 -0.233091
149 140 -0.589496
149 159 1.355981
149 249 -0.993037
150 151 -0.714086
150 160 -0.105399
150 250 -0.829304
151 152 1.129032
151 161 0.642080
151 251 -0.393565
152 153 0.262746
152 162 -0.013313
152 252 0.599918
153 154 0.486800
153 163 -1.791918
153 253 0.356690
154 155 1.138670
154 164 -1.886643
154 254 -1.220230
155 156 -0.237359
155 165 -0.544421
155 255 -1.043219
156 157 -0.639249
156 166 -2.516442
156 256 1.826135
157 158 0.404498
157 167 -1.898683
157 257 1.032460
158 159 -0.031228
158 168 0.139411
158 258 -0.518866
159 150 0.482776
159 169 -0.182899
159 259 1.057329
160 161 0.949328
160 170 -1.514881
160 260 1.585149
161 162 -0.143270
161 171 0.863773
161 261 2.551972
162 163 0.140280
162 172 -0.193534
162 262 0.881460
163 164 -1.135351
163 173 -0.801590
163 263 0.558617
164 165 -0.667083
164 174 -0.917241
164 264 -1.435278
165 166 -1.058418
165 175 -0.901841
165 265 0.094062
166 167 0.083036
166 176 -1.159411
166 266 -0.760781
167 168 0.985754
167 177 -1.214453
167 267 1.944470
168 169 -1.950058
168 178 -0.945907
168 268 1.651064
169 160 0.033642
169 179 -0.236739
169 269 0.356298
170 171 -1.902633
170 180 -1.810614
170 270 1.914286
171 172 1.133661
171 181 -0.893390
171 271 1.270972
172 173 -0.615318
172 182 0.588654
172 272 -0.106399
173 174 0.015072
173 183 0.618088
173 273 0.235369
174 175 -1.011373
174 184 -0.057238
174 274 1.633773
175 176 -0.650698
175 185 0.421163
175 275 0.740099
176 177 -0.404052
176 186 -1.493002
176 276 1.077071
177 178 -1.778463
177 187 -0.163610
177 277 -0.061921
178 179 -0.321373
178 188 -0.111619
178 278 -0.760476
179 170 0.301595
179 189 -1.738562
179 279 -2.169817
180 181 -0.174135
180 190 1.341962
180 280 0.799924
181 182 -0.432970
181 191 0.693387
181 281 -0.798678
182 183 -0.414847
182 192 0.958095
182 282 0.557254
183 184 -0.856742
183 193 -1.503271
183 283 1.624537
184 185 0.293234
184 194 1.702769
184 284 0.255542
185 186 -0.473395
185 195 -0.133877
185 285 1.614469
186 187 0.026332
186 196 1.530579
186 286 -0.944528
187 188 1.487417
187 197 -0.884148
187 287 -1.037178
188 189 -0.673196
188 198 -0.580864
188 288 -0.590984
189 180 1.635015
189 199 1.334733
189 289 1.173759
190 191 0.335790
190 100 0.522245
190 290 -0.791106
191 192 0.145911
191 101 -0.684300
191 291 -1.470956
192 193 -0.459138
192 102 0.068553
192 292 1.055491
193 194 0.968499
193 103 0.053109
193 293 0.089366
194 195 2.008089
194 104 0.914638
194 294 -0.136643
195 196 -0.275601
195 105 -1.385379
195 295 -1.737374
196 197 0.186906
196 106 -0.019813
196 296 -1.402559
197 198 0.345793
197 107 0.238962
197 297 -0.065464
198 199 -2.163884
198 108 -0.313592
198 298 -0.343406
199 190 0.531703
199 109 -1.521460
199 299 -0.472125
200 201 -1.113080
200 210 -0.689110
200 300 2.462432
201 202 2.581672
201 211 -1.352819
201 301 -0.254468
202 203 -1.004660
202 212 1.828800
202 302 -1.411968
203 204 1.253370
203 213 0.368477
203 303 -0.191412
204 205 1.487631
204 214 0.488816
204 304 -0.063472
205 206 0.116399
205 215 0.287577
205 305 0.374414
206 207 -0.316977
206 216 -0.100707
206 306 -1.774730
207 208 -0.205916
207 217 0.215244
207 307 -0.361597
208 209 1.217087
208 218 0.704342
208 308 -0.443355
209 200 -0.330607
209 219 -1.487000
209 309 0.380302
210 211 -0.459415
210 220 -0.611306
210 310 1.307166
211 212 1.698878
211 221 0.077741
211 311 0.298966
212 213 -0.804916
212 222 -1.773443
212 312 1.000452
213 214 0.065389
213 223 -0.664699
213 313 0.791063
214 215 -1.748209
214 224 -1.489522
214 314 -0.048800
215 216 -0.556240
215 225 -0.782588
215 315 -0.554859
216 217 -0.087537
216 226 1.869817
216 316 0.504979
217 218 1.239165
217 227 1.572557
217 317 0.203378
218 219 0.473778
218 228 -1.766770
218 318 -0.582718
219 210 1.588886
219 229 -0.071221
219 319 -0.581398
220 221 0.479084
220 230 -0.654257
220 320 1.115478
221 222 0.105476
221 231 -0.463832
221 321 -1.441382
222 223 -0.855226
222 232 2.560740
222 322 0.340264
223 224 -0.485506
223 233 0.363539
223 323 -0.548908
224 225 1.218888
224 234 -0.815358
224 324 -0.638496
225 226 -0.646218
225 235 -0.355444
225 325 0.453240
226 227 -1.189270
226 236 0.603204
226 326 0.822918
227 228 0.674403
227 237 1.626347
227 327 -1.186770
228 229 -0.071836
228 238 1.887480
228 328 0.773406
229 220 -0.907796
229 239 0.700853
229 329 0.255163
230 231 0.423348
230 240 -0.177601
230 330 0.502168
231 232 1.120502
231 241 0.158409
231 331 0.158281
232 233 1.082208
232 242 -2.444069
232 332 -0.405331
233 234 0.425497
233 243 0.227932
233 333 0.082642
234 235 -1.350776
234 244 -0.791657
234 334 0.407095
235 236 0.586082
235 245 1.051468
235 335 1.196094
236 237 -1.002206
236 246 0.926853
236 336 0.679558
237 238 -0.007003
237 247 -0.078141
237 337 2.329022
238 239 -0.817060
238 248 0.162832
238 338 1.464624
239 230 -1.143614
239 249 -1.093613
239 339 1.887511
240 241 -2.396892
240 250 -0.191254
240 340 -0.643323
241 242 0.098354
241 251 -0.174878
241 341 0.288032
242 243 -0.528957
242 252 -0.454726
242 342 0.168051
243 244 1.406903
243 253 0.825741
243 343 0.740100
244 245 0.574697
244 254 0.910658
244 344 -1.407738
245 246 -1.175794
245 255 0.100982
245 345 0.686712
246 247 -0.719543
246 256 -1.012187
246 346 -1.005632
247 248 1.288624
247 257 -0.474260
247 347 -0.003035
248 249 0.276883
248 258 -0.364694
248 348 -0.143668
249 240 0.929102
249 259 -1.981028
249 349 0.524602
250 251 -0.234123
250 260 2.866219
250 350 -1.609982
251 252 0.412564
251 261 0.759991
251 351 1.035487
252 253 0.383977
252 262 -0.517324
252 352 -2.371048
253 254 -1.263976
253 263 0.204988
253 353 1.502225
254 255 -0.875797
254 264 -0.130297
254 354 0.321250
255 256 0.072738
255 265 -0.033023
255 355 0.097422
256 257 -0.969397
256 266 0.648096
256 356 0.674825
257 258 0.321818
257 267 -0.708353
257 357 -1.900146
258 259 0.553551
258 268 -0.403282
258 358 -2.302184
259 250 1.777398
259 269 -1.103442
259 359 0.372888
260 261 1.393402
260 270 0.764295
260 360 0.954577
261 262 0.326642
261 271 -0.696480
261 361 -0.271132
262 263 1.588720
262 272 0.403277
262 362 0.438135
263 264 -0.348979
263 273 -0.076604
263 363 -0.885553
264 265 2.283702
264 274 -1.616360
264 364 0.995713
265 266 0.659691
265 275 -0.868873
265 365 1.649912
266 267 -0.630336
266 276 1.821102
266 366 -0.915762
267 268 -0.749793
267 277 0.418975
267 367 -0.297827
268 269 0.095962
268 278 -1.777593
268 368 0.190685
269 260 -1.320996
269 279 0.659689
269 369 -0.021056
270 271 -0.590046
270 280 0.405785
270 370 -0.622666
271 272 0.775822
271 281 -0.693981
271 371 -1.475679
272 273 -2.514884
272 282 -0.921235
272 372 0.143583
273 274 1.112646
273 283 -1.014779
273 373 -0.349084
274 275 -0.640522
274 284 0.353039
274 374 -1.204475
275 276 0.545497
275 285 -0.759563
275 375 -0.272160
276 277 0.081077
276 286 -0.917805
276 376 -0.723367
277 278 0.761819
277 287 -1.478024
277 377 -0.607216
278 279 0.426817
278 288 -0.103604
278 378 0.495133
279 270 -0.718989
279 289 0.076322
279 379 0.943453
280 281 -0.605479
280 290 0.822382
280 380 0.922831
281 282 0.123856
281 291 -0.748598
281 381 -0.882774
282 283 -0.537610
282 292 0.946536
282 382 -0.696261
283 284 -0.191149
283 293 -0.160854
283 383 0.671580
284 285 -0.070510
284 294 -1.478988
284 384 0.274920
285 286 -0.560332
285 295 0.488297
285 385 -0.925595
286 287 -1.017240
286 296 0.240387
286 386 -1.957176
287 288 -0.068870
287 297 -0.066605
287 387 -0.831322
288 289 2.198405
288 298 0.813980
288 388 1.322248
289 280 -1.456832
289 299 2.903397
289 389 0.314213
290 291 -0.470167
290 200 1.997722
290 390 0.619349
291 292 0.896231
291 201 -0.067467
291 391 0.720100
292 293 0.815534
292 202 -0.813116
292 392 2.515741
293 294 -0.278087
293 203 -0.478471
293 393 2.333029
294 295 0.763620
294 204 0.427458
294 394 1.045212
295 296 -1.297937
295 205 1.165847
295 395 -0.379011
296 297 -0.142313
296 206 -0.433234
296 396 0.874331
297 298 0.376932
297 207 0.351357
297 397 1.110150
298 299 0.206981
298 208 -0.666511
298 398 0.448469
299 290 -0.821194
299 209 -0.944962
299 399 0.634090
300 301 1.668025
300 310 -1.831749
300 400 -0.085003
301 302 1.216828
301 311 -1.140967
301 401 0.803435
302 303 -0.292778
302 312 -0.947751
302 402 1.070542
303 304 -0.643381
303 313 -0.419236
303 403 -1.432948
304 305 0.993809
304 314 -0.248474
304 404 -0.661019
305 306 -0.628934
305 315 -0.180511
305 405 -0.001837
306 307 0.970471
306 316 -1.203744
306 406 -0.045066
307 308 -0.579415
307 317 -1.442359
307 407 0.236176
308 309 0.476828
308 318 -1.088662
308 408 0.148208
309 300 0.668280
309 319 0.433842
309 409 0.811026
310 311 0.443717
310 320 0.353757
310 410 0.005090
311 312 -1.229454
311 321 0.849526
311 411 -0.019227
312 313 -1.310797
312 322 -0.093557
312 412 1.594591
313 314 1.304520
313 323 1.131174
313 413 0.211916
314 315 0.318922
314 324 -0.100695
314 414 0.288206
315 316 -0.914209
315 325 0.204531
315 415 1.038900
316 317 1.304184
316 326 -0.585783
316 416 -0.650496
317 318 -1.210057
317 327 1.594396
317 417 0.084146
318 319 0.475419
318 328 -0.004000
318 418 0.691454
319 310 0.062503
319 329 -0.350488
319 419 -1.271270
320 321 1.484792
320 330 0.354193
320 420 0.403669
321 322 -0.964480
321 331 0.435442
321 421 -0.699198
322 323 -1.466273
322 332 -0.891945
322 422 -0.133498
323 324 -0.465977
323 333 -0.418809
323 423 0.388333
324 325 0.233433
324 334 -1.092889
324 424 0.348590
325 326 -2.130145
325 335 -1.303983
325 425 -0.151874
326 327 -0.467060
326 336 0.661956
326 426 0.128953
327 328 0.436745
327 337 -0.400982
327 427 0.849318
328 329 -0.943785
328 338 -0.826044
328 428 -1.193822
329 320 -0.798086
329 339 -1.479719
329 429 -0.528318
330 331 0.257308
330 340 -1.353778
330 430 -0.104945
331 332 -0.550119
331 341 1.147080
331 431 -1.170384
332 333 0.905639
332 342 1.703506
332 432 -0.982673
333 334 -1.101773
333 343 -0.888702
333 433 1.162508
334 335 -0.316946
334 344 -0.186755
334 434 -1.609870
335 336 0.122927
335 345 1.390136
335 435 -0.295448
336 337 0.279706
336 346 0.781282
336 436 0.215404
337 338 1.797642
337 347 -0.501527
337 437 1.554695
338 339 0.124167
338 348 -0.013328
338 438 -1.063746
339 330 -0.328418
339 349 -0.574256
339 439 0.656714
340 341 0.687509
340 350 1.066900
340 440 0.392140
341 342 -1.042555
341 351 -0.633834
341 441 0.195582
342 343 -1.845477
342 352 0.435904
342 442 -0.124026
343 344 2.249725
343 353 -0.326196
343 443 -0.468040
344 345 -0.342826
344 354 0.223632
344 444 -0.215074
345 346 0.868390
345 355 -1.285210
345 445 -0.118729
346 347 0.512932
346 356 -0.205581
346 446 -1.499592
347 348 0.802903
347 357 -1.106561
347 447 1.891485
348 349 -0.873135
348 358 1.495642
348 448 -0.607174
349 340 0.257743
349 359 -1.132814
349 449 -0.302901
350 351 0.382855
350 360 -0.530953
350 450 -0.198915
351 352 -1.696534
351 361 -0.813362
351 451 -0.751371
352 353 1.012138
352 362 -0.022380
352 452 -1.220397
353 354 -0.195416
353 363 0.599611
353 453 0.857096
354 355 -0.523200
354 364 0.675623
354 454 0.685656
355 356 -0.940983
355 365 -0.263896
355 455 2.142253
356 357 1.820971
356 366 0.243629
356 456 2.140558
357 358 -0.319311
357 367 1.007888
357 457 1.342732
358 359 -0.463497
358 368 -0.020858
358 458 -0.141566
359 350 -0.468258
359 369 2.151989
359 459 -1.822859
360 361 1.504703
360 370 -0.154272
360 460 0.333670
361 362 0.714888
361 371 -0.960297
361 461 0.720897
362 363 -0.927358
362 372 1.534445
362 462 -0.237852
363 364 1.552767
363 373 -1.907930
363 463 -1.510214
364 365 0.748692
364 374 0.892771
364 464 0.163938
365 366 -0.181009
365 375 0.722359
365 465 -0.057286
366 367 -0.216102
366 376 0.891912
366 466 0.346376
367 368 0.755967
367 377 -0.545021
367 467 -1.369349
368 369 0.099230
368 378 -0.800485
368 468 -0.652145
369 360 -2.720207
369 379 0.962137
369 469 0.657963
370 371 0.846785
370 380 -0.884932
370 470 -0.194330
371 372 -0.669947
371 381 -0.793535
371 471 0.723591
372 373 1.490947
372 382 -0.085660
372 472 1.504910
373 374 0.225699
373 383 -0.958104
373 473 -0.916284
374 375 -0.186225
374 384 2.524323
374 474 2.214293
375 376 -0.881004
375 385 0.311161
375 475 -0.756866
376 377 0.007293
376 386 -0.964786
376 476 -0.513608
377 378 -0.254151
377 387 -0.182393
377 477 -1.062651
378 379 -0.880655
378 388 -0.811365
378 478 1.529089
379 370 0.496107
379 389 0.584329
379 479 1.619938
380 381 0.954160
380 390 1.012644
380 480 -0.800020
381 382 -2.036488
381 391 -1.377161
381 481 0.363800
382 383 1.723374
382 392 0.452262
382 482 -2.169787
383 384 0.020265
383 393 0.461020
383 483 0.406352
384 385 1.246206
384 394 -0.048247
384 484 -0.585106
385 386 0.640325
385 395 0.338057
385 485 -0.596134
386 387 0.493864
386 396 -0.569029
386 486 -1.433387
387 388 2.085123
387 397 -1.136641
387 487 -0.960430
388 389 -0.250351
388 398 0.787661
388 488 0.521238
389 380 0.640119
389 399 -1.258570
389 489 1.851962
390 391 -0.418885
390 300 0.034011
390 490 0.665036
391 392 -0.023617
391 301 0.438931
391 491 -1.239993
392 393 0.089762
392 302 1.887494
392 492 0.949663
393 394 -0.100902
393 303 -0.003123
393 493 -1.542489
394 395 0.955893
394 304 -0.289855
394 494 -0.082255
395 396 -2.875630
395 305 0.861381
395 495 1.141131
396 397 -0.637209
396 306 0.515757
396 496 -1.717920
397 398 1.016049
397 307 -0.453181
397 497 -0.033183
398 399 0.332610
398 308 0.628552
398 498 -0.294988
399 390 0.349470
399 309 -1.813722
399 499 -0.219306
400 401 -1.027239
400 410 0.411020
400 500 -0.442818
401 402 1.540200
401 411 -0.619707
401 501 0.353429
402 403 1.849820
402 412 0.904513
402 502 -0.713145
403 404 -0.443676
403 413 -0.111040
403 503 0.178888
404 405 1.546104
404 414 0.009695
404 504 -0.338013
405 406 0.042657
405 415 0.634372
405 505 0.379591
406 407 1.469525
406 416 -1.077534
406 506 0.784142
407 408 0.339832
407 417 -0.112202
407 507 0.667696
408 409 0.711506
408 418 0.213784
408 508 -1.743659
409 400 0.351978
409 419 1.515119
409 509 -0.068431
410 411 0.709657
410 420 1.112810
410 510 0.044138
411 412 1.434625
411 421 0.323091
411 511 -0.686376
412 413 0.031297
412 422 0.062490
412 512 -0.118214
413 414 0.141157
413 423 1.640927
413 513 -0.151998
414 415 -0.385538
414 424 1.451555
414 514 0.477944
415 416 -0.243227
415 425 -0.691846
415 515 -1.602864
416 417 0.531798
416 426 -0.744849
416 516 -0.431221
417 418 0.378321
417 427 0.388015
417 517 0.788139
418 419 -0.339056
418 428 0.121057
418 518 1.020313
419 410 -0.891531
419 429 0.208149
419 519 0.884737
420 421 0.220491
420 430 -0.354676
420 520 -0.457104
421 422 -0.345425
421 431 0.846127
421 521 -1.764483
422 423 -1.434720
422 432 -1.120182
422 522 -0.831130
423 424 -0.217930
423 433 0.709198
423 523 -0.263940
424 425 -0.920508
424 434 1.922400
424 524 -0.356498
425 426 -1.086450
425 435 0.163187
425 525 0.312382
426 427 -0.067248
426 436 -0.061436
426 526 0.860470
427 428 -0.687340
427 437 -1.587453
427 527 -1.077888
428 429 1.134877
428 438 0.199772
428 528 -0.210456
429 420 0.047445
429 439 -0.451389
429 529 -0.680953
430 431 0.721817
430 440 0.328344
430 530 0.044953
431 432 -0.304958
431 441 -1.098446
431 531 0.855998
432 433 1.848281
432 442 -0.106183
432 532 1.061692
433 434 0.802706
433 443 0.535511
433 533 1.995517
434 435 0.732533
434 444 -3.720368
434 534 0.739475
435 436 0.459459
435 445 -1.522967
435 535 0.500526
436 437 1.224150
436 446 -0.450533
436 536 -1.080292
437 438 -0.257440
437 447 0.392251
437 537 -0.456651
438 439 1.394855
438 448 1.332049
438 538 -0.295399
439 430 1.054838
439 449 -0.876017
439 539 -0.659888
440 441 -0.169585
440 450 0.675576
440 540 0.090967
441 442 -1.016820
441 451 0.245780
441 541 -0.664914
442 443 -0.096586
442 452 -0.298806
442 542 0.432727
443 444 -2.040727
443 453 1.247165
443 543 -0.090702
444 445 -2.159724
444 454 -0.309863
444 544 -0.189857
445 446 1.016895
445 455 -0.793790
445 545 -2.151324
446 447 1.745743
446 456 -0.582405
446 546 -1.157235
447 448 2.621506
447 457 -0.361662
447 547 1.548175
448 449 1.408213
448 458 -0.046234
448 548 -0.013194
449 440 2.594431
449 459 -0.052076
449 549 0.716953
450 451 0.142189
450 460 -0.170293
450 550 0.159795
451 452 -2.539307
451 461 -0.605917
451 551 -0.390613
452 453 0.781539
452 462 1.065587
452 552 -0.299143
453 454 0.186724
453 463 0.465451
453 553 0.929510
454 455 0.170491
454 464 1.793434
454 554 -1.061825
455 456 -0.234715
455 465 0.584324
455 555 0.362017
456 457 -0.493408
456 466 0.351248
456 556 -1.749488
457 458 0.367390
457 467 -0.984376
457 557 1.181141
458 459 1.845351
458 468 1.294618
458 558 -0.839768
459 450 -0.270142
459 469 -2.669450
459 559 0.734479
460 461 2.710006
460 470 -0.857473
460 560 -1.470159
461 462 0.301451
461 471 0.746551
461 561 1.519040
462 463 -1.140526
462 472 1.003758
462 562 -0.598261
463 464 -0.525718
463 473 0.298827
463 563 -0.965911
464 465 -0.232027
464 474 -0.134163
464 564 0.197455
465 466 -0.556088
465 475 0.353441
465 565 0.184807
466 467 0.782837
466 476 -0.814737
466 566 0.163110
467 468 0.417635
467 477 0.027043
467 567 -0.023862
468 469 0.256429
468 478 -0.598893
468 568 -0.000349
469 460 -0.948428
469 479 -0.006811
469 569 -1.604630
470 471 1.686404
470 480 0.268335
470 570 0.637994
471 472 0.996722
471 481 -0.192716
471 571 -0.835644
472 473 2.104721
472 482 -0.873885
472 572 -0.378887
473 474 0.180075
473 483 0.392669
473 573 -0.926158
474 475 -0.427058
474 484 -2.258039
474 574 -0.355800
475 476 -1.430266
475 485 -0.211924
475 575 -0.223481
476 477 -1.092105
476 486 1.913937
476 576 1.286872
477 478 -0.998621
477 487 0.019953
477 577 -0.775791
478 479 0.307348
478 488 0.960529
478 578 0.162189
479 470 -1.260377
479 489 1.309725
479 579 -0.284906
480 481 0.625103
480 490 -1.367475
480 580 1.644049
481 482 -1.652241
481 491 0.293534
481 581 0.656901
482 483 0.350331
482 492 -0.173276
482 582 -1.206331
483 484 0.385068
483 493 0.320183
483 583 1.032856
484 485 -0.540120
484 494 2.198637
484 584 -1.378689
485 486 0.635847
485 495 0.186355
485 585 2.120622
486 487 -0.017616
486 496 -0.784053
486 586 -0.773082
487 488 -1.201727
487 497 -0.502141
487 587 0.859530
488 489 1.065399
488 498 0.947581
488 588 -0.043188
489 480 0.723365
489 499 1.161498
489 589 -0.513560
490 491 -1.587901
490 400 -0.146892
490 590 -0.616463
491 492 -0.146757
491 401 -0.963918
491 591 -0.299125
492 493 0.057649
492 402 -0.672267
492 592 0.277178
493 494 -0.167271
493 403 -0.028798
493 593 0.396545
494 495 0.953314
494 404 -0.653520
494 594 -1.813501
495 496 -1.197069
495 405 -0.975932
495 595 0.322410
496 497 -1.117742
496 406 -0.274176
496 596 -0.854891
497 498 0.890763
497 407 -0.360752
497 597 1.239464
498 499 0.173775
498 408 0.330027
498 598 -1.115377
499 490 0.628617
499 409 -0.163165
499 599 0.701968
500 501 -1.757527
500 510 -1.422630
500 600 -0.070580
501 502 0.483816
501 511 0.724748
501 601 -1.490624
502 503 -1.555574
502 512 -0.416183
502 602 -1.540071
503 504 0.516306
503 513 0.169288
503 603 -1.164812
504 505 0.498810
504 514 1.533463
504 604 0.516106
505 506 -2.002444
505 515 -1.658313
505 605 -0.994970
506 507 -0.392408
506 516 0.766874
506 606 0.082745
507 508 -0.176210
507 517 -0.357929
507 607 -1.795408
508 509 1.738588
508 518 0.345469
508 608 0.273235
509 500 -0.244174
509 519 1.541436
509 609 -1.112965
510 511 0.013348
510 520 -0.699256
510 610 -0.429279
511 512 -1.381233
511 521 0.642574
511 611 -0.434832
512 513 -0.348447
512 522 -0.241957
512 612 0.652981
513 514 0.170574
513 523 -0.084088
513 613 -0.009410
514 515 1.354928
514 524 0.617338
514 614 -0.458799
515 516 0.643425
515 525 -1.397572
515 615 -1.245741
516 517 -1.749006
516 526 1.433465
516 616 0.121252
517 518 -0.655705
517 527 -0.959614
517 617 0.934975
518 519 0.035601
518 528 0.544550
518 618 1.595246
519 510 0.967961
519 529 -1.149928
519 619 -0.912509
520 521 0.609937
520 530 -1.205042
520 620 -1.666254
521 522 -0.779636
521 531 0.676938
521 621 -0.252029
522 523 -0.209198
522 532 0.784145
522 622 -0.053801
523 524 0.420511
523 533 -0.510991
523 623 0.515260
524 525 0.471010
524 534 1.794210
524 624 -0.075460
525 526 -0.534564
525 535 -0.183938
525 625 -0.980912
526 527 -1.227125
526 536 0.682548
526 626 -1.760020
527 528 0.416894
527 537 2.241166
527 627 1.183625
528 529 1.783356
528 538 -1.334723
528 628 -1.234538
529 520 1.073562
529 539 -1.183298
529 629 -0.005874
530 531 -0.109264
530 540 -1.932251
530 630 1.199767
531 532 -0.627034
531 541 0.448937
531 631 0.412059
532 533 -1.238450
532 542 -0.323196
532 632 -0.754492
533 534 -0.791281
533 543 1.138579
533 633 0.919397
534 535 -0.976777
534 544 2.180243
534 634 -0.763932
535 536 -0.720272
535 545 0.119467
535 635 0.495997
536 537 0.661543
536 546 1.215099
536 636 -0.332616
537 538 1.681192
537 547 -0.696320
537 637 -2.663804
538 539 -1.256879
538 548 -1.076020
538 638 -0.331302
539 530 0.921562
539 549 -0.519546
539 639 0.217840
540 541 -0.956228
540 550 -0.623317
540 640 -0.813236
541 542 -0.237068
541 551 -0.614182
541 641 -0.249495
542 543 0.671858
542 552 0.256395
542 642 0.391661
543 544 -0.458088
543 553 -0.595386
543 643 1.090032
544 545 0.789477
544 554 -1.055010
544 644 -0.821446
545 546 -0.642157
545 555 1.834017
545 645 0.592614
546 547 -1.899641
546 556 -1.537767
546 646 -3.196177
547 548 -0.001578
547 557 -0.352106
547 647 0.411461
548 549 -0.386091
548 558 -1.267010
548 648 -1.056927
549 540 -0.133558
549 559 -0.262463
549 649 0.799101
550 551 -1.886686
550 560 0.594174
550 650 0.581120
551 552 -2.824862
551 561 1.009231
551 651 1.137072
552 553 0.303718
552 562 -2.614854
552 652 -1.007262
553 554 -0.774363
553 563 -0.488146
553 653 -1.237587
554 555 -0.384332
554 564 1.007362
554 654 -0.358895
555 556 0.252949
555 565 -0.675411
555 655 -1.614716
556 557 -2.062604
556 566 -0.465850
556 656 2.068654
557 558 1.498709
557 567 0.177701
557 657 1.043671
558 559 -1.535965
558 568 -0.548514
558 658 1.378687
559 550 -0.620367
559 569 -0.497000
559 659 -0.114901
560 561 1.752966
560 570 0.615497
560 660 0.476140
561 562 -0.250049
561 571 1.028569
561 661 -0.000975
562 563 0.557692
562 572 -0.437638
562 662 -0.987692
563 564 0.016554
563 573 -0.612383
563 663 -0.614808
564 565 -0.839243
564 574 -0.746558
564 664 0.181760
565 566 -0.045520
565 575 0.970098
565 665 -0.514213
566 567 1.246861
566 576 0.352658
566 666 -0.426421
567 568 0.227920
567 577 -1.437837
567 667 -0.027182
568 569 -0.782365
568 578 1.262843
568 668 0.169372
569 560 -1.363636
569 579 -0.350962
569 669 -0.217043
570 571 -0.137452
570 580 -0.403551
570 670 1.600788
571 572 -0.134560
571 581 -2.678443
571 671 -0.871530
572 573 0.929959
572 582 2.587514
572 672 1.637574
573 574 0.396149
573 583 0.931908
573 673 -1.177726
574 575 -0.154282
574 584 -1.633070
574 674 -2.059013
575 576 1.490070
575 585 0.615269
575 675 0.529657
576 577 1.944221
576 586 -1.714367
576 676 -0.083621
577 578 0.776274
577 587 0.314383
577 677 0.122513
578 579 0.372435
578 588 0.182047
578 678 0.229296
579 570 0.129026
579 589 -1.207934
579 679 -1.950839
580 581 2.088259
580 590 0.356302
580 680 0.865331
581 582 -1.349523
581 591 -2.384919
581 681 0.364196
582 583 0.632817
582 592 0.023407
582 682 -0.992504
583 584 -0.496300
583 593 1.516270
583 683 1.495587
584 585 0.351775
584 594 -1.844749
584 684 -0.801370
585 586 -0.227299
585 595 1.298747
585 685 1.560768
586 587 -0.281652
586 596 1.304150
586 686 -1.490358
587 588 -0.460284
587 597 -0.708449
587 687 -1.409089
588 589 -0.455933
588 598 -1.098467
588 688 -0.679541
589 580 -0.570896
589 599 -1.160846
589 689 0.403124
590 591 -0.796221
590 500 0.568277
590 690 0.116499
591 592 0.878170
591 501 -1.747853
591 691 -0.994180
592 593 0.704871
592 502 -1.087090
592 692 0.635879
593 594 -0.106421
593 503 -0.008224
593 693 0.687567
594 595 -1.624810
594 504 -1.770040
594 694 0.581113
595 596 -2.006623
595 505 0.825249
595 695 -1.031132
596 597 2.658218
596 506 0.340958
596 696 -0.845008
597 598 -0.327457
597 507 0.347792
597 697 -0.945321
598 599 -0.911036
598 508 -0.429685
598 698 0.275080
599 590 0.244849
599 509 -0.226788
599 699 -1.787596
600 601 0.384645
600 610 0.983887
600 700 0.479031
601 602 1.137456
601 611 -0.568502
601 701 -1.438149
602 603 -0.460041
602 612 -0.706703
602 702 1.150924
603 604 1.275925
603 613 -0.166822
603 703 -1.265326
604 605 -0.849237
604 614 0.679687
604 704 -1.174026
605 606 0.390734
605 615 -0.640032
605 705 -0.054806
606 607 0.477578
606 616 -0.361631
606 706 -1.408460
607 608 1.792356
607 617 -0.026379
607 707 0.685395
608 609 1.297604
608 618 -0.718731
608 708 -0.336275
609 600 -0.237446
609 619 1.065414
609 709 -0.711248
610 611 -1.844977
610 620 -0.045967
610 710 0.425691
611 612 -0.866549
611 621 -1.129077
611 711 0.437655
612 613 1.770537
612 622 0.228082
612 712 -2.784444
613 614 -0.166773
613 623 2.272358
613 713 -0.132691
614 615 -0.702251
614 624 1.918202
614 714 1.373017
615 616 -2.298725
615 625 1.400141
615 715 0.047131
616 617 0.750591
616 626 -0.412708
616 716 1.037417
617 618 -0.007768
617 627 1.827690
617 717 -0.446648
618 619 0.907719
618 628 -0.917694
618 718 -1.545091
619 610 0.547724
619 629 -1.453999
619 719 -1.324004
620 621 -0.244015
620 630 -0.410580
620 720 -1.057276
621 622 -1.201686
621 631 0.727986
621 721 1.718713
622 623 0.110827
622 632 0.341976
622 722 -0.519703
623 624 1.232283
623 633 -1.303366
623 723 1.640885
624 625 0.457246
624 634 -1.323384
624 724 0.686593
625 626 0.984658
625 635 -0.237324
625 725 0.432693
626 627 -1.090731
626 636 -0.772296
626 726 -0.015692
627 628 -0.123046
627 637 -0.969836
627 727 2.084169
628 629 0.530999
628 638 -0.329603
628 728 -0.288294
629 620 1.319182
629 639 -0.034904
629 729 0.192351
630 631 0.169825
630 640 -0.324812
630 730 -0.162029
631 632 0.246283
631 641 -1.842610
631 731 -1.004930
632 633 0.814707
632 642 -0.369031
632 732 1.107502
633 634 -0.538911
633 643 1.814971
633 733 0.181099
634 635 0.162350
634 644 0.465165
634 734 0.601798
635 636 -0.148164
635 645 0.577473
635 735 -0.079376
636 637 -0.800248
636 646 -0.116140
636 736 0.449413
637 638 -0.463507
637 647 2.466624
637 737 1.123682
638 639 0.009369
638 648 -1.737390
638 738 0.581812
639 630 -1.395590
639 649 -1.971340
639 739 1.283383
640 641 0.536496
640 650 -0.386267
640 740 0.518559
641 642 0.443620
641 651 -0.721866
641 741 -0.380874
642 643 -0.984524
642 652 0.567131
642 742 0.169425
643 644 1.615927
643 653 -0.931262
643 743 -2.357379
644 645 -0.027095
644 654 -0.195137
644 744 -1.691109
645 646 1.202594
645 655 0.557291
645 745 1.521315
646 647 0.342240
646 656 1.619191
646 746 -1.051931
647 648 -0.555962
647 657 0.941428
647 747 -0.804837
648 649 -1.513382
648 658 -0.748051
648 748 -0.895082
649 640 -1.571497
649 659 -1.167894
649 749 -1.593698
650 651 -1.262050
650 660 1.181125
650 750 0.734758
651 652 0.656269
651 661 -1.003501
651 751 -0.821167
652 653 -0.054139
652 662 0.742540
652 752 -2.362970
653 654 0.816046
653 663 1.445020
653 753 -1.489808
654 655 -0.637158
654 664 -0.626706
654 754 -0.481795
655 656 -1.529990
655 665 0.730916
655 755 2.955598
656 657 -0.266234
656 666 -2.267241
656 756 0.957400
657 658 -1.267454
657 667 0.143647
657 757 -0.996031
658 659 0.296915
658 668 -0.552069
658 758 -1.733160
659 650 0.371943
659 669 -2.159197
659 759 0.964298
660 661 -0.107548
660 670 0.823893
660 760 0.059557
661 662 -0.023432
661 671 -0.461589
661 761 1.888697
662 663 0.710447
662 672 0.834278
662 762 1.812203
663 664 1.272108
663 673 0.139134
663 763 -1.027198
664 665 0.668107
664 674 -1.503275
664 764 0.124484
665 666 -1.095880
665 675 -0.579925
665 765 -0.059086
666 667 -0.974143
666 676 1.604824
666 766 -0.684882
667 668 0.500968
667 677 0.619972
667 767 1.301819
668 669 1.027386
668 678 -0.349754
668 768 1.380273
669 660 1.371017
669 679 -1.157849
669 769 0.579783
670 671 -0.250018
670 680 -0.409911
670 770 1.357983
671 672 0.786813
671 681 -1.103236
671 771 0.342158
672 673 0.563529
672 682 -0.170567
672 772 0.562502
673 674 -0.617800
673 683 0.322715
673 773 -0.337489
674 675 0.448343
674 684 0.410452
674 774 -0.566426
675 676 -0.568899
675 685 0.430449
675 775 -1.209057
676 677 1.702831
676 686 0.820227
676 776 1.925533
677 678 -0.506472
677 687 1.009842
677 777 0.944900
678 679 -1.314175
678 688 -0.105153
678 778 0.903657
679 670 -1.453784
679 689 0.383867
679 779 -0.577879
680 681 0.121267
680 690 0.194488
680 780 -0.522691
681 682 -0.284607
681 691 2.037934
681 781 -2.524491
682 683 -0.349717
682 692 0.274484
682 782 -0.484258
683 684 1.713856
683 693 -0.190484
683 783 -0.126189
684 685 0.606808
684 694 -0.274529
684 784 1.121588
685 686 -1.171109
685 695 -0.455580
685 785 -0.148111
686 687 0.340022
686 696 -1.045497
686 786 0.974573
687 688 -0.633450
687 697 0.505209
687 787 0.804009
688 689 -0.947910
688 698 -0.035045
688 788 0.778890
689 680 1.584376
689 699 0.297587
689 789 -0.846874
690 691 2.241288
690 600 1.711138
690 790 1.165126
691 692 0.503279
691 601 0.081909
691 791 0.385231
692 693 -0.211904
692 602 0.514730
692 792 -0.969889
693 694 -1.087853
693 603 -1.881902
693 793 1.348949
694 695 0.828260
694 604 -0.225248
694 794 -1.430558
695 696 -0.039131
695 605 -2.905378
695 795 -2.221564
696 697 0.855534
696 606 -0.222124
696 796 0.275379
697 698 0.178563
697 607 -1.086760
697 797 0.322137
698 699 0.379949
698 608 -1.904554
698 798 -0.421680
699 690 0.894872
699 609 0.717224
699 799 -0.468068
700 701 -3.173779
700 710 -0.488198
700 800 -1.524378
701 702 -0.632240
701 711 -1.378973
701 801 0.719591
702 703 -1.538538
702 712 -0.457484
702 802 0.717338
703 704 -0.829238
703 713 -0.204372
703 803 -0.127510
704 705 -0.012805
704 714 0.354335
704 804 0.860124
705 706 1.298837
705 715 -0.037777
705 805 -0.538880
706 707 1.315512
706 716 0.523451
706 806 -0.226332
707 708 -1.709953
707 717 -0.285073
707 807 1.279492
708 709 1.300423
708 718 1.024968
708 808 0.797875
709 700 -0.538594
709 719 -1.093984
709 809 1.075058
710 711 -1.150168
710 720 2.061066
710 810 1.154919
711 712 -1.568086
711 721 -0.001765
711 811 -0.835026
712 713 0.015369
712 722 1.073994
712 812 1.173640
713 714 1.730131
713 723 -0.964258
713 813 0.077929
714 715 -0.307329
714 724 -0.081838
714 814 1.507750
715 716 -1.424061
715 725 0.105324
715 815 -0.639423
716 717 -0.695483
716 726 2.164469
716 816 -0.172392
717 718 1.802115
717 727 0.186663
717 817 -0.458311
718 719 0.103428
718 728 1.651590
718 818 1.947629
719 710 -1.327524
719 729 -0.792190
719 819 -0.465147
720 721 0.841015
720 730 0.582993
720 820 1.477501
721 722 -0.222091
721 731 -0.485322
721 821 0.325927
722 723 1.959521
722 732 0.069434
722 822 0.656736
723 724 0.422978
723 733 -0.665043
723 823 1.162558
724 725 1.084237
724 734 0.488739
724 824 -0.873813
725 726 -0.596722
725 735 -0.262050
725 825 0.089943
726 727 1.343132
726 736 -0.772441
726 826 -0.627280
727 728 -0.161189
727 737 0.270380
727 827 -0.071147
728 729 -1.785350
728 738 -1.594294
728 828 1.248286
729 720 0.450461
729 739 0.680000
729 829 -0.839572
730 731 0.335129
730 740 -2.046515
730 830 -2.758598
731 732 0.133808
731 741 -0.161323
731 831 0.100436
732 733 0.257023
732 742 0.739394
732 832 -0.167183
733 734 -0.702877
733 743 -0.009675
733 833 1.353495
734 735 0.167949
734 744 0.599579
734 834 0.782816
735 736 1.572366
735 745 -0.587819
735 835 0.163834
736 737 0.050308
736 746 -0.091468
736 836 -0.398440
737 738 0.932074
737 747 -1.762864
737 837 -2.615030
738 739 0.396005
738 748 -0.236148
738 838 -0.938373
739 730 -0.662291
739 749 0.774211
739 839 1.578065
740 741 0.224954
740 750 -3.413099
740 840 1.205962
741 742 -0.567472
741 751 0.250917
741 841 0.698341
742 743 2.274993
742 752 0.656910
742 842 -0.393550
743 744 -0.232459
743 753 0.205030
743 843 1.839910
744 745 0.276155
744 754 1.825558
744 844 -0.985562
745 746 -1.920031
745 755 0.444224
745 845 -0.848143
746 747 1.288907
746 756 1.066792
746 846 -0.937044
747 748 -0.391989
747 757 -1.057367
747 847 -0.903304
748 749 0.099218
748 758 -0.223596
748 848 0.285841
749 740 -0.477685
749 759 -0.053786
749 849 1.094057
750 751 -1.290150
750 760 0.275897
750 850 0.267843
751 752 2.914445
751 761 0.049332
751 851 0.969552
752 753 -0.122901
752 762 -1.296956
752 852 0.194310
753 754 -1.351208
753 763 -0.271250
753 853 2.597455
754 755 -1.898054
754 764 1.893053
754 854 1.007015
755 756 1.524937
755 765 0.691194
755 855 1.005818
756 757 0.419668
756 766 -0.986834
756 856 1.572760
757 758 1.014070
757 767 -0.775212
757 857 -1.088869
758 759 -0.239427
758 768 -1.295019
758 858 0.609779
759 750 0.765890
759 769 -0.060784
759 859 0.418710
760 761 -1.354755
760 770 -2.237070
760 860 0.587386
761 762 -0.680001
761 771 0.896387
761 861 -0.819262
762 763 -0.905707
762 772 0.408693
762 862 -1.688743
763 764 0.463486
763 773 0.043259
763 863 0.461822
764 765 1.015954
764 774 -0.384587
764 864 1.122523
765 766 -0.509406
765 775 1.046738
765 865 -0.108169
766 767 -0.425901
766 776 0.284274
766 866 0.051438
767 768 -1.466578
767 777 -0.421323
767 867 -1.392520
768 769 -0.521525
768 778 -0.369293
768 868 0.106357
769 760 -0.716454
769 779 0.809031
769 869 0.355577
770 771 -1.241754
770 780 -0.841688
770 870 -0.677212
771 772 0.708780
771 781 -0.641761
771 871 -0.542880
772 773 0.864148
772 782 0.724690
772 872 0.265585
773 774 0.470558
773 783 0.245982
773 873 0.308732
774 775 1.497786
774 784 -0.913837
774 874 0.223093
775 776 2.324758
775 785 -0.299526
775 875 0.404466
776 777 -1.424371
776 786 -1.397375
776 876 0.190746
777 778 0.371722
777 787 0.834606
777 877 0.913324
778 779 -0.908635
778 788 1.923499
778 878 -0.683908
779 770 0.990060
779 789 -0.025232
779 879 0.211550
780 781 -0.117060
780 790 -0.500494
780 880 0.045759
781 782 -0.030025
781 791 -0.371420
781 881 -1.987218
782 783 1.048472
782 792 -1.281026
782 882 -0.670042
783 784 -0.942365
783 793 -1.190427
783 883 -0.303235
784 785 0.686057
784 794 0.881853
784 884 1.989323
785 786 1.311899
785 795 1.420802
785 885 1.742374
786 787 -0.393741
786 796 1.582594
786 886 -0.597503
787 788 -0.587509
787 797 -0.810726
787 887 1.370077
788 789 0.352784
788 798 0.541311
788 888 -1.726605
789 780 -1.855577
789 799 1.590516
789 889 0.089587
790 791 0.358362
790 700 0.265166
790 890 0.919926
791 792 -0.136464
791 701 -0.317149
791 891 1.700461
792 793 0.087878
792 702 0.560685
792 892 1.445865
793 794 -0.190091
793 703 0.650242
793 893 -0.165462
794 795 -0.860426
794 704 -1.369978
794 894 0.168131
795 796 -1.429797
795 705 0.760102
795 895 2.154547
796 797 0.502591
796 706 1.450163
796 896 0.566823
797 798 0.135265
797 707 0.654138
797 897 -0.882550
798 799 0.118832
798 708 -0.325525
798 898 0.191975
799 790 -1.186150
799 709 -1.619797
799 899 0.457966
800 801 -0.052111
800 810 0.615064
800 900 0.494732
801 802 -0.978367
801 811 0.828463
801 901 0.495615
802 803 -1.196891
802 812 0.301474
802 902 -0.701430
803 804 0.313740
803 813 0.515137
803 903 -0.675420
804 805 -0.524589
804 814 -1.460067
804 904 0.669129
805 806 1.042061
805 815 0.417855
805 905 -0.372507
806 807 -1.057603
806 816 -0.723356
806 906 -0.882122
807 808 0.049273
807 817 0.736235
807 907 0.123333
808 809 -0.979091
808 818 0.628334
808 908 0.248050
809 800 1.624814
809 819 -0.266105
809 909 2.887365
810 811 -0.589891
810 820 0.208779
810 910 0.961211
811 812 0.437219
811 821 -0.947946
811 911 -0.972807
812 813 -0.007509
812 822 -0.024848
812 912 -1.370998
813 814 -0.784728
813 823 0.785668
813 913 -1.577123
814 815 0.986682
814 824 -0.539801
814 914 -0.847973
815 816 -0.568015
815 825 -0.133407
815 915 1.007220
816 817 -2.059326
816 826 2.558599
816 916 0.950972
817 818 0.447014
817 827 -0.243407
817 917 -1.051525
818 819 -0.251045
818 828 -0.186704
818 918 1.803428
819 810 0.681588
819 829 0.779738
819 919 0.011793
820 821 -0.174544
820 830 -0.451418
820 920 0.060200
821 822 -0.475585
821 831 0.874236
821 921 1.209102
822 823 -0.308149
822 832 1.224322
822 922 -0.284526
823 824 0.227530
823 833 0.351493
823 923 -1.031971
824 825 2.136157
824 834 -0.597497
824 924 -1.790957
825 826 0.160175
825 835 0.048141
825 925 1.101722
826 827 -0.833199
826 836 -0.074771
826 926 -0.738648
827 828 0.212459
827 837 1.227682
827 927 0.538771
828 829 0.054135
828 838 -1.764139
828 928 -0.404603
829 820 1.027625
829 839 0.099799
829 929 -1.771295
830 831 0.542281
830 840 -0.677031
830 930 -0.791084
831 832 1.145564
831 841 -1.439064
831 931 -1.762661
832 833 1.173295
832 842 0.264129
832 932 -0.611075
833 834 0.174754
833 843 1.530070
833 933 0.407353
834 835 -0.614920
834 844 -0.284491
834 934 0.457651
835 836 0.609766
835 845 -0.530867
835 935 -0.063347
836 837 0.551685
836 846 -0.155071
836 936 1.430267
837 838 0.611458
837 847 0.476666
837 937 -1.046930
838 839 0.852467
838 848 0.683702
838 938 0.942497
839 830 0.021407
839 849 0.539826
839 939 -0.109299
840 841 -1.302573
840 850 -0.770899
840 940 0.424980
841 842 1.539516
841 851 -0.427745
841 941 0.425918
842 843 -0.023738
842 852 -0.547266
842 942 1.529451
843 844 0.451223
843 853 0.854185
843 943 -1.226011
844 845 -1.336946
844 854 -0.580861
844 944 0.736368
845 846 -0.307552
845 855 -0.995020
845 945 1.210958
846 847 0.236819
846 856 0.270032
846 946 0.870055
847 848 -2.487536
847 857 -0.803165
847 947 1.310254
848 849 -1.059311
848 858 0.288155
848 948 -0.316696
849 840 -0.662088
849 859 0.323151
849 949 -0.788385
850 851 1.149727
850 860 2.412326
850 950 -1.651746
851 852 -0.462048
851 861 -2.332630
851 951 -0.930925
852 853 -0.386382
852 862 0.489002
852 952 -1.109646
853 854 -0.272771
853 863 0.236848
853 953 0.045097
854 855 1.383975
854 864 -1.317870
854 954 -1.173850
855 856 0.018380
855 865 0.851677
855 955 0.524150
856 857 -0.673150
856 866 -0.571629
856 956 0.776100
857 858 -0.159981
857 867 -1.162944
857 957 -0.544341
858 859 0.661095
858 868 0.132107
858 958 -1.105916
859 850 -0.819637
859 869 -1.389803
859 959 0.193748
860 861 -1.124376
860 870 0.240031
860 960 2.734228
861 862 -1.094681
861 871 -0.141647
861 961 1.729122
862 863 1.879635
862 872 1.296001
862 962 -0.573994
863 864 -0.213583
863 873 -0.943717
863 963 2.164316
864 865 0.533038
864 874 -0.368350
864 964 0.984348
865 866 0.479147
865 875 0.755316
865 965 -0.838700
866 867 -0.558944
866 876 -0.737454
866 966 -1.009932
867 868 1.580028
867 877 -0.150939
867 967 0.195499
868 869 -0.087304
868 878 -0.128515
868 968 1.586344
869 860 0.630798
869 879 0.322547
869 969 1.743203
870 871 -0.262455
870 880 0.102961
870 970 0.982691
871 872 1.626302
871 881 0.014174
871 971 0.703214
872 873 0.596168
872 882 0.161269
872 972 0.853442
873 874 -0.126629
873 883 0.707538
873 973 0.490605
874 875 -0.247530
874 884 -0.399421
874 974 0.526746
875 876 -0.021672
875 885 -2.904259
875 975 -2.622805
876 877 -0.940548
876 886 0.642809
876 976 0.577228
877 878 0.748000
877 887 -0.310482
877 977 -0.744163
878 879 0.786737
878 888 1.288692
878 978 0.502644
879 870 -0.336881
879 889 0.577465
879 979 -0.057454
880 881 0.674755
880 890 -0.835518
880 980 0.862115
881 882 0.780725
881 891 1.676717
881 981 0.038445
882 883 -0.521513
882 892 0.596651
882 982 0.778934
883 884 0.589340
883 893 -0.361116
883 983 -1.564173
884 885 0.466842
884 894 0.177149
884 984 -0.193960
885 886 -0.095188
885 895 0.443594
885 985 0.128156
886 887 0.676963
886 896 0.640739
886 986 -0.445801
887 888 0.223368
887 897 -0.355146
887 987 1.265837
888 889 -0.531166
888 898 0.357062
888 988 -0.711672
889 880 0.305952
889 899 -0.206034
889 989 0.569822
890 891 0.094304
890 800 -0.702237
890 990 0.307846
891 892 -0.623404
891 801 0.582211
891 991 -0.562246
892 893 -0.836749
892 802 -0.627907
892 992 0.258434
893 894 0.667017
893 803 0.589747
893 993 0.253476
894 895 0.015048
894 804 -0.393180
894 994 -0.856791
895 896 0.551310
895 805 -1.089910
895 995 1.476025
896 897 -0.439464
896 806 2.440250
896 996 -0.481987
897 898 0.876070
897 807 -1.378424
897 997 0.174946
898 899 0.439658
898 808 0.195213
898 998 0.394760
899 890 -1.331772
899 809 -0.743072
899 999 -0.080788
900 901 0.049828
900 910 -1.947742
900 0 -0.221266
901 902 -1.312603
901 911 0.022169
901 1 -1.627241
902 903 2.144663
902 912 -1.312138
902 2 2.337329
903 904 0.343560
903 913 0.829810
903 3 -0.201297
904 905 0.915576
904 914 -0.051604
904 4 0.106043
905 906 -0.206847
905 915 0.408634
905 5 -0.462978
906 907 0.598800
906 916 0.479073
906 6 0.154183
907 908 0.789106
907 917 0.212462
907 7 -0.934323
908 909 0.059759
908 918 -0.589321
908 8 -0.050537
909 900 0.915016
909 919 0.256997
909 9 -1.984000
910 911 0.171858
910 920 -2.044088
910 10 -0.100598
911 912 1.077107
911 921 -1.712351
911 11 0.795990
912 913 -0.584393
912 922 -1.276691
912 12 -1.163427
913 914 0.635476
913 923 2.021401
913 13 0.590647
914 915 0.164540
914 924 -0.741225
914 14 -1.427306
915 916 -0.292302
915 925 -0.852856
915 15 -0.386258
916 917 2.363579
916 926 2.223907
916 16 -0.000763
917 918 0.570386
917 927 -0.488901
917 17 1.220638
918 919 0.828177
918 928 -1.043387
918 18 -0.257600
919 910 -0.933867
919 929 1.320363
919 19 -1.330414
920 921 -1.384553
920 930 0.592617
920 20 0.832741
921 922 -1.610025
921 931 -0.746036
921 21 -1.123817
922 923 -0.028686
922 932 0.413298
922 22 0.751120
923 924 -0.336109
923 933 -0.542073
923 23 1.508230
924 925 1.076846
924 934 -0.574726
924 24 0.455781
925 926 -1.508313
925 935 0.476274
925 25 -0.463782
926 927 -0.999413
926 936 -1.056787
926 26 -0.615777
927 928 0.926855
927 937 0.197644
927 27 -0.583107
928 929 -0.496499
928 938 -0.598990
928 28 -1.200844
929 920 0.767013
929 939 -0.568437
929 29 0.730248
930 931 -0.995695
930 940 1.083836
930 30 1.845930
931 932 -0.400629
931 941 -0.977886
931 31 1.256810
932 933 -0.098792
932 942 -0.913258
932 32 -1.293058
933 934 0.124288
933 943 0.969134
933 33 1.183013
934 935 -0.032491
934 944 1.002215
934 34 -0.801264
935 936 0.012082
935 945 0.076652
935 35 -0.469895
936 937 2.482761
936 946 0.815482
936 36 0.522339
937 938 1.218022
937 947 -1.991057
937 37 -0.286351
938 939 1.013822
938 948 0.178906
938 38 -0.417487
939 930 1.569464
939 949 0.052284
939 39 -1.131696
940 941 -0.507217
940 950 1.385075
940 40 -0.332683
941 942 1.341589
941 951 0.175010
941 41 0.230136
942 943 0.566265
942 952 -0.984517
942 42 -0.108598
943 944 1.318409
943 953 0.108933
943 43 0.236852
944 945 0.727491
944 954 1.398939
944 44 0.569239
945 946 0.416107
945 955 0.625507
945 45 -0.461225
946 947 1.697853
946 956 -2.196492
946 46 -0.029589
947 948 0.042028
947 957 -0.830346
947 47 0.287472
948 949 -0.601825
948 958 -0.085268
948 48 -0.733011
949 940 1.366394
949 959 0.419099
949 49 -0.438596
950 951 0.620950
950 960 -0.682147
950 50 -0.268076
951 952 1.105182
951 961 -0.896349
951 51 -1.454129
952 953 0.981257
952 962 2.483724
952 52 -0.034931
953 954 1.565796
953 963 1.174470
953 53 -1.413728
954 955 -1.118227
954 964 -0.952343
954 54 0.853017
955 956 -0.681403
955 965 1.197734
955 55 -0.571332
956 957 0.891797
956 966 0.685329
956 56 0.169109
957 958 0.202975
957 967 0.712166
957 57 -0.091431
958 959 0.416069
958 968 2.422348
958 58 0.042483
959 950 0.562327
959 969 -0.375320
959 59 -1.389754
960 961 0.616298
960 970 -0.871442
960 60 -0.016389
961 962 -0.041774
961 971 -0.422548
961 61 1.583269
962 963 -0.395398
962 972 0.481787
962 62 0.938871
963 964 -0.309911
963 973 0.380069
963 63 -0.271420
964 965 -0.230412
964 974 0.235979
964 64 -0.830434
965 966 -1.685293
965 975 0.561224
965 65 0.799469
966 967 -0.577207
966 976 -1.210939
966 66 1.459649
967 968 0.036911
967 977 0.159130
967 67 0.070913
968 969 2.003004
968 978 -0.225703
968 68 0.759352
969 960 -1.480952
969 979 -0.664285
969 69 0.688807
970 971 -1.903296
970 980 -0.142334
970 70 -0.554493
971 972 2.169968
971 981 -0.630322
971 71 -0.689826
972 973 -0.509165
972 982 0.834151
972 72 0.795686
973 974 0.667084
973 983 1.616712
973 73 -0.632464
974 975 0.728523
974 984 0.807340
974 74 -0.922505
975 976 2.271165
975 985 -0.853048
975 75 -0.421274
976 977 -1.007224
976 986 -1.038597
976 76 -0.463473
977 978 1.134356
977 987 1.274318
977 77 1.056641
978 979 0.463383
978 988 -0.714795
978 78 1.530068
979 970 1.093571
979 989 -0.005676
979 79 0.507471
980 981 -0.555858
980 990 -0.739268
980 80 0.385872
981 982 1.044518
981 991 -0.440763
981 81 2.196295
982 983 0.622188
982 992 -0.043201
982 82 0.550954
983 984 1.367388
983 993 0.131890
983 83 -0.558204
984 985 -0.380386
984 994 -0.017055
984 84 -1.155966
985 986 1.428187
985 995 0.753818
985 85 -0.269873
986 987 -2.121220
986 996 0.294505
986 86 -0.749179
987 988 0.604880
987 997 2.581308
987 87 0.198226
988 989 -1.612063
988 998 1.224683
988 88 1.487403
989 980 0.563165
989 999 0.867178
989 89 0.218935
990 991 -0.033330
990 900 -2.683380
990 90 -0.624421
991 992 0.197548
991 901 0.489088
991 91 2.643488
992 993 0.450794
992 902 0.010249
992 92 -0.307148
993 994 -0.317583
993 903 -0.436923
993 93 0.625259
994 995 -0.420293
994 904 -0.542005
994 94 -0.476947
995 996 -0.297183
995 905 -0.200291
995 95 -1.051528
996 997 0.718714
996 906 -0.675390
996 96 -1.715517
997 998 -1.274722
997 907 -0.408263
997 97 -0.964275
998 999 -0.371607
998 908 0.035461
998 98 -0.297682
999 990 -0.778663
999 909 -0.431689
999 99 -0.931868
