0 1 -0.805267
0 10 -0.058345
0 100 -0.560169
1 2 1.039029
1 11 -0.242447
1 101 1.956398
2 3 0.671097
2 12 0.800530
2 102 -1.376321
3 4 -0.572873
3 13 0.059670
3 103 -0.307124
4 5 -0.500059
4 14 -0.638892
4 104 -1.339150
5 6 1.215703
5 15 -0.908425
5 105 0.095135
6 7 -0.289132
6 16 1.125426
6 106 -0.021627
7 8 -1.624605
7 17 -1.107394
7 107 -0.268112
8 9 -0.207721
8 18 -0.745645
8 108 -0.535417
9 0 0.208897
9 19 -0.957393
9 109 1.252108
10 11 -0.466445
10 20 -2.218412
10 110 -0.011027
11 12 -0.661152
11 21 -1.193294
11 111 1.459807
12 13 -0.136235
12 22 0.202728
12 112 -0.000667
13 14 1.146338
13 23 -0.727187
13 113 -1.408332
14 15 0.199256
14 24 0.922960
14 114 0.908385
15 16 1.041544
15 25 0.046473
15 115 -0.885726
16 17 -0.436525
16 26 0.675307
16 116 0.386214
17 18 0.494519
17 27 -1.123176
17 117 -0.597931
18 19 -1.271001
18 28 1.087520
18 118 0.647040
19 10 0.045791
19 29 0.316387
19 119 -1.093908
20 21 -0.107666
20 30 1.652766
20 120 -0.824009
21 22 1.594661
21 31 -0.161065
21 121 -0.135158
22 23 0.550751
22 32 1.417789
22 122 0.086545
23 24 0.001174
23 33 -0.423693
23 123 -0.870138
24 25 -0.762100
24 34 1.456906
24 124 0.235874
25 26 0.199553
25 35 0.893206
25 125 1.107006
26 27 -0.539141
26 36 1.019304
26 126 0.476538
27 28 0.588344
27 37 0.678169
27 127 0.227664
28 29 -0.479668
28 38 1.868656
28 128 1.176866
29 20 -1.453688
29 39 1.736032
29 129 1.190123
30 31 0.749666
30 40 -0.326137
30 130 -0.890347
31 32 1.129978
31 41 1.018798
31 131 0.279287
32 33 -0.568322
32 42 1.296712
32 132 0.490674
33 34 -2.162273
33 43 -0.771738
33 133 2.178071
34 35 -0.096068
34 44 -0.339699
34 134 1.168632
35 36 2.470563
35 45 -1.897248
35 135 0.194925
36 37 1.093969
36 46 -0.674723
36 136 0.370657
37 38 -0.389826
37 47 0.456011
37 137 -1.052474
38 39 3.825048
38 48 -1.022636
38 138 0.769798
39 30 0.925062
39 49 -0.562501
39 139 -0.818884
40 41 0.496426
40 50 0.754709
40 140 0.042614
41 42 0.431149
41 51 0.024879
41 141 -1.182558
42 43 0.649205
42 52 -1.452756
42 142 -1.895720
43 44 -0.525422
43 53 1.471664
43 143 1.198204
44 45 -0.403532
44 54 0.876192
44 144 -0.546465
45 46 -0.184262
45 55 1.440833
45 145 1.440812
46 47 -0.391397
46 56 -0.005061
46 146 -1.281985
47 48 0.432229
47 57 0.903285
47 147 -0.509841
48 49 1.807885
48 58 1.131760
48 148 -0.480757
49 40 1.586086
49 59 1.527962
49 149 -0.171786
50 51 1.156973
50 60 -1.430415
50 150 -0.145763
51 52 0.843520
51 61 -0.096892
51 151 -1.440699
52 53 0.280075
52 62 1.213233
52 152 -1.482403
53 54 0.177040
53 63 -0.905312
53 153 0.845841
54 55 -1.083166
54 64 -0.632175
54 154 0.108196
55 56 -0.863605
55 65 0.595415
55 155 -0.381620
56 57 -0.620939
56 66 -0.466105
56 156 0.440251
57 58 -0.175483
57 67 1.072699
57 157 -1.486260
58 59 0.174473
58 68 1.319515
58 158 0.004481
59 50 -0.643681
59 69 -0.823340
59 159 -0.651877
60 61 -0.222806
60 70 1.286215
60 160 0.007488
61 62 -0.191257
61 71 0.713667
61 161 0.130713
62 63 0.770230
62 72 -0.781773
62 162 1.126836
63 64 -1.228034
63 73 -0.068165
63 163 1.250246
64 65 1.298685
64 74 0.647518
64 164 0.750463
65 66 -0.657010
65 75 -0.915197
65 165 -0.162535
66 67 -1.687337
66 76 1.378471
66 166 -0.449821
67 68 -0.564404
67 77 -1.918410
67 167 -0.615770
68 69 -0.402766
68 78 -0.028320
68 168 -0.843595
69 60 -0.377848
69 79 0.464053
69 169 -0.240892
70 71 0.681569
70 80 -0.456333
70 170 0.558681
71 72 -1.973592
71 81 2.294486
71 171 -0.196144
72 73 -1.459272
72 82 0.912045
72 172 -0.407853
73 74 0.031534
73 83 -0.480812
73 173 -0.932837
74 75 -0.233807
74 84 -0.156884
74 174 -0.866437
75 76 0.734922
75 85 0.384981
75 175 -0.625931
76 77 -1.192125
76 86 -0.561978
76 176 -0.217606
77 78 -0.430147
77 87 -2.214918
77 177 0.274548
78 79 -0.934735
78 88 -1.648461
78 178 0.127630
79 70 -2.849082
79 89 -0.817465
79 179 -0.514303
80 81 -1.752316
80 90 -0.689406
80 180 -0.708643
81 82 -0.065331
81 91 0.442848
81 181 0.470758
82 83 0.756329
82 92 -0.213849
82 182 0.433465
83 84 0.362230
83 93 0.383168
83 183 -1.580248
84 85 -1.020769
84 94 -0.583721
84 184 2.446484
85 86 1.916605
85 95 0.114435
85 185 1.350476
86 87 -1.011336
86 96 1.499097
86 186 -0.340077
87 88 -1.242808
87 97 -0.125736
87 187 -2.070744
88 89 -1.910697
88 98 -0.094101
88 188 1.929212
89 80 -0.073671
89 99 -1.986594
89 189 -0.948966
90 91 0.086207
90 0 0.718126
90 190 -0.895206
91 92 1.279775
91 1 0.276843
91 191 0.667576
92 93 1.621282
92 2 -0.668220
92 192 1.235730
93 94 0.904581
93 3 0.892172
93 193 -1.347392
94 95 0.419063
94 4 -2.403468
94 194 0.865144
95 96 0.400860
95 5 -1.608867
95 195 -0.906450
96 97 -2.140183
96 6 0.045044
96 196 -1.107205
97 98 -1.854683
97 7 1.494177
97 197 1.287516
98 99 0.592873
98 8 -1.175528
98 198 1.035111
99 90 -1.621018
99 9 0.143229
99 199 0.105945
100 101 0.167197
100 110 0.470761
100 200 -1.084864
101 102 -0.656711
101 111 -0.642616
101 201 -0.414481
102 103 0.529006
102 112 0.427184
102 202 -0.332505
103 104 -0.264560
103 113 1.739503
103 203 -0.108217
104 105 -0.862254
104 114 -0.331122
104 204 -0.940516
105 106 0.512625
105 115 0.646241
105 205 -1.272341
106 107 0.467677
106 116 0.756919
106 206 2.625639
107 108 -0.009250
107 117 1.877255
107 207 -2.053172
108 109 -0.858056
108 118 -2.246964
108 208 -1.012344
109 100 -1.184634
109 119 0.560877
109 209 -0.177722
110 111 -0.379174
110 120 0.159571
110 210 0.857816
111 112 0.918618
111 121 0.690235
111 211 -0.913371
112 113 1.727836
112 122 1.383538
112 212 1.227155
113 114 -1.438237
113 123 -1.576292
113 213 -0.764257
114 115 -0.570553
114 124 -0.073040
114 214 -0.046141
115 116 0.257925
115 125 0.418739
115 215 0.696472
116 117 1.872700
116 126 2.003645
116 216 -2.278927
117 118 0.177508
117 127 0.261940
117 217 1.360048
118 119 1.766153
118 128 0.614030
118 218 0.076680
119 110 0.488692
119 129 -0.556932
119 219 -0.449161
120 121 -2.303715
120 130 -0.837408
120 220 -0.763071
121 122 -0.578290
121 131 -0.439803
121 221 0.234946
122 123 0.331229
122 132 2.168572
122 222 0.021530
123 124 -0.245383
123 133 1.605321
123 223 0.976101
124 125 0.552743
124 134 -0.273323
124 224 -0.111409
125 126 -0.827677
125 135 -0.305234
125 225 0.483985
126 127 0.712282
126 136 0.307021
126 226 0.894476
127 128 1.728350
127 137 0.319930
127 227 -1.144997
128 129 1.792702
128 138 0.186696
128 228 -0.494303
129 120 -0.142184
129 139 0.475826
129 229 0.219954
130 131 -0.642979
130 140 1.234397
130 230 0.606332
131 132 1.631002
131 141 -0.970179
131 231 1.721080
132 133 0.202988
132 142 -1.452259
132 232 1.150140
133 134 1.160421
133 143 -1.515431
133 233 -0.637786
134 135 0.774946
134 144 -1.241418
134 234 2.604038
135 136 -0.841890
135 145 1.420589
135 235 1.628123
136 137 0.551154
136 146 1.281362
136 236 1.092833
137 138 -0.778015
137 147 0.122190
137 237 -0.764506
138 139 -1.129494
138 148 0.766207
138 238 -1.825599
139 130 1.390094
139 149 -1.292147
139 239 1.347389
140 141 -0.014399
140 150 1.061508
140 240 0.584810
141 142 -0.687110
141 151 1.284436
141 241 0.341106
142 143 -1.507348
142 152 -0.654024
142 242 -0.407664
143 144 0.658417
143 153 -1.177846
143 243 -2.002353
144 145 0.594529
144 154 1.964765
144 244 -1.863161
145 146 2.408673
145 155 0.113004
145 245 -1.346901
146 147 0.429859
146 156 -0.604068
146 246 0.435313
147 148 -0.870658
147 157 1.811496
147 247 0.100984
148 149 -0.835752
148 158 -2.696257
148 248 -0.048398
149 140 -0.052546
149 159 0.269842
149 249 -1.202301
150 151 1.183880
150 160 -0.738812
150 250 0.826297
151 152 0.471264
151 161 0.978330
151 251 0.093706
152 153 -0.154590
152 162 0.174006
152 252 -0.152407
153 154 -1.013135
153 163 -0.730564
153 253 0.837833
154 155 -2.451445
154 164 -0.733533
154 254 0.016287
155 156 -0.436147
155 165 -0.035423
155 255 -0.171414
156 157 0.223003
156 166 -0.182767
156 256 -1.850550
157 158 -1.203946
157 167 -0.766211
157 257 -1.654802
158 159 -0.046815
158 168 1.249212
158 258 -0.282920
159 150 0.611467
159 169 2.180515
159 259 -0.040131
160 161 1.136163
160 170 -0.367485
160 260 0.091147
161 162 -0.172858
161 171 0.165646
161 261 -0.079325
162 163 -0.633628
162 172 -0.455291
162 262 0.661690
163 164 0.581979
163 173 0.076564
163 263 -1.656183
164 165 -1.097839
164 174 -2.590952
164 264 -3.067625
165 166 -1.385267
165 175 -1.331235
165 265 0.943070
166 167 -0.601147
166 176 1.235584
166 266 0.470108
167 168 0.793965
167 177 0.862911
167 267 -0.572510
168 169 -1.094196
168 178 -0.253340
168 268 0.017253
169 160 0.706657
169 179 1.665793
169 269 -1.151267
170 171 -2.453587
170 180 0.249772
170 270 0.016269
171 172 -0.483435
171 181 -1.266313
171 271 -0.209118
172 173 -1.726905
172 182 0.329818
172 272 0.935952
173 174 -1.996960
173 183 0.068408
173 273 -0.778171
174 175 0.402152
174 184 -0.722111
174 274 0.439879
175 176 -0.948731
175 185 -0.850160
175 275 0.538596
176 177 -0.666316
176 186 1.023823
176 276 -0.135628
177 178 -0.230828
177 187 0.447000
177 277 0.926121
178 179 1.402918
178 188 0.385120
178 278 -0.686190
179 170 0.443175
179 189 -0.711997
179 279 -0.420292
180 181 0.006156
180 190 -0.573095
180 280 1.724727
181 182 2.137479
181 191 0.223417
181 281 0.902669
182 183 -1.355509
182 192 0.741283
182 282 -0.524377
183 184 0.336362
183 193 1.146059
183 283 0.566220
184 185 1.027875
184 194 -1.500410
184 284 -0.407321
185 186 -0.595163
185 195 -2.157230
185 285 -1.453792
186 187 1.384810
186 196 1.583135
186 286 0.177352
187 188 0.044801
187 197 0.892218
187 287 -0.942487
188 189 0.024151
188 198 0.315173
188 288 0.414672
189 180 0.778107
189 199 0.830803
189 289 -0.029125
190 191 -1.130189
190 100 1.141005
190 290 -0.507152
191 192 1.784040
191 101 1.604108
191 291 -2.042699
192 193 -1.435714
192 102 1.547088
192 292 0.039236
193 194 -0.907296
193 103 2.503410
193 293 -0.036413
194 195 -1.053051
194 104 0.682869
194 294 1.409994
195 196 0.420380
195 105 -0.217277
195 295 0.528860
196 197 -0.525834
196 106 0.238884
196 296 -0.204335
197 198 -1.894350
197 107 0.576070
197 297 -0.660924
198 199 1.149994
198 108 0.818078
198 298 -0.216947
199 190 0.161879
199 109 1.736787
199 299 -0.678199
200 201 2.684001
200 210 2.880810
200 300 1.625532
201 202 0.176182
201 211 -0.228079
201 301 0.685172
202 203 1.951358
202 212 0.611683
202 302 -0.666898
203 204 0.667213
203 213 1.475321
203 303 -1.514320
204 205 -0.421257
204 214 0.019744
204 304 -0.381729
205 206 0.239318
205 215 1.008932
205 305 1.243241
206 207 0.377176
206 216 -0.907229
206 306 -0.515038
207 208 1.863247
207 217 -0.150960
207 307 -0.270585
208 209 0.398870
208 218 1.690229
208 308 -0.557684
209 200 -0.248341
209 219 0.201547
209 309 0.378866
210 211 0.702202
210 220 1.181333
210 310 -0.258656
211 212 0.618979
211 221 -0.269770
211 311 -1.791679
212 213 -0.715059
212 222 -0.548348
212 312 0.750869
213 214 0.722332
213 223 0.716982
213 313 -0.658973
214 215 1.599797
214 224 0.671366
214 314 0.398852
215 216 -0.553013
215 225 -0.648746
215 315 0.414256
216 217 0.212017
216 226 0.679397
216 316 -0.576924
217 218 0.479009
217 227 -0.557996
217 317 0.368580
218 219 0.186585
218 228 -0.452169
218 318 1.512223
219 210 1.002275
219 229 1.329509
219 319 1.399895
220 221 -0.757630
220 230 0.496960
220 320 0.515814
221 222 2.107043
221 231 0.684959
221 321 -0.081159
222 223 -0.038570
222 232 -0.320436
222 322 -2.040131
223 224 1.268337
223 233 0.401091
223 323 -0.385464
224 225 -0.955452
224 234 0.188407
224 324 0.153622
225 226 0.546506
225 235 0.845425
225 325 -0.392333
226 227 0.430004
226 236 0.329303
226 326 0.503766
227 228 -0.384783
227 237 0.863100
227 327 -0.649789
228 229 1.394009
228 238 -1.332372
228 328 -1.177910
229 220 0.311333
229 239 0.499912
229 329 -0.588480
230 231 -0.738960
230 240 -0.245364
230 330 -2.199011
231 232 -0.870971
231 241 0.346624
231 331 1.532981
232 233 -0.011878
232 242 -2.508225
232 332 -0.308191
233 234 -0.334816
233 243 -0.487313
233 333 0.970769
234 235 -0.014322
234 244 -0.650010
234 334 0.104816
235 236 -0.958766
235 245 0.549607
235 335 -1.964190
236 237 -2.066012
236 246 -0.431279
236 336 0.306051
237 238 0.891684
237 247 0.376787
237 337 -2.138456
238 239 0.158671
238 248 -2.234622
238 338 -0.787755
239 230 1.283016
239 249 -0.744383
239 339 -0.399751
240 241 -1.541075
240 250 -2.038473
240 340 -0.057066
241 242 0.311302
241 251 0.422958
241 341 -0.041889
242 243 0.295261
242 252 0.643434
242 342 2.213651
243 244 1.965147
243 253 0.844220
243 343 0.556170
244 245 0.597958
244 254 0.525906
244 344 1.532913
245 246 -0.391681
245 255 -0.705685
245 345 1.443075
246 247 -0.342606
246 256 1.453359
246 346 -1.226631
247 248 0.022461
247 257 0.032555
247 347 0.323944
248 249 1.667784
248 258 -0.367604
248 348 1.044345
249 240 -0.200520
249 259 -0.657390
249 349 -0.941751
250 251 0.553682
250 260 0.579848
250 350 0.611830
251 252 -0.605391
251 261 -1.528711
251 351 -0.453021
252 253 0.708514
252 262 -1.354898
252 352 1.480814
253 254 0.714276
253 263 -0.993264
253 353 0.036225
254 255 -0.166378
254 264 0.388536
254 354 0.416773
255 256 -1.217080
255 265 -0.431447
255 355 -0.702268
256 257 -0.292926
256 266 0.878679
256 356 -0.022124
257 258 0.386053
257 267 -0.008998
257 357 -0.512425
258 259 -2.529627
258 268 -0.073115
258 358 -0.476737
259 250 -0.418459
259 269 -1.123058
259 359 1.079399
260 261 0.553231
260 270 -0.078308
260 360 0.385558
261 262 -1.875078
261 271 1.830648
261 361 -1.301835
262 263 1.784218
262 272 -0.198109
262 362 -0.267276
263 264 0.246770
263 273 0.157025
263 363 -1.380830
264 265 0.577244
264 274 -0.725177
264 364 0.731418
265 266 -0.289143
265 275 -0.285145
265 365 1.466037
266 267 0.777238
266 276 1.014617
266 366 -0.103708
267 268 -1.082128
267 277 -0.512307
267 367 0.871524
268 269 -1.289716
268 278 1.191932
268 368 2.427413
269 260 1.792549
269 279 -0.026893
269 369 -0.706859
270 271 1.042150
270 280 0.157329
270 370 -0.059250
271 272 -1.337808
271 281 0.000505
271 371 -0.302350
272 273 0.221547
272 282 -0.113266
272 372 1.663554
273 274 -0.602676
273 283 -0.113824
273 373 1.372211
274 275 0.130533
274 284 1.620678
274 374 -0.406790
275 276 -0.389632
275 285 1.273101
275 375 1.401435
276 277 -0.946166
276 286 1.778664
276 376 1.083139
277 278 0.340329
277 287 -0.219401
277 377 -0.445809
278 279 0.133375
278 288 -1.299037
278 378 0.214890
279 270 0.795743
279 289 0.654789
279 379 0.937169
280 281 0.171501
280 290 -0.123068
280 380 -0.653988
281 282 -0.510397
281 291 1.344367
281 381 0.274732
282 283 1.384434
282 292 1.899724
282 382 -0.517241
283 284 0.141837
283 293 -2.243516
283 383 -1.059870
284 285 -0.289745
284 294 1.305208
284 384 -0.132094
285 286 -0.254286
285 295 0.812077
285 385 0.449009
286 287 -0.863968
286 296 -0.789586
286 386 0.257413
287 288 -1.485769
287 297 -0.646554
287 387 -0.082607
288 289 -0.301241
288 298 1.009950
288 388 -0.651123
289 280 2.922936
289 299 -0.893877
289 389 0.783276
290 291 -0.232608
290 200 -0.605221
290 390 -0.993614
291 292 2.057690
291 201 -0.697162
291 391 -0.807047
292 293 -0.849274
292 202 -1.428377
292 392 1.760651
293 294 0.845690
293 203 0.526109
293 393 -1.204014
294 295 -0.446821
294 204 1.810364
294 394 1.256168
295 296 1.655602
295 205 0.708353
295 395 -1.420571
296 297 0.102569
296 206 -1.929532
296 396 0.388267
297 298 -0.197007
297 207 -0.676177
297 397 0.244160
298 299 0.120877
298 208 0.179999
298 398 -0.900181
299 290 -1.472908
299 209 -0.397908
299 399 0.102855
300 301 -0.149604
300 310 -1.070871
300 400 -0.282118
301 302 -1.242356
301 311 -0.225353
301 401 -0.800249
302 303 1.018978
302 312 0.798039
302 402 0.130225
303 304 1.612124
303 313 -0.752563
303 403 0.926808
304 305 -0.707844
304 314 0.786945
304 404 2.652127
305 306 0.526692
305 315 1.063517
305 405 -0.008110
306 307 -1.600761
306 316 1.830464
306 406 -0.912625
307 308 0.813149
307 317 -1.194510
307 407 -0.908827
308 309 1.251398
308 318 0.294779
308 408 0.265031
309 300 -0.312924
309 319 -0.031683
309 409 2.193765
310 311 -1.654675
310 320 0.409281
310 410 -0.101590
311 312 1.277186
311 321 0.471081
311 411 -1.411624
312 313 -1.647178
312 322 -1.215459
312 412 1.141053
313 314 0.422644
313 323 0.334715
313 413 0.754508
314 315 -0.595991
314 324 1.108731
314 414 -0.009628
315 316 0.914423
315 325 0.184321
315 415 -0.231719
316 317 -0.622203
316 326 0.164497
316 416 0.671578
317 318 -1.051347
317 327 1.405564
317 417 2.256918
318 319 0.357691
318 328 0.023691
318 418 1.454010
319 310 -0.239444
319 329 -0.284210
319 419 0.685346
320 321 0.422881
320 330 -0.139387
320 420 -0.559553
321 322 -0.449129
321 331 -1.464330
321 421 0.559532
322 323 -0.570231
322 332 -1.046743
322 422 0.154552
323 324 0.845178
323 333 -0.757248
323 423 -0.160352
324 325 0.183641
324 334 0.017896
324 424 -0.855616
325 326 -0.939808
325 335 -2.236147
325 425 0.220817
326 327 1.422830
326 336 -0.851286
326 426 -1.809575
327 328 -0.956038
327 337 0.364651
327 427 -0.274219
328 329 -1.143714
328 338 2.692334
328 428 1.155842
329 320 0.967730
329 339 -0.920464
329 429 1.103616
330 331 0.307443
330 340 -0.469286
330 430 -1.010347
331 332 1.491563
331 341 -0.806579
331 431 -0.401657
332 333 -0.084203
332 342 0.098676
332 432 -0.792261
333 334 -0.234916
333 343 0.588538
333 433 -1.183170
334 335 -1.408833
334 344 0.458622
334 434 -0.230912
335 336 -1.379885
335 345 0.964550
335 435 -0.402821
336 337 -0.183756
336 346 0.474068
336 436 0.894371
337 338 0.551431
337 347 -0.085810
337 437 0.349588
338 339 1.905730
338 348 0.441940
338 438 -2.674159
339 330 1.881031
339 349 -0.648152
339 439 0.164505
340 341 1.502227
340 350 1.701992
340 440 -0.891958
341 342 0.942182
341 351 -1.487759
341 441 -1.554573
342 343 -1.378354
342 352 1.050638
342 442 -0.463598
343 344 0.266189
343 353 0.218536
343 443 -0.300515
344 345 0.288488
344 354 1.063893
344 444 -0.406078
345 346 0.437566
345 355 0.164964
345 445 -0.461293
346 347 -0.243022
346 356 -0.984094
346 446 1.414187
347 348 0.735700
347 357 -0.497567
347 447 -0.507110
348 349 -2.135546
348 358 -0.223794
348 448 0.448603
349 340 0.264604
349 359 0.088507
349 449 1.785151
350 351 0.706756
350 360 -0.476513
350 450 0.660131
351 352 0.664706
351 361 -0.064416
351 451 -2.307877
352 353 0.448114
352 362 -1.333844
352 452 -1.265993
353 354 0.074297
353 363 -1.247328
353 453 0.270736
354 355 1.475148
354 364 -2.149386
354 454 -0.464888
355 356 -1.366057
355 365 -0.069039
355 455 -0.871208
356 357 -0.294720
356 366 -0.490456
356 456 0.659989
357 358 0.993164
357 367 -1.435452
357 457 -1.128891
358 359 -0.446591
358 368 -0.292812
358 458 -1.287791
359 350 0.235442
359 369 -1.713274
359 459 -2.361890
360 361 -2.292700
360 370 -0.038535
360 460 -0.015579
361 362 1.631108
361 371 -0.167797
361 461 -0.489257
362 363 -1.648881
362 372 1.983271
362 462 -0.242385
363 364 -0.397235
363 373 0.747687
363 463 -1.721374
364 365 0.503453
364 374 -1.258550
364 464 -0.290999
365 366 0.956589
365 375 -0.367169
365 465 -0.105078
366 367 -0.118473
366 376 -0.975823
366 466 -0.224228
367 368 -0.878428
367 377 -1.007718
367 467 -1.396996
368 369 -0.151419
368 378 -0.996261
368 468 -0.650309
369 360 -1.138356
369 379 -1.435069
369 469 -0.199322
370 371 0.862844
370 380 0.682419
370 470 0.393130
371 372 -0.536208
371 381 -1.023967
371 471 1.163992
372 373 0.514875
372 382 -0.434463
372 472 -0.452272
373 374 2.494674
373 383 -0.106261
373 473 -1.646793
374 375 0.068898
374 384 0.361830
374 474 -0.313878
375 376 -0.552037
375 385 -0.391680
375 475 1.210460
376 377 -0.754730
376 386 -0.433070
376 476 -1.256122
377 378 1.507481
377 387 0.980613
377 477 -1.216340
378 379 0.811899
378 388 2.666467
378 478 2.259263
379 370 -0.580479
379 389 0.490665
379 479 0.653221
380 381 -0.366919
380 390 -1.815141
380 480 0.084507
381 382 -0.121319
381 391 -0.562208
381 481 -0.705626
382 383 0.641975
382 392 0.372806
382 482 0.458108
383 384 -0.733348
383 393 0.834368
383 483 2.050591
384 385 0.048133
384 394 0.317226
384 484 -0.054576
385 386 -0.487271
385 395 -2.931453
385 485 -0.011311
386 387 -1.020105
386 396 0.523578
386 486 0.359262
387 388 1.137333
387 397 -0.018072
387 487 -0.562680
388 389 -0.623885
388 398 1.191196
388 488 -0.524083
389 380 -1.123478
389 399 -0.981424
389 489 0.478355
390 391 0.378643
390 300 -0.036205
390 490 -3.536394
391 392 -2.116714
391 301 2.090482
391 491 -0.778720
392 393 -0.747699
392 302 -1.915511
392 492 -0.120106
393 394 0.716004
393 303 -0.442729
393 493 0.523568
394 395 -0.794028
394 304 -0.779939
394 494 -1.243969
395 396 0.491747
395 305 -0.205172
395 495 -1.190675
396 397 -1.106722
396 306 0.382367
396 496 -1.096181
397 398 -2.427680
397 307 0.337662
397 497 0.648422
398 399 1.496028
398 308 -0.765131
398 498 -0.180035
399 390 -0.178272
399 309 0.807844
399 499 -1.507221
400 401 -0.525424
400 410 0.971488
400 500 -1.146606
401 402 -0.105788
401 411 0.587405
401 501 0.868766
402 403 -1.374013
402 412 -0.129506
402 502 -0.378416
403 404 -1.407530
403 413 -1.552197
403 503 -0.684190
404 405 -0.316856
404 414 -0.903845
404 504 0.158098
405 406 2.696573
405 415 0.438803
405 505 -0.538791
406 407 -1.053270
406 416 -0.429969
406 506 0.312542
407 408 1.109703
407 417 -0.328514
407 507 -0.171385
408 409 0.891520
408 418 2.462990
408 508 0.760078
409 400 0.567204
409 419 -0.013710
409 509 -1.706307
410 411 -0.469684
410 420 1.823670
410 510 -0.261911
411 412 -1.322113
411 421 -0.450574
411 511 -0.306471
412 413 0.131187
412 422 0.324151
412 512 0.303707
413 414 -0.088028
413 423 0.426129
413 513 -2.189516
414 415 -0.232810
414 424 0.515588
414 514 1.482879
415 416 -0.188112
415 425 0.260488
415 515 -0.049358
416 417 -0.035230
416 426 0.085615
416 516 0.397282
417 418 0.079189
417 427 0.285031
417 517 0.638700
418 419 0.558073
418 428 -0.247808
418 518 -1.661630
419 410 1.398211
419 429 2.031891
419 519 -1.159406
420 421 -0.943115
420 430 0.133160
420 520 0.860254
421 422 -0.571039
421 431 -0.148741
421 521 -0.377946
422 423 -0.452230
422 432 1.311212
422 522 0.150410
423 424 1.105532
423 433 -0.006105
423 523 0.936614
424 425 -0.268222
424 434 0.945685
424 524 -0.294648
425 426 0.422944
425 435 0.585629
425 525 0.954388
426 427 -0.467900
426 436 -1.436398
426 526 -1.769815
427 428 0.750744
427 437 1.198195
427 527 -1.939374
428 429 -0.127568
428 438 0.645438
428 528 -0.260894
429 420 0.793319
429 439 -0.193951
429 529 -1.020886
430 431 -0.169080
430 440 -0.569886
430 530 -1.594601
431 432 -0.481875
431 441 -0.331139
431 531 -1.657459
432 433 -0.706242
432 442 0.368998
432 532 0.059781
433 434 -0.775966
433 443 0.295750
433 533 -0.010438
434 435 -1.690286
434 444 -0.041490
434 534 1.320186
435 436 -1.305301
435 445 0.954004
435 535 -1.159771
436 437 0.726849
436 446 -0.375318
436 536 -0.954949
437 438 -0.637604
437 447 -1.276489
437 537 0.359737
438 439 -1.095864
438 448 -0.266492
438 538 2.680380
439 430 -0.403489
439 449 -0.670639
439 539 -1.070776
440 441 0.116360
440 450 -0.530367
440 540 -1.118573
441 442 -0.150756
441 451 2.261114
441 541 1.381234
442 443 -2.124694
442 452 -0.607908
442 542 -0.278042
443 444 -1.491442
443 453 0.056330
443 543 0.139197
444 445 -0.628138
444 454 -0.785621
444 544 1.235127
445 446 -0.404329
445 455 -0.161368
445 545 -0.635247
446 447 -1.433461
446 456 1.067955
446 546 -0.422283
447 448 -0.234374
447 457 -1.577069
447 547 -1.295007
448 449 0.117576
448 458 1.014192
448 548 0.176818
449 440 0.821667
449 459 0.937938
449 549 1.571246
450 451 -1.768709
450 460 0.410785
450 550 -1.148443
451 452 0.529152
451 461 -2.009533
451 551 -0.676897
452 453 -0.535107
452 462 -0.956372
452 552 -0.314555
453 454 -0.133789
453 463 -0.677660
453 553 0.932257
454 455 -1.162388
454 464 -0.997872
454 554 0.684082
455 456 -1.566241
455 465 0.006124
455 555 -0.718464
456 457 -2.270142
456 466 0.642761
456 556 0.954363
457 458 -0.515028
457 467 0.126327
457 557 0.785218
458 459 1.350126
458 468 1.031139
458 558 -1.904341
459 450 -0.399891
459 469 -0.014641
459 559 -1.036083
460 461 0.561547
460 470 0.421261
460 560 -1.258809
461 462 -0.635409
461 471 1.017841
461 561 1.452539
462 463 -0.728217
462 472 -0.936706
462 562 0.224824
463 464 0.732923
463 473 0.456588
463 563 -1.421790
464 465 -1.335090
464 474 0.394822
464 564 -0.005396
465 466 1.118645
465 475 -0.121416
465 565 -0.565182
466 467 0.609601
466 476 0.962176
466 566 0.999729
467 468 -0.203455
467 477 1.028151
467 567 0.224289
468 469 -0.916538
468 478 -0.757791
468 568 -1.749573
469 460 -0.346507
469 479 -0.843068
469 569 0.253749
470 471 0.038905
470 480 0.520767
470 570 0.830231
471 472 0.350467
471 481 -1.080132
471 571 0.250604
472 473 1.732961
472 482 -0.029928
472 572 -0.352400
473 474 -0.120934
473 483 -0.767696
473 573 -0.556103
474 475 -0.971994
474 484 -0.327519
474 574 -1.458910
475 476 -0.278089
475 485 0.946910
475 575 -0.596207
476 477 1.826521
476 486 0.401148
476 576 -0.152009
477 478 0.080297
477 487 1.776586
477 577 0.719562
478 479 1.061016
478 488 0.335698
478 578 -1.501064
479 470 0.863566
479 489 0.939477
479 579 0.721610
480 481 -0.598144
480 490 -1.370166
480 580 0.846179
481 482 0.800674
481 491 0.905469
481 581 0.340468
482 483 -0.028489
482 492 -1.222988
482 582 1.769188
483 484 -0.352277
483 493 0.395179
483 583 -0.211471
484 485 -0.452658
484 494 -1.770824
484 584 -0.059048
485 486 -1.295848
485 495 1.019808
485 585 0.347530
486 487 0.838888
486 496 1.238346
486 586 -0.202165
487 488 -1.056738
487 497 1.245454
487 587 0.852522
488 489 1.233050
488 498 0.094413
488 588 1.325603
489 480 0.581857
489 499 -1.793846
489 589 0.853364
490 491 0.328354
490 400 -0.878202
490 590 -0.959133
491 492 -0.298216
491 401 0.189986
491 591 2.013028
492 493 -0.355167
492 402 -0.069858
492 592 1.608104
493 494 -1.827478
493 403 0.513280
493 593 -0.767375
494 495 0.001515
494 404 0.256589
494 594 -2.946497
495 496 1.252439
495 405 0.717868
495 595 -0.050772
496 497 0.928474
496 406 -0.692793
496 596 0.060474
497 498 -0.333783
497 407 1.155775
497 597 0.596054
498 499 -0.546882
498 408 1.044729
498 598 0.447771
499 490 1.138702
499 409 0.599228
499 599 0.769612
500 501 -0.176422
500 510 0.727343
500 600 -0.405231
501 502 -0.034367
501 511 -0.440237
501 601 -1.851425
502 503 -1.310424
502 512 -2.760603
502 602 1.126236
503 504 -0.784544
503 513 0.444993
503 603 -0.016026
504 505 0.732943
504 514 -1.743277
504 604 0.807624
505 506 0.127253
505 515 -1.738720
505 605 0.183429
506 507 2.958739
506 516 -1.273115
506 606 1.577669
507 508 -1.456187
507 517 0.383525
507 607 0.441213
508 509 0.233203
508 518 -0.479996
508 608 -0.030763
509 500 -0.989737
509 519 1.517490
509 609 -0.597211
510 511 0.400881
510 520 -1.097657
510 610 -0.233068
511 512 -0.194911
511 521 0.233527
511 611 2.114540
512 513 -1.519933
512 522 0.236974
512 612 0.405336
513 514 1.259672
513 523 1.745363
513 613 -0.315300
514 515 -0.352751
514 524 1.078188
514 614 0.924685
515 516 -1.620648
515 525 -2.410799
515 615 -0.469790
516 517 0.080081
516 526 -0.080042
516 616 -2.390284
517 518 0.736294
517 527 -0.215173
517 617 1.480169
518 519 2.410890
518 528 0.165658
518 618 -0.180549
519 510 2.447831
519 529 -1.039418
519 619 -1.173687
520 521 -1.210985
520 530 1.977604
520 620 -0.015204
521 522 -0.224287
521 531 -1.106911
521 621 -0.554754
522 523 1.115600
522 532 -1.234528
522 622 0.720522
523 524 -1.212797
523 533 3.281328
523 623 0.254128
524 525 0.099398
524 534 0.682770
524 624 -2.225580
525 526 -1.393775
525 535 -0.298630
525 625 -0.289927
526 527 0.994104
526 536 0.385603
526 626 0.537414
527 528 -1.365675
527 537 1.092755
527 627 0.042315
528 529 -1.022652
528 538 -0.951465
528 628 -0.077344
529 520 -0.420035
529 539 -0.530999
529 629 0.800912
530 531 1.754185
530 540 -0.884492
530 630 0.440924
531 532 -1.076471
531 541 -1.074271
531 631 0.427107
532 533 -1.857970
532 542 1.020858
532 632 0.500795
533 534 -0.326374
533 543 0.524613
533 633 1.068982
534 535 -0.468243
534 544 -0.779044
534 634 -0.692608
535 536 -1.199190
535 545 -0.448352
535 635 -0.295530
536 537 1.103575
536 546 0.497436
536 636 -0.464172
537 538 0.054667
537 547 1.396157
537 637 -0.966339
538 539 -0.524716
538 548 -1.199524
538 638 -0.487480
539 530 -1.065928
539 549 -1.646009
539 639 0.662895
540 541 -0.479271
540 550 -1.356620
540 640 0.030489
541 542 -0.656840
541 551 0.901918
541 641 0.848663
542 543 0.189823
542 552 -0.157226
542 642 -0.463501
543 544 1.554327
543 553 0.499800
543 643 1.094193
544 545 0.889231
544 554 -0.596676
544 644 0.624155
545 546 -0.402763
545 555 1.366438
545 645 0.406777
546 547 1.236905
546 556 -1.551951
546 646 1.184110
547 548 0.846649
547 557 -0.154939
547 647 1.225438
548 549 1.394592
548 558 0.166013
548 648 -0.708775
549 540 -1.274339
549 559 -0.807840
549 649 0.285244
550 551 0.567111
550 560 1.396282
550 650 -1.325871
551 552 0.759522
551 561 -0.187201
551 651 0.519889
552 553 0.787653
552 562 0.959218
552 652 -0.237569
553 554 0.355494
553 563 1.751548
553 653 0.491388
554 555 0.069402
554 564 -0.248844
554 654 -0.059886
555 556 0.489701
555 565 0.386280
555 655 1.216429
556 557 -0.049856
556 566 0.232572
556 656 0.325032
557 558 -1.139771
557 567 -0.567563
557 657 -0.679143
558 559 -0.713995
558 568 -0.118565
558 658 -0.119025
559 550 -0.135267
559 569 0.080671
559 659 -1.647804
560 561 -0.249049
560 570 -0.636741
560 660 -1.004962
561 562 -0.615830
561 571 -0.316894
561 661 0.257354
562 563 0.510031
562 572 0.278592
562 662 0.698436
563 564 -1.813339
563 573 -0.082195
563 663 -0.179768
564 565 0.414715
564 574 -1.294967
564 664 -1.766073
565 566 2.144902
565 575 -0.212520
565 665 0.140782
566 567 1.497179
566 576 -0.080991
566 666 0.849571
567 568 -0.042397
567 577 -0.434161
567 667 -0.364458
568 569 1.450976
568 578 -0.927812
568 668 0.305863
569 560 0.101150
569 579 -2.582494
569 669 -0.013956
570 571 -2.227703
570 580 0.528138
570 670 -0.372067
571 572 0.217674
571 581 -0.782376
571 671 0.406271
572 573 0.841778
572 582 -0.907525
572 672 0.305465
573 574 -0.503125
573 583 -0.827691
573 673 -0.652766
574 575 0.354770
574 584 -1.597272
574 674 -0.576211
575 576 1.804639
575 585 -0.757512
575 675 -1.253030
576 577 0.752742
576 586 0.536125
576 676 -0.055279
577 578 0.677252
577 587 -1.163734
577 677 -0.652030
578 579 0.256551
578 588 -0.121904
578 678 0.737809
579 570 0.311931
579 589 0.480532
579 679 -0.212452
580 581 0.266873
580 590 -0.450357
580 680 0.889136
581 582 -0.659819
581 591 -0.338416
581 681 -0.178639
582 583 -0.056733
582 592 0.585536
582 682 -0.225342
583 584 -0.463599
583 593 1.794142
583 683 -0.453090
584 585 -1.358938
584 594 -0.833224
584 684 0.336059
585 586 -0.028831
585 595 -0.329607
585 685 0.288725
586 587 0.383246
586 596 1.009873
586 686 -0.413349
587 588 0.563489
587 597 -0.344179
587 687 0.176497
588 589 0.050606
588 598 0.431575
588 688 -1.434318
589 580 0.108567
589 599 -1.429390
589 689 0.802091
590 591 0.271494
590 500 0.448341
590 690 -3.812290
591 592 -0.554960
591 501 -0.636911
591 691 -0.718646
592 593 0.527079
592 502 -0.515128
592 692 -1.009755
593 594 -0.721161
593 503 2.570131
593 693 -0.458406
594 595 0.772273
594 504 -1.146745
594 694 -0.087117
595 596 1.082162
595 505 -0.113859
595 695 0.194372
596 597 -2.599058
596 506 1.173273
596 696 -0.458976
597 598 -0.631047
597 507 0.011942
597 697 -0.835260
598 599 2.236646
598 508 -0.710748
598 698 1.412558
599 590 -0.632205
599 509 1.747397
599 699 -0.365776
600 601 -1.464198
600 610 0.076805
600 700 0.218688
601 602 -0.643305
601 611 -1.258349
601 701 -0.616906
602 603 1.750348
602 612 -0.666480
602 702 -0.646291
603 604 1.244959
603 613 0.013177
603 703 0.059423
604 605 0.240035
604 614 0.518233
604 704 0.178706
605 606 1.161010
605 615 -1.922923
605 705 2.235801
606 607 -1.603195
606 616 0.417781
606 706 -0.331120
607 608 -0.126481
607 617 -0.166503
607 707 -1.517890
608 609 -1.523622
608 618 -0.650923
608 708 0.600997
609 600 -0.330114
609 619 -0.703086
609 709 -0.506874
610 611 1.675431
610 620 0.736038
610 710 -0.387478
611 612 1.039251
611 621 -0.938424
611 711 0.984696
612 613 1.884633
612 622 -0.985816
612 712 0.289323
613 614 0.482069
613 623 1.962385
613 713 0.477875
614 615 0.111707
614 624 -0.593598
614 714 0.441551
615 616 -0.355722
615 625 -1.502847
615 715 0.168428
616 617 1.494413
616 626 -1.122083
616 716 -0.532314
617 618 1.392705
617 627 0.419794
617 717 -0.600538
618 619 -1.192596
618 628 0.866043
618 718 -0.688575
619 610 -0.082898
619 629 2.414529
619 719 -0.219395
620 621 -0.012902
620 630 -2.049924
620 720 1.903147
621 622 -0.048168
621 631 0.329302
621 721 -0.700364
622 623 -0.276704
622 632 -0.920911
622 722 1.176731
623 624 0.269576
623 633 0.458483
623 723 1.417733
624 625 1.035657
624 634 -1.012201
624 724 -0.876679
625 626 0.192590
625 635 -0.259420
625 725 -1.731360
626 627 -0.278592
626 636 -0.476320
626 726 0.569059
627 628 1.029025
627 637 1.304004
627 727 -1.087785
628 629 -1.120718
628 638 -0.142805
628 728 -0.222932
629 620 1.484959
629 639 0.269608
629 729 -1.660112
630 631 -0.908044
630 640 -0.065975
630 730 -0.591405
631 632 0.461071
631 641 0.785397
631 731 -1.113153
632 633 -0.967531
632 642 -0.411958
632 732 2.092029
633 634 1.255450
633 643 -0.137004
633 733 0.874071
634 635 1.171052
634 644 -0.081994
634 734 -2.276445
635 636 -0.630936
635 645 -0.091061
635 735 1.040004
636 637 2.039505
636 646 -0.346093
636 736 -0.519880
637 638 -0.243406
637 647 0.405069
637 737 -1.176472
638 639 0.165019
638 648 1.208091
638 738 -0.320476
639 630 0.371972
639 649 -1.688568
639 739 -0.385418
640 641 0.598771
640 650 -0.154688
640 740 -0.199249
641 642 0.657514
641 651 -2.093676
641 741 -1.651735
642 643 0.571043
642 652 -1.022758
642 742 0.317512
643 644 -0.382587
643 653 -0.576819
643 743 -1.648292
644 645 0.777503
644 654 -0.223027
644 744 1.182381
645 646 -1.133982
645 655 -0.428213
645 745 -1.142916
646 647 -0.151308
646 656 0.577774
646 746 1.194465
647 648 -1.203067
647 657 -1.141730
647 747 0.132046
648 649 -0.365654
648 658 -0.037611
648 748 2.061217
649 640 0.258784
649 659 1.165876
649 749 -0.495869
650 651 0.764252
650 660 -0.124747
650 750 0.315260
651 652 1.569437
651 661 2.155269
651 751 -0.277343
652 653 0.652290
652 662 -1.200490
652 752 -1.680506
653 654 0.270953
653 663 0.628932
653 753 -1.293664
654 655 -1.136175
654 664 0.461700
654 754 -1.075238
655 656 -0.972329
655 665 -0.064163
655 755 -1.269212
656 657 -1.038429
656 666 -1.431004
656 756 -2.519959
657 658 0.283313
657 667 0.053998
657 757 0.175237
658 659 0.385953
658 668 0.279878
658 758 -1.111798
659 650 -0.914522
659 669 -0.798989
659 759 -0.736844
660 661 -0.835668
660 670 -1.102589
660 760 0.176852
661 662 0.807586
661 671 -0.539970
661 761 -0.422517
662 663 -2.262124
662 672 0.559839
662 762 -0.776340
663 664 -1.013133
663 673 1.347260
663 763 0.678694
664 665 -1.053961
664 674 0.666408
664 764 1.843359
665 666 0.637610
665 675 -0.343899
665 765 -1.163099
666 667 -0.360792
666 676 -0.341031
666 766 1.730060
667 668 -0.083644
667 677 -0.422923
667 767 -0.015995
668 669 -0.617995
668 678 -0.358971
668 768 0.049332
669 660 0.135412
669 679 -0.795325
669 769 0.542587
670 671 0.170579
670 680 -1.084417
670 770 0.799620
671 672 -1.100090
671 681 0.358007
671 771 -0.228345
672 673 -0.180809
672 682 0.998230
672 772 0.042255
673 674 -0.141020
673 683 -0.175604
673 773 0.088027
674 675 -1.067544
674 684 1.699300
674 774 -0.530619
675 676 1.021654
675 685 0.011987
675 775 -0.143415
676 677 0.121382
676 686 -1.415530
676 776 1.375329
677 678 -0.361190
677 687 0.201572
677 777 -0.534964
678 679 0.717179
678 688 1.613772
678 778 -0.707380
679 670 1.854082
679 689 -0.681197
679 779 -0.490246
680 681 -0.135079
680 690 0.853319
680 780 0.517030
681 682 0.500755
681 691 2.526462
681 781 -0.848286
682 683 1.397250
682 692 0.148025
682 782 0.391832
683 684 -0.802603
683 693 -0.019033
683 783 -0.167869
684 685 1.302524
684 694 0.754365
684 784 1.233941
685 686 0.516544
685 695 1.661984
685 785 -0.860348
686 687 -1.336416
686 696 0.552522
686 786 -0.513544
687 688 -1.281269
687 697 -0.973262
687 787 -1.694079
688 689 0.257786
688 698 0.223266
688 788 -0.813235
689 680 1.165042
689 699 -0.475837
689 789 -0.095817
690 691 1.000341
690 600 -1.922122
690 790 -1.231192
691 692 -1.538777
691 601 0.004786
691 791 0.368911
692 693 0.734080
692 602 -0.669867
692 792 -0.473519
693 694 0.553424
693 603 0.008391
693 793 1.728436
694 695 -0.127371
694 604 -1.759080
694 794 -1.387832
695 696 -1.849004
695 605 -0.410550
695 795 0.449050
696 697 0.060753
696 606 -0.638535
696 796 -1.718389
697 698 2.281159
697 607 -0.091317
697 797 -0.299706
698 699 2.304016
698 608 0.487061
698 798 0.737138
699 690 1.318348
699 609 1.684846
699 799 -0.022768
700 701 -0.526710
700 710 -0.139695
700 800 -0.508963
701 702 -0.197365
701 711 0.800515
701 801 0.733067
702 703 0.552995
702 712 2.462952
702 802 -1.128242
703 704 0.315669
703 713 0.024907
703 803 1.174554
704 705 -0.888414
704 714 0.073014
704 804 -0.617895
705 706 -1.588570
705 715 -1.012564
705 805 1.979541
706 707 0.807052
706 716 -0.366565
706 806 -0.223188
707 708 0.145812
707 717 0.381991
707 807 -2.645337
708 709 -0.333757
708 718 -0.206146
708 808 -0.861540
709 700 0.209191
709 719 0.885559
709 809 -0.490204
710 711 0.077242
710 720 0.476717
710 810 -0.986171
711 712 -2.624246
711 721 0.894202
711 811 0.241984
712 713 0.536259
712 722 -0.496667
712 812 0.588871
713 714 -0.799655
713 723 0.903634
713 813 -0.424679
714 715 0.531939
714 724 -0.719694
714 814 -0.748328
715 716 0.295686
715 725 1.046498
715 815 0.387661
716 717 1.700298
716 726 0.835221
716 816 0.254999
717 718 -0.735462
717 727 -0.128027
717 817 -0.377720
718 719 -0.777250
718 728 -0.783960
718 818 -0.502107
719 710 0.993964
719 729 -0.528047
719 819 0.245349
720 721 -1.100831
720 730 0.642409
720 820 2.337489
721 722 -1.118125
721 731 -0.479364
721 821 0.130873
722 723 1.480604
722 732 -1.672189
722 822 -1.027585
723 724 -2.201394
723 733 -1.092980
723 823 -1.100338
724 725 1.004450
724 734 -3.376064
724 824 0.536749
725 726 -0.678101
725 735 -2.081921
725 825 0.839611
726 727 -1.477956
726 736 -0.192838
726 826 0.686390
727 728 1.380586
727 737 -1.255653
727 827 -0.102184
728 729 -0.608552
728 738 0.894272
728 828 -0.095460
729 720 -0.506077
729 739 0.549813
729 829 0.840409
730 731 -1.718350
730 740 0.846158
730 830 0.821188
731 732 0.149489
731 741 -0.248105
731 831 -1.020452
732 733 0.447995
732 742 0.385708
732 832 1.403702
733 734 0.454545
733 743 -0.130699
733 833 -2.652012
734 735 0.432428
734 744 1.127939
734 834 -0.770999
735 736 0.973594
735 745 -0.903515
735 835 1.418532
736 737 -0.101519
736 746 1.227734
736 836 -0.337449
737 738 0.523685
737 747 0.551745
737 837 -0.313953
738 739 -1.669035
738 748 0.040327
738 838 -0.389830
739 730 1.553081
739 749 0.527485
739 839 0.499938
740 741 0.408281
740 750 1.478022
740 840 -0.376610
741 742 2.552322
741 751 0.273090
741 841 1.172665
742 743 -0.509031
742 752 -0.679889
742 842 -0.121147
743 744 0.713922
743 753 0.322197
743 843 -0.545676
744 745 -1.110418
744 754 1.540821
744 844 2.199081
745 746 -0.877664
745 755 -0.226878
745 845 -0.691060
746 747 1.007297
746 756 -0.999132
746 846 0.914374
747 748 -0.257491
747 757 0.945582
747 847 -0.168818
748 749 -1.865174
748 758 0.366304
748 848 -1.526950
749 740 -1.525011
749 759 -1.291848
749 849 -0.316152
750 751 -0.119664
750 760 0.795285
750 850 0.549192
751 752 1.212279
751 761 -1.475616
751 851 1.098174
752 753 -0.386497
752 762 0.341970
752 852 0.839906
753 754 -0.736710
753 763 0.696835
753 853 1.971101
754 755 0.636719
754 764 -0.789443
754 854 -1.039745
755 756 1.706071
755 765 -0.565332
755 855 0.557827
756 757 -0.586539
756 766 -1.499878
756 856 1.308520
757 758 -0.527434
757 767 0.096626
757 857 -1.309096
758 759 -0.027958
758 768 -0.599181
758 858 -0.104651
759 750 0.897379
759 769 -0.349082
759 859 1.061324
760 761 0.993842
760 770 0.028872
760 860 -0.060919
761 762 0.564752
761 771 0.068073
761 861 -0.002473
762 763 -2.518679
762 772 0.652175
762 862 1.677168
763 764 0.802006
763 773 0.670198
763 863 -0.660182
764 765 -1.118624
764 774 0.244602
764 864 0.486673
765 766 -0.663427
765 775 -0.106820
765 865 0.655050
766 767 -1.074520
766 776 0.123628
766 866 -0.220560
767 768 -1.057640
767 777 -1.549454
767 867 -0.534403
768 769 -0.287166
768 778 0.024080
768 868 0.644847
769 760 0.216910
769 779 1.613722
769 869 0.895814
770 771 -0.179628
770 780 -0.129745
770 870 -0.712704
771 772 1.135909
771 781 1.758710
771 871 0.607228
772 773 0.624773
772 782 -0.331901
772 872 0.412201
773 774 -1.162031
773 783 -0.093116
773 873 0.093640
774 775 2.100717
774 784 -0.415255
774 874 0.634637
775 776 0.156013
775 785 0.085374
775 875 0.429570
776 777 -3.036236
776 786 1.605842
776 876 -1.822699
777 778 0.318740
777 787 1.447011
777 877 0.818607
778 779 -0.576965
778 788 0.614343
778 878 1.065689
779 770 1.867703
779 789 1.146942
779 879 -1.423659
780 781 0.468586
780 790 0.805097
780 880 0.424213
781 782 0.273316
781 791 -1.256471
781 881 1.385873
782 783 -1.965482
782 792 0.401956
782 882 -0.043747
783 784 -1.243858
783 793 -1.401633
783 883 -0.367292
784 785 0.187256
784 794 -0.998110
784 884 -1.202437
785 786 -0.098834
785 795 0.312462
785 885 0.722201
786 787 -0.676325
786 796 -0.274471
786 886 0.533436
787 788 2.642393
787 797 -0.925382
787 887 0.887447
788 789 -0.336707
788 798 0.366241
788 888 1.683255
789 780 -0.115914
789 799 1.303727
789 889 0.823881
790 791 -1.665388
790 700 -0.028638
790 890 0.850069
791 792 -0.295567
791 701 -0.604736
791 891 -0.085271
792 793 -0.516861
792 702 1.526400
792 892 -1.187670
793 794 -1.572579
793 703 0.455996
793 893 2.057884
794 795 -0.063109
794 704 -0.554498
794 894 0.512705
795 796 0.340787
795 705 0.434052
795 895 1.092006
796 797 1.259307
796 706 0.230548
796 896 -0.888652
797 798 0.067620
797 707 -0.253188
797 897 -0.857895
798 799 -0.786592
798 708 -1.968581
798 898 -0.597981
799 790 -0.721940
799 709 0.903924
799 899 0.166727
800 801 0.253752
800 810 1.896689
800 900 -0.266467
801 802 1.059644
801 811 -1.292222
801 901 0.878767
802 803 0.160391
802 812 1.884744
802 902 -0.538941
803 804 -0.503463
803 813 -0.543189
803 903 -2.182773
804 805 0.967870
804 814 -0.991645
804 904 -0.673485
805 806 0.560709
805 815 0.181070
805 905 1.215123
806 807 0.156069
806 816 0.707741
806 906 -0.786912
807 808 -0.885195
807 817 1.209307
807 907 -0.028479
808 809 1.009863
808 818 -1.089468
808 908 0.052877
809 800 0.614262
809 819 0.090004
809 909 -0.689770
810 811 0.666291
810 820 1.007672
810 910 0.434386
811 812 0.034802
811 821 -0.611548
811 911 -0.175318
812 813 -0.476522
812 822 0.437381
812 912 1.597032
813 814 1.291684
813 823 1.278015
813 913 -0.451106
814 815 0.149462
814 824 -0.612938
814 914 -0.157507
815 816 -0.840130
815 825 -1.835041
815 915 0.791847
816 817 -2.093631
816 826 1.999575
816 916 -0.360057
817 818 1.271647
817 827 0.379113
817 917 -1.663059
818 819 -1.230313
818 828 0.167343
818 918 1.542516
819 810 -0.915651
819 829 -1.566748
819 919 1.198857
820 821 -0.925312
820 830 0.095806
820 920 -0.144622
821 822 1.673223
821 831 0.867840
821 921 0.121967
822 823 0.138142
822 832 0.254974
822 922 0.944307
823 824 0.478275
823 833 0.053842
823 923 -1.482589
824 825 0.761497
824 834 0.621026
824 924 -0.403940
825 826 -0.175020
825 835 0.265362
825 925 -1.238700
826 827 -1.497581
826 836 -0.566698
826 926 -0.471888
827 828 0.587886
827 837 0.647169
827 927 0.687004
828 829 1.796767
828 838 0.227721
828 928 1.015252
829 820 -0.307054
829 839 -0.824455
829 929 0.285559
830 831 0.494589
830 840 2.210231
830 930 -0.642789
831 832 -0.870967
831 841 -0.402175
831 931 0.092921
832 833 -0.843453
832 842 -1.125421
832 932 2.559940
833 834 -0.472390
833 843 -0.350949
833 933 0.911528
834 835 0.791695
834 844 1.676028
834 934 -0.155534
835 836 -1.903375
835 845 -0.165707
835 935 -0.932821
836 837 -0.331243
836 846 -0.431082
836 936 0.668492
837 838 0.754507
837 847 -0.159654
837 937 -0.211313
838 839 -0.396033
838 848 0.749110
838 938 -0.552740
839 830 0.546164
839 849 0.787020
839 939 -2.094397
840 841 2.124060
840 850 0.114894
840 940 -1.063356
841 842 0.383327
841 851 0.341985
841 941 1.698929
842 843 0.045682
842 852 -0.450599
842 942 1.717667
843 844 -0.194820
843 853 0.969353
843 943 1.084371
844 845 0.002070
844 854 -0.426115
844 944 1.155504
845 846 -0.081284
845 855 0.699542
845 945 1.050214
846 847 -0.443155
846 856 0.036130
846 946 -0.502114
847 848 -0.400207
847 857 -1.059913
847 947 0.484968
848 849 1.783876
848 858 0.602354
848 948 1.117498
849 840 -0.911040
849 859 -0.083420
849 949 1.549216
850 851 -0.895791
850 860 -0.827690
850 950 0.315242
851 852 0.142232
851 861 -1.382685
851 951 0.362022
852 853 -0.978142
852 862 -0.082703
852 952 -0.912054
853 854 0.291740
853 863 -1.378558
853 953 -1.149710
854 855 -0.037450
854 864 -1.173673
854 954 -0.725663
855 856 -0.414629
855 865 0.399335
855 955 -0.223720
856 857 1.358901
856 866 0.647576
856 956 -0.032845
857 858 1.148786
857 867 -0.935343
857 957 0.713543
858 859 2.301413
858 868 -0.076461
858 958 -0.342978
859 850 -0.154211
859 869 1.554857
859 959 -0.616127
860 861 -0.608016
860 870 -0.706405
860 960 -0.508706
861 862 -2.294227
861 871 0.180818
861 961 -0.431896
862 863 -0.249119
862 872 -1.612437
862 962 -1.130663
863 864 0.799380
863 873 -1.487431
863 963 0.629385
864 865 0.482506
864 874 -0.536449
864 964 1.459369
865 866 -2.367871
865 875 -0.372471
865 965 0.783673
866 867 -0.999313
866 876 -0.790571
866 966 -1.260571
867 868 -0.726931
867 877 0.665198
867 967 -2.183984
868 869 1.662471
868 878 1.414058
868 968 -1.965645
869 860 -0.002846
869 879 0.345678
869 969 0.098787
870 871 -0.786240
870 880 1.261417
870 970 -0.532831
871 872 0.245515
871 881 -0.898744
871 971 -0.647627
872 873 0.071568
872 882 -0.755279
872 972 -0.734989
873 874 -0.030068
873 883 0.238749
873 973 0.413830
874 875 -1.465127
874 884 -1.068985
874 974 -0.794067
875 876 0.417152
875 885 0.310449
875 975 0.639132
876 877 0.516121
876 886 -0.909406
876 976 0.298737
877 878 -0.289796
877 887 1.459123
877 977 0.827533
878 879 1.132180
878 888 0.110544
878 978 -0.813169
879 870 -0.018985
879 889 1.096121
879 979 -0.365160
880 881 -0.142202
880 890 -0.273140
880 980 -0.102412
881 882 0.710109
881 891 1.044885
881 981 -0.798632
882 883 0.154307
882 892 -0.778361
882 982 1.720205
883 884 0.151400
883 893 -0.073655
883 983 1.308165
884 885 -0.314021
884 894 0.800882
884 984 0.031691
885 886 0.275012
885 895 -1.095372
885 985 0.357314
886 887 -0.063807
886 896 0.136485
886 986 1.560121
887 888 -0.022671
887 897 -0.765564
887 987 -0.812429
888 889 1.234008
888 898 2.106406
888 988 0.849197
889 880 0.487473
889 899 0.505952
889 989 1.536849
890 891 -0.337828
890 800 -0.422087
890 990 -0.379157
891 892 -0.695083
891 801 -2.557019
891 991 -0.502914
892 893 -1.561441
892 802 -1.083029
892 992 -0.845140
893 894 0.300129
893 803 -0.590339
893 993 -1.871623
894 895 -1.199716
894 804 0.963927
894 994 1.618450
895 896 0.301848
895 805 0.796225
895 995 -1.513083
896 897 -0.997552
896 806 -0.772603
896 996 2.259195
897 898 -0.184530
897 807 -0.581368
897 997 0.182182
898 899 -0.092987
898 808 0.211661
898 998 -0.539560
899 890 -0.660274
899 809 -0.152319
899 999 -0.195554
900 901 0.284595
900 910 0.776326
900 0 0.622058
901 902 0.707913
901 911 0.443025
901 1 -1.831606
902 903 -0.018582
902 912 0.897191
902 2 1.518636
903 904 1.395479
903 913 -2.216310
903 3 -0.049914
904 905 -0.095411
904 914 1.761823
904 4 -0.319946
905 906 1.020910
905 915 -0.722499
905 5 -1.594087
906 907 0.276060
906 916 -1.037222
906 6 0.769489
907 908 0.372588
907 917 1.288483
907 7 1.675029
908 909 -1.338656
908 918 0.621139
908 8 -0.458115
909 900 1.455351
909 919 -0.904571
909 9 -0.488948
910 911 -0.247201
910 920 -1.074386
910 10 1.265391
911 912 0.819128
911 921 -0.549569
911 11 -1.187222
912 913 0.233349
912 922 0.466288
912 12 -1.389628
913 914 -2.010974
913 923 -1.098063
913 13 -0.649825
914 915 1.179213
914 924 1.128153
914 14 -1.980653
915 916 0.467627
915 925 -0.438422
915 15 0.513294
916 917 0.108098
916 926 0.362223
916 16 0.689373
917 918 0.138231
917 927 -0.408399
917 17 -0.352275
918 919 -0.211845
918 928 -0.795034
918 18 -0.126700
919 910 0.818817
919 929 0.747671
919 19 -1.323645
920 921 -0.314325
920 930 -0.834541
920 20 -0.572533
921 922 -0.471591
921 931 -0.002556
921 21 -0.136583
922 923 -2.466059
922 932 -0.287940
922 22 -1.028896
923 924 -0.282899
923 933 -0.810406
923 23 0.122494
924 925 0.501667
924 934 2.204600
924 24 0.415143
925 926 1.768134
925 935 0.055417
925 25 0.380867
926 927 -0.257445
926 936 0.622623
926 26 -0.249627
927 928 -0.046285
927 937 1.845725
927 27 0.324816
928 929 -0.250174
928 938 0.819412
928 28 -0.264474
929 920 0.311152
929 939 -1.070321
929 29 -1.381296
930 931 -0.697090
930 940 1.499414
930 30 -0.401498
931 932 1.386985
931 941 1.757130
931 31 -0.102129
932 933 -1.769387
932 942 -0.554657
932 32 -1.193211
933 934 1.161753
933 943 -0.558140
933 33 0.455939
934 935 0.003733
934 944 -1.111346
934 34 1.046019
935 936 -1.246271
935 945 -0.659598
935 35 0.458065
936 937 0.679629
936 946 0.809855
936 36 -0.929562
937 938 -0.185906
937 947 -0.469062
937 37 0.263619
938 939 0.542162
938 948 1.110729
938 38 0.370566
939 930 0.820745
939 949 0.746637
939 39 0.377170
940 941 -0.412976
940 950 -1.901583
940 40 1.063306
941 942 1.132889
941 951 -0.027747
941 41 0.859123
942 943 2.135060
942 952 0.194542
942 42 -2.409039
943 944 -1.286346
943 953 -0.422786
943 43 0.154527
944 945 -0.547705
944 954 -0.893674
944 44 0.200987
945 946 0.746115
945 955 0.133886
945 45 -0.806125
946 947 -0.016065
946 956 -0.935684
946 46 0.174030
947 948 -1.580887
947 957 -1.049828
947 47 1.865014
948 949 0.992380
948 958 -0.945677
948 48 -0.475928
949 940 0.536009
949 959 0.048003
949 49 0.607205
950 951 1.776737
950 960 1.048785
950 50 -0.993191
951 952 1.499406
951 961 -0.924969
951 51 -0.905254
952 953 0.102997
952 962 -0.677206
952 52 0.468766
953 954 0.050172
953 963 -0.319052
953 53 -1.021222
954 955 0.978683
954 964 -0.608667
954 54 0.708617
955 956 -0.847640
955 965 2.051175
955 55 0.534966
956 957 0.690262
956 966 -0.756494
956 56 0.971450
957 958 0.553266
957 967 0.324726
957 57 -0.369821
958 959 1.064621
958 968 0.545414
958 58 -2.843949
959 950 0.251567
959 969 0.740616
959 59 -1.091880
960 961 1.175135
960 970 3.812144
960 60 0.057406
961 962 0.374362
961 971 -0.077248
961 61 -1.894429
962 963 0.752970
962 972 1.324473
962 62 0.080444
963 964 -0.002283
963 973 -0.871487
963 63 -0.571899
964 965 -2.296616
964 974 1.229725
964 64 0.468280
965 966 0.118818
965 975 1.327697
965 65 0.817688
966 967 0.132684
966 976 1.198904
966 66 0.083522
967 968 -0.164667
967 977 -1.217554
967 67 -0.356674
968 969 -0.890968
968 978 -0.502006
968 68 0.219366
969 960 -0.825650
969 979 1.376829
969 69 -1.980324
970 971 -1.424944
970 980 0.562447
970 70 -1.256136
971 972 -0.243060
971 981 -0.447279
971 71 0.000282
972 973 0.474617
972 982 -0.170932
972 72 0.065696
973 974 0.359660
973 983 1.381507
973 73 -0.843448
974 975 -0.820137
974 984 3.448996
974 74 -0.833255
975 976 -1.033159
975 985 1.652519
975 75 -0.354774
976 977 -1.729097
976 986 -0.116869
976 76 -0.610520
977 978 -1.727782
977 987 0.338258
977 77 -0.195588
978 979 0.443891
978 988 -0.419309
978 78 0.363590
979 970 1.476955
979 989 -0.034420
979 79 -0.181129
980 981 0.295661
980 990 -0.118290
980 80 -0.586156
981 982 0.326043
981 991 1.601844
981 81 -1.023808
982 983 -2.231048
982 992 0.925320
982 82 -0.807676
983 984 0.355797
983 993 -0.754175
983 83 0.387699
984 985 -0.361711
984 994 -0.741833
984 84 1.064755
985 986 0.417909
985 995 -0.542305
985 85 0.357366
986 987 -2.030249
986 996 -0.219859
986 86 1.038481
987 988 1.172097
987 997 0.726755
987 87 0.119514
988 989 0.681617
988 998 -0.038469
988 88 0.516114
989 980 0.526023
989 999 0.896292
989 89 0.469117
990 991 1.425710
990 900 -0.914310
990 90 1.584800
991 992 -0.977029
991 901 0.951219
991 91 -0.158551
992 993 -0.503010
992 902 0.495488
992 92 0.188842
993 994 0.475694
993 903 -0.339595
993 93 -0.146134
994 995 -0.041911
994 904 1.177139
994 94 -1.264987
995 996 1.063983
995 905 -0.057366
995 95 1.390909
996 997 -0.840487
996 906 -0.757484
996 96 -1.047237
997 998 0.718952
997 907 0.108136
997 97 0.238874
998 999 0.732005
998 908 -0.863174
998 98 0.516512
999 990 0.461516
999 909 -0.136133
999 99 -0.194206
