0 1 1.840684
0 10 0.655054
0 100 -2.754986
1 2 -1.240735
1 11 0.673544
1 101 -0.773317
2 3 -0.884184
2 12 -2.079600
2 102 -0.580199
3 4 0.435594
3 13 1.847614
3 103 0.713458
4 5 0.827694
4 14 0.515103
4 104 -0.194773
5 6 1.072795
5 15 1.033017
5 105 1.138650
6 7 -0.491800
6 16 -2.796143
6 106 -2.178430
7 8 1.245767
7 17 -0.719659
7 107 -1.129552
8 9 0.613915
8 18 0.542743
8 108 -0.106356
9 0 -0.953222
9 19 0.833395
9 109 1.475602
10 11 -0.130891
10 20 0.422197
10 110 -2.227756
11 12 -0.132693
11 21 -1.343349
11 111 -1.843703
12 13 0.107146
12 22 0.202103
12 112 0.075491
13 14 0.707444
13 23 0.367906
13 113 -0.495192
14 15 -1.257834
14 24 -0.771589
14 114 0.049728
15 16 1.049367
15 25 -1.784075
15 115 -0.621891
16 17 0.366753
16 26 -1.422514
16 116 0.782817
17 18 -1.267322
17 27 -0.253863
17 117 0.418514
18 19 0.619373
18 28 -2.061365
18 118 -0.740133
19 10 0.240323
19 29 -0.280115
19 119 2.716362
20 21 -1.014917
20 30 0.231892
20 120 -0.117926
21 22 0.560628
21 31 -1.176959
21 121 -0.447326
22 23 1.008970
22 32 -2.572073
22 122 -0.231746
23 24 1.277741
23 33 -0.093931
23 123 -0.387710
24 25 0.784043
24 34 -0.459471
24 124 -0.697419
25 26 -0.543643
25 35 -0.084628
25 125 2.549252
26 27 1.465328
26 36 -0.194501
26 126 -0.680633
27 28 -0.772764
27 37 0.592820
27 127 0.429850
28 29 -0.783855
28 38 1.234046
28 128 0.011739
29 20 0.426231
29 39 -0.815254
29 129 -1.061308
30 31 -0.930239
30 40 -0.292378
30 130 0.459125
31 32 0.380326
31 41 0.833882
31 131 0.250090
32 33 1.082011
32 42 0.059533
32 132 -0.692568
33 34 0.514218
33 43 -0.509124
33 133 -0.498560
34 35 1.171401
34 44 -1.848930
34 134 -0.727819
35 36 1.005283
35 45 -1.059931
35 135 0.252006
36 37 0.284057
36 46 -1.499893
36 136 -2.497258
37 38 0.795881
37 47 -1.142993
37 137 0.182005
38 39 0.501104
38 48 1.111160
38 138 -1.905184
39 30 -0.828069
39 49 0.391499
39 139 0.015786
40 41 1.393942
40 50 -0.023671
40 140 -1.347755
41 42 -0.064266
41 51 -0.301293
41 141 1.194977
42 43 -1.202101
42 52 0.143269
42 142 0.245813
43 44 0.082487
43 53 1.070888
43 143 -0.872179
44 45 2.878744
44 54 0.217019
44 144 0.594440
45 46 -0.193774
45 55 1.387417
45 145 0.249802
46 47 0.829810
46 56 0.315004
46 146 -1.002609
47 48 -0.011464
47 57 -1.241679
47 147 -1.094940
48 49 -0.673851
48 58 -0.171259
48 148 0.618288
49 40 0.531626
49 59 0.568193
49 149 1.040321
50 51 1.229759
50 60 -1.427861
50 150 -0.661929
51 52 0.870325
51 61 -0.469649
51 151 0.258432
52 53 0.299573
52 62 -0.120369
52 152 2.545277
53 54 -0.652804
53 63 -0.214548
53 153 -0.381512
54 55 1.365757
54 64 1.127920
54 154 -0.302063
55 56 -1.071159
55 65 -0.259003
55 155 0.804599
56 57 -1.652903
56 66 -0.100716
56 156 1.323988
57 58 1.070448
57 67 -1.538133
57 157 -0.003675
58 59 1.425131
58 68 1.154008
58 158 -1.298537
59 50 0.064503
59 69 -0.266217
59 159 0.915036
60 61 -0.158720
60 70 -1.442304
60 160 1.006420
61 62 0.738674
61 71 0.985056
61 161 -1.855017
62 63 1.005436
62 72 -0.626868
62 162 1.476518
63 64 0.361853
63 73 -0.301050
63 163 -1.139430
64 65 0.850911
64 74 -1.132489
64 164 0.014754
65 66 -0.476149
65 75 -1.330071
65 165 -0.062136
66 67 -0.476441
66 76 -0.481129
66 166 -1.667207
67 68 0.077107
67 77 0.456954
67 167 -0.878897
68 69 1.149867
68 78 0.170505
68 168 0.158139
69 60 -1.830129
69 79 0.606440
69 169 -0.710336
70 71 -1.739640
70 80 0.058375
70 170 -0.676759
71 72 -1.079859
71 81 -0.163753
71 171 -1.333780
72 73 2.877816
72 82 0.273283
72 172 -0.862256
73 74 1.415505
73 83 -2.734850
73 173 2.525594
74 75 -0.065610
74 84 -1.150963
74 174 0.485557
75 76 -0.252408
75 85 0.564192
75 175 0.377130
76 77 0.280086
76 86 0.395319
76 176 -0.066020
77 78 -1.076901
77 87 -0.598468
77 177 0.951889
78 79 0.803017
78 88 0.890956
78 178 1.413049
79 70 -1.696034
79 89 2.044454
79 179 0.317708
80 81 -0.569399
80 90 1.012638
80 180 0.119589
81 82 0.728448
81 91 -0.026489
81 181 -0.860928
82 83 -1.099954
82 92 1.284957
82 182 -1.144613
83 84 1.008625
83 93 -1.104148
83 183 0.357074
84 85 -0.247939
84 94 -0.912882
84 184 -0.136774
85 86 1.092181
85 95 -0.845970
85 185 -0.485079
86 87 -0.356170
86 96 1.169785
86 186 -0.408221
87 88 -0.550841
87 97 -0.375667
87 187 0.943401
88 89 0.409132
88 98 -0.679920
88 188 1.251186
89 80 -0.277874
89 99 0.107118
89 189 -0.106195
90 91 -0.838346
90 0 -0.345723
90 190 -0.336510
91 92 -0.587333
91 1 1.089511
91 191 -1.436991
92 93 -0.111216
92 2 -0.318384
92 192 1.917214
93 94 -1.087927
93 3 -1.745152
93 193 0.726475
94 95 1.531972
94 4 -1.270970
94 194 -0.397888
95 96 -1.541656
95 5 2.667722
95 195 0.458126
96 97 1.737605
96 6 -1.227277
96 196 0.229959
97 98 0.489441
97 7 -0.961776
97 197 0.916440
98 99 -2.170853
98 8 0.614123
98 198 -2.131564
99 90 -1.112543
99 9 -1.130807
99 199 0.366610
100 101 0.265580
100 110 1.421385
100 200 1.290160
101 102 -0.627932
101 111 0.818465
101 201 -0.390242
102 103 -0.578395
102 112 0.013289
102 202 -1.499553
103 104 0.639786
103 113 1.400378
103 203 1.738512
104 105 0.306807
104 114 -0.560349
104 204 1.372057
105 106 -0.543750
105 115 -0.085743
105 205 0.879817
106 107 1.827534
106 116 -1.046034
106 206 1.171122
107 108 -1.172707
107 117 -0.543598
107 207 -1.857018
108 109 -0.544487
108 118 0.842406
108 208 1.591204
109 100 -0.345460
109 119 -1.285686
109 209 1.494822
110 111 -0.156054
110 120 0.584195
110 210 0.350850
111 112 1.343877
111 121 -0.719705
111 211 -1.597581
112 113 0.252111
112 122 -0.795947
112 212 0.876749
113 114 0.352516
113 123 -1.341186
113 213 -0.462818
114 115 -0.464925
114 124 1.750004
114 214 -0.487693
115 116 0.898259
115 125 0.761939
115 215 -0.871603
116 117 0.049841
116 126 0.711564
116 216 -1.347502
117 118 1.496293
117 127 -0.019798
117 217 -0.706401
118 119 -1.516646
118 128 1.260965
118 218 0.099465
119 110 0.345844
119 129 0.644740
119 219 -0.401956
120 121 1.882631
120 130 -0.562244
120 220 0.739959
121 122 -0.767210
121 131 0.575030
121 221 -1.436200
122 123 -0.143510
122 132 0.492489
122 222 1.317406
123 124 -0.616087
123 133 -0.462279
123 223 0.725354
124 125 -1.068995
124 134 1.756745
124 224 0.418994
125 126 -1.016591
125 135 0.483988
125 225 -0.883609
126 127 0.623699
126 136 2.163405
126 226 0.699539
127 128 -0.954866
127 137 -0.427681
127 227 -1.189493
128 129 -0.251126
128 138 -1.098998
128 228 -0.680544
129 120 -1.655193
129 139 0.786772
129 229 0.455701
130 131 1.591037
130 140 -0.230085
130 230 1.106345
131 132 0.300961
131 141 -0.357042
131 231 -1.249975
132 133 -0.657581
132 142 1.256905
132 232 0.392184
133 134 -1.215590
133 143 -0.942959
133 233 -0.050231
134 135 0.958759
134 144 0.027269
134 234 -1.064232
135 136 -0.569830
135 145 0.056073
135 235 -0.371605
136 137 -1.306332
136 146 -0.390565
136 236 0.952146
137 138 -0.054894
137 147 -1.491930
137 237 -1.008454
138 139 0.100491
138 148 -2.496818
138 238 -0.205578
139 130 1.020697
139 149 -0.021756
139 239 -1.185952
140 141 1.111875
140 150 -1.291627
140 240 -1.040884
141 142 1.652740
141 151 0.763358
141 241 1.068090
142 143 0.878925
142 152 -0.387917
142 242 0.373247
143 144 0.771427
143 153 -1.006452
143 243 -0.670538
144 145 0.792792
144 154 0.112603
144 244 -2.029636
145 146 -0.077802
145 155 -0.335677
145 245 -0.746028
146 147 0.979640
146 156 -0.481180
146 246 -0.759707
147 148 -0.072455
147 157 -0.197321
147 247 0.666079
148 149 0.503298
148 158 0.109015
148 248 -0.257992
149 140 0.500643
149 159 1.809476
149 249 -0.685635
150 151 0.176410
150 160 -0.526683
150 250 -1.575938
151 152 1.798439
151 161 0.035917
151 251 -0.764822
152 153 0.378594
152 162 0.342315
152 252 -0.992016
153 154 0.383759
153 163 0.568829
153 253 0.833520
154 155 -0.813882
154 164 2.108486
154 254 -2.433093
155 156 2.172531
155 165 -2.047183
155 255 -0.666778
156 157 1.083745
156 166 -0.654741
156 256 1.908040
157 158 0.797951
157 167 0.949266
157 257 1.937303
158 159 1.160744
158 168 -0.022232
158 258 -1.112728
159 150 -0.284358
159 169 -0.946204
159 259 0.370335
160 161 -0.212814
160 170 -0.652099
160 260 -0.305377
161 162 0.611816
161 171 0.672403
161 261 0.122077
162 163 -0.601085
162 172 -0.389129
162 262 0.063199
163 164 0.959303
163 173 1.176406
163 263 1.177107
164 165 -1.472024
164 174 -0.126553
164 264 -0.798593
165 166 0.815411
165 175 0.580475
165 265 -0.260929
166 167 0.242163
166 176 -0.740474
166 266 0.164724
167 168 0.225182
167 177 0.411200
167 267 0.651120
168 169 -1.437849
168 178 -0.133297
168 268 -0.317771
169 160 0.406223
169 179 -0.301022
169 269 0.334337
170 171 -0.524180
170 180 1.166067
170 270 0.364918
171 172 0.661797
171 181 1.048201
171 271 0.938536
172 173 -0.522856
172 182 -1.425244
172 272 -0.632891
173 174 0.477329
173 183 -0.757783
173 273 0.767296
174 175 -1.447586
174 184 -0.478216
174 274 -1.303073
175 176 -0.561432
175 185 1.405147
175 275 -0.750140
176 177 -1.007242
176 186 -1.245092
176 276 -0.702097
177 178 0.021682
177 187 0.504852
177 277 0.683999
178 179 -0.635742
178 188 -0.107335
178 278 -0.558984
179 170 0.926638
179 189 -0.734605
179 279 -0.371561
180 181 -1.340245
180 190 -0.610467
180 280 -1.786632
181 182 -0.031039
181 191 -0.761031
181 281 0.159505
182 183 -1.936951
182 192 0.871223
182 282 1.482785
183 184 0.040201
183 193 0.148237
183 283 0.830053
184 185 -0.577770
184 194 0.579251
184 284 0.167333
185 186 -0.650732
185 195 -0.758694
185 285 -0.433241
186 187 -0.005926
186 196 -0.224384
186 286 -0.611834
187 188 -1.165009
187 197 1.609985
187 287 0.764113
188 189 -1.847530
188 198 -0.181783
188 288 2.331900
189 180 0.622362
189 199 1.257876
189 289 0.724936
190 191 1.358050
190 100 1.212124
190 290 0.813119
191 192 -0.565304
191 101 0.662047
191 291 0.377888
192 193 -1.195133
192 102 0.314600
192 292 -0.004004
193 194 0.197859
193 103 0.440636
193 293 -0.478205
194 195 -2.046975
194 104 -1.116807
194 294 -1.734423
195 196 -1.021880
195 105 0.136531
195 295 -0.865522
196 197 1.829216
196 106 0.387110
196 296 0.023239
197 198 -0.139247
197 107 0.406656
197 297 -1.223276
198 199 0.974385
198 108 0.238505
198 298 -0.930766
199 190 1.820118
199 109 1.773023
199 299 -0.675358
200 201 0.940952
200 210 0.283046
200 300 -0.032336
201 202 -0.995953
201 211 0.610212
201 301 0.534342
202 203 -1.435188
202 212 -0.763495
202 302 -0.990901
203 204 0.404545
203 213 0.081268
203 303 0.149096
204 205 -1.133849
204 214 0.215072
204 304 -1.662805
205 206 0.246995
205 215 -0.558494
205 305 -0.912721
206 207 0.264748
206 216 -0.237681
206 306 0.696628
207 208 0.541855
207 217 0.722371
207 307 -0.466870
208 209 0.204674
208 218 -0.358324
208 308 0.629693
209 200 -2.350460
209 219 1.357327
209 309 1.054379
210 211 2.104972
210 220 1.071211
210 310 -0.045698
211 212 -1.118049
211 221 -0.787002
211 311 0.902552
212 213 -0.962040
212 222 0.023758
212 312 -1.193746
213 214 -0.886378
213 223 -1.395585
213 313 -0.502690
214 215 -0.910190
214 224 1.122431
214 314 0.019800
215 216 1.729466
215 225 0.915513
215 315 -0.423433
216 217 1.814660
216 226 2.702695
216 316 0.604821
217 218 -0.245816
217 227 -0.064672
217 317 0.606571
218 219 0.023284
218 228 0.264685
218 318 0.256732
219 210 -0.697800
219 229 -0.386043
219 319 -0.818723
220 221 -0.152344
220 230 -0.787191
220 320 0.674204
221 222 -0.169874
221 231 -0.669839
221 321 -1.075288
222 223 0.935974
222 232 -0.328571
222 322 -0.221461
223 224 0.778226
223 233 -0.022324
223 323 -0.319275
224 225 -2.210762
224 234 0.338443
224 324 0.306491
225 226 1.071625
225 235 -0.620581
225 325 0.987385
226 227 0.675713
226 236 -0.352900
226 326 -0.207958
227 228 -1.214022
227 237 -0.458079
227 327 0.741589
228 229 1.574912
228 238 0.618648
228 328 0.375891
229 220 1.943909
229 239 0.087485
229 329 -0.605419
230 231 -0.738801
230 240 0.806276
230 330 -0.277190
231 232 0.629088
231 241 0.129026
231 331 1.413446
232 233 -0.844092
232 242 2.032514
232 332 0.559966
233 234 -0.975891
233 243 0.593008
233 333 -0.307829
234 235 -0.022383
234 244 1.488506
234 334 -0.921492
235 236 0.532930
235 245 -0.743547
235 335 -2.582458
236 237 -0.961937
236 246 0.255462
236 336 -1.242546
237 238 0.318542
237 247 -0.079378
237 337 1.052229
238 239 1.807396
238 248 -0.155720
238 338 1.186216
239 230 1.294731
239 249 0.636883
239 339 0.286028
240 241 0.137562
240 250 0.502119
240 340 0.568229
241 242 1.799762
241 251 -0.347512
241 341 1.534684
242 243 -0.696853
242 252 -1.107381
242 342 -0.664399
243 244 -1.065121
243 253 0.916861
243 343 0.291790
244 245 -1.090870
244 254 0.359115
244 344 0.081126
245 246 -0.674047
245 255 -1.574484
245 345 1.697898
246 247 -0.808394
246 256 -0.761600
246 346 -0.716843
247 248 -0.804994
247 257 0.284001
247 347 0.872940
248 249 0.606279
248 258 -0.244059
248 348 -1.688077
249 240 1.039938
249 259 -0.233333
249 349 0.417404
250 251 -0.895621
250 260 -1.100413
250 350 -1.497281
251 252 -0.226819
251 261 1.675926
251 351 1.448281
252 253 0.249223
252 262 -0.987861
252 352 0.673609
253 254 -0.526283
253 263 -2.136659
253 353 -0.763037
254 255 -1.134765
254 264 1.652042
254 354 -2.279405
255 256 0.980028
255 265 0.353275
255 355 -0.918583
256 257 0.116635
256 266 -0.851562
256 356 0.630896
257 258 1.375721
257 267 0.236475
257 357 1.231466
258 259 0.848249
258 268 0.282104
258 358 -1.021191
259 250 0.419485
259 269 0.373247
259 359 0.975733
260 261 0.617838
260 270 -0.258907
260 360 -0.179985
261 262 0.459529
261 271 1.374241
261 361 -0.069501
262 263 0.436108
262 272 0.758114
262 362 -1.424057
263 264 1.373777
263 273 -1.192040
263 363 -0.173371
264 265 0.146554
264 274 -1.079013
264 364 0.236368
265 266 -0.621949
265 275 -0.028917
265 365 1.033417
266 267 -0.757975
266 276 -1.403053
266 366 -0.686667
267 268 -0.837953
267 277 -1.850463
267 367 -0.260309
268 269 -0.367801
268 278 1.456831
268 368 0.892494
269 260 0.367829
269 279 0.847648
269 369 0.576086
270 271 1.100516
270 280 0.544422
270 370 -0.326674
271 272 -1.389979
271 281 0.766312
271 371 -1.262417
272 273 0.009411
272 282 -0.471045
272 372 -2.114768
273 274 -0.860199
273 283 0.934981
273 373 0.685871
274 275 -0.291554
274 284 -0.189001
274 374 -0.819544
275 276 -0.377731
275 285 1.041342
275 375 -0.905722
276 277 -0.776389
276 286 -2.339113
276 376 0.117600
277 278 0.839963
277 287 0.351495
277 377 0.937579
278 279 -1.011837
278 288 -0.276527
278 378 0.684354
279 270 -0.684323
279 289 -0.024313
279 379 -0.865476
280 281 -2.671332
280 290 0.052960
280 380 0.368990
281 282 -0.531143
281 291 -1.086370
281 381 -0.234792
282 283 0.432422
282 292 0.702918
282 382 -1.716390
283 284 -1.567796
283 293 -0.069867
283 383 0.000560
284 285 0.541353
284 294 0.196681
284 384 -0.455780
285 286 0.956133
285 295 -0.430572
285 385 0.764723
286 287 0.280296
286 296 0.855625
286 386 0.513839
287 288 -0.800653
287 297 -1.756345
287 387 -0.145808
288 289 -0.225612
288 298 -1.824301
288 388 0.320290
289 280 -0.077422
289 299 -0.595859
289 389 -1.386779
290 291 0.824173
290 200 -1.049921
290 390 0.710330
291 292 0.826781
291 201 0.648917
291 391 0.169387
292 293 -0.003395
292 202 -0.167947
292 392 -1.228417
293 294 0.351675
293 203 0.100660
293 393 1.007714
294 295 -0.069117
294 204 -0.279272
294 394 1.629708
295 296 -1.873105
295 205 -1.869238
295 395 -0.279279
296 297 0.260009
296 206 -0.363711
296 396 -0.123355
297 298 0.243227
297 207 -1.358033
297 397 0.523827
298 299 1.248038
298 208 0.273573
298 398 -1.723476
299 290 -0.993129
299 209 -0.550330
299 399 -0.381083
300 301 -0.868526
300 310 0.367112
300 400 -1.652235
301 302 -0.950219
301 311 0.046395
301 401 -0.780425
302 303 1.435092
302 312 -1.200638
302 402 -0.968914
303 304 0.186725
303 313 1.041432
303 403 0.633908
304 305 -0.510713
304 314 0.866830
304 404 0.232441
305 306 -1.149976
305 315 -0.904027
305 405 -0.008743
306 307 -0.324075
306 316 -0.176626
306 406 0.544101
307 308 1.032233
307 317 0.470145
307 407 2.077754
308 309 0.188691
308 318 0.676094
308 408 0.001395
309 300 0.723256
309 319 2.430997
309 409 -0.164635
310 311 0.145896
310 320 1.937555
310 410 0.499279
311 312 0.360049
311 321 0.594349
311 411 1.903683
312 313 0.267535
312 322 1.409484
312 412 0.428410
313 314 0.060973
313 323 -0.626286
313 413 -0.337700
314 315 -0.846546
314 324 0.587485
314 414 -1.095804
315 316 -0.259460
315 325 -1.178118
315 415 0.325964
316 317 -1.685281
316 326 2.349413
316 416 -3.417999
317 318 0.335056
317 327 -0.240920
317 417 1.470743
318 319 -0.159088
318 328 0.448827
318 418 0.390952
319 310 -0.488290
319 329 1.073454
319 419 0.207476
320 321 0.282836
320 330 0.167127
320 420 -1.522368
321 322 -0.439032
321 331 0.240645
321 421 0.119426
322 323 -0.402703
322 332 -0.958217
322 422 0.767111
323 324 0.417958
323 333 -0.272699
323 423 1.128941
324 325 -0.324992
324 334 1.004538
324 424 -0.351694
325 326 1.502799
325 335 1.549707
325 425 -0.290686
326 327 0.445676
326 336 1.607811
326 426 0.476934
327 328 1.018036
327 337 -0.493345
327 427 0.008684
328 329 0.457697
328 338 0.057482
328 428 0.228403
329 320 0.307696
329 339 -1.374041
329 429 0.933410
330 331 -1.510113
330 340 1.278073
330 430 -0.775097
331 332 1.653543
331 341 0.700742
331 431 -0.025715
332 333 0.131196
332 342 2.107672
332 432 1.784633
333 334 0.644696
333 343 0.783436
333 433 0.157896
334 335 -0.703757
334 344 -1.684485
334 434 -1.464905
335 336 0.077880
335 345 -0.763307
335 435 1.103537
336 337 0.540160
336 346 -0.375587
336 436 0.144281
337 338 0.960505
337 347 -0.474296
337 437 0.976718
338 339 -0.903076
338 348 0.673136
338 438 0.318400
339 330 1.230351
339 349 0.705078
339 439 -0.886103
340 341 0.286185
340 350 0.276081
340 440 1.696012
341 342 -0.987374
341 351 0.935639
341 441 -1.178519
342 343 0.959765
342 352 0.401928
342 442 -1.758843
343 344 -0.075176
343 353 0.407016
343 443 -0.051649
344 345 -0.158158
344 354 -1.090771
344 444 -1.475833
345 346 1.812624
345 355 -0.541549
345 445 0.279903
346 347 -2.174706
346 356 -0.286368
346 446 1.096355
347 348 0.283962
347 357 -0.177737
347 447 -0.922172
348 349 0.514551
348 358 2.224343
348 448 -0.005612
349 340 -0.684753
349 359 -1.292643
349 449 0.691355
350 351 0.382399
350 360 -0.653553
350 450 -0.671968
351 352 -0.710994
351 361 0.073179
351 451 0.107589
352 353 0.670200
352 362 -0.001808
352 452 1.491801
353 354 -0.876307
353 363 1.279601
353 453 -1.007089
354 355 0.107041
354 364 0.574869
354 454 2.184740
355 356 1.464634
355 365 -0.912315
355 455 1.676533
356 357 -0.386805
356 366 0.986342
356 456 0.781545
357 358 0.861146
357 367 -0.633591
357 457 -0.168261
358 359 1.934989
358 368 0.736546
358 458 1.180122
359 350 0.086915
359 369 -0.530669
359 459 0.534540
360 361 1.751787
360 370 -0.564628
360 460 -0.681909
361 362 -1.768980
361 371 -1.494548
361 461 0.554415
362 363 0.089290
362 372 -0.153254
362 462 -0.976476
363 364 -0.104000
363 373 -0.161403
363 463 -0.659360
364 365 -0.229223
364 374 1.030778
364 464 0.493956
365 366 -0.984217
365 375 0.208444
365 465 2.148746
366 367 0.257313
366 376 0.574815
366 466 -0.054058
367 368 0.352523
367 377 0.563996
367 467 0.285513
368 369 0.168770
368 378 -1.154455
368 468 -2.051240
369 360 0.464077
369 379 -0.143459
369 469 0.188177
370 371 1.998165
370 380 0.675364
370 470 1.016752
371 372 0.473942
371 381 -0.675030
371 471 1.533875
372 373 2.213243
372 382 -1.162654
372 472 -0.234646
373 374 -0.510892
373 383 -0.382098
373 473 -0.033503
374 375 -0.797874
374 384 -0.439974
374 474 1.190042
375 376 -2.461000
375 385 0.845595
375 475 0.797314
376 377 1.821673
376 386 -0.671922
376 476 -0.108052
377 378 -0.295760
377 387 0.027123
377 477 -0.209546
378 379 0.579247
378 388 -0.596279
378 478 0.103592
379 370 0.121255
379 389 0.269446
379 479 -0.850815
380 381 -0.898647
380 390 -0.189292
380 480 -2.443553
381 382 -0.349746
381 391 1.011031
381 481 0.856500
382 383 1.867892
382 392 -1.081677
382 482 -0.207924
383 384 0.815547
383 393 -1.647970
383 483 0.485007
384 385 -0.457398
384 394 0.451911
384 484 1.002700
385 386 0.668186
385 395 1.579259
385 485 0.290950
386 387 -0.845144
386 396 1.883649
386 486 1.008279
387 388 -0.753630
387 397 1.158005
387 487 0.823429
388 389 0.915823
388 398 1.082552
388 488 -1.683521
389 380 0.656619
389 399 -1.521925
389 489 0.144934
390 391 -0.072925
390 300 0.111539
390 490 -0.592792
391 392 -1.263280
391 301 -1.555915
391 491 -0.562629
392 393 0.190313
392 302 0.979070
392 492 1.223995
393 394 -1.669547
393 303 -1.127836
393 493 -0.111250
394 395 -0.998613
394 304 -0.594707
394 494 -0.700392
395 396 1.248039
395 305 1.120080
395 495 -2.378491
396 397 -1.459209
396 306 -0.625241
396 496 -1.138026
397 398 -0.477028
397 307 0.707697
397 497 -0.555031
398 399 -1.196316
398 308 0.060903
398 498 -0.703385
399 390 1.063775
399 309 2.496586
399 499 1.798549
400 401 -0.776376
400 410 -0.811917
400 500 0.226431
401 402 1.139967
401 411 1.698823
401 501 -0.930147
402 403 0.494072
402 412 -1.821024
402 502 0.631916
403 404 -1.168032
403 413 0.469093
403 503 -0.779643
404 405 -0.078625
404 414 -0.241581
404 504 -1.366517
405 406 -0.086587
405 415 -1.221185
405 505 0.710425
406 407 -0.619711
406 416 0.814048
406 506 -1.594854
407 408 -0.025776
407 417 -0.181458
407 507 0.645846
408 409 -0.700654
408 418 -1.122315
408 508 -0.559625
409 400 -1.553286
409 419 0.109023
409 509 0.399902
410 411 -0.955045
410 420 -0.275344
410 510 -0.217013
411 412 0.694855
411 421 -0.717228
411 511 -0.553084
412 413 -0.584570
412 422 -0.250659
412 512 1.655353
413 414 0.212887
413 423 -0.731582
413 513 0.431095
414 415 1.077796
414 424 -0.254050
414 514 -0.401293
415 416 -0.824554
415 425 0.271194
415 515 1.041801
416 417 -1.485183
416 426 0.116700
416 516 -0.413795
417 418 0.066964
417 427 -0.403262
417 517 0.152364
418 419 -1.648794
418 428 1.585353
418 518 -1.068947
419 410 0.164919
419 429 0.353483
419 519 0.181106
420 421 -0.842641
420 430 -0.590587
420 520 0.933570
421 422 1.160354
421 431 0.001256
421 521 0.079064
422 423 0.578795
422 432 -1.548609
422 522 0.639952
423 424 1.112860
423 433 0.406648
423 523 -0.531765
424 425 1.361057
424 434 0.192991
424 524 0.649625
425 426 -0.309496
425 435 0.071435
425 525 0.180968
426 427 -0.930880
426 436 -0.736690
426 526 -0.276093
427 428 -0.769208
427 437 -0.572581
427 527 -2.301770
428 429 0.204302
428 438 -0.448008
428 528 -0.900525
429 420 0.426126
429 439 0.527031
429 529 0.364936
430 431 -0.267127
430 440 1.250702
430 530 -1.327014
431 432 -0.896825
431 441 0.032921
431 531 0.115405
432 433 0.265080
432 442 0.144856
432 532 0.483714
433 434 -0.587057
433 443 -0.321883
433 533 -0.237413
434 435 0.101731
434 444 1.312655
434 534 -0.894163
435 436 0.366081
435 445 0.835668
435 535 0.104033
436 437 -0.006562
436 446 1.504329
436 536 -0.296524
437 438 -1.620851
437 447 0.074276
437 537 1.307189
438 439 0.343504
438 448 -0.664578
438 538 -0.387157
439 430 -0.250250
439 449 0.551681
439 539 0.555532
440 441 2.695093
440 450 -0.419255
440 540 -0.031399
441 442 -0.576948
441 451 0.573003
441 541 0.579739
442 443 1.660800
442 452 -0.796471
442 542 -0.908019
443 444 1.154255
443 453 -1.118823
443 543 -1.760581
444 445 1.043460
444 454 -0.121567
444 544 0.197353
445 446 -1.998371
445 455 0.433383
445 545 0.343086
446 447 -0.227400
446 456 -0.279875
446 546 0.637448
447 448 1.240809
447 457 -0.655950
447 547 -0.303741
448 449 -0.192340
448 458 0.408372
448 548 -0.072891
449 440 0.043266
449 459 0.194574
449 549 1.233220
450 451 0.616986
450 460 1.778307
450 550 -0.107223
451 452 0.882377
451 461 -0.708297
451 551 0.283683
452 453 -0.267826
452 462 -1.519761
452 552 0.166050
453 454 1.590632
453 463 0.817144
453 553 -1.334077
454 455 -0.214187
454 464 1.508032
454 554 -0.614520
455 456 -0.935872
455 465 -1.412474
455 555 0.717557
456 457 1.029557
456 466 -0.789213
456 556 0.915479
457 458 0.627351
457 467 -1.512632
457 557 0.446265
458 459 -0.196256
458 468 -0.272201
458 558 -0.721485
459 450 -1.657434
459 469 2.559882
459 559 -0.611944
460 461 -0.718091
460 470 -0.014286
460 560 -1.311879
461 462 1.932889
461 471 -1.184500
461 561 0.841834
462 463 -0.211236
462 472 0.699072
462 562 2.295992
463 464 0.005298
463 473 0.555933
463 563 0.601220
464 465 -1.047186
464 474 1.627234
464 564 -0.488064
465 466 1.188458
465 475 -0.217889
465 565 -0.344138
466 467 -0.587145
466 476 -0.631973
466 566 1.164919
467 468 0.182537
467 477 -0.912456
467 567 -1.065860
468 469 -0.229575
468 478 0.912406
468 568 0.193328
469 460 -0.784517
469 479 0.811513
469 569 0.600820
470 471 -0.655048
470 480 1.030914
470 570 1.437153
471 472 -1.807169
471 481 0.952463
471 571 0.887800
472 473 1.348011
472 482 -0.740604
472 572 0.331550
473 474 0.907321
473 483 1.157675
473 573 -1.712483
474 475 -0.658117
474 484 -0.158473
474 574 0.023185
475 476 0.945249
475 485 -1.457054
475 575 -0.674312
476 477 0.141608
476 486 -0.225878
476 576 -0.330049
477 478 -0.487405
477 487 -1.826325
477 577 0.292433
478 479 -1.376378
478 488 -0.346339
478 578 -0.486810
479 470 0.018880
479 489 0.277264
479 579 0.041648
480 481 -0.640961
480 490 0.784592
480 580 0.229851
481 482 -0.064279
481 491 -0.533089
481 581 0.575066
482 483 -0.715188
482 492 0.696072
482 582 -0.126468
483 484 -0.961894
483 493 -1.493259
483 583 0.050484
484 485 0.184008
484 494 -1.449396
484 584 -1.015419
485 486 -1.222788
485 495 0.958876
485 585 -0.061421
486 487 -0.017835
486 496 0.664181
486 586 1.231248
487 488 -0.488729
487 497 -0.365802
487 587 -0.312065
488 489 0.287441
488 498 -0.162928
488 588 2.302917
489 480 0.329488
489 499 1.394713
489 589 -0.578563
490 491 0.055456
490 400 -0.559106
490 590 0.937839
491 492 -0.484892
491 401 -0.316742
491 591 0.578933
492 493 0.275109
492 402 -0.795061
492 592 -0.637790
493 494 -1.194643
493 403 1.388936
493 593 0.006326
494 495 -0.074598
494 404 0.747238
494 594 0.134387
495 496 0.560208
495 405 -0.839727
495 595 -0.929015
496 497 0.683771
496 406 -0.954672
496 596 -1.021448
497 498 0.064893
497 407 0.813873
497 597 1.737430
498 499 -0.556649
498 408 0.441299
498 598 1.081072
499 490 -0.113076
499 409 0.065556
499 599 -0.253194
500 501 0.597550
500 510 -0.792823
500 600 0.208510
501 502 -0.043952
501 511 0.724045
501 601 0.020956
502 503 -0.239246
502 512 1.089276
502 602 -0.216994
503 504 -0.604848
503 513 -1.080354
503 603 -0.371600
504 505 0.654743
504 514 -0.342705
504 604 0.435869
505 506 -0.124971
505 515 1.270626
505 605 1.922561
506 507 1.163067
506 516 -0.512775
506 606 -0.228734
507 508 -0.247790
507 517 0.064698
507 607 -0.387599
508 509 1.065078
508 518 0.749616
508 608 0.262347
509 500 1.375342
509 519 0.601786
509 609 -0.930165
510 511 0.631420
510 520 -2.555037
510 610 2.262221
511 512 -0.045836
511 521 0.958217
511 611 0.934294
512 513 -0.582216
512 522 0.820248
512 612 0.271802
513 514 0.753575
513 523 0.468138
513 613 -0.873547
514 515 -0.593379
514 524 -0.367156
514 614 -0.593078
515 516 -0.569489
515 525 -0.045150
515 615 -0.814962
516 517 0.671705
516 526 -0.008869
516 616 -0.384541
517 518 -0.105763
517 527 0.587490
517 617 -0.477448
518 519 1.377879
518 528 -0.025819
518 618 -0.163833
519 510 -0.442763
519 529 0.192666
519 619 0.822440
520 521 -0.071620
520 530 0.358255
520 620 -0.579880
521 522 -1.571591
521 531 -0.556713
521 621 -1.341377
522 523 -1.446246
522 532 -0.920415
522 622 -0.427975
523 524 0.053108
523 533 -0.987929
523 623 -0.273910
524 525 -0.942034
524 534 -0.262033
524 624 -0.037022
525 526 -1.095854
525 535 -0.375207
525 625 -0.935778
526 527 0.367109
526 536 1.432266
526 626 0.455981
527 528 -0.035781
527 537 -0.238583
527 627 -1.064408
528 529 -1.237424
528 538 0.087400
528 628 -0.004776
529 520 1.009388
529 539 -0.284066
529 629 -0.147020
530 531 -0.742135
530 540 0.731618
530 630 -0.615210
531 532 -1.912094
531 541 0.836575
531 631 0.145642
532 533 0.031050
532 542 -1.316931
532 632 -0.535886
533 534 0.230699
533 543 -1.093500
533 633 0.094052
534 535 -1.339775
534 544 -0.830649
534 634 1.054710
535 536 1.177886
535 545 1.610410
535 635 0.931314
536 537 2.091675
536 546 1.891348
536 636 1.415685
537 538 0.024467
537 547 -0.023832
537 637 -0.881173
538 539 -0.380897
538 548 -1.073728
538 638 0.512448
539 530 0.601761
539 549 0.933766
539 639 0.317677
540 541 1.811297
540 550 -0.440372
540 640 -0.143556
541 542 -1.434968
541 551 0.130387
541 641 0.397480
542 543 0.840854
542 552 0.650318
542 642 -2.248007
543 544 0.285050
543 553 -0.160364
543 643 -1.373032
544 545 -0.502018
544 554 -0.963623
544 644 0.676572
545 546 -1.022624
545 555 -0.509265
545 645 -0.358260
546 547 0.466585
546 556 0.545957
546 646 0.378488
547 548 0.244804
547 557 -0.672276
547 647 -0.111488
548 549 -1.156148
548 558 -0.222802
548 648 -0.954090
549 540 -0.963879
549 559 0.886124
549 649 -0.775826
550 551 -0.252882
550 560 -0.007740
550 650 0.395668
551 552 0.465111
551 561 -1.121384
551 651 -0.526022
552 553 0.772426
552 562 -0.012620
552 652 0.431080
553 554 0.096148
553 563 -0.240922
553 653 -0.415260
554 555 -0.107738
554 564 -0.866788
554 654 0.587536
555 556 1.457281
555 565 -0.922173
555 655 -0.693604
556 557 0.754987
556 566 -1.102309
556 656 0.208957
557 558 0.662662
557 567 -0.557947
557 657 -1.126782
558 559 1.385904
558 568 -0.463994
558 658 -0.136378
559 550 0.276887
559 569 1.407129
559 659 1.132843
560 561 0.409176
560 570 -2.162924
560 660 1.174428
561 562 -0.013175
561 571 0.693394
561 661 0.119256
562 563 0.539105
562 572 0.849149
562 662 -0.034340
563 564 0.015371
563 573 -0.518012
563 663 0.621436
564 565 -1.726483
564 574 0.799855
564 664 -0.946437
565 566 0.424470
565 575 1.972497
565 665 -0.790273
566 567 0.130906
566 576 0.536023
566 666 0.800203
567 568 1.094775
567 577 1.724052
567 667 -1.119181
568 569 -1.642632
568 578 -0.502314
568 668 0.166298
569 560 1.642830
569 579 0.523213
569 669 0.080520
570 571 -0.263589
570 580 0.947607
570 670 -1.654851
571 572 -0.202465
571 581 0.488951
571 671 0.097437
572 573 0.042289
572 582 1.291936
572 672 -0.312262
573 574 -1.419967
573 583 -1.158293
573 673 0.206422
574 575 -0.695517
574 584 0.488692
574 674 -0.633104
575 576 -2.455721
575 585 -0.662121
575 675 -1.335879
576 577 0.131466
576 586 0.966502
576 676 -0.311507
577 578 -0.375842
577 587 1.018439
577 677 -0.238872
578 579 0.683751
578 588 0.693359
578 678 -1.086019
579 570 0.660123
579 589 2.418429
579 679 0.209485
580 581 -1.150779
580 590 -0.145507
580 680 -0.080618
581 582 -2.466793
581 591 2.284748
581 681 -0.233288
582 583 0.568786
582 592 1.827378
582 682 -0.822043
583 584 -0.568199
583 593 1.296561
583 683 1.732694
584 585 0.343405
584 594 0.797816
584 684 -0.833843
585 586 0.128387
585 595 -1.029705
585 685 0.037417
586 587 1.055042
586 596 0.718243
586 686 0.246394
587 588 0.237218
587 597 -1.112055
587 687 0.901704
588 589 -0.059949
588 598 -0.422672
588 688 -1.949786
589 580 -0.454904
589 599 0.697390
589 689 1.333162
590 591 1.085189
590 500 -0.370135
590 690 1.531190
591 592 0.089254
591 501 0.389407
591 691 -0.359797
592 593 0.773248
592 502 -0.449523
592 692 0.293441
593 594 1.763394
593 503 -1.468046
593 693 0.949664
594 595 1.271303
594 504 -0.753142
594 694 0.494872
595 596 0.120445
595 505 1.610138
595 695 -0.555051
596 597 -2.037180
596 506 -1.297084
596 696 -0.926090
597 598 -0.100545
597 507 2.584918
597 697 -0.595600
598 599 2.603078
598 508 -1.342404
598 698 1.922757
599 590 -1.864847
599 509 0.902156
599 699 -0.254723
600 601 -0.114866
600 610 0.049751
600 700 1.404327
601 602 0.842876
601 611 -0.791445
601 701 -0.298740
602 603 -1.963528
602 612 0.333976
602 702 1.162128
603 604 -0.568004
603 613 -1.553551
603 703 -0.571549
604 605 1.845439
604 614 0.038690
604 704 -0.484474
605 606 -0.234784
605 615 0.006360
605 705 -0.194805
606 607 0.811463
606 616 -0.296209
606 706 0.542462
607 608 -0.329188
607 617 -0.508613
607 707 -0.227040
608 609 -0.245488
608 618 0.403589
608 708 -2.371297
609 600 -0.707697
609 619 0.218186
609 709 0.675831
610 611 0.395126
610 620 0.068286
610 710 0.695293
611 612 -1.951588
611 621 1.707011
611 711 -0.603112
612 613 0.019102
612 622 0.437542
612 712 0.192107
613 614 0.000424
613 623 1.335404
613 713 -0.395053
614 615 1.188061
614 624 0.294695
614 714 -1.058325
615 616 -0.868818
615 625 0.272251
615 715 -0.575574
616 617 -2.115460
616 626 -0.947104
616 716 -1.944512
617 618 -1.874809
617 627 0.491798
617 717 0.342664
618 619 0.026241
618 628 0.955813
618 718 1.005098
619 610 0.359205
619 629 0.809278
619 719 -0.572320
620 621 0.121290
620 630 -1.915602
620 720 -0.262047
621 622 0.844583
621 631 0.210224
621 721 -0.213201
622 623 0.829554
622 632 -1.049509
622 722 0.774395
623 624 1.896149
623 633 -1.242767
623 723 -0.783027
624 625 -0.502556
624 634 -0.434899
624 724 1.166031
625 626 -1.072694
625 635 1.463307
625 725 -0.582584
626 627 -1.199668
626 636 -0.956528
626 726 -0.033518
627 628 -0.245288
627 637 1.386680
627 727 -0.311176
628 629 -1.480626
628 638 -0.896973
628 728 0.695632
629 620 2.318317
629 639 1.069443
629 729 -1.103561
630 631 0.909460
630 640 -0.704884
630 730 -0.799297
631 632 0.514050
631 641 1.904066
631 731 -1.808541
632 633 0.200273
632 642 -0.487021
632 732 -0.370344
633 634 0.154635
633 643 0.390319
633 733 -0.062072
634 635 -1.745557
634 644 0.219564
634 734 0.527948
635 636 0.557458
635 645 0.165811
635 735 0.629371
636 637 0.888200
636 646 1.325928
636 736 1.722590
637 638 -1.177665
637 647 -0.100882
637 737 0.880769
638 639 0.984899
638 648 1.345579
638 738 0.777125
639 630 0.550815
639 649 1.124967
639 739 -1.306945
640 641 1.630081
640 650 1.167447
640 740 -0.392331
641 642 0.723616
641 651 -0.894980
641 741 -0.458261
642 643 1.262743
642 652 0.922246
642 742 0.598596
643 644 1.093606
643 653 -0.532382
643 743 1.718805
644 645 -1.370443
644 654 1.229101
644 744 0.546345
645 646 -1.264127
645 655 0.914391
645 745 -0.120199
646 647 -1.686776
646 656 -1.555496
646 746 0.280749
647 648 -0.101213
647 657 -0.282273
647 747 -0.365541
648 649 1.272137
648 658 1.734373
648 748 0.062979
649 640 0.246660
649 659 0.403072
649 749 1.262957
650 651 1.394512
650 660 -0.444887
650 750 -0.438202
651 652 1.704463
651 661 0.357617
651 751 -0.112025
652 653 -2.325171
652 662 -0.642724
652 752 0.323662
653 654 -0.838537
653 663 -0.202827
653 753 0.366595
654 655 -0.555625
654 664 -1.026413
654 754 -0.672035
655 656 1.256563
655 665 -0.112355
655 755 0.608797
656 657 0.801652
656 666 -0.722490
656 756 0.678545
657 658 0.590915
657 667 0.501958
657 757 -1.109805
658 659 0.636985
658 668 0.749900
658 758 -1.287898
659 650 0.601172
659 669 3.044906
659 759 0.035770
660 661 0.104838
660 670 -0.867132
660 760 0.825352
661 662 -0.345235
661 671 0.803274
661 761 0.854317
662 663 -0.597261
662 672 -0.811450
662 762 0.038165
663 664 -0.312799
663 673 -0.266250
663 763 0.382985
664 665 -1.118422
664 674 1.397771
664 764 1.385960
665 666 1.073339
665 675 -0.814440
665 765 0.395564
666 667 -0.774668
666 676 -0.337597
666 766 1.539785
667 668 -0.093130
667 677 -0.247323
667 767 0.225284
668 669 -0.472731
668 678 0.767909
668 768 1.206255
669 660 2.628320
669 679 0.116386
669 769 0.367606
670 671 -1.760570
670 680 0.560217
670 770 1.844585
671 672 -0.192467
671 681 0.517866
671 771 0.068289
672 673 -0.171455
672 682 0.089470
672 772 -0.333116
673 674 1.913053
673 683 0.807842
673 773 -1.164109
674 675 1.152468
674 684 -0.168045
674 774 0.265706
675 676 0.745393
675 685 1.374418
675 775 -1.160527
676 677 -0.456818
676 686 0.796744
676 776 1.484452
677 678 -1.924044
677 687 -1.261913
677 777 0.927176
678 679 1.606045
678 688 0.075913
678 778 0.088145
679 670 0.151993
679 689 2.042154
679 779 0.638145
680 681 -0.186327
680 690 0.083862
680 780 -1.172660
681 682 1.604802
681 691 -0.271566
681 781 -0.109372
682 683 0.384704
682 692 0.490859
682 782 0.743558
683 684 -0.720658
683 693 -0.998840
683 783 -0.772862
684 685 -0.030388
684 694 0.883612
684 784 -1.275191
685 686 0.566681
685 695 -0.844107
685 785 0.774669
686 687 -0.499165
686 696 -0.561099
686 786 -0.388045
687 688 1.450360
687 697 -0.679746
687 787 0.297989
688 689 -0.767932
688 698 -1.866550
688 788 0.441392
689 680 0.263461
689 699 0.946744
689 789 0.736435
690 691 -1.387528
690 600 -0.284887
690 790 -0.073263
691 692 -0.015296
691 601 1.675663
691 791 -0.886464
692 693 -0.429901
692 602 -0.101746
692 792 -2.227412
693 694 2.574054
693 603 -1.833243
693 793 1.519522
694 695 -0.584032
694 604 -0.188856
694 794 0.571691
695 696 0.127614
695 605 0.208867
695 795 -0.315402
696 697 0.693874
696 606 0.684604
696 796 -1.098719
697 698 0.977146
697 607 -0.651210
697 797 1.706264
698 699 -0.628836
698 608 1.212364
698 798 0.325504
699 690 -1.391745
699 609 0.219757
699 799 0.160350
700 701 0.184616
700 710 -0.819236
700 800 1.480521
701 702 0.070293
701 711 1.903735
701 801 -0.675690
702 703 0.617974
702 712 0.156409
702 802 0.211192
703 704 -0.700962
703 713 -0.491148
703 803 0.458642
704 705 -0.053846
704 714 -1.834943
704 804 -1.200599
705 706 0.183422
705 715 -1.032072
705 805 2.260179
706 707 0.836387
706 716 0.627181
706 806 -0.457407
707 708 -1.266677
707 717 -1.511820
707 807 1.622707
708 709 0.065836
708 718 -1.170841
708 808 -0.493672
709 700 0.030288
709 719 -0.230941
709 809 0.630626
710 711 -1.352641
710 720 -2.408820
710 810 1.233579
711 712 -0.302708
711 721 0.026461
711 811 -1.009710
712 713 0.267173
712 722 2.025085
712 812 -1.402343
713 714 1.090242
713 723 1.369951
713 813 0.090572
714 715 -0.036413
714 724 -0.469950
714 814 -0.410888
715 716 0.387091
715 725 0.697892
715 815 -0.458908
716 717 1.738498
716 726 -0.979063
716 816 0.222672
717 718 1.272123
717 727 -0.502620
717 817 0.119400
718 719 0.993416
718 728 0.233488
718 818 1.529131
719 710 -0.119285
719 729 0.218179
719 819 -2.021197
720 721 -0.530600
720 730 -2.734486
720 820 0.271937
721 722 0.849468
721 731 -0.114989
721 821 -0.188222
722 723 -0.376217
722 732 -0.839504
722 822 -0.087665
723 724 1.195934
723 733 -1.121643
723 823 0.421145
724 725 0.878246
724 734 0.758154
724 824 0.541506
725 726 -0.246175
725 735 -1.864824
725 825 1.022384
726 727 -0.927412
726 736 1.425562
726 826 -0.479607
727 728 1.130990
727 737 -0.274067
727 827 -0.129544
728 729 -0.978982
728 738 0.693963
728 828 0.405875
729 720 0.295953
729 739 1.727387
729 829 1.394590
730 731 0.857909
730 740 1.256970
730 830 -0.424706
731 732 -1.084119
731 741 -0.580206
731 831 -1.333784
732 733 -0.190595
732 742 0.211050
732 832 -0.220592
733 734 0.192078
733 743 -0.118223
733 833 0.503067
734 735 -1.735993
734 744 -1.845519
734 834 -0.205730
735 736 -0.577005
735 745 -0.668736
735 835 -0.403122
736 737 0.298387
736 746 0.435414
736 836 0.330929
737 738 1.107376
737 747 1.730268
737 837 0.589399
738 739 0.434825
738 748 1.156708
738 838 1.718850
739 730 -0.362525
739 749 -0.724083
739 839 -0.445375
740 741 0.147963
740 750 -0.663298
740 840 -1.682747
741 742 -0.354567
741 751 -0.183668
741 841 0.885451
742 743 -1.557669
742 752 -1.152316
742 842 0.551408
743 744 -0.606001
743 753 -0.537466
743 843 1.168113
744 745 -0.797174
744 754 -0.154563
744 844 -0.799469
745 746 -0.354606
745 755 2.064627
745 845 -0.148214
746 747 -0.075675
746 756 0.238051
746 846 -0.882584
747 748 0.192153
747 757 0.399087
747 847 0.691228
748 749 -1.108891
748 758 -0.245479
748 848 1.583973
749 740 -2.124624
749 759 -0.705072
749 849 -0.062635
750 751 0.652871
750 760 0.744897
750 850 -0.329315
751 752 0.857806
751 761 -1.229496
751 851 -1.456840
752 753 0.178646
752 762 -0.455278
752 852 -0.602099
753 754 0.693519
753 763 -0.640141
753 853 0.700488
754 755 -1.481830
754 764 0.444303
754 854 1.834917
755 756 -0.554762
755 765 0.508307
755 855 -0.178094
756 757 0.824948
756 766 -1.384489
756 856 -0.459793
757 758 0.276409
757 767 -0.040411
757 857 -0.292243
758 759 0.308878
758 768 0.753493
758 858 0.471445
759 750 1.544078
759 769 0.785808
759 859 0.304661
760 761 0.831629
760 770 1.855274
760 860 -0.353294
761 762 0.676284
761 771 1.730816
761 861 -0.186975
762 763 -0.315104
762 772 0.044418
762 862 -0.724687
763 764 1.133953
763 773 0.289245
763 863 -0.381092
764 765 -0.479367
764 774 -1.552873
764 864 0.070532
765 766 0.922800
765 775 1.651620
765 865 -0.140541
766 767 0.476162
766 776 -0.450517
766 866 -0.763776
767 768 -1.261162
767 777 -0.316382
767 867 1.028073
768 769 0.290676
768 778 -1.026172
768 868 1.848068
769 760 1.092230
769 779 -0.627393
769 869 -0.936341
770 771 -1.599148
770 780 0.859841
770 870 0.987563
771 772 -1.071210
771 781 -0.411161
771 871 1.062494
772 773 0.411126
772 782 -0.249635
772 872 -0.672091
773 774 0.449183
773 783 -1.384303
773 873 -0.373899
774 775 -0.227707
774 784 -0.212739
774 874 -0.660336
775 776 -2.167031
775 785 1.728444
775 875 -1.262969
776 777 -0.248873
776 786 -0.048413
776 876 0.127720
777 778 1.438888
777 787 -2.188170
777 877 -0.924375
778 779 -0.920817
778 788 -2.302193
778 878 -0.034541
779 770 -0.322950
779 789 0.083973
779 879 -0.964958
780 781 -0.179590
780 790 0.878523
780 880 1.834694
781 782 0.388749
781 791 -0.004248
781 881 -1.347656
782 783 -0.408867
782 792 -0.472744
782 882 -3.025328
783 784 2.289421
783 793 1.851851
783 883 -1.058165
784 785 1.218064
784 794 -0.549922
784 884 -1.813659
785 786 -0.106746
785 795 -0.953727
785 885 -1.321265
786 787 -3.018176
786 796 1.469315
786 886 0.212142
787 788 0.251946
787 797 -0.168161
787 887 -2.129703
788 789 -0.327712
788 798 0.562256
788 888 0.410255
789 780 -1.509038
789 799 1.099297
789 889 0.559172
790 791 -0.869376
790 700 0.386205
790 890 -0.695614
791 792 0.942040
791 701 -1.218551
791 891 -0.945918
792 793 0.074425
792 702 -1.477508
792 892 0.609642
793 794 -0.345245
793 703 -1.351139
793 893 -0.268552
794 795 -2.519697
794 704 1.093441
794 894 1.101806
795 796 -0.765174
795 705 0.620476
795 895 0.380729
796 797 -1.442013
796 706 -1.113447
796 896 0.407658
797 798 0.341168
797 707 1.112770
797 897 0.016985
798 799 -0.489353
798 708 0.891568
798 898 0.024575
799 790 0.289662
799 709 -0.220256
799 899 0.297403
800 801 -0.564941
800 810 0.053674
800 900 1.226214
801 802 0.827531
801 811 1.758319
801 901 1.991793
802 803 -0.931227
802 812 1.464436
802 902 0.903445
803 804 0.444295
803 813 0.990917
803 903 1.058290
804 805 -0.489418
804 814 0.936723
804 904 0.569354
805 806 0.556001
805 815 0.017333
805 905 1.491506
806 807 1.232555
806 816 1.137359
806 906 0.145920
807 808 0.089203
807 817 -1.132923
807 907 0.268934
808 809 0.330956
808 818 -0.133545
808 908 -0.145677
809 800 1.099686
809 819 -0.790448
809 909 -0.745127
810 811 0.815476
810 820 -0.255852
810 910 -0.342575
811 812 -1.199401
811 821 0.379226
811 911 0.525202
812 813 -0.030570
812 822 2.118454
812 912 -0.366753
813 814 -0.321310
813 823 0.456772
813 913 0.775412
814 815 0.869340
814 824 -1.356945
814 914 -0.731004
815 816 -0.526756
815 825 -0.688390
815 915 -0.163941
816 817 -0.225342
816 826 -1.021203
816 916 1.598031
817 818 0.342303
817 827 -0.991674
817 917 -0.286946
818 819 -0.182478
818 828 -1.157676
818 918 -0.448852
819 810 -0.260311
819 829 2.685645
819 919 1.079743
820 821 -1.226145
820 830 -1.748721
820 920 0.751686
821 822 -1.337598
821 831 -0.547807
821 921 -0.310954
822 823 -0.829046
822 832 0.619476
822 922 -1.127343
823 824 -1.811984
823 833 0.343877
823 923 0.761106
824 825 -0.547580
824 834 0.768541
824 924 0.175396
825 826 1.588427
825 835 0.590493
825 925 0.059100
826 827 0.304630
826 836 -0.388703
826 926 0.765171
827 828 -0.773064
827 837 -0.545637
827 927 -0.561652
828 829 -0.301465
828 838 1.652913
828 928 1.535780
829 820 -0.311175
829 839 -0.598478
829 929 -0.502770
830 831 0.396931
830 840 -0.158231
830 930 0.980936
831 832 -0.477101
831 841 0.693144
831 931 0.302539
832 833 2.488880
832 842 -0.865826
832 932 -0.309149
833 834 1.391132
833 843 0.754270
833 933 -0.613275
834 835 1.717306
834 844 2.666935
834 934 -0.429299
835 836 0.431134
835 845 0.094160
835 935 2.109826
836 837 1.126505
836 846 -0.632040
836 936 1.077643
837 838 0.772338
837 847 -0.756673
837 937 -0.103116
838 839 -1.487445
838 848 -0.483033
838 938 1.211035
839 830 -1.226224
839 849 0.425691
839 939 0.995718
840 841 -0.073399
840 850 0.378794
840 940 -0.384815
841 842 0.943969
841 851 -0.006176
841 941 1.070359
842 843 -0.831829
842 852 0.458278
842 942 0.615641
843 844 -1.989379
843 853 -1.332871
843 943 0.918873
844 845 1.039779
844 854 1.482177
844 944 0.913855
845 846 -0.297659
845 855 0.576156
845 945 -0.436526
846 847 -0.392798
846 856 1.288076
846 946 0.830579
847 848 -0.357708
847 857 -1.250422
847 947 -0.410898
848 849 -1.079922
848 858 1.101859
848 948 0.131622
849 840 1.634340
849 859 -0.024244
849 949 -0.668705
850 851 1.401524
850 860 2.191381
850 950 -1.265568
851 852 1.380736
851 861 0.148048
851 951 -1.565465
852 853 -1.248824
852 862 1.543716
852 952 0.838754
853 854 0.009222
853 863 0.158546
853 953 0.110514
854 855 -0.030128
854 864 -0.249700
854 954 -0.453399
855 856 0.024882
855 865 0.630251
855 955 -1.970954
856 857 0.330824
856 866 0.114074
856 956 -0.185311
857 858 -0.417316
857 867 0.884986
857 957 -0.094550
858 859 -0.396215
858 868 -1.464576
858 958 1.188650
859 850 1.045720
859 869 0.349138
859 959 1.290765
860 861 0.889855
860 870 0.619179
860 960 -0.771221
861 862 -1.534432
861 871 0.003723
861 961 0.643744
862 863 -0.476766
862 872 0.178770
862 962 -1.290934
863 864 -0.042283
863 873 -1.374810
863 963 0.244562
864 865 -0.585639
864 874 0.123369
864 964 1.049069
865 866 0.754770
865 875 -0.754034
865 965 -1.239884
866 867 -0.247389
866 876 -1.927632
866 966 0.107433
867 868 0.433167
867 877 1.683473
867 967 0.188585
868 869 0.961513
868 878 1.350345
868 968 0.927112
869 860 0.150696
869 879 -0.820454
869 969 1.164442
870 871 -0.899244
870 880 0.940590
870 970 0.284978
871 872 0.832147
871 881 -0.479932
871 971 -0.356695
872 873 -1.031223
872 882 0.409101
872 972 0.846901
873 874 -1.634717
873 883 0.003311
873 973 0.298917
874 875 0.380624
874 884 -0.013402
874 974 0.348638
875 876 0.512706
875 885 -0.734947
875 975 2.973800
876 877 1.404293
876 886 0.467611
876 976 -1.077370
877 878 1.292361
877 887 -0.166847
877 977 -1.223531
878 879 -0.647848
878 888 -0.062498
878 978 -0.568859
879 870 -0.710221
879 889 -1.056509
879 979 -0.166668
880 881 -0.716062
880 890 -0.217138
880 980 -0.835400
881 882 -1.455469
881 891 -0.854940
881 981 0.150138
882 883 -1.112295
882 892 0.164623
882 982 -1.847011
883 884 0.569207
883 893 0.245221
883 983 0.595924
884 885 -0.025747
884 894 -0.839075
884 984 -0.479677
885 886 1.598968
885 895 1.329190
885 985 0.015115
886 887 -1.631907
886 896 1.046886
886 986 -0.042337
887 888 0.701084
887 897 1.516570
887 987 -0.894320
888 889 -0.620102
888 898 0.322664
888 988 0.442252
889 880 0.617452
889 899 -0.354662
889 989 -1.611623
890 891 1.267196
890 800 -1.282936
890 990 -0.093591
891 892 1.358411
891 801 -0.710479
891 991 -0.949515
892 893 1.381035
892 802 -1.296589
892 992 -0.083300
893 894 -1.460367
893 803 -0.665781
893 993 -1.000421
894 895 -0.323948
894 804 -0.926701
894 994 1.272268
895 896 -0.598763
895 805 -0.900657
895 995 0.338315
896 897 0.501685
896 806 2.053047
896 996 -0.446498
897 898 2.438101
897 807 1.037997
897 997 -0.778200
898 899 0.201604
898 808 1.138535
898 998 -0.003767
899 890 1.124959
899 809 -0.798812
899 999 0.312378
900 901 1.261922
900 910 -2.026452
900 0 -2.142720
901 902 0.248192
901 911 -2.497078
901 1 -0.649837
902 903 -1.823910
902 912 0.296792
902 2 0.624470
903 904 2.203194
903 913 -0.015209
903 3 -1.363311
904 905 -1.866750
904 914 -1.538293
904 4 -0.835982
905 906 0.177721
905 915 0.537929
905 5 -1.552572
906 907 -2.331175
906 916 2.185931
906 6 0.838004
907 908 1.387425
907 917 0.937950
907 7 -0.779930
908 909 0.358288
908 918 1.014670
908 8 -0.812288
909 900 0.316652
909 919 -0.480250
909 9 0.726537
910 911 0.471743
910 920 -0.774284
910 10 -0.654312
911 912 0.058645
911 921 -0.594896
911 11 -2.548347
912 913 -2.211860
912 922 -1.913662
912 12 0.684467
913 914 1.125656
913 923 1.414761
913 13 -0.672107
914 915 -1.285277
914 924 0.677971
914 14 -0.472973
915 916 0.333329
915 925 1.289468
915 15 0.517374
916 917 -0.645813
916 926 0.835108
916 16 -0.134206
917 918 0.027181
917 927 0.102620
917 17 -0.231874
918 919 -0.106188
918 928 0.723122
918 18 0.597992
919 910 -0.918893
919 929 -0.436841
919 19 -0.420539
920 921 -0.846313
920 930 1.151165
920 20 -0.586402
921 922 0.760761
921 931 -0.036336
921 21 0.520911
922 923 -0.197887
922 932 -0.200439
922 22 -0.753539
923 924 0.991356
923 933 0.441653
923 23 0.210177
924 925 -1.295268
924 934 -0.258119
924 24 1.584484
925 926 -2.048129
925 935 -1.521753
925 25 1.049971
926 927 -0.728937
926 936 1.856046
926 26 3.092138
927 928 -1.441637
927 937 0.749387
927 27 -2.373773
928 929 0.851346
928 938 -0.723528
928 28 1.500136
929 920 -0.587349
929 939 0.026598
929 29 -0.170083
930 931 -1.331490
930 940 0.147179
930 30 -0.987880
931 932 -0.420936
931 941 -1.164459
931 31 -1.682294
932 933 0.744732
932 942 0.568788
932 32 -0.565911
933 934 0.474789
933 943 0.986866
933 33 0.454314
934 935 2.486355
934 944 0.487689
934 34 2.172405
935 936 -1.598633
935 945 -0.329576
935 35 -0.189532
936 937 -0.399659
936 946 1.075319
936 36 0.547967
937 938 1.545033
937 947 0.197975
937 37 0.054256
938 939 -0.473597
938 948 0.210670
938 38 -0.471334
939 930 -0.726063
939 949 -0.710768
939 39 -1.214607
940 941 0.548649
940 950 0.029583
940 40 0.131131
941 942 -0.363090
941 951 0.771698
941 41 -0.276109
942 943 0.805315
942 952 0.274957
942 42 -0.422298
943 944 1.449959
943 953 -0.547460
943 43 0.088886
944 945 0.157014
944 954 -0.253915
944 44 0.361228
945 946 -0.179755
945 955 -0.079993
945 45 -0.115789
946 947 1.707414
946 956 -0.326535
946 46 -0.507082
947 948 0.262152
947 957 0.090993
947 47 -1.816018
948 949 0.685957
948 958 -0.085711
948 48 -0.253357
949 940 1.060712
949 959 0.544995
949 49 0.332905
950 951 -1.680819
950 960 -0.454564
950 50 -2.132568
951 952 1.867240
951 961 -0.442047
951 51 -0.027114
952 953 -0.508286
952 962 -1.614416
952 52 1.705716
953 954 0.063022
953 963 1.619194
953 53 0.523295
954 955 0.231937
954 964 -0.407070
954 54 -1.241092
955 956 0.193386
955 965 1.265213
955 55 -1.857955
956 957 -2.290052
956 966 -1.019170
956 56 -0.269648
957 958 0.166583
957 967 -0.304574
957 57 -1.080851
958 959 -0.220455
958 968 0.286539
958 58 1.346031
959 950 0.088149
959 969 -1.049452
959 59 2.062284
960 961 -0.111518
960 970 -0.190200
960 60 1.378976
961 962 0.213301
961 971 -2.403491
961 61 0.869777
962 963 -1.177368
962 972 0.199169
962 62 1.205038
963 964 0.206749
963 973 0.312469
963 63 0.525425
964 965 0.965697
964 974 -0.178343
964 64 1.546633
965 966 0.114009
965 975 -1.001655
965 65 0.346254
966 967 -1.303733
966 976 0.671040
966 66 2.616081
967 968 0.423115
967 977 -0.155409
967 67 0.450025
968 969 1.340733
968 978 0.281612
968 68 0.628711
969 960 1.918643
969 979 0.820481
969 69 1.135587
970 971 -0.846557
970 980 -0.127984
970 70 0.945111
971 972 1.152324
971 981 0.590836
971 71 -0.826723
972 973 0.220594
972 982 -0.784873
972 72 0.418256
973 974 0.483569
973 983 2.240562
973 73 -2.098048
974 975 0.601795
974 984 -0.393978
974 74 0.235534
975 976 1.788052
975 985 0.877334
975 75 -0.719691
976 977 -0.493514
976 986 -1.716779
976 76 -0.298120
977 978 1.040475
977 987 -0.315271
977 77 -1.094012
978 979 0.316714
978 988 0.541423
978 78 -0.791050
979 970 1.899165
979 989 -0.379355
979 79 -0.033169
980 981 0.361479
980 990 -0.115413
980 80 1.825108
981 982 0.295218
981 991 -0.075776
981 81 -0.405248
982 983 0.257734
982 992 -0.935596
982 82 0.253532
983 984 1.180039
983 993 0.286347
983 83 0.637853
984 985 -0.246569
984 994 -1.304198
984 84 0.063418
985 986 -0.509292
985 995 -1.179308
985 85 1.417178
986 987 -0.639289
986 996 -1.263946
986 86 0.459683
987 988 -1.666668
987 997 -1.967338
987 87 0.574983
988 989 1.337065
988 998 0.006391
988 88 0.935209
989 980 0.023381
989 999 0.964913
989 89 -0.081630
990 991 -0.568670
990 900 -1.812052
990 90 -0.495618
991 992 -1.101469
991 901 -0.407911
991 91 -0.375794
992 993 1.719607
992 902 0.690171
992 92 1.180349
993 994 -0.922487
993 903 0.776562
993 93 -1.242321
994 995 0.147940
994 904 1.467372
994 94 -0.497084
995 996 0.821541
995 905 0.021076
995 95 0.616090
996 997 0.292143
996 906 1.568141
996 96 -1.676966
997 998 0.638470
997 907 1.047217
997 97 0.387993
998 999 -0.718892
998 908 0.687590
998 98 -0.067062
999 990 -0.890685
999 909 0.195826
999 99 0.834307
