0 1 0.036365
0 10 1.582595
0 100 0.397217
1 2 -0.527866
1 11 1.627910
1 101 -1.289848
2 3 -0.401427
2 12 -0.211141
2 102 -0.280354
3 4 0.969681
3 13 -0.401050
3 103 -1.143112
4 5 -0.171498
4 14 0.100966
4 104 -1.038348
5 6 0.158120
5 15 0.702929
5 105 0.094826
6 7 1.493386
6 16 0.323697
6 106 1.108644
7 8 -0.292111
7 17 -0.799866
7 107 -0.037403
8 9 1.160609
8 18 -0.985088
8 108 -0.106124
9 0 1.302655
9 19 -0.202411
9 109 0.752925
10 11 -0.704291
10 20 1.293005
10 110 -0.796755
11 12 1.600315
11 21 1.131326
11 111 -0.991310
12 13 -1.000059
12 22 0.354331
12 112 -0.173123
13 14 1.373003
13 23 0.424599
13 113 0.619973
14 15 1.922680
14 24 1.427858
14 114 0.343097
15 16 -0.713127
15 25 0.293755
15 115 0.778657
16 17 0.070141
16 26 0.668404
16 116 0.239662
17 18 0.072031
17 27 -0.099444
17 117 -0.517932
18 19 0.392282
18 28 -1.040944
18 118 1.631621
19 10 1.152512
19 29 -2.031952
19 119 -0.393159
20 21 1.158714
20 30 -1.176860
20 120 -0.254701
21 22 0.545636
21 31 1.043215
21 121 1.647291
22 23 -0.538400
22 32 0.363979
22 122 -0.973994
23 24 1.119944
23 33 -1.529155
23 123 -1.269639
24 25 -0.907311
24 34 -1.274538
24 124 1.792978
25 26 0.570654
25 35 -0.028736
25 125 -1.820204
26 27 0.483804
26 36 -0.854348
26 126 -1.831812
27 28 1.958064
27 37 1.693085
27 127 1.241414
28 29 0.527970
28 38 0.944363
28 128 0.833320
29 20 1.823857
29 39 -0.337631
29 129 -1.057884
30 31 -1.771763
30 40 0.498559
30 130 -1.025657
31 32 1.189613
31 41 -2.017568
31 131 -1.062303
32 33 -1.495305
32 42 -0.806983
32 132 1.499533
33 34 -0.182037
33 43 -1.993328
33 133 -0.520826
34 35 0.059810
34 44 0.932142
34 134 -0.556520
35 36 -0.143306
35 45 -1.166818
35 135 -0.666980
36 37 0.301480
36 46 -2.650160
36 136 -1.015104
37 38 0.103890
37 47 1.098648
37 137 -0.766837
38 39 1.259772
38 48 -0.106505
38 138 0.692093
39 30 1.137488
39 49 -2.658288
39 139 1.685398
40 41 -1.224441
40 50 -0.265674
40 140 -1.296821
41 42 -0.074546
41 51 -0.207206
41 141 0.146658
42 43 2.198386
42 52 -0.899205
42 142 0.668484
43 44 -0.080846
43 53 0.098562
43 143 1.401857
44 45 -0.203828
44 54 0.860186
44 144 2.708785
45 46 -0.353208
45 55 -0.424884
45 145 0.780792
46 47 0.706471
46 56 0.790436
46 146 -0.796303
47 48 0.968014
47 57 -0.745869
47 147 -1.331480
48 49 -1.598140
48 58 0.156872
48 148 0.548521
49 40 0.929951
49 59 -0.553350
49 149 -1.739315
50 51 -0.240852
50 60 0.148615
50 150 -0.322058
51 52 -0.195838
51 61 -1.432605
51 151 1.301506
52 53 -1.219200
52 62 -0.868237
52 152 0.664984
53 54 -0.224141
53 63 0.381033
53 153 2.396335
54 55 -0.067777
54 64 0.126342
54 154 0.075182
55 56 -0.934779
55 65 -0.670010
55 155 0.777337
56 57 0.539099
56 66 0.098308
56 156 0.488445
57 58 0.013402
57 67 -0.630633
57 157 0.282201
58 59 1.005508
58 68 0.648863
58 158 0.398985
59 50 0.544986
59 69 -0.045428
59 159 0.916968
60 61 -0.660607
60 70 -0.679468
60 160 0.451111
61 62 -0.820363
61 71 0.620167
61 161 0.075259
62 63 -1.024675
62 72 0.140278
62 162 -0.630236
63 64 -1.525314
63 73 0.186410
63 163 -0.052292
64 65 -1.543313
64 74 -1.067017
64 164 1.243559
65 66 -0.544606
65 75 1.918676
65 165 -0.895397
66 67 -0.789088
66 76 -0.041929
66 166 2.308429
67 68 -1.349972
67 77 -2.250857
67 167 0.638777
68 69 1.022558
68 78 0.272996
68 168 1.635498
69 60 0.774552
69 79 0.568591
69 169 0.906814
70 71 0.056165
70 80 1.736275
70 170 -0.630433
71 72 0.098203
71 81 1.866294
71 171 -0.153324
72 73 0.847625
72 82 -0.516969
72 172 -0.267287
73 74 1.216755
73 83 -0.513828
73 173 0.761593
74 75 -0.166575
74 84 1.652991
74 174 -1.478649
75 76 0.510197
75 85 -0.052834
75 175 0.495501
76 77 -0.260537
76 86 -0.008389
76 176 1.150210
77 78 -0.185878
77 87 0.333341
77 177 -0.650172
78 79 0.802989
78 88 0.341132
78 178 0.987933
79 70 0.207430
79 89 -0.926218
79 179 2.493187
80 81 0.205060
80 90 0.905077
80 180 1.724202
81 82 0.767433
81 91 1.286559
81 181 -0.906256
82 83 1.204499
82 92 0.818194
82 182 -1.444136
83 84 0.750474
83 93 -0.322095
83 183 0.848931
84 85 -0.771841
84 94 0.935521
84 184 0.613225
85 86 0.646728
85 95 -1.920538
85 185 1.034568
86 87 -2.759543
86 96 2.314469
86 186 -0.520854
87 88 1.969175
87 97 -0.407485
87 187 1.549259
88 89 0.557326
88 98 0.244853
88 188 -0.886303
89 80 0.236639
89 99 -0.177652
89 189 -0.630325
90 91 -1.245613
90 0 0.128859
90 190 -0.584144
91 92 -2.524898
91 1 1.118914
91 191 0.911811
92 93 -0.652748
92 2 1.667811
92 192 -1.023398
93 94 -0.620840
93 3 -0.066057
93 193 -0.864198
94 95 1.870756
94 4 -0.078207
94 194 0.158104
95 96 -0.827895
95 5 1.114805
95 195 1.472165
96 97 -0.666660
96 6 1.001304
96 196 -1.130646
97 98 -0.119869
97 7 -0.972258
97 197 0.413545
98 99 -0.657364
98 8 -0.663107
98 198 1.287664
99 90 0.156431
99 9 -0.507353
99 199 0.461246
100 101 -0.370255
100 110 -0.276523
100 200 0.623018
101 102 -1.581412
101 111 -1.694463
101 201 0.161744
102 103 0.675355
102 112 0.631843
102 202 -0.610372
103 104 1.602787
103 113 0.555028
103 203 0.342824
104 105 1.025356
104 114 -0.156165
104 204 -0.400413
105 106 -1.523407
105 115 0.393925
105 205 1.200426
106 107 -0.468176
106 116 -0.334491
106 206 -0.871126
107 108 -2.971892
107 117 -0.511973
107 207 -0.240523
108 109 0.163592
108 118 0.924483
108 208 0.585156
109 100 -0.413910
109 119 0.585981
109 209 -0.749493
110 111 -1.234707
110 120 0.055888
110 210 -0.409504
111 112 2.143852
111 121 -0.335262
111 211 -1.727175
112 113 -0.035207
112 122 -0.638014
112 212 -0.328454
113 114 -0.760909
113 123 -1.681212
113 213 0.229116
114 115 0.098703
114 124 -0.063057
114 214 -0.441089
115 116 0.482043
115 125 -0.939867
115 215 -1.525868
116 117 -0.789406
116 126 -0.600867
116 216 0.003467
117 118 1.080129
117 127 -0.118076
117 217 1.231868
118 119 2.605712
118 128 1.058432
118 218 -0.608643
119 110 0.593825
119 129 1.040339
119 219 0.201614
120 121 0.491152
120 130 -0.278453
120 220 -1.323733
121 122 1.972423
121 131 1.491945
121 221 2.554629
122 123 0.177384
122 132 2.190179
122 222 0.440702
123 124 0.128557
123 133 -2.152538
123 223 -0.227064
124 125 2.371085
124 134 1.382657
124 224 1.584174
125 126 -0.357020
125 135 -0.300759
125 225 -1.129557
126 127 0.565703
126 136 -0.911286
126 226 -1.674426
127 128 0.788286
127 137 0.457400
127 227 -1.175629
128 129 1.031632
128 138 0.976883
128 228 0.274814
129 120 0.152337
129 139 -0.845586
129 229 0.217817
130 131 0.182214
130 140 -1.741536
130 230 -0.987622
131 132 0.142440
131 141 0.158989
131 231 0.717530
132 133 -0.501360
132 142 -0.217081
132 232 -0.885164
133 134 -0.006436
133 143 0.283407
133 233 -1.160857
134 135 0.591920
134 144 -0.403178
134 234 1.214948
135 136 -2.278522
135 145 -1.386879
135 235 1.202516
136 137 0.364796
136 146 -1.386306
136 236 0.337198
137 138 -1.126738
137 147 2.490831
137 237 0.327761
138 139 -0.710853
138 148 -1.070209
138 238 0.668184
139 130 -1.743162
139 149 -1.676113
139 239 -1.364529
140 141 0.641188
140 150 0.795774
140 240 -0.265654
141 142 -0.364823
141 151 1.017170
141 241 0.276410
142 143 1.218063
142 152 2.662754
142 242 -0.031129
143 144 0.723130
143 153 -1.264635
143 243 0.562486
144 145 0.522663
144 154 0.705816
144 244 0.069312
145 146 0.202936
145 155 -0.212427
145 245 -0.220054
146 147 1.424610
146 156 1.866646
146 246 -0.516637
147 148 -0.125177
147 157 -0.930804
147 247 1.369312
148 149 0.551763
148 158 -0.099083
148 248 -1.033578
149 140 2.067530
149 159 -0.157058
149 249 -0.458366
150 151 -0.502258
150 160 1.199621
150 250 0.694413
151 152 -0.431122
151 161 0.736989
151 251 -0.167716
152 153 0.474177
152 162 0.262305
152 252 -1.184680
153 154 0.596226
153 163 -0.000421
153 253 -0.204181
154 155 -0.946570
154 164 0.776492
154 254 -0.514696
155 156 -0.570514
155 165 -0.583675
155 255 -1.094299
156 157 -0.169304
156 166 -0.953136
156 256 1.630470
157 158 0.487135
157 167 -0.663211
157 257 0.247296
158 159 1.071653
158 168 2.453955
158 258 0.842944
159 150 -0.717738
159 169 -0.527395
159 259 -0.684270
160 161 -0.053909
160 170 1.268100
160 260 1.834695
161 162 0.261524
161 171 -0.406131
161 261 -0.399282
162 163 -0.445264
162 172 -0.180384
162 262 -0.993018
163 164 0.483187
163 173 -1.118976
163 263 0.299218
164 165 1.077835
164 174 -1.228685
164 264 0.072661
165 166 -1.442795
165 175 0.926289
165 265 -0.287626
166 167 -1.256429
166 176 0.473387
166 266 -0.397683
167 168 0.133116
167 177 0.479345
167 267 0.935654
168 169 -0.317672
168 178 1.694400
168 268 -1.499557
169 160 -1.631176
169 179 0.958554
169 269 -0.304824
170 171 -0.725316
170 180 0.871767
170 270 -1.013564
171 172 -0.768520
171 181 -1.262866
171 271 1.912463
172 173 0.438651
172 182 2.036578
172 272 0.364133
173 174 -0.537764
173 183 0.256544
173 273 0.234487
174 175 0.326040
174 184 -0.033719
174 274 -1.631589
175 176 0.284066
175 185 0.050867
175 275 1.015683
176 177 0.640546
176 186 -0.972033
176 276 -1.697961
177 178 -1.496206
177 187 0.934243
177 277 -0.504412
178 179 -0.216766
178 188 -0.468790
178 278 -0.518984
179 170 0.029954
179 189 -0.808943
179 279 -0.061350
180 181 0.997486
180 190 0.995935
180 280 0.212007
181 182 -1.032629
181 191 -0.152368
181 281 -1.521129
182 183 -1.304871
182 192 -0.452776
182 282 -0.293958
183 184 -1.754837
183 193 0.331522
183 283 0.045851
184 185 -0.704763
184 194 -0.477099
184 284 0.117211
185 186 1.655965
185 195 0.492648
185 285 2.453357
186 187 0.352227
186 196 -1.718860
186 286 -0.305563
187 188 0.519619
187 197 -0.267391
187 287 0.444544
188 189 -0.265286
188 198 -2.321622
188 288 -1.032817
189 180 -1.102488
189 199 -0.502388
189 289 -0.560747
190 191 -0.618437
190 100 -1.887118
190 290 0.778761
191 192 0.425962
191 101 0.640524
191 291 0.276815
192 193 0.035330
192 102 0.654029
192 292 -0.256411
193 194 -0.776993
193 103 -0.593724
193 293 0.746772
194 195 0.362623
194 104 0.627356
194 294 -0.081015
195 196 0.600879
195 105 -0.208783
195 295 0.089937
196 197 0.722476
196 106 0.820467
196 296 0.052270
197 198 -0.490933
197 107 1.819277
197 297 -1.750116
198 199 1.506324
198 108 -0.531312
198 298 0.358596
199 190 0.844850
199 109 -0.791249
199 299 -1.663927
200 201 -0.887528
200 210 0.519792
200 300 -1.384670
201 202 -0.649188
201 211 1.219510
201 301 -0.367557
202 203 -1.966413
202 212 1.745832
202 302 1.440197
203 204 0.423262
203 213 -0.449318
203 303 -0.558987
204 205 1.830856
204 214 2.024557
204 304 -0.172586
205 206 0.571719
205 215 -0.452465
205 305 0.890196
206 207 -1.943786
206 216 -1.029396
206 306 0.521746
207 208 -0.718579
207 217 -0.665636
207 307 0.243356
208 209 1.198805
208 218 -1.421221
208 308 -0.674507
209 200 -0.444472
209 219 0.024709
209 309 -0.104367
210 211 -0.800826
210 220 1.267439
210 310 1.159699
211 212 0.386954
211 221 -0.331314
211 311 -1.613196
212 213 -0.459628
212 222 0.152031
212 312 -1.029452
213 214 1.908490
213 223 -0.799406
213 313 -0.339139
214 215 -0.969879
214 224 -0.466886
214 314 0.421459
215 216 -0.030042
215 225 -0.500871
215 315 0.443950
216 217 -0.201407
216 226 -0.848191
216 316 0.853099
217 218 0.497839
217 227 0.879778
217 317 0.681951
218 219 1.235995
218 228 0.955691
218 318 0.493201
219 210 -1.510569
219 229 2.160898
219 319 0.178627
220 221 -0.505921
220 230 1.614140
220 320 2.444173
221 222 -0.548464
221 231 -0.969518
221 321 0.556617
222 223 0.726498
222 232 0.046590
222 322 0.476943
223 224 0.521492
223 233 -0.315975
223 323 -0.640153
224 225 -0.232414
224 234 -1.620115
224 324 2.084826
225 226 -0.130515
225 235 0.340029
225 325 -0.573178
226 227 -1.333627
226 236 -0.820101
226 326 -0.136953
227 228 -1.868237
227 237 0.089807
227 327 -0.097574
228 229 -0.573062
228 238 -0.612959
228 328 0.260055
229 220 2.604532
229 239 -0.426562
229 329 -0.386675
230 231 0.905584
230 240 1.327052
230 330 -1.522453
231 232 1.365304
231 241 0.798368
231 331 1.507849
232 233 1.163859
232 242 -0.750443
232 332 -0.180313
233 234 0.489249
233 243 -0.394154
233 333 -0.210240
234 235 0.016129
234 244 0.175513
234 334 0.508239
235 236 0.540764
235 245 1.614422
235 335 -0.456340
236 237 0.616952
236 246 -1.691095
236 336 1.072208
237 238 -0.481462
237 247 -1.920832
237 337 -1.680994
238 239 0.258999
238 248 0.743571
238 338 1.196715
239 230 -0.903501
239 249 -0.226904
239 339 -1.128817
240 241 0.990278
240 250 -0.119386
240 340 0.467404
241 242 1.242666
241 251 0.332763
241 341 0.338667
242 243 -0.021842
242 252 -1.390541
242 342 -1.107744
243 244 -1.006397
243 253 -2.505216
243 343 0.299394
244 245 1.024345
244 254 0.871408
244 344 2.565288
245 246 -0.311863
245 255 -1.609129
245 345 -0.496070
246 247 0.118636
246 256 0.968289
246 346 -0.943204
247 248 -0.747483
247 257 -0.030404
247 347 0.086644
248 249 0.877245
248 258 -0.364543
248 348 0.466217
249 240 0.582493
249 259 1.444659
249 349 -0.775263
250 251 0.932918
250 260 0.674270
250 350 0.942577
251 252 0.481534
251 261 1.376619
251 351 0.252684
252 253 0.362087
252 262 -1.503010
252 352 -0.440169
253 254 -0.580953
253 263 0.274963
253 353 0.718218
254 255 -1.210576
254 264 -2.716552
254 354 -1.225954
255 256 -0.460146
255 265 -0.192608
255 355 0.281954
256 257 0.699449
256 266 1.224135
256 356 1.397151
257 258 1.097414
257 267 1.321278
257 357 -0.653068
258 259 0.133139
258 268 0.638557
258 358 1.471853
259 250 0.809335
259 269 0.353131
259 359 -0.614344
260 261 0.686849
260 270 0.800206
260 360 -0.954849
261 262 -1.537354
261 271 0.541508
261 361 -1.267913
262 263 1.210882
262 272 2.041418
262 362 0.657098
263 264 1.254782
263 273 -0.496115
263 363 0.481297
264 265 -0.262138
264 274 0.051642
264 364 -0.084787
265 266 1.763531
265 275 0.129864
265 365 1.517218
266 267 1.092616
266 276 1.011613
266 366 -0.217241
267 268 -0.748634
267 277 0.380648
267 367 0.870419
268 269 0.653803
268 278 0.724786
268 368 -0.183194
269 260 1.376021
269 279 -0.822451
269 369 0.094838
270 271 -0.423946
270 280 2.924486
270 370 1.389834
271 272 -0.878487
271 281 0.749651
271 371 -0.827950
272 273 -1.650972
272 282 0.374899
272 372 0.451081
273 274 -1.394103
273 283 1.851858
273 373 -0.001740
274 275 0.883773
274 284 -1.655160
274 374 -1.108256
275 276 -0.369758
275 285 -0.372912
275 375 0.207007
276 277 1.552401
276 286 -1.379163
276 376 -1.195962
277 278 0.549870
277 287 -0.930814
277 377 0.108419
278 279 0.058399
278 288 -0.408709
278 378 0.921325
279 270 0.003219
279 289 0.942779
279 379 -0.012389
280 281 0.663541
280 290 2.406136
280 380 -0.763623
281 282 0.894540
281 291 -0.689384
281 381 0.697606
282 283 -0.029719
282 292 0.336201
282 382 0.871662
283 284 -1.265816
283 293 0.924987
283 383 1.126133
284 285 0.317661
284 294 -0.445599
284 384 -0.226997
285 286 0.696140
285 295 -0.635033
285 385 -1.302735
286 287 -0.903604
286 296 0.173808
286 386 -0.974735
287 288 -1.113857
287 297 -1.862837
287 387 1.281164
288 289 0.593107
288 298 -1.233917
288 388 -0.765514
289 280 -2.528524
289 299 -0.557693
289 389 1.000653
290 291 -0.212749
290 200 -1.612291
290 390 0.104214
291 292 -0.332508
291 201 -2.255249
291 391 0.830874
292 293 -0.788324
292 202 0.048427
292 392 1.329733
293 294 0.949538
293 203 0.510435
293 393 -0.626341
294 295 0.183766
294 204 1.026154
294 394 -0.953854
295 296 -1.502251
295 205 -0.604368
295 395 -2.842484
296 297 0.748304
296 206 -0.149064
296 396 -0.136181
297 298 0.930696
297 207 0.715942
297 397 -0.317421
298 299 -1.155327
298 208 1.149901
298 398 -0.317546
299 290 1.285023
299 209 2.063773
299 399 0.705925
300 301 0.160016
300 310 0.934773
300 400 1.263152
301 302 1.969581
301 311 0.004190
301 401 -0.401185
302 303 -1.173715
302 312 0.353759
302 402 -0.689147
303 304 -0.075411
303 313 -0.271032
303 403 0.298854
304 305 -0.911355
304 314 -1.123951
304 404 1.485581
305 306 -0.011252
305 315 -1.202883
305 405 -0.151320
306 307 -1.270500
306 316 -0.323042
306 406 -2.100439
307 308 -0.104724
307 317 -0.662378
307 407 2.617928
308 309 -0.187662
308 318 -0.330732
308 408 0.761985
309 300 2.371636
309 319 -0.769126
309 409 -0.235442
310 311 -0.029322
310 320 0.228872
310 410 1.243588
311 312 1.184579
311 321 -0.286573
311 411 0.536353
312 313 -0.619103
312 322 -1.384175
312 412 0.957125
313 314 -0.919076
313 323 -1.125492
313 413 1.189320
314 315 -0.047236
314 324 0.231254
314 414 -0.501210
315 316 0.423558
315 325 0.251987
315 415 -0.286153
316 317 1.238555
316 326 0.387396
316 416 0.023007
317 318 0.108607
317 327 0.596194
317 417 -0.055178
318 319 -0.647472
318 328 -0.669484
318 418 -1.337731
319 310 -0.550697
319 329 1.288676
319 419 -0.674430
320 321 0.282335
320 330 0.017661
320 420 1.511285
321 322 -0.399670
321 331 -1.014813
321 421 -0.605992
322 323 -1.927549
322 332 0.884056
322 422 -1.429151
323 324 -0.739966
323 333 -0.605819
323 423 -1.790150
324 325 -0.220629
324 334 -1.956466
324 424 -0.100772
325 326 0.620006
325 335 -0.699897
325 425 -2.068659
326 327 0.701451
326 336 -0.764913
326 426 -0.491129
327 328 -0.470735
327 337 0.355005
327 427 0.436351
328 329 0.700992
328 338 -1.774537
328 428 0.299834
329 320 0.373200
329 339 0.347722
329 429 0.858481
330 331 -0.835580
330 340 0.386709
330 430 -1.379184
331 332 1.283648
331 341 -1.695530
331 431 -0.402957
332 333 1.866215
332 342 1.670602
332 432 0.859881
333 334 0.054872
333 343 -1.857659
333 433 0.042960
334 335 -1.228709
334 344 0.505186
334 434 0.947247
335 336 -0.316794
335 345 -0.063905
335 435 -1.493766
336 337 0.554980
336 346 0.475826
336 436 -0.818767
337 338 -0.846884
337 347 1.802830
337 437 1.212943
338 339 -0.494394
338 348 0.941351
338 438 -0.702252
339 330 0.483233
339 349 -0.338565
339 439 -2.431644
340 341 -0.764551
340 350 0.668581
340 440 0.641572
341 342 1.173401
341 351 -0.355267
341 441 0.192812
342 343 0.735293
342 352 0.502194
342 442 0.307516
343 344 -1.097394
343 353 0.303636
343 443 1.016143
344 345 -1.222834
344 354 0.619751
344 444 -0.606435
345 346 -0.103440
345 355 -0.434518
345 445 -1.108334
346 347 0.601788
346 356 -2.713217
346 446 0.828698
347 348 -0.271772
347 357 -0.371364
347 447 -0.733475
348 349 0.762763
348 358 -0.430986
348 448 -0.888828
349 340 1.325895
349 359 1.387596
349 449 0.290260
350 351 -1.066033
350 360 0.466533
350 450 0.459152
351 352 -2.332498
351 361 -1.281824
351 451 0.829875
352 353 -1.046143
352 362 -1.898692
352 452 0.663407
353 354 -0.607006
353 363 -0.179154
353 453 0.734637
354 355 -0.310470
354 364 0.318627
354 454 0.926075
355 356 1.229903
355 365 1.588156
355 455 -1.555541
356 357 0.225685
356 366 2.142200
356 456 0.855983
357 358 -0.571034
357 367 -0.687695
357 457 0.403111
358 359 2.116126
358 368 -1.302579
358 458 0.174999
359 350 -1.503339
359 369 -0.987462
359 459 2.082347
360 361 0.650878
360 370 1.539349
360 460 -0.615781
361 362 -0.507442
361 371 1.231460
361 461 -0.949296
362 363 0.164896
362 372 0.116072
362 462 1.841716
363 364 -1.246589
363 373 -0.396729
363 463 -0.563555
364 365 0.379022
364 374 0.081558
364 464 1.016384
365 366 -1.314197
365 375 -0.301495
365 465 -0.254842
366 367 0.735952
366 376 -1.025335
366 466 -1.039374
367 368 0.195810
367 377 -0.112554
367 467 -2.157652
368 369 0.791673
368 378 0.498584
368 468 0.943030
369 360 -0.656569
369 379 -2.098083
369 469 -0.865573
370 371 -0.754623
370 380 0.502376
370 470 -1.943199
371 372 -2.047304
371 381 1.331163
371 471 0.450988
372 373 -0.429603
372 382 -0.978568
372 472 -0.534847
373 374 -0.594958
373 383 -0.038619
373 473 0.484610
374 375 -1.362857
374 384 0.313647
374 474 0.146948
375 376 1.592538
375 385 -0.222884
375 475 -0.971528
376 377 -0.132669
376 386 0.138668
376 476 0.866480
377 378 1.213214
377 387 -0.524675
377 477 -1.445475
378 379 0.369208
378 388 -1.549539
378 478 0.554952
379 370 0.466554
379 389 0.073942
379 479 0.527070
380 381 0.216055
380 390 1.156418
380 480 0.358106
381 382 0.256659
381 391 -0.301620
381 481 -0.234953
382 383 -0.754586
382 392 -0.990728
382 482 -0.604602
383 384 -0.155843
383 393 0.175179
383 483 0.244567
384 385 1.643680
384 394 0.795406
384 484 -0.134583
385 386 2.689825
385 395 -1.094330
385 485 0.316540
386 387 0.819762
386 396 -0.742661
386 486 -1.393307
387 388 0.195143
387 397 -0.346334
387 487 1.727023
388 389 1.603036
388 398 -0.892193
388 488 -0.494126
389 380 0.391964
389 399 -0.004450
389 489 -0.856474
390 391 0.921825
390 300 0.036548
390 490 0.492506
391 392 -0.659479
391 301 -1.571983
391 491 0.709309
392 393 -0.888145
392 302 1.462953
392 492 -0.455511
393 394 -2.003727
393 303 -1.652000
393 493 -0.114451
394 395 0.040473
394 304 -0.491536
394 494 0.509253
395 396 0.220560
395 305 0.106874
395 495 -1.559456
396 397 1.245286
396 306 -1.961387
396 496 0.981736
397 398 0.012511
397 307 -0.307144
397 497 -0.977731
398 399 -0.097236
398 308 -0.686605
398 498 0.904669
399 390 2.541358
399 309 -0.844986
399 499 -2.498084
400 401 1.184827
400 410 -0.119742
400 500 1.454529
401 402 0.190813
401 411 0.936451
401 501 0.089601
402 403 0.890512
402 412 1.592571
402 502 -1.273983
403 404 -1.201236
403 413 1.369047
403 503 -0.284928
404 405 0.907252
404 414 0.715684
404 504 0.862458
405 406 -0.547878
405 415 0.145615
405 505 -0.940504
406 407 -1.777521
406 416 0.319825
406 506 0.785095
407 408 -1.596004
407 417 -0.011127
407 507 -1.331210
408 409 0.582412
408 418 -1.658417
408 508 1.306786
409 400 0.106230
409 419 -0.957822
409 509 -0.078035
410 411 -0.171945
410 420 -0.976258
410 510 -2.248624
411 412 -0.451685
411 421 0.392188
411 511 -0.651165
412 413 -1.535668
412 422 0.721709
412 512 0.082049
413 414 -0.993760
413 423 -0.745522
413 513 0.529417
414 415 0.227261
414 424 0.201785
414 514 0.235735
415 416 1.586885
415 425 -0.652009
415 515 0.948690
416 417 -0.250054
416 426 1.488978
416 516 -1.213106
417 418 0.564734
417 427 0.906528
417 517 1.084305
418 419 -0.295732
418 428 0.746795
418 518 -1.174756
419 410 -0.817072
419 429 1.144027
419 519 -0.820723
420 421 -0.767093
420 430 0.219427
420 520 -0.384229
421 422 0.772178
421 431 -0.046584
421 521 0.320232
422 423 -0.178266
422 432 -1.946484
422 522 -1.154928
423 424 0.460819
423 433 0.088197
423 523 -1.606597
424 425 0.571376
424 434 0.365564
424 524 1.507861
425 426 -0.850469
425 435 -0.002055
425 525 -1.150868
426 427 -1.199746
426 436 -0.749063
426 526 0.473828
427 428 1.725722
427 437 -0.721792
427 527 -0.366560
428 429 1.414205
428 438 0.319417
428 528 0.215034
429 420 -2.306860
429 439 1.605086
429 529 0.373777
430 431 0.192025
430 440 0.512754
430 530 -1.963251
431 432 -0.438250
431 441 -0.129318
431 531 -0.228649
432 433 2.438891
432 442 0.367598
432 532 0.337374
433 434 -0.694473
433 443 -0.270701
433 533 0.761254
434 435 0.927494
434 444 0.579497
434 534 -0.758984
435 436 -0.700993
435 445 -0.673021
435 535 0.859368
436 437 -0.518022
436 446 1.359070
436 536 2.093544
437 438 -0.175168
437 447 0.228972
437 537 -0.271918
438 439 0.690194
438 448 -0.396352
438 538 0.094206
439 430 -0.050154
439 449 -1.395277
439 539 0.737879
440 441 1.283350
440 450 0.585970
440 540 -0.565614
441 442 -1.096294
441 451 -0.712430
441 541 0.292248
442 443 1.035256
442 452 -0.620709
442 542 -0.970533
443 444 -0.160023
443 453 -0.470396
443 543 -0.210212
444 445 0.980913
444 454 -0.317133
444 544 0.845663
445 446 -0.667310
445 455 -0.453201
445 545 1.293562
446 447 2.825076
446 456 -0.882034
446 546 1.574623
447 448 0.558146
447 457 -1.004469
447 547 0.654591
448 449 0.501997
448 458 0.296125
448 548 -0.000559
449 440 -0.419149
449 459 -1.183508
449 549 0.921694
450 451 -0.545757
450 460 -0.280054
450 550 1.010924
451 452 -0.433521
451 461 -0.890002
451 551 1.177620
452 453 -0.020048
452 462 0.010030
452 552 -0.295845
453 454 -0.040166
453 463 0.135244
453 553 -0.000571
454 455 -0.349992
454 464 -0.902236
454 554 -0.808727
455 456 0.466546
455 465 -1.124528
455 555 -0.514024
456 457 -0.372826
456 466 1.387358
456 556 -1.073620
457 458 -0.003412
457 467 0.647997
457 557 0.605584
458 459 0.537856
458 468 -0.551618
458 558 -0.597009
459 450 -2.155431
459 469 1.532439
459 559 0.181965
460 461 0.701059
460 470 -0.103973
460 560 -1.699798
461 462 -0.745017
461 471 -0.620755
461 561 -0.989778
462 463 -0.023124
462 472 -0.154568
462 562 -1.744229
463 464 0.102896
463 473 -1.569255
463 563 -1.321986
464 465 -1.524236
464 474 -1.084406
464 564 -0.062948
465 466 -1.699987
465 475 -0.705948
465 565 -0.668206
466 467 0.195931
466 476 0.461264
466 566 -0.840308
467 468 -1.200406
467 477 1.546899
467 567 1.818941
468 469 -1.202817
468 478 0.530253
468 568 0.937121
469 460 -0.318562
469 479 -0.841079
469 569 -1.730495
470 471 0.472338
470 480 1.361827
470 570 -0.638621
471 472 -0.827596
471 481 -0.073840
471 571 -1.730629
472 473 -0.454769
472 482 1.314056
472 572 -1.866231
473 474 -0.360095
473 483 0.487311
473 573 -1.851587
474 475 -0.286209
474 484 -0.681802
474 574 0.286594
475 476 -0.521597
475 485 0.185069
475 575 -0.064383
476 477 0.989176
476 486 0.752509
476 576 0.035478
477 478 0.414037
477 487 1.569050
477 577 0.797125
478 479 -0.154915
478 488 -0.213321
478 578 0.869197
479 470 -1.747975
479 489 -0.002691
479 579 1.307014
480 481 0.330957
480 490 -0.756246
480 580 1.510910
481 482 0.468026
481 491 -1.137422
481 581 0.188308
482 483 -0.498527
482 492 1.116887
482 582 -1.668984
483 484 -0.492808
483 493 -0.240319
483 583 -0.443749
484 485 -1.840378
484 494 -1.579276
484 584 -1.782253
485 486 -0.631680
485 495 0.040484
485 585 0.662518
486 487 0.581187
486 496 -0.348179
486 586 -1.042483
487 488 0.035729
487 497 -1.760149
487 587 -0.069516
488 489 1.290113
488 498 -1.148939
488 588 0.347677
489 480 -0.356364
489 499 -0.028874
489 589 -2.048038
490 491 -0.240159
490 400 -0.514812
490 590 -0.693495
491 492 -0.287551
491 401 0.874568
491 591 -0.218361
492 493 -0.081902
492 402 -0.122219
492 592 -0.511518
493 494 0.006615
493 403 -0.504083
493 593 0.451799
494 495 0.146379
494 404 0.758256
494 594 -0.325033
495 496 1.622281
495 405 1.779852
495 595 -0.956845
496 497 -1.005022
496 406 1.358386
496 596 0.196086
497 498 -0.548043
497 407 0.327191
497 597 -0.851521
498 499 -0.223037
498 408 1.757127
498 598 -0.687841
499 490 1.409915
499 409 -0.837923
499 599 0.039468
500 501 -0.604300
500 510 -0.323236
500 600 1.490233
501 502 2.499132
501 511 -0.250791
501 601 0.220240
502 503 -0.541241
502 512 1.601337
502 602 -0.037109
503 504 1.319561
503 513 -0.323783
503 603 2.782875
504 505 -0.072744
504 514 -1.252122
504 604 0.548405
505 506 1.258693
505 515 -1.077214
505 605 0.112392
506 507 1.150323
506 516 0.551410
506 606 -0.067946
507 508 0.578594
507 517 -0.615806
507 607 -0.301153
508 509 -0.464880
508 518 -0.405912
508 608 -1.804673
509 500 0.223322
509 519 1.559212
509 609 -0.898184
510 511 -0.090594
510 520 1.381607
510 610 0.514693
511 512 -0.700280
511 521 0.983302
511 611 -0.017712
512 513 -0.527905
512 522 -0.279230
512 612 -0.240836
513 514 -1.701370
513 523 1.281672
513 613 -1.946598
514 515 0.087552
514 524 0.020767
514 614 1.604035
515 516 0.500589
515 525 0.682213
515 615 -0.760650
516 517 1.091268
516 526 0.608903
516 616 -0.139138
517 518 -0.627422
517 527 -0.684921
517 617 0.825899
518 519 0.028925
518 528 -0.575373
518 618 -0.074839
519 510 -1.372348
519 529 -0.164626
519 619 -1.478854
520 521 0.766514
520 530 3.188922
520 620 2.526137
521 522 -1.267770
521 531 0.584036
521 621 -0.299911
522 523 0.994302
522 532 2.536091
522 622 0.222934
523 524 -0.177459
523 533 -0.748142
523 623 1.238679
524 525 -0.194692
524 534 -0.848645
524 624 -0.723088
525 526 1.848709
525 535 -0.315705
525 625 -0.457232
526 527 -1.710834
526 536 -0.573182
526 626 1.401946
527 528 -0.950170
527 537 2.415444
527 627 -2.817650
528 529 -0.369532
528 538 0.296246
528 628 1.098912
529 520 0.247074
529 539 0.076783
529 629 -0.373778
530 531 0.895633
530 540 -1.308480
530 630 -0.153382
531 532 -0.404424
531 541 0.279850
531 631 -1.143488
532 533 -1.572852
532 542 0.650695
532 632 -0.144498
533 534 0.332063
533 543 -1.461135
533 633 0.188470
534 535 -0.216651
534 544 -1.448906
534 634 0.762312
535 536 1.088601
535 545 -0.609537
535 635 1.265728
536 537 -0.091021
536 546 -0.319675
536 636 -2.479052
537 538 2.045693
537 547 0.182507
537 637 0.514485
538 539 0.087081
538 548 1.984332
538 638 0.153571
539 530 -0.882198
539 549 0.404839
539 639 0.380645
540 541 -0.997044
540 550 -0.927595
540 640 0.278571
541 542 -0.883081
541 551 0.631064
541 641 0.550541
542 543 0.794342
542 552 0.089299
542 642 -2.015295
543 544 -0.317328
543 553 -0.137540
543 643 0.141816
544 545 -1.296249
544 554 1.335576
544 644 -0.660424
545 546 0.681052
545 555 -0.261576
545 645 1.784446
546 547 0.188656
546 556 1.566377
546 646 0.733167
547 548 -1.815671
547 557 -1.632734
547 647 -1.688809
548 549 -1.350514
548 558 -0.615762
548 648 0.750772
549 540 -0.743993
549 559 -1.638637
549 649 1.045884
550 551 1.227739
550 560 0.837449
550 650 -0.774483
551 552 -1.376973
551 561 -0.101911
551 651 -2.074876
552 553 0.138829
552 562 0.183663
552 652 0.410297
553 554 0.866286
553 563 -0.348270
553 653 -2.038142
554 555 -0.901099
554 564 -1.319514
554 654 0.569051
555 556 -0.226223
555 565 0.427706
555 655 0.080643
556 557 -0.405307
556 566 -0.971388
556 656 -0.997479
557 558 -0.579766
557 567 -0.258367
557 657 -0.303166
558 559 -0.201991
558 568 -0.004577
558 658 0.666866
559 550 -1.380607
559 569 -0.667993
559 659 -0.270521
560 561 -0.818418
560 570 -0.457161
560 660 -1.430031
561 562 -0.633846
561 571 -0.152824
561 661 0.291258
562 563 0.043992
562 572 1.059924
562 662 1.959282
563 564 -0.233468
563 573 -0.377698
563 663 2.018515
564 565 1.257281
564 574 0.141728
564 664 -1.014829
565 566 0.862951
565 575 -1.549595
565 665 -1.053812
566 567 0.786890
566 576 1.391670
566 666 0.338149
567 568 0.607280
567 577 0.012214
567 667 -0.664969
568 569 0.446137
568 578 1.348351
568 668 0.662622
569 560 -0.013932
569 579 -0.196666
569 669 0.615875
570 571 -1.446525
570 580 0.396235
570 670 0.823952
571 572 -0.386893
571 581 1.096838
571 671 0.907788
572 573 -1.247769
572 582 -0.222078
572 672 0.092956
573 574 2.049581
573 583 -0.112494
573 673 0.235478
574 575 -1.646210
574 584 2.530811
574 674 -0.830743
575 576 -0.044273
575 585 -0.912740
575 675 2.117245
576 577 -0.350535
576 586 -0.888218
576 676 -1.466693
577 578 -0.920143
577 587 -0.898782
577 677 -0.101585
578 579 0.111033
578 588 -0.877758
578 678 1.051859
579 570 0.967762
579 589 -2.524446
579 679 0.597182
580 581 -0.246969
580 590 -0.338463
580 680 0.466912
581 582 2.057046
581 591 1.525037
581 681 1.023825
582 583 1.226330
582 592 0.643671
582 682 1.746606
583 584 0.317448
583 593 -0.915150
583 683 1.425487
584 585 -0.399880
584 594 1.915966
584 684 -0.515513
585 586 -1.337955
585 595 0.959967
585 685 -0.550914
586 587 -1.661329
586 596 1.608140
586 686 -1.373574
587 588 0.486829
587 597 0.338727
587 687 0.970837
588 589 -0.513821
588 598 -1.782342
588 688 -0.217785
589 580 2.420274
589 599 0.446637
589 689 0.720607
590 591 0.041530
590 500 0.792647
590 690 0.832585
591 592 -0.613684
591 501 0.909521
591 691 -0.600220
592 593 -0.327721
592 502 -0.113759
592 692 0.238682
593 594 -1.104357
593 503 0.885929
593 693 2.233868
594 595 0.986817
594 504 -1.130565
594 694 0.643659
595 596 -1.331880
595 505 -0.937937
595 695 0.278374
596 597 -1.030503
596 506 -1.261914
596 696 -2.241488
597 598 1.598136
597 507 -0.137963
597 697 0.031812
598 599 0.372475
598 508 -0.311429
598 698 0.461166
599 590 -0.219401
599 509 0.436507
599 699 -1.284779
600 601 0.563463
600 610 1.168204
600 700 0.454950
601 602 0.191096
601 611 -0.413867
601 701 2.728401
602 603 -2.029756
602 612 3.134435
602 702 -1.679907
603 604 2.290759
603 613 0.209839
603 703 1.237087
604 605 -0.306535
604 614 0.376384
604 704 -3.483028
605 606 -0.939881
605 615 0.620514
605 705 -0.569292
606 607 -0.381091
606 616 -0.157367
606 706 -0.494905
607 608 -0.747843
607 617 2.167810
607 707 -0.471137
608 609 -0.000436
608 618 -0.117081
608 708 0.672298
609 600 -0.771313
609 619 -0.529439
609 709 -0.395490
610 611 -0.114345
610 620 0.626962
610 710 -0.003853
611 612 -0.781798
611 621 -0.064835
611 711 0.790419
612 613 0.429205
612 622 -1.342741
612 712 0.606007
613 614 -0.595049
613 623 0.956729
613 713 -0.443242
614 615 1.567225
614 624 0.229306
614 714 0.503520
615 616 -1.692582
615 625 -0.685821
615 715 -0.819369
616 617 0.158536
616 626 1.298096
616 716 -0.627465
617 618 0.092638
617 627 -0.351255
617 717 -0.937230
618 619 0.983385
618 628 -2.558798
618 718 1.969827
619 610 -1.385734
619 629 0.289656
619 719 1.065175
620 621 -0.312893
620 630 0.482837
620 720 -0.145898
621 622 0.422229
621 631 -0.190988
621 721 -0.071654
622 623 2.284410
622 632 -0.441692
622 722 -0.485945
623 624 -0.552339
623 633 -1.077386
623 723 0.124760
624 625 -2.192329
624 634 0.791981
624 724 0.524420
625 626 -0.885785
625 635 -1.228487
625 725 -0.370087
626 627 -1.016689
626 636 -0.106473
626 726 0.623986
627 628 1.429814
627 637 0.047678
627 727 0.297144
628 629 0.069487
628 638 -1.050185
628 728 -0.463317
629 620 0.827944
629 639 0.229854
629 729 0.309023
630 631 0.935850
630 640 -0.798464
630 730 -1.599622
631 632 0.905098
631 641 -0.210563
631 731 -1.685697
632 633 -0.700197
632 642 -0.740354
632 732 -1.126489
633 634 0.326494
633 643 -1.700362
633 733 -0.040676
634 635 0.584953
634 644 0.778488
634 734 0.439842
635 636 1.628550
635 645 -0.839732
635 735 0.989267
636 637 0.888904
636 646 -0.188403
636 736 0.151191
637 638 0.377479
637 647 -0.629898
637 737 -0.349288
638 639 0.654478
638 648 -1.568415
638 738 -1.645433
639 630 0.839825
639 649 1.622306
639 739 0.468572
640 641 1.564758
640 650 -0.035563
640 740 2.326140
641 642 -0.934691
641 651 1.122165
641 741 -1.134042
642 643 -1.079969
642 652 -0.820594
642 742 0.113720
643 644 0.363909
643 653 -0.221075
643 743 -0.074493
644 645 0.043970
644 654 -0.665551
644 744 -1.015382
645 646 -0.092344
645 655 -0.856411
645 745 -0.858269
646 647 -0.417648
646 656 0.269865
646 746 -0.290914
647 648 0.728639
647 657 1.645644
647 747 -1.669763
648 649 -0.918855
648 658 0.844374
648 748 -0.191709
649 640 -0.974006
649 659 -1.666360
649 749 -0.497630
650 651 0.283664
650 660 0.429266
650 750 0.949083
651 652 0.843964
651 661 -1.488774
651 751 -0.531186
652 653 -0.115137
652 662 -1.503743
652 752 1.654096
653 654 0.714188
653 663 -0.894163
653 753 -0.392590
654 655 -0.342089
654 664 1.226623
654 754 0.708790
655 656 -0.661693
655 665 -0.260167
655 755 0.225568
656 657 0.510185
656 666 1.077447
656 756 -0.646742
657 658 -0.159559
657 667 -1.220429
657 757 -1.400257
658 659 1.398217
658 668 -0.382809
658 758 -2.408182
659 650 1.970864
659 669 -0.696325
659 759 -1.070241
660 661 -0.172281
660 670 -0.061465
660 760 0.993448
661 662 -0.367724
661 671 -0.399613
661 761 0.981221
662 663 0.342056
662 672 1.433914
662 762 -1.331324
663 664 0.145266
663 673 -0.137540
663 763 1.413990
664 665 -1.635492
664 674 1.508770
664 764 0.884932
665 666 -0.855630
665 675 0.515556
665 765 0.312730
666 667 -0.024954
666 676 -0.144311
666 766 2.055321
667 668 -0.138412
667 677 1.091909
667 767 -1.053918
668 669 0.910796
668 678 0.772710
668 768 -0.710416
669 660 -1.048996
669 679 -0.530041
669 769 0.258954
670 671 -0.182403
670 680 1.012937
670 770 -2.019336
671 672 0.539144
671 681 -1.039112
671 771 -1.066959
672 673 0.263772
672 682 -1.170415
672 772 0.223711
673 674 1.884448
673 683 -1.488721
673 773 1.570789
674 675 1.078441
674 684 0.675118
674 774 -0.319445
675 676 1.593507
675 685 1.776206
675 775 -0.245545
676 677 -0.643833
676 686 -0.388559
676 776 -0.306345
677 678 -0.607829
677 687 0.101719
677 777 0.755154
678 679 -0.206660
678 688 0.410116
678 778 -1.654413
679 670 -0.650915
679 689 1.114859
679 779 -0.108877
680 681 1.055035
680 690 0.078721
680 780 2.522350
681 682 0.654018
681 691 2.404967
681 781 -0.886361
682 683 -1.854642
682 692 0.242995
682 782 1.411684
683 684 1.053279
683 693 0.675680
683 783 -0.353601
684 685 -0.321633
684 694 1.995787
684 784 0.123510
685 686 -0.850554
685 695 0.897551
685 785 -1.331163
686 687 1.056331
686 696 -0.149951
686 786 -0.281550
687 688 0.903859
687 697 -0.070818
687 787 -0.786700
688 689 1.290153
688 698 0.836470
688 788 0.683736
689 680 -0.166242
689 699 0.076716
689 789 1.304685
690 691 0.773257
690 600 -1.358634
690 790 -0.057988
691 692 1.483242
691 601 -0.259173
691 791 -1.842771
692 693 -1.133467
692 602 0.014227
692 792 0.823632
693 694 -0.624351
693 603 -1.639556
693 793 1.125604
694 695 0.254305
694 604 -0.212353
694 794 0.700486
695 696 0.350313
695 605 -0.866031
695 795 0.044463
696 697 -0.184128
696 606 1.444295
696 796 2.326182
697 698 0.076990
697 607 -0.950141
697 797 1.670597
698 699 0.781297
698 608 1.470165
698 798 0.591358
699 690 0.325598
699 609 1.038166
699 799 0.811641
700 701 -0.080634
700 710 0.728500
700 800 0.038902
701 702 0.546623
701 711 0.869069
701 801 0.045593
702 703 0.048163
702 712 1.422108
702 802 -1.683174
703 704 -0.734997
703 713 -0.191090
703 803 0.515702
704 705 -2.063134
704 714 -0.783491
704 804 -1.649586
705 706 0.089653
705 715 -1.427869
705 805 -1.609201
706 707 1.986211
706 716 1.392903
706 806 -0.126018
707 708 1.334117
707 717 1.130763
707 807 1.822006
708 709 0.627262
708 718 0.071250
708 808 -0.255486
709 700 -1.155412
709 719 1.466656
709 809 -1.154281
710 711 -0.298695
710 720 0.389454
710 810 -0.437304
711 712 -1.423006
711 721 1.356409
711 811 0.071746
712 713 2.690879
712 722 0.433585
712 812 -0.098160
713 714 -0.390490
713 723 0.825453
713 813 -1.551319
714 715 1.256406
714 724 0.131868
714 814 -0.159405
715 716 -0.418532
715 725 0.504428
715 815 -1.371042
716 717 0.757133
716 726 -0.167786
716 816 0.054353
717 718 0.651369
717 727 -0.156003
717 817 0.495838
718 719 0.051136
718 728 0.559487
718 818 -0.756450
719 710 -0.036274
719 729 -0.902698
719 819 0.204702
720 721 -1.474974
720 730 1.186911
720 820 -0.188038
721 722 -0.344700
721 731 -0.908036
721 821 -0.290015
722 723 1.108805
722 732 1.231290
722 822 -0.283770
723 724 -0.586911
723 733 -1.451671
723 823 -5.049769
724 725 1.969567
724 734 -0.700117
724 824 0.006390
725 726 1.029835
725 735 -0.707391
725 825 0.975787
726 727 0.325404
726 736 0.533528
726 826 -0.893357
727 728 -0.696417
727 737 1.220412
727 827 0.674679
728 729 -0.336910
728 738 -1.077366
728 828 0.076505
729 720 0.141826
729 739 0.524090
729 829 0.475754
730 731 -0.631323
730 740 -0.308436
730 830 0.546189
731 732 0.266772
731 741 0.547571
731 831 -1.183518
732 733 0.157019
732 742 1.002692
732 832 -1.023882
733 734 -0.567731
733 743 0.145607
733 833 0.322086
734 735 -0.042458
734 744 -0.648863
734 834 -1.309596
735 736 0.163948
735 745 -0.254925
735 835 0.862521
736 737 -0.978547
736 746 1.294134
736 836 -0.259127
737 738 1.670566
737 747 1.027144
737 837 0.903899
738 739 1.168340
738 748 0.147668
738 838 0.437110
739 730 0.274257
739 749 1.508758
739 839 0.824624
740 741 1.357329
740 750 -0.795000
740 840 0.657000
741 742 -0.030470
741 751 -0.833180
741 841 -1.059235
742 743 -0.796705
742 752 0.866473
742 842 -0.058798
743 744 1.401842
743 753 -1.272714
743 843 0.001213
744 745 1.039708
744 754 0.569209
744 844 -0.758489
745 746 -0.242793
745 755 0.222375
745 845 -1.016421
746 747 0.114554
746 756 -0.268204
746 846 -0.013035
747 748 0.429605
747 757 -0.675728
747 847 -1.246088
748 749 -0.197403
748 758 -0.286637
748 848 -0.678718
749 740 0.042716
749 759 0.200834
749 849 -1.758738
750 751 0.523455
750 760 0.411904
750 850 -0.199193
751 752 0.559732
751 761 -0.787905
751 851 0.677303
752 753 0.621551
752 762 -0.621996
752 852 -0.827439
753 754 -0.615997
753 763 -1.929474
753 853 -1.206346
754 755 0.408707
754 764 -0.647130
754 854 0.269946
755 756 -0.315218
755 765 2.219239
755 855 0.416197
756 757 1.282391
756 766 0.286237
756 856 -0.268376
757 758 -1.508390
757 767 0.032339
757 857 -0.616410
758 759 0.007657
758 768 -2.572623
758 858 1.353217
759 750 0.966804
759 769 -0.272963
759 859 0.624351
760 761 0.053019
760 770 -1.146033
760 860 -0.746406
761 762 0.196649
761 771 0.678309
761 861 0.376682
762 763 -0.049275
762 772 -1.684793
762 862 0.039477
763 764 -0.454229
763 773 1.245227
763 863 -0.567347
764 765 -0.421921
764 774 0.610775
764 864 0.236491
765 766 1.004441
765 775 0.755540
765 865 0.263510
766 767 -1.951125
766 776 -1.088462
766 866 0.206953
767 768 -0.538163
767 777 -0.168767
767 867 0.840782
768 769 0.208442
768 778 1.026343
768 868 0.523522
769 760 -1.601364
769 779 0.783899
769 869 -0.731244
770 771 -0.149360
770 780 2.924746
770 870 -1.690177
771 772 0.732695
771 781 0.808613
771 871 0.827213
772 773 -0.654444
772 782 0.418356
772 872 -0.682333
773 774 0.065564
773 783 0.766580
773 873 -1.958867
774 775 1.952702
774 784 0.172380
774 874 -0.553310
775 776 0.602790
775 785 0.813167
775 875 0.444028
776 777 1.077910
776 786 0.006453
776 876 -1.670171
777 778 0.489357
777 787 1.421145
777 877 -0.719635
778 779 -2.403330
778 788 1.162609
778 878 0.391676
779 770 -0.166862
779 789 0.645551
779 879 -0.348099
780 781 -1.137562
780 790 0.149813
780 880 -0.100628
781 782 -0.331773
781 791 0.740052
781 881 -0.336704
782 783 -0.232666
782 792 0.824801
782 882 0.468983
783 784 -1.033185
783 793 0.824830
783 883 2.052306
784 785 0.765876
784 794 0.802707
784 884 -0.166573
785 786 -1.416085
785 795 -0.090490
785 885 1.017990
786 787 0.095809
786 796 0.051645
786 886 -0.447366
787 788 1.999635
787 797 -0.423169
787 887 0.672113
788 789 -0.384652
788 798 1.130892
788 888 0.298594
789 780 -0.489418
789 799 0.986730
789 889 -1.170028
790 791 -1.084029
790 700 1.346029
790 890 -0.158169
791 792 -0.151170
791 701 0.080097
791 891 -0.072365
792 793 -1.937369
792 702 -0.142367
792 892 -0.223575
793 794 -0.745132
793 703 -0.501264
793 893 -0.299381
794 795 -0.303393
794 704 1.246126
794 894 -0.465985
795 796 1.565181
795 705 -0.348504
795 895 0.089785
796 797 0.086530
796 706 0.754053
796 896 -0.098725
797 798 0.962355
797 707 0.823133
797 897 1.734291
798 799 0.034474
798 708 0.006640
798 898 -0.703795
799 790 -0.496397
799 709 -1.455378
799 899 1.759156
800 801 0.032448
800 810 0.348134
800 900 0.386003
801 802 1.276979
801 811 0.876170
801 901 1.145118
802 803 0.544262
802 812 -1.212373
802 902 0.543707
803 804 0.497584
803 813 0.268895
803 903 -1.037742
804 805 -0.008555
804 814 0.462085
804 904 -0.710778
805 806 0.351030
805 815 -0.506434
805 905 -1.109500
806 807 0.209285
806 816 -0.217415
806 906 0.390319
807 808 1.209990
807 817 0.492301
807 907 -0.626473
808 809 -0.770395
808 818 -0.347926
808 908 -0.516932
809 800 -0.136447
809 819 -0.744775
809 909 -1.797710
810 811 1.945093
810 820 -1.134252
810 910 0.435943
811 812 -0.038579
811 821 -1.127828
811 911 -0.131284
812 813 -0.850738
812 822 1.324828
812 912 0.415791
813 814 0.673357
813 823 0.106555
813 913 -0.231235
814 815 0.520136
814 824 -0.194416
814 914 0.752555
815 816 -0.837016
815 825 1.441100
815 915 -0.534659
816 817 0.407521
816 826 -0.083795
816 916 1.175551
817 818 -0.280299
817 827 -0.335882
817 917 1.595902
818 819 -0.836439
818 828 -1.364070
818 918 0.168748
819 810 -0.423306
819 829 -1.687374
819 919 -0.410688
820 821 -0.269130
820 830 0.042551
820 920 0.321367
821 822 -0.958106
821 831 -0.845094
821 921 -0.084978
822 823 0.131156
822 832 0.283750
822 922 -0.989512
823 824 1.276165
823 833 0.558210
823 923 0.122637
824 825 0.292561
824 834 0.080434
824 924 0.542366
825 826 0.355844
825 835 -0.773461
825 925 1.424174
826 827 1.517837
826 836 -0.615931
826 926 0.722996
827 828 0.210512
827 837 -0.491238
827 927 0.274452
828 829 -1.399071
828 838 -0.544011
828 928 -0.739964
829 820 -0.397807
829 839 -0.100326
829 929 -1.576642
830 831 1.685679
830 840 -1.692689
830 930 0.562822
831 832 -0.010423
831 841 -0.691366
831 931 -0.573446
832 833 0.056156
832 842 0.207965
832 932 0.872304
833 834 0.586335
833 843 1.464305
833 933 -1.096612
834 835 0.475343
834 844 -0.310626
834 934 -0.376431
835 836 1.741204
835 845 1.044232
835 935 0.883014
836 837 -0.037093
836 846 0.098292
836 936 -2.066928
837 838 -0.336642
837 847 0.355899
837 937 -0.959803
838 839 -1.305205
838 848 -0.009880
838 938 2.703092
839 830 0.402577
839 849 0.379635
839 939 0.347396
840 841 -0.790990
840 850 -0.068803
840 940 0.654387
841 842 0.952699
841 851 -0.413045
841 941 0.109943
842 843 0.605109
842 852 -2.206759
842 942 -0.454919
843 844 0.682820
843 853 1.745354
843 943 0.196535
844 845 0.501189
844 854 0.471199
844 944 -0.227267
845 846 -0.056720
845 855 0.144299
845 945 0.338023
846 847 0.693151
846 856 -2.233830
846 946 -0.228221
847 848 1.753608
847 857 -0.502721
847 947 -0.761259
848 849 1.248369
848 858 0.100192
848 948 0.747624
849 840 3.634709
849 859 -0.762692
849 949 0.293512
850 851 -0.859376
850 860 -0.201589
850 950 1.324557
851 852 -1.443346
851 861 1.468404
851 951 -0.957582
852 853 0.314570
852 862 -0.756648
852 952 0.007857
853 854 -0.002711
853 863 -1.136845
853 953 -1.045703
854 855 -0.456084
854 864 -0.142676
854 954 -1.143189
855 856 -0.064398
855 865 -0.445164
855 955 0.328015
856 857 0.242318
856 866 -0.572197
856 956 0.419369
857 858 1.185464
857 867 0.756430
857 957 -0.483683
858 859 0.773412
858 868 -0.184761
858 958 -0.435819
859 850 -1.504606
859 869 0.264970
859 959 -1.806669
860 861 -1.433717
860 870 -0.998652
860 960 -1.064960
861 862 0.444420
861 871 0.232212
861 961 0.334065
862 863 -0.252907
862 872 0.621957
862 962 2.995210
863 864 -0.901459
863 873 0.069984
863 963 0.957259
864 865 -0.354972
864 874 0.452294
864 964 -1.115296
865 866 -0.881647
865 875 -0.138522
865 965 0.459373
866 867 0.237717
866 876 -0.459666
866 966 0.906652
867 868 0.591982
867 877 -1.241583
867 967 2.000527
868 869 -0.768261
868 878 1.020208
868 968 -0.728808
869 860 -0.847703
869 879 0.676778
869 969 1.398675
870 871 -0.022906
870 880 1.020581
870 970 -0.390857
871 872 -0.975342
871 881 -0.645912
871 971 -0.378218
872 873 -0.551856
872 882 -0.675379
872 972 -1.817888
873 874 1.073636
873 883 -0.561540
873 973 -1.341623
874 875 1.653324
874 884 1.795274
874 974 1.136875
875 876 -1.687870
875 885 -0.165997
875 975 -1.675166
876 877 0.829898
876 886 0.445622
876 976 -0.732065
877 878 0.154675
877 887 0.081938
877 977 -1.565492
878 879 -0.384469
878 888 0.959486
878 978 -1.384736
879 870 1.790434
879 889 0.012051
879 979 0.987165
880 881 -1.757000
880 890 -0.449096
880 980 -0.348323
881 882 0.014039
881 891 -0.747644
881 981 -0.167675
882 883 -0.299106
882 892 0.164767
882 982 -0.092726
883 884 -0.246165
883 893 -1.115964
883 983 -0.042453
884 885 1.000385
884 894 -1.551927
884 984 -0.244704
885 886 -0.720781
885 895 -0.267517
885 985 -1.866626
886 887 0.882912
886 896 -1.088288
886 986 -0.753498
887 888 0.896681
887 897 -0.353533
887 987 -0.262591
888 889 0.124901
888 898 -0.992864
888 988 0.264464
889 880 0.446343
889 899 0.473372
889 989 -0.404969
890 891 0.780637
890 800 1.017836
890 990 1.357360
891 892 -1.766504
891 801 0.218362
891 991 -1.274035
892 893 1.575470
892 802 -0.950423
892 992 -0.360091
893 894 0.940540
893 803 0.733629
893 993 -0.689060
894 895 1.426810
894 804 -1.297339
894 994 0.261047
895 896 -0.008713
895 805 2.151852
895 995 1.129486
896 897 0.019107
896 806 -1.858809
896 996 0.020852
897 898 0.730793
897 807 -0.337542
897 997 0.497770
898 899 0.699460
898 808 -0.925790
898 998 -1.038901
899 890 1.626240
899 809 0.228618
899 999 -0.925866
900 901 0.001112
900 910 -0.581437
900 0 -0.245734
901 902 1.179672
901 911 1.579615
901 1 -1.008256
902 903 -1.216892
902 912 -0.920248
902 2 1.021072
903 904 0.405909
903 913 0.132138
903 3 1.551664
904 905 -0.734788
904 914 -0.203115
904 4 -0.828106
905 906 0.339417
905 915 -0.628389
905 5 -0.075864
906 907 -0.807550
906 916 -1.101168
906 6 -0.335523
907 908 0.624990
907 917 0.361530
907 7 0.374724
908 909 0.846028
908 918 -0.209313
908 8 1.118536
909 900 -1.146660
909 919 0.044643
909 9 -0.129167
910 911 2.164093
910 920 1.660967
910 10 0.555890
911 912 0.500923
911 921 1.148598
911 11 0.396641
912 913 -1.224201
912 922 1.841679
912 12 0.411765
913 914 -0.761425
913 923 -0.368828
913 13 -0.555471
914 915 -0.026924
914 924 0.148640
914 14 -1.197959
915 916 1.545845
915 925 -1.231476
915 15 -2.239671
916 917 -0.814019
916 926 -0.858685
916 16 -0.014696
917 918 0.195810
917 927 -1.360691
917 17 0.149228
918 919 0.160438
918 928 1.330790
918 18 0.679258
919 910 0.023630
919 929 -1.158576
919 19 -0.325025
920 921 0.001589
920 930 -0.334721
920 20 1.548004
921 922 1.433786
921 931 1.390842
921 21 -0.041712
922 923 0.113996
922 932 -1.081058
922 22 -0.478118
923 924 0.456234
923 933 1.409559
923 23 -2.072722
924 925 -0.761109
924 934 -0.906743
924 24 0.233346
925 926 -0.586251
925 935 -1.707040
925 25 -0.572655
926 927 -1.111618
926 936 -1.282601
926 26 0.056934
927 928 -1.655317
927 937 -0.484988
927 27 0.566590
928 929 -1.128151
928 938 0.844543
928 28 0.178276
929 920 -0.930943
929 939 -0.447631
929 29 0.752325
930 931 0.728039
930 940 -0.444975
930 30 -1.152387
931 932 -0.468600
931 941 0.379413
931 31 -1.700908
932 933 1.156908
932 942 -0.442606
932 32 0.988063
933 934 2.111513
933 943 1.652840
933 33 0.092739
934 935 0.365913
934 944 -0.918278
934 34 1.394535
935 936 -1.574152
935 945 -0.515886
935 35 -0.580564
936 937 0.255706
936 946 0.040555
936 36 0.488464
937 938 -0.369976
937 947 1.052468
937 37 -0.131949
938 939 0.484424
938 948 -0.701110
938 38 -0.320469
939 930 -0.343223
939 949 -1.390914
939 39 1.672199
940 941 -0.241370
940 950 0.175230
940 40 0.699747
941 942 2.295059
941 951 1.099857
941 41 -1.189911
942 943 0.329979
942 952 -0.107578
942 42 -2.133683
943 944 1.222205
943 953 -1.847023
943 43 -0.146086
944 945 0.537788
944 954 0.891303
944 44 -1.764265
945 946 1.331032
945 955 -0.884733
945 45 1.429217
946 947 0.107330
946 956 2.745022
946 46 -0.283426
947 948 0.987874
947 957 -0.771074
947 47 -0.158393
948 949 -0.030285
948 958 0.379120
948 48 0.109240
949 940 0.033401
949 959 1.036407
949 49 0.584672
950 951 1.476719
950 960 -0.963657
950 50 -0.154729
951 952 1.024190
951 961 -1.029920
951 51 0.916815
952 953 0.346491
952 962 -0.005738
952 52 -1.621769
953 954 0.801060
953 963 0.669596
953 53 0.546196
954 955 0.736775
954 964 0.986988
954 54 0.152017
955 956 -0.187787
955 965 -0.260618
955 55 -0.938669
956 957 -1.117598
956 966 -0.558820
956 56 1.137017
957 958 -1.555734
957 967 2.595682
957 57 -1.754202
958 959 0.073391
958 968 0.581629
958 58 -0.628578
959 950 0.344931
959 969 0.462575
959 59 0.961564
960 961 -1.371918
960 970 -0.479355
960 60 -0.391059
961 962 -1.519623
961 971 1.175535
961 61 -1.180996
962 963 -0.929754
962 972 0.663716
962 62 0.504351
963 964 -0.182311
963 973 0.599642
963 63 -1.169982
964 965 0.451648
964 974 -1.091436
964 64 0.736503
965 966 -0.562420
965 975 0.348975
965 65 1.460019
966 967 0.186933
966 976 -0.496793
966 66 0.850038
967 968 -0.537251
967 977 -1.622404
967 67 1.015111
968 969 -1.888230
968 978 0.430162
968 68 0.299099
969 960 0.748750
969 979 -0.693270
969 69 -1.456844
970 971 1.845191
970 980 0.466486
970 70 -0.788391
971 972 0.232280
971 981 0.996275
971 71 0.929169
972 973 -0.903194
972 982 -1.099236
972 72 0.022201
973 974 1.843378
973 983 -0.044427
973 73 -1.225535
974 975 -0.723706
974 984 -0.839645
974 74 -0.978179
975 976 2.599976
975 985 -0.765295
975 75 2.221591
976 977 -2.031480
976 986 1.011374
976 76 1.618990
977 978 -0.394962
977 987 0.068914
977 77 -1.670772
978 979 -0.955977
978 988 0.537967
978 78 -0.905618
979 970 2.054877
979 989 -0.746267
979 79 1.370313
980 981 -1.149517
980 990 -2.024114
980 80 -0.358165
981 982 -0.187558
981 991 -1.795630
981 81 0.043759
982 983 0.117552
982 992 -0.100064
982 82 0.287642
983 984 -0.221158
983 993 -0.023103
983 83 0.178104
984 985 -0.784945
984 994 0.448904
984 84 -2.184813
985 986 0.450936
985 995 2.170651
985 85 1.076401
986 987 2.649923
986 996 0.427919
986 86 -1.237082
987 988 0.674424
987 997 0.153021
987 87 -2.061828
988 989 -0.893629
988 998 -1.399291
988 88 -0.011615
989 980 -1.312398
989 999 0.117257
989 89 0.801411
990 991 -1.016476
990 900 1.444850
990 90 -0.492581
991 992 0.403297
991 901 -2.240548
991 91 1.151988
992 993 -0.665849
992 902 0.766659
992 92 0.265811
993 994 0.498029
993 903 0.353634
993 93 1.116085
994 995 1.308009
994 904 -0.915278
994 94 0.840245
995 996 -0.563882
995 905 1.480123
995 95 -1.295872
996 997 0.039761
996 906 0.513276
996 96 -1.900500
997 998 -0.792945
997 907 -2.893560
997 97 1.933854
998 999 1.702967
998 908 -0.138129
998 98 0.233232
999 990 0.733357
999 909 -0.230217
999 99 0.177870
