0 1 0.568651
0 10 0.615452
0 100 0.703353
1 2 -0.375594
1 11 -2.076306
1 101 -0.634760
2 3 1.333147
2 12 0.645574
2 102 -0.100644
3 4 1.142948
3 13 -0.744427
3 103 -0.919850
4 5 0.220320
4 14 0.473665
4 104 1.146789
5 6 0.298678
5 15 0.144141
5 105 0.542382
6 7 -0.192973
6 16 -0.182093
6 106 -0.481455
7 8 -0.598720
7 17 0.279767
7 107 0.747999
8 9 0.218031
8 18 -0.856438
8 108 -0.402727
9 0 0.014857
9 19 0.584105
9 109 -0.435884
10 11 -0.333423
10 20 0.891631
10 110 -0.256529
11 12 0.269663
11 21 -1.482575
11 111 -0.148003
12 13 0.069609
12 22 0.165419
12 112 -0.048559
13 14 0.211741
13 23 0.784141
13 113 -1.096904
14 15 1.526844
14 24 -0.759963
14 114 -0.936913
15 16 -1.203439
15 25 0.211115
15 115 1.153306
16 17 -0.627047
16 26 -0.766765
16 116 -0.892794
17 18 0.372826
17 27 -0.018796
17 117 -1.880214
18 19 -0.207149
18 28 1.842288
18 118 -1.741836
19 10 0.379110
19 29 1.839887
19 119 1.454801
20 21 0.407628
20 30 1.190891
20 120 0.298511
21 22 0.807139
21 31 1.346733
21 121 -0.694108
22 23 -0.021379
22 32 1.007985
22 122 -0.716522
23 24 -0.189079
23 33 0.285617
23 123 -0.178358
24 25 0.463701
24 34 0.353443
24 124 0.230980
25 26 -0.956937
25 35 1.747447
25 125 2.374008
26 27 0.074602
26 36 0.497559
26 126 1.407083
27 28 -2.147734
27 37 -0.260018
27 127 1.970998
28 29 1.891891
28 38 -0.129171
28 128 -0.411235
29 20 -1.326360
29 39 0.382461
29 129 0.536267
30 31 -0.512631
30 40 -0.904087
30 130 -0.781828
31 32 -0.152405
31 41 0.729078
31 131 0.857120
32 33 -0.830018
32 42 -0.252470
32 132 0.491826
33 34 0.848093
33 43 0.121694
33 133 -1.871691
34 35 -1.576207
34 44 1.789072
34 134 2.318811
35 36 -0.009303
35 45 -0.155882
35 135 -1.590860
36 37 -1.709502
36 46 -0.115075
36 136 0.193413
37 38 0.707920
37 47 -1.039931
37 137 -0.052421
38 39 1.364558
38 48 0.316368
38 138 0.298850
39 30 1.442674
39 49 1.348320
39 139 -1.777479
40 41 0.550841
40 50 0.037985
40 140 -1.570202
41 42 -1.252235
41 51 -0.908423
41 141 -0.241572
42 43 0.568846
42 52 1.534373
42 142 0.338926
43 44 -0.537777
43 53 -0.127826
43 143 1.163629
44 45 0.892815
44 54 -0.279721
44 144 0.075676
45 46 0.177539
45 55 -0.519153
45 145 -0.059213
46 47 -0.755500
46 56 1.107065
46 146 -0.097590
47 48 0.229116
47 57 -0.397841
47 147 -0.397180
48 49 -0.817880
48 58 -0.515391
48 148 0.928609
49 40 -0.404983
49 59 0.446976
49 149 -0.364003
50 51 -2.779489
50 60 0.601488
50 150 -1.281458
51 52 0.172945
51 61 -0.539480
51 151 -0.828994
52 53 -0.561874
52 62 -0.522699
52 152 -1.482250
53 54 -0.246188
53 63 0.094303
53 153 1.052509
54 55 0.632204
54 64 -1.304995
54 154 0.526371
55 56 -1.858368
55 65 -0.006081
55 155 0.293332
56 57 2.030028
56 66 -1.199185
56 156 1.652687
57 58 1.410103
57 67 -0.067389
57 157 -2.015469
58 59 -2.174577
58 68 0.150271
58 158 0.339146
59 50 -0.713668
59 69 -0.622326
59 159 -0.719785
60 61 0.457279
60 70 0.400676
60 160 -0.649898
61 62 -0.109976
61 71 -0.278607
61 161 0.725454
62 63 0.365035
62 72 -0.031020
62 162 0.270118
63 64 -0.877757
63 73 -0.195520
63 163 -0.917282
64 65 -0.207358
64 74 -2.217520
64 164 0.466137
65 66 0.223013
65 75 -1.352590
65 165 1.208839
66 67 1.254043
66 76 1.391361
66 166 1.263232
67 68 2.230457
67 77 -0.460240
67 167 -1.883316
68 69 1.355270
68 78 0.404839
68 168 -0.675478
69 60 0.937123
69 79 1.182477
69 169 0.763423
70 71 1.274573
70 80 0.463986
70 170 -0.819045
71 72 0.909717
71 81 -1.112969
71 171 1.613217
72 73 -1.139098
72 82 0.939911
72 172 -0.131287
73 74 0.478563
73 83 0.243325
73 173 -0.665859
74 75 -0.566207
74 84 0.371767
74 174 2.598298
75 76 0.863103
75 85 0.403269
75 175 1.517786
76 77 -1.211307
76 86 1.174082
76 176 0.847500
77 78 -0.520348
77 87 0.738520
77 177 -1.175539
78 79 1.070513
78 88 0.157739
78 178 -0.975464
79 70 -0.429350
79 89 0.673475
79 179 0.614796
80 81 -2.123012
80 90 0.335180
80 180 -0.830150
81 82 0.402757
81 91 -0.998148
81 181 -0.575072
82 83 0.131496
82 92 -0.298576
82 182 0.241647
83 84 0.456339
83 93 0.114101
83 183 -0.564183
84 85 -0.293872
84 94 0.315343
84 184 0.945311
85 86 1.431821
85 95 0.934146
85 185 0.462462
86 87 1.576848
86 96 -0.887632
86 186 1.582448
87 88 -0.264023
87 97 -0.772760
87 187 -0.014775
88 89 0.523331
88 98 -0.672846
88 188 1.275419
89 80 1.035057
89 99 0.018582
89 189 -1.343683
90 91 -0.311033
90 0 0.966786
90 190 -0.275816
91 92 0.383197
91 1 2.185439
91 191 -0.935394
92 93 0.255915
92 2 0.380983
92 192 -0.479784
93 94 -1.747103
93 3 0.761226
93 193 0.157639
94 95 -1.115191
94 4 0.991532
94 194 -0.264161
95 96 -1.183392
95 5 1.503799
95 195 0.074418
96 97 -0.082297
96 6 -1.393798
96 196 0.121600
97 98 -0.067866
97 7 -1.228065
97 197 0.270059
98 99 -0.833258
98 8 -0.046918
98 198 0.243232
99 90 0.745778
99 9 1.499703
99 199 2.703989
100 101 -2.308801
100 110 0.574815
100 200 -0.334674
101 102 -0.607921
101 111 -1.328058
101 201 0.229673
102 103 1.233458
102 112 -0.077714
102 202 -0.215608
103 104 -1.470214
103 113 -0.586784
103 203 0.222110
104 105 -0.035493
104 114 1.678968
104 204 -1.634892
105 106 0.140431
105 115 2.018101
105 205 0.623567
106 107 -0.045999
106 116 1.634710
106 206 1.168658
107 108 1.442216
107 117 0.449582
107 207 0.187989
108 109 -0.041977
108 118 -0.270041
108 208 -0.288392
109 100 -0.460408
109 119 0.873848
109 209 0.639057
110 111 0.558266
110 120 -0.049005
110 210 -0.748521
111 112 0.376839
111 121 -0.929400
111 211 0.020061
112 113 -0.825845
112 122 0.608906
112 212 0.513631
113 114 0.995309
113 123 -0.232492
113 213 -1.115670
114 115 -0.352856
114 124 -1.491632
114 214 0.536423
115 116 0.792655
115 125 -0.475752
115 215 0.032620
116 117 -0.870858
116 126 -1.397097
116 216 1.091007
117 118 -1.169798
117 127 0.171781
117 217 -2.562691
118 119 -2.393098
118 128 -1.426406
118 218 -0.033551
119 110 0.093890
119 129 1.314946
119 219 0.485836
120 121 0.068028
120 130 -0.562356
120 220 -0.885875
121 122 -0.668948
121 131 1.297321
121 221 -1.008406
122 123 2.013261
122 132 -1.106474
122 222 1.273900
123 124 0.691093
123 133 1.236144
123 223 -1.674476
124 125 -0.039088
124 134 -0.367297
124 224 -0.819308
125 126 -0.888200
125 135 0.758519
125 225 0.765178
126 127 -0.301434
126 136 1.375887
126 226 -1.409360
127 128 1.306932
127 137 2.046300
127 227 0.029759
128 129 -1.156797
128 138 0.151809
128 228 -0.955253
129 120 -0.862830
129 139 -0.448015
129 229 -0.120267
130 131 -0.771005
130 140 0.870995
130 230 0.728863
131 132 -0.961592
131 141 0.702639
131 231 0.698903
132 133 -0.315332
132 142 -0.787688
132 232 -0.983990
133 134 -0.701575
133 143 -0.511112
133 233 1.945466
134 135 -1.678976
134 144 0.905668
134 234 -2.126206
135 136 -0.226345
135 145 -0.090791
135 235 0.738683
136 137 -0.420518
136 146 -1.166988
136 236 -0.238626
137 138 0.214791
137 147 0.477300
137 237 -0.007370
138 139 0.159790
138 148 -0.574312
138 238 0.105508
139 130 0.568383
139 149 -1.035573
139 239 -1.612827
140 141 -0.740097
140 150 -2.979039
140 240 0.885484
141 142 -1.176579
141 151 1.183605
141 241 0.933777
142 143 -0.751817
142 152 0.762138
142 242 0.031563
143 144 0.429102
143 153 -0.077078
143 243 1.620712
144 145 -2.004276
144 154 -0.188420
144 244 -1.254832
145 146 -1.338411
145 155 -0.836274
145 245 1.039425
146 147 0.505353
146 156 -1.663460
146 246 0.242534
147 148 0.075909
147 157 -0.364630
147 247 -0.474049
148 149 -0.206804
148 158 1.283518
148 248 -0.070093
149 140 -0.346205
149 159 0.740245
149 249 -0.979550
150 151 0.932038
150 160 -0.880905
150 250 0.022311
151 152 -0.122576
151 161 1.396146
151 251 -0.145996
152 153 -0.510574
152 162 -0.231403
152 252 1.498186
153 154 2.153566
153 163 0.680876
153 253 -0.446576
154 155 1.036276
154 164 -0.982078
154 254 0.658711
155 156 0.603089
155 165 0.150713
155 255 1.154595
156 157 -1.383339
156 166 -0.052117
156 256 0.750230
157 158 -0.102476
157 167 -0.774181
157 257 1.210102
158 159 -0.326148
158 168 2.409640
158 258 0.422011
159 150 1.166577
159 169 -0.163004
159 259 0.912606
160 161 -0.933341
160 170 0.362838
160 260 0.390051
161 162 -0.891010
161 171 -0.408426
161 261 -0.682337
162 163 -0.738533
162 172 -0.105320
162 262 0.585790
163 164 0.076883
163 173 0.024269
163 263 -1.056502
164 165 -0.330038
164 174 0.817732
164 264 1.287614
165 166 -1.143930
165 175 -0.332921
165 265 -0.323587
166 167 -1.658047
166 176 -1.389727
166 266 1.072832
167 168 -0.054334
167 177 -0.058147
167 267 -0.082176
168 169 -1.880481
168 178 0.655486
168 268 -1.689863
169 160 0.394089
169 179 -0.114870
169 269 -0.093244
170 171 1.061889
170 180 0.729230
170 270 0.517571
171 172 1.247699
171 181 1.131469
171 271 1.712330
172 173 1.524613
172 182 -1.335440
172 272 -0.297225
173 174 -0.869328
173 183 0.616555
173 273 1.192890
174 175 -0.736946
174 184 0.056951
174 274 1.135975
175 176 1.291396
175 185 -0.123561
175 275 -0.316515
176 177 -0.792820
176 186 1.302358
176 276 0.499726
177 178 2.293118
177 187 -1.086462
177 277 -0.637930
178 179 0.337008
178 188 -0.162499
178 278 1.396144
179 170 -0.142700
179 189 -0.142776
179 279 1.670281
180 181 -0.502481
180 190 0.529153
180 280 -0.875844
181 182 1.299139
181 191 -0.998719
181 281 -0.409251
182 183 0.300626
182 192 0.196798
182 282 1.126414
183 184 0.333497
183 193 -0.567170
183 283 1.365696
184 185 0.115551
184 194 0.104378
184 284 1.028968
185 186 1.071511
185 195 0.954249
185 285 -0.558601
186 187 -1.552863
186 196 1.966941
186 286 -0.551255
187 188 -0.336025
187 197 -0.072255
187 287 0.615378
188 189 -1.373170
188 198 -0.442609
188 288 0.026406
189 180 -0.639596
189 199 0.852756
189 289 0.172109
190 191 -1.230997
190 100 0.231479
190 290 1.312752
191 192 -1.081460
191 101 -0.027464
191 291 -0.901993
192 193 -0.232716
192 102 -0.077673
192 292 1.344270
193 194 1.540922
193 103 -0.053961
193 293 -0.558209
194 195 -1.204111
194 104 0.408189
194 294 0.226095
195 196 0.223699
195 105 -0.496096
195 295 0.188652
196 197 -0.545850
196 106 0.689238
196 296 -1.497828
197 198 -0.210281
197 107 -1.475954
197 297 -0.409811
198 199 -0.223987
198 108 -0.306832
198 298 -0.477566
199 190 -0.554087
199 109 -0.376411
199 299 0.851275
200 201 -0.484388
200 210 -0.487748
200 300 2.224414
201 202 0.743716
201 211 0.724900
201 301 0.519623
202 203 0.555691
202 212 0.403559
202 302 0.883398
203 204 0.721976
203 213 1.434526
203 303 1.460612
204 205 0.093921
204 214 0.484604
204 304 -0.128355
205 206 0.269305
205 215 1.329336
205 305 -1.724697
206 207 0.838616
206 216 -0.663509
206 306 1.577212
207 208 1.888589
207 217 -0.213325
207 307 -1.081794
208 209 -0.293431
208 218 0.410603
208 308 0.933358
209 200 0.710680
209 219 0.006757
209 309 0.583270
210 211 1.257897
210 220 1.014240
210 310 1.257984
211 212 -2.036375
211 221 0.378485
211 311 -0.308699
212 213 -0.460655
212 222 0.096257
212 312 1.000933
213 214 1.524906
213 223 0.691787
213 313 1.607969
214 215 -0.345920
214 224 0.796839
214 314 -0.383710
215 216 1.435650
215 225 0.165057
215 315 -2.640856
216 217 -1.265750
216 226 -1.127796
216 316 0.982570
217 218 -0.073130
217 227 -1.487490
217 317 -1.048647
218 219 0.829289
218 228 -0.050198
218 318 0.677504
219 210 -0.649399
219 229 2.186703
219 319 0.647015
220 221 -1.254957
220 230 1.656712
220 320 -1.554803
221 222 0.524330
221 231 0.826031
221 321 -1.095032
222 223 1.197113
222 232 0.757954
222 322 -1.561221
223 224 -0.251468
223 233 -0.293942
223 323 0.699539
224 225 -0.288643
224 234 0.317619
224 324 1.715495
225 226 -0.821922
225 235 -0.785944
225 325 0.313912
226 227 0.355433
226 236 -1.040090
226 326 -0.076058
227 228 -0.771018
227 237 -0.768922
227 327 0.776229
228 229 -0.473159
228 238 -2.015763
228 328 0.009380
229 220 -0.371232
229 239 -1.017134
229 329 0.970913
230 231 -0.356789
230 240 -0.454264
230 330 -0.652108
231 232 -1.020828
231 241 0.157425
231 331 -0.052346
232 233 -0.538562
232 242 -0.426754
232 332 1.189904
233 234 2.195400
233 243 1.868223
233 333 -1.274265
234 235 -0.209327
234 244 -0.029771
234 334 0.793918
235 236 0.165357
235 245 -0.973475
235 335 0.529449
236 237 0.385285
236 246 1.049943
236 336 0.690942
237 238 -0.356326
237 247 -1.344047
237 337 -0.189901
238 239 2.865247
238 248 -1.450727
238 338 0.690165
239 230 0.700359
239 249 0.296258
239 339 -0.365692
240 241 0.053990
240 250 -0.083862
240 340 0.485410
241 242 -0.452127
241 251 -1.179974
241 341 -0.752901
242 243 0.591932
242 252 0.166784
242 342 -0.002495
243 244 1.378238
243 253 0.519856
243 343 -0.254273
244 245 -1.078220
244 254 -0.008096
244 344 0.759331
245 246 1.047627
245 255 1.081415
245 345 0.862827
246 247 -0.528557
246 256 0.550439
246 346 -1.275434
247 248 -0.217402
247 257 -1.074206
247 347 -1.489355
248 249 -0.061130
248 258 -1.043246
248 348 -0.593545
249 240 0.169383
249 259 -0.431693
249 349 -0.173517
250 251 -0.826820
250 260 -0.936467
250 350 -1.503734
251 252 -0.082953
251 261 -1.179490
251 351 0.311210
252 253 0.255471
252 262 1.231979
252 352 -1.226288
253 254 -0.902104
253 263 -1.095296
253 353 0.312991
254 255 2.243201
254 264 0.618778
254 354 0.377180
255 256 -0.444738
255 265 0.706963
255 355 -1.008257
256 257 -1.180721
256 266 -0.145684
256 356 -0.012599
257 258 0.753128
257 267 -0.370816
257 357 -0.743201
258 259 0.742227
258 268 -0.644128
258 358 0.343297
259 250 1.336934
259 269 0.678694
259 359 0.006986
260 261 -1.407402
260 270 0.688392
260 360 -0.359961
261 262 -1.400064
261 271 -1.469259
261 361 1.298425
262 263 0.470326
262 272 0.052546
262 362 0.838176
263 264 1.127963
263 273 -0.024427
263 363 0.643436
264 265 -0.213586
264 274 0.147754
264 364 0.186368
265 266 -0.666374
265 275 1.057871
265 365 -0.239814
266 267 -1.061161
266 276 -0.460408
266 366 -0.456350
267 268 0.164939
267 277 -0.147700
267 367 2.032198
268 269 -0.984145
268 278 -1.384935
268 368 0.043433
269 260 -1.034822
269 279 -0.194274
269 369 -0.725120
270 271 0.422698
270 280 -0.260355
270 370 -0.423066
271 272 -0.976111
271 281 -0.759860
271 371 -0.978530
272 273 0.120069
272 282 -1.281885
272 372 0.041416
273 274 1.470028
273 283 -0.361736
273 373 -0.360920
274 275 -0.819445
274 284 -0.815918
274 374 -1.167324
275 276 1.063512
275 285 0.078042
275 375 -0.563559
276 277 -0.884246
276 286 0.046362
276 376 -0.426973
277 278 0.347358
277 287 0.989159
277 377 0.083024
278 279 0.947650
278 288 -0.611603
278 378 -0.328322
279 270 0.146862
279 289 1.124374
279 379 -1.368621
280 281 0.836064
280 290 0.245492
280 380 -0.381456
281 282 0.570717
281 291 0.650612
281 381 0.674187
282 283 -1.121120
282 292 1.489073
282 382 -1.813318
283 284 0.773479
283 293 -0.354475
283 383 -0.068494
284 285 -0.048879
284 294 0.020158
284 384 0.079007
285 286 -2.096005
285 295 -0.196287
285 385 -0.951851
286 287 0.636258
286 296 -1.536306
286 386 0.637025
287 288 -1.039591
287 297 -2.417094
287 387 -0.433042
288 289 0.911455
288 298 -0.304111
288 388 -0.764435
289 280 0.724108
289 299 0.495635
289 389 -0.321467
290 291 -1.009832
290 200 -1.508442
290 390 0.005129
291 292 -0.543452
291 201 -1.598460
291 391 0.003030
292 293 -0.099537
292 202 0.320424
292 392 -1.065248
293 294 0.157996
293 203 0.747919
293 393 -0.087839
294 295 0.044812
294 204 0.763009
294 394 -1.306857
295 296 0.344936
295 205 0.547045
295 395 -0.941583
296 297 2.708965
296 206 0.415901
296 396 -1.003083
297 298 -1.515195
297 207 0.121453
297 397 -0.608103
298 299 -0.539507
298 208 0.060285
298 398 -0.847942
299 290 -0.224777
299 209 -0.537904
299 399 0.815608
300 301 1.079786
300 310 -0.266005
300 400 0.165757
301 302 -2.014209
301 311 -1.213974
301 401 0.107798
302 303 0.951994
302 312 -1.656836
302 402 0.076012
303 304 -0.697942
303 313 1.852842
303 403 0.135775
304 305 1.867911
304 314 0.399769
304 404 0.676445
305 306 -0.186938
305 315 -1.121433
305 405 0.717018
306 307 -1.696258
306 316 0.288733
306 406 -0.353064
307 308 0.267964
307 317 -0.252912
307 407 0.651731
308 309 0.224970
308 318 0.498632
308 408 -0.763751
309 300 1.273816
309 319 -0.062550
309 409 -0.245418
310 311 2.761655
310 320 0.731227
310 410 -1.822992
311 312 -0.196770
311 321 -0.248332
311 411 0.078030
312 313 -0.688792
312 322 -0.441680
312 412 0.342679
313 314 -0.755930
313 323 -0.160454
313 413 1.647857
314 315 -0.242306
314 324 0.152855
314 414 -0.047759
315 316 1.926095
315 325 -0.138538
315 415 -0.446733
316 317 1.038639
316 326 -1.304712
316 416 0.653036
317 318 -0.709623
317 327 -1.106931
317 417 -0.687575
318 319 0.699089
318 328 -1.300500
318 418 0.123389
319 310 1.205528
319 329 -0.321856
319 419 -1.051596
320 321 0.215555
320 330 0.145738
320 420 1.522202
321 322 1.555955
321 331 -2.171611
321 421 1.132519
322 323 1.240612
322 332 -1.381154
322 422 0.637437
323 324 -0.318129
323 333 -1.359433
323 423 -1.020795
324 325 1.975401
324 334 -2.155818
324 424 0.288285
325 326 0.229463
325 335 -2.361041
325 425 -0.891012
326 327 -0.117115
326 336 0.678655
326 426 -1.343853
327 328 -0.432670
327 337 -0.714152
327 427 -0.060946
328 329 0.786269
328 338 0.983467
328 428 0.872923
329 320 -1.432732
329 339 -0.117909
329 429 -0.389873
330 331 0.480805
330 340 -0.325742
330 430 -0.218286
331 332 0.926429
331 341 -0.901612
331 431 -2.169149
332 333 1.024497
332 342 0.495282
332 432 0.150625
333 334 0.985805
333 343 0.398569
333 433 1.300765
334 335 -0.712390
334 344 0.716655
334 434 0.185684
335 336 -1.079474
335 345 0.409547
335 435 -1.569091
336 337 -1.773921
336 346 1.137754
336 436 1.514170
337 338 0.421113
337 347 -0.546230
337 437 0.450024
338 339 -0.371757
338 348 0.172076
338 438 0.531958
339 330 -0.991710
339 349 1.311378
339 439 -1.967526
340 341 0.068046
340 350 0.097253
340 440 -1.249700
341 342 -0.237091
341 351 1.631690
341 441 -0.829651
342 343 0.536225
342 352 1.095857
342 442 -0.769654
343 344 -0.357746
343 353 0.931218
343 443 -0.408074
344 345 0.118947
344 354 -1.067570
344 444 -0.321757
345 346 -0.135589
345 355 0.270498
345 445 -1.455068
346 347 -1.973852
346 356 0.882054
346 446 0.376849
347 348 2.154049
347 357 -0.155655
347 447 -0.231906
348 349 -0.447721
348 358 -1.165011
348 448 -0.118281
349 340 -0.888535
349 359 -0.382561
349 449 0.773836
350 351 -0.215874
350 360 0.509546
350 450 0.464442
351 352 1.301228
351 361 0.642587
351 451 -0.009578
352 353 1.471931
352 362 0.526446
352 452 -0.009881
353 354 1.066899
353 363 0.477985
353 453 -2.003886
354 355 0.557604
354 364 -1.451168
354 454 -1.320849
355 356 0.250165
355 365 0.064555
355 455 -0.982540
356 357 -0.856762
356 366 -0.773680
356 456 0.245627
357 358 0.030632
357 367 1.245409
357 457 -0.360994
358 359 -0.831090
358 368 1.294696
358 458 -0.329848
359 350 -0.138744
359 369 -0.521915
359 459 0.698553
360 361 0.727526
360 370 -0.039338
360 460 -0.546027
361 362 -0.592052
361 371 0.059087
361 461 1.057347
362 363 -2.940346
362 372 -1.845816
362 462 1.958402
363 364 1.303331
363 373 -0.441062
363 463 -1.075809
364 365 -0.865946
364 374 1.369562
364 464 0.189166
365 366 0.170378
365 375 -0.868045
365 465 -0.222098
366 367 -2.370188
366 376 -0.071096
366 466 -0.098772
367 368 0.072611
367 377 -0.680261
367 467 -0.009002
368 369 0.505251
368 378 0.141084
368 468 -1.673249
369 360 0.746820
369 379 0.054019
369 469 1.155084
370 371 0.130873
370 380 -1.162469
370 470 -0.714672
371 372 2.005809
371 381 0.260269
371 471 -0.672251
372 373 0.176555
372 382 -0.594104
372 472 0.056174
373 374 -0.376650
373 383 0.284066
373 473 0.778117
374 375 -0.452573
374 384 0.462474
374 474 -0.767896
375 376 -1.830379
375 385 -0.932247
375 475 -1.104058
376 377 -0.335264
376 386 -0.287224
376 476 -0.089115
377 378 0.552754
377 387 -0.482774
377 477 0.337932
378 379 0.805280
378 388 1.028266
378 478 0.551943
379 370 -0.395862
379 389 1.353524
379 479 0.401540
380 381 -1.837576
380 390 -0.606577
380 480 -0.100205
381 382 -0.772448
381 391 -0.435746
381 481 -0.521104
382 383 0.097629
382 392 -0.699890
382 482 0.405791
383 384 0.482888
383 393 0.179721
383 483 2.095622
384 385 1.306040
384 394 -1.748860
384 484 2.055725
385 386 0.040967
385 395 0.261557
385 485 -0.400805
386 387 -1.048652
386 396 0.020717
386 486 1.008849
387 388 0.919964
387 397 0.463593
387 487 -0.533020
388 389 0.420915
388 398 -0.022331
388 488 -0.776064
389 380 -0.045737
389 399 0.676768
389 489 -0.041969
390 391 -1.310077
390 300 1.866776
390 490 0.488861
391 392 -0.950193
391 301 -0.896368
391 491 0.427283
392 393 2.178660
392 302 0.957409
392 492 -0.567404
393 394 -1.920102
393 303 -0.415008
393 493 0.637802
394 395 -1.142753
394 304 2.157651
394 494 -0.042351
395 396 0.553688
395 305 1.024746
395 495 -1.151094
396 397 0.060237
396 306 0.533080
396 496 0.085760
397 398 -0.271615
397 307 0.212680
397 497 -0.734447
398 399 0.516550
398 308 -0.027603
398 498 -0.426060
399 390 -0.529624
399 309 -0.742381
399 499 -0.487043
400 401 0.595826
400 410 -0.707242
400 500 1.351641
401 402 0.971569
401 411 1.505834
401 501 0.611099
402 403 -0.506909
402 412 0.093148
402 502 -0.724963
403 404 -2.045353
403 413 0.071781
403 503 -0.122977
404 405 -1.479013
404 414 -0.596985
404 504 -0.376359
405 406 0.873289
405 415 -0.330888
405 505 -0.773713
406 407 -1.694898
406 416 -0.160556
406 506 0.994637
407 408 0.851880
407 417 1.007219
407 507 0.373179
408 409 0.303411
408 418 -0.017141
408 508 0.586118
409 400 -1.626370
409 419 -0.582182
409 509 -0.361431
410 411 0.517051
410 420 0.186230
410 510 0.196825
411 412 2.043913
411 421 1.302005
411 511 0.319658
412 413 -0.647537
412 422 -0.207660
412 512 0.098773
413 414 0.715222
413 423 1.044117
413 513 1.185044
414 415 -1.313275
414 424 -0.481235
414 514 -1.067619
415 416 -0.852265
415 425 -0.523533
415 515 -0.705523
416 417 0.792187
416 426 0.421178
416 516 -0.537360
417 418 1.299426
417 427 -0.667992
417 517 -0.489804
418 419 -0.598403
418 428 -0.698925
418 518 0.892177
419 410 1.890835
419 429 1.643029
419 519 0.922119
420 421 -0.546106
420 430 1.515607
420 520 0.537014
421 422 -0.495772
421 431 -0.040782
421 521 1.616337
422 423 -0.545726
422 432 -0.106743
422 522 -0.904051
423 424 0.599549
423 433 -2.366080
423 523 1.162735
424 425 0.117940
424 434 0.047046
424 524 0.316274
425 426 0.326130
425 435 -0.089792
425 525 0.160268
426 427 0.957865
426 436 -1.304001
426 526 -0.539605
427 428 -1.972609
427 437 0.667538
427 527 0.857460
428 429 0.230386
428 438 -2.099304
428 528 -0.227226
429 420 1.492722
429 439 0.959303
429 529 0.699609
430 431 -0.435527
430 440 -0.710541
430 530 1.667647
431 432 0.833417
431 441 1.755743
431 531 -0.355380
432 433 0.820673
432 442 0.869474
432 532 1.804796
433 434 -0.105915
433 443 -0.324425
433 533 -0.816846
434 435 0.211924
434 444 -0.040236
434 534 0.358176
435 436 0.050310
435 445 -2.459415
435 535 -1.201265
436 437 0.484319
436 446 0.077458
436 536 0.002598
437 438 0.567177
437 447 0.485300
437 537 0.860199
438 439 0.092309
438 448 -0.004652
438 538 -1.441758
439 430 -1.933305
439 449 0.286038
439 539 -0.703332
440 441 -0.176574
440 450 0.567593
440 540 0.084887
441 442 0.865480
441 451 0.476555
441 541 -0.624836
442 443 1.324850
442 452 0.738516
442 542 2.038912
443 444 0.216538
443 453 0.021677
443 543 0.484622
444 445 0.891839
444 454 -0.362030
444 544 -0.613417
445 446 0.948618
445 455 0.170493
445 545 -0.805231
446 447 -0.292689
446 456 -0.716557
446 546 -0.902565
447 448 1.074972
447 457 0.220508
447 547 -0.602727
448 449 1.885604
448 458 -0.865323
448 548 0.958300
449 440 0.284156
449 459 -0.470191
449 549 0.730223
450 451 0.553851
450 460 0.247286
450 550 -1.143092
451 452 -0.611348
451 461 -0.003841
451 551 -0.161021
452 453 -0.392532
452 462 -0.053550
452 552 -0.397636
453 454 0.727251
453 463 0.347990
453 553 1.061957
454 455 -0.279443
454 464 0.424043
454 554 -1.086871
455 456 1.495159
455 465 -0.269555
455 555 0.079309
456 457 -1.864955
456 466 -0.863682
456 556 -1.280969
457 458 -1.160140
457 467 -0.305485
457 557 0.023277
458 459 0.630515
458 468 0.539054
458 558 0.336481
459 450 0.803842
459 469 -0.008691
459 559 -0.004780
460 461 -0.351863
460 470 1.210647
460 560 -0.470270
461 462 -0.534628
461 471 0.749031
461 561 -0.105980
462 463 -0.627013
462 472 0.841748
462 562 -0.044067
463 464 -1.335043
463 473 1.191366
463 563 1.398445
464 465 -0.282316
464 474 -0.311927
464 564 0.801014
465 466 -0.342807
465 475 -0.765432
465 565 0.387525
466 467 1.022763
466 476 0.789867
466 566 -0.109824
467 468 0.340232
467 477 1.402254
467 567 0.109889
468 469 -1.099250
468 478 1.445341
468 568 -0.096492
469 460 1.237670
469 479 1.414133
469 569 0.402941
470 471 -0.586459
470 480 -0.489884
470 570 -0.295336
471 472 -0.554328
471 481 0.544174
471 571 -2.254843
472 473 -0.365532
472 482 -0.919415
472 572 0.424371
473 474 -0.051013
473 483 1.311624
473 573 -0.311985
474 475 0.318701
474 484 1.409139
474 574 0.233247
475 476 0.821266
475 485 -0.446460
475 575 -0.236938
476 477 1.451492
476 486 1.259705
476 576 -1.593195
477 478 -0.138320
477 487 0.301592
477 577 0.283872
478 479 -1.161575
478 488 -0.085593
478 578 -1.341865
479 470 -0.469380
479 489 -1.162410
479 579 1.157065
480 481 1.192790
480 490 2.727250
480 580 0.516782
481 482 0.005357
481 491 1.088044
481 581 1.329346
482 483 -0.824579
482 492 0.704310
482 582 -0.127892
483 484 -1.892866
483 493 -0.911632
483 583 0.628867
484 485 0.076430
484 494 -1.401538
484 584 -0.371611
485 486 0.870224
485 495 1.564732
485 585 0.200060
486 487 0.331610
486 496 -0.148222
486 586 1.196689
487 488 0.392348
487 497 1.865692
487 587 -0.751245
488 489 -0.218546
488 498 1.550193
488 588 -0.409464
489 480 0.279301
489 499 -0.742553
489 589 0.707213
490 491 -0.303508
490 400 -1.902196
490 590 0.205373
491 492 1.830326
491 401 2.340912
491 591 -0.697727
492 493 0.686834
492 402 0.573628
492 592 -0.378428
493 494 0.223168
493 403 0.505792
493 593 -1.381392
494 495 -0.054474
494 404 -1.045202
494 594 -1.316089
495 496 0.041150
495 405 -0.131109
495 595 -0.813944
496 497 -0.219682
496 406 0.042728
496 596 0.848323
497 498 0.637229
497 407 0.334597
497 597 -0.768220
498 499 -1.461679
498 408 1.784845
498 598 -0.896920
499 490 -1.064972
499 409 0.094787
499 599 -1.298840
500 501 -1.691914
500 510 0.692495
500 600 -0.250949
501 502 -0.522952
501 511 1.452336
501 601 -0.113526
502 503 0.774994
502 512 0.214879
502 602 -0.384951
503 504 -1.799509
503 513 0.333288
503 603 1.316103
504 505 -0.496472
504 514 -1.123282
504 604 -2.259892
505 506 -0.154031
505 515 -1.630677
505 605 -0.212979
506 507 -0.149419
506 516 -0.712916
506 606 -0.098940
507 508 -1.232964
507 517 -1.136088
507 607 -0.517167
508 509 0.026702
508 518 0.679135
508 608 -0.176841
509 500 -1.957691
509 519 -0.164217
509 609 -0.229289
510 511 -1.104639
510 520 -0.583894
510 610 1.464851
511 512 -0.808577
511 521 -0.352513
511 611 -1.883409
512 513 0.387919
512 522 -1.272711
512 612 3.730560
513 514 1.158302
513 523 -0.766245
513 613 1.360375
514 515 -0.596379
514 524 -2.032152
514 614 -1.792134
515 516 -1.237719
515 525 0.078293
515 615 -0.765425
516 517 0.330912
516 526 -0.129938
516 616 1.249440
517 518 0.658024
517 527 -1.439199
517 617 -1.395361
518 519 0.971166
518 528 0.780850
518 618 -0.323966
519 510 1.297216
519 529 0.350096
519 619 -1.770601
520 521 -0.579464
520 530 0.236299
520 620 0.134763
521 522 -1.939657
521 531 1.146180
521 621 -0.438107
522 523 1.814515
522 532 0.547578
522 622 -0.432781
523 524 0.903719
523 533 -0.888742
523 623 0.379939
524 525 -1.435127
524 534 0.111597
524 624 -0.774465
525 526 0.147869
525 535 -1.332951
525 625 -1.048567
526 527 -1.367731
526 536 -0.695540
526 626 -0.065933
527 528 -0.278486
527 537 -2.184877
527 627 -0.918712
528 529 0.901802
528 538 0.560395
528 628 -0.248354
529 520 -0.581449
529 539 -1.895423
529 629 1.510720
530 531 0.228444
530 540 0.338470
530 630 0.510575
531 532 -0.811216
531 541 1.995877
531 631 -0.197615
532 533 1.080049
532 542 -1.011082
532 632 -1.703840
533 534 -0.688657
533 543 -0.182409
533 633 -0.259273
534 535 1.641718
534 544 0.729232
534 634 1.555644
535 536 -0.597934
535 545 -1.010739
535 635 0.751050
536 537 -0.812052
536 546 0.100204
536 636 -0.642244
537 538 -2.094950
537 547 0.156003
537 637 -0.100452
538 539 -0.811447
538 548 -0.971423
538 638 -0.300395
539 530 -0.495884
539 549 -1.305925
539 639 -0.030203
540 541 -0.654438
540 550 -0.960851
540 640 -0.131092
541 542 -0.303831
541 551 -1.210033
541 641 -2.194254
542 543 -0.731827
542 552 -0.262318
542 642 2.345624
543 544 1.169906
543 553 1.760131
543 643 0.727979
544 545 1.367808
544 554 1.444343
544 644 -1.171560
545 546 2.528855
545 555 0.895346
545 645 -0.133478
546 547 1.067238
546 556 -0.974490
546 646 0.475767
547 548 1.435857
547 557 -1.248264
547 647 -1.002207
548 549 -0.109314
548 558 -2.709544
548 648 1.153457
549 540 -0.149641
549 559 0.645700
549 649 -0.288680
550 551 -0.762661
550 560 1.780752
550 650 0.588152
551 552 0.107509
551 561 0.271930
551 651 0.118169
552 553 -0.745648
552 562 0.652293
552 652 1.786306
553 554 -1.307959
553 563 -0.583627
553 653 0.632151
554 555 0.296281
554 564 0.052914
554 654 -1.089141
555 556 0.547635
555 565 -0.000986
555 655 0.408925
556 557 -0.160216
556 566 0.742474
556 656 0.082863
557 558 0.615205
557 567 0.073990
557 657 0.049279
558 559 -1.245137
558 568 0.110483
558 658 1.252929
559 550 0.535155
559 569 1.501744
559 659 0.360033
560 561 -0.294363
560 570 0.768486
560 660 -0.517813
561 562 1.064924
561 571 -1.289187
561 661 1.471570
562 563 1.209185
562 572 -1.282386
562 662 0.116076
563 564 -0.989133
563 573 1.153770
563 663 0.354805
564 565 2.352603
564 574 -1.139826
564 664 1.322715
565 566 0.603888
565 575 0.044949
565 665 0.129602
566 567 -0.519270
566 576 1.168030
566 666 -0.002253
567 568 1.234997
567 577 1.590755
567 667 -1.420264
568 569 0.683453
568 578 0.066476
568 668 -1.425880
569 560 0.164786
569 579 1.456624
569 669 -0.651554
570 571 0.763655
570 580 0.024048
570 670 -1.118574
571 572 -0.389421
571 581 -0.380864
571 671 2.327558
572 573 0.097038
572 582 1.133112
572 672 0.648028
573 574 0.922235
573 583 2.632216
573 673 -0.136457
574 575 -1.080280
574 584 -2.487285
574 674 1.011627
575 576 -0.215676
575 585 0.926269
575 675 1.573063
576 577 -0.200738
576 586 1.225584
576 676 -0.550168
577 578 0.552566
577 587 -0.484433
577 677 -0.305293
578 579 1.063438
578 588 1.692035
578 678 -0.554308
579 570 0.327760
579 589 -0.688040
579 679 -0.640127
580 581 -1.302120
580 590 -0.021977
580 680 0.230954
581 582 -0.093329
581 591 -0.453227
581 681 -0.472007
582 583 1.707566
582 592 -0.570869
582 682 -0.040294
583 584 -0.481529
583 593 0.826641
583 683 -0.040870
584 585 -0.133432
584 594 -2.004823
584 684 -0.364773
585 586 -0.212326
585 595 -0.918070
585 685 -0.571936
586 587 0.710993
586 596 0.186053
586 686 1.437395
587 588 0.650213
587 597 0.940534
587 687 -0.332316
588 589 -0.817184
588 598 1.502596
588 688 0.099713
589 580 0.488370
589 599 -0.722971
589 689 -1.806042
590 591 0.671121
590 500 -0.544527
590 690 0.227466
591 592 0.311810
591 501 -2.290233
591 691 1.186235
592 593 -0.926465
592 502 -1.609009
592 692 -0.005435
593 594 -0.936464
593 503 -0.417238
593 693 1.399779
594 595 -1.137399
594 504 -0.135343
594 694 -0.745504
595 596 -0.998861
595 505 1.639235
595 695 -1.658766
596 597 -1.302147
596 506 0.917682
596 696 -0.941131
597 598 -1.363489
597 507 1.707549
597 697 0.866666
598 599 -0.659093
598 508 -0.598897
598 698 -0.919207
599 590 1.485223
599 509 0.331958
599 699 -0.202943
600 601 1.582048
600 610 0.689752
600 700 0.905512
601 602 -0.401355
601 611 0.351087
601 701 -0.761703
602 603 1.064848
602 612 1.362913
602 702 1.139837
603 604 2.492555
603 613 -0.682073
603 703 0.534341
604 605 0.821455
604 614 1.200393
604 704 0.304856
605 606 -1.143048
605 615 -0.000774
605 705 1.248453
606 607 -0.139047
606 616 0.398408
606 706 -0.743196
607 608 0.307291
607 617 0.103261
607 707 1.747263
608 609 -0.961532
608 618 -0.019483
608 708 1.784799
609 600 1.472586
609 619 -0.953375
609 709 -0.006434
610 611 -0.741389
610 620 -0.247378
610 710 0.388476
611 612 0.035455
611 621 -1.208415
611 711 -1.019938
612 613 1.422394
612 622 -0.541846
612 712 -0.343345
613 614 0.914687
613 623 1.530449
613 713 -0.828563
614 615 -0.687835
614 624 2.071974
614 714 -0.229162
615 616 0.971580
615 625 -1.051616
615 715 -0.032229
616 617 -1.104650
616 626 -0.736252
616 716 0.160806
617 618 -0.011458
617 627 -0.224318
617 717 -0.045907
618 619 -0.177848
618 628 -2.148671
618 718 -0.424498
619 610 -0.348368
619 629 -1.709537
619 719 -0.849863
620 621 -0.135447
620 630 -2.794813
620 720 -0.507117
621 622 1.825864
621 631 0.118649
621 721 0.190251
622 623 1.095852
622 632 -0.764942
622 722 1.486950
623 624 0.808956
623 633 1.159223
623 723 -0.568214
624 625 1.274867
624 634 -1.838583
624 724 0.880143
625 626 -1.279129
625 635 0.143894
625 725 2.698317
626 627 -0.034148
626 636 0.490677
626 726 0.783144
627 628 -1.526858
627 637 0.190164
627 727 -0.141602
628 629 0.058550
628 638 1.690427
628 728 -2.463103
629 620 -0.982358
629 639 -0.712060
629 729 -0.571718
630 631 -1.443600
630 640 -0.172029
630 730 -2.127495
631 632 -0.017817
631 641 0.123719
631 731 0.452879
632 633 0.953561
632 642 1.575025
632 732 -1.295776
633 634 0.654057
633 643 -1.003289
633 733 0.615113
634 635 1.766394
634 644 -0.443593
634 734 0.270228
635 636 -0.598613
635 645 0.066196
635 735 0.493532
636 637 -0.109515
636 646 0.605262
636 736 -0.841205
637 638 0.347883
637 647 0.544898
637 737 -2.300288
638 639 0.413201
638 648 -1.077155
638 738 2.631177
639 630 2.549672
639 649 0.362417
639 739 -0.170226
640 641 1.329589
640 650 0.235161
640 740 -2.036147
641 642 1.324607
641 651 -1.445926
641 741 0.805047
642 643 1.399714
642 652 1.317834
642 742 -0.949588
643 644 -0.346593
643 653 1.645527
643 743 0.850473
644 645 0.134332
644 654 -2.658892
644 744 -0.727638
645 646 -0.775858
645 655 2.071811
645 745 -0.313666
646 647 0.036122
646 656 -0.616789
646 746 0.051398
647 648 0.843768
647 657 0.896048
647 747 0.150399
648 649 0.940602
648 658 -0.644396
648 748 -1.080606
649 640 -1.864249
649 659 -0.005483
649 749 -0.098549
650 651 -1.767235
650 660 1.013851
650 750 -2.330211
651 652 -0.642848
651 661 0.161472
651 751 0.064752
652 653 0.112103
652 662 -0.248812
652 752 -0.153595
653 654 0.437202
653 663 -0.262713
653 753 -0.054866
654 655 0.542185
654 664 -0.056264
654 754 0.530447
655 656 0.158475
655 665 0.315818
655 755 0.213348
656 657 0.217641
656 666 -0.200987
656 756 -0.969932
657 658 -1.774439
657 667 0.930091
657 757 -0.468636
658 659 -0.390981
658 668 -0.525958
658 758 2.759989
659 650 0.782198
659 669 0.884194
659 759 -0.305935
660 661 0.224809
660 670 -1.217050
660 760 -0.430764
661 662 2.678805
661 671 -0.888304
661 761 -0.639476
662 663 0.218219
662 672 0.125882
662 762 -1.471536
663 664 0.732412
663 673 0.460306
663 763 -0.188766
664 665 -0.980084
664 674 -0.801420
664 764 1.532033
665 666 -1.061253
665 675 2.180840
665 765 0.724258
666 667 0.654736
666 676 -1.237220
666 766 -0.564124
667 668 1.828514
667 677 -0.538785
667 767 -0.547341
668 669 0.789412
668 678 -0.025803
668 768 2.124826
669 660 -0.375680
669 679 0.104401
669 769 -0.021767
670 671 0.392044
670 680 0.367384
670 770 0.995905
671 672 1.121644
671 681 -0.312344
671 771 -0.514739
672 673 1.038063
672 682 -0.102757
672 772 1.041172
673 674 0.018286
673 683 -0.337055
673 773 0.480522
674 675 -1.301621
674 684 1.237783
674 774 0.572784
675 676 -1.537193
675 685 1.770873
675 775 -0.059389
676 677 -0.317397
676 686 -0.844370
676 776 0.136779
677 678 0.132799
677 687 0.435161
677 777 -0.535142
678 679 -1.315156
678 688 0.167928
678 778 -0.049778
679 670 -0.340806
679 689 -0.341785
679 779 0.797709
680 681 0.897550
680 690 0.523680
680 780 0.930690
681 682 -1.855439
681 691 -0.982789
681 781 -0.473319
682 683 -1.403549
682 692 0.273592
682 782 0.050275
683 684 2.455529
683 693 0.057925
683 783 0.591510
684 685 0.361006
684 694 -0.667235
684 784 -0.072835
685 686 -0.480533
685 695 0.527736
685 785 -2.096392
686 687 -1.319370
686 696 -0.104695
686 786 0.779960
687 688 -0.532738
687 697 0.238376
687 787 1.327419
688 689 -0.288895
688 698 1.509405
688 788 0.312582
689 680 0.556524
689 699 0.382403
689 789 0.589472
690 691 -0.237220
690 600 -0.019125
690 790 2.585049
691 692 1.320818
691 601 -0.024474
691 791 0.006855
692 693 -1.038309
692 602 -0.890768
692 792 0.786256
693 694 1.690160
693 603 -0.731736
693 793 2.350458
694 695 0.610918
694 604 0.368353
694 794 -0.889061
695 696 -0.570188
695 605 1.168529
695 795 0.777920
696 697 0.186966
696 606 -0.040587
696 796 0.246710
697 698 0.179568
697 607 0.620247
697 797 -0.754191
698 699 -0.523564
698 608 -0.227247
698 798 0.396613
699 690 0.585268
699 609 1.469556
699 799 -0.434285
700 701 0.480862
700 710 0.497496
700 800 -0.933128
701 702 -2.342260
701 711 0.083662
701 801 1.600249
702 703 -1.458047
702 712 1.522638
702 802 0.218165
703 704 -0.337357
703 713 -0.712362
703 803 -0.392811
704 705 0.223757
704 714 0.863907
704 804 -0.465060
705 706 -0.620531
705 715 0.010508
705 805 -0.186799
706 707 -2.938939
706 716 2.439714
706 806 -1.585705
707 708 -0.112545
707 717 1.187302
707 807 0.101089
708 709 -0.117619
708 718 -0.602946
708 808 1.664862
709 700 0.617912
709 719 0.591958
709 809 0.434037
710 711 -0.801785
710 720 0.277217
710 810 0.350008
711 712 -0.954068
711 721 -1.040616
711 811 -0.451080
712 713 -0.343218
712 722 -0.469307
712 812 -0.390735
713 714 0.372025
713 723 0.311257
713 813 0.891186
714 715 0.602585
714 724 -1.105920
714 814 -0.954599
715 716 0.346739
715 725 -1.463261
715 815 -0.468576
716 717 1.098648
716 726 0.435486
716 816 0.487658
717 718 -0.809489
717 727 -0.637293
717 817 1.270882
718 719 -0.697972
718 728 0.070712
718 818 0.393058
719 710 0.382913
719 729 1.228941
719 819 -0.175600
720 721 0.417415
720 730 -0.001584
720 820 -0.342322
721 722 -1.551265
721 731 0.015647
721 821 -0.187320
722 723 0.474959
722 732 -0.497106
722 822 1.512380
723 724 -0.885499
723 733 -0.607305
723 823 0.228830
724 725 -0.304127
724 734 0.100896
724 824 -0.740991
725 726 0.352038
725 735 0.092348
725 825 1.297060
726 727 -0.977005
726 736 -1.250420
726 826 0.331095
727 728 0.780282
727 737 1.739936
727 827 -1.314043
728 729 -1.449608
728 738 -0.371408
728 828 0.380063
729 720 -0.443089
729 739 0.644287
729 829 1.536839
730 731 1.310336
730 740 0.435240
730 830 0.166108
731 732 -0.041925
731 741 -0.987623
731 831 0.229309
732 733 1.522762
732 742 -1.131508
732 832 -2.008188
733 734 2.560967
733 743 0.290942
733 833 0.781858
734 735 1.833962
734 744 -0.612923
734 834 -0.397219
735 736 0.132969
735 745 -0.732444
735 835 1.431235
736 737 0.148733
736 746 -0.106129
736 836 1.865832
737 738 0.496138
737 747 0.720048
737 837 -0.238076
738 739 0.088923
738 748 0.617665
738 838 -3.199556
739 730 -0.771972
739 749 0.089569
739 839 -0.752080
740 741 -0.977504
740 750 -2.162949
740 840 0.977300
741 742 -0.254770
741 751 -0.248931
741 841 2.364628
742 743 -0.668224
742 752 0.387804
742 842 -0.395146
743 744 -0.883382
743 753 -1.311824
743 843 -0.905143
744 745 -0.487872
744 754 -0.088355
744 844 0.450590
745 746 -1.510896
745 755 1.802699
745 845 0.277470
746 747 1.376447
746 756 -0.683674
746 846 1.041888
747 748 1.230522
747 757 1.155649
747 847 -1.497329
748 749 0.266604
748 758 1.113368
748 848 -0.590565
749 740 -0.586364
749 759 0.189262
749 849 -0.231627
750 751 -0.202380
750 760 0.495126
750 850 -0.302383
751 752 0.547167
751 761 0.229419
751 851 -1.816443
752 753 0.054627
752 762 -1.986876
752 852 -0.239416
753 754 -0.995895
753 763 -0.538600
753 853 0.619322
754 755 -0.339048
754 764 -0.522364
754 854 0.117086
755 756 1.835224
755 765 0.466647
755 855 0.698684
756 757 -0.777237
756 766 1.435884
756 856 0.127570
757 758 -0.147270
757 767 -0.843484
757 857 1.404217
758 759 0.210550
758 768 -1.082886
758 858 -1.682686
759 750 0.088173
759 769 0.146767
759 859 -1.144052
760 761 -2.165030
760 770 -0.755302
760 860 -0.193128
761 762 -0.676751
761 771 1.066887
761 861 1.441129
762 763 1.180545
762 772 0.270952
762 862 0.738536
763 764 0.289781
763 773 -0.651337
763 863 0.503781
764 765 1.087621
764 774 0.428902
764 864 -0.721210
765 766 -0.193659
765 775 -0.146231
765 865 1.583444
766 767 -0.992618
766 776 0.512016
766 866 0.638819
767 768 -0.495853
767 777 -0.521934
767 867 -1.013545
768 769 -2.222579
768 778 -1.375129
768 868 0.620092
769 760 1.616158
769 779 1.138786
769 869 -0.330666
770 771 2.862770
770 780 -0.156558
770 870 1.384634
771 772 -0.181938
771 781 0.730945
771 871 -1.703985
772 773 -0.628555
772 782 -2.166594
772 872 0.298727
773 774 -0.112614
773 783 0.281913
773 873 -1.358363
774 775 0.142889
774 784 0.421963
774 874 0.275633
775 776 1.493699
775 785 -1.248679
775 875 1.455582
776 777 1.103652
776 786 -0.566936
776 876 -0.798808
777 778 0.294661
777 787 -1.310870
777 877 0.266766
778 779 -0.608609
778 788 -0.794048
778 878 -1.645942
779 770 0.840295
779 789 0.165546
779 879 1.343758
780 781 -0.679514
780 790 -0.446435
780 880 0.232135
781 782 1.179322
781 791 -0.926598
781 881 1.570857
782 783 -1.142991
782 792 0.448117
782 882 -1.342430
783 784 2.556343
783 793 1.144516
783 883 1.668907
784 785 -2.350247
784 794 -1.104877
784 884 0.883456
785 786 0.628675
785 795 -0.960448
785 885 -1.443321
786 787 0.439354
786 796 -0.473287
786 886 -1.895002
787 788 -0.483139
787 797 0.966778
787 887 1.173463
788 789 1.947568
788 798 -0.276806
788 888 1.132238
789 780 0.402346
789 799 -1.485082
789 889 -0.547873
790 791 0.899778
790 700 1.265571
790 890 0.197081
791 792 -0.114901
791 701 0.454764
791 891 -1.765337
792 793 -1.197093
792 702 0.926157
792 892 -0.581601
793 794 0.592540
793 703 0.650683
793 893 -1.943379
794 795 -2.008661
794 704 -0.350587
794 894 1.239892
795 796 -1.071643
795 705 0.078395
795 895 0.335382
796 797 1.118689
796 706 -0.821057
796 896 -1.026041
797 798 0.945124
797 707 -0.773738
797 897 -0.810803
798 799 2.010985
798 708 0.248183
798 898 -0.014201
799 790 0.217332
799 709 0.852697
799 899 -1.885135
800 801 -1.007830
800 810 0.919951
800 900 0.808727
801 802 0.642937
801 811 -1.309608
801 901 1.727917
802 803 -0.929200
802 812 0.829582
802 902 2.000413
803 804 -0.459624
803 813 0.452618
803 903 0.273190
804 805 -0.991099
804 814 -0.861694
804 904 1.617047
805 806 0.107097
805 815 -0.505474
805 905 -0.852700
806 807 1.103096
806 816 -0.663586
806 906 0.480737
807 808 0.349232
807 817 -0.916827
807 907 -0.205286
808 809 -0.614730
808 818 -0.437108
808 908 0.400495
809 800 1.423315
809 819 1.165961
809 909 1.449787
810 811 -0.032638
810 820 -0.922873
810 910 0.965328
811 812 -0.524271
811 821 -0.336964
811 911 -0.439408
812 813 0.186050
812 822 1.002583
812 912 0.618904
813 814 -0.955962
813 823 -1.224439
813 913 0.636231
814 815 -0.946227
814 824 2.374355
814 914 -2.379646
815 816 -0.356313
815 825 1.500880
815 915 -1.685307
816 817 -1.157585
816 826 0.418628
816 916 1.099530
817 818 -1.391831
817 827 -0.111094
817 917 -1.151407
818 819 1.383750
818 828 2.598168
818 918 0.620140
819 810 -0.637418
819 829 0.236224
819 919 0.792148
820 821 0.133225
820 830 0.874496
820 920 1.323973
821 822 0.948776
821 831 -1.080840
821 921 0.871710
822 823 0.506911
822 832 -1.229573
822 922 0.073957
823 824 -0.909740
823 833 -0.595634
823 923 -0.298119
824 825 -1.250962
824 834 0.736051
824 924 -0.022444
825 826 1.873690
825 835 -0.203474
825 925 -0.885813
826 827 0.288792
826 836 -0.671038
826 926 -0.321207
827 828 0.174929
827 837 -0.061510
827 927 -0.600528
828 829 0.339345
828 838 -1.122417
828 928 1.206837
829 820 1.234330
829 839 1.007169
829 929 -1.819908
830 831 1.050364
830 840 0.531686
830 930 0.670925
831 832 -0.690234
831 841 0.273117
831 931 -0.151247
832 833 -0.386896
832 842 0.551761
832 932 0.716010
833 834 -0.340058
833 843 -0.227877
833 933 1.628228
834 835 -1.024890
834 844 2.989335
834 934 1.211625
835 836 -1.387248
835 845 0.968996
835 935 0.510032
836 837 1.503916
836 846 -2.068656
836 936 0.276573
837 838 -0.772041
837 847 -1.273398
837 937 -0.852799
838 839 1.283982
838 848 0.537979
838 938 -1.058132
839 830 0.362364
839 849 -0.936246
839 939 -0.965490
840 841 -0.260850
840 850 1.599344
840 940 0.093337
841 842 0.784341
841 851 1.436078
841 941 -0.199624
842 843 -0.071236
842 852 0.683832
842 942 0.570356
843 844 1.961569
843 853 0.316670
843 943 2.167155
844 845 -0.077990
844 854 0.307873
844 944 -0.237790
845 846 -0.018222
845 855 -1.936898
845 945 -0.632334
846 847 0.827521
846 856 0.285620
846 946 -1.107224
847 848 -0.317045
847 857 0.838232
847 947 1.044411
848 849 0.526739
848 858 -2.543583
848 948 -0.767890
849 840 1.013291
849 859 1.584202
849 949 -1.355517
850 851 -0.915559
850 860 0.176516
850 950 0.075464
851 852 -0.102330
851 861 -0.071789
851 951 -1.387837
852 853 0.386220
852 862 -0.772338
852 952 -0.284219
853 854 0.164654
853 863 -0.130528
853 953 -0.948723
854 855 1.525802
854 864 -0.879002
854 954 0.016897
855 856 -0.783601
855 865 0.516923
855 955 1.145711
856 857 -1.655841
856 866 1.585910
856 956 -2.906177
857 858 -0.370059
857 867 0.598051
857 957 0.600813
858 859 -0.290545
858 868 -1.196947
858 958 -1.424976
859 850 -0.539689
859 869 0.602263
859 959 -0.857699
860 861 0.419931
860 870 -1.453030
860 960 -1.588149
861 862 0.037956
861 871 0.257264
861 961 0.401126
862 863 0.555021
862 872 0.471524
862 962 0.243450
863 864 -0.073905
863 873 -1.635279
863 963 -1.176230
864 865 -0.728477
864 874 0.032080
864 964 -0.378292
865 866 -1.420803
865 875 0.849942
865 965 -0.921170
866 867 -0.589386
866 876 -0.968493
866 966 0.453718
867 868 1.476032
867 877 -0.084604
867 967 2.954210
868 869 1.578620
868 878 0.279317
868 968 0.921097
869 860 0.683079
869 879 -0.342729
869 969 1.458638
870 871 1.169907
870 880 -2.078157
870 970 -0.323524
871 872 -0.333033
871 881 0.340888
871 971 1.012912
872 873 -0.984716
872 882 -0.866728
872 972 -1.734428
873 874 0.050238
873 883 -0.498796
873 973 0.968401
874 875 -1.313941
874 884 -0.818690
874 974 0.159493
875 876 0.608394
875 885 -0.994417
875 975 -0.468672
876 877 2.425735
876 886 2.391886
876 976 0.628495
877 878 -2.058047
877 887 0.996380
877 977 0.407025
878 879 0.229193
878 888 -0.803228
878 978 0.057299
879 870 0.616798
879 889 -1.321862
879 979 0.648963
880 881 0.109760
880 890 0.831659
880 980 0.484246
881 882 1.032504
881 891 -1.152770
881 981 0.362611
882 883 0.135536
882 892 2.147597
882 982 0.796340
883 884 -0.715322
883 893 0.664500
883 983 -0.232968
884 885 -0.646599
884 894 1.821529
884 984 -0.818852
885 886 -1.290385
885 895 1.146655
885 985 1.959046
886 887 0.246104
886 896 -0.246748
886 986 -0.656505
887 888 -0.792593
887 897 -0.712204
887 987 0.649365
888 889 -0.817288
888 898 -0.196371
888 988 -0.188981
889 880 -0.304508
889 899 0.337157
889 989 1.189444
890 891 0.133133
890 800 -0.290954
890 990 -1.890359
891 892 -1.918884
891 801 0.048359
891 991 -1.715941
892 893 -0.834870
892 802 0.965105
892 992 -1.266252
893 894 -0.911430
893 803 -0.148686
893 993 -0.559270
894 895 0.281901
894 804 0.213440
894 994 -0.185303
895 896 -0.873690
895 805 -0.421183
895 995 0.756391
896 897 2.273366
896 806 -0.316773
896 996 -0.581859
897 898 -1.009841
897 807 0.185222
897 997 -0.632981
898 899 -0.954876
898 808 -1.835481
898 998 -0.224776
899 890 1.391072
899 809 -1.280051
899 999 -0.155875
900 901 0.293260
900 910 -1.763861
900 0 -0.123722
901 902 1.976860
901 911 1.644363
901 1 -0.243468
902 903 0.050765
902 912 -0.202030
902 2 0.057676
903 904 -0.003828
903 913 0.763208
903 3 0.440912
904 905 0.527118
904 914 -0.452981
904 4 -0.481721
905 906 -0.437757
905 915 0.859950
905 5 0.593531
906 907 -0.305610
906 916 0.423993
906 6 0.203865
907 908 -0.589337
907 917 -0.868845
907 7 0.311227
908 909 0.471782
908 918 -0.109999
908 8 -0.555046
909 900 0.864474
909 919 -0.428355
909 9 0.279006
910 911 -0.682804
910 920 -0.162594
910 10 -2.529943
911 912 1.007741
911 921 1.061811
911 11 0.158491
912 913 0.735715
912 922 1.416723
912 12 0.656411
913 914 0.605282
913 923 0.070859
913 13 -1.018841
914 915 1.197212
914 924 -0.411820
914 14 1.568275
915 916 -0.636284
915 925 1.191610
915 15 -0.946778
916 917 2.122617
916 926 -0.375153
916 16 -0.639807
917 918 -0.968535
917 927 0.860636
917 17 -0.338573
918 919 0.116850
918 928 1.145078
918 18 -0.148124
919 910 -0.393572
919 929 0.857503
919 19 0.257184
920 921 0.896243
920 930 0.052313
920 20 0.572297
921 922 -0.002014
921 931 -0.642340
921 21 -0.138527
922 923 -0.221130
922 932 -0.376939
922 22 -0.598631
923 924 -2.269660
923 933 -1.864185
923 23 0.636097
924 925 -0.380300
924 934 1.536923
924 24 -1.639167
925 926 -0.977097
925 935 -0.462199
925 25 -0.169915
926 927 -0.246969
926 936 -1.150710
926 26 -0.191906
927 928 -0.162742
927 937 0.394447
927 27 0.055341
928 929 0.160792
928 938 -0.451374
928 28 0.159177
929 920 -0.740896
929 939 -0.197769
929 29 2.438712
930 931 0.611899
930 940 1.049406
930 30 0.602026
931 932 0.484214
931 941 -1.262517
931 31 0.950569
932 933 0.961012
932 942 1.140120
932 32 0.172823
933 934 -0.151191
933 943 0.227143
933 33 -1.041948
934 935 0.230647
934 944 0.014633
934 34 -1.183589
935 936 -1.803756
935 945 0.676028
935 35 -1.028502
936 937 1.040079
936 946 -0.764598
936 36 -0.179015
937 938 -0.635997
937 947 0.692208
937 37 -0.721878
938 939 0.690802
938 948 0.443856
938 38 -0.822555
939 930 0.042916
939 949 0.470638
939 39 -0.810949
940 941 -0.353447
940 950 0.243691
940 40 0.192775
941 942 1.101414
941 951 -0.385455
941 41 0.154900
942 943 1.728100
942 952 0.722441
942 42 0.069132
943 944 -0.801355
943 953 1.696043
943 43 -0.812225
944 945 0.122349
944 954 0.012692
944 44 0.259611
945 946 -0.838042
945 955 -0.703573
945 45 0.261129
946 947 0.645867
946 956 0.918850
946 46 0.061541
947 948 0.943957
947 957 0.994214
947 47 0.261705
948 949 0.411240
948 958 0.248246
948 48 -0.016204
949 940 -0.315367
949 959 1.304434
949 49 -1.125910
950 951 -0.281069
950 960 -0.484836
950 50 0.246306
951 952 -0.580250
951 961 2.258727
951 51 -0.331048
952 953 1.107376
952 962 -1.038498
952 52 -0.204231
953 954 -0.050543
953 963 -1.911837
953 53 -1.953414
954 955 -1.463857
954 964 -1.062536
954 54 -0.062831
955 956 0.762824
955 965 0.985435
955 55 0.183229
956 957 0.095337
956 966 -0.653927
956 56 -0.055431
957 958 0.533712
957 967 -0.511082
957 57 0.460680
958 959 -1.236893
958 968 -0.699407
958 58 0.503123
959 950 -0.039638
959 969 2.263872
959 59 0.275046
960 961 -0.215499
960 970 -0.707603
960 60 -1.328904
961 962 1.506044
961 971 0.023688
961 61 0.016373
962 963 0.446184
962 972 0.609836
962 62 -0.556374
963 964 0.678118
963 973 -1.147861
963 63 1.036660
964 965 0.609244
964 974 1.068766
964 64 -0.224120
965 966 -0.378211
965 975 -0.474830
965 65 -0.117527
966 967 -2.288737
966 976 2.034149
966 66 0.313178
967 968 2.684160
967 977 1.598255
967 67 0.988177
968 969 2.083110
968 978 0.950734
968 68 1.117964
969 960 2.098456
969 979 0.968490
969 69 0.343726
970 971 -1.216848
970 980 -0.595629
970 70 1.975887
971 972 0.166924
971 981 -1.407189
971 71 0.028073
972 973 0.114554
972 982 0.417848
972 72 -1.359274
973 974 -0.446800
973 983 0.448220
973 73 0.992430
974 975 -0.446389
974 984 0.111599
974 74 -1.037239
975 976 1.205078
975 985 0.015455
975 75 0.577571
976 977 -1.226801
976 986 1.167204
976 76 1.695261
977 978 -1.445806
977 987 -0.036007
977 77 -1.239260
978 979 1.285248
978 988 0.856932
978 78 1.290796
979 970 0.078069
979 989 -0.169853
979 79 1.493829
980 981 0.236194
980 990 -0.752880
980 80 0.433448
981 982 -0.374486
981 991 0.828048
981 81 -0.173857
982 983 -0.727387
982 992 0.480211
982 82 0.046554
983 984 -0.953102
983 993 0.057277
983 83 -0.357013
984 985 -2.109955
984 994 -1.029084
984 84 -1.875794
985 986 0.416640
985 995 0.171324
985 85 -0.895321
986 987 0.003775
986 996 1.796994
986 86 0.203558
987 988 0.269516
987 997 -0.762593
987 87 0.328250
988 989 -0.899523
988 998 -0.207166
988 88 0.560786
989 980 -0.002227
989 999 0.713101
989 89 -2.940089
990 991 -0.652412
990 900 -0.488889
990 90 -0.836358
991 992 -0.169939
991 901 0.269499
991 91 1.026398
992 993 -0.645175
992 902 1.807573
992 92 -0.191433
993 994 -0.287967
993 903 1.760694
993 93 1.291962
994 995 0.439630
994 904 -0.625909
994 94 1.757060
995 996 0.062446
995 905 -0.485687
995 95 -0.468790
996 997 -0.434456
996 906 -1.371265
996 96 0.402988
997 998 -0.041528
997 907 0.791099
997 97 -0.353486
998 999 -0.619449
998 908 -0.708686
998 98 0.375696
999 990 0.958744
999 909 -1.547959
999 99 0.039940
