0 1 0.951992
0 10 -0.410295
0 100 -0.445040
1 2 -0.920825
1 11 -1.485835
1 101 2.468991
2 3 1.830008
2 12 -0.456372
2 102 -1.571496
3 4 -0.499268
3 13 -0.762290
3 103 -0.650401
4 5 2.264427
4 14 -0.619643
4 104 0.925566
5 6 0.369177
5 15 1.445335
5 105 -0.000562
6 7 1.093256
6 16 -0.439023
6 106 -0.046749
7 8 -0.582854
7 17 -0.668237
7 107 0.269765
8 9 -0.246371
8 18 1.274036
8 108 -0.408869
9 0 0.720324
9 19 -0.797994
9 109 0.769522
10 11 -1.379018
10 20 0.939071
10 110 0.743192
11 12 0.138383
11 21 -0.127125
11 111 0.969832
12 13 -1.730730
12 22 -0.415073
12 112 1.119147
13 14 -2.098294
13 23 0.257735
13 113 -0.805338
14 15 -0.291844
14 24 0.249846
14 114 1.115399
15 16 -0.331879
15 25 2.286407
15 115 0.203114
16 17 -0.450176
16 26 0.194564
16 116 1.428468
17 18 0.773912
17 27 2.192421
17 117 0.887626
18 19 -0.234927
18 28 -0.231506
18 118 1.253478
19 10 0.475856
19 29 -2.467255
19 119 2.981006
20 21 0.191782
20 30 -0.867361
20 120 -0.941742
21 22 -0.097424
21 31 0.602897
21 121 0.478655
22 23 1.670321
22 32 0.439480
22 122 0.360515
23 24 1.423929
23 33 -2.217778
23 123 0.410139
24 25 1.015653
24 34 0.525973
24 124 0.894053
25 26 0.677374
25 35 -1.418012
25 125 0.375940
26 27 1.642293
26 36 -0.747167
26 126 -0.451417
27 28 -0.710342
27 37 -0.835429
27 127 -0.569176
28 29 2.234479
28 38 -0.402877
28 128 -1.157611
29 20 -0.189896
29 39 -0.984807
29 129 0.346136
30 31 -0.109008
30 40 -1.294078
30 130 -0.675640
31 32 0.590833
31 41 -0.323323
31 131 0.034860
32 33 0.667634
32 42 -0.784747
32 132 -0.593358
33 34 -0.666566
33 43 0.088197
33 133 0.284488
34 35 0.076875
34 44 -1.915346
34 134 -1.023089
35 36 0.378336
35 45 0.314573
35 135 2.174196
36 37 0.078678
36 46 -0.530588
36 136 0.762370
37 38 1.127591
37 47 0.136971
37 137 -0.402786
38 39 -0.202239
38 48 -1.047425
38 138 1.289493
39 30 0.877987
39 49 0.825240
39 139 0.009187
40 41 -0.596463
40 50 0.515761
40 140 -0.111994
41 42 -0.279046
41 51 2.303584
41 141 0.825122
42 43 0.082739
42 52 -0.217487
42 142 0.167375
43 44 -0.246468
43 53 -1.107688
43 143 1.752399
44 45 -0.370591
44 54 1.986533
44 144 -0.496785
45 46 -0.170527
45 55 0.250693
45 145 -0.128715
46 47 0.826360
46 56 -0.409032
46 146 2.804005
47 48 0.358055
47 57 -0.000161
47 147 1.005224
48 49 -0.341855
48 58 0.441980
48 148 -0.156153
49 40 -1.521866
49 59 -1.389025
49 149 0.309381
50 51 -0.574025
50 60 0.542548
50 150 0.239903
51 52 -0.595728
51 61 -0.356539
51 151 -0.317727
52 53 -1.523568
52 62 0.958152
52 152 -0.107580
53 54 -1.803799
53 63 -0.061693
53 153 -1.436845
54 55 0.283290
54 64 1.131220
54 154 1.474449
55 56 0.123390
55 65 1.025195
55 155 -0.698706
56 57 -1.088319
56 66 1.339729
56 156 0.308276
57 58 0.635126
57 67 1.099170
57 157 1.511424
58 59 -1.669286
58 68 -0.120511
58 158 -0.951406
59 50 0.432470
59 69 1.391168
59 159 0.834030
60 61 0.635022
60 70 -1.319311
60 160 -0.445531
61 62 -0.764613
61 71 1.614394
61 161 0.111908
62 63 -1.234365
62 72 0.243465
62 162 -0.345135
63 64 -0.052116
63 73 2.301099
63 163 0.158642
64 65 -1.081288
64 74 0.801441
64 164 0.293339
65 66 0.376108
65 75 1.058294
65 165 0.103457
66 67 -1.339461
66 76 -2.053331
66 166 -0.376819
67 68 0.343505
67 77 1.370948
67 167 -0.608205
68 69 0.733660
68 78 0.893173
68 168 -0.445274
69 60 0.196542
69 79 -0.910006
69 169 0.878829
70 71 0.641216
70 80 0.842424
70 170 -1.035617
71 72 0.316477
71 81 0.894213
71 171 -0.517573
72 73 2.292028
72 82 -2.885655
72 172 0.319500
73 74 0.679109
73 83 -0.389326
73 173 -1.033392
74 75 -0.787214
74 84 -0.618326
74 174 0.133256
75 76 -0.599897
75 85 -0.761544
75 175 -0.564258
76 77 -0.216037
76 86 0.249875
76 176 -0.780233
77 78 -0.057794
77 87 -0.847503
77 177 1.186509
78 79 0.760036
78 88 0.152973
78 178 -1.460042
79 70 0.801376
79 89 0.567750
79 179 -0.418688
80 81 0.284702
80 90 0.882746
80 180 -0.180664
81 82 0.143757
81 91 -0.103734
81 181 1.385485
82 83 1.042989
82 92 -0.083291
82 182 2.229301
83 84 0.475522
83 93 -0.843791
83 183 0.053745
84 85 -0.628528
84 94 -1.115434
84 184 1.112599
85 86 1.170977
85 95 -0.762388
85 185 -0.699881
86 87 0.596853
86 96 0.084788
86 186 0.237805
87 88 0.459183
87 97 -1.181374
87 187 -0.392996
88 89 0.206968
88 98 1.449100
88 188 0.142265
89 80 -1.505404
89 99 1.625391
89 189 0.605376
90 91 -1.174321
90 0 -0.496460
90 190 0.655361
91 92 0.901698
91 1 0.031203
91 191 0.526785
92 93 0.652975
92 2 0.137809
92 192 -0.515362
93 94 1.288031
93 3 1.295689
93 193 -1.301580
94 95 0.849855
94 4 0.202842
94 194 -0.154899
95 96 0.208124
95 5 0.473848
95 195 0.354887
96 97 -2.407407
96 6 -0.665412
96 196 1.788118
97 98 -0.494698
97 7 -1.277883
97 197 0.119223
98 99 -0.298932
98 8 0.988145
98 198 1.584698
99 90 -0.865508
99 9 0.313135
99 199 -1.485757
100 101 -1.739394
100 110 -1.737351
100 200 0.496767
101 102 -0.272800
101 111 1.061679
101 201 0.077723
102 103 -0.353213
102 112 1.651147
102 202 0.031708
103 104 1.373178
103 113 0.153493
103 203 -0.090110
104 105 -0.793209
104 114 2.641119
104 204 0.623822
105 106 1.261612
105 115 2.035671
105 205 0.549426
106 107 1.011204
106 116 -1.016448
106 206 1.327038
107 108 -0.981935
107 117 0.959674
107 207 0.167503
108 109 -0.085726
108 118 0.893656
108 208 -0.969269
109 100 0.024454
109 119 -0.720184
109 209 -0.906149
110 111 0.274606
110 120 0.426632
110 210 1.090399
111 112 0.106209
111 121 0.058152
111 211 1.065877
112 113 0.315372
112 122 0.020650
112 212 0.301705
113 114 -0.218808
113 123 0.931155
113 213 0.795803
114 115 0.772281
114 124 -0.158752
114 214 0.865942
115 116 0.587891
115 125 1.749361
115 215 -0.909719
116 117 1.047608
116 126 0.689342
116 216 1.722608
117 118 -0.723466
117 127 1.397836
117 217 -0.203117
118 119 -0.668541
118 128 0.187509
118 218 0.874763
119 110 0.189623
119 129 0.193698
119 219 -1.257562
120 121 0.024144
120 130 0.883703
120 220 1.312680
121 122 0.938576
121 131 0.283449
121 221 -0.342283
122 123 -0.527453
122 132 0.681465
122 222 -0.932764
123 124 1.435078
123 133 -1.279558
123 223 0.691490
124 125 -0.881983
124 134 -1.059379
124 224 0.499039
125 126 -1.084813
125 135 0.330290
125 225 -0.025314
126 127 -1.390548
126 136 0.974056
126 226 -0.321686
127 128 0.465118
127 137 -0.649994
127 227 -0.319566
128 129 -2.770201
128 138 0.505923
128 228 -0.362264
129 120 -0.171437
129 139 -0.395794
129 229 -0.139757
130 131 0.902842
130 140 -0.829512
130 230 -0.902808
131 132 1.962849
131 141 -0.300183
131 231 -0.261241
132 133 0.797511
132 142 -0.588387
132 232 -0.050360
133 134 -0.971365
133 143 -1.859414
133 233 -2.170700
134 135 1.995505
134 144 -0.140935
134 234 -0.696592
135 136 -0.257848
135 145 0.569254
135 235 0.014275
136 137 1.162483
136 146 0.456417
136 236 0.469952
137 138 0.211999
137 147 -2.567030
137 237 -0.253015
138 139 -0.645384
138 148 -0.170035
138 238 0.359453
139 130 -1.232155
139 149 1.332395
139 239 1.242325
140 141 0.559166
140 150 -1.940025
140 240 1.097853
141 142 -0.462442
141 151 -0.094694
141 241 -0.948153
142 143 0.015273
142 152 0.525634
142 242 -1.167499
143 144 -0.119900
143 153 1.044413
143 243 0.583167
144 145 -0.159125
144 154 -0.264412
144 244 -0.698935
145 146 -0.069238
145 155 -1.277246
145 245 -0.360595
146 147 0.988424
146 156 -0.619845
146 246 0.550445
147 148 -1.148241
147 157 -0.120083
147 247 1.360685
148 149 -0.193111
148 158 -1.628614
148 248 -1.142990
149 140 -0.960165
149 159 1.163444
149 249 1.300334
150 151 0.127871
150 160 -1.986971
150 250 0.481524
151 152 0.152743
151 161 -0.587485
151 251 -0.123877
152 153 0.464823
152 162 1.745870
152 252 0.183407
153 154 -0.285321
153 163 0.344136
153 253 1.559255
154 155 0.413452
154 164 -1.591667
154 254 -0.083969
155 156 1.004561
155 165 -1.119385
155 255 0.108147
156 157 0.953714
156 166 -1.598676
156 256 -0.491371
157 158 0.663788
157 167 2.521072
157 257 -0.226634
158 159 -0.262200
158 168 0.084347
158 258 -0.348348
159 150 -0.111560
159 169 -0.019686
159 259 0.937940
160 161 0.497460
160 170 0.558291
160 260 1.055638
161 162 0.181172
161 171 0.162862
161 261 -0.133411
162 163 1.175166
162 172 -0.197310
162 262 0.639950
163 164 0.670036
163 173 -0.441067
163 263 1.625422
164 165 -1.439998
164 174 0.774506
164 264 -1.215854
165 166 0.150922
165 175 0.550193
165 265 0.080260
166 167 0.319204
166 176 -0.972664
166 266 0.119857
167 168 -0.877139
167 177 -0.114629
167 267 0.278210
168 169 -0.973365
168 178 -0.186384
168 268 -0.734191
169 160 1.034232
169 179 0.388022
169 269 0.802681
170 171 -0.884336
170 180 -0.404686
170 270 -1.031175
171 172 -1.082099
171 181 -1.022408
171 271 -0.306239
172 173 0.091666
172 182 0.444780
172 272 1.584446
173 174 -0.255596
173 183 0.459420
173 273 -0.124782
174 175 1.927517
174 184 0.731697
174 274 0.648013
175 176 -0.627532
175 185 0.059509
175 275 0.040775
176 177 0.483538
176 186 0.086946
176 276 0.787553
177 178 -0.464466
177 187 -0.367133
177 277 -0.348172
178 179 0.459374
178 188 0.575395
178 278 -1.129414
179 170 -1.209559
179 189 1.065219
179 279 0.457045
180 181 0.334089
180 190 1.631437
180 280 -0.123633
181 182 1.086517
181 191 0.840339
181 281 -0.423081
182 183 -0.606515
182 192 0.806062
182 282 0.169519
183 184 -2.369530
183 193 -0.364709
183 283 1.072440
184 185 -0.583815
184 194 -0.007461
184 284 -0.129186
185 186 -0.170800
185 195 0.014048
185 285 0.861622
186 187 0.169657
186 196 0.310999
186 286 -0.336858
187 188 -0.930804
187 197 0.529364
187 287 0.735924
188 189 -0.523870
188 198 -0.036391
188 288 -0.926336
189 180 -0.886538
189 199 -0.525805
189 289 1.150052
190 191 2.136907
190 100 -0.635802
190 290 -0.488243
191 192 -1.686069
191 101 -0.133176
191 291 -0.613885
192 193 -0.959014
192 102 -1.028422
192 292 -0.639683
193 194 -0.599271
193 103 -0.509157
193 293 1.128313
194 195 -0.777774
194 104 0.813506
194 294 -0.635656
195 196 1.124090
195 105 -1.671372
195 295 -0.387824
196 197 1.399648
196 106 0.892167
196 296 -0.765042
197 198 0.060353
197 107 -0.507257
197 297 0.005347
198 199 -1.982817
198 108 0.726768
198 298 -0.690277
199 190 0.471656
199 109 -0.310135
199 299 0.178689
200 201 -0.287262
200 210 -1.288237
200 300 0.246848
201 202 0.010406
201 211 -0.428951
201 301 -0.041742
202 203 1.117033
202 212 0.396624
202 302 -0.163875
203 204 0.352980
203 213 1.481824
203 303 -0.479746
204 205 -1.003171
204 214 0.229783
204 304 -0.749447
205 206 0.665500
205 215 -0.490884
205 305 0.754871
206 207 -1.116462
206 216 -0.203018
206 306 0.126377
207 208 -0.895207
207 217 1.054958
207 307 0.394756
208 209 -0.440616
208 218 -0.669549
208 308 -0.446793
209 200 -0.388365
209 219 -0.949945
209 309 0.928756
210 211 -0.234881
210 220 -0.713663
210 310 -0.901484
211 212 -1.652472
211 221 -0.066973
211 311 -0.262536
212 213 1.003757
212 222 -0.424340
212 312 -0.016285
213 214 -0.213063
213 223 -0.963708
213 313 1.825916
214 215 -1.269828
214 224 -0.701595
214 314 -1.125592
215 216 -0.777662
215 225 0.786401
215 315 1.235710
216 217 -0.150186
216 226 0.092946
216 316 1.449678
217 218 2.566338
217 227 -1.012518
217 317 -0.329270
218 219 -0.251014
218 228 1.556340
218 318 0.384370
219 210 0.094984
219 229 -2.306762
219 319 0.370818
220 221 -0.629319
220 230 -0.932846
220 320 0.018397
221 222 -0.433129
221 231 0.977827
221 321 -0.538324
222 223 0.403205
222 232 -1.266666
222 322 0.983461
223 224 -0.192766
223 233 0.555730
223 323 0.628735
224 225 -0.127581
224 234 0.163860
224 324 0.033521
225 226 -1.392369
225 235 0.861818
225 325 -0.540274
226 227 0.821288
226 236 -0.575643
226 326 -0.588464
227 228 0.102704
227 237 0.242535
227 327 -0.062349
228 229 -0.478556
228 238 0.572158
228 328 -2.439616
229 220 -0.801644
229 239 -0.372638
229 329 0.425918
230 231 0.370093
230 240 -0.215424
230 330 0.531593
231 232 1.021253
231 241 1.387909
231 331 0.163040
232 233 -1.211892
232 242 1.235750
232 332 0.449195
233 234 -0.645486
233 243 -0.380552
233 333 -0.005647
234 235 -1.068568
234 244 0.252576
234 334 0.814955
235 236 0.726766
235 245 0.183853
235 335 0.132541
236 237 0.133282
236 246 -3.098585
236 336 2.151838
237 238 -0.865474
237 247 1.006965
237 337 -0.902571
238 239 -0.224521
238 248 -2.070676
238 338 1.170293
239 230 0.210203
239 249 -1.039171
239 339 -1.276345
240 241 -0.357434
240 250 -1.398126
240 340 -0.221044
241 242 0.632182
241 251 -1.250017
241 341 0.350772
242 243 -0.893547
242 252 -0.580696
242 342 -0.380468
243 244 -0.385023
243 253 -0.436135
243 343 -1.265127
244 245 1.069747
244 254 -0.377811
244 344 0.170950
245 246 2.244294
245 255 1.500998
245 345 -2.417567
246 247 0.366599
246 256 -0.245122
246 346 1.428442
247 248 -0.612794
247 257 -0.952784
247 347 0.748658
248 249 0.005277
248 258 -1.135133
248 348 -0.654004
249 240 0.000257
249 259 -0.868308
249 349 -0.044873
250 251 0.080256
250 260 -0.679160
250 350 -0.378591
251 252 0.376625
251 261 0.143961
251 351 1.066946
252 253 -0.239947
252 262 0.358032
252 352 2.008379
253 254 0.630152
253 263 1.616709
253 353 -0.324519
254 255 1.212728
254 264 -0.988874
254 354 0.375113
255 256 0.196701
255 265 0.741382
255 355 1.798204
256 257 0.572974
256 266 0.727928
256 356 -0.506360
257 258 -0.936600
257 267 0.119078
257 357 -1.206575
258 259 0.705697
258 268 -0.694627
258 358 0.443402
259 250 -0.504669
259 269 -0.002131
259 359 -1.532817
260 261 -0.347423
260 270 0.386972
260 360 0.734314
261 262 -1.200334
261 271 2.646805
261 361 -0.737020
262 263 0.813663
262 272 1.087357
262 362 0.504516
263 264 -0.012904
263 273 0.097250
263 363 0.021473
264 265 1.391178
264 274 1.913873
264 364 -0.460150
265 266 0.501368
265 275 -0.443622
265 365 -1.535285
266 267 -0.840927
266 276 -1.927496
266 366 0.656167
267 268 0.646204
267 277 1.024044
267 367 -0.708877
268 269 0.500558
268 278 0.426740
268 368 2.163520
269 260 -0.077706
269 279 -0.509903
269 369 -0.157987
270 271 2.427991
270 280 0.379009
270 370 0.994277
271 272 0.277107
271 281 0.283529
271 371 -2.029694
272 273 0.923924
272 282 0.037250
272 372 0.157425
273 274 0.931198
273 283 1.424518
273 373 -0.978610
274 275 -0.596031
274 284 -0.220573
274 374 -1.572644
275 276 1.472599
275 285 1.053618
275 375 -0.556858
276 277 -0.420912
276 286 0.556249
276 376 1.353764
277 278 -0.980438
277 287 1.842771
277 377 0.010262
278 279 -1.395535
278 288 2.317388
278 378 1.021250
279 270 0.327846
279 289 -0.996987
279 379 -1.758826
280 281 1.285252
280 290 1.171044
280 380 1.168613
281 282 0.059760
281 291 -0.432783
281 381 -1.053312
282 283 -1.125919
282 292 -0.443703
282 382 0.642749
283 284 -1.270633
283 293 -0.736277
283 383 -0.614049
284 285 1.120230
284 294 -0.562836
284 384 1.232425
285 286 -1.397957
285 295 0.802954
285 385 -1.322819
286 287 -1.993457
286 296 -0.242807
286 386 -0.399202
287 288 -1.293330
287 297 0.795495
287 387 0.055159
288 289 0.573699
288 298 -0.016422
288 388 0.052764
289 280 -0.260683
289 299 1.751019
289 389 -1.569801
290 291 -0.411019
290 200 1.225839
290 390 -0.879266
291 292 -0.079412
291 201 -0.356562
291 391 -1.421147
292 293 -1.620274
292 202 -1.418103
292 392 1.191084
293 294 -0.779342
293 203 -0.557444
293 393 -0.022792
294 295 1.029619
294 204 -0.425180
294 394 1.322704
295 296 0.676078
295 205 -0.562180
295 395 -0.894139
296 297 -0.268647
296 206 1.285441
296 396 0.321142
297 298 1.633461
297 207 -0.099622
297 397 0.786754
298 299 -1.285318
298 208 0.172145
298 398 -0.309768
299 290 0.231811
299 209 0.502252
299 399 -0.736751
300 301 -0.316897
300 310 0.540371
300 400 -2.226606
301 302 0.648054
301 311 0.906060
301 401 -0.462332
302 303 0.455620
302 312 -1.055898
302 402 0.419191
303 304 0.792684
303 313 0.621077
303 403 0.777368
304 305 -0.726618
304 314 0.477451
304 404 -0.496563
305 306 -0.966248
305 315 0.041390
305 405 -0.239619
306 307 0.506396
306 316 -0.731063
306 406 0.256237
307 308 -0.395444
307 317 1.255859
307 407 0.395563
308 309 0.536327
308 318 -0.154133
308 408 1.013137
309 300 -0.914887
309 319 -0.857302
309 409 1.500171
310 311 0.686534
310 320 -1.378734
310 410 0.791910
311 312 -0.622561
311 321 -0.440605
311 411 -1.389776
312 313 -1.056106
312 322 -1.065531
312 412 -1.068522
313 314 0.952795
313 323 -2.442734
313 413 -2.359590
314 315 1.257645
314 324 0.057419
314 414 1.138579
315 316 -0.087879
315 325 -0.043543
315 415 -1.313589
316 317 0.178484
316 326 -2.252486
316 416 0.105735
317 318 0.601698
317 327 -0.020468
317 417 0.640561
318 319 0.034377
318 328 1.452325
318 418 -0.698773
319 310 -1.377558
319 329 -1.479010
319 419 0.041130
320 321 0.070373
320 330 -0.230580
320 420 -0.573164
321 322 -0.213796
321 331 0.333178
321 421 -2.100145
322 323 1.398232
322 332 0.308191
322 422 0.120392
323 324 0.701401
323 333 -2.260881
323 423 -0.203921
324 325 -1.582451
324 334 -0.885722
324 424 -0.178038
325 326 0.036397
325 335 -0.133974
325 425 0.726824
326 327 -0.321204
326 336 0.241092
326 426 -0.147502
327 328 0.632441
327 337 0.407477
327 427 -0.173802
328 329 -0.640798
328 338 -1.060283
328 428 0.397093
329 320 1.314188
329 339 1.100034
329 429 -1.948785
330 331 -0.892925
330 340 0.411340
330 430 -0.473806
331 332 -0.389717
331 341 0.183964
331 431 1.718781
332 333 1.148353
332 342 -0.010790
332 432 -0.344902
333 334 -1.117848
333 343 -0.796650
333 433 -0.814524
334 335 0.478382
334 344 -0.070813
334 434 -0.844553
335 336 -0.434961
335 345 -0.383768
335 435 -0.935174
336 337 0.612433
336 346 -0.610704
336 436 0.492474
337 338 -0.894206
337 347 -0.029244
337 437 -0.609190
338 339 -1.529402
338 348 0.643334
338 438 -0.089039
339 330 0.379186
339 349 1.437088
339 439 1.786257
340 341 -1.015855
340 350 1.012280
340 440 1.391249
341 342 -0.400493
341 351 -0.673944
341 441 -1.586192
342 343 1.660550
342 352 -0.992009
342 442 -0.961412
343 344 1.181583
343 353 -2.070939
343 443 -0.805575
344 345 -0.380173
344 354 0.871567
344 444 -0.086277
345 346 -0.252828
345 355 0.372319
345 445 0.212855
346 347 0.612997
346 356 0.987221
346 446 -1.021078
347 348 0.635364
347 357 -2.257998
347 447 -0.411378
348 349 0.735545
348 358 1.235290
348 448 -0.717012
349 340 -0.577671
349 359 1.450556
349 449 1.555404
350 351 1.925493
350 360 0.828266
350 450 -2.387841
351 352 -1.103329
351 361 -0.531093
351 451 -1.089172
352 353 -1.130459
352 362 0.819552
352 452 -0.619999
353 354 1.309502
353 363 0.447511
353 453 1.031636
354 355 -0.644789
354 364 -0.972306
354 454 1.721517
355 356 0.478997
355 365 1.113904
355 455 0.611099
356 357 -1.176241
356 366 0.851473
356 456 0.136719
357 358 -0.470059
357 367 -0.531046
357 457 -0.648031
358 359 0.587506
358 368 -0.451305
358 458 -0.873347
359 350 -0.598645
359 369 -0.663247
359 459 0.744040
360 361 0.080507
360 370 0.528578
360 460 0.336540
361 362 -1.746549
361 371 -1.453094
361 461 -0.759750
362 363 -0.657424
362 372 1.473699
362 462 -0.156621
363 364 -0.116746
363 373 0.860849
363 463 -0.176029
364 365 1.167239
364 374 -0.955320
364 464 -0.026289
365 366 1.753892
365 375 -1.584322
365 465 0.288442
366 367 0.752175
366 376 -1.669365
366 466 -0.220223
367 368 0.100484
367 377 -0.097851
367 467 0.822123
368 369 -0.105480
368 378 -1.192193
368 468 0.451621
369 360 0.527606
369 379 0.100450
369 469 0.166377
370 371 -0.150694
370 380 1.615564
370 470 -0.358947
371 372 1.073157
371 381 0.656990
371 471 1.525312
372 373 -0.130037
372 382 -1.360471
372 472 1.714919
373 374 -0.178331
373 383 1.088592
373 473 0.264317
374 375 -0.825050
374 384 -0.892956
374 474 -0.662563
375 376 -1.047169
375 385 -0.005911
375 475 0.374882
376 377 -0.644498
376 386 -0.329126
376 476 0.780853
377 378 -1.788671
377 387 -0.722909
377 477 0.145577
378 379 0.580280
378 388 1.260733
378 478 1.037484
379 370 0.075973
379 389 0.202922
379 479 0.761926
380 381 -0.353506
380 390 -0.433804
380 480 -0.279197
381 382 -0.077224
381 391 0.694611
381 481 0.046217
382 383 0.758077
382 392 0.944435
382 482 0.665605
383 384 -0.716945
383 393 -1.064311
383 483 -0.513314
384 385 1.868885
384 394 -1.633106
384 484 -1.044595
385 386 0.449976
385 395 -0.340630
385 485 -0.028675
386 387 -0.635484
386 396 1.753041
386 486 0.008902
387 388 0.413529
387 397 -0.856219
387 487 -2.053155
388 389 0.092355
388 398 0.655239
388 488 -1.659979
389 380 -0.860870
389 399 0.159394
389 489 -1.130071
390 391 0.205380
390 300 0.433948
390 490 -1.114065
391 392 0.564580
391 301 0.410534
391 491 0.733967
392 393 -0.881998
392 302 -0.304308
392 492 -1.246808
393 394 1.834989
393 303 -0.585510
393 493 -2.639252
394 395 -0.884073
394 304 0.427480
394 494 1.599960
395 396 1.644976
395 305 -0.348454
395 495 -1.073179
396 397 -0.434652
396 306 0.117819
396 496 0.973142
397 398 -0.622141
397 307 -0.351895
397 497 -0.732469
398 399 2.011392
398 308 0.458358
398 498 0.519375
399 390 0.720767
399 309 -0.501979
399 499 -2.086395
400 401 -0.071487
400 410 1.056648
400 500 0.727778
401 402 0.968420
401 411 0.707371
401 501 -0.419510
402 403 0.361095
402 412 1.102410
402 502 -1.939973
403 404 -2.030059
403 413 -0.534835
403 503 -0.307072
404 405 -1.351997
404 414 -0.466487
404 504 -1.061099
405 406 0.460174
405 415 -1.384480
405 505 0.073087
406 407 -0.296230
406 416 0.711253
406 506 0.789616
407 408 -2.092247
407 417 -0.388332
407 507 -1.344761
408 409 1.190225
408 418 0.028987
408 508 2.213927
409 400 2.499493
409 419 0.769743
409 509 -0.604309
410 411 0.649452
410 420 2.380675
410 510 -0.283938
411 412 -1.766857
411 421 -0.111619
411 511 0.126411
412 413 0.692460
412 422 0.120794
412 512 -0.989027
413 414 0.251312
413 423 0.212659
413 513 -0.275521
414 415 -0.084412
414 424 0.298486
414 514 0.233799
415 416 -1.219327
415 425 -0.990862
415 515 -0.315311
416 417 -0.599386
416 426 1.518204
416 516 -1.249382
417 418 -0.543495
417 427 0.012745
417 517 -0.410999
418 419 -2.838091
418 428 -0.108521
418 518 -0.176714
419 410 2.540193
419 429 -0.770275
419 519 -0.744941
420 421 0.884494
420 430 0.809459
420 520 -0.844514
421 422 -0.036911
421 431 1.152298
421 521 0.590928
422 423 -2.161099
422 432 0.239517
422 522 -1.890591
423 424 1.304471
423 433 0.204634
423 523 -0.520351
424 425 0.346825
424 434 -2.090482
424 524 -1.320420
425 426 -1.152542
425 435 -0.059053
425 525 -1.802486
426 427 -1.233183
426 436 0.744430
426 526 0.960253
427 428 -0.516351
427 437 -0.390585
427 527 2.007211
428 429 0.065926
428 438 -0.416818
428 528 -0.265028
429 420 0.136228
429 439 0.884781
429 529 0.579836
430 431 -0.433895
430 440 -0.203566
430 530 -0.384377
431 432 -0.169869
431 441 0.092969
431 531 0.521013
432 433 1.043749
432 442 -0.407886
432 532 1.079510
433 434 -1.078653
433 443 -0.121392
433 533 0.227893
434 435 1.273503
434 444 0.857082
434 534 1.121801
435 436 0.132676
435 445 0.319980
435 535 -0.055091
436 437 -0.523322
436 446 0.186666
436 536 0.593812
437 438 -0.460743
437 447 0.306014
437 537 2.313364
438 439 0.747078
438 448 0.851708
438 538 -0.785376
439 430 -1.316706
439 449 0.660793
439 539 2.341671
440 441 2.288526
440 450 -1.964763
440 540 -2.191043
441 442 -0.955353
441 451 0.450786
441 541 -0.741761
442 443 -0.796412
442 452 -0.270853
442 542 -0.823830
443 444 -0.980044
443 453 0.885423
443 543 -2.822979
444 445 0.512483
444 454 -0.335233
444 544 -1.054033
445 446 0.495597
445 455 0.221212
445 545 1.526652
446 447 -0.763873
446 456 -0.777449
446 546 -0.284622
447 448 -0.923844
447 457 1.661978
447 547 -0.221289
448 449 -1.549062
448 458 0.300456
448 548 -0.826749
449 440 0.812577
449 459 -0.682197
449 549 -1.530120
450 451 -0.275232
450 460 -0.739984
450 550 -1.462277
451 452 -0.791159
451 461 -1.122948
451 551 0.017260
452 453 -0.841298
452 462 -0.497811
452 552 -0.661883
453 454 0.430203
453 463 -0.381889
453 553 -0.754439
454 455 0.383166
454 464 -0.642256
454 554 0.818417
455 456 -0.368275
455 465 2.648981
455 555 0.681719
456 457 0.662048
456 466 1.627937
456 556 1.234141
457 458 0.077120
457 467 0.557289
457 557 -0.136202
458 459 -0.677363
458 468 -0.792841
458 558 -0.265972
459 450 -0.486797
459 469 0.714160
459 559 -0.207950
460 461 1.062377
460 470 1.036354
460 560 0.823184
461 462 -1.576948
461 471 0.019015
461 561 0.472698
462 463 -0.704790
462 472 1.141011
462 562 -0.308695
463 464 0.455711
463 473 -2.138811
463 563 1.326568
464 465 1.510134
464 474 0.759581
464 564 -0.997296
465 466 -0.500953
465 475 -0.001409
465 565 0.171029
466 467 -0.722877
466 476 -0.304687
466 566 0.073843
467 468 -0.444790
467 477 -0.876265
467 567 -1.712350
468 469 0.666997
468 478 -0.503791
468 568 -0.819895
469 460 -1.726359
469 479 0.575852
469 569 0.611742
470 471 1.515251
470 480 1.886548
470 570 -0.604305
471 472 -0.260721
471 481 0.165167
471 571 -0.307145
472 473 -0.427353
472 482 0.802122
472 572 0.425405
473 474 1.003875
473 483 -0.024185
473 573 1.611250
474 475 2.036603
474 484 0.864111
474 574 0.350196
475 476 -0.244030
475 485 1.764975
475 575 -0.091503
476 477 -1.089603
476 486 -0.403411
476 576 1.002797
477 478 0.041885
477 487 -0.606413
477 577 0.503601
478 479 0.021547
478 488 -0.748553
478 578 1.778337
479 470 0.521633
479 489 0.647999
479 579 3.170926
480 481 0.089590
480 490 -0.421285
480 580 -0.044580
481 482 -0.581764
481 491 -0.475308
481 581 -1.034220
482 483 0.255497
482 492 1.837383
482 582 -0.307297
483 484 -1.077881
483 493 0.061385
483 583 0.861047
484 485 -1.120077
484 494 -0.299245
484 584 0.466890
485 486 0.371024
485 495 0.181126
485 585 1.685119
486 487 0.487756
486 496 0.754790
486 586 -1.035383
487 488 1.889202
487 497 0.007886
487 587 -0.810315
488 489 -1.092580
488 498 -0.856014
488 588 1.470879
489 480 1.124744
489 499 0.800323
489 589 -0.221561
490 491 -0.326318
490 400 0.107180
490 590 -0.197725
491 492 0.233455
491 401 -0.929971
491 591 -0.258591
492 493 -2.778633
492 402 1.165687
492 592 -1.493905
493 494 -0.348361
493 403 0.573828
493 593 0.337121
494 495 -0.501060
494 404 0.366413
494 594 -2.194623
495 496 1.734936
495 405 0.849949
495 595 1.625304
496 497 -1.370805
496 406 -1.591493
496 596 0.885496
497 498 0.645218
497 407 -1.079947
497 597 0.147180
498 499 -1.096028
498 408 0.451341
498 598 0.223019
499 490 0.769643
499 409 -1.071814
499 599 0.507346
500 501 -1.386522
500 510 0.319646
500 600 0.326403
501 502 0.024881
501 511 0.679686
501 601 -0.524773
502 503 -0.147470
502 512 -0.191019
502 602 -0.154198
503 504 1.521669
503 513 0.511744
503 603 1.366035
504 505 -0.702145
504 514 0.659181
504 604 2.242471
505 506 -1.699826
505 515 0.777584
505 605 -0.409856
506 507 0.766933
506 516 -0.852641
506 606 -1.305293
507 508 -0.957588
507 517 -0.478075
507 607 -0.197727
508 509 0.081785
508 518 -1.799921
508 608 0.254572
509 500 -1.839481
509 519 -1.248032
509 609 -1.149278
510 511 0.060802
510 520 -0.688005
510 610 -1.886735
511 512 0.279488
511 521 -0.165259
511 611 -1.124410
512 513 0.935568
512 522 -0.113805
512 612 -0.093410
513 514 -0.606929
513 523 0.351974
513 613 0.206539
514 515 -0.799336
514 524 1.740496
514 614 0.113530
515 516 -1.551964
515 525 -0.535801
515 615 1.127133
516 517 0.232114
516 526 0.288580
516 616 -0.135543
517 518 0.274646
517 527 -0.359962
517 617 -0.871966
518 519 -0.942247
518 528 0.344657
518 618 0.136828
519 510 0.993119
519 529 -0.000453
519 619 0.652207
520 521 -0.162605
520 530 -0.267078
520 620 -0.256564
521 522 -0.675744
521 531 0.117481
521 621 -0.980579
522 523 -1.280717
522 532 0.512766
522 622 -0.385386
523 524 0.428957
523 533 0.082722
523 623 0.015048
524 525 0.076086
524 534 -0.458639
524 624 -0.042883
525 526 0.478021
525 535 -0.557629
525 625 -0.664297
526 527 -0.587841
526 536 -0.251096
526 626 1.146367
527 528 1.228571
527 537 -1.271518
527 627 -0.949739
528 529 -0.253376
528 538 -1.339337
528 628 0.564473
529 520 -2.642850
529 539 -1.458150
529 629 0.459921
530 531 -0.104283
530 540 -0.271098
530 630 1.307493
531 532 -1.010264
531 541 0.288511
531 631 -0.851967
532 533 -0.737640
532 542 1.121555
532 632 -0.649904
533 534 1.208033
533 543 1.675553
533 633 -0.005901
534 535 0.093850
534 544 -0.053051
534 634 0.093265
535 536 -0.990721
535 545 -2.737549
535 635 1.308463
536 537 0.412389
536 546 -0.476645
536 636 -0.163964
537 538 0.230272
537 547 -1.230958
537 637 0.481074
538 539 -0.002635
538 548 -0.122123
538 638 1.572284
539 530 -0.291029
539 549 0.874926
539 639 0.863323
540 541 -1.151534
540 550 0.196927
540 640 0.455312
541 542 0.871520
541 551 0.968054
541 641 0.192958
542 543 1.211653
542 552 0.725871
542 642 -1.588654
543 544 0.186711
543 553 -0.514196
543 643 -0.701155
544 545 -1.844378
544 554 -0.969849
544 644 0.252033
545 546 0.292441
545 555 0.820447
545 645 -0.754501
546 547 -0.769072
546 556 0.658425
546 646 -0.760958
547 548 0.347017
547 557 0.995515
547 647 -0.687389
548 549 1.106983
548 558 0.741332
548 648 1.108046
549 540 0.259666
549 559 2.521863
549 649 1.131569
550 551 -2.585167
550 560 -0.881702
550 650 -0.573610
551 552 0.920652
551 561 -0.353153
551 651 -0.379281
552 553 -0.349637
552 562 -0.229945
552 652 1.395699
553 554 -1.441150
553 563 -2.591262
553 653 1.025720
554 555 1.555656
554 564 0.805275
554 654 1.129086
555 556 -0.353800
555 565 0.358313
555 655 0.333147
556 557 0.109660
556 566 -1.079846
556 656 -1.088475
557 558 -0.634269
557 567 -0.223151
557 657 1.050729
558 559 0.167215
558 568 0.105120
558 658 0.130176
559 550 -0.184696
559 569 -0.267198
559 659 1.956858
560 561 -0.690789
560 570 -0.721923
560 660 -0.063197
561 562 0.172425
561 571 0.618639
561 661 0.633535
562 563 1.766960
562 572 0.440984
562 662 -0.292252
563 564 1.334333
563 573 0.439948
563 663 -2.209360
564 565 0.660185
564 574 -0.484002
564 664 -0.500643
565 566 -0.151948
565 575 -1.677344
565 665 1.021436
566 567 0.525926
566 576 -0.438031
566 666 1.019483
567 568 0.075162
567 577 -0.513983
567 667 0.155946
568 569 -1.903247
568 578 0.457165
568 668 0.640677
569 560 -0.981208
569 579 0.116419
569 669 -0.273023
570 571 0.071276
570 580 1.204213
570 670 -0.618063
571 572 0.004240
571 581 -1.465494
571 671 -0.396922
572 573 -0.048527
572 582 -0.035264
572 672 0.153680
573 574 2.048520
573 583 0.975669
573 673 0.815925
574 575 0.119658
574 584 -1.225860
574 674 -0.307959
575 576 1.110694
575 585 -2.032875
575 675 -0.205143
576 577 -0.492440
576 586 0.750240
576 676 1.270174
577 578 -0.768480
577 587 -1.677701
577 677 0.071154
578 579 -1.241085
578 588 0.059459
578 678 0.794754
579 570 -1.288270
579 589 0.241118
579 679 -1.687117
580 581 -0.215459
580 590 -0.530531
580 680 0.476296
581 582 -1.021314
581 591 0.034092
581 681 -0.684041
582 583 2.279961
582 592 0.926156
582 682 0.009866
583 584 0.412330
583 593 2.182044
583 683 -0.032593
584 585 -1.535685
584 594 -2.067054
584 684 0.095155
585 586 0.605131
585 595 0.389151
585 685 0.125622
586 587 -0.067553
586 596 0.770597
586 686 -2.326254
587 588 -0.634822
587 597 0.661204
587 687 0.490170
588 589 0.688326
588 598 1.376798
588 688 -0.562500
589 580 0.022920
589 599 0.354076
589 689 -1.363024
590 591 -0.302606
590 500 -1.249217
590 690 -0.417844
591 592 -1.559654
591 501 0.762275
591 691 0.210938
592 593 0.178902
592 502 1.184886
592 692 1.086646
593 594 0.174122
593 503 0.899650
593 693 0.558785
594 595 1.103861
594 504 -0.663054
594 694 -0.153496
595 596 -1.335522
595 505 -0.174628
595 695 1.992583
596 597 -1.048516
596 506 0.082320
596 696 -0.247761
597 598 2.316561
597 507 1.095548
597 697 0.206375
598 599 0.772207
598 508 -0.314108
598 698 -0.099080
599 590 0.813505
599 509 2.062887
599 699 -0.163802
600 601 -0.294317
600 610 0.200801
600 700 1.193647
601 602 0.962745
601 611 -1.154591
601 701 0.243540
602 603 0.148839
602 612 -0.894945
602 702 0.411101
603 604 0.141030
603 613 -0.435311
603 703 0.236969
604 605 0.255190
604 614 -1.234408
604 704 1.459072
605 606 0.722876
605 615 -0.415120
605 705 2.258381
606 607 1.049738
606 616 0.344659
606 706 1.248869
607 608 0.296173
607 617 0.621239
607 707 -0.023793
608 609 -1.397830
608 618 -0.909146
608 708 -0.684645
609 600 -0.135425
609 619 0.285673
609 709 0.549471
610 611 -0.764244
610 620 -0.148431
610 710 1.207563
611 612 0.186646
611 621 -0.412279
611 711 -0.948630
612 613 -0.300320
612 622 -0.430691
612 712 -0.727462
613 614 0.517171
613 623 -0.456957
613 713 -1.852621
614 615 0.155715
614 624 1.856123
614 714 0.789922
615 616 1.140142
615 625 1.271522
615 715 0.208252
616 617 -0.090679
616 626 -2.065771
616 716 -0.661090
617 618 1.171479
617 627 0.887248
617 717 0.492312
618 619 -0.619132
618 628 1.890965
618 718 1.193663
619 610 -0.349694
619 629 -1.283982
619 719 0.897946
620 621 -0.189618
620 630 1.483287
620 720 -0.263219
621 622 -2.297567
621 631 0.530034
621 721 0.107650
622 623 1.868031
622 632 0.362363
622 722 -1.118517
623 624 -0.671878
623 633 0.076036
623 723 2.108981
624 625 0.870370
624 634 0.205227
624 724 1.522336
625 626 -2.726472
625 635 -0.689545
625 725 -1.154514
626 627 0.057401
626 636 -0.560215
626 726 -0.469442
627 628 -0.809309
627 637 -0.380349
627 727 1.091364
628 629 -1.036590
628 638 -0.515093
628 728 0.775648
629 620 -1.248855
629 639 -1.331018
629 729 1.356799
630 631 -0.095793
630 640 -0.168110
630 730 0.087659
631 632 -0.412149
631 641 -0.140870
631 731 0.503044
632 633 -0.364393
632 642 0.312476
632 732 0.595909
633 634 -0.316860
633 643 0.143791
633 733 -0.043790
634 635 -2.116354
634 644 -1.808328
634 734 -0.843956
635 636 -1.138733
635 645 -0.549859
635 735 -1.460690
636 637 1.028734
636 646 1.580044
636 736 -0.978995
637 638 0.260019
637 647 -0.138579
637 737 0.221219
638 639 0.590789
638 648 0.229750
638 738 0.614890
639 630 0.999419
639 649 0.816823
639 739 0.408706
640 641 0.790857
640 650 -0.452701
640 740 0.277013
641 642 1.256385
641 651 -0.585574
641 741 0.783637
642 643 0.390283
642 652 -1.066484
642 742 0.284495
643 644 0.252685
643 653 0.750354
643 743 0.294422
644 645 -2.037508
644 654 0.123268
644 744 0.330156
645 646 1.093504
645 655 0.483099
645 745 0.438164
646 647 1.356306
646 656 -0.524836
646 746 -0.534227
647 648 1.094146
647 657 0.646230
647 747 -0.976808
648 649 1.735378
648 658 -1.443280
648 748 -0.130557
649 640 1.711417
649 659 1.028900
649 749 -0.929057
650 651 -1.052421
650 660 -0.817420
650 750 -0.793340
651 652 -0.412691
651 661 0.791670
651 751 0.546930
652 653 0.335517
652 662 -0.113571
652 752 -1.891195
653 654 0.951083
653 663 0.826764
653 753 0.550706
654 655 0.171950
654 664 -0.531264
654 754 0.406105
655 656 0.373421
655 665 0.113426
655 755 -1.068013
656 657 -0.190719
656 666 -0.609491
656 756 -0.120675
657 658 1.680338
657 667 -1.415577
657 757 0.646083
658 659 1.194765
658 668 0.157571
658 758 0.104856
659 650 1.459457
659 669 0.652738
659 759 -0.301222
660 661 -0.655387
660 670 -0.661738
660 760 0.715878
661 662 0.660851
661 671 -0.065166
661 761 0.954856
662 663 0.486776
662 672 -0.323339
662 762 -0.654510
663 664 -0.068668
663 673 -0.955151
663 763 1.513787
664 665 -0.422812
664 674 -0.895381
664 764 1.558621
665 666 -0.316681
665 675 0.095721
665 765 0.323574
666 667 -0.534647
666 676 -1.056830
666 766 -0.314273
667 668 0.348441
667 677 0.839187
667 767 0.891683
668 669 0.747699
668 678 0.864247
668 768 0.390164
669 660 -0.844273
669 679 -0.251589
669 769 -1.177102
670 671 0.700603
670 680 -0.641512
670 770 -1.094868
671 672 -0.665299
671 681 0.637978
671 771 0.044710
672 673 1.198782
672 682 0.928030
672 772 0.944808
673 674 -0.843499
673 683 -0.253455
673 773 0.103264
674 675 -1.087455
674 684 0.955168
674 774 -0.418773
675 676 -0.386406
675 685 0.684274
675 775 0.244493
676 677 0.133504
676 686 -1.289653
676 776 -0.039391
677 678 0.363468
677 687 0.075418
677 777 -0.108444
678 679 2.888749
678 688 0.524381
678 778 0.971751
679 670 0.571701
679 689 1.272555
679 779 0.262181
680 681 -0.105680
680 690 -0.778267
680 780 2.679803
681 682 -1.356533
681 691 -0.145822
681 781 0.193937
682 683 1.346997
682 692 -0.075082
682 782 -0.421066
683 684 1.761116
683 693 -0.094764
683 783 1.493842
684 685 -2.499199
684 694 -0.047604
684 784 -0.710418
685 686 -1.204692
685 695 -0.063299
685 785 -1.444472
686 687 -0.239613
686 696 -0.853819
686 786 0.395994
687 688 0.762833
687 697 -0.960238
687 787 0.531221
688 689 -1.665511
688 698 -0.288064
688 788 -0.233172
689 680 0.667262
689 699 0.442136
689 789 -1.003775
690 691 -0.905542
690 600 0.359987
690 790 -0.612916
691 692 -1.175478
691 601 -0.243373
691 791 1.176068
692 693 -0.427124
692 602 -0.092568
692 792 -0.308461
693 694 1.715027
693 603 0.846849
693 793 0.215763
694 695 -0.202357
694 604 -0.532159
694 794 0.487223
695 696 0.006217
695 605 0.344771
695 795 1.382276
696 697 -0.991856
696 606 -1.564740
696 796 -1.139206
697 698 -0.116197
697 607 1.719868
697 797 -0.179679
698 699 -0.668834
698 608 -1.946726
698 798 0.549363
699 690 -0.658037
699 609 -1.069289
699 799 1.070839
700 701 0.075516
700 710 -0.130309
700 800 0.088182
701 702 1.680887
701 711 0.842514
701 801 -0.806411
702 703 0.524045
702 712 0.743468
702 802 0.316555
703 704 -0.232161
703 713 0.099688
703 803 -0.510493
704 705 -0.992245
704 714 -1.025931
704 804 -0.121736
705 706 0.036235
705 715 0.724803
705 805 -0.457821
706 707 -0.082023
706 716 0.897547
706 806 0.425190
707 708 1.611284
707 717 -0.019248
707 807 0.589219
708 709 0.196652
708 718 0.081407
708 808 0.957813
709 700 -2.632335
709 719 -0.142127
709 809 -0.687193
710 711 -0.559338
710 720 1.652288
710 810 0.580908
711 712 -1.923571
711 721 0.175454
711 811 1.125776
712 713 -0.303108
712 722 -0.012083
712 812 2.372651
713 714 1.069924
713 723 0.528356
713 813 0.538593
714 715 -0.077458
714 724 -1.679540
714 814 0.508832
715 716 -0.145886
715 725 0.197655
715 815 0.056409
716 717 -0.048406
716 726 -0.781471
716 816 -1.079826
717 718 -0.512477
717 727 -0.100957
717 817 -1.716565
718 719 -0.508941
718 728 0.559570
718 818 0.750120
719 710 -1.552660
719 729 0.921499
719 819 -1.863416
720 721 1.818082
720 730 -0.462527
720 820 0.130071
721 722 1.192453
721 731 0.852995
721 821 0.119408
722 723 1.221033
722 732 0.022991
722 822 2.139524
723 724 1.403787
723 733 0.641177
723 823 -2.056766
724 725 -0.583286
724 734 -1.177259
724 824 0.743847
725 726 1.008663
725 735 -1.427819
725 825 0.365034
726 727 0.304992
726 736 -0.298440
726 826 -0.598488
727 728 0.858493
727 737 -0.183439
727 827 -0.036592
728 729 -1.847727
728 738 -0.025817
728 828 1.260431
729 720 0.251590
729 739 -1.646009
729 829 -0.123113
730 731 0.719193
730 740 -0.327706
730 830 0.193110
731 732 -1.224573
731 741 0.306587
731 831 -1.174512
732 733 -0.726519
732 742 1.511686
732 832 -0.644628
733 734 1.262218
733 743 -1.340767
733 833 0.955900
734 735 -1.349736
734 744 -1.829186
734 834 -2.901146
735 736 -1.212068
735 745 -1.533628
735 835 -0.810196
736 737 -1.495234
736 746 -0.014347
736 836 0.296495
737 738 0.773951
737 747 0.445733
737 837 -0.508668
738 739 0.779268
738 748 0.811661
738 838 1.836905
739 730 -2.865545
739 749 -0.081919
739 839 -0.365625
740 741 -0.214643
740 750 -0.188440
740 840 -1.017891
741 742 -0.870527
741 751 -1.884649
741 841 1.365140
742 743 -0.390103
742 752 0.015694
742 842 0.250144
743 744 1.566240
743 753 0.390274
743 843 -0.629250
744 745 -2.604285
744 754 -0.855458
744 844 0.129756
745 746 -0.538670
745 755 -1.785139
745 845 1.178471
746 747 1.877114
746 756 -0.927671
746 846 1.178054
747 748 -0.115164
747 757 1.256828
747 847 -0.699170
748 749 0.423435
748 758 -0.522626
748 848 -0.791828
749 740 -0.007740
749 759 -1.767002
749 849 0.400841
750 751 1.914486
750 760 -1.834212
750 850 0.032930
751 752 -1.696673
751 761 -0.044349
751 851 0.396272
752 753 -0.771156
752 762 0.550818
752 852 0.929514
753 754 -0.633126
753 763 -0.531470
753 853 0.718735
754 755 -0.683674
754 764 1.148124
754 854 2.041301
755 756 0.508120
755 765 2.155690
755 855 0.224217
756 757 1.148147
756 766 -0.614372
756 856 -0.839396
757 758 1.523858
757 767 -1.663790
757 857 0.930707
758 759 1.182770
758 768 -0.602605
758 858 -0.196835
759 750 0.371901
759 769 0.754039
759 859 0.159110
760 761 -0.745524
760 770 1.166137
760 860 -0.657661
761 762 1.365665
761 771 -0.501582
761 861 0.298536
762 763 -0.601845
762 772 0.248742
762 862 0.303012
763 764 0.845350
763 773 0.892828
763 863 1.036694
764 765 -0.058508
764 774 3.142615
764 864 -0.072055
765 766 -1.560877
765 775 0.613191
765 865 0.377273
766 767 -0.252344
766 776 0.013706
766 866 1.240631
767 768 0.704644
767 777 -1.967331
767 867 -0.255985
768 769 1.687954
768 778 0.680633
768 868 -0.823677
769 760 0.794732
769 779 0.322158
769 869 -0.408477
770 771 0.626835
770 780 -1.145591
770 870 -0.720365
771 772 0.508062
771 781 -0.271671
771 871 -0.688548
772 773 0.068029
772 782 -1.020372
772 872 0.334036
773 774 2.315236
773 783 -0.469664
773 873 -1.825891
774 775 0.357012
774 784 -1.647737
774 874 -0.929400
775 776 -0.103933
775 785 -1.139459
775 875 -0.236379
776 777 0.213830
776 786 -0.570210
776 876 -1.085018
777 778 0.088913
777 787 0.272566
777 877 -0.257381
778 779 1.759721
778 788 0.549993
778 878 -1.281101
779 770 -0.897909
779 789 0.936962
779 879 0.497187
780 781 -0.349982
780 790 0.732349
780 880 -0.011001
781 782 -0.180371
781 791 -0.302714
781 881 -1.867272
782 783 0.494065
782 792 0.857348
782 882 0.793920
783 784 1.666813
783 793 -1.801005
783 883 1.714737
784 785 0.649625
784 794 -0.723997
784 884 0.574765
785 786 0.674096
785 795 -2.629283
785 885 1.202890
786 787 0.695241
786 796 -2.771125
786 886 -1.867082
787 788 0.355732
787 797 -0.171597
787 887 0.351972
788 789 0.275528
788 798 -0.381588
788 888 -2.237932
789 780 -1.585497
789 799 1.988529
789 889 -0.256119
790 791 -0.383124
790 700 0.104576
790 890 -0.555800
791 792 -0.564033
791 701 1.911570
791 891 -0.255622
792 793 0.389940
792 702 0.475142
792 892 0.085027
793 794 -0.312700
793 703 -0.848113
793 893 -0.820201
794 795 0.107059
794 704 0.047920
794 894 -0.201407
795 796 0.571055
795 705 0.107404
795 895 -1.189058
796 797 -0.377880
796 706 -0.052731
796 896 -0.916638
797 798 0.078621
797 707 0.992966
797 897 -0.359549
798 799 -0.588208
798 708 0.352405
798 898 -1.256887
799 790 1.153984
799 709 1.094183
799 899 0.428105
800 801 1.987711
800 810 -0.793939
800 900 0.779593
801 802 -0.480733
801 811 0.819091
801 901 2.224245
802 803 -0.472828
802 812 1.573242
802 902 0.560705
803 804 -0.470952
803 813 0.551742
803 903 -0.760711
804 805 -0.018288
804 814 1.370499
804 904 0.885038
805 806 0.958442
805 815 1.751793
805 905 -0.016862
806 807 0.070982
806 816 -0.267487
806 906 0.411189
807 808 -0.673978
807 817 0.017217
807 907 0.036758
808 809 2.440726
808 818 0.215890
808 908 1.321401
809 800 -1.637964
809 819 2.073265
809 909 -1.455697
810 811 0.897936
810 820 0.382214
810 910 1.751192
811 812 -2.075748
811 821 0.739524
811 911 1.212583
812 813 -0.924057
812 822 0.403278
812 912 0.516455
813 814 0.514192
813 823 -0.046890
813 913 -0.694117
814 815 -1.713258
814 824 -0.850955
814 914 1.666932
815 816 1.490769
815 825 0.237938
815 915 -2.496321
816 817 1.408000
816 826 -0.698566
816 916 -1.312608
817 818 -1.999401
817 827 0.466107
817 917 0.301293
818 819 0.349233
818 828 1.874773
818 918 0.428288
819 810 0.166281
819 829 -0.378927
819 919 0.726990
820 821 -1.530143
820 830 0.031743
820 920 0.494051
821 822 -0.317920
821 831 0.720697
821 921 -0.006969
822 823 -0.869430
822 832 0.244743
822 922 0.728231
823 824 1.098418
823 833 -0.661427
823 923 -1.327529
824 825 0.667430
824 834 0.652911
824 924 0.458533
825 826 -1.682964
825 835 0.532727
825 925 0.340848
826 827 -0.855592
826 836 0.461689
826 926 0.885703
827 828 1.195175
827 837 0.163344
827 927 1.250488
828 829 0.925745
828 838 1.020073
828 928 0.379961
829 820 1.058306
829 839 0.550019
829 929 -1.242973
830 831 0.721179
830 840 -1.849130
830 930 -0.929715
831 832 0.085084
831 841 -1.536216
831 931 1.386697
832 833 -0.504968
832 842 0.504503
832 932 -0.951251
833 834 -0.444492
833 843 -1.194411
833 933 -0.969068
834 835 0.075687
834 844 0.768582
834 934 -1.041645
835 836 1.576062
835 845 -1.184496
835 935 0.038420
836 837 -0.945158
836 846 -1.158656
836 936 -1.550978
837 838 -0.785116
837 847 -0.496520
837 937 0.212144
838 839 1.867169
838 848 0.529702
838 938 -0.380682
839 830 -0.922462
839 849 2.637657
839 939 0.195653
840 841 -0.211138
840 850 -2.059022
840 940 0.325945
841 842 -0.335134
841 851 -0.343685
841 941 0.865227
842 843 0.097104
842 852 0.079656
842 942 -0.326298
843 844 -0.546513
843 853 -0.792668
843 943 0.997764
844 845 -0.349376
844 854 0.213140
844 944 1.358729
845 846 -0.884496
845 855 -0.054378
845 945 -1.260673
846 847 0.599981
846 856 -0.824970
846 946 -0.564508
847 848 1.405314
847 857 0.562670
847 947 -0.404652
848 849 0.481493
848 858 0.001879
848 948 0.670212
849 840 -1.545744
849 859 1.321024
849 949 -0.864591
850 851 -0.088150
850 860 -0.482043
850 950 0.631947
851 852 0.699753
851 861 0.480705
851 951 -0.422147
852 853 1.179138
852 862 0.783610
852 952 -0.765271
853 854 1.631268
853 863 2.212017
853 953 2.250107
854 855 0.204824
854 864 0.781853
854 954 1.690567
855 856 -1.404904
855 865 -0.556514
855 955 -2.049315
856 857 2.382197
856 866 -1.036030
856 956 -0.944665
857 858 0.751553
857 867 0.215114
857 957 -1.099491
858 859 -1.134907
858 868 1.266260
858 958 0.584576
859 850 0.108476
859 869 -0.418474
859 959 0.048766
860 861 0.227978
860 870 -0.834014
860 960 1.495850
861 862 -0.563309
861 871 -0.541486
861 961 0.853066
862 863 0.130033
862 872 1.451144
862 962 0.322506
863 864 -0.026802
863 873 -0.764246
863 963 -1.950870
864 865 -1.557340
864 874 2.489586
864 964 -0.898795
865 866 -0.224336
865 875 1.567686
865 965 -0.094212
866 867 -0.008633
866 876 -0.732071
866 966 -1.555611
867 868 -0.753621
867 877 -0.554423
867 967 0.388097
868 869 0.317681
868 878 -0.676451
868 968 -0.286203
869 860 1.003435
869 879 0.423235
869 969 -0.221194
870 871 -0.723478
870 880 -0.354017
870 970 -2.136157
871 872 0.798468
871 881 0.709241
871 971 0.188296
872 873 -0.823471
872 882 -1.161614
872 972 -0.808608
873 874 -1.598555
873 883 0.555238
873 973 0.101001
874 875 -1.891798
874 884 0.120600
874 974 -0.118838
875 876 0.352572
875 885 0.811522
875 975 -0.652815
876 877 -0.044477
876 886 -1.674134
876 976 1.316518
877 878 0.166635
877 887 0.278961
877 977 2.023413
878 879 0.259993
878 888 -0.157455
878 978 1.199200
879 870 -0.193661
879 889 -0.508967
879 979 0.217408
880 881 0.037741
880 890 0.457242
880 980 -0.304995
881 882 0.090003
881 891 -0.295798
881 981 -1.179265
882 883 0.302236
882 892 0.919691
882 982 1.927340
883 884 -0.103165
883 893 0.582357
883 983 -0.807700
884 885 1.708624
884 894 -0.036618
884 984 0.463260
885 886 0.436768
885 895 -1.162284
885 985 -1.474784
886 887 1.186822
886 896 0.712644
886 986 -0.694348
887 888 -1.498680
887 897 -0.104454
887 987 -1.381167
888 889 -0.877438
888 898 -0.584721
888 988 2.158571
889 880 0.314993
889 899 -0.300840
889 989 -0.071268
890 891 1.522309
890 800 1.135105
890 990 -1.055694
891 892 -0.063859
891 801 0.321541
891 991 -1.208905
892 893 -0.002368
892 802 1.875667
892 992 1.292643
893 894 -0.707353
893 803 1.071019
893 993 0.486703
894 895 -0.695061
894 804 -0.933506
894 994 0.680153
895 896 -1.418637
895 805 -0.109236
895 995 0.277459
896 897 -0.346402
896 806 -1.183704
896 996 -1.602035
897 898 -0.357413
897 807 -1.712108
897 997 -0.738089
898 899 0.626778
898 808 -1.420321
898 998 0.518818
899 890 2.241680
899 809 0.867683
899 999 -0.250064
900 901 -1.007155
900 910 0.259475
900 0 1.024812
901 902 -1.005870
901 911 -1.865448
901 1 -1.439560
902 903 -0.083853
902 912 1.030996
902 2 -0.298150
903 904 0.246640
903 913 -1.444852
903 3 1.201135
904 905 -0.057682
904 914 -1.306693
904 4 -0.473988
905 906 -0.435610
905 915 -0.260116
905 5 0.020437
906 907 0.451342
906 916 0.043137
906 6 0.919970
907 908 -1.635668
907 917 -0.927773
907 7 -0.402254
908 909 -0.315621
908 918 -0.001402
908 8 0.102772
909 900 -1.062107
909 919 1.742109
909 9 -1.834902
910 911 2.212226
910 920 0.029644
910 10 -0.736452
911 912 0.150614
911 921 0.143282
911 11 -0.571034
912 913 -0.658420
912 922 1.040851
912 12 0.854548
913 914 0.388528
913 923 0.639147
913 13 -0.045562
914 915 -0.829521
914 924 -0.877535
914 14 2.423032
915 916 0.661017
915 925 -0.089726
915 15 -0.099596
916 917 -0.916208
916 926 -0.095935
916 16 1.271066
917 918 1.396517
917 927 2.220093
917 17 0.466440
918 919 -1.097597
918 928 0.009475
918 18 -1.406762
919 910 -0.797814
919 929 0.550874
919 19 0.259066
920 921 0.326771
920 930 1.265036
920 20 1.344053
921 922 -1.206752
921 931 -1.221155
921 21 0.209963
922 923 -0.403583
922 932 -2.307309
922 22 2.270974
923 924 0.344406
923 933 -0.227326
923 23 -0.732337
924 925 -0.375654
924 934 -1.571716
924 24 1.446928
925 926 0.447348
925 935 0.876136
925 25 0.211155
926 927 -1.272357
926 936 1.411047
926 26 1.923048
927 928 0.827787
927 937 0.377605
927 27 1.005897
928 929 -0.580228
928 938 1.044928
928 28 0.596020
929 920 1.002256
929 939 -0.231892
929 29 2.008236
930 931 1.983126
930 940 -0.472540
930 30 1.653375
931 932 1.132099
931 941 -1.345716
931 31 -0.975266
932 933 -0.161183
932 942 -0.487030
932 32 0.114803
933 934 -1.521568
933 943 -0.755499
933 33 -0.869404
934 935 -0.318559
934 944 0.860188
934 34 0.326690
935 936 -0.332684
935 945 -1.794591
935 35 0.481562
936 937 0.017030
936 946 -0.387550
936 36 -0.573608
937 938 0.891945
937 947 0.881469
937 37 -0.815592
938 939 0.322394
938 948 0.204955
938 38 -0.532181
939 930 -1.249033
939 949 0.490458
939 39 -0.944747
940 941 -0.816215
940 950 0.552209
940 40 1.283720
941 942 -0.205324
941 951 -0.380155
941 41 -1.485982
942 943 -0.258726
942 952 -0.311970
942 42 1.164846
943 944 0.406412
943 953 0.564127
943 43 0.710825
944 945 1.426374
944 954 -0.336916
944 44 0.232241
945 946 1.378029
945 955 0.068826
945 45 -1.365218
946 947 -0.329925
946 956 0.047775
946 46 0.356358
947 948 -1.120253
947 957 -0.432332
947 47 0.517231
948 949 0.651714
948 958 0.601877
948 48 0.835202
949 940 -1.013748
949 959 -1.646500
949 49 0.081907
950 951 1.034314
950 960 -0.439583
950 50 -0.091061
951 952 -0.737499
951 961 -0.130114
951 51 0.487978
952 953 -1.318154
952 962 -0.173810
952 52 -0.707041
953 954 -1.427793
953 963 0.409977
953 53 0.462970
954 955 -0.562081
954 964 -0.431632
954 54 -1.789945
955 956 -0.127460
955 965 1.424434
955 55 0.093341
956 957 0.446252
956 966 -0.735764
956 56 -0.016348
957 958 0.192476
957 967 0.360772
957 57 1.731566
958 959 -0.089216
958 968 -1.052026
958 58 -0.096767
959 950 -0.489415
959 969 0.684037
959 59 0.687919
960 961 -0.942703
960 970 -0.257906
960 60 0.389335
961 962 1.177202
961 971 -0.008382
961 61 -0.448532
962 963 -1.013948
962 972 1.394114
962 62 -0.737160
963 964 1.886708
963 973 -1.472898
963 63 -0.642374
964 965 0.966352
964 974 0.073597
964 64 0.393513
965 966 -1.641046
965 975 -1.005233
965 65 -1.755887
966 967 0.519557
966 976 0.681030
966 66 0.608039
967 968 0.996600
967 977 -1.061951
967 67 -0.274015
968 969 -0.075656
968 978 -0.002794
968 68 0.243004
969 960 -0.630100
969 979 -0.302287
969 69 -1.397356
970 971 -1.747381
970 980 -0.537394
970 70 2.615629
971 972 1.613049
971 981 0.464551
971 71 -1.936410
972 973 2.058907
972 982 -0.935280
972 72 -0.322096
973 974 1.022304
973 983 0.943940
973 73 -0.203606
974 975 0.279763
974 984 0.407670
974 74 -0.188368
975 976 -1.003243
975 985 -0.513179
975 75 0.288240
976 977 1.593510
976 986 0.179990
976 76 -0.554198
977 978 0.370127
977 987 -0.692592
977 77 -0.141733
978 979 -0.051294
978 988 0.912733
978 78 0.517526
979 970 1.197958
979 989 0.032899
979 79 0.127983
980 981 1.662431
980 990 0.130764
980 80 -1.139555
981 982 1.704093
981 991 0.656565
981 81 0.478419
982 983 -0.680463
982 992 -0.860910
982 82 -0.316856
983 984 -0.969587
983 993 0.578450
983 83 -0.614763
984 985 0.337343
984 994 0.337200
984 84 0.491141
985 986 -0.313272
985 995 -1.046057
985 85 -1.141192
986 987 0.288442
986 996 -1.258039
986 86 -0.097331
987 988 0.047211
987 997 -1.504869
987 87 -0.803316
988 989 -0.662219
988 998 -0.068361
988 88 1.572553
989 980 1.321850
989 999 -0.009319
989 89 0.792864
990 991 0.444192
990 900 1.456867
990 90 -1.028771
991 992 -0.773565
991 901 1.479798
991 91 0.949388
992 993 -0.300268
992 902 -0.025680
992 92 1.886376
993 994 -1.851221
993 903 0.509833
993 93 1.445855
994 995 0.301101
994 904 -0.728176
994 94 0.352725
995 996 0.279702
995 905 -0.802721
995 95 -0.798301
996 997 1.346207
996 906 -1.415289
996 96 2.951227
997 998 -0.225737
997 907 -0.453151
997 97 1.067095
998 999 -0.174858
998 908 -1.107475
998 98 -0.421259
999 990 1.137833
999 909 -1.792704
999 99 -1.449123
