0 1 0.292225
0 10 0.085547
0 100 -1.511300
1 2 -2.777561
1 11 0.496566
1 101 -0.535487
2 3 0.674831
2 12 0.689176
2 102 -1.414008
3 4 -0.459310
3 13 1.279969
3 103 0.370424
4 5 1.924881
4 14 0.765587
4 104 0.391312
5 6 -0.155001
5 15 0.897388
5 105 0.810697
6 7 -0.177751
6 16 1.942112
6 106 -1.533498
7 8 -0.260501
7 17 0.799698
7 107 1.481960
8 9 -0.983473
8 18 0.465658
8 108 0.679225
9 0 1.419561
9 19 -1.911748
9 109 0.617882
10 11 1.016209
10 20 -0.995839
10 110 -2.214483
11 12 0.502517
11 21 -1.252696
11 111 1.014576
12 13 0.043344
12 22 1.636489
12 112 0.860244
13 14 -0.236978
13 23 1.275263
13 113 -0.364711
14 15 -0.692677
14 24 -1.953334
14 114 -1.445964
15 16 -0.279489
15 25 -0.391591
15 115 0.005735
16 17 0.041371
16 26 0.097222
16 116 -0.012644
17 18 1.515856
17 27 -0.389877
17 117 -0.036312
18 19 -0.673928
18 28 1.554755
18 118 0.435684
19 10 -1.206226
19 29 2.257818
19 119 0.808016
20 21 -0.556662
20 30 -2.229842
20 120 -0.839982
21 22 -0.338962
21 31 -0.163332
21 121 0.387975
22 23 0.817396
22 32 0.525477
22 122 -0.642663
23 24 -0.504700
23 33 -0.344519
23 123 0.039182
24 25 -0.748615
24 34 1.431935
24 124 0.082211
25 26 -0.195420
25 35 1.412571
25 125 1.161888
26 27 -0.003260
26 36 0.172199
26 126 -0.479619
27 28 0.406650
27 37 1.151583
27 127 -0.843930
28 29 0.940444
28 38 0.862309
28 128 1.431230
29 20 -1.025342
29 39 -1.286182
29 129 -0.071502
30 31 -0.498316
30 40 -0.536532
30 130 -1.061751
31 32 -1.731675
31 41 -0.231391
31 131 0.735394
32 33 1.157413
32 42 0.307386
32 132 1.236029
33 34 0.079336
33 43 0.715024
33 133 0.394158
34 35 -1.908369
34 44 -0.302404
34 134 -0.380828
35 36 -0.855784
35 45 -0.135644
35 135 -1.961336
36 37 -0.901157
36 46 -0.470579
36 136 0.514121
37 38 0.137783
37 47 -1.613863
37 137 -1.018437
38 39 1.021661
38 48 -1.141571
38 138 0.110684
39 30 0.259973
39 49 0.974351
39 139 0.895406
40 41 -0.838686
40 50 1.092920
40 140 -0.915950
41 42 1.239929
41 51 0.831439
41 141 0.374393
42 43 0.590572
42 52 -0.666307
42 142 0.146039
43 44 0.193438
43 53 -0.781940
43 143 -0.031123
44 45 -0.296079
44 54 -0.051100
44 144 -0.231104
45 46 -1.090106
45 55 -0.961449
45 145 -0.774926
46 47 0.126895
46 56 -0.606204
46 146 0.432835
47 48 2.359916
47 57 0.251697
47 147 0.611065
48 49 1.120697
48 58 3.082850
48 148 0.059597
49 40 0.207832
49 59 -1.303243
49 149 -1.101104
50 51 -1.509093
50 60 0.370364
50 150 0.244912
51 52 -1.410207
51 61 0.900876
51 151 0.577085
52 53 1.572538
52 62 -0.273236
52 152 -0.703175
53 54 -0.373956
53 63 1.446598
53 153 -0.110381
54 55 1.563857
54 64 0.334712
54 154 0.967824
55 56 -0.290206
55 65 0.595396
55 155 1.489415
56 57 -1.566902
56 66 0.158837
56 156 0.181551
57 58 0.713875
57 67 -0.348447
57 157 -0.204070
58 59 1.205456
58 68 -0.635918
58 158 -0.060874
59 50 -1.129506
59 69 0.877604
59 159 0.250144
60 61 0.006189
60 70 -1.203225
60 160 0.872764
61 62 -0.628683
61 71 -1.480849
61 161 0.550192
62 63 -2.176862
62 72 0.401500
62 162 -0.581340
63 64 -0.286987
63 73 0.440908
63 163 0.059516
64 65 -0.741045
64 74 -0.590888
64 164 0.669731
65 66 1.715201
65 75 -0.598185
65 165 0.166835
66 67 0.850177
66 76 0.707408
66 166 -1.897326
67 68 -0.106569
67 77 -1.222824
67 167 0.123510
68 69 -0.009897
68 78 0.215487
68 168 -0.527325
69 60 0.808709
69 79 -1.204504
69 169 0.318271
70 71 -0.342582
70 80 -0.471992
70 170 0.310816
71 72 -1.528698
71 81 0.802174
71 171 1.010963
72 73 -0.564182
72 82 0.133004
72 172 1.042486
73 74 -1.661246
73 83 -0.493382
73 173 1.065491
74 75 1.186098
74 84 -0.859943
74 174 -0.578741
75 76 -0.871353
75 85 -0.980310
75 175 -0.083678
76 77 0.592779
76 86 -0.404654
76 176 0.497027
77 78 -0.963872
77 87 -1.753944
77 177 0.657447
78 79 -0.572329
78 88 -0.436435
78 178 0.535060
79 70 0.852627
79 89 1.040105
79 179 -2.320394
80 81 -0.621969
80 90 0.877497
80 180 0.440069
81 82 1.149586
81 91 -0.223487
81 181 -0.001966
82 83 -0.937293
82 92 0.498525
82 182 0.902778
83 84 -1.279771
83 93 0.603263
83 183 0.209108
84 85 1.419574
84 94 0.281771
84 184 -0.988321
85 86 -0.760978
85 95 -0.680692
85 185 1.510960
86 87 0.264074
86 96 0.428309
86 186 -0.357089
87 88 -1.003578
87 97 -0.254009
87 187 1.755743
88 89 0.209509
88 98 1.018388
88 188 -0.251421
89 80 0.786543
89 99 2.088364
89 189 -1.422608
90 91 1.757078
90 0 1.080267
90 190 -0.348992
91 92 -0.592898
91 1 0.330587
91 191 -1.514490
92 93 -0.407017
92 2 -0.966472
92 192 0.787137
93 94 0.723272
93 3 0.231100
93 193 0.090684
94 95 -1.116034
94 4 -0.360072
94 194 -2.297422
95 96 0.616176
95 5 1.907400
95 195 -0.627108
96 97 -1.190447
96 6 -0.541256
96 196 -0.563619
97 98 -0.419848
97 7 1.934867
97 197 1.032103
98 99 -0.286087
98 8 -0.693692
98 198 -1.094322
99 90 0.295651
99 9 0.482191
99 199 0.219416
100 101 0.899406
100 110 0.041590
100 200 0.252384
101 102 0.902283
101 111 1.160207
101 201 -0.965714
102 103 -0.590206
102 112 -1.506888
102 202 -0.335584
103 104 0.945678
103 113 -1.002967
103 203 0.156115
104 105 -1.185948
104 114 -0.733075
104 204 -0.747176
105 106 -0.108922
105 115 0.469141
105 205 -0.089868
106 107 0.126508
106 116 -0.474847
106 206 0.348516
107 108 -0.379961
107 117 1.341794
107 207 0.024467
108 109 -0.078256
108 118 1.587817
108 208 -0.821192
109 100 0.694954
109 119 -1.243061
109 209 0.718284
110 111 -0.293763
110 120 0.805078
110 210 -0.522599
111 112 -0.426087
111 121 0.357069
111 211 2.043759
112 113 -1.179804
112 122 1.115770
112 212 0.396297
113 114 1.187574
113 123 0.463097
113 213 -0.851656
114 115 -1.004666
114 124 -0.592624
114 214 1.215215
115 116 -1.591232
115 125 -0.696232
115 215 -0.713380
116 117 0.602891
116 126 0.882123
116 216 -1.217026
117 118 -0.755192
117 127 -0.792894
117 217 -0.999296
118 119 0.032805
118 128 1.082851
118 218 -0.240317
119 110 -0.284986
119 129 -2.148939
119 219 -0.459092
120 121 -1.282697
120 130 0.799417
120 220 0.525220
121 122 0.479655
121 131 0.050571
121 221 0.313816
122 123 -0.049211
122 132 -0.114809
122 222 1.031175
123 124 -0.921546
123 133 0.040581
123 223 1.493509
124 125 -0.477213
124 134 -0.348465
124 224 -0.518758
125 126 -0.852147
125 135 -0.552801
125 225 -1.032642
126 127 -0.502745
126 136 -1.658295
126 226 -1.597522
127 128 -1.537529
127 137 -0.384023
127 227 -0.869852
128 129 -0.346358
128 138 -1.842583
128 228 0.244288
129 120 -0.025339
129 139 1.430651
129 229 0.058668
130 131 2.826899
130 140 0.905503
130 230 0.026712
131 132 -0.246469
131 141 -0.718059
131 231 1.135105
132 133 -1.226825
132 142 -0.455148
132 232 1.003306
133 134 -0.428857
133 143 -0.418768
133 233 0.175900
134 135 -0.536666
134 144 -0.392528
134 234 0.108345
135 136 0.641958
135 145 1.212957
135 235 1.082849
136 137 0.660982
136 146 1.156477
136 236 -0.049985
137 138 -0.477416
137 147 1.230734
137 237 -0.024441
138 139 0.459199
138 148 0.101267
138 238 0.363925
139 130 -1.363458
139 149 1.543575
139 239 -0.151145
140 141 1.221042
140 150 -0.236103
140 240 -0.946716
141 142 0.426463
141 151 1.030046
141 241 -0.533359
142 143 0.704012
142 152 -1.808838
142 242 -0.120488
143 144 -0.432495
143 153 0.004923
143 243 -1.573631
144 145 -2.034312
144 154 0.675591
144 244 -2.149652
145 146 -0.908739
145 155 -0.015796
145 245 0.388210
146 147 0.614974
146 156 -0.804005
146 246 -0.119260
147 148 -1.407481
147 157 -1.196057
147 247 0.189827
148 149 0.803781
148 158 0.917281
148 248 0.717018
149 140 -0.836941
149 159 0.059026
149 249 -0.331293
150 151 0.307619
150 160 -0.873433
150 250 -0.008969
151 152 -1.007903
151 161 1.819080
151 251 -0.553402
152 153 0.512075
152 162 0.446922
152 252 0.070525
153 154 0.915016
153 163 1.246559
153 253 -1.597023
154 155 1.135469
154 164 -0.733991
154 254 0.863672
155 156 1.003529
155 165 0.883983
155 255 0.472961
156 157 -0.580420
156 166 -1.394791
156 256 -0.679454
157 158 -1.595182
157 167 -0.803278
157 257 -0.386857
158 159 0.030896
158 168 0.409288
158 258 -0.706937
159 150 -0.471557
159 169 -0.958115
159 259 0.324448
160 161 -1.794808
160 170 -0.581748
160 260 1.285941
161 162 0.278158
161 171 -0.571950
161 261 -1.074146
162 163 0.440536
162 172 0.311254
162 262 0.494579
163 164 -0.430145
163 173 -0.803997
163 263 -1.356553
164 165 -0.684900
164 174 -0.221114
164 264 0.990792
165 166 0.522295
165 175 -1.812755
165 265 -0.017429
166 167 2.465265
166 176 0.061402
166 266 -0.299705
167 168 0.524683
167 177 -0.501716
167 267 -0.303034
168 169 1.430053
168 178 -0.446037
168 268 0.799313
169 160 -1.781881
169 179 -1.228040
169 269 -0.072975
170 171 0.482915
170 180 -0.461739
170 270 0.439351
171 172 -0.890542
171 181 1.684064
171 271 -0.949778
172 173 -0.204055
172 182 -0.605332
172 272 -0.009604
173 174 -0.919318
173 183 0.312736
173 273 -0.915667
174 175 -2.171425
174 184 -0.631310
174 274 -0.037984
175 176 -0.808585
175 185 -0.288863
175 275 -0.638669
176 177 -0.258272
176 186 0.500174
176 276 0.832449
177 178 -0.529276
177 187 -0.055288
177 277 -0.478240
178 179 0.006368
178 188 -0.659510
178 278 0.577119
179 170 -0.685668
179 189 1.317674
179 279 2.112200
180 181 1.142968
180 190 0.788026
180 280 -1.073625
181 182 0.424979
181 191 -0.389585
181 281 -0.324647
182 183 -0.059209
182 192 -0.441796
182 282 -1.687585
183 184 -1.046143
183 193 0.583606
183 283 -0.673147
184 185 1.209614
184 194 2.072621
184 284 -1.323945
185 186 -0.589979
185 195 -0.098018
185 285 -0.277818
186 187 -0.575193
186 196 1.321463
186 286 0.467490
187 188 1.131294
187 197 -1.773493
187 287 1.189039
188 189 -0.123018
188 198 -0.443663
188 288 0.401985
189 180 -1.412389
189 199 0.920801
189 289 -1.024016
190 191 0.646141
190 100 -1.132374
190 290 -0.032859
191 192 -1.498111
191 101 1.781050
191 291 1.823740
192 193 -0.461631
192 102 -0.425619
192 292 0.356860
193 194 -0.926781
193 103 -0.459167
193 293 1.906152
194 195 1.380376
194 104 0.401974
194 294 1.413374
195 196 1.019792
195 105 -0.808803
195 295 0.146476
196 197 -0.004959
196 106 -1.599130
196 296 0.330848
197 198 0.955966
197 107 -1.290097
197 297 0.271286
198 199 0.783782
198 108 2.016171
198 298 2.204451
199 190 -2.137814
199 109 -0.402123
199 299 -1.126479
200 201 -0.347069
200 210 -1.048958
200 300 0.414263
201 202 -0.008661
201 211 0.606824
201 301 -0.010250
202 203 -0.802257
202 212 -0.384014
202 302 -0.552491
203 204 -0.770372
203 213 -0.524312
203 303 1.407431
204 205 -0.012172
204 214 -1.183891
204 304 -0.931037
205 206 0.299337
205 215 -0.790009
205 305 -0.120392
206 207 -0.538893
206 216 0.657378
206 306 -1.339592
207 208 -0.317457
207 217 -0.540010
207 307 1.873807
208 209 -0.440352
208 218 -1.521712
208 308 0.170297
209 200 -0.256359
209 219 -0.959129
209 309 1.497288
210 211 -0.581419
210 220 0.465659
210 310 -0.372038
211 212 -0.962807
211 221 1.849201
211 311 -1.062107
212 213 1.032773
212 222 -1.021142
212 312 0.678232
213 214 1.874248
213 223 -0.496238
213 313 -0.177655
214 215 -0.009734
214 224 -1.740847
214 314 -1.628097
215 216 -0.505061
215 225 0.030740
215 315 -0.251233
216 217 1.096204
216 226 0.578798
216 316 0.486639
217 218 -0.600625
217 227 -0.210143
217 317 0.063998
218 219 0.806415
218 228 -0.749543
218 318 1.128764
219 210 1.693533
219 229 1.383955
219 319 -1.146643
220 221 -1.076018
220 230 1.741217
220 320 1.850452
221 222 1.515345
221 231 -0.313601
221 321 -0.875645
222 223 -0.689144
222 232 0.035028
222 322 -0.280560
223 224 0.670861
223 233 -0.766084
223 323 0.413554
224 225 0.538471
224 234 -0.196209
224 324 0.773596
225 226 0.875446
225 235 -0.966689
225 325 -0.897613
226 227 0.204360
226 236 0.391746
226 326 0.341480
227 228 -1.415220
227 237 -1.524853
227 327 -1.957771
228 229 1.445689
228 238 1.205683
228 328 0.654624
229 220 0.760394
229 239 -1.319554
229 329 -0.498232
230 231 -0.384485
230 240 1.172415
230 330 -0.814801
231 232 1.399492
231 241 -0.163690
231 331 -0.213106
232 233 0.723621
232 242 1.370341
232 332 0.233457
233 234 -0.321436
233 243 -0.271645
233 333 0.160252
234 235 1.887885
234 244 -0.177080
234 334 -0.744120
235 236 -0.162333
235 245 -1.051851
235 335 -1.281937
236 237 1.139789
236 246 0.119926
236 336 0.355066
237 238 -1.516826
237 247 -0.170078
237 337 -0.023401
238 239 -0.619502
238 248 -0.236676
238 338 1.977384
239 230 -2.642605
239 249 0.149965
239 339 1.454106
240 241 -0.435795
240 250 -0.912128
240 340 0.261383
241 242 0.474854
241 251 0.778645
241 341 0.326870
242 243 1.263593
242 252 -1.359693
242 342 1.034658
243 244 -1.421634
243 253 -1.214309
243 343 0.395520
244 245 1.366593
244 254 -1.805191
244 344 0.519637
245 246 0.207220
245 255 -1.019916
245 345 0.243615
246 247 1.687630
246 256 0.768715
246 346 1.009074
247 248 -0.750827
247 257 -0.488979
247 347 0.401274
248 249 -0.447483
248 258 0.593434
248 348 -1.299885
249 240 0.135378
249 259 -1.568896
249 349 0.164643
250 251 0.549875
250 260 -0.339915
250 350 -1.178343
251 252 1.727906
251 261 -0.009138
251 351 -0.100410
252 253 0.678738
252 262 -1.127893
252 352 -0.626192
253 254 -0.184328
253 263 -2.545111
253 353 -0.404272
254 255 1.015823
254 264 -0.085186
254 354 -1.754218
255 256 -0.436887
255 265 -0.732272
255 355 -0.664055
256 257 -0.793128
256 266 0.144034
256 356 -1.788326
257 258 0.935129
257 267 0.508481
257 357 -0.409763
258 259 0.676675
258 268 -2.996150
258 358 -0.147229
259 250 -0.224425
259 269 -0.479825
259 359 1.561424
260 261 0.859140
260 270 0.527849
260 360 0.598231
261 262 -0.620083
261 271 0.734055
261 361 0.774322
262 263 -1.375326
262 272 1.303368
262 362 -1.009594
263 264 -0.656509
263 273 -1.045349
263 363 -0.335900
264 265 0.328802
264 274 0.939848
264 364 -0.169910
265 266 0.313186
265 275 1.062238
265 365 0.274945
266 267 -1.759524
266 276 -0.332863
266 366 -1.186966
267 268 0.598819
267 277 -0.896362
267 367 -1.260324
268 269 -0.789876
268 278 -0.565836
268 368 1.086111
269 260 -0.423198
269 279 -1.154796
269 369 0.045622
270 271 -0.953413
270 280 1.692953
270 370 0.886828
271 272 1.428315
271 281 -0.560565
271 371 0.611695
272 273 0.859555
272 282 0.276325
272 372 -0.099111
273 274 -1.264971
273 283 -0.056245
273 373 0.091467
274 275 0.980290
274 284 0.005472
274 374 0.455786
275 276 -1.975074
275 285 -0.923932
275 375 -1.227877
276 277 -1.393351
276 286 -0.494410
276 376 1.949431
277 278 1.598593
277 287 1.931085
277 377 2.017396
278 279 -0.538326
278 288 -0.930849
278 378 -1.540121
279 270 0.255500
279 289 -0.648689
279 379 0.067317
280 281 -0.275458
280 290 -0.563253
280 380 0.685190
281 282 1.917300
281 291 -0.448581
281 381 0.504490
282 283 0.371929
282 292 -0.804712
282 382 -1.327782
283 284 1.365225
283 293 1.581123
283 383 1.079350
284 285 0.758998
284 294 1.071995
284 384 0.786248
285 286 1.988502
285 295 0.352286
285 385 0.330742
286 287 0.688843
286 296 -0.364551
286 386 -0.020964
287 288 1.404135
287 297 0.287688
287 387 0.273540
288 289 0.098287
288 298 -0.844663
288 388 -0.375722
289 280 -0.347630
289 299 -0.741036
289 389 0.004863
290 291 -0.578745
290 200 1.590347
290 390 1.195785
291 292 1.316571
291 201 0.168142
291 391 -0.278847
292 293 -0.463013
292 202 -0.343245
292 392 0.811705
293 294 -0.377415
293 203 1.110691
293 393 0.372526
294 295 -0.819661
294 204 -1.080784
294 394 0.449792
295 296 0.341136
295 205 -0.629534
295 395 1.438888
296 297 -0.871972
296 206 -1.182074
296 396 0.963531
297 298 1.356947
297 207 -0.671196
297 397 -0.091452
298 299 -0.904417
298 208 -1.424548
298 398 -0.140862
299 290 0.518677
299 209 1.640751
299 399 1.091606
300 301 -0.537643
300 310 0.078542
300 400 -0.931694
301 302 0.607225
301 311 0.735112
301 401 -0.408953
302 303 0.416932
302 312 0.531814
302 402 0.089620
303 304 0.176234
303 313 -0.240362
303 403 -0.339966
304 305 0.576560
304 314 1.158208
304 404 0.134060
305 306 0.226348
305 315 -0.833776
305 405 -0.251181
306 307 -0.987024
306 316 -1.146448
306 406 1.754929
307 308 -0.642481
307 317 1.172628
307 407 -0.414662
308 309 -1.081260
308 318 -1.258670
308 408 1.200327
309 300 0.071616
309 319 -0.975629
309 409 -0.293716
310 311 -0.899713
310 320 0.513761
310 410 0.158872
311 312 -0.363184
311 321 0.447696
311 411 0.504080
312 313 -0.760501
312 322 -0.444693
312 412 0.017441
313 314 -0.396368
313 323 0.928797
313 413 -0.076188
314 315 0.539889
314 324 -0.012457
314 414 0.644711
315 316 -0.872795
315 325 -1.674128
315 415 -1.495685
316 317 0.188534
316 326 0.390794
316 416 1.041822
317 318 -1.397182
317 327 -0.563908
317 417 -2.224654
318 319 -0.423122
318 328 -1.366131
318 418 0.320993
319 310 0.097632
319 329 1.493859
319 419 -1.176045
320 321 -0.455952
320 330 -1.304381
320 420 1.460245
321 322 0.762616
321 331 -0.039304
321 421 0.452930
322 323 -0.054514
322 332 0.417769
322 422 0.178944
323 324 1.412542
323 333 0.793202
323 423 -0.561631
324 325 -0.849575
324 334 0.057328
324 424 -0.618599
325 326 1.493014
325 335 -0.691734
325 425 -0.203829
326 327 0.702864
326 336 0.055462
326 426 -1.318911
327 328 0.076733
327 337 -0.129812
327 427 -0.122980
328 329 -1.153091
328 338 0.744465
328 428 -0.176056
329 320 -0.023233
329 339 -0.742207
329 429 -0.943757
330 331 0.508434
330 340 0.360760
330 430 0.856669
331 332 0.552191
331 341 -0.919342
331 431 0.162411
332 333 -0.546632
332 342 0.960982
332 432 2.243651
333 334 -0.205686
333 343 -0.728098
333 433 0.771185
334 335 -1.484448
334 344 1.262564
334 434 -0.052735
335 336 -0.306475
335 345 0.127480
335 435 -1.189258
336 337 0.715603
336 346 0.119462
336 436 -0.688788
337 338 -0.507534
337 347 0.866959
337 437 0.324300
338 339 0.698309
338 348 0.499687
338 438 -0.202500
339 330 0.828229
339 349 -0.036235
339 439 -0.226920
340 341 0.488085
340 350 -1.454319
340 440 1.109492
341 342 -0.847103
341 351 -0.401054
341 441 -1.390684
342 343 1.239848
342 352 -0.251143
342 442 0.406948
343 344 0.054621
343 353 -1.651031
343 443 0.652762
344 345 -0.775852
344 354 0.574243
344 444 1.114769
345 346 -0.375805
345 355 -0.603155
345 445 1.361317
346 347 -0.755063
346 356 1.731197
346 446 0.182317
347 348 -1.122171
347 357 -0.322412
347 447 0.284037
348 349 -0.342302
348 358 0.153970
348 448 0.452890
349 340 -0.273352
349 359 -0.511775
349 449 0.552393
350 351 1.143566
350 360 1.896311
350 450 1.091522
351 352 -2.360183
351 361 -0.004559
351 451 -1.542203
352 353 1.685605
352 362 -1.059836
352 452 0.347244
353 354 -0.736929
353 363 0.702162
353 453 -0.911742
354 355 1.476218
354 364 -0.464215
354 454 0.718029
355 356 -0.380128
355 365 -2.068949
355 455 -0.378940
356 357 0.389925
356 366 -1.236490
356 456 0.450128
357 358 1.297552
357 367 -0.389087
357 457 0.868809
358 359 -0.646411
358 368 -0.643513
358 458 0.091091
359 350 0.184251
359 369 -0.636766
359 459 -0.375179
360 361 1.380513
360 370 -0.465256
360 460 0.611551
361 362 1.338781
361 371 0.417645
361 461 1.151311
362 363 0.048289
362 372 -1.316587
362 462 -0.625845
363 364 1.350565
363 373 -0.796088
363 463 -0.640061
364 365 -0.537874
364 374 -1.607936
364 464 -1.587051
365 366 0.010240
365 375 -0.766089
365 465 0.369944
366 367 1.508897
366 376 0.090274
366 466 0.246213
367 368 0.538525
367 377 -0.107697
367 467 -0.802041
368 369 1.211469
368 378 -0.037081
368 468 -2.128134
369 360 -1.443313
369 379 -0.189760
369 469 0.137952
370 371 1.830634
370 380 0.101097
370 470 -0.962389
371 372 -1.944591
371 381 0.632683
371 471 1.242084
372 373 -0.573050
372 382 2.037326
372 472 0.459429
373 374 0.754765
373 383 0.130783
373 473 0.392148
374 375 -1.408463
374 384 1.692231
374 474 2.517867
375 376 -0.490102
375 385 -0.972469
375 475 0.020920
376 377 1.265754
376 386 0.476218
376 476 -0.762904
377 378 0.979425
377 387 -1.755106
377 477 -0.589948
378 379 0.425964
378 388 0.132267
378 478 -1.889916
379 370 1.430868
379 389 1.046978
379 479 -1.111460
380 381 0.664968
380 390 -0.052720
380 480 -0.413559
381 382 -0.048399
381 391 2.310840
381 481 -1.120332
382 383 0.341783
382 392 -1.266948
382 482 0.249577
383 384 0.120624
383 393 2.143630
383 483 0.063250
384 385 -0.530112
384 394 0.869993
384 484 -0.531556
385 386 -0.222542
385 395 1.354435
385 485 1.047719
386 387 -1.778434
386 396 0.546106
386 486 0.998365
387 388 -0.595402
387 397 1.535123
387 487 -0.762468
388 389 -1.017978
388 398 0.569879
388 488 -0.839787
389 380 0.187780
389 399 0.748186
389 489 -1.048739
390 391 -0.527119
390 300 -1.330496
390 490 2.092629
391 392 -0.409652
391 301 -1.139324
391 491 0.453770
392 393 -1.390441
392 302 0.479768
392 492 -1.079576
393 394 -1.911806
393 303 -0.605004
393 493 0.722580
394 395 0.694993
394 304 0.112219
394 494 0.752490
395 396 1.331949
395 305 -0.173752
395 495 -0.892863
396 397 -2.652856
396 306 -1.043583
396 496 -0.161803
397 398 -1.292268
397 307 1.069036
397 497 0.517045
398 399 -1.327615
398 308 0.528317
398 498 -1.297410
399 390 -0.235564
399 309 -1.080425
399 499 0.238322
400 401 -1.049337
400 410 -0.054792
400 500 0.365899
401 402 0.259982
401 411 0.084291
401 501 -0.257285
402 403 0.290986
402 412 -0.531212
402 502 0.470632
403 404 -0.233815
403 413 -0.188303
403 503 0.236439
404 405 0.666955
404 414 0.202607
404 504 -0.107471
405 406 -0.587341
405 415 -0.045565
405 505 0.666655
406 407 -0.793105
406 416 0.376085
406 506 -0.134111
407 408 0.751564
407 417 1.274443
407 507 -1.134635
408 409 0.408851
408 418 1.942619
408 508 0.411928
409 400 0.221588
409 419 0.730943
409 509 1.554580
410 411 1.005696
410 420 0.229161
410 510 -0.017098
411 412 -0.355835
411 421 0.572775
411 511 2.256244
412 413 1.244758
412 422 0.185471
412 512 0.672639
413 414 0.319590
413 423 1.828668
413 513 0.175795
414 415 1.237281
414 424 0.336756
414 514 -0.194782
415 416 -0.808294
415 425 -0.456139
415 515 -0.664473
416 417 -0.181807
416 426 -1.007910
416 516 -0.046800
417 418 0.296305
417 427 -0.702759
417 517 -0.789767
418 419 -0.865300
418 428 -0.284305
418 518 -0.877898
419 410 0.121659
419 429 0.071144
419 519 -1.120292
420 421 0.654341
420 430 -0.731528
420 520 -0.631154
421 422 0.506707
421 431 0.238880
421 521 -0.698046
422 423 1.081586
422 432 -0.018799
422 522 -1.472427
423 424 -0.621433
423 433 0.559721
423 523 0.485310
424 425 -0.085447
424 434 -0.816509
424 524 -1.843276
425 426 -1.297136
425 435 -0.998505
425 525 -0.359893
426 427 -0.201856
426 436 -0.266492
426 526 0.874079
427 428 -0.545964
427 437 1.023977
427 527 0.622890
428 429 -0.744884
428 438 1.518708
428 528 0.784084
429 420 1.066051
429 439 0.409038
429 529 -1.204818
430 431 0.325139
430 440 0.769424
430 530 0.727250
431 432 -0.225862
431 441 2.034535
431 531 -0.935312
432 433 2.334424
432 442 -1.031894
432 532 -1.061575
433 434 -0.325834
433 443 1.634435
433 533 -0.593598
434 435 0.202441
434 444 -1.227796
434 534 1.096933
435 436 -0.743891
435 445 0.084297
435 535 -0.620536
436 437 -0.002183
436 446 0.599793
436 536 -1.549289
437 438 0.695479
437 447 -0.313752
437 537 0.940596
438 439 -0.928072
438 448 -0.940721
438 538 0.181482
439 430 0.160811
439 449 1.123171
439 539 -0.838091
440 441 -2.433891
440 450 0.997715
440 540 1.887596
441 442 0.949960
441 451 1.355829
441 541 -0.943157
442 443 -0.506505
442 452 1.424350
442 542 0.977951
443 444 0.474829
443 453 1.744005
443 543 -1.573592
444 445 0.473759
444 454 1.043384
444 544 0.805753
445 446 -1.201161
445 455 -0.315639
445 545 -0.648011
446 447 -0.923001
446 456 0.400171
446 546 -0.164902
447 448 -0.517864
447 457 0.221611
447 547 -0.202315
448 449 0.278988
448 458 0.499272
448 548 -1.284744
449 440 1.245297
449 459 -0.576765
449 549 0.107788
450 451 0.884459
450 460 1.517340
450 550 -0.558864
451 452 0.275054
451 461 -0.401987
451 551 -0.415749
452 453 -0.647051
452 462 0.310725
452 552 0.982139
453 454 -0.891896
453 463 1.801895
453 553 1.015620
454 455 1.375237
454 464 -0.169245
454 554 -0.006862
455 456 -0.239460
455 465 0.238679
455 555 -0.524047
456 457 1.072473
456 466 -0.487708
456 556 1.097136
457 458 0.936040
457 467 -1.002689
457 557 0.451460
458 459 -0.600698
458 468 -1.584356
458 558 1.888591
459 450 2.068511
459 469 -0.098285
459 559 -1.232516
460 461 -0.936283
460 470 -0.197912
460 560 0.323926
461 462 0.203306
461 471 -2.452865
461 561 0.587386
462 463 -0.673698
462 472 -0.043482
462 562 -1.082010
463 464 -0.872467
463 473 -0.815912
463 563 -0.526009
464 465 -0.392004
464 474 0.837551
464 564 2.418381
465 466 0.150875
465 475 0.301796
465 565 -0.478931
466 467 2.160801
466 476 -1.370185
466 566 0.326916
467 468 0.438407
467 477 0.315668
467 567 0.979099
468 469 0.008711
468 478 -2.327860
468 568 1.058191
469 460 -1.074353
469 479 2.055240
469 569 -1.304652
470 471 1.261159
470 480 0.324240
470 570 0.849931
471 472 -0.412407
471 481 0.575021
471 571 0.587745
472 473 0.091365
472 482 -1.995908
472 572 0.836156
473 474 -1.198728
473 483 -0.112350
473 573 -0.146091
474 475 -1.147047
474 484 2.950585
474 574 1.368191
475 476 0.780679
475 485 0.926076
475 575 -1.839686
476 477 -0.473072
476 486 -0.357117
476 576 1.779594
477 478 0.359018
477 487 0.000731
477 577 -2.562024
478 479 0.110237
478 488 0.257413
478 578 0.282409
479 470 0.692352
479 489 -0.385691
479 579 -0.108781
480 481 -0.332344
480 490 -0.018857
480 580 0.268872
481 482 -0.419856
481 491 -0.542412
481 581 -0.570605
482 483 -0.731668
482 492 0.611040
482 582 -1.696939
483 484 -0.399761
483 493 -0.724430
483 583 -0.598763
484 485 1.964455
484 494 0.052849
484 584 1.095885
485 486 -0.008858
485 495 -1.164490
485 585 2.087737
486 487 0.585988
486 496 -0.507353
486 586 -2.001616
487 488 0.054176
487 497 -0.160248
487 587 -0.222185
488 489 -0.338958
488 498 0.677293
488 588 0.387569
489 480 -1.216487
489 499 1.133826
489 589 -0.216537
490 491 0.945905
490 400 -0.715500
490 590 -0.238708
491 492 -1.370632
491 401 0.775107
491 591 0.462223
492 493 -0.603342
492 402 -0.931380
492 592 -0.493695
493 494 1.537765
493 403 -1.974158
493 593 1.018718
494 495 -1.492353
494 404 -0.118418
494 594 0.063578
495 496 0.448999
495 405 -0.518270
495 595 -0.592385
496 497 -0.511568
496 406 0.210428
496 596 -0.611578
497 498 -0.633560
497 407 0.264263
497 597 -0.415570
498 499 0.626081
498 408 -0.881871
498 598 0.919701
499 490 0.448427
499 409 -0.598326
499 599 2.153093
500 501 0.250023
500 510 -0.150067
500 600 -0.125545
501 502 -2.213296
501 511 0.228494
501 601 -1.072698
502 503 -1.198395
502 512 -1.522505
502 602 0.002814
503 504 0.127732
503 513 -0.315412
503 603 0.836404
504 505 1.636408
504 514 -0.151518
504 604 0.193336
505 506 0.240808
505 515 -0.396592
505 605 -1.277120
506 507 -0.813457
506 516 1.169106
506 606 -1.703224
507 508 0.046696
507 517 -0.107213
507 607 0.330108
508 509 0.538515
508 518 -2.334042
508 608 -0.383552
509 500 0.374183
509 519 -0.606682
509 609 0.450703
510 511 0.125053
510 520 -2.244997
510 610 -0.741175
511 512 -0.112122
511 521 0.222424
511 611 -1.087543
512 513 0.374876
512 522 0.666138
512 612 -0.872694
513 514 -0.648013
513 523 -0.038335
513 613 -1.742349
514 515 -0.592834
514 524 -0.903208
514 614 -0.212006
515 516 -0.348576
515 525 -0.174378
515 615 1.241793
516 517 -0.813779
516 526 -0.728327
516 616 -1.830766
517 518 -2.324466
517 527 -0.347361
517 617 0.597928
518 519 1.041037
518 528 -0.251102
518 618 0.876358
519 510 -0.256408
519 529 0.350049
519 619 0.947816
520 521 -0.517881
520 530 -0.014971
520 620 0.896312
521 522 -1.844242
521 531 0.034617
521 621 2.330866
522 523 -0.785242
522 532 0.169173
522 622 0.480919
523 524 0.009985
523 533 0.157129
523 623 0.060156
524 525 0.504460
524 534 -0.132304
524 624 0.444541
525 526 -0.827217
525 535 0.615672
525 625 1.476248
526 527 -0.658359
526 536 1.830066
526 626 -0.910890
527 528 -0.326373
527 537 -0.349349
527 627 -0.508521
528 529 -0.073479
528 538 -0.491636
528 628 1.515758
529 520 1.880233
529 539 -0.763779
529 629 0.729373
530 531 0.608227
530 540 0.600492
530 630 2.733292
531 532 -0.752316
531 541 -0.376348
531 631 0.760734
532 533 -1.318057
532 542 -0.609957
532 632 0.345026
533 534 0.132207
533 543 -0.070898
533 633 0.984992
534 535 -2.450192
534 544 -1.334745
534 634 1.561937
535 536 -0.043900
535 545 -2.050350
535 635 0.112108
536 537 0.281051
536 546 -0.054731
536 636 -0.340856
537 538 0.792989
537 547 0.229247
537 637 -1.406339
538 539 -0.535906
538 548 -0.319197
538 638 -0.408156
539 530 1.306280
539 549 1.214455
539 639 0.590840
540 541 0.162450
540 550 0.356605
540 640 0.506972
541 542 1.670498
541 551 -1.935392
541 641 2.622461
542 543 0.380034
542 552 0.316059
542 642 -0.767140
543 544 -1.167465
543 553 -0.802593
543 643 -1.615093
544 545 0.369201
544 554 0.144438
544 644 1.922799
545 546 -0.328567
545 555 -0.957227
545 645 1.092605
546 547 1.634541
546 556 2.360057
546 646 0.270629
547 548 0.213630
547 557 -0.435691
547 647 0.943419
548 549 1.537864
548 558 -0.593244
548 648 0.342328
549 540 -0.685702
549 559 -1.054752
549 649 -0.159943
550 551 -1.400703
550 560 -0.598832
550 650 -0.047430
551 552 -0.802100
551 561 0.100405
551 651 -0.083648
552 553 -0.594618
552 562 0.414300
552 652 1.210644
553 554 0.945843
553 563 -0.267298
553 653 -0.986666
554 555 -0.084715
554 564 1.126319
554 654 0.160436
555 556 -0.956421
555 565 -1.489856
555 655 -0.581150
556 557 0.848576
556 566 -0.547428
556 656 0.741204
557 558 -0.090874
557 567 -1.014339
557 657 1.321780
558 559 -1.306250
558 568 1.106024
558 658 1.807150
559 550 -0.104107
559 569 0.777006
559 659 -0.800795
560 561 -0.538986
560 570 -1.369960
560 660 -0.113908
561 562 0.339892
561 571 0.921030
561 661 0.457301
562 563 0.744578
562 572 -0.581376
562 662 1.546306
563 564 0.243708
563 573 -0.278073
563 663 -0.101471
564 565 -0.374103
564 574 0.092737
564 664 0.627160
565 566 1.287931
565 575 0.050022
565 665 0.145671
566 567 -0.048348
566 576 -0.213878
566 666 1.904910
567 568 -1.408519
567 577 0.674878
567 667 -0.285713
568 569 0.394403
568 578 -1.865370
568 668 -0.505993
569 560 1.292273
569 579 1.150552
569 669 0.686636
570 571 0.993709
570 580 0.675513
570 670 -1.327964
571 572 0.073751
571 581 -1.627146
571 671 -0.025025
572 573 1.269486
572 582 -1.052983
572 672 0.881273
573 574 -0.189737
573 583 1.105497
573 673 0.831297
574 575 1.011328
574 584 0.837945
574 674 1.700825
575 576 -0.640903
575 585 0.568365
575 675 -0.465987
576 577 -0.616682
576 586 -0.089017
576 676 0.031859
577 578 0.623372
577 587 -0.055411
577 677 0.579736
578 579 1.002036
578 588 0.064942
578 678 1.528938
579 570 -0.667199
579 589 0.221706
579 679 -0.058585
580 581 1.055051
580 590 -0.588789
580 680 0.496035
581 582 -1.323611
581 591 -0.904916
581 681 0.206444
582 583 -1.161890
582 592 0.839824
582 682 0.721586
583 584 -0.492674
583 593 -0.852782
583 683 -0.668571
584 585 0.794109
584 594 0.641490
584 684 1.359202
585 586 -2.770720
585 595 -0.269843
585 685 -0.277081
586 587 0.063162
586 596 -0.026127
586 686 -1.083790
587 588 1.435451
587 597 -0.269860
587 687 -0.516692
588 589 -1.421697
588 598 1.175854
588 688 -1.416394
589 580 1.094372
589 599 -0.752071
589 689 0.746970
590 591 -0.466219
590 500 0.811266
590 690 -0.730049
591 592 1.515584
591 501 -1.877446
591 691 -0.499822
592 593 -0.345228
592 502 -1.153846
592 692 0.595111
593 594 1.054313
593 503 0.539415
593 693 -0.018811
594 595 -0.303808
594 504 0.231623
594 694 0.519862
595 596 -0.531657
595 505 -0.294928
595 695 -0.317141
596 597 -0.226602
596 506 -0.414029
596 696 0.248770
597 598 -0.417772
597 507 0.582178
597 697 -0.728673
598 599 -1.019671
598 508 0.748825
598 698 0.375928
599 590 -1.233037
599 509 -0.350027
599 699 1.213193
600 601 0.537145
600 610 -0.313869
600 700 -0.942311
601 602 0.295839
601 611 -1.112610
601 701 0.436653
602 603 0.535221
602 612 -0.914174
602 702 0.990283
603 604 -0.159056
603 613 -1.056693
603 703 0.862615
604 605 1.198408
604 614 0.168540
604 704 -0.361803
605 606 -1.268379
605 615 0.334148
605 705 -2.125052
606 607 -1.740021
606 616 -0.437335
606 706 -2.343295
607 608 -0.038959
607 617 -0.230376
607 707 -1.308301
608 609 0.566570
608 618 -0.098186
608 708 0.171792
609 600 0.467340
609 619 -0.966629
609 709 1.019998
610 611 0.856711
610 620 -0.505191
610 710 -0.658406
611 612 0.369039
611 621 -0.292047
611 711 -0.109183
612 613 0.813109
612 622 0.428485
612 712 0.197255
613 614 1.195909
613 623 -0.329998
613 713 -1.734487
614 615 0.700512
614 624 0.803504
614 714 -2.323522
615 616 0.931777
615 625 -1.361857
615 715 -0.782400
616 617 -0.393082
616 626 0.380745
616 716 -1.154444
617 618 -0.248920
617 627 1.376460
617 717 -0.178727
618 619 -0.060659
618 628 0.944761
618 718 1.208053
619 610 -0.208233
619 629 -0.461892
619 719 0.174905
620 621 -0.765122
620 630 -1.882642
620 720 -0.436836
621 622 0.641882
621 631 1.317846
621 721 -0.286519
622 623 -0.810268
622 632 2.859856
622 722 1.144613
623 624 -0.347053
623 633 -1.460731
623 723 0.601351
624 625 0.274540
624 634 0.616670
624 724 -0.995247
625 626 -0.379021
625 635 0.802834
625 725 -2.683033
626 627 -0.133115
626 636 0.744103
626 726 -0.039491
627 628 -0.801283
627 637 0.299905
627 727 0.125653
628 629 -2.199928
628 638 0.013420
628 728 -0.618919
629 620 -1.276500
629 639 1.733234
629 729 -0.490030
630 631 0.042522
630 640 -0.924814
630 730 0.761515
631 632 -0.832899
631 641 -0.213014
631 731 1.354619
632 633 0.927683
632 642 -0.032470
632 732 -0.121724
633 634 -0.098654
633 643 -1.135092
633 733 -0.767636
634 635 0.233379
634 644 -0.600190
634 734 -0.803318
635 636 -0.477521
635 645 -0.888886
635 735 -0.629823
636 637 -0.388262
636 646 0.959431
636 736 0.848232
637 638 -0.372051
637 647 -0.961634
637 737 0.301026
638 639 -0.169106
638 648 0.646521
638 738 -1.337665
639 630 0.230753
639 649 -2.707604
639 739 2.062626
640 641 1.042946
640 650 0.253259
640 740 -0.668631
641 642 -1.121625
641 651 0.066240
641 741 -1.952751
642 643 1.285122
642 652 0.527926
642 742 -0.071993
643 644 1.076611
643 653 0.725965
643 743 -0.748545
644 645 1.728641
644 654 1.125293
644 744 -0.151910
645 646 -0.418519
645 655 0.385105
645 745 -1.312494
646 647 0.811041
646 656 0.657636
646 746 -1.462597
647 648 -0.004843
647 657 0.724230
647 747 0.663590
648 649 -1.266372
648 658 0.785709
648 748 -0.477285
649 640 -1.143959
649 659 0.539974
649 749 -0.674269
650 651 -0.145992
650 660 0.651488
650 750 -1.447938
651 652 1.368941
651 661 0.445982
651 751 0.456132
652 653 0.425875
652 662 1.055163
652 752 0.395652
653 654 1.028193
653 663 0.478762
653 753 0.966354
654 655 1.499637
654 664 0.686065
654 754 4.002002
655 656 0.915219
655 665 1.107265
655 755 0.504465
656 657 -1.728310
656 666 0.918521
656 756 1.171019
657 658 -1.259321
657 667 -2.021029
657 757 1.203532
658 659 -0.407002
658 668 0.959567
658 758 -1.291821
659 650 -0.357145
659 669 0.437537
659 759 0.652674
660 661 1.500251
660 670 0.078497
660 760 0.024980
661 662 0.202571
661 671 -1.260696
661 761 1.285942
662 663 0.231727
662 672 -0.076834
662 762 1.006261
663 664 -1.036035
663 673 1.242477
663 763 -0.892717
664 665 -0.075244
664 674 -0.535779
664 764 -0.479293
665 666 -0.341620
665 675 -1.123523
665 765 0.920628
666 667 -0.359406
666 676 1.098038
666 766 -0.255063
667 668 -1.452875
667 677 0.282539
667 767 -0.256437
668 669 -1.345953
668 678 -0.361996
668 768 -0.718083
669 660 0.605453
669 679 -1.896337
669 769 -0.935414
670 671 0.414516
670 680 0.648863
670 770 -1.353334
671 672 -0.072012
671 681 0.437675
671 771 0.315952
672 673 -0.334261
672 682 0.251496
672 772 1.401732
673 674 0.635026
673 683 2.228632
673 773 0.435394
674 675 0.753299
674 684 0.164009
674 774 0.366687
675 676 0.174680
675 685 0.817844
675 775 0.759067
676 677 0.418167
676 686 0.346136
676 776 -1.911714
677 678 0.053885
677 687 -1.541632
677 777 0.787509
678 679 0.252411
678 688 0.091599
678 778 -1.829399
679 670 -0.156567
679 689 0.781879
679 779 -0.275177
680 681 0.824029
680 690 0.490835
680 780 0.260312
681 682 0.225116
681 691 0.609155
681 781 -1.321895
682 683 -0.754145
682 692 0.139025
682 782 1.082748
683 684 0.250896
683 693 -0.673024
683 783 2.244425
684 685 -0.175259
684 694 -0.870464
684 784 -0.421914
685 686 0.107349
685 695 -0.184283
685 785 1.326310
686 687 1.958783
686 696 -0.541813
686 786 0.394617
687 688 2.484554
687 697 -0.948359
687 787 1.152070
688 689 -0.576470
688 698 -1.169147
688 788 -0.839746
689 680 0.849596
689 699 0.777080
689 789 0.209916
690 691 -1.553895
690 600 -1.127440
690 790 0.419956
691 692 0.204023
691 601 -0.640166
691 791 0.459958
692 693 0.397828
692 602 -0.403232
692 792 1.671854
693 694 1.233088
693 603 1.343456
693 793 -0.966371
694 695 -1.583206
694 604 -0.169543
694 794 -0.775402
695 696 -0.449790
695 605 -0.904085
695 795 0.402974
696 697 1.064347
696 606 -0.730995
696 796 -1.959432
697 698 0.287293
697 607 -0.664148
697 797 -0.980098
698 699 1.807059
698 608 0.178034
698 798 1.256369
699 690 0.792984
699 609 -0.482395
699 799 -0.960801
700 701 -0.623195
700 710 1.348027
700 800 0.936295
701 702 0.639008
701 711 1.391162
701 801 0.178994
702 703 0.771350
702 712 -0.712404
702 802 -0.469573
703 704 -0.068417
703 713 0.295448
703 803 0.161715
704 705 0.358737
704 714 0.807945
704 804 0.194066
705 706 1.527541
705 715 0.167944
705 805 2.357681
706 707 -0.235891
706 716 0.508870
706 806 0.292964
707 708 0.413533
707 717 0.085928
707 807 -0.017274
708 709 2.507295
708 718 1.406938
708 808 0.640658
709 700 0.458214
709 719 -1.826754
709 809 0.342463
710 711 -0.999913
710 720 0.301376
710 810 1.600507
711 712 0.649276
711 721 1.728099
711 811 0.659073
712 713 0.102624
712 722 -0.795364
712 812 0.212092
713 714 0.243529
713 723 1.646887
713 813 1.130479
714 715 0.014914
714 724 -0.257657
714 814 0.073275
715 716 1.055428
715 725 -1.506786
715 815 -0.014979
716 717 -2.281777
716 726 0.127917
716 816 0.640909
717 718 0.382672
717 727 -1.191913
717 817 0.814139
718 719 0.968285
718 728 0.014262
718 818 -1.901993
719 710 0.607485
719 729 0.096084
719 819 0.671273
720 721 -0.667368
720 730 1.585174
720 820 -2.619221
721 722 0.894464
721 731 -0.177980
721 821 0.647486
722 723 0.521735
722 732 -1.254235
722 822 0.067739
723 724 0.448504
723 733 -0.401683
723 823 0.446920
724 725 -0.008277
724 734 -0.559676
724 824 0.796865
725 726 -0.586914
725 735 -0.189114
725 825 -1.883388
726 727 -0.963886
726 736 -0.519776
726 826 -0.573377
727 728 -1.531428
727 737 0.799404
727 827 0.474767
728 729 -0.432928
728 738 -0.165203
728 828 2.214739
729 720 -1.131065
729 739 0.436205
729 829 0.990294
730 731 -0.321463
730 740 -0.888459
730 830 0.232252
731 732 0.618478
731 741 0.473098
731 831 0.019502
732 733 -0.111834
732 742 1.005131
732 832 0.145198
733 734 1.620768
733 743 0.312503
733 833 -0.131845
734 735 -2.061414
734 744 1.695976
734 834 0.787045
735 736 -0.988161
735 745 2.125489
735 835 0.607609
736 737 0.164303
736 746 -0.062057
736 836 0.253491
737 738 0.887698
737 747 1.229163
737 837 -0.126422
738 739 0.398300
738 748 -0.002075
738 838 0.483458
739 730 0.856678
739 749 0.651934
739 839 -0.545436
740 741 1.649744
740 750 -1.301919
740 840 1.295262
741 742 -2.049005
741 751 -0.422958
741 841 -0.321363
742 743 0.866046
742 752 0.351598
742 842 0.821404
743 744 0.886076
743 753 0.357396
743 843 0.857166
744 745 0.933559
744 754 0.294434
744 844 0.990439
745 746 -0.463173
745 755 1.929920
745 845 -0.676630
746 747 -0.456830
746 756 0.046062
746 846 1.266585
747 748 1.878747
747 757 0.444595
747 847 -0.809068
748 749 -0.300545
748 758 0.543003
748 848 -0.986319
749 740 -1.783358
749 759 1.621621
749 849 -1.046638
750 751 0.676001
750 760 1.147869
750 850 -0.733969
751 752 -0.013921
751 761 0.025427
751 851 -0.947247
752 753 1.155278
752 762 4.065860
752 852 -0.021629
753 754 -0.065677
753 763 0.474687
753 853 -1.867756
754 755 0.017331
754 764 -2.332440
754 854 -0.286253
755 756 0.217079
755 765 -0.136023
755 855 -0.062077
756 757 -1.771249
756 766 -0.817132
756 856 -0.570713
757 758 -0.902270
757 767 -0.513720
757 857 0.756057
758 759 0.366197
758 768 0.705022
758 858 -0.092451
759 750 1.011587
759 769 -0.606358
759 859 0.855928
760 761 -1.137394
760 770 -0.238461
760 860 -0.000042
761 762 0.233039
761 771 -0.796309
761 861 -0.093595
762 763 -0.553003
762 772 -0.926234
762 862 1.817099
763 764 -0.154798
763 773 0.336740
763 863 -1.080420
764 765 -0.943749
764 774 -0.544935
764 864 -2.486858
765 766 0.782084
765 775 0.109462
765 865 0.036435
766 767 0.122716
766 776 -0.615402
766 866 0.191999
767 768 -0.764066
767 777 0.872076
767 867 -0.905618
768 769 0.492392
768 778 -1.065976
768 868 -0.047474
769 760 0.889885
769 779 0.364478
769 869 -1.224041
770 771 0.474437
770 780 -0.360468
770 870 -1.280821
771 772 0.137085
771 781 -0.263903
771 871 -0.453566
772 773 0.476071
772 782 -0.368923
772 872 0.639923
773 774 -0.710655
773 783 -0.514573
773 873 0.675139
774 775 -0.153301
774 784 0.264454
774 874 0.658730
775 776 -2.517746
775 785 0.611220
775 875 0.176942
776 777 -0.025332
776 786 -0.209004
776 876 -0.607729
777 778 0.496500
777 787 0.006428
777 877 0.734052
778 779 -0.095698
778 788 0.611319
778 878 0.167894
779 770 1.004255
779 789 0.067848
779 879 -2.106264
780 781 0.073026
780 790 1.492343
780 880 -0.344197
781 782 1.142272
781 791 2.946896
781 881 -1.674829
782 783 1.016031
782 792 0.103119
782 882 0.166941
783 784 -0.073537
783 793 2.326956
783 883 -0.315758
784 785 0.289201
784 794 1.386207
784 884 0.333469
785 786 2.058027
785 795 -0.312440
785 885 -0.154788
786 787 1.268850
786 796 -0.779985
786 886 0.725055
787 788 -0.531865
787 797 -0.134590
787 887 0.342768
788 789 -0.790228
788 798 0.357325
788 888 0.491868
789 780 -0.820053
789 799 1.466931
789 889 -0.005593
790 791 0.346807
790 700 0.252402
790 890 0.709785
791 792 -2.068770
791 701 1.316350
791 891 -0.472623
792 793 -0.106760
792 702 -0.218762
792 892 0.949064
793 794 -0.452585
793 703 1.239680
793 893 1.159598
794 795 -0.098362
794 704 1.033163
794 894 1.034131
795 796 -0.373412
795 705 -0.615842
795 895 0.134578
796 797 -0.458415
796 706 -0.624471
796 896 1.614898
797 798 -1.191247
797 707 -0.564920
797 897 0.631090
798 799 0.765251
798 708 -1.066898
798 898 0.076620
799 790 -0.247809
799 709 -0.927686
799 899 -1.620229
800 801 2.400889
800 810 -2.164072
800 900 1.089337
801 802 0.300652
801 811 0.255454
801 901 -0.895180
802 803 -0.255237
802 812 1.361585
802 902 0.500663
803 804 0.826211
803 813 -1.462361
803 903 -1.006172
804 805 0.114543
804 814 1.264807
804 904 -0.437233
805 806 -2.259324
805 815 -1.969463
805 905 -1.266942
806 807 -1.348933
806 816 -0.340373
806 906 -0.009084
807 808 -1.032592
807 817 -0.449574
807 907 -2.363350
808 809 -0.947495
808 818 -0.598443
808 908 1.303066
809 800 0.612145
809 819 -1.018534
809 909 -0.158376
810 811 -0.895077
810 820 0.199029
810 910 -0.280004
811 812 1.852788
811 821 0.883607
811 911 -1.310986
812 813 -0.256660
812 822 -0.313818
812 912 1.428014
813 814 0.659932
813 823 0.709932
813 913 0.991096
814 815 -1.167906
814 824 -0.235391
814 914 0.057874
815 816 -0.342200
815 825 0.604743
815 915 -0.952228
816 817 -0.288360
816 826 1.260057
816 916 0.667622
817 818 -1.265199
817 827 0.214093
817 917 -0.445215
818 819 0.478368
818 828 0.317923
818 918 -1.475739
819 810 -2.332240
819 829 -1.305266
819 919 1.608008
820 821 -0.480667
820 830 -1.003986
820 920 0.503547
821 822 1.204784
821 831 0.647797
821 921 0.380040
822 823 -1.718653
822 832 -1.014042
822 922 -0.631571
823 824 0.825436
823 833 0.153379
823 923 0.263343
824 825 -0.275276
824 834 -2.464074
824 924 -1.380285
825 826 -0.231626
825 835 0.954943
825 925 0.716540
826 827 -0.305144
826 836 -0.227105
826 926 0.607248
827 828 0.138336
827 837 1.156115
827 927 -1.101704
828 829 0.232573
828 838 -0.095829
828 928 -0.350256
829 820 0.651232
829 839 -1.051819
829 929 2.893957
830 831 2.543265
830 840 -0.804302
830 930 -0.639871
831 832 -1.195442
831 841 0.153819
831 931 0.219802
832 833 0.499946
832 842 -1.133285
832 932 0.137621
833 834 2.575769
833 843 0.888164
833 933 0.337350
834 835 -0.073509
834 844 1.381221
834 934 -0.283822
835 836 -0.055478
835 845 -2.840855
835 935 -1.657853
836 837 1.228969
836 846 0.307389
836 936 -0.029733
837 838 0.153860
837 847 -0.122415
837 937 0.810019
838 839 -1.561512
838 848 -1.338887
838 938 0.592468
839 830 -0.517274
839 849 -0.556323
839 939 1.586335
840 841 -1.773822
840 850 0.822218
840 940 -0.545463
841 842 -0.340110
841 851 -0.822984
841 941 -0.278750
842 843 -0.523497
842 852 0.399561
842 942 -0.251068
843 844 -1.345980
843 853 -0.318798
843 943 -0.381741
844 845 -0.870968
844 854 0.410807
844 944 0.033051
845 846 -0.809990
845 855 0.241241
845 945 -0.191517
846 847 0.939615
846 856 0.026996
846 946 0.854746
847 848 0.525219
847 857 0.532488
847 947 1.079276
848 849 0.112311
848 858 -0.695435
848 948 0.740256
849 840 -0.262250
849 859 -1.234136
849 949 0.209526
850 851 0.446484
850 860 0.397590
850 950 -0.453223
851 852 -0.715052
851 861 0.649601
851 951 0.519713
852 853 -0.137829
852 862 1.487585
852 952 1.108457
853 854 1.012779
853 863 -1.908220
853 953 -1.925858
854 855 1.590929
854 864 -0.180449
854 954 -1.596472
855 856 -0.159090
855 865 0.743534
855 955 0.625753
856 857 0.078735
856 866 0.026998
856 956 -0.105626
857 858 -1.278419
857 867 -2.474705
857 957 -0.025577
858 859 0.402701
858 868 1.253473
858 958 -0.100730
859 850 -0.827556
859 869 -0.457908
859 959 -1.483120
860 861 2.931384
860 870 0.168469
860 960 -0.895544
861 862 0.436393
861 871 0.954522
861 961 -0.171588
862 863 2.482619
862 872 2.739265
862 962 -0.620152
863 864 0.912766
863 873 -0.283719
863 963 0.002428
864 865 -0.339083
864 874 0.867537
864 964 0.667133
865 866 0.665167
865 875 -0.854832
865 965 -0.925070
866 867 0.028873
866 876 0.739428
866 966 0.104942
867 868 1.134042
867 877 -1.292494
867 967 -1.165739
868 869 0.299087
868 878 1.687656
868 968 -0.912679
869 860 0.947420
869 879 -0.390177
869 969 -0.171451
870 871 -0.950377
870 880 -0.078111
870 970 0.073538
871 872 -0.187397
871 881 0.445703
871 971 -0.743110
872 873 0.099912
872 882 0.227205
872 972 0.895882
873 874 1.766384
873 883 0.081427
873 973 -0.436724
874 875 0.463113
874 884 0.702631
874 974 0.684297
875 876 0.649438
875 885 0.119379
875 975 0.442648
876 877 0.213761
876 886 -1.511589
876 976 2.768451
877 878 0.731840
877 887 1.213629
877 977 -1.436973
878 879 -0.439047
878 888 -0.860598
878 978 1.197833
879 870 -0.917303
879 889 1.593716
879 979 -1.260948
880 881 0.546022
880 890 -0.024028
880 980 0.635031
881 882 0.104519
881 891 -1.522898
881 981 1.139491
882 883 0.862763
882 892 0.507893
882 982 0.284543
883 884 0.536615
883 893 -0.020892
883 983 -1.389890
884 885 -1.009757
884 894 -0.437618
884 984 -0.017499
885 886 0.687644
885 895 -0.016869
885 985 1.301355
886 887 1.837967
886 896 -1.313944
886 986 -1.787981
887 888 1.401678
887 897 -0.345130
887 987 -0.020520
888 889 0.651725
888 898 0.959670
888 988 -1.427450
889 880 2.909017
889 899 0.955105
889 989 -0.717727
890 891 1.324061
890 800 0.791489
890 990 -0.048993
891 892 -0.723688
891 801 -0.726375
891 991 1.383095
892 893 0.327061
892 802 -0.463872
892 992 1.768965
893 894 0.398636
893 803 1.518298
893 993 0.780268
894 895 0.184445
894 804 0.423406
894 994 0.044981
895 896 0.436248
895 805 -0.514115
895 995 -1.121910
896 897 -0.190195
896 806 -0.606559
896 996 -0.017589
897 898 0.027979
897 807 -0.062502
897 997 -0.876487
898 899 -0.218348
898 808 0.081042
898 998 0.247381
899 890 -0.174719
899 809 -0.054806
899 999 0.443050
900 901 -1.133806
900 910 -1.495049
900 0 -0.463710
901 902 1.476612
901 911 1.239354
901 1 -0.340257
902 903 -1.268902
902 912 0.258546
902 2 -0.122231
903 904 0.673298
903 913 0.809817
903 3 0.072830
904 905 -0.868182
904 914 0.506876
904 4 0.043882
905 906 -0.585038
905 915 0.683127
905 5 -2.081330
906 907 1.679077
906 916 -0.453199
906 6 1.056727
907 908 1.139186
907 917 1.686005
907 7 -0.272033
908 909 -0.683454
908 918 0.129174
908 8 -0.797777
909 900 -1.458921
909 919 0.547745
909 9 0.071167
910 911 0.383697
910 920 0.851747
910 10 -0.283518
911 912 1.616063
911 921 0.098377
911 11 0.397653
912 913 -0.908060
912 922 0.165247
912 12 -1.074090
913 914 -0.516267
913 923 -0.875926
913 13 0.088522
914 915 -0.452530
914 924 0.811185
914 14 -0.278129
915 916 1.926628
915 925 1.251321
915 15 -0.887382
916 917 -0.439736
916 926 0.613834
916 16 -1.427208
917 918 0.684764
917 927 0.453818
917 17 0.528403
918 919 -0.925504
918 928 2.001015
918 18 0.431069
919 910 -1.916343
919 929 0.090213
919 19 0.859568
920 921 0.195228
920 930 0.348188
920 20 -0.871337
921 922 0.082725
921 931 -0.040024
921 21 -1.954068
922 923 -1.202632
922 932 0.183283
922 22 0.018487
923 924 0.197455
923 933 -0.086428
923 23 -0.343097
924 925 -0.313217
924 934 -0.648557
924 24 -1.161790
925 926 -0.353620
925 935 -0.718118
925 25 -0.860679
926 927 -0.210804
926 936 -1.040459
926 26 1.990627
927 928 -0.273600
927 937 -0.793619
927 27 -0.056147
928 929 0.674633
928 938 -0.268636
928 28 -0.029222
929 920 -0.179996
929 939 -0.696008
929 29 1.603918
930 931 -1.754607
930 940 -0.827772
930 30 0.557755
931 932 -0.821814
931 941 -1.088535
931 31 -1.152206
932 933 0.417694
932 942 2.309632
932 32 0.495051
933 934 0.016593
933 943 -0.257516
933 33 0.378630
934 935 0.172617
934 944 -0.596291
934 34 -0.212590
935 936 0.820176
935 945 -0.641749
935 35 0.020179
936 937 -0.520869
936 946 -0.703874
936 36 0.755554
937 938 0.715014
937 947 0.431933
937 37 0.045158
938 939 -0.410743
938 948 0.251515
938 38 1.158290
939 930 -1.453788
939 949 0.153464
939 39 -0.437418
940 941 -0.412220
940 950 0.435549
940 40 1.423385
941 942 0.433008
941 951 -1.228467
941 41 -1.732954
942 943 1.630425
942 952 0.438423
942 42 -1.303149
943 944 0.446113
943 953 -0.902946
943 43 -0.444197
944 945 -1.313181
944 954 0.192663
944 44 0.037690
945 946 -0.949554
945 955 1.174517
945 45 -0.957105
946 947 1.171040
946 956 -0.447506
946 46 -1.149291
947 948 -0.563651
947 957 0.946205
947 47 0.553093
948 949 0.155995
948 958 0.153890
948 48 -0.183378
949 940 -1.190985
949 959 1.564914
949 49 0.992859
950 951 0.980562
950 960 0.553804
950 50 1.265820
951 952 0.239433
951 961 1.811388
951 51 0.347589
952 953 -0.466776
952 962 -0.708559
952 52 -0.287779
953 954 0.277673
953 963 0.309546
953 53 -0.193311
954 955 -0.609351
954 964 0.973916
954 54 -0.847421
955 956 -0.333348
955 965 0.412667
955 55 1.816100
956 957 -0.180319
956 966 1.482195
956 56 -0.375948
957 958 1.264749
957 967 -3.560460
957 57 -1.041983
958 959 -0.472021
958 968 0.267845
958 58 -0.914138
959 950 0.093874
959 969 -1.313668
959 59 1.445259
960 961 -0.774823
960 970 -0.185404
960 60 0.056869
961 962 1.902791
961 971 -1.807986
961 61 0.333030
962 963 0.019858
962 972 1.828860
962 62 0.090697
963 964 -0.085875
963 973 -2.363454
963 63 -0.085145
964 965 1.183663
964 974 -1.362108
964 64 -1.057385
965 966 -0.089935
965 975 -0.372891
965 65 0.509656
966 967 1.450645
966 976 -2.007087
966 66 -0.156248
967 968 -1.090851
967 977 -0.878058
967 67 -1.173890
968 969 -2.864420
968 978 0.868614
968 68 -0.182298
969 960 -1.294137
969 979 0.259869
969 69 0.225572
970 971 -1.099400
970 980 -0.212723
970 70 -0.287645
971 972 -1.056581
971 981 0.699030
971 71 0.412122
972 973 0.805523
972 982 0.657769
972 72 0.602604
973 974 -0.899239
973 983 1.834149
973 73 0.116357
974 975 0.336189
974 984 0.125250
974 74 0.850451
975 976 2.035079
975 985 0.739862
975 75 0.749084
976 977 -0.597663
976 986 1.021858
976 76 1.545376
977 978 -1.039853
977 987 0.145445
977 77 0.025554
978 979 -0.002279
978 988 -0.198749
978 78 0.359716
979 970 2.016719
979 989 1.642369
979 79 0.399130
980 981 0.006542
980 990 0.438501
980 80 0.601527
981 982 0.358274
981 991 0.235489
981 81 0.331333
982 983 0.004704
982 992 -1.748054
982 82 1.249291
983 984 -1.076508
983 993 -0.466631
983 83 0.584525
984 985 -1.082030
984 994 -1.334451
984 84 -0.725456
985 986 1.715238
985 995 0.234732
985 85 -0.033192
986 987 3.455135
986 996 0.330085
986 86 0.703659
987 988 -1.628121
987 997 -0.196988
987 87 -0.713641
988 989 1.782558
988 998 -0.702436
988 88 0.931434
989 980 -0.570472
989 999 0.093237
989 89 1.235204
990 991 -0.127051
990 900 0.455745
990 90 0.045976
991 992 0.155784
991 901 -0.037099
991 91 0.095561
992 993 -0.850204
992 902 -0.395803
992 92 -0.389881
993 994 0.194061
993 903 -0.631765
993 93 -0.672842
994 995 -0.011296
994 904 -0.654647
994 94 0.136096
995 996 1.563816
995 905 0.893053
995 95 -0.681118
996 997 -0.421955
996 906 0.551500
996 96 2.695659
997 998 0.673163
997 907 -0.346245
997 97 1.052736
998 999 -0.078750
998 908 1.910670
998 98 -1.659000
999 990 -1.014359
999 909 -0.333881
999 99 -0.468877
