0 1 1.377386
0 10 1.404601
0 100 -0.993105
1 2 -1.892196
1 11 1.904695
1 101 0.446101
2 3 0.985222
2 12 1.239520
2 102 0.271722
3 4 -0.347610
3 13 0.199728
3 103 -0.370513
4 5 -0.513665
4 14 -0.261070
4 104 0.115558
5 6 2.922437
5 15 0.298135
5 105 -1.546812
6 7 2.408779
6 16 0.327748
6 106 -0.541878
7 8 -1.162442
7 17 -1.586999
7 107 0.339444
8 9 1.251719
8 18 -0.394757
8 108 0.527044
9 0 -2.375761
9 19 -1.596740
9 109 -1.430852
10 11 -1.339579
10 20 -0.758335
10 110 -0.988127
11 12 1.393138
11 21 2.305180
11 111 2.385748
12 13 0.626225
12 22 -1.313182
12 112 -0.541891
13 14 -0.149387
13 23 -0.608087
13 113 0.267877
14 15 0.086660
14 24 0.135876
14 114 -1.596019
15 16 1.744801
15 25 -0.620541
15 115 -0.211446
16 17 0.348908
16 26 0.727161
16 116 -0.557297
17 18 0.056175
17 27 -3.030420
17 117 0.797295
18 19 0.301384
18 28 -0.559384
18 118 1.009230
19 10 1.055150
19 29 -2.019998
19 119 -2.542727
20 21 -1.493241
20 30 -0.833350
20 120 -0.735457
21 22 -1.824594
21 31 -0.002074
21 121 0.099908
22 23 0.994551
22 32 -0.533977
22 122 -1.131229
23 24 -0.960923
23 33 0.088555
23 123 -0.568148
24 25 0.433187
24 34 0.153920
24 124 0.274746
25 26 0.157040
25 35 -0.500129
25 125 0.013605
26 27 0.281643
26 36 -0.943440
26 126 0.425353
27 28 1.056642
27 37 -0.993645
27 127 -2.028475
28 29 -0.084621
28 38 -1.608471
28 128 0.216991
29 20 0.973396
29 39 0.429743
29 129 -0.863040
30 31 -0.843165
30 40 -0.944022
30 130 0.361434
31 32 0.485321
31 41 0.607821
31 131 0.134029
32 33 0.124222
32 42 -2.219680
32 132 -0.598121
33 34 -1.979148
33 43 0.330217
33 133 -0.183707
34 35 0.262092
34 44 -0.978828
34 134 1.861640
35 36 1.028461
35 45 -0.200533
35 135 -0.073211
36 37 -0.660585
36 46 0.166753
36 136 -0.552373
37 38 0.286632
37 47 0.262547
37 137 -0.126118
38 39 -1.057613
38 48 -0.102548
38 138 1.922316
39 30 -0.423055
39 49 1.786936
39 139 -0.346310
40 41 -0.163350
40 50 -0.719671
40 140 0.292551
41 42 1.967910
41 51 -0.650624
41 141 -0.345155
42 43 -0.774978
42 52 0.457447
42 142 1.086076
43 44 -1.205181
43 53 -1.046241
43 143 2.273940
44 45 1.098328
44 54 -0.379814
44 144 -1.233908
45 46 0.920940
45 55 0.901527
45 145 0.698285
46 47 -0.673963
46 56 -0.828060
46 146 0.682167
47 48 0.845101
47 57 0.454739
47 147 0.972525
48 49 1.718243
48 58 -1.148898
48 148 -1.085505
49 40 -0.016915
49 59 0.542807
49 149 0.054903
50 51 0.142286
50 60 -1.923641
50 150 0.331871
51 52 -1.123452
51 61 1.497327
51 151 1.679695
52 53 -0.858621
52 62 -0.465208
52 152 0.885858
53 54 -0.218797
53 63 2.273733
53 153 1.279488
54 55 0.632720
54 64 0.659623
54 154 0.893012
55 56 -0.432132
55 65 -0.605601
55 155 0.218354
56 57 -0.223150
56 66 0.821006
56 156 -0.672360
57 58 -0.381756
57 67 -0.791860
57 157 0.041166
58 59 0.499978
58 68 -0.303433
58 158 -0.240245
59 50 0.933210
59 69 0.201906
59 159 0.050616
60 61 1.820959
60 70 1.590796
60 160 -0.880781
61 62 -0.672569
61 71 0.314520
61 161 -0.014670
62 63 -0.954984
62 72 -0.606379
62 162 -0.747506
63 64 -1.392022
63 73 1.016295
63 163 1.096816
64 65 -2.374291
64 74 1.187507
64 164 0.594479
65 66 0.137936
65 75 -0.673775
65 165 -0.910601
66 67 1.766809
66 76 -0.119410
66 166 0.208590
67 68 -0.599683
67 77 -0.004717
67 167 0.632886
68 69 -0.189232
68 78 -0.701294
68 168 0.694819
69 60 1.520596
69 79 -1.858017
69 169 0.519968
70 71 -1.732484
70 80 -0.636850
70 170 0.172634
71 72 -0.340355
71 81 -0.601015
71 171 0.620296
72 73 0.324552
72 82 0.057419
72 172 0.439453
73 74 1.254381
73 83 -1.766940
73 173 1.348983
74 75 -1.182525
74 84 -0.108268
74 174 0.395990
75 76 0.042507
75 85 0.375717
75 175 -1.540288
76 77 -1.176218
76 86 -0.909105
76 176 0.220342
77 78 1.991763
77 87 0.607634
77 177 1.791061
78 79 0.561023
78 88 0.208663
78 178 1.285446
79 70 1.451527
79 89 -0.278960
79 179 0.512848
80 81 0.255481
80 90 0.319953
80 180 -0.060773
81 82 0.002026
81 91 -1.225168
81 181 0.247800
82 83 -1.498591
82 92 -1.901546
82 182 -1.686388
83 84 -2.201000
83 93 1.011571
83 183 1.092447
84 85 1.617888
84 94 1.878386
84 184 -0.348473
85 86 0.628140
85 95 -0.155843
85 185 -0.996319
86 87 -0.652091
86 96 -1.134800
86 186 2.975857
87 88 0.331720
87 97 0.689445
87 187 0.474084
88 89 2.096680
88 98 -0.348119
88 188 -1.393779
89 80 -1.215610
89 99 0.895585
89 189 -1.608269
90 91 0.151860
90 0 -0.486726
90 190 -0.921355
91 92 -0.584658
91 1 -0.131128
91 191 -0.423337
92 93 -1.311953
92 2 0.149161
92 192 0.772016
93 94 -2.569180
93 3 0.765577
93 193 0.505706
94 95 -0.682759
94 4 -0.447296
94 194 0.676033
95 96 0.352233
95 5 0.851340
95 195 -0.110331
96 97 -0.957620
96 6 -0.337162
96 196 -0.767066
97 98 -1.517234
97 7 -0.532976
97 197 -0.139836
98 99 -0.727583
98 8 -0.677595
98 198 -0.382037
99 90 -0.914415
99 9 -0.673187
99 199 -0.882321
100 101 -1.208035
100 110 0.230706
100 200 2.515595
101 102 -1.076052
101 111 -1.014731
101 201 -1.353600
102 103 -1.239676
102 112 0.399475
102 202 -0.735756
103 104 -1.441308
103 113 -0.669092
103 203 0.031327
104 105 -0.612810
104 114 1.592063
104 204 -0.068805
105 106 1.060647
105 115 0.018947
105 205 -2.031259
106 107 -0.155968
106 116 0.301766
106 206 -0.629575
107 108 0.160205
107 117 2.262102
107 207 -0.120898
108 109 2.960511
108 118 0.105103
108 208 0.390164
109 100 -0.075045
109 119 0.679604
109 209 0.111666
110 111 0.027588
110 120 0.445518
110 210 2.643448
111 112 0.839048
111 121 0.603071
111 211 0.070201
112 113 1.334741
112 122 1.411874
112 212 0.980908
113 114 0.345704
113 123 -1.160402
113 213 0.570167
114 115 -0.796576
114 124 1.378072
114 214 0.197115
115 116 0.541317
115 125 -0.071084
115 215 -1.870592
116 117 0.053433
116 126 0.513150
116 216 1.420854
117 118 1.085725
117 127 1.056526
117 217 -0.176392
118 119 0.179258
118 128 1.499013
118 218 0.676123
119 110 -1.255108
119 129 0.346905
119 219 0.343779
120 121 0.068224
120 130 0.807079
120 220 -1.046225
121 122 -0.492473
121 131 0.808864
121 221 -0.651800
122 123 -0.773957
122 132 -0.576119
122 222 -0.026748
123 124 -0.463918
123 133 0.257193
123 223 1.936901
124 125 0.769654
124 134 -1.689792
124 224 0.723523
125 126 1.653286
125 135 -1.343068
125 225 0.895370
126 127 0.959089
126 136 -1.613737
126 226 0.174343
127 128 -0.381566
127 137 -0.341474
127 227 0.158088
128 129 -0.605128
128 138 -0.306299
128 228 0.384046
129 120 0.563309
129 139 0.509721
129 229 1.359842
130 131 0.320028
130 140 -0.421706
130 230 1.042268
131 132 0.332018
131 141 1.017136
131 231 1.363651
132 133 0.419964
132 142 -1.346910
132 232 -0.008930
133 134 0.391315
133 143 -0.470842
133 233 1.788745
134 135 0.006335
134 144 -0.166497
134 234 -1.086016
135 136 -0.833712
135 145 1.346620
135 235 0.131996
136 137 -0.874053
136 146 0.513921
136 236 -0.449974
137 138 -0.604707
137 147 -1.401011
137 237 -0.561886
138 139 0.284293
138 148 -0.411314
138 238 -0.614662
139 130 0.568166
139 149 -0.463964
139 239 0.693583
140 141 -2.249325
140 150 0.047013
140 240 -1.569987
141 142 -0.470534
141 151 0.209519
141 241 -0.510361
142 143 -1.365372
142 152 -0.207684
142 242 -0.518656
143 144 0.983654
143 153 0.173265
143 243 2.170585
144 145 -0.641717
144 154 -0.435281
144 244 0.219159
145 146 -0.495919
145 155 0.342013
145 245 0.113505
146 147 -0.274147
146 156 -0.257452
146 246 -0.012700
147 148 0.449888
147 157 1.682125
147 247 0.493373
148 149 -0.017246
148 158 -0.781634
148 248 0.492266
149 140 0.883233
149 159 -3.325156
149 249 0.652546
150 151 -1.693011
150 160 0.345936
150 250 0.124919
151 152 0.456332
151 161 2.311517
151 251 -0.617543
152 153 -1.354466
152 162 -0.304753
152 252 1.406621
153 154 0.790401
153 163 0.387665
153 253 0.253897
154 155 -1.319620
154 164 0.736332
154 254 0.266793
155 156 -0.257756
155 165 0.508839
155 255 1.543946
156 157 0.573758
156 166 -0.260188
156 256 -0.404300
157 158 0.338119
157 167 0.153684
157 257 0.684660
158 159 1.009461
158 168 -1.375828
158 258 0.256005
159 150 0.627444
159 169 1.605914
159 259 -1.619159
160 161 0.024011
160 170 -1.029397
160 260 -1.181124
161 162 1.430775
161 171 -0.653763
161 261 1.037203
162 163 -0.227643
162 172 1.302231
162 262 0.076982
163 164 -0.050915
163 173 -0.399332
163 263 -1.138130
164 165 -0.593419
164 174 -0.405787
164 264 0.042313
165 166 -0.513263
165 175 0.579254
165 265 -0.911956
166 167 0.932403
166 176 0.417705
166 266 -1.487615
167 168 1.471618
167 177 -1.886870
167 267 -0.564513
168 169 0.007334
168 178 -1.383893
168 268 0.246874
169 160 0.290261
169 179 -0.478350
169 269 1.314039
170 171 -0.080214
170 180 0.954825
170 270 -0.155883
171 172 -1.215106
171 181 -0.014319
171 271 0.013876
172 173 0.448235
172 182 -0.681203
172 272 1.296374
173 174 -1.051057
173 183 -0.933212
173 273 0.647482
174 175 -0.123061
174 184 -0.971531
174 274 -1.876688
175 176 0.205594
175 185 0.318047
175 275 2.147782
176 177 -0.887720
176 186 -1.663408
176 276 1.255135
177 178 -0.596513
177 187 -0.137846
177 277 -0.694474
178 179 -0.063342
178 188 0.183045
178 278 -1.099045
179 170 0.030352
179 189 -1.169537
179 279 -0.240513
180 181 -0.901029
180 190 1.377372
180 280 0.323341
181 182 1.179196
181 191 0.233090
181 281 -0.483213
182 183 -0.864153
182 192 1.081807
182 282 2.471382
183 184 -0.060911
183 193 1.130382
183 283 -0.053056
184 185 -0.385653
184 194 0.971737
184 284 0.619971
185 186 -0.585606
185 195 -0.147022
185 285 -0.438622
186 187 -0.334853
186 196 0.320352
186 286 2.423614
187 188 0.239287
187 197 -1.796669
187 287 -0.274940
188 189 1.525440
188 198 0.064820
188 288 0.583187
189 180 -0.061172
189 199 0.244132
189 289 0.291728
190 191 1.284436
190 100 -0.855523
190 290 -0.299034
191 192 -0.310358
191 101 -0.017739
191 291 -1.906220
192 193 -0.716847
192 102 1.209657
192 292 -0.978216
193 194 -1.160053
193 103 0.872740
193 293 -2.222508
194 195 0.031546
194 104 1.114968
194 294 -1.522727
195 196 1.132145
195 105 0.388660
195 295 -1.495598
196 197 -1.082615
196 106 2.304944
196 296 2.115230
197 198 2.476573
197 107 0.422876
197 297 -0.647828
198 199 -1.127722
198 108 0.614892
198 298 1.512223
199 190 2.588444
199 109 -1.439471
199 299 -0.950711
200 201 0.205953
200 210 -1.575324
200 300 1.704002
201 202 -2.498203
201 211 0.360457
201 301 0.131079
202 203 0.205287
202 212 -0.475177
202 302 0.088353
203 204 0.874102
203 213 -0.238486
203 303 -1.692163
204 205 0.019867
204 214 -0.479197
204 304 -1.340935
205 206 0.257440
205 215 1.118068
205 305 -0.293907
206 207 2.106075
206 216 -0.264536
206 306 -0.377662
207 208 -1.218018
207 217 0.127003
207 307 -0.231623
208 209 -0.699149
208 218 -0.833955
208 308 0.896945
209 200 0.883084
209 219 0.072639
209 309 -1.486176
210 211 -0.426514
210 220 0.795984
210 310 -0.258715
211 212 0.749827
211 221 1.159206
211 311 -1.306808
212 213 -1.058751
212 222 -0.274563
212 312 0.354471
213 214 -0.951741
213 223 -2.378752
213 313 0.779164
214 215 -1.798670
214 224 0.338383
214 314 -1.599763
215 216 0.682622
215 225 0.325743
215 315 0.060570
216 217 0.705712
216 226 -0.310507
216 316 2.259464
217 218 0.090554
217 227 -0.365489
217 317 -0.901552
218 219 0.240220
218 228 -1.116904
218 318 -0.271941
219 210 -0.029837
219 229 -0.813575
219 319 -1.178289
220 221 0.900854
220 230 -1.094831
220 320 2.114767
221 222 -0.812517
221 231 0.401240
221 321 -1.452184
222 223 -1.040785
222 232 -1.867070
222 322 -0.428676
223 224 -1.764384
223 233 0.036709
223 323 -0.246207
224 225 -0.303389
224 234 0.414008
224 324 0.876349
225 226 0.445544
225 235 -0.289270
225 325 0.620298
226 227 -1.095514
226 236 -0.566602
226 326 1.004094
227 228 0.124896
227 237 0.700828
227 327 0.096552
228 229 0.545601
228 238 -1.282420
228 328 -0.863698
229 220 0.211329
229 239 -1.143252
229 329 2.061857
230 231 -0.144847
230 240 1.098985
230 330 0.196732
231 232 1.601122
231 241 0.553231
231 331 -0.446476
232 233 0.213780
232 242 -0.456410
232 332 0.701032
233 234 0.495332
233 243 0.203122
233 333 -1.601146
234 235 2.261142
234 244 -3.272975
234 334 -0.784734
235 236 0.662877
235 245 0.383741
235 335 0.116284
236 237 0.100524
236 246 1.511111
236 336 0.828485
237 238 -0.397268
237 247 0.878447
237 337 -0.110511
238 239 -0.031851
238 248 1.067587
238 338 -0.794554
239 230 0.629642
239 249 -0.904905
239 339 -1.242005
240 241 0.401133
240 250 1.633609
240 340 1.048258
241 242 -0.225305
241 251 1.723407
241 341 0.651596
242 243 -0.956047
242 252 0.982853
242 342 -1.149022
243 244 -0.205317
243 253 0.212917
243 343 -1.469098
244 245 -0.451250
244 254 0.414027
244 344 -0.292137
245 246 -0.344087
245 255 -0.738824
245 345 -0.464697
246 247 -0.988490
246 256 0.390148
246 346 -0.807991
247 248 -0.740885
247 257 0.320044
247 347 1.744740
248 249 0.777110
248 258 -0.108453
248 348 -1.807799
249 240 -1.576432
249 259 -0.500887
249 349 -0.512820
250 251 -0.665710
250 260 0.557245
250 350 -1.594436
251 252 -1.211105
251 261 -1.401942
251 351 -0.447426
252 253 0.706983
252 262 -0.063737
252 352 0.311559
253 254 1.660097
253 263 -1.091139
253 353 -0.985814
254 255 0.815795
254 264 -0.811761
254 354 -0.905811
255 256 -1.070371
255 265 -2.191042
255 355 0.803604
256 257 -0.716726
256 266 1.740098
256 356 0.174248
257 258 -1.207859
257 267 0.197678
257 357 0.022146
258 259 -0.051695
258 268 -0.515318
258 358 0.533787
259 250 -0.259827
259 269 0.430420
259 359 0.786324
260 261 1.338912
260 270 -0.562033
260 360 -2.475688
261 262 -0.336668
261 271 -0.812320
261 361 -0.802139
262 263 1.386877
262 272 -1.976041
262 362 -0.234630
263 264 -0.717596
263 273 -0.492269
263 363 1.163643
264 265 0.663331
264 274 -0.887226
264 364 -1.412851
265 266 -0.726948
265 275 -1.036213
265 365 2.111539
266 267 2.113739
266 276 -0.996280
266 366 -0.772094
267 268 -0.044014
267 277 0.470658
267 367 -0.500237
268 269 -1.279798
268 278 1.160697
268 368 0.145904
269 260 0.307231
269 279 0.561286
269 369 0.077449
270 271 -0.732237
270 280 -0.373866
270 370 0.620725
271 272 -0.575609
271 281 -0.012014
271 371 -0.951402
272 273 -0.760463
272 282 -1.422424
272 372 -1.690854
273 274 0.489000
273 283 0.609846
273 373 -0.354349
274 275 0.021589
274 284 -1.309273
274 374 -1.195574
275 276 -0.281303
275 285 -0.282602
275 375 -0.335624
276 277 -0.433893
276 286 -0.220622
276 376 0.185995
277 278 -0.880068
277 287 -0.968210
277 377 -0.647267
278 279 -1.520785
278 288 2.524105
278 378 0.963286
279 270 0.207284
279 289 -0.883833
279 379 0.307409
280 281 -1.660657
280 290 -1.518374
280 380 0.143079
281 282 0.178462
281 291 0.015455
281 381 0.914898
282 283 -0.551444
282 292 -0.318926
282 382 -2.219410
283 284 1.175913
283 293 -0.179324
283 383 -1.024779
284 285 -0.612515
284 294 1.318786
284 384 0.853967
285 286 0.471179
285 295 1.155060
285 385 -0.183834
286 287 -1.278562
286 296 -0.302800
286 386 -1.641207
287 288 0.588085
287 297 0.907593
287 387 -0.037841
288 289 -1.906762
288 298 -0.273576
288 388 0.313860
289 280 -0.379324
289 299 1.168223
289 389 1.409292
290 291 -1.493051
290 200 -0.387745
290 390 -0.068817
291 292 -0.643653
291 201 -1.218706
291 391 2.794218
292 293 -2.213653
292 202 -0.111235
292 392 0.509007
293 294 0.310126
293 203 0.544956
293 393 0.223871
294 295 -0.132893
294 204 -1.446961
294 394 1.081017
295 296 0.760504
295 205 -0.812599
295 395 -0.753014
296 297 -0.317366
296 206 -0.747756
296 396 0.082712
297 298 -2.448172
297 207 -1.443681
297 397 -1.294571
298 299 0.956967
298 208 0.037538
298 398 -0.796163
299 290 -0.526180
299 209 -0.181459
299 399 0.287182
300 301 2.184188
300 310 1.424446
300 400 -0.341857
301 302 0.835697
301 311 -2.531787
301 401 0.345343
302 303 0.815344
302 312 -1.390551
302 402 -1.212724
303 304 0.131208
303 313 -0.833719
303 403 0.895600
304 305 0.893046
304 314 -0.566344
304 404 0.215236
305 306 0.880363
305 315 0.645166
305 405 -2.343559
306 307 -0.270867
306 316 0.328882
306 406 -1.012314
307 308 -0.075488
307 317 -0.637700
307 407 1.008137
308 309 0.003667
308 318 1.376441
308 408 2.540871
309 300 1.233990
309 319 0.770746
309 409 -0.762737
310 311 0.597059
310 320 0.789863
310 410 -0.712462
311 312 -0.273144
311 321 0.454044
311 411 -0.427131
312 313 -1.014954
312 322 0.558711
312 412 -0.043371
313 314 1.954099
313 323 0.001431
313 413 -0.058000
314 315 2.189770
314 324 1.408836
314 414 0.086548
315 316 -0.533124
315 325 -0.672263
315 415 -0.511336
316 317 2.407400
316 326 -0.163790
316 416 0.209559
317 318 0.551845
317 327 0.301569
317 417 0.921756
318 319 0.434371
318 328 -0.539315
318 418 -1.510263
319 310 2.336369
319 329 0.611817
319 419 0.302379
320 321 0.921352
320 330 0.518252
320 420 -0.679026
321 322 -0.965656
321 331 -0.952971
321 421 -0.761003
322 323 1.665089
322 332 -1.068537
322 422 0.094458
323 324 -1.318835
323 333 0.052238
323 423 -0.293761
324 325 0.532861
324 334 -0.437090
324 424 0.641335
325 326 -0.283903
325 335 1.124153
325 425 0.537012
326 327 0.869622
326 336 0.359496
326 426 -1.793376
327 328 1.541525
327 337 0.339642
327 427 0.956949
328 329 0.141221
328 338 0.812728
328 428 0.104996
329 320 0.893100
329 339 -0.214830
329 429 1.169219
330 331 1.072035
330 340 -0.153755
330 430 -0.521573
331 332 -1.041317
331 341 0.177401
331 431 0.109110
332 333 0.267684
332 342 1.666958
332 432 -0.081981
333 334 0.391767
333 343 -1.066940
333 433 0.702991
334 335 -1.170639
334 344 -0.769493
334 434 0.070194
335 336 2.340640
335 345 1.171604
335 435 -1.879798
336 337 -1.143098
336 346 1.198088
336 436 -0.106130
337 338 0.665437
337 347 -0.271247
337 437 0.042234
338 339 -0.880083
338 348 -1.470827
338 438 0.109799
339 330 -0.061971
339 349 -0.100807
339 439 0.559180
340 341 0.317144
340 350 0.015396
340 440 -0.592379
341 342 0.294056
341 351 0.377289
341 441 -0.570509
342 343 1.226509
342 352 2.302494
342 442 -0.266534
343 344 -0.245856
343 353 -1.399803
343 443 0.398357
344 345 0.789394
344 354 -0.471454
344 444 -0.728268
345 346 1.169313
345 355 -0.362395
345 445 0.767441
346 347 0.429116
346 356 0.337116
346 446 -1.106555
347 348 0.571347
347 357 -1.177518
347 447 0.791913
348 349 -1.411620
348 358 -0.431915
348 448 -0.652708
349 340 -0.839326
349 359 1.604214
349 449 -0.027075
350 351 -1.399383
350 360 1.410412
350 450 -0.182203
351 352 -1.049152
351 361 0.220671
351 451 -0.726950
352 353 1.330778
352 362 -0.000385
352 452 -0.700426
353 354 1.771852
353 363 -0.552089
353 453 -0.792705
354 355 -1.476079
354 364 1.860898
354 454 1.616408
355 356 -0.674800
355 365 -0.177342
355 455 -0.547197
356 357 -0.806793
356 366 -1.438832
356 456 1.073381
357 358 -1.358297
357 367 -2.099666
357 457 0.652874
358 359 1.342794
358 368 -1.085499
358 458 1.107766
359 350 1.343444
359 369 -0.853517
359 459 0.088963
360 361 -2.246148
360 370 -1.921697
360 460 -0.778591
361 362 0.375356
361 371 -0.194736
361 461 -0.574660
362 363 0.655477
362 372 -0.804367
362 462 0.637085
363 364 0.152215
363 373 -1.806487
363 463 -1.138039
364 365 0.124878
364 374 0.089060
364 464 -0.349455
365 366 -0.222044
365 375 -0.541417
365 465 -0.698944
366 367 0.324936
366 376 0.474516
366 466 0.186405
367 368 -0.879068
367 377 0.480245
367 467 0.130991
368 369 -0.257168
368 378 0.034232
368 468 -1.058836
369 360 0.289897
369 379 0.232164
369 469 0.832709
370 371 1.009992
370 380 -1.591674
370 470 0.032760
371 372 0.271747
371 381 1.990031
371 471 -0.543959
372 373 -0.050003
372 382 -1.146437
372 472 1.126691
373 374 0.377114
373 383 1.537162
373 473 -0.817605
374 375 -0.790982
374 384 1.842392
374 474 -0.954219
375 376 -0.791694
375 385 0.499716
375 475 -1.180812
376 377 1.351246
376 386 0.332147
376 476 0.592654
377 378 -0.527516
377 387 -0.843870
377 477 -0.686517
378 379 0.520662
378 388 0.721215
378 478 -0.100546
379 370 0.720708
379 389 -1.296371
379 479 0.377423
380 381 -0.333718
380 390 -1.064529
380 480 0.412634
381 382 -0.768304
381 391 0.444693
381 481 1.625290
382 383 -0.305597
382 392 1.315537
382 482 -1.311131
383 384 0.630872
383 393 0.879279
383 483 -0.084390
384 385 0.444027
384 394 0.824956
384 484 -1.487573
385 386 0.112439
385 395 -0.018069
385 485 -0.669174
386 387 0.351737
386 396 0.430812
386 486 -0.387550
387 388 -1.222114
387 397 -0.516481
387 487 0.669299
388 389 -0.578867
388 398 1.991632
388 488 -0.902652
389 380 -0.230473
389 399 -0.155967
389 489 1.448038
390 391 -0.508475
390 300 2.163059
390 490 1.698173
391 392 1.071318
391 301 0.386638
391 491 -0.228013
392 393 0.284610
392 302 2.549121
392 492 -0.330483
393 394 1.499905
393 303 1.945364
393 493 0.564331
394 395 0.328207
394 304 0.666354
394 494 -0.555342
395 396 0.020613
395 305 -1.806427
395 495 -0.400243
396 397 -0.346686
396 306 0.331719
396 496 -1.020705
397 398 -0.842697
397 307 -0.318287
397 497 0.103879
398 399 0.098687
398 308 -1.824862
398 498 -1.758681
399 390 1.263768
399 309 0.229219
399 499 -1.258948
400 401 0.184777
400 410 0.438522
400 500 -0.019954
401 402 0.998858
401 411 -0.195857
401 501 0.996247
402 403 -1.244182
402 412 -2.381357
402 502 0.158858
403 404 -0.743814
403 413 0.059887
403 503 -0.381127
404 405 -1.321441
404 414 0.178057
404 504 -0.613721
405 406 -1.398624
405 415 1.196440
405 505 -0.659130
406 407 1.784197
406 416 -1.860113
406 506 -0.272208
407 408 1.752255
407 417 0.543045
407 507 0.882632
408 409 0.523084
408 418 -1.128383
408 508 -0.023761
409 400 -0.268555
409 419 1.250122
409 509 3.040255
410 411 1.140201
410 420 0.065991
410 510 0.961342
411 412 1.719610
411 421 0.193216
411 511 0.058801
412 413 1.730593
412 422 -0.260792
412 512 0.823501
413 414 1.891252
413 423 1.520067
413 513 -2.466962
414 415 0.571600
414 424 0.897027
414 514 -1.335620
415 416 1.149381
415 425 -0.029665
415 515 1.754196
416 417 -0.348197
416 426 -0.927468
416 516 1.764426
417 418 0.994714
417 427 -0.408307
417 517 -0.887277
418 419 -1.043420
418 428 -0.132220
418 518 -0.144343
419 410 0.961994
419 429 -0.321589
419 519 -1.145278
420 421 0.078249
420 430 -1.238827
420 520 0.494970
421 422 -0.667661
421 431 -0.852409
421 521 0.359680
422 423 0.014877
422 432 -0.578453
422 522 -0.525218
423 424 -0.402874
423 433 -1.350925
423 523 -1.372307
424 425 -0.030041
424 434 1.672209
424 524 -0.416694
425 426 1.257165
425 435 -1.041523
425 525 0.056981
426 427 -0.043335
426 436 -0.264212
426 526 0.659114
427 428 0.593354
427 437 -2.073772
427 527 -0.477086
428 429 1.675473
428 438 0.563842
428 528 -1.130495
429 420 -0.002145
429 439 -0.756046
429 529 0.257114
430 431 -0.279615
430 440 -1.096334
430 530 0.231775
431 432 0.755462
431 441 0.195569
431 531 -0.389943
432 433 1.298880
432 442 0.963080
432 532 -0.760973
433 434 0.109068
433 443 0.309273
433 533 0.636935
434 435 0.403225
434 444 -0.554564
434 534 -1.024275
435 436 0.056314
435 445 -0.548716
435 535 0.230941
436 437 -0.006738
436 446 -0.558677
436 536 1.343709
437 438 -0.116360
437 447 0.218556
437 537 -0.376897
438 439 -0.549013
438 448 -0.571695
438 538 -1.426805
439 430 1.529556
439 449 -0.945086
439 539 1.415914
440 441 -0.430917
440 450 1.295635
440 540 0.343668
441 442 2.746789
441 451 1.603273
441 541 -0.379862
442 443 0.668969
442 452 -0.003231
442 542 -0.332629
443 444 -0.220005
443 453 0.303459
443 543 1.998698
444 445 0.370566
444 454 -0.762767
444 544 -0.910294
445 446 0.901647
445 455 0.605520
445 545 1.881137
446 447 -0.155526
446 456 0.565354
446 546 0.638169
447 448 0.185097
447 457 0.938150
447 547 -0.507592
448 449 0.185930
448 458 -1.703039
448 548 2.463490
449 440 0.217937
449 459 -0.396512
449 549 -0.029923
450 451 0.241731
450 460 0.125037
450 550 -1.125926
451 452 -0.294122
451 461 1.226647
451 551 -1.072896
452 453 0.200706
452 462 -0.627485
452 552 0.524126
453 454 0.370899
453 463 1.703479
453 553 1.190806
454 455 1.694441
454 464 0.073685
454 554 -0.701354
455 456 0.042632
455 465 -0.178182
455 555 2.764163
456 457 -0.023916
456 466 -1.565973
456 556 2.123319
457 458 0.545073
457 467 -0.718577
457 557 -0.390938
458 459 0.330284
458 468 -1.032171
458 558 -0.339210
459 450 0.150410
459 469 0.531619
459 559 -0.381659
460 461 -1.157397
460 470 1.469961
460 560 -0.420620
461 462 -0.643869
461 471 -0.713084
461 561 -1.086797
462 463 0.328214
462 472 1.925904
462 562 0.760550
463 464 1.000108
463 473 0.510442
463 563 1.896943
464 465 -0.664396
464 474 -0.728956
464 564 1.382895
465 466 -0.522860
465 475 -1.075427
465 565 -0.199417
466 467 -0.335418
466 476 -1.191254
466 566 0.296867
467 468 0.334291
467 477 -0.203470
467 567 0.732446
468 469 -1.395686
468 478 -0.176128
468 568 0.830039
469 460 -0.138865
469 479 -0.011187
469 569 -0.496005
470 471 -0.075137
470 480 1.249774
470 570 -0.181839
471 472 -1.002456
471 481 -0.859357
471 571 0.774560
472 473 -0.825844
472 482 0.753710
472 572 -0.133677
473 474 -0.584779
473 483 -0.318918
473 573 -0.467605
474 475 -0.030693
474 484 -0.353895
474 574 0.072905
475 476 -0.017129
475 485 -0.716792
475 575 -0.773278
476 477 -0.444516
476 486 -1.431369
476 576 0.860314
477 478 -0.603142
477 487 0.743084
477 577 -1.765028
478 479 0.122022
478 488 -0.521864
478 578 -0.320610
479 470 -1.710503
479 489 -1.688855
479 579 -1.219098
480 481 0.315053
480 490 -1.019373
480 580 -0.482466
481 482 0.564161
481 491 1.551362
481 581 -1.174208
482 483 -0.330108
482 492 -0.432414
482 582 -1.156585
483 484 -0.390084
483 493 -0.149474
483 583 -0.082173
484 485 -0.331352
484 494 -0.109298
484 584 -0.743809
485 486 -0.263231
485 495 -1.397090
485 585 -0.521129
486 487 -0.812668
486 496 1.140003
486 586 -0.744857
487 488 1.454094
487 497 1.185305
487 587 0.787414
488 489 0.395425
488 498 -2.078532
488 588 0.978202
489 480 0.776094
489 499 0.400703
489 589 -1.296872
490 491 -0.406496
490 400 -1.417370
490 590 1.765236
491 492 -0.712739
491 401 1.033924
491 591 -0.092887
492 493 1.605405
492 402 1.447586
492 592 -0.709568
493 494 -0.543953
493 403 1.536402
493 593 0.803184
494 495 -1.020360
494 404 0.807206
494 594 -0.167916
495 496 0.569092
495 405 -0.943728
495 595 -0.019320
496 497 1.142384
496 406 -0.679597
496 596 -1.370680
497 498 -0.608330
497 407 -0.112183
497 597 -0.915659
498 499 -0.123638
498 408 -0.038365
498 598 0.459891
499 490 1.151185
499 409 -0.878918
499 599 -0.201831
500 501 -1.234317
500 510 1.093841
500 600 -1.024220
501 502 0.974881
501 511 0.313155
501 601 2.141465
502 503 0.370151
502 512 1.487699
502 602 -0.316359
503 504 -1.117567
503 513 -0.303899
503 603 -0.660077
504 505 -1.077433
504 514 -0.650639
504 604 1.109756
505 506 1.231657
505 515 -1.223778
505 605 0.565036
506 507 0.915479
506 516 0.009553
506 606 -0.069459
507 508 -1.678349
507 517 0.745715
507 607 0.205220
508 509 0.336172
508 518 1.219423
508 608 -0.709783
509 500 1.738121
509 519 0.678957
509 609 -1.845485
510 511 0.399293
510 520 -0.213271
510 610 -1.645724
511 512 0.001362
511 521 1.631829
511 611 1.020759
512 513 -2.066146
512 522 0.994921
512 612 0.472767
513 514 0.146283
513 523 0.400773
513 613 1.615211
514 515 -0.272688
514 524 1.980975
514 614 0.462742
515 516 0.274612
515 525 -0.431408
515 615 -0.271831
516 517 -0.295088
516 526 0.688541
516 616 -0.333865
517 518 -0.955909
517 527 2.257744
517 617 -0.165872
518 519 0.768482
518 528 0.239813
518 618 -0.663326
519 510 0.317405
519 529 1.025170
519 619 -0.025125
520 521 0.479750
520 530 0.826553
520 620 -0.730915
521 522 0.755114
521 531 -0.228443
521 621 -0.847894
522 523 -1.713003
522 532 0.466375
522 622 0.798162
523 524 -0.899952
523 533 -0.495333
523 623 0.350221
524 525 -0.368027
524 534 -2.405484
524 624 -1.030015
525 526 -0.452841
525 535 0.046503
525 625 0.318938
526 527 1.291956
526 536 -1.178086
526 626 1.856259
527 528 -2.088199
527 537 -1.779483
527 627 0.341082
528 529 -0.672314
528 538 -1.289247
528 628 0.908839
529 520 0.084900
529 539 0.646525
529 629 -0.010277
530 531 0.107292
530 540 -1.549176
530 630 0.045000
531 532 -1.034854
531 541 0.436643
531 631 -1.440756
532 533 -0.627510
532 542 -0.789127
532 632 -0.703883
533 534 -0.277060
533 543 -0.750749
533 633 0.171867
534 535 -0.779327
534 544 -1.153865
534 634 -0.301039
535 536 -1.507850
535 545 -0.258562
535 635 -0.580859
536 537 0.533648
536 546 -0.646456
536 636 -1.781777
537 538 -0.417934
537 547 -0.385601
537 637 0.107400
538 539 -2.112004
538 548 1.395281
538 638 -0.459345
539 530 -0.548869
539 549 -0.008469
539 639 -0.694285
540 541 -0.560802
540 550 -0.921048
540 640 -0.584004
541 542 -0.059762
541 551 0.684656
541 641 0.069992
542 543 -0.445889
542 552 -0.175286
542 642 -0.039272
543 544 1.253222
543 553 -0.365375
543 643 -0.623712
544 545 -0.262443
544 554 -2.493878
544 644 0.055865
545 546 2.620745
545 555 0.630422
545 645 -0.916549
546 547 -0.456724
546 556 -2.812236
546 646 0.229757
547 548 -1.635371
547 557 0.436708
547 647 -0.167381
548 549 -0.375421
548 558 1.423003
548 648 0.923816
549 540 0.757823
549 559 0.749152
549 649 1.277313
550 551 0.866416
550 560 -1.452979
550 650 1.751724
551 552 -1.410306
551 561 0.740273
551 651 0.874537
552 553 -0.524321
552 562 -0.472817
552 652 1.015801
553 554 0.473107
553 563 -1.526227
553 653 0.116833
554 555 -1.106923
554 564 -0.876178
554 654 -0.192381
555 556 0.568304
555 565 -0.068353
555 655 0.215016
556 557 -0.621702
556 566 0.061565
556 656 -0.512899
557 558 -1.261111
557 567 1.042166
557 657 -1.211177
558 559 -0.113800
558 568 0.903355
558 658 -0.305903
559 550 0.233582
559 569 -0.089975
559 659 -0.259616
560 561 -1.363584
560 570 -1.133309
560 660 0.829114
561 562 0.876261
561 571 1.541725
561 661 0.396960
562 563 0.580755
562 572 0.370703
562 662 -0.191976
563 564 -0.236624
563 573 -2.518746
563 663 1.778080
564 565 0.300285
564 574 -1.082244
564 664 -0.505750
565 566 1.130378
565 575 2.253176
565 665 -0.080628
566 567 0.065250
566 576 0.845630
566 666 0.299791
567 568 -1.063173
567 577 -0.310075
567 667 -2.688960
568 569 -1.322209
568 578 -0.200713
568 668 -0.775411
569 560 -0.269152
569 579 -1.607283
569 669 -0.711874
570 571 -0.515373
570 580 0.760343
570 670 0.701988
571 572 -1.353411
571 581 -1.087184
571 671 0.542447
572 573 -1.470301
572 582 1.565656
572 672 0.640203
573 574 0.481350
573 583 1.374235
573 673 0.579529
574 575 -0.152740
574 584 1.532826
574 674 -0.299342
575 576 -0.464188
575 585 -1.235204
575 675 -0.545680
576 577 0.411603
576 586 -0.433703
576 676 1.477897
577 578 1.851199
577 587 1.319596
577 677 0.489477
578 579 -0.239534
578 588 -0.007774
578 678 -1.061964
579 570 0.144218
579 589 0.534264
579 679 1.145959
580 581 0.106646
580 590 -0.405039
580 680 -0.130559
581 582 -0.148318
581 591 0.801826
581 681 -0.725728
582 583 -1.013609
582 592 -0.975002
582 682 0.422294
583 584 -0.059666
583 593 -1.206890
583 683 0.481060
584 585 1.258374
584 594 0.068497
584 684 0.455889
585 586 -0.265701
585 595 0.266070
585 685 -0.857712
586 587 1.611750
586 596 0.952183
586 686 -0.405159
587 588 0.704383
587 597 -1.112433
587 687 -0.896447
588 589 -2.199789
588 598 -1.182765
588 688 0.399900
589 580 -1.006012
589 599 0.830346
589 689 1.463079
590 591 -0.974317
590 500 -0.937254
590 690 -1.243700
591 592 1.583136
591 501 -1.347885
591 691 -1.211768
592 593 1.048483
592 502 1.321014
592 692 -0.840424
593 594 -0.370582
593 503 1.941339
593 693 -0.076627
594 595 -1.736005
594 504 -0.627948
594 694 -0.469874
595 596 -0.886985
595 505 -0.199878
595 695 1.947604
596 597 -0.575190
596 506 -0.563550
596 696 -0.547705
597 598 -0.562764
597 507 -0.977027
597 697 -0.840787
598 599 0.515661
598 508 -0.142454
598 698 0.192014
599 590 0.047532
599 509 -1.324296
599 699 1.068258
600 601 1.860957
600 610 2.680744
600 700 0.820771
601 602 0.122778
601 611 0.419479
601 701 -0.734652
602 603 1.510303
602 612 0.034985
602 702 1.771414
603 604 -0.060474
603 613 -0.166737
603 703 0.533527
604 605 -1.179295
604 614 -0.589107
604 704 0.494143
605 606 0.504288
605 615 0.498099
605 705 0.168761
606 607 0.049487
606 616 -0.989359
606 706 -0.541147
607 608 0.051991
607 617 0.747652
607 707 0.674851
608 609 -0.210655
608 618 -0.091736
608 708 -0.044232
609 600 -0.774320
609 619 -1.349310
609 709 -1.050103
610 611 1.218359
610 620 -0.473927
610 710 -0.504401
611 612 1.959420
611 621 0.887205
611 711 -0.904415
612 613 -0.013130
612 622 0.044211
612 712 -1.944706
613 614 -0.618239
613 623 0.866885
613 713 0.947776
614 615 1.279493
614 624 1.628835
614 714 0.413949
615 616 0.328702
615 625 0.926162
615 715 0.689757
616 617 -1.198986
616 626 0.472640
616 716 -0.791086
617 618 -2.089916
617 627 0.229102
617 717 -0.086871
618 619 -1.019585
618 628 0.980377
618 718 -0.161588
619 610 -1.163032
619 629 0.592466
619 719 -0.977773
620 621 1.407905
620 630 -1.162198
620 720 0.574954
621 622 -0.027725
621 631 -0.373636
621 721 -1.296317
622 623 0.069695
622 632 0.708866
622 722 0.491790
623 624 -1.485504
623 633 -0.761188
623 723 1.488747
624 625 -1.039172
624 634 -0.597402
624 724 -0.176426
625 626 1.399095
625 635 0.390874
625 725 1.562880
626 627 0.194595
626 636 -0.841515
626 726 1.392423
627 628 1.064931
627 637 0.123344
627 727 -0.853964
628 629 -0.948252
628 638 -1.343256
628 728 0.721218
629 620 0.808345
629 639 1.665263
629 729 -2.096256
630 631 -1.921392
630 640 1.586235
630 730 -0.002183
631 632 -1.316782
631 641 1.057689
631 731 0.654430
632 633 0.238842
632 642 -1.625037
632 732 -0.346761
633 634 0.213384
633 643 0.319196
633 733 1.021659
634 635 -0.626771
634 644 -0.918161
634 734 0.558647
635 636 2.149367
635 645 0.091911
635 735 0.123502
636 637 0.701970
636 646 -0.434201
636 736 0.706391
637 638 0.279077
637 647 -0.221783
637 737 -0.942448
638 639 -0.236985
638 648 0.617069
638 738 -2.240097
639 630 -0.260051
639 649 -0.307871
639 739 -1.639882
640 641 0.482182
640 650 -0.193505
640 740 -0.533867
641 642 0.538956
641 651 0.133200
641 741 -1.617113
642 643 1.338407
642 652 1.358985
642 742 -0.640198
643 644 0.122859
643 653 1.195281
643 743 -1.517132
644 645 1.147491
644 654 0.753037
644 744 -0.370763
645 646 0.454270
645 655 -0.610085
645 745 -0.098779
646 647 1.109374
646 656 -0.948143
646 746 -2.106088
647 648 1.396425
647 657 1.900855
647 747 0.400098
648 649 -1.290035
648 658 0.065200
648 748 -0.826557
649 640 -0.188231
649 659 -0.180210
649 749 -0.381965
650 651 1.368478
650 660 0.838710
650 750 -0.239811
651 652 -0.480012
651 661 -0.258625
651 751 0.227424
652 653 0.652310
652 662 -0.585103
652 752 -0.191730
653 654 -1.100178
653 663 1.077339
653 753 0.869576
654 655 -0.431937
654 664 1.061388
654 754 -0.834097
655 656 0.147381
655 665 0.122070
655 755 -0.635222
656 657 -0.536263
656 666 -0.227978
656 756 2.174954
657 658 -1.788684
657 667 1.194526
657 757 0.485444
658 659 -0.011584
658 668 -0.695302
658 758 -0.568266
659 650 -1.240732
659 669 1.563461
659 759 1.607451
660 661 -1.088706
660 670 1.988215
660 760 0.143798
661 662 0.020440
661 671 -1.564306
661 761 1.078829
662 663 -0.372971
662 672 -0.874223
662 762 -0.296806
663 664 1.141590
663 673 -0.517083
663 763 -0.530479
664 665 0.452047
664 674 -0.550214
664 764 0.932458
665 666 -0.360861
665 675 -0.794256
665 765 -1.285724
666 667 -0.413127
666 676 -0.628596
666 766 0.132173
667 668 1.003986
667 677 -0.647465
667 767 -2.116544
668 669 -1.559148
668 678 0.690974
668 768 1.185407
669 660 -0.430563
669 679 0.698118
669 769 0.235377
670 671 -1.710175
670 680 -1.383275
670 770 0.916410
671 672 -0.609418
671 681 0.149085
671 771 -0.579060
672 673 -0.158187
672 682 0.830384
672 772 1.464907
673 674 -0.385915
673 683 -0.464107
673 773 1.531706
674 675 -0.061721
674 684 0.283853
674 774 -0.889216
675 676 -1.380520
675 685 -0.927867
675 775 -0.083058
676 677 0.435784
676 686 0.262469
676 776 0.431254
677 678 -1.043446
677 687 -1.085251
677 777 0.450018
678 679 -1.960812
678 688 0.882329
678 778 -2.385134
679 670 0.080497
679 689 -0.611788
679 779 0.301072
680 681 0.000105
680 690 -0.170848
680 780 -0.572585
681 682 -1.153042
681 691 0.071301
681 781 -0.289335
682 683 -1.624174
682 692 1.060397
682 782 0.753103
683 684 1.258334
683 693 -1.249464
683 783 -1.476388
684 685 0.158655
684 694 0.046873
684 784 -1.588583
685 686 -1.472982
685 695 -0.121379
685 785 -0.000483
686 687 -0.397128
686 696 1.126611
686 786 1.573949
687 688 0.702771
687 697 0.576158
687 787 0.800845
688 689 -1.078100
688 698 -1.015074
688 788 -0.073192
689 680 -0.259459
689 699 -0.565946
689 789 -0.833914
690 691 0.109999
690 600 -0.111654
690 790 -1.431971
691 692 0.921902
691 601 1.524820
691 791 0.249492
692 693 0.960141
692 602 0.861950
692 792 -0.301992
693 694 -0.012917
693 603 0.073203
693 793 0.666711
694 695 0.247768
694 604 1.134006
694 794 -1.600595
695 696 -2.173101
695 605 1.461614
695 795 -0.245369
696 697 0.005674
696 606 1.477311
696 796 -2.393794
697 698 -0.165385
697 607 0.060275
697 797 0.128467
698 699 -0.921117
698 608 -0.746182
698 798 -0.995939
699 690 -1.161760
699 609 1.152824
699 799 -1.100873
700 701 -1.345873
700 710 2.282600
700 800 -0.359368
701 702 -1.125665
701 711 -0.471772
701 801 -0.038489
702 703 1.363157
702 712 -0.192761
702 802 0.844338
703 704 -0.188176
703 713 1.785869
703 803 -0.805302
704 705 -1.840415
704 714 -0.973059
704 804 0.511279
705 706 -1.811931
705 715 -0.727115
705 805 1.142751
706 707 0.043602
706 716 0.235118
706 806 -0.293783
707 708 0.449852
707 717 0.227633
707 807 -0.013590
708 709 1.488158
708 718 -0.778671
708 808 -0.471163
709 700 1.642749
709 719 1.105449
709 809 0.498926
710 711 0.468814
710 720 0.769496
710 810 0.465399
711 712 0.673612
711 721 -1.202465
711 811 -0.062797
712 713 -0.234866
712 722 1.169654
712 812 1.409059
713 714 0.844522
713 723 0.326781
713 813 -0.726728
714 715 2.030101
714 724 -0.465020
714 814 1.159204
715 716 0.397644
715 725 -0.883286
715 815 -0.278250
716 717 1.472156
716 726 0.704648
716 816 1.519173
717 718 -0.056896
717 727 0.566153
717 817 0.659620
718 719 0.270856
718 728 0.968255
718 818 -0.593644
719 710 -0.447716
719 729 2.218329
719 819 0.084050
720 721 0.632530
720 730 0.351707
720 820 0.222091
721 722 0.113319
721 731 -0.520557
721 821 -1.912707
722 723 -0.389794
722 732 -0.606778
722 822 2.333712
723 724 -0.771841
723 733 0.568485
723 823 -0.338959
724 725 -1.364021
724 734 0.181860
724 824 -0.650589
725 726 0.020878
725 735 -0.398155
725 825 1.250924
726 727 0.459294
726 736 -1.370070
726 826 -0.354945
727 728 1.919539
727 737 -0.711457
727 827 0.393712
728 729 -0.461989
728 738 0.664870
728 828 -0.263904
729 720 0.834263
729 739 0.737225
729 829 -0.059979
730 731 -1.742285
730 740 -0.747615
730 830 0.675988
731 732 -0.846851
731 741 0.290878
731 831 0.924322
732 733 -0.994662
732 742 -1.195777
732 832 -0.252727
733 734 1.482680
733 743 0.009457
733 833 -0.193250
734 735 -1.895727
734 744 2.814560
734 834 -1.346772
735 736 -1.736074
735 745 -1.086171
735 835 0.913240
736 737 -0.129280
736 746 1.069630
736 836 1.066035
737 738 -1.158843
737 747 0.406582
737 837 -0.122338
738 739 -0.319657
738 748 0.166962
738 838 1.746762
739 730 0.510840
739 749 0.857060
739 839 0.819251
740 741 -0.037355
740 750 -0.477143
740 840 -0.245597
741 742 -0.456146
741 751 0.503649
741 841 -0.924730
742 743 0.089988
742 752 -0.844247
742 842 0.010982
743 744 1.634616
743 753 -0.414519
743 843 0.152655
744 745 0.692832
744 754 1.176596
744 844 0.484524
745 746 -0.516895
745 755 -0.319499
745 845 -0.715766
746 747 -0.268999
746 756 -1.774532
746 846 0.798942
747 748 -0.309437
747 757 1.510393
747 847 1.002112
748 749 -1.044436
748 758 -0.713623
748 848 0.390365
749 740 0.152212
749 759 0.745143
749 849 0.881085
750 751 -0.294097
750 760 -1.879427
750 850 0.099930
751 752 -1.019903
751 761 -1.718960
751 851 1.840338
752 753 1.310382
752 762 0.264271
752 852 0.014008
753 754 0.848701
753 763 -0.328378
753 853 -0.894859
754 755 1.856829
754 764 -0.764508
754 854 1.109853
755 756 -0.826761
755 765 0.058283
755 855 -0.040575
756 757 1.698210
756 766 -0.365927
756 856 -0.274613
757 758 -0.624661
757 767 -0.563183
757 857 0.127779
758 759 1.826824
758 768 -0.512156
758 858 -0.795930
759 750 0.507340
759 769 -0.002472
759 859 -1.969727
760 761 1.110185
760 770 0.332662
760 860 1.335254
761 762 0.657104
761 771 2.022626
761 861 -0.746949
762 763 0.950648
762 772 0.070269
762 862 -0.345504
763 764 -0.517901
763 773 0.731645
763 863 -0.612581
764 765 0.628497
764 774 1.542623
764 864 0.244990
765 766 -0.004738
765 775 0.456094
765 865 0.618320
766 767 -0.064997
766 776 1.428933
766 866 -0.424934
767 768 0.432923
767 777 -1.636963
767 867 -0.817328
768 769 0.938951
768 778 -0.147826
768 868 0.723317
769 760 1.202655
769 779 1.543016
769 869 1.646690
770 771 -0.320160
770 780 0.689438
770 870 2.947582
771 772 1.488314
771 781 0.928634
771 871 -1.346894
772 773 0.505804
772 782 -2.066300
772 872 -0.390141
773 774 -0.690858
773 783 0.488108
773 873 -0.618781
774 775 0.965244
774 784 -1.667039
774 874 -0.953359
775 776 0.356244
775 785 1.730204
775 875 0.525563
776 777 1.087178
776 786 0.572412
776 876 1.135424
777 778 0.392013
777 787 -0.803668
777 877 0.522310
778 779 -0.591720
778 788 2.477547
778 878 0.048838
779 770 1.699298
779 789 0.380851
779 879 -0.492321
780 781 1.644785
780 790 -1.724534
780 880 0.891928
781 782 0.042487
781 791 -0.821295
781 881 0.698584
782 783 2.723913
782 792 1.481398
782 882 -0.355757
783 784 0.551702
783 793 -0.080175
783 883 -0.411868
784 785 0.269266
784 794 -0.302715
784 884 -0.563970
785 786 0.743614
785 795 -0.935120
785 885 -0.362551
786 787 -0.233012
786 796 -0.891355
786 886 0.110052
787 788 -2.078563
787 797 0.932957
787 887 -1.620070
788 789 0.399244
788 798 0.800664
788 888 1.030243
789 780 -1.039319
789 799 -0.291469
789 889 0.019902
790 791 -0.819039
790 700 1.616281
790 890 -0.513466
791 792 0.377081
791 701 0.896159
791 891 -2.137119
792 793 1.158674
792 702 -0.466059
792 892 1.321713
793 794 -0.675999
793 703 -0.706521
793 893 -0.878913
794 795 0.284369
794 704 -0.549730
794 894 0.100029
795 796 -0.648699
795 705 -0.655889
795 895 -0.552909
796 797 -2.380443
796 706 1.115425
796 896 1.487161
797 798 -0.910152
797 707 0.821271
797 897 -0.346028
798 799 3.106106
798 708 0.612218
798 898 -0.823166
799 790 -0.433603
799 709 -1.435954
799 899 1.034206
800 801 -2.761275
800 810 0.229192
800 900 -0.270433
801 802 -0.377898
801 811 -0.736372
801 901 -0.617097
802 803 1.549864
802 812 -0.349155
802 902 1.426472
803 804 1.858012
803 813 0.618260
803 903 1.149863
804 805 -0.025805
804 814 -0.322520
804 904 0.848662
805 806 -1.967263
805 815 -0.422119
805 905 -0.966020
806 807 0.361709
806 816 0.601508
806 906 0.984568
807 808 -0.014110
807 817 0.751362
807 907 0.184896
808 809 1.880903
808 818 0.118080
808 908 0.910848
809 800 0.103058
809 819 -0.722777
809 909 0.299113
810 811 0.586746
810 820 0.980878
810 910 -3.015989
811 812 0.838864
811 821 1.443619
811 911 0.498130
812 813 -0.633984
812 822 1.540450
812 912 -0.757735
813 814 -1.504225
813 823 -0.819221
813 913 1.560264
814 815 0.658007
814 824 0.019745
814 914 -1.429656
815 816 0.689079
815 825 0.843538
815 915 -1.993617
816 817 0.629115
816 826 0.365835
816 916 -1.590162
817 818 -1.685432
817 827 -0.624845
817 917 -1.892685
818 819 0.827063
818 828 0.239200
818 918 -0.294492
819 810 -0.044335
819 829 -0.939397
819 919 -0.885304
820 821 -1.213159
820 830 0.079463
820 920 0.998914
821 822 -0.224128
821 831 -0.456271
821 921 0.137015
822 823 -1.253141
822 832 -1.757925
822 922 -1.132691
823 824 -2.039482
823 833 -0.533525
823 923 1.130933
824 825 1.134105
824 834 0.368710
824 924 0.939987
825 826 1.498243
825 835 1.059213
825 925 -0.097070
826 827 -1.576160
826 836 -0.406303
826 926 -1.390038
827 828 -1.141551
827 837 -0.204109
827 927 -0.513004
828 829 0.600680
828 838 0.020390
828 928 -1.128140
829 820 -1.881303
829 839 1.132210
829 929 -0.521285
830 831 1.251982
830 840 1.407619
830 930 -2.330740
831 832 2.015796
831 841 0.502510
831 931 -0.170563
832 833 0.534779
832 842 -0.249589
832 932 -0.584316
833 834 0.178217
833 843 0.262273
833 933 -2.004952
834 835 0.433420
834 844 0.456183
834 934 0.080227
835 836 0.730396
835 845 -0.981203
835 935 -0.449462
836 837 -1.331721
836 846 -0.202470
836 936 -0.582040
837 838 -0.622046
837 847 0.464309
837 937 -1.174071
838 839 1.707532
838 848 -1.653801
838 938 1.010445
839 830 -1.886904
839 849 -0.185002
839 939 -0.535307
840 841 0.767276
840 850 -0.133157
840 940 -1.310914
841 842 -0.139227
841 851 0.684078
841 941 -0.313269
842 843 0.538646
842 852 -1.843904
842 942 -0.474791
843 844 -0.504123
843 853 -0.642364
843 943 0.585859
844 845 0.951543
844 854 -0.493201
844 944 0.586985
845 846 -0.183495
845 855 0.816369
845 945 0.592734
846 847 0.082891
846 856 -1.260300
846 946 -2.050088
847 848 0.919766
847 857 -0.003718
847 947 -1.687719
848 849 0.057619
848 858 0.401413
848 948 1.586925
849 840 1.955874
849 859 0.643895
849 949 -1.204161
850 851 1.417178
850 860 1.662979
850 950 -0.126763
851 852 0.760021
851 861 -0.279670
851 951 0.363519
852 853 -0.582800
852 862 0.490039
852 952 -0.394454
853 854 -0.654100
853 863 0.345791
853 953 1.271802
854 855 0.403125
854 864 1.101337
854 954 -0.476602
855 856 -0.694462
855 865 -0.153644
855 955 -1.217770
856 857 -0.134769
856 866 -0.580880
856 956 -2.010831
857 858 0.945956
857 867 -1.404140
857 957 -0.351334
858 859 0.036979
858 868 0.559446
858 958 -1.154303
859 850 -1.503648
859 869 -0.885034
859 959 -1.651606
860 861 0.839397
860 870 -0.931220
860 960 2.049221
861 862 -0.361060
861 871 -0.288604
861 961 -0.854810
862 863 -2.405831
862 872 1.140794
862 962 -1.387155
863 864 1.642676
863 873 1.909458
863 963 -1.318056
864 865 -1.178981
864 874 1.418579
864 964 -1.060752
865 866 0.063120
865 875 1.060306
865 965 -0.963054
866 867 2.817634
866 876 -0.165313
866 966 -1.005367
867 868 0.800129
867 877 -1.219755
867 967 -0.133320
868 869 -1.106712
868 878 0.585967
868 968 -0.974814
869 860 -0.449316
869 879 0.161231
869 969 0.270187
870 871 1.174384
870 880 -1.353703
870 970 0.538139
871 872 -1.466376
871 881 -0.349640
871 971 2.182507
872 873 0.662462
872 882 -0.580307
872 972 -1.118484
873 874 -0.555058
873 883 -0.001758
873 973 0.127683
874 875 0.676973
874 884 -1.717234
874 974 0.827176
875 876 0.732765
875 885 -0.813694
875 975 -1.401016
876 877 0.229267
876 886 1.524317
876 976 -1.120452
877 878 0.185696
877 887 0.393537
877 977 0.244876
878 879 -0.045018
878 888 0.267649
878 978 0.167276
879 870 1.322487
879 889 1.390114
879 979 -0.987523
880 881 -1.079488
880 890 0.245421
880 980 -0.048706
881 882 0.769387
881 891 0.622531
881 981 -2.456828
882 883 -0.444023
882 892 -0.595905
882 982 0.708449
883 884 -0.600692
883 893 -1.030176
883 983 -1.256846
884 885 1.358723
884 894 -0.292581
884 984 -2.108929
885 886 1.246631
885 895 -0.262582
885 985 -1.385069
886 887 0.808684
886 896 0.564387
886 986 -1.140022
887 888 0.752567
887 897 1.548824
887 987 -0.704974
888 889 -0.556886
888 898 0.277739
888 988 0.058698
889 880 1.840304
889 899 -0.285883
889 989 0.759704
890 891 -1.389142
890 800 0.713680
890 990 0.617790
891 892 -0.803582
891 801 0.571870
891 991 -0.536553
892 893 0.682502
892 802 0.577992
892 992 -0.305817
893 894 0.610103
893 803 -0.096681
893 993 0.802767
894 895 0.233527
894 804 -1.069516
894 994 -0.819655
895 896 -0.502661
895 805 0.310088
895 995 0.707796
896 897 -0.975987
896 806 -0.678983
896 996 -0.736103
897 898 0.050212
897 807 0.939432
897 997 0.285285
898 899 0.861045
898 808 -0.337419
898 998 -0.433346
899 890 0.430531
899 809 1.137672
899 999 0.527020
900 901 -0.574217
900 910 0.803970
900 0 -1.091802
901 902 -2.985967
901 911 0.226186
901 1 0.052618
902 903 0.275451
902 912 0.587214
902 2 1.264622
903 904 -0.600575
903 913 -1.784273
903 3 0.556638
904 905 -0.143353
904 914 -0.253603
904 4 1.099404
905 906 -0.516753
905 915 1.570292
905 5 -0.996269
906 907 -0.212681
906 916 0.622222
906 6 -0.887879
907 908 1.137380
907 917 -0.669243
907 7 -0.956755
908 909 -0.876717
908 918 0.642518
908 8 0.421578
909 900 0.454189
909 919 -0.452525
909 9 0.905299
910 911 -0.206094
910 920 -2.717450
910 10 -0.233543
911 912 -0.125607
911 921 0.626884
911 11 -0.317153
912 913 0.027766
912 922 1.092394
912 12 0.023574
913 914 0.262195
913 923 -0.168808
913 13 -0.867275
914 915 0.565530
914 924 0.120857
914 14 -0.584070
915 916 0.209702
915 925 1.572609
915 15 -1.543592
916 917 0.857751
916 926 1.024420
916 16 0.056391
917 918 -1.425740
917 927 -1.213859
917 17 -0.907785
918 919 -1.121286
918 928 0.137605
918 18 -0.649498
919 910 1.075700
919 929 -0.641958
919 19 -0.668895
920 921 2.073913
920 930 -0.254357
920 20 1.564362
921 922 0.665825
921 931 -1.263390
921 21 1.085420
922 923 0.003304
922 932 -0.927450
922 22 -0.410281
923 924 0.169852
923 933 0.326626
923 23 -0.869455
924 925 -0.843077
924 934 0.090531
924 24 0.049030
925 926 0.465174
925 935 0.662548
925 25 -1.451342
926 927 0.388476
926 936 -0.562120
926 26 1.084148
927 928 -0.073758
927 937 0.245469
927 27 1.619319
928 929 1.609297
928 938 0.781111
928 28 -0.592873
929 920 0.573560
929 939 -0.147212
929 29 -2.294738
930 931 1.180700
930 940 -1.489851
930 30 -0.088812
931 932 0.946867
931 941 -1.087895
931 31 0.567661
932 933 0.324346
932 942 -0.309533
932 32 1.732346
933 934 -0.175446
933 943 1.276824
933 33 -1.063529
934 935 0.597413
934 944 -0.105588
934 34 -0.577154
935 936 -0.421946
935 945 1.001867
935 35 1.759567
936 937 1.629770
936 946 0.029240
936 36 0.210180
937 938 1.086462
937 947 0.488048
937 37 -0.766721
938 939 0.218398
938 948 -0.528745
938 38 -0.749756
939 930 -0.529703
939 949 1.115914
939 39 0.140487
940 941 0.194253
940 950 1.760540
940 40 -0.135828
941 942 -0.129268
941 951 1.200222
941 41 -1.284753
942 943 -0.497891
942 952 1.246197
942 42 0.720225
943 944 -0.367322
943 953 0.186944
943 43 -0.040507
944 945 0.791763
944 954 1.125894
944 44 -2.228026
945 946 1.052139
945 955 1.516709
945 45 -0.407465
946 947 -0.934894
946 956 0.278999
946 46 -1.190412
947 948 0.092383
947 957 -0.018182
947 47 -0.561425
948 949 0.909367
948 958 -0.026798
948 48 1.245575
949 940 0.568681
949 959 0.066337
949 49 0.891681
950 951 0.647787
950 960 1.324561
950 50 1.777225
951 952 1.018675
951 961 1.206147
951 51 1.194580
952 953 0.097260
952 962 0.488595
952 52 1.412367
953 954 -1.095856
953 963 2.308155
953 53 0.405350
954 955 -0.258956
954 964 -1.209954
954 54 -0.967829
955 956 -0.644069
955 965 1.284583
955 55 -1.546415
956 957 -2.557425
956 966 0.385856
956 56 0.677875
957 958 0.332852
957 967 -0.349094
957 57 0.886060
958 959 0.503068
958 968 2.199294
958 58 -2.188012
959 950 -1.367510
959 969 -0.067514
959 59 1.481488
960 961 3.455655
960 970 1.102863
960 60 -0.020188
961 962 1.437617
961 971 -0.545120
961 61 -0.649996
962 963 1.289423
962 972 -1.046645
962 62 -2.003555
963 964 -1.274405
963 973 -0.296319
963 63 -1.914829
964 965 -0.651489
964 974 0.560606
964 64 1.097983
965 966 -0.845333
965 975 0.999942
965 65 1.532728
966 967 0.184013
966 976 0.679552
966 66 -0.373245
967 968 0.757908
967 977 -0.306116
967 67 0.529988
968 969 -0.166902
968 978 -0.518832
968 68 -1.458083
969 960 -0.584491
969 979 0.711225
969 69 0.541774
970 971 0.214504
970 980 -0.753338
970 70 -0.707447
971 972 1.271004
971 981 0.150984
971 71 -0.043915
972 973 -0.762404
972 982 -1.775922
972 72 0.397378
973 974 -3.045131
973 983 1.131404
973 73 -1.048826
974 975 -0.194117
974 984 0.315268
974 74 1.727908
975 976 -0.226979
975 985 1.242591
975 75 0.007500
976 977 0.466707
976 986 1.286392
976 76 0.361097
977 978 -0.098423
977 987 0.678640
977 77 -0.914931
978 979 0.772832
978 988 0.740632
978 78 -1.033258
979 970 -1.185802
979 989 -0.552579
979 79 1.793983
980 981 -1.672224
980 990 -2.572883
980 80 -1.812750
981 982 0.271705
981 991 -0.196451
981 81 0.906604
982 983 0.636310
982 992 0.550718
982 82 -0.411503
983 984 -0.991668
983 993 1.889775
983 83 -0.141649
984 985 -0.752100
984 994 0.420815
984 84 -0.732290
985 986 -0.631504
985 995 -0.577576
985 85 -0.315444
986 987 0.256662
986 996 0.089175
986 86 -0.488040
987 988 0.118291
987 997 -1.016319
987 87 -0.501326
988 989 0.082770
988 998 -0.082655
988 88 -0.807692
989 980 0.731702
989 999 -0.743513
989 89 1.564396
990 991 0.271975
990 900 -0.104831
990 90 -0.024337
991 992 1.478997
991 901 -0.567759
991 91 -0.051911
992 993 0.202119
992 902 -0.251179
992 92 -0.612863
993 994 -0.072510
993 903 1.183086
993 93 -0.326053
994 995 1.109743
994 904 0.221182
994 94 -2.273648
995 996 0.917798
995 905 -0.214666
995 95 -2.090816
996 997 0.665788
996 906 -0.562077
996 96 -0.279971
997 998 0.780985
997 907 -1.328286
997 97 -1.723210
998 999 -1.299690
998 908 -1.259527
998 98 1.224486
999 990 1.205133
999 909 0.927965
999 99 -0.284555
