0 1 -0.054511
0 10 -1.195226
0 100 -0.213941
1 2 -1.421503
1 11 -0.271962
1 101 0.730251
2 3 -0.698196
2 12 -0.875841
2 102 0.546057
3 4 0.406054
3 13 0.889684
3 103 -0.914750
4 5 -1.280044
4 14 0.154652
4 104 -0.389899
5 6 1.403074
5 15 -0.250337
5 105 -1.231355
6 7 -0.115445
6 16 0.240176
6 106 -0.092088
7 8 -0.948350
7 17 0.751035
7 107 1.000179
8 9 -1.083877
8 18 -1.682895
8 108 0.043974
9 0 -0.465461
9 19 0.390835
9 109 -0.562925
10 11 0.196564
10 20 -0.210873
10 110 -0.336163
11 12 -0.429743
11 21 -0.608863
11 111 2.265826
12 13 0.343697
12 22 -0.619768
12 112 -1.102092
13 14 0.654210
13 23 0.662822
13 113 0.314254
14 15 -0.418437
14 24 1.107444
14 114 -0.647854
15 16 0.327807
15 25 -0.202061
15 115 -1.512458
16 17 -1.793541
16 26 0.204752
16 116 -0.292904
17 18 -0.563204
17 27 0.270017
17 117 -0.857686
18 19 -2.372411
18 28 1.593269
18 118 0.167932
19 10 0.740168
19 29 0.380183
19 119 1.050043
20 21 -0.021913
20 30 -0.435404
20 120 0.566028
21 22 0.311266
21 31 -0.895708
21 121 0.811384
22 23 0.050660
22 32 0.195493
22 122 0.471415
23 24 0.825917
23 33 -0.137908
23 123 0.547232
24 25 1.164400
24 34 -0.111712
24 124 -0.407117
25 26 0.645725
25 35 0.108528
25 125 1.413861
26 27 0.324908
26 36 -0.338874
26 126 -0.558015
27 28 -2.125797
27 37 1.065701
27 127 -0.695579
28 29 1.393821
28 38 -1.720142
28 128 2.150454
29 20 -1.734949
29 39 1.200423
29 129 0.252125
30 31 0.070953
30 40 -0.158084
30 130 -0.087976
31 32 -0.246766
31 41 -0.606054
31 131 -0.192178
32 33 0.535332
32 42 -1.665425
32 132 -1.717416
33 34 0.832543
33 43 -1.041999
33 133 2.104992
34 35 -0.428582
34 44 -0.504427
34 134 -0.620873
35 36 -0.545402
35 45 -0.449724
35 135 -0.180657
36 37 -0.228789
36 46 -0.005384
36 136 -0.274469
37 38 -0.108879
37 47 1.081600
37 137 -1.656357
38 39 0.446413
38 48 0.700204
38 138 -0.521969
39 30 1.792323
39 49 -0.570369
39 139 -2.286809
40 41 -2.086432
40 50 -0.408443
40 140 1.240636
41 42 -0.077665
41 51 0.413202
41 141 0.664789
42 43 1.015502
42 52 -0.941844
42 142 0.200401
43 44 -0.379050
43 53 -0.630677
43 143 0.045668
44 45 1.251967
44 54 -0.882299
44 144 -0.183905
45 46 0.242443
45 55 -1.207613
45 145 -1.406531
46 47 -0.478431
46 56 -0.839913
46 146 -1.603695
47 48 -0.596917
47 57 -1.622069
47 147 -0.104277
48 49 -0.810079
48 58 -0.415757
48 148 -1.251782
49 40 -1.397145
49 59 1.484718
49 149 0.225606
50 51 -1.172457
50 60 0.804693
50 150 0.707222
51 52 -0.838633
51 61 1.836632
51 151 1.153558
52 53 0.819263
52 62 -0.218692
52 152 -0.889965
53 54 0.774835
53 63 -0.557580
53 153 0.390001
54 55 -1.936061
54 64 -0.617599
54 154 0.867439
55 56 -0.706510
55 65 -0.316110
55 155 0.263390
56 57 -0.735914
56 66 0.957883
56 156 0.926332
57 58 0.780489
57 67 -0.886307
57 157 0.424260
58 59 -0.109580
58 68 -0.613006
58 158 -0.657371
59 50 1.964543
59 69 -0.214448
59 159 0.640022
60 61 0.629895
60 70 -0.899236
60 160 -0.180515
61 62 -2.301932
61 71 -0.695095
61 161 -1.225535
62 63 0.651589
62 72 -1.091089
62 162 0.476979
63 64 0.254029
63 73 -0.738454
63 163 -0.898844
64 65 1.250573
64 74 0.391145
64 164 -1.707946
65 66 -1.188996
65 75 1.054478
65 165 0.100359
66 67 -1.129304
66 76 0.907559
66 166 0.012535
67 68 1.246990
67 77 -0.026374
67 167 -2.715583
68 69 1.340786
68 78 -1.269530
68 168 1.146538
69 60 0.332800
69 79 0.731378
69 169 0.775184
70 71 0.911591
70 80 1.375657
70 170 1.294803
71 72 -0.630601
71 81 -0.390188
71 171 -0.525094
72 73 1.274990
72 82 -1.534936
72 172 0.520333
73 74 -0.135988
73 83 0.480788
73 173 0.339622
74 75 -0.648488
74 84 -0.543956
74 174 -1.379610
75 76 -0.421926
75 85 0.599990
75 175 -1.539137
76 77 -1.922827
76 86 1.764035
76 176 0.172369
77 78 -0.625005
77 87 0.227617
77 177 0.372353
78 79 -0.798770
78 88 0.285519
78 178 1.304980
79 70 0.812830
79 89 0.903857
79 179 -0.547600
80 81 -2.352446
80 90 0.445648
80 180 0.825030
81 82 -0.775868
81 91 -0.877443
81 181 -0.817064
82 83 0.342022
82 92 1.344322
82 182 0.421351
83 84 -0.716100
83 93 -0.230606
83 183 0.313556
84 85 -1.559979
84 94 -0.471124
84 184 2.069854
85 86 -0.711934
85 95 0.231879
85 185 1.725304
86 87 0.463973
86 96 1.480145
86 186 -0.321942
87 88 -0.080331
87 97 -0.813012
87 187 -0.396202
88 89 0.510898
88 98 1.236924
88 188 -1.117819
89 80 1.656668
89 99 1.088578
89 189 -0.246495
90 91 0.876311
90 0 -0.220610
90 190 -0.066156
91 92 -0.021430
91 1 0.431558
91 191 0.117767
92 93 0.419749
92 2 1.183466
92 192 -0.276779
93 94 1.509272
93 3 -0.721524
93 193 -0.822759
94 95 -0.060614
94 4 -0.726167
94 194 -0.191798
95 96 -0.883502
95 5 0.295327
95 195 1.114025
96 97 1.759177
96 6 2.303674
96 196 -0.706127
97 98 -1.367184
97 7 0.769605
97 197 -1.403678
98 99 -0.626865
98 8 0.807163
98 198 0.288328
99 90 -1.216598
99 9 0.355429
99 199 -0.305811
100 101 0.710243
100 110 0.212780
100 200 -0.546991
101 102 0.140651
101 111 0.385389
101 201 1.641671
102 103 -2.279587
102 112 -0.883228
102 202 -1.440226
103 104 -0.030256
103 113 1.014436
103 203 -0.910695
104 105 -0.828692
104 114 0.712089
104 204 -0.296523
105 106 0.511633
105 115 -0.022491
105 205 -0.046118
106 107 -1.768927
106 116 -0.221789
106 206 0.555693
107 108 -0.818010
107 117 0.629524
107 207 0.643300
108 109 -0.458329
108 118 -0.941481
108 208 -0.161434
109 100 -0.471196
109 119 0.493408
109 209 0.149926
110 111 -0.733708
110 120 -1.827169
110 210 -0.520286
111 112 0.255998
111 121 -0.037912
111 211 -0.327473
112 113 0.028543
112 122 0.054839
112 212 -0.076688
113 114 -1.322081
113 123 0.855222
113 213 -0.351914
114 115 -0.335841
114 124 0.884293
114 214 -0.243803
115 116 0.123965
115 125 0.873743
115 215 -0.436329
116 117 0.430964
116 126 0.386176
116 216 0.595224
117 118 -1.326856
117 127 -0.688286
117 217 0.251138
118 119 -0.336321
118 128 1.198179
118 218 -0.375144
119 110 1.298197
119 129 -1.380532
119 219 -1.045236
120 121 0.066520
120 130 1.608110
120 220 -0.466054
121 122 -0.405686
121 131 -0.040712
121 221 0.111367
122 123 0.692074
122 132 0.166285
122 222 -0.191925
123 124 1.175320
123 133 -0.454957
123 223 -1.103685
124 125 1.155768
124 134 -0.933383
124 224 -0.236739
125 126 -0.778169
125 135 0.278822
125 225 -1.147515
126 127 -0.117934
126 136 -0.086685
126 226 0.575569
127 128 -0.550194
127 137 -0.605637
127 227 0.676459
128 129 -0.120655
128 138 -1.360617
128 228 1.761550
129 120 -0.995840
129 139 0.745870
129 229 -0.176502
130 131 -0.289678
130 140 1.313447
130 230 -0.462750
131 132 1.715442
131 141 -0.283288
131 231 1.539797
132 133 1.536234
132 142 -1.604700
132 232 -0.445883
133 134 -0.485430
133 143 -0.904495
133 233 0.144642
134 135 0.539377
134 144 0.598427
134 234 -0.444607
135 136 -1.435013
135 145 -0.221959
135 235 -1.495585
136 137 -0.374367
136 146 0.465867
136 236 1.059710
137 138 2.129305
137 147 0.181363
137 237 0.015242
138 139 0.116058
138 148 1.184993
138 238 0.143928
139 130 2.334968
139 149 -0.080713
139 239 0.885308
140 141 1.502424
140 150 0.769672
140 240 0.610975
141 142 0.734108
141 151 -0.615536
141 241 -0.186570
142 143 -0.021047
142 152 0.433946
142 242 -0.051305
143 144 -0.393820
143 153 -1.268430
143 243 0.866653
144 145 0.133025
144 154 0.154041
144 244 0.546113
145 146 0.000556
145 155 -1.900696
145 245 -0.017016
146 147 1.347660
146 156 -0.270988
146 246 1.082643
147 148 0.147006
147 157 -0.283980
147 247 -1.187156
148 149 0.366685
148 158 1.232203
148 248 -1.931521
149 140 0.370912
149 159 -0.712031
149 249 0.511326
150 151 -1.413765
150 160 -0.138156
150 250 2.615181
151 152 -0.045883
151 161 -0.302892
151 251 0.869050
152 153 2.456376
152 162 0.514459
152 252 -1.017422
153 154 1.172103
153 163 0.375165
153 253 -1.823978
154 155 1.875501
154 164 2.801752
154 254 -1.112002
155 156 0.891325
155 165 -0.924562
155 255 -2.181828
156 157 0.771251
156 166 -0.238082
156 256 0.157042
157 158 0.235379
157 167 -0.346686
157 257 1.310273
158 159 -0.026860
158 168 0.065058
158 258 -0.359078
159 150 -0.571685
159 169 -0.905838
159 259 -0.274030
160 161 -2.582013
160 170 2.019628
160 260 0.372613
161 162 -0.107928
161 171 0.435667
161 261 -1.903808
162 163 0.505840
162 172 0.069646
162 262 -0.301571
163 164 0.463422
163 173 1.369475
163 263 -0.527537
164 165 2.620925
164 174 -0.843302
164 264 -0.433504
165 166 -0.268145
165 175 0.889029
165 265 -0.354918
166 167 -0.013614
166 176 0.150946
166 266 -0.621871
167 168 -0.734285
167 177 -0.324170
167 267 -0.916970
168 169 0.522166
168 178 0.050309
168 268 -0.346905
169 160 2.136574
169 179 -0.377107
169 269 2.212725
170 171 1.630714
170 180 -1.794501
170 270 -0.148927
171 172 0.851646
171 181 0.085916
171 271 -2.115578
172 173 -0.507256
172 182 0.594307
172 272 -0.655276
173 174 1.470698
173 183 1.649334
173 273 0.330677
174 175 0.376892
174 184 0.446993
174 274 -0.292195
175 176 0.283769
175 185 0.410581
175 275 0.828660
176 177 -0.927371
176 186 1.250991
176 276 -0.889348
177 178 1.121908
177 187 -1.643273
177 277 -1.390696
178 179 1.245033
178 188 -0.356762
178 278 -2.283609
179 170 -0.278242
179 189 1.173605
179 279 0.200886
180 181 -0.486262
180 190 -1.650209
180 280 1.643368
181 182 0.075056
181 191 -0.309810
181 281 0.543319
182 183 0.904717
182 192 0.447902
182 282 -1.177806
183 184 -0.704484
183 193 -0.373545
183 283 -1.057834
184 185 0.814315
184 194 -0.122065
184 284 -1.239353
185 186 -0.184237
185 195 -1.211819
185 285 0.213262
186 187 0.421188
186 196 -0.363722
186 286 -1.038095
187 188 -0.224872
187 197 1.342577
187 287 1.274949
188 189 0.653244
188 198 0.873501
188 288 0.125441
189 180 1.388032
189 199 -1.096544
189 289 -2.190928
190 191 -1.139637
190 100 0.114546
190 290 -0.862914
191 192 -0.143343
191 101 0.040635
191 291 -0.046275
192 193 0.296985
192 102 1.817292
192 292 0.457885
193 194 -3.072718
193 103 -0.373592
193 293 0.826082
194 195 -1.430955
194 104 0.954068
194 294 1.034293
195 196 0.903222
195 105 0.340922
195 295 1.224207
196 197 -1.884325
196 106 1.311976
196 296 -0.798431
197 198 0.805495
197 107 0.225454
197 297 1.973688
198 199 0.307957
198 108 0.191732
198 298 0.378448
199 190 0.834058
199 109 1.040657
199 299 0.797033
200 201 0.100021
200 210 -0.405557
200 300 0.847966
201 202 -1.023006
201 211 1.647580
201 301 0.063212
202 203 -0.322942
202 212 -0.541264
202 302 -0.252089
203 204 -1.140357
203 213 1.158475
203 303 0.004642
204 205 0.867146
204 214 -0.790512
204 304 -0.322721
205 206 -0.773175
205 215 0.788337
205 305 -0.514940
206 207 -0.690520
206 216 0.240843
206 306 -1.374736
207 208 -0.096124
207 217 -1.183405
207 307 1.469183
208 209 1.369848
208 218 -0.581091
208 308 -0.710632
209 200 0.521181
209 219 0.027496
209 309 1.714012
210 211 -0.857415
210 220 -0.348429
210 310 0.508140
211 212 -0.384571
211 221 -0.376741
211 311 1.970552
212 213 1.993634
212 222 0.363611
212 312 0.228294
213 214 -1.221070
213 223 0.450942
213 313 0.390633
214 215 1.094404
214 224 0.013206
214 314 -0.956229
215 216 0.430622
215 225 -1.083667
215 315 0.061741
216 217 -1.233567
216 226 0.937110
216 316 -0.435604
217 218 0.163969
217 227 -0.941874
217 317 0.694321
218 219 -1.065546
218 228 0.110396
218 318 0.918599
219 210 1.406679
219 229 -2.440915
219 319 -0.139997
220 221 -0.868688
220 230 1.552199
220 320 2.377180
221 222 -2.037428
221 231 0.783600
221 321 0.049019
222 223 0.110059
222 232 0.909394
222 322 0.807466
223 224 -1.081588
223 233 0.149947
223 323 0.108915
224 225 0.856454
224 234 1.915521
224 324 0.221225
225 226 -0.730665
225 235 0.179891
225 325 0.280620
226 227 0.316734
226 236 1.305489
226 326 0.152892
227 228 0.815263
227 237 0.681466
227 327 2.409400
228 229 0.694594
228 238 -0.190663
228 328 -0.097311
229 220 0.895831
229 239 0.543683
229 329 0.612916
230 231 0.067948
230 240 1.865253
230 330 0.330249
231 232 -0.023626
231 241 -0.922977
231 331 -0.367712
232 233 1.160635
232 242 -0.932240
232 332 -2.113756
233 234 0.144689
233 243 0.085521
233 333 0.487730
234 235 -0.648558
234 244 -0.395184
234 334 -1.159988
235 236 0.995791
235 245 -0.714742
235 335 1.032428
236 237 -1.506675
236 246 0.586040
236 336 -2.042471
237 238 0.580152
237 247 0.257480
237 337 -1.680667
238 239 0.171964
238 248 -0.427636
238 338 -0.225280
239 230 1.701744
239 249 0.006949
239 339 1.543735
240 241 -0.736414
240 250 0.356946
240 340 1.481960
241 242 -0.886691
241 251 1.041753
241 341 0.739860
242 243 0.375166
242 252 -0.246918
242 342 0.486910
243 244 -1.336103
243 253 -1.362555
243 343 1.417508
244 245 1.279744
244 254 0.566869
244 344 -0.083623
245 246 1.907526
245 255 -0.265804
245 345 1.366040
246 247 0.487781
246 256 1.756569
246 346 0.942878
247 248 -0.765482
247 257 -0.524611
247 347 -1.182736
248 249 -1.599229
248 258 0.566142
248 348 1.809268
249 240 1.319971
249 259 -1.079220
249 349 -0.818729
250 251 -0.948143
250 260 0.626897
250 350 -0.830587
251 252 0.592468
251 261 -0.209808
251 351 -0.119104
252 253 0.139497
252 262 0.424938
252 352 -0.049681
253 254 -1.167127
253 263 -0.742029
253 353 0.437983
254 255 -0.839568
254 264 1.628277
254 354 -0.375621
255 256 0.337637
255 265 -2.329297
255 355 -1.040849
256 257 0.327269
256 266 0.474545
256 356 1.150328
257 258 -0.727391
257 267 1.522711
257 357 0.595066
258 259 1.591854
258 268 -0.930333
258 358 1.490647
259 250 1.969379
259 269 -0.445981
259 359 -0.833045
260 261 -1.398300
260 270 -0.950078
260 360 0.059084
261 262 0.702555
261 271 -0.302834
261 361 0.057717
262 263 0.295552
262 272 0.109146
262 362 0.421016
263 264 0.162711
263 273 -0.177980
263 363 0.128800
264 265 -0.112138
264 274 0.284606
264 364 -1.330198
265 266 0.070620
265 275 0.192806
265 365 0.611665
266 267 0.317436
266 276 -0.421310
266 366 1.302397
267 268 -0.276823
267 277 -0.240744
267 367 -0.767804
268 269 -0.290427
268 278 -0.847168
268 368 -0.551048
269 260 0.612428
269 279 0.293521
269 369 0.780404
270 271 0.418991
270 280 2.181175
270 370 0.406308
271 272 0.583084
271 281 -0.333706
271 371 -1.980444
272 273 -1.346381
272 282 -0.255678
272 372 -1.327949
273 274 -2.291571
273 283 0.119603
273 373 1.348408
274 275 -0.141628
274 284 -1.283252
274 374 -0.247757
275 276 1.985869
275 285 -1.340215
275 375 0.375939
276 277 -1.091041
276 286 1.806101
276 376 0.744780
277 278 -1.096232
277 287 -0.497120
277 377 -0.000374
278 279 2.348240
278 288 -1.611540
278 378 -2.661618
279 270 -0.896830
279 289 1.682354
279 379 -0.649107
280 281 0.622258
280 290 -0.400867
280 380 -0.826087
281 282 -2.419425
281 291 -0.195983
281 381 0.387275
282 283 0.114314
282 292 0.937796
282 382 0.352969
283 284 -0.023871
283 293 -1.118778
283 383 -0.164838
284 285 -0.428848
284 294 -0.917134
284 384 -0.310349
285 286 1.430635
285 295 -1.845361
285 385 1.180304
286 287 -1.020619
286 296 -0.558484
286 386 0.196203
287 288 -0.322219
287 297 -0.735062
287 387 -1.218707
288 289 1.152729
288 298 0.844150
288 388 -0.227288
289 280 1.232932
289 299 0.504977
289 389 -0.672051
290 291 -0.348807
290 200 -2.300556
290 390 -0.227808
291 292 -2.173542
291 201 -0.958692
291 391 1.589594
292 293 2.091242
292 202 -0.344087
292 392 0.171522
293 294 -0.135729
293 203 -0.715795
293 393 0.123887
294 295 -1.735956
294 204 0.617656
294 394 1.257737
295 296 -1.061807
295 205 0.935201
295 395 -1.401039
296 297 -0.656190
296 206 0.472174
296 396 -0.433029
297 298 1.145974
297 207 -0.279449
297 397 -0.201163
298 299 0.038946
298 208 1.069500
298 398 0.154679
299 290 0.467889
299 209 -0.128411
299 399 1.195631
300 301 0.037017
300 310 1.032909
300 400 0.038484
301 302 0.535263
301 311 1.900355
301 401 -0.464446
302 303 0.134039
302 312 0.393427
302 402 -0.405960
303 304 0.575203
303 313 -1.237884
303 403 -0.831654
304 305 -0.501810
304 314 -0.100938
304 404 0.309519
305 306 0.546835
305 315 -1.242512
305 405 0.311698
306 307 -0.604775
306 316 -0.401572
306 406 -1.330063
307 308 0.220456
307 317 1.950909
307 407 0.336484
308 309 -1.026318
308 318 0.418187
308 408 0.237565
309 300 -1.404803
309 319 0.014132
309 409 -1.117807
310 311 0.182602
310 320 2.384224
310 410 -1.564522
311 312 1.501811
311 321 0.717984
311 411 0.804313
312 313 0.463814
312 322 -0.232839
312 412 0.151950
313 314 0.886239
313 323 -0.672909
313 413 -0.258343
314 315 0.600337
314 324 2.062761
314 414 1.271829
315 316 0.200565
315 325 -0.925023
315 415 -0.380416
316 317 0.660899
316 326 1.291008
316 416 0.864668
317 318 0.354729
317 327 -1.504154
317 417 1.495088
318 319 -2.234574
318 328 -0.065324
318 418 1.051498
319 310 0.344013
319 329 1.406866
319 419 0.602975
320 321 1.815015
320 330 -0.819922
320 420 2.249895
321 322 -1.476030
321 331 0.251646
321 421 -1.397682
322 323 1.175873
322 332 -0.953224
322 422 -1.605472
323 324 -1.624407
323 333 0.628733
323 423 -1.463809
324 325 2.606909
324 334 -0.632606
324 424 -0.487013
325 326 0.667899
325 335 0.801793
325 425 -0.765166
326 327 0.315344
326 336 0.457180
326 426 0.760570
327 328 -0.781278
327 337 0.016082
327 427 -0.833462
328 329 2.210722
328 338 -0.542000
328 428 -2.467872
329 320 2.495642
329 339 -0.210551
329 429 -1.223871
330 331 -1.929621
330 340 -0.499918
330 430 -1.665375
331 332 -0.149259
331 341 -0.019185
331 431 -1.622736
332 333 -0.158735
332 342 -0.779119
332 432 1.011962
333 334 0.930578
333 343 -0.506173
333 433 0.153430
334 335 -0.269262
334 344 0.511943
334 434 0.652870
335 336 0.499877
335 345 -1.070012
335 435 0.185623
336 337 0.172692
336 346 -0.617772
336 436 0.291070
337 338 0.859629
337 347 0.305984
337 437 0.809725
338 339 -0.551479
338 348 -0.373495
338 438 0.952571
339 330 0.416090
339 349 -0.622320
339 439 0.867986
340 341 0.655488
340 350 -0.718452
340 440 0.939126
341 342 0.764205
341 351 1.049577
341 441 0.706363
342 343 0.771106
342 352 -0.504610
342 442 1.327104
343 344 -0.031333
343 353 -0.322165
343 443 -0.158587
344 345 -0.633603
344 354 -0.583110
344 444 0.220959
345 346 -0.012121
345 355 -0.447904
345 445 -0.149862
346 347 1.356619
346 356 1.445832
346 446 -0.515128
347 348 0.655668
347 357 -0.473710
347 447 0.739233
348 349 -0.291345
348 358 0.240301
348 448 1.283911
349 340 0.794719
349 359 -0.264884
349 449 -0.685050
350 351 0.605782
350 360 -0.829238
350 450 -0.792582
351 352 0.225743
351 361 -0.017890
351 451 -1.855461
352 353 0.727567
352 362 1.044967
352 452 -1.280697
353 354 0.529708
353 363 -0.690011
353 453 -0.376923
354 355 0.828695
354 364 -1.125187
354 454 0.720199
355 356 -0.862414
355 365 -1.171084
355 455 1.961508
356 357 -0.374882
356 366 -0.874114
356 456 -0.885931
357 358 -0.160442
357 367 -0.414815
357 457 0.577268
358 359 0.200528
358 368 0.803844
358 458 0.611692
359 350 1.016995
359 369 -2.258122
359 459 -1.816913
360 361 1.170943
360 370 -0.691762
360 460 0.262265
361 362 -2.017795
361 371 0.702459
361 461 0.871188
362 363 0.106809
362 372 -0.130048
362 462 1.757216
363 364 0.015280
363 373 -0.794470
363 463 0.561686
364 365 -0.982986
364 374 1.892246
364 464 1.760211
365 366 0.269416
365 375 0.074744
365 465 1.360766
366 367 -0.154595
366 376 -1.590788
366 466 -1.053475
367 368 0.142519
367 377 0.262409
367 467 -0.307571
368 369 0.175082
368 378 -2.339218
368 468 0.122892
369 360 -1.482548
369 379 1.726402
369 469 1.566940
370 371 -1.352045
370 380 0.402360
370 470 0.072690
371 372 1.179160
371 381 1.052511
371 471 -1.460050
372 373 -0.273726
372 382 1.140635
372 472 -0.407564
373 374 0.585084
373 383 0.472338
373 473 0.777617
374 375 0.510224
374 384 0.673902
374 474 0.111112
375 376 0.178595
375 385 -0.171843
375 475 0.790304
376 377 -0.908516
376 386 0.517018
376 476 0.558785
377 378 0.626561
377 387 -0.659035
377 477 -0.450413
378 379 -1.476315
378 388 -0.732529
378 478 0.809818
379 370 0.941650
379 389 1.270312
379 479 -1.833307
380 381 -1.213007
380 390 1.617092
380 480 1.501002
381 382 1.673283
381 391 0.799620
381 481 -1.794542
382 383 1.003687
382 392 -0.900016
382 482 1.421017
383 384 0.517169
383 393 -1.102789
383 483 -0.081153
384 385 -0.036039
384 394 -1.822738
384 484 -1.136748
385 386 0.240545
385 395 0.113513
385 485 -0.037307
386 387 -1.484732
386 396 -0.798135
386 486 0.911087
387 388 0.854624
387 397 -0.563996
387 487 0.636726
388 389 0.792236
388 398 -0.801311
388 488 0.691887
389 380 0.938020
389 399 0.532692
389 489 0.596978
390 391 -0.637419
390 300 1.502972
390 490 0.221185
391 392 1.224420
391 301 0.199432
391 491 0.957714
392 393 -1.119429
392 302 -1.252776
392 492 0.275325
393 394 0.528939
393 303 0.459938
393 493 1.528408
394 395 0.324476
394 304 1.682535
394 494 1.708023
395 396 0.475754
395 305 1.257215
395 495 1.143029
396 397 0.064781
396 306 -1.302352
396 496 0.391567
397 398 0.981162
397 307 0.806798
397 497 0.145051
398 399 0.668022
398 308 -0.642630
398 498 -1.620615
399 390 0.293992
399 309 0.219016
399 499 0.885061
400 401 0.073527
400 410 -0.308075
400 500 -0.439330
401 402 -0.101309
401 411 -2.200774
401 501 -1.093969
402 403 -2.257559
402 412 -0.175789
402 502 1.194455
403 404 -2.232335
403 413 -1.191326
403 503 -1.886365
404 405 1.256370
404 414 0.934151
404 504 2.446360
405 406 0.892030
405 415 -0.165753
405 505 0.058735
406 407 -0.063370
406 416 -1.266963
406 506 -0.583343
407 408 0.960855
407 417 1.497607
407 507 0.529207
408 409 0.745653
408 418 0.824999
408 508 0.372995
409 400 -0.033131
409 419 -0.716052
409 509 -0.520645
410 411 1.122750
410 420 -0.896846
410 510 2.326443
411 412 0.494608
411 421 0.275457
411 511 1.012014
412 413 1.400591
412 422 -1.363954
412 512 0.008802
413 414 -1.358616
413 423 -0.309411
413 513 0.601713
414 415 -1.045835
414 424 -1.090076
414 514 0.409716
415 416 -0.079907
415 425 1.149415
415 515 -0.194840
416 417 0.504561
416 426 0.094341
416 516 -0.111973
417 418 0.762702
417 427 0.132230
417 517 -0.976866
418 419 1.024870
418 428 1.608896
418 518 -0.257419
419 410 0.545636
419 429 -2.458374
419 519 -1.399962
420 421 0.007279
420 430 -0.776070
420 520 2.124770
421 422 -0.398609
421 431 -0.085885
421 521 -0.301250
422 423 0.877750
422 432 -2.875500
422 522 -1.713471
423 424 0.034479
423 433 0.118745
423 523 0.035936
424 425 -0.829605
424 434 -1.144930
424 524 0.596046
425 426 0.675347
425 435 1.301399
425 525 0.508079
426 427 0.327010
426 436 -0.316834
426 526 -0.987306
427 428 -1.006298
427 437 0.817314
427 527 -1.394976
428 429 0.491636
428 438 0.705608
428 528 0.390102
429 420 0.398275
429 439 -1.035588
429 529 0.762113
430 431 0.506247
430 440 0.010304
430 530 1.296776
431 432 -1.020906
431 441 0.611916
431 531 0.810460
432 433 -0.765772
432 442 0.219718
432 532 -0.441706
433 434 0.525724
433 443 1.049411
433 533 -0.803938
434 435 1.054237
434 444 -1.086295
434 534 1.471637
435 436 -0.041960
435 445 -1.817573
435 535 -0.104808
436 437 -1.221879
436 446 0.649032
436 536 1.052345
437 438 0.027982
437 447 0.042079
437 537 0.789943
438 439 1.085224
438 448 0.283239
438 538 1.588331
439 430 0.534412
439 449 -0.511342
439 539 -1.416214
440 441 0.341541
440 450 -0.529323
440 540 -0.160367
441 442 0.926175
441 451 -0.032414
441 541 -1.290055
442 443 -0.369293
442 452 -0.921613
442 542 -0.846196
443 444 0.326304
443 453 -1.321773
443 543 -1.003842
444 445 1.513859
444 454 -0.408561
444 544 0.771773
445 446 0.701732
445 455 -0.152004
445 545 -0.504512
446 447 -1.377956
446 456 -2.167895
446 546 0.104570
447 448 0.242821
447 457 0.150039
447 547 -0.706067
448 449 -1.355958
448 458 -0.451007
448 548 0.655046
449 440 0.803789
449 459 -0.035578
449 549 0.039686
450 451 0.033340
450 460 -0.560835
450 550 -0.869334
451 452 1.810952
451 461 0.819216
451 551 -2.248714
452 453 -0.574948
452 462 -0.910777
452 552 0.243982
453 454 -1.869975
453 463 -1.668672
453 553 -0.435990
454 455 0.548954
454 464 0.389562
454 554 0.931686
455 456 0.016869
455 465 -0.185512
455 555 0.058705
456 457 -0.658070
456 466 -0.471665
456 556 -1.317108
457 458 -1.755278
457 467 0.653011
457 557 0.770229
458 459 -1.300920
458 468 -0.816571
458 558 1.540779
459 450 -0.195172
459 469 0.734518
459 559 -0.736457
460 461 -0.288389
460 470 1.793912
460 560 0.501852
461 462 -0.134110
461 471 1.179925
461 561 0.148237
462 463 -1.789712
462 472 -2.095065
462 562 0.181211
463 464 0.606730
463 473 -0.872959
463 563 -0.626827
464 465 0.127882
464 474 0.175422
464 564 -0.656404
465 466 2.232522
465 475 1.407191
465 565 1.537955
466 467 -1.247779
466 476 -1.010671
466 566 -0.746303
467 468 1.055846
467 477 -0.183773
467 567 0.651924
468 469 -0.784809
468 478 -1.631408
468 568 -0.848894
469 460 0.428455
469 479 -0.474176
469 569 -2.008406
470 471 0.275346
470 480 0.496415
470 570 -0.821420
471 472 0.186859
471 481 -0.537461
471 571 -0.737928
472 473 2.040910
472 482 1.232177
472 572 1.253051
473 474 1.750486
473 483 1.240488
473 573 -1.114620
474 475 0.441298
474 484 -0.687303
474 574 -0.292068
475 476 0.172649
475 485 -1.082037
475 575 -2.137307
476 477 1.460312
476 486 -1.275118
476 576 1.199567
477 478 0.377379
477 487 -1.246592
477 577 -2.106737
478 479 1.131123
478 488 -1.520556
478 578 -0.375743
479 470 -1.404006
479 489 1.194727
479 579 -0.240100
480 481 0.003252
480 490 -0.150391
480 580 1.768088
481 482 -1.013170
481 491 0.234669
481 581 -0.495517
482 483 0.270409
482 492 1.450267
482 582 1.171801
483 484 1.175362
483 493 -0.498109
483 583 -0.567831
484 485 0.562633
484 494 0.654532
484 584 -0.214487
485 486 0.878535
485 495 0.376960
485 585 0.127179
486 487 0.069403
486 496 1.915907
486 586 0.402686
487 488 -1.361650
487 497 0.130673
487 587 -1.659592
488 489 -0.507935
488 498 0.699806
488 588 -2.932089
489 480 0.868812
489 499 -1.952644
489 589 0.206173
490 491 0.110188
490 400 0.813701
490 590 1.526950
491 492 -0.224049
491 401 0.514195
491 591 1.045318
492 493 -1.145563
492 402 0.379963
492 592 -0.364077
493 494 -0.948566
493 403 -0.007307
493 593 0.675192
494 495 -1.257396
494 404 -0.077972
494 594 1.514081
495 496 0.412499
495 405 -0.367848
495 595 -0.181457
496 497 -0.933186
496 406 -0.848973
496 596 -0.570207
497 498 -1.679631
497 407 -1.198795
497 597 0.561204
498 499 -0.690205
498 408 -1.516305
498 598 -0.685640
499 490 -1.204467
499 409 0.089896
499 599 -1.566608
500 501 -0.591809
500 510 -1.119529
500 600 1.236725
501 502 -0.186164
501 511 2.053376
501 601 0.026987
502 503 1.323089
502 512 0.937600
502 602 -0.174359
503 504 0.247703
503 513 -1.753112
503 603 -0.563028
504 505 -1.065826
504 514 -0.560878
504 604 0.564032
505 506 -1.251273
505 515 1.304067
505 605 0.363285
506 507 0.146754
506 516 0.019919
506 606 1.069412
507 508 -0.146269
507 517 -0.047116
507 607 1.339373
508 509 0.058223
508 518 1.313876
508 608 0.386363
509 500 -1.423764
509 519 1.736582
509 609 -0.012535
510 511 -1.322918
510 520 0.001697
510 610 -0.529835
511 512 1.422150
511 521 -0.380636
511 611 0.124320
512 513 0.826540
512 522 1.140884
512 612 0.222628
513 514 0.045087
513 523 0.678315
513 613 1.484416
514 515 0.483137
514 524 -0.610785
514 614 -0.896389
515 516 -0.705709
515 525 0.218193
515 615 1.192935
516 517 0.058520
516 526 0.168883
516 616 -0.484843
517 518 -0.537634
517 527 3.000500
517 617 0.355342
518 519 0.459554
518 528 -0.297211
518 618 2.625997
519 510 1.260098
519 529 0.450159
519 619 1.980899
520 521 0.561240
520 530 1.552428
520 620 0.583840
521 522 -0.243283
521 531 -0.817939
521 621 0.775930
522 523 -0.506800
522 532 0.017820
522 622 0.253158
523 524 -0.468021
523 533 0.399915
523 623 0.343642
524 525 0.153152
524 534 -0.185110
524 624 -0.996049
525 526 -1.730609
525 535 1.124203
525 625 -0.338454
526 527 -0.008689
526 536 0.944669
526 626 -0.847359
527 528 -2.622975
527 537 0.645664
527 627 0.839360
528 529 1.469025
528 538 -1.032546
528 628 -0.491480
529 520 -0.572926
529 539 1.518500
529 629 -1.846372
530 531 0.374530
530 540 0.442679
530 630 1.661764
531 532 0.514650
531 541 -0.493264
531 631 -1.063353
532 533 -0.014690
532 542 -0.984833
532 632 -1.519430
533 534 -0.081591
533 543 -0.634611
533 633 -0.659828
534 535 -0.371312
534 544 -1.719966
534 634 0.087810
535 536 1.064070
535 545 -1.299002
535 635 0.835104
536 537 -0.281001
536 546 0.489546
536 636 -0.327221
537 538 1.071894
537 547 -1.477879
537 637 -2.229457
538 539 -1.519916
538 548 0.052371
538 638 0.458947
539 530 0.005346
539 549 -0.139719
539 639 -0.653387
540 541 -0.370232
540 550 0.023559
540 640 1.760406
541 542 -1.569359
541 551 0.465742
541 641 -3.443516
542 543 0.864359
542 552 0.623811
542 642 -1.610888
543 544 -0.222160
543 553 0.334334
543 643 -1.245047
544 545 -0.804252
544 554 -0.084095
544 644 -1.694509
545 546 -0.013890
545 555 1.249544
545 645 0.484679
546 547 0.755508
546 556 -2.210052
546 646 -0.147443
547 548 0.061835
547 557 -1.640387
547 647 -0.180512
548 549 -0.458484
548 558 -2.505832
548 648 -1.731614
549 540 0.974525
549 559 0.583899
549 649 0.121000
550 551 0.158047
550 560 0.157261
550 650 -0.097862
551 552 0.586249
551 561 -1.104578
551 651 -0.768847
552 553 -0.295042
552 562 -0.095270
552 652 -0.408259
553 554 0.050898
553 563 1.819555
553 653 0.722896
554 555 0.950122
554 564 -0.642181
554 654 1.452042
555 556 -0.773176
555 565 -0.346832
555 655 1.648826
556 557 -0.548340
556 566 -0.275550
556 656 1.859525
557 558 1.823899
557 567 -1.372387
557 657 -0.487219
558 559 0.851588
558 568 -0.245695
558 658 0.089956
559 550 0.634559
559 569 -0.954843
559 659 0.155900
560 561 1.051297
560 570 0.030779
560 660 2.704952
561 562 -0.487845
561 571 -0.498042
561 661 -0.590565
562 563 0.141310
562 572 1.006053
562 662 2.453839
563 564 0.214683
563 573 0.984030
563 663 0.391383
564 565 -0.242000
564 574 0.728059
564 664 -0.912729
565 566 0.455760
565 575 -0.832752
565 665 -0.402145
566 567 -0.396708
566 576 1.487471
566 666 -1.733124
567 568 1.918660
567 577 -1.331431
567 667 -0.855913
568 569 -0.868731
568 578 -0.548415
568 668 1.893620
569 560 -0.235866
569 579 0.024666
569 669 -0.456983
570 571 1.478320
570 580 -0.149803
570 670 -0.462671
571 572 -1.824698
571 581 0.454507
571 671 -0.690856
572 573 -1.215650
572 582 0.541875
572 672 -1.218612
573 574 0.227663
573 583 1.608466
573 673 1.334614
574 575 0.051549
574 584 -0.755087
574 674 0.975686
575 576 0.752634
575 585 0.039673
575 675 1.020782
576 577 1.485026
576 586 1.052660
576 676 -1.219488
577 578 -1.093523
577 587 1.841547
577 677 0.446968
578 579 0.968946
578 588 1.584501
578 678 -0.987989
579 570 -1.043870
579 589 1.455223
579 679 -0.622278
580 581 0.664933
580 590 0.255440
580 680 0.101238
581 582 -1.114319
581 591 0.955410
581 681 -0.156272
582 583 -0.491843
582 592 -0.460983
582 682 0.489472
583 584 1.313078
583 593 -0.738698
583 683 0.264182
584 585 0.060397
584 594 -0.348024
584 684 -1.993588
585 586 -0.300231
585 595 -1.010493
585 685 0.795952
586 587 1.055888
586 596 -0.002068
586 686 1.296490
587 588 -0.435020
587 597 -0.825626
587 687 -0.595575
588 589 1.907511
588 598 -0.951429
588 688 -0.481169
589 580 0.900624
589 599 -0.041377
589 689 -0.770031
590 591 0.593084
590 500 -0.963485
590 690 -0.226241
591 592 -0.586736
591 501 -0.828255
591 691 -1.601897
592 593 -1.287214
592 502 -0.687175
592 692 0.314224
593 594 0.414535
593 503 0.710907
593 693 0.444616
594 595 -0.820858
594 504 -0.940770
594 694 -1.918340
595 596 0.042250
595 505 -0.789279
595 695 1.556677
596 597 1.265952
596 506 0.289174
596 696 -0.322529
597 598 -0.996329
597 507 -0.162089
597 697 -2.587786
598 599 0.311388
598 508 -1.225341
598 698 1.662172
599 590 1.479454
599 509 1.131540
599 699 -1.340613
600 601 -0.095009
600 610 -0.191719
600 700 -0.102855
601 602 -0.669118
601 611 0.286474
601 701 1.410218
602 603 -1.481047
602 612 1.034316
602 702 0.511333
603 604 0.469630
603 613 0.578239
603 703 0.786601
604 605 0.163757
604 614 1.897538
604 704 -0.785734
605 606 -1.796761
605 615 -0.260366
605 705 -0.851746
606 607 2.146925
606 616 0.341332
606 706 0.461536
607 608 1.793544
607 617 0.522072
607 707 1.121784
608 609 1.808046
608 618 -0.699766
608 708 -0.738590
609 600 0.918282
609 619 -0.237001
609 709 0.404999
610 611 0.304467
610 620 -0.519180
610 710 -1.940830
611 612 -0.335321
611 621 -0.992731
611 711 0.665764
612 613 -1.189377
612 622 -0.615554
612 712 -1.626869
613 614 -1.101860
613 623 -0.641469
613 713 0.733817
614 615 0.434283
614 624 -0.069201
614 714 0.913876
615 616 0.640932
615 625 0.293856
615 715 1.653175
616 617 0.663049
616 626 1.376204
616 716 0.216837
617 618 0.944842
617 627 -0.344736
617 717 1.653865
618 619 0.507839
618 628 2.240923
618 718 0.853726
619 610 -0.403157
619 629 -0.784766
619 719 -0.551184
620 621 0.985157
620 630 0.129084
620 720 -1.431230
621 622 -0.496594
621 631 0.257086
621 721 1.213323
622 623 -0.949905
622 632 1.131186
622 722 1.049178
623 624 -0.868580
623 633 0.294014
623 723 0.230519
624 625 -1.422626
624 634 0.266454
624 724 0.587857
625 626 -2.445125
625 635 0.218935
625 725 0.362888
626 627 0.155680
626 636 -0.239188
626 726 2.061406
627 628 0.315931
627 637 -1.679586
627 727 -0.998723
628 629 -0.208434
628 638 0.442848
628 728 0.584624
629 620 0.441539
629 639 -1.048509
629 729 -0.461521
630 631 -0.692246
630 640 -1.830038
630 730 -0.462059
631 632 -0.973520
631 641 -0.490745
631 731 -0.043208
632 633 -0.737315
632 642 1.055414
632 732 -0.983205
633 634 2.110521
633 643 -1.352108
633 733 0.051298
634 635 -0.190273
634 644 0.847709
634 734 -1.491501
635 636 -0.833737
635 645 0.114290
635 735 0.307325
636 637 -1.052993
636 646 -0.226774
636 736 -0.159093
637 638 -0.442002
637 647 0.778375
637 737 0.107249
638 639 0.764119
638 648 0.940812
638 738 -0.399640
639 630 1.041925
639 649 0.682940
639 739 -1.103535
640 641 -0.629930
640 650 0.289163
640 740 1.385606
641 642 -0.792401
641 651 1.721777
641 741 -0.258791
642 643 0.270607
642 652 -0.382596
642 742 -0.543707
643 644 -1.178994
643 653 -0.738036
643 743 -0.067791
644 645 -0.218088
644 654 1.783766
644 744 0.795203
645 646 -0.645158
645 655 0.352121
645 745 -0.314735
646 647 0.729385
646 656 1.366236
646 746 -1.371251
647 648 -0.504128
647 657 0.772598
647 747 1.287444
648 649 0.331431
648 658 0.701699
648 748 -1.273415
649 640 1.195882
649 659 -2.062420
649 749 0.902197
650 651 0.699889
650 660 -0.261281
650 750 -0.862854
651 652 -0.986635
651 661 0.212948
651 751 1.239547
652 653 0.299566
652 662 0.594986
652 752 0.516003
653 654 0.960475
653 663 0.053633
653 753 0.188694
654 655 -1.127559
654 664 0.772603
654 754 -0.143647
655 656 1.172589
655 665 0.943834
655 755 -0.866444
656 657 -0.892795
656 666 0.287034
656 756 -0.258659
657 658 -0.037199
657 667 0.100167
657 757 0.755804
658 659 1.349248
658 668 -0.293101
658 758 0.180936
659 650 0.328021
659 669 -0.526606
659 759 -0.020708
660 661 0.553393
660 670 -0.019281
660 760 0.348848
661 662 -0.153541
661 671 -0.106729
661 761 0.126480
662 663 -0.798103
662 672 -0.092570
662 762 -0.957934
663 664 -1.172094
663 673 -0.167418
663 763 -1.493002
664 665 -0.684449
664 674 2.272539
664 764 -2.005332
665 666 -0.630127
665 675 0.717980
665 765 -0.440923
666 667 -0.140852
666 676 1.078174
666 766 0.209570
667 668 -0.474095
667 677 -0.792195
667 767 0.820472
668 669 -1.196198
668 678 -2.114234
668 768 0.341903
669 660 0.484934
669 679 0.491753
669 769 -1.020726
670 671 -0.340613
670 680 -0.536972
670 770 2.498791
671 672 0.578856
671 681 -0.904692
671 771 0.437643
672 673 0.238032
672 682 1.207705
672 772 0.845332
673 674 0.424948
673 683 0.274221
673 773 0.346000
674 675 -0.363217
674 684 0.041430
674 774 0.360696
675 676 0.865860
675 685 0.398574
675 775 -1.020445
676 677 0.229767
676 686 -0.068379
676 776 -1.529818
677 678 0.793238
677 687 -0.242185
677 777 0.969281
678 679 -0.330750
678 688 1.293084
678 778 0.492118
679 670 0.762076
679 689 0.417995
679 779 2.527713
680 681 -0.507262
680 690 0.850133
680 780 -1.106079
681 682 -0.799593
681 691 0.303536
681 781 -2.415419
682 683 0.154235
682 692 0.045743
682 782 -1.409830
683 684 -0.841090
683 693 -1.318279
683 783 0.252752
684 685 1.469261
684 694 -0.187103
684 784 -0.614319
685 686 -0.180287
685 695 0.197248
685 785 2.375500
686 687 -1.176392
686 696 1.029765
686 786 0.153730
687 688 -1.205984
687 697 0.529835
687 787 1.731600
688 689 -1.989823
688 698 -0.696077
688 788 0.827670
689 680 2.183862
689 699 -0.282802
689 789 1.410669
690 691 1.092656
690 600 -0.484701
690 790 -0.414720
691 692 1.413808
691 601 0.267821
691 791 -1.317189
692 693 -2.076751
692 602 0.062864
692 792 -0.531648
693 694 -0.673808
693 603 -0.959665
693 793 -0.771383
694 695 -0.772034
694 604 -0.004252
694 794 -1.564900
695 696 0.733795
695 605 1.463478
695 795 0.377991
696 697 0.183430
696 606 1.552297
696 796 0.497847
697 698 -0.896006
697 607 2.129533
697 797 0.330149
698 699 0.702662
698 608 2.499264
698 798 -0.189901
699 690 -0.529675
699 609 -0.094010
699 799 -0.508717
700 701 -0.938147
700 710 -1.114090
700 800 1.844691
701 702 1.436038
701 711 0.737828
701 801 1.900200
702 703 -1.416636
702 712 1.197823
702 802 0.007906
703 704 0.164057
703 713 -1.488557
703 803 0.458263
704 705 -1.426506
704 714 -0.181287
704 804 0.799777
705 706 -1.367538
705 715 0.745523
705 805 1.105767
706 707 0.772783
706 716 0.499772
706 806 0.545233
707 708 1.191646
707 717 -0.326517
707 807 -0.629117
708 709 1.305964
708 718 0.772864
708 808 0.401698
709 700 1.255375
709 719 1.145812
709 809 -1.317491
710 711 -1.185237
710 720 -0.760719
710 810 -0.173569
711 712 0.247331
711 721 0.213080
711 811 1.352381
712 713 -0.112685
712 722 -0.874803
712 812 -1.438628
713 714 -0.396525
713 723 -0.471189
713 813 1.407279
714 715 -0.626760
714 724 -1.286952
714 814 -0.134613
715 716 -1.094395
715 725 0.334184
715 815 -1.169446
716 717 -0.146337
716 726 0.738902
716 816 0.652002
717 718 1.037982
717 727 -0.931181
717 817 0.663439
718 719 0.019513
718 728 0.110626
718 818 0.688780
719 710 0.885771
719 729 3.220264
719 819 0.543224
720 721 1.129991
720 730 -0.645912
720 820 0.675731
721 722 -1.548419
721 731 0.241244
721 821 0.073368
722 723 0.330179
722 732 -0.061474
722 822 -0.751341
723 724 -1.299057
723 733 -0.431556
723 823 -1.406026
724 725 -0.665923
724 734 -0.307534
724 824 1.217509
725 726 -0.013300
725 735 0.225123
725 825 -0.427490
726 727 -0.265738
726 736 -0.036221
726 826 -1.053912
727 728 -0.459249
727 737 -1.146003
727 827 0.501299
728 729 -0.312709
728 738 -1.232305
728 828 1.399237
729 720 -0.285268
729 739 -0.818995
729 829 -0.590462
730 731 -0.754669
730 740 -1.239193
730 830 1.210961
731 732 -0.956529
731 741 0.586524
731 831 -0.770267
732 733 0.994610
732 742 1.121748
732 832 -1.331241
733 734 -1.544229
733 743 -0.351706
733 833 -0.355053
734 735 1.107564
734 744 0.687862
734 834 -1.294932
735 736 0.380931
735 745 1.361085
735 835 -0.592612
736 737 0.341181
736 746 -0.196243
736 836 -0.324827
737 738 -0.432675
737 747 0.112439
737 837 -0.317235
738 739 -0.104228
738 748 0.107092
738 838 -0.027659
739 730 -0.849610
739 749 -0.162587
739 839 0.572279
740 741 1.265736
740 750 -0.488740
740 840 -1.339149
741 742 -0.352038
741 751 0.788389
741 841 -0.293700
742 743 0.802002
742 752 0.196400
742 842 -0.969530
743 744 -0.163887
743 753 0.102133
743 843 1.105475
744 745 1.133910
744 754 0.816383
744 844 0.678904
745 746 -0.462773
745 755 1.787156
745 845 -0.954238
746 747 -0.878015
746 756 -0.897970
746 846 0.944456
747 748 0.472057
747 757 -0.254830
747 847 -0.322883
748 749 -1.193829
748 758 1.772721
748 848 0.259539
749 740 -0.057904
749 759 0.708193
749 849 -0.206282
750 751 -0.334849
750 760 -1.068300
750 850 2.061578
751 752 -0.186348
751 761 -0.080753
751 851 -0.254122
752 753 -0.374630
752 762 -0.512020
752 852 0.555728
753 754 -1.476462
753 763 1.562705
753 853 -0.896179
754 755 0.841383
754 764 -1.212796
754 854 -2.072197
755 756 -0.725285
755 765 0.810933
755 855 -0.565380
756 757 -0.092543
756 766 0.376831
756 856 0.258616
757 758 0.303402
757 767 0.224076
757 857 0.570349
758 759 -0.723577
758 768 0.360504
758 858 -0.408332
759 750 2.527358
759 769 0.268827
759 859 0.016731
760 761 -0.223866
760 770 0.219997
760 860 0.396582
761 762 -0.663222
761 771 -0.749529
761 861 -1.298809
762 763 0.375132
762 772 0.171353
762 862 -0.110316
763 764 1.142936
763 773 1.588461
763 863 -0.541620
764 765 2.220663
764 774 -0.606451
764 864 -1.123374
765 766 -0.560447
765 775 0.775076
765 865 0.597463
766 767 1.798858
766 776 2.662111
766 866 -0.869271
767 768 1.365553
767 777 0.558644
767 867 -0.316694
768 769 0.232218
768 778 0.565178
768 868 -0.021991
769 760 -0.421803
769 779 0.402271
769 869 1.812472
770 771 1.098790
770 780 -0.691093
770 870 -0.283699
771 772 0.025553
771 781 0.359886
771 871 -0.113745
772 773 -0.505824
772 782 2.168230
772 872 -1.999090
773 774 -0.244412
773 783 -1.734175
773 873 -0.849369
774 775 0.186778
774 784 1.074857
774 874 -0.496329
775 776 1.025491
775 785 0.270374
775 875 0.948449
776 777 1.036164
776 786 1.364719
776 876 0.750715
777 778 1.417122
777 787 -1.776033
777 877 0.510352
778 779 1.740040
778 788 0.337312
778 878 -0.753249
779 770 0.452666
779 789 0.283570
779 879 -0.836597
780 781 0.837060
780 790 1.621283
780 880 0.944512
781 782 -1.681480
781 791 0.617331
781 881 -0.652000
782 783 0.476466
782 792 0.173780
782 882 -0.960796
783 784 -1.387577
783 793 -0.078355
783 883 0.188787
784 785 0.595371
784 794 -1.207629
784 884 0.146486
785 786 0.086758
785 795 0.464121
785 885 0.408000
786 787 1.574562
786 796 0.274688
786 886 -0.726522
787 788 1.484905
787 797 -0.113312
787 887 -0.144829
788 789 -1.576105
788 798 -0.574042
788 888 -0.128214
789 780 -0.403489
789 799 -1.168702
789 889 -1.251348
790 791 -0.848640
790 700 -0.528093
790 890 0.500123
791 792 -0.445207
791 701 0.858381
791 891 0.460598
792 793 1.777928
792 702 0.321524
792 892 -0.033420
793 794 -0.245877
793 703 -0.872762
793 893 0.904790
794 795 -0.330851
794 704 -0.676011
794 894 0.735266
795 796 0.183714
795 705 -0.980034
795 895 0.190664
796 797 0.112359
796 706 0.662521
796 896 0.198196
797 798 -0.438669
797 707 0.466299
797 897 -0.506420
798 799 1.387581
798 708 -0.953771
798 898 -1.705112
799 790 -0.288512
799 709 -0.657333
799 899 -1.164753
800 801 -0.221565
800 810 0.366538
800 900 0.203842
801 802 -0.567036
801 811 -0.082305
801 901 -0.095094
802 803 -1.082203
802 812 -0.857299
802 902 -0.120118
803 804 0.214762
803 813 0.499582
803 903 0.801769
804 805 -0.016962
804 814 -0.460160
804 904 0.154423
805 806 -0.836091
805 815 -0.491317
805 905 -0.397828
806 807 1.577031
806 816 1.767438
806 906 -0.557717
807 808 -2.453167
807 817 0.801340
807 907 0.462285
808 809 -1.149229
808 818 0.035699
808 908 1.572750
809 800 -0.994549
809 819 1.207080
809 909 -1.074337
810 811 -1.116784
810 820 -1.153570
810 910 0.461934
811 812 -0.405385
811 821 1.007725
811 911 -1.627426
812 813 -1.905828
812 822 1.659649
812 912 -0.192417
813 814 1.357628
813 823 0.184093
813 913 0.083383
814 815 -1.251376
814 824 2.540178
814 914 -0.533473
815 816 0.857188
815 825 -1.604270
815 915 0.750979
816 817 0.238767
816 826 -1.372445
816 916 -1.014745
817 818 -1.018923
817 827 -0.753336
817 917 -0.692175
818 819 2.380768
818 828 -0.050077
818 918 1.260662
819 810 -1.129883
819 829 0.308342
819 919 1.151521
820 821 0.551677
820 830 -0.618394
820 920 0.017211
821 822 -0.234708
821 831 -0.604501
821 921 0.073498
822 823 1.122447
822 832 0.986164
822 922 -2.298311
823 824 -0.486993
823 833 -1.318566
823 923 1.540209
824 825 0.302044
824 834 -1.335259
824 924 2.204299
825 826 -0.146314
825 835 -0.430199
825 925 0.948084
826 827 1.175660
826 836 0.239977
826 926 -0.761147
827 828 -0.181476
827 837 -0.983442
827 927 0.841797
828 829 -0.354577
828 838 -0.507367
828 928 1.194317
829 820 1.573241
829 839 -0.775981
829 929 1.909827
830 831 0.933211
830 840 1.135358
830 930 1.171935
831 832 -0.442237
831 841 0.532752
831 931 -0.766836
832 833 0.651134
832 842 -0.581033
832 932 -0.359540
833 834 -0.466317
833 843 1.015317
833 933 0.362125
834 835 -0.366033
834 844 0.565768
834 934 0.082803
835 836 0.398675
835 845 0.079816
835 935 -0.421818
836 837 1.021075
836 846 0.506169
836 936 -2.332587
837 838 -0.260863
837 847 -1.038174
837 937 -1.242473
838 839 0.115279
838 848 0.497709
838 938 0.076062
839 830 0.546388
839 849 0.416975
839 939 0.009685
840 841 0.298998
840 850 0.669902
840 940 0.325077
841 842 0.018032
841 851 -0.634479
841 941 0.625036
842 843 1.395493
842 852 -0.112114
842 942 1.234863
843 844 -1.308901
843 853 1.753218
843 943 -0.799261
844 845 -0.774524
844 854 0.645097
844 944 -0.996986
845 846 0.057297
845 855 -0.529163
845 945 -1.156723
846 847 -1.333654
846 856 0.219697
846 946 0.994076
847 848 0.151349
847 857 -1.917214
847 947 -0.722381
848 849 -0.060857
848 858 -1.155320
848 948 -0.299537
849 840 -0.371688
849 859 1.643190
849 949 -1.712582
850 851 0.327933
850 860 -0.402461
850 950 2.595560
851 852 -1.399329
851 861 0.382278
851 951 0.165232
852 853 -0.830745
852 862 0.147241
852 952 1.283391
853 854 1.625526
853 863 0.488987
853 953 -0.992197
854 855 -0.167887
854 864 -0.002204
854 954 0.706867
855 856 -1.504772
855 865 0.142196
855 955 0.765092
856 857 0.486596
856 866 1.260046
856 956 0.268327
857 858 -1.214575
857 867 -0.377044
857 957 -1.686084
858 859 2.261285
858 868 0.607024
858 958 1.344271
859 850 -0.987820
859 869 -0.177033
859 959 -0.135659
860 861 1.263159
860 870 -0.868771
860 960 -1.265660
861 862 0.755648
861 871 1.166869
861 961 -0.392597
862 863 0.326331
862 872 1.032493
862 962 -0.902243
863 864 0.766802
863 873 1.073286
863 963 0.484813
864 865 0.388998
864 874 0.424194
864 964 -0.702304
865 866 -0.860105
865 875 -0.570817
865 965 1.689616
866 867 0.101864
866 876 -1.014629
866 966 2.928428
867 868 0.965677
867 877 -0.744382
867 967 -0.874482
868 869 1.080688
868 878 0.792070
868 968 -2.424902
869 860 -0.931275
869 879 -0.131679
869 969 -1.620980
870 871 0.859626
870 880 -0.102153
870 970 -0.802520
871 872 -0.953908
871 881 -0.589770
871 971 0.542138
872 873 0.152722
872 882 -2.227965
872 972 -1.006148
873 874 -0.604706
873 883 -0.986616
873 973 -0.591650
874 875 -0.507573
874 884 0.034842
874 974 0.485672
875 876 0.007934
875 885 0.432527
875 975 -0.440324
876 877 -0.207591
876 886 -0.869775
876 976 -1.364621
877 878 0.729697
877 887 -2.239872
877 977 0.057544
878 879 0.237391
878 888 0.087590
878 978 0.822249
879 870 -1.252173
879 889 -0.619945
879 979 -1.006079
880 881 0.793943
880 890 0.227797
880 980 0.743660
881 882 -0.234780
881 891 -2.053159
881 981 0.464650
882 883 -1.051065
882 892 1.282762
882 982 0.859417
883 884 1.349896
883 893 -0.052095
883 983 0.923014
884 885 0.038220
884 894 -0.704837
884 984 0.598259
885 886 -1.822874
885 895 -0.726327
885 985 0.489655
886 887 0.151513
886 896 -0.116600
886 986 -0.237103
887 888 -1.155235
887 897 -1.449319
887 987 1.109406
888 889 -0.111163
888 898 -1.344183
888 988 -0.137394
889 880 -1.427743
889 899 1.819910
889 989 1.080276
890 891 -0.090808
890 800 -2.126236
890 990 0.250451
891 892 0.217035
891 801 0.450262
891 991 1.367198
892 893 1.372982
892 802 0.565064
892 992 0.116344
893 894 -1.553118
893 803 0.226015
893 993 0.601273
894 895 1.032896
894 804 0.615958
894 994 -1.606064
895 896 -0.362960
895 805 -1.492953
895 995 0.770945
896 897 1.100150
896 806 -2.175278
896 996 -0.134092
897 898 -0.208193
897 807 -0.070793
897 997 -1.156511
898 899 1.885142
898 808 -0.785712
898 998 1.861374
899 890 0.385063
899 809 -0.187977
899 999 -1.712120
900 901 1.947869
900 910 0.807516
900 0 -0.703926
901 902 0.167512
901 911 -0.229633
901 1 0.744805
902 903 1.418186
902 912 -0.956375
902 2 0.862670
903 904 0.162642
903 913 0.687086
903 3 -0.060157
904 905 -0.541235
904 914 -0.815507
904 4 0.847843
905 906 -0.689779
905 915 -1.446838
905 5 0.155331
906 907 -0.310114
906 916 -0.273944
906 6 -1.236808
907 908 -0.714995
907 917 -0.991641
907 7 0.017746
908 909 1.353259
908 918 -1.219750
908 8 -0.997710
909 900 -1.312578
909 919 -0.407730
909 9 0.610596
910 911 -0.236089
910 920 -0.608731
910 10 0.714322
911 912 0.257855
911 921 -1.244748
911 11 -0.411298
912 913 2.076615
912 922 -0.076226
912 12 1.597039
913 914 0.498775
913 923 0.552144
913 13 -0.849472
914 915 0.377308
914 924 1.542036
914 14 -1.451516
915 916 -0.061336
915 925 -0.805300
915 15 1.028017
916 917 0.486462
916 926 -0.220291
916 16 -1.323198
917 918 -0.410176
917 927 -0.395987
917 17 0.013772
918 919 0.417799
918 928 0.611804
918 18 1.082557
919 910 -0.499671
919 929 0.623135
919 19 0.779112
920 921 0.032768
920 930 -0.691666
920 20 -0.316657
921 922 -0.343136
921 931 -0.347986
921 21 -0.749738
922 923 -1.123781
922 932 2.848171
922 22 -0.211406
923 924 0.059036
923 933 -1.632917
923 23 1.686967
924 925 0.905051
924 934 0.125472
924 24 1.895277
925 926 -0.981604
925 935 0.734923
925 25 1.394835
926 927 2.564130
926 936 -0.776531
926 26 1.597852
927 928 -2.973538
927 937 -1.785537
927 27 -1.510480
928 929 -0.665555
928 938 -0.773220
928 28 -1.368244
929 920 0.162074
929 939 0.259520
929 29 0.942031
930 931 -0.986528
930 940 0.197219
930 30 -0.007973
931 932 0.360979
931 941 0.363725
931 31 -0.655355
932 933 -2.447703
932 942 -0.158120
932 32 0.024984
933 934 1.305979
933 943 -0.680172
933 33 0.849305
934 935 0.398242
934 944 -0.345035
934 34 0.012959
935 936 -0.120874
935 945 1.263181
935 35 -1.725716
936 937 -1.706446
936 946 0.152579
936 36 0.338650
937 938 -1.886098
937 947 -0.724561
937 37 -0.424077
938 939 0.802092
938 948 0.222634
938 38 1.002644
939 930 0.760148
939 949 1.947378
939 39 -1.651598
940 941 -1.039978
940 950 -3.097628
940 40 -0.758408
941 942 -1.037671
941 951 0.358350
941 41 -0.891645
942 943 2.002063
942 952 -0.244170
942 42 0.887982
943 944 -0.190650
943 953 -1.084071
943 43 0.614900
944 945 -0.182514
944 954 0.033663
944 44 -1.518913
945 946 -0.552081
945 955 0.810687
945 45 -0.548008
946 947 -0.451772
946 956 0.134074
946 46 -0.424318
947 948 -0.593925
947 957 -0.055130
947 47 0.407684
948 949 0.583030
948 958 -1.256637
948 48 -0.930367
949 940 0.379959
949 959 -0.894498
949 49 0.489265
950 951 0.298328
950 960 1.567429
950 50 -0.872360
951 952 0.904733
951 961 0.082829
951 51 0.775597
952 953 -0.135297
952 962 0.961484
952 52 0.769346
953 954 -0.337713
953 963 0.181958
953 53 -0.154308
954 955 0.224550
954 964 -0.513635
954 54 -1.457547
955 956 0.826813
955 965 -1.547940
955 55 0.154628
956 957 1.448520
956 966 1.232616
956 56 0.322344
957 958 1.757536
957 967 1.145232
957 57 1.503312
958 959 -1.901757
958 968 -0.696693
958 58 1.391368
959 950 1.486026
959 969 0.653171
959 59 -1.883856
960 961 0.057250
960 970 0.228366
960 60 -1.649097
961 962 2.198365
961 971 2.028715
961 61 -0.078157
962 963 -0.427478
962 972 2.327794
962 62 -0.570175
963 964 -1.012306
963 973 -0.012651
963 63 -1.413936
964 965 -1.029319
964 974 -1.453640
964 64 0.064888
965 966 -0.253672
965 975 0.182691
965 65 -0.217972
966 967 -1.907192
966 976 -0.504610
966 66 0.087473
967 968 -0.047666
967 977 0.010082
967 67 1.309435
968 969 -2.376758
968 978 -0.159579
968 68 1.032796
969 960 -0.616994
969 979 0.297699
969 69 1.624916
970 971 -0.109159
970 980 1.429911
970 70 -0.712781
971 972 -0.224461
971 981 -1.286062
971 71 0.008583
972 973 -0.186126
972 982 -0.742878
972 72 -0.853869
973 974 0.218075
973 983 0.104604
973 73 0.688575
974 975 -0.087585
974 984 0.948916
974 74 -1.004222
975 976 2.439375
975 985 0.426241
975 75 1.198062
976 977 -0.587062
976 986 0.054922
976 76 1.676173
977 978 -0.975944
977 987 -0.476401
977 77 0.770764
978 979 -0.187584
978 988 0.237900
978 78 -0.814099
979 970 1.595714
979 989 -0.241825
979 79 0.220921
980 981 0.046613
980 990 0.362727
980 80 -0.492790
981 982 -0.516601
981 991 -0.903541
981 81 -1.529582
982 983 0.831927
982 992 -1.781617
982 82 -1.133810
983 984 -0.164141
983 993 0.477748
983 83 -1.031722
984 985 -0.610098
984 994 2.076575
984 84 -0.919259
985 986 0.965295
985 995 1.553862
985 85 1.914396
986 987 -2.917743
986 996 -0.930598
986 86 -0.331203
987 988 0.343069
987 997 0.207358
987 87 1.897400
988 989 0.089572
988 998 0.147078
988 88 -0.086772
989 980 0.742839
989 999 -0.809001
989 89 -1.655072
990 991 -1.554597
990 900 1.306831
990 90 -0.073895
991 992 -0.043322
991 901 0.104748
991 91 -1.212896
992 993 -0.332609
992 902 -1.296505
992 92 -0.910988
993 994 1.216757
993 903 0.608539
993 93 -0.078235
994 995 0.338869
994 904 -0.345068
994 94 0.246912
995 996 1.182757
995 905 -0.067088
995 95 1.843734
996 997 0.165191
996 906 -0.282697
996 96 1.306157
997 998 -2.196523
997 907 0.967148
997 97 0.148670
998 999 1.475643
998 908 -0.035983
998 98 0.516770
999 990 0.625583
999 909 -0.623286
999 99 -0.918808
