0 1 -0.959639
0 10 0.050428
0 100 -0.579103
1 2 0.627444
1 11 -0.285876
1 101 -1.445727
2 3 -0.798259
2 12 -0.660697
2 102 1.124468
3 4 -0.484026
3 13 0.893022
3 103 -2.269372
4 5 0.995582
4 14 -0.263813
4 104 0.617004
5 6 -0.403378
5 15 -0.795066
5 105 -0.157194
6 7 1.086605
6 16 -0.008886
6 106 -0.247426
7 8 0.211484
7 17 0.182485
7 107 0.373703
8 9 -1.023610
8 18 1.936952
8 108 -0.871373
9 0 -0.911025
9 19 -0.403998
9 109 0.164817
10 11 1.172306
10 20 0.087757
10 110 -1.120956
11 12 -0.313047
11 21 -0.781179
11 111 1.769105
12 13 -0.332000
12 22 0.906743
12 112 -0.090035
13 14 1.488552
13 23 0.943391
13 113 -0.086812
14 15 -1.347804
14 24 -1.507621
14 114 1.085558
15 16 -0.378915
15 25 -0.850572
15 115 -0.413438
16 17 -2.029805
16 26 1.862890
16 116 -0.880893
17 18 -0.969350
17 27 0.112948
17 117 -0.230519
18 19 0.957774
18 28 -0.221843
18 118 0.300333
19 10 1.466129
19 29 2.048165
19 119 -0.425311
20 21 1.992999
20 30 0.326287
20 120 0.994860
21 22 1.041401
21 31 0.085389
21 121 1.187462
22 23 -0.558796
22 32 -0.906716
22 122 -0.413649
23 24 -0.514660
23 33 0.193608
23 123 0.747334
24 25 -1.929333
24 34 1.085233
24 124 -0.691155
25 26 0.734045
25 35 -0.968457
25 125 -0.175668
26 27 -1.009792
26 36 -0.007021
26 126 0.224183
27 28 -1.153735
27 37 -0.927905
27 127 1.455236
28 29 -1.225401
28 38 0.355857
28 128 0.971987
29 20 -0.587644
29 39 1.270319
29 129 0.839520
30 31 -0.692961
30 40 -0.122557
30 130 -1.590008
31 32 0.559583
31 41 -1.432224
31 131 -1.514997
32 33 0.421901
32 42 -0.279240
32 132 0.803694
33 34 0.223248
33 43 -1.076667
33 133 -0.219049
34 35 -0.063949
34 44 1.704951
34 134 0.270463
35 36 0.282323
35 45 -0.208250
35 135 0.551356
36 37 -0.650589
36 46 0.596950
36 136 1.326026
37 38 -1.436892
37 47 1.598721
37 137 -0.149664
38 39 0.452703
38 48 1.121680
38 138 -0.327549
39 30 -2.007171
39 49 -2.452167
39 139 -1.367011
40 41 0.305314
40 50 1.184688
40 140 -0.698032
41 42 1.508322
41 51 -0.494918
41 141 -0.405846
42 43 -1.189467
42 52 1.101755
42 142 -1.479507
43 44 -3.173763
43 53 0.095943
43 143 1.259444
44 45 -0.468198
44 54 2.530916
44 144 -1.773095
45 46 -1.558986
45 55 -0.834602
45 145 -1.344238
46 47 -0.119432
46 56 -0.019560
46 146 -1.874292
47 48 0.678478
47 57 0.358271
47 147 -0.238957
48 49 -0.049123
48 58 -1.178468
48 148 -1.093732
49 40 -0.134608
49 59 -0.065436
49 149 0.697775
50 51 -0.638880
50 60 0.434445
50 150 0.394355
51 52 0.738797
51 61 -0.849367
51 151 2.329532
52 53 -2.082197
52 62 -2.451611
52 152 -0.272717
53 54 1.457897
53 63 0.676560
53 153 1.876148
54 55 0.934444
54 64 -0.329970
54 154 -1.646472
55 56 0.035298
55 65 -1.984549
55 155 -2.794522
56 57 1.780177
56 66 -0.298588
56 156 0.397132
57 58 -1.333920
57 67 0.890792
57 157 -0.664203
58 59 0.381012
58 68 -0.751462
58 158 1.360746
59 50 -1.499004
59 69 -1.120072
59 159 -0.088118
60 61 -0.114210
60 70 -0.293534
60 160 -0.229801
61 62 -1.401647
61 71 0.614703
61 161 -0.423913
62 63 0.908723
62 72 -0.310464
62 162 -0.162075
63 64 1.349561
63 73 0.367317
63 163 0.649175
64 65 -0.409926
64 74 -0.269100
64 164 0.969985
65 66 -1.226153
65 75 0.074793
65 165 0.910855
66 67 1.075352
66 76 0.675152
66 166 0.245016
67 68 -0.589940
67 77 0.356518
67 167 -0.499548
68 69 0.619451
68 78 0.363566
68 168 0.106059
69 60 -0.802395
69 79 1.009596
69 169 -0.809303
70 71 1.014422
70 80 -1.283947
70 170 -0.417213
71 72 0.107481
71 81 -0.788887
71 171 -0.378894
72 73 -1.327268
72 82 0.723166
72 172 -0.344933
73 74 -0.205670
73 83 -0.549796
73 173 -1.166379
74 75 -1.236440
74 84 -1.657861
74 174 0.954542
75 76 -0.545093
75 85 -0.714295
75 175 -0.995646
76 77 0.408941
76 86 0.765580
76 176 0.823794
77 78 1.003709
77 87 0.241574
77 177 0.766307
78 79 1.521551
78 88 -0.744395
78 178 1.401975
79 70 0.737666
79 89 -0.765147
79 179 1.073919
80 81 0.497364
80 90 0.046419
80 180 -1.202307
81 82 0.118629
81 91 0.780065
81 181 -0.121185
82 83 1.229915
82 92 1.001844
82 182 -0.166512
83 84 1.520034
83 93 0.357727
83 183 -0.330355
84 85 0.656815
84 94 0.169739
84 184 -0.477486
85 86 0.765065
85 95 0.480146
85 185 0.730301
86 87 -0.493592
86 96 -1.319145
86 186 -1.366355
87 88 -0.596679
87 97 1.361557
87 187 0.607869
88 89 -0.295610
88 98 -0.965421
88 188 0.270545
89 80 1.189565
89 99 1.426233
89 189 -1.100839
90 91 0.450201
90 0 0.251215
90 190 1.981057
91 92 -1.628626
91 1 -0.644377
91 191 0.051155
92 93 -1.420327
92 2 0.754417
92 192 1.224976
93 94 -1.013687
93 3 1.573627
93 193 0.641812
94 95 1.262663
94 4 -1.341107
94 194 0.819818
95 96 -1.322428
95 5 -0.285907
95 195 0.671839
96 97 0.491410
96 6 -1.742132
96 196 -0.018151
97 98 -0.944250
97 7 0.426880
97 197 -0.398568
98 99 0.728134
98 8 -1.171962
98 198 0.384215
99 90 -0.695117
99 9 1.204538
99 199 0.583745
100 101 -1.524609
100 110 0.855370
100 200 1.248613
101 102 -1.558344
101 111 0.030592
101 201 -1.263893
102 103 -0.831393
102 112 1.124846
102 202 0.234987
103 104 -0.488931
103 113 -1.046525
103 203 1.746676
104 105 1.005148
104 114 -0.223365
104 204 -0.493977
105 106 0.611793
105 115 -0.981528
105 205 -0.803175
106 107 -0.018302
106 116 0.242401
106 206 0.848348
107 108 -0.883189
107 117 -1.491815
107 207 0.248820
108 109 2.469405
108 118 -1.291186
108 208 1.049973
109 100 -0.302952
109 119 -2.384864
109 209 0.447171
110 111 0.451553
110 120 0.659164
110 210 -0.410967
111 112 -1.627124
111 121 -0.496109
111 211 0.987147
112 113 -1.473132
112 122 -1.497838
112 212 -0.244067
113 114 0.778517
113 123 -1.526082
113 213 -0.969251
114 115 0.050649
114 124 0.027755
114 214 -0.741783
115 116 0.792589
115 125 0.251048
115 215 -1.466543
116 117 0.708490
116 126 0.949573
116 216 -1.717829
117 118 -0.475391
117 127 -0.286036
117 217 -0.939254
118 119 -1.318427
118 128 1.096236
118 218 -0.470887
119 110 0.087808
119 129 0.520173
119 219 -0.205294
120 121 -0.533565
120 130 1.246069
120 220 0.217932
121 122 0.811905
121 131 -0.064406
121 221 -0.051531
122 123 -0.305471
122 132 0.882487
122 222 -0.058178
123 124 -0.536619
123 133 0.262895
123 223 0.101807
124 125 -0.403202
124 134 -2.196531
124 224 -0.131202
125 126 0.883019
125 135 1.287233
125 225 -0.108633
126 127 0.163134
126 136 1.457127
126 226 0.506221
127 128 -0.202765
127 137 -0.288087
127 227 -1.120932
128 129 0.512866
128 138 0.612230
128 228 0.060353
129 120 0.291956
129 139 -0.819183
129 229 0.452635
130 131 -0.030232
130 140 -0.548005
130 230 -1.148514
131 132 -0.438964
131 141 0.374897
131 231 -0.455928
132 133 0.315926
132 142 0.790391
132 232 0.563534
133 134 1.063529
133 143 -1.898937
133 233 -0.556437
134 135 1.139782
134 144 1.038360
134 234 -1.521602
135 136 0.437195
135 145 -0.381431
135 235 1.464387
136 137 -0.640975
136 146 -0.881633
136 236 0.533236
137 138 0.479157
137 147 0.569728
137 237 1.353407
138 139 0.273178
138 148 -0.027803
138 238 1.099656
139 130 -1.028757
139 149 0.221826
139 239 -0.930738
140 141 -0.970674
140 150 0.487745
140 240 -0.247952
141 142 0.944228
141 151 1.833449
141 241 -0.115339
142 143 -0.503450
142 152 -0.601860
142 242 -0.802336
143 144 -0.067089
143 153 1.100790
143 243 0.196542
144 145 -1.082060
144 154 0.924893
144 244 0.030010
145 146 1.766401
145 155 0.031216
145 245 0.886737
146 147 0.339142
146 156 1.047447
146 246 0.199616
147 148 -0.842865
147 157 -0.006897
147 247 -0.165144
148 149 0.995447
148 158 1.149678
148 248 0.157088
149 140 0.495140
149 159 0.015506
149 249 -1.241629
150 151 0.558970
150 160 1.521910
150 250 0.974194
151 152 0.196513
151 161 -1.740796
151 251 -1.735513
152 153 0.856468
152 162 0.049389
152 252 1.798206
153 154 0.286232
153 163 0.348436
153 253 -0.306931
154 155 -2.131087
154 164 0.117686
154 254 0.206549
155 156 1.116224
155 165 -1.204648
155 255 0.763396
156 157 -2.568657
156 166 0.216951
156 256 2.082131
157 158 -0.085069
157 167 -0.202049
157 257 0.795255
158 159 -0.268059
158 168 -1.278713
158 258 -0.720614
159 150 0.951216
159 169 -2.640290
159 259 0.073560
160 161 2.204653
160 170 -1.224554
160 260 0.866062
161 162 -0.658772
161 171 0.461590
161 261 1.044977
162 163 0.525045
162 172 0.514880
162 262 -0.282004
163 164 -1.293438
163 173 -0.854639
163 263 0.969376
164 165 0.407769
164 174 -0.230845
164 264 -0.078089
165 166 -1.511197
165 175 0.649438
165 265 -0.396774
166 167 1.179424
166 176 1.776088
166 266 1.242796
167 168 -0.891067
167 177 1.325081
167 267 -1.299367
168 169 -1.250897
168 178 -0.439288
168 268 1.106543
169 160 -1.293114
169 179 0.955231
169 269 -1.030613
170 171 -0.135457
170 180 0.203178
170 270 -0.334553
171 172 -1.147121
171 181 -0.813630
171 271 0.295099
172 173 0.390833
172 182 0.022405
172 272 2.407443
173 174 0.666083
173 183 -0.084428
173 273 -0.766199
174 175 0.581283
174 184 -0.977759
174 274 1.099494
175 176 -1.388807
175 185 -1.347420
175 275 0.365621
176 177 0.903491
176 186 -0.422272
176 276 0.174943
177 178 0.024587
177 187 -0.827557
177 277 -0.093766
178 179 1.418980
178 188 1.519742
178 278 -0.273524
179 170 -0.572937
179 189 0.645169
179 279 -0.666506
180 181 1.193573
180 190 2.491857
180 280 -2.592039
181 182 0.697529
181 191 0.265094
181 281 0.985536
182 183 -1.173791
182 192 0.324913
182 282 0.096862
183 184 0.414151
183 193 2.270115
183 283 -0.351997
184 185 0.025528
184 194 0.956325
184 284 -0.258064
185 186 0.240323
185 195 -0.017358
185 285 0.055407
186 187 0.012234
186 196 0.526490
186 286 0.905162
187 188 -2.390731
187 197 0.853531
187 287 0.479235
188 189 0.400719
188 198 0.377809
188 288 0.048459
189 180 -0.484974
189 199 -0.257772
189 289 -0.134996
190 191 -0.135615
190 100 -0.820800
190 290 0.024991
191 192 -1.383182
191 101 1.784365
191 291 -0.921482
192 193 -1.955115
192 102 -1.184019
192 292 -0.778346
193 194 -0.726115
193 103 -0.797582
193 293 -1.279936
194 195 0.976334
194 104 0.610476
194 294 0.037439
195 196 -0.369251
195 105 -0.430026
195 295 -0.220633
196 197 -2.064306
196 106 0.611907
196 296 -0.628179
197 198 0.308925
197 107 -2.008302
197 297 0.234208
198 199 -0.243380
198 108 -0.353007
198 298 -1.876332
199 190 -1.254525
199 109 -1.556692
199 299 0.600758
200 201 0.000214
200 210 0.245568
200 300 0.936579
201 202 0.251742
201 211 -1.788149
201 301 -0.932691
202 203 0.706062
202 212 -0.740432
202 302 0.777421
203 204 -0.200239
203 213 -1.998743
203 303 -0.473055
204 205 0.109973
204 214 0.096656
204 304 -0.169445
205 206 0.665034
205 215 -0.847083
205 305 -1.392882
206 207 -0.250232
206 216 -0.421929
206 306 -0.209372
207 208 1.639631
207 217 0.817569
207 307 -1.028371
208 209 -1.679786
208 218 -1.202812
208 308 -0.132499
209 200 0.246947
209 219 -0.105530
209 309 -1.380573
210 211 -0.847861
210 220 -0.304710
210 310 0.761929
211 212 0.474503
211 221 -1.769295
211 311 0.617076
212 213 -0.903547
212 222 1.236394
212 312 -1.361691
213 214 0.628708
213 223 1.329583
213 313 -1.414574
214 215 -0.358563
214 224 0.997106
214 314 -1.026537
215 216 0.164381
215 225 -0.103093
215 315 0.702925
216 217 -0.753102
216 226 0.112176
216 316 0.648178
217 218 0.100657
217 227 -0.062556
217 317 0.838207
218 219 0.521264
218 228 0.608006
218 318 -0.097165
219 210 0.207531
219 229 0.418563
219 319 -1.644440
220 221 -1.759716
220 230 -1.697539
220 320 1.275041
221 222 -0.269696
221 231 -0.627590
221 321 -0.252392
222 223 1.531099
222 232 -0.079910
222 322 -0.392333
223 224 0.425252
223 233 0.028519
223 323 0.247230
224 225 -0.681503
224 234 -1.088352
224 324 -2.257258
225 226 0.105093
225 235 -0.215517
225 325 2.559786
226 227 -1.053701
226 236 0.178640
226 326 0.194118
227 228 0.984458
227 237 1.195329
227 327 -0.793220
228 229 -0.009158
228 238 -2.348403
228 328 -1.320665
229 220 -0.145413
229 239 -1.758959
229 329 -0.321609
230 231 2.670547
230 240 -0.812312
230 330 0.194902
231 232 0.674695
231 241 -1.813453
231 331 0.807514
232 233 0.411098
232 242 0.061840
232 332 1.155039
233 234 -0.358085
233 243 -0.545399
233 333 0.470382
234 235 -1.172677
234 244 -0.177490
234 334 1.021582
235 236 0.272373
235 245 0.592516
235 335 0.615815
236 237 0.211399
236 246 0.232501
236 336 1.593333
237 238 -0.277947
237 247 0.339250
237 337 -0.775829
238 239 0.633756
238 248 -1.038291
238 338 -0.411992
239 230 0.602585
239 249 -0.598662
239 339 1.551415
240 241 -0.198017
240 250 1.146028
240 340 -0.307728
241 242 -1.505113
241 251 -0.157796
241 341 1.176813
242 243 -0.427758
242 252 0.842855
242 342 -0.286269
243 244 0.603169
243 253 1.563399
243 343 1.242452
244 245 0.278968
244 254 -0.777915
244 344 0.491468
245 246 -1.859274
245 255 0.733707
245 345 -0.836525
246 247 0.352373
246 256 -0.512332
246 346 0.438312
247 248 1.386121
247 257 -3.177608
247 347 1.286914
248 249 0.780603
248 258 -0.903816
248 348 0.410226
249 240 0.928890
249 259 -0.558144
249 349 -0.623800
250 251 1.327254
250 260 -1.469038
250 350 -0.347920
251 252 -0.719993
251 261 1.891012
251 351 -0.857261
252 253 -0.412336
252 262 -0.737888
252 352 0.837837
253 254 -1.360478
253 263 -1.088236
253 353 -0.767873
254 255 0.990447
254 264 0.116923
254 354 -0.370454
255 256 -0.801637
255 265 0.486398
255 355 -1.326207
256 257 -1.031995
256 266 -0.149886
256 356 0.837405
257 258 0.062720
257 267 -1.700936
257 357 -1.006507
258 259 -1.309004
258 268 1.285808
258 358 -1.877393
259 250 -0.513566
259 269 0.085320
259 359 -0.068583
260 261 0.597832
260 270 -0.362197
260 360 0.989081
261 262 -1.247659
261 271 -0.323482
261 361 2.323132
262 263 1.033089
262 272 0.070483
262 362 1.111279
263 264 -0.299475
263 273 -1.438628
263 363 -1.321701
264 265 -0.639817
264 274 0.412016
264 364 -0.727656
265 266 0.962126
265 275 -1.282260
265 365 0.341253
266 267 -0.040947
266 276 1.191123
266 366 1.153362
267 268 0.329670
267 277 0.548495
267 367 0.099061
268 269 1.096144
268 278 1.379385
268 368 0.413547
269 260 1.480013
269 279 -0.711890
269 369 -1.748615
270 271 -1.464367
270 280 1.156330
270 370 1.342795
271 272 0.285249
271 281 -1.450382
271 371 -1.617003
272 273 -1.080379
272 282 -1.537256
272 372 1.112807
273 274 2.122272
273 283 -0.040578
273 373 0.584564
274 275 -0.135241
274 284 0.510011
274 374 0.202898
275 276 -1.099604
275 285 -0.103677
275 375 -0.211881
276 277 0.845245
276 286 -1.165601
276 376 1.772521
277 278 -0.452390
277 287 -0.368042
277 377 -1.308466
278 279 0.656396
278 288 0.511957
278 378 1.151014
279 270 2.477431
279 289 2.343534
279 379 -0.547489
280 281 -0.409207
280 290 0.778959
280 380 0.541267
281 282 -1.402368
281 291 -1.051735
281 381 1.162032
282 283 -1.352253
282 292 -0.200811
282 382 0.673047
283 284 -0.914529
283 293 0.712402
283 383 -0.002757
284 285 -0.201829
284 294 -0.547801
284 384 -0.713779
285 286 0.259816
285 295 -0.844900
285 385 -0.552179
286 287 0.728133
286 296 -0.028212
286 386 -1.559758
287 288 0.213548
287 297 -0.065772
287 387 -0.667027
288 289 -0.224827
288 298 1.098774
288 388 -0.390720
289 280 -1.846665
289 299 2.305971
289 389 -0.231973
290 291 1.155028
290 200 -0.055711
290 390 -1.434237
291 292 3.493595
291 201 1.087205
291 391 -0.012643
292 293 0.308149
292 202 -0.990926
292 392 0.268061
293 294 -1.149386
293 203 -0.312498
293 393 -0.810938
294 295 -2.240243
294 204 0.174759
294 394 -1.052978
295 296 -0.375820
295 205 -0.156047
295 395 1.250156
296 297 0.061956
296 206 0.933441
296 396 -0.052489
297 298 -1.309974
297 207 1.005476
297 397 -0.780008
298 299 0.781111
298 208 1.392678
298 398 -0.623528
299 290 0.440973
299 209 -1.075716
299 399 -1.079212
300 301 0.422742
300 310 0.773286
300 400 0.757738
301 302 -0.690227
301 311 1.163463
301 401 1.269092
302 303 0.135551
302 312 -1.343173
302 402 -1.423459
303 304 -1.190762
303 313 -0.005252
303 403 2.133368
304 305 -1.951857
304 314 1.521114
304 404 0.864098
305 306 -0.151379
305 315 0.060889
305 405 -1.760491
306 307 0.480172
306 316 -0.397894
306 406 2.538521
307 308 0.683289
307 317 -1.078072
307 407 -0.891069
308 309 0.919447
308 318 -0.573186
308 408 0.676494
309 300 -0.925800
309 319 -0.160617
309 409 -1.384467
310 311 0.909561
310 320 -0.641194
310 410 0.557623
311 312 1.510192
311 321 -0.260512
311 411 -0.358200
312 313 0.245601
312 322 -0.600071
312 412 -0.230380
313 314 0.629792
313 323 0.502797
313 413 0.340406
314 315 0.256593
314 324 0.549586
314 414 -0.607645
315 316 1.962725
315 325 -0.095094
315 415 1.560234
316 317 0.107690
316 326 -0.573783
316 416 0.094262
317 318 -1.034702
317 327 0.390480
317 417 -1.053836
318 319 0.485680
318 328 -1.067625
318 418 1.399504
319 310 -1.922996
319 329 1.438661
319 419 0.331519
320 321 -2.075027
320 330 0.670658
320 420 1.811979
321 322 -0.400037
321 331 0.246438
321 421 -0.152537
322 323 0.157532
322 332 0.388867
322 422 0.329152
323 324 1.144257
323 333 0.871087
323 423 -1.159523
324 325 -1.730525
324 334 -1.475447
324 424 -0.303931
325 326 0.857284
325 335 -0.568562
325 425 0.244724
326 327 -2.348051
326 336 1.705942
326 426 1.393501
327 328 -0.223751
327 337 0.968967
327 427 -0.147378
328 329 -0.898464
328 338 0.691018
328 428 -1.964784
329 320 0.024776
329 339 1.114231
329 429 -0.896502
330 331 0.317285
330 340 0.444466
330 430 -0.103349
331 332 1.222356
331 341 0.427776
331 431 1.230563
332 333 0.420214
332 342 -1.199237
332 432 -0.040179
333 334 -0.792368
333 343 0.432365
333 433 -0.176782
334 335 0.733789
334 344 -0.166147
334 434 0.001076
335 336 -0.028681
335 345 0.343595
335 435 -0.129156
336 337 0.046501
336 346 -0.991118
336 436 -1.312305
337 338 0.672146
337 347 0.662446
337 437 1.227594
338 339 0.812293
338 348 0.919988
338 438 1.958341
339 330 -0.311804
339 349 0.299223
339 439 1.113497
340 341 0.833095
340 350 -1.498880
340 440 -0.428867
341 342 1.700308
341 351 -0.473331
341 441 0.500102
342 343 1.227678
342 352 0.960257
342 442 0.919902
343 344 -1.075090
343 353 0.256310
343 443 0.482789
344 345 0.612100
344 354 1.141118
344 444 1.362018
345 346 -2.337001
345 355 0.450753
345 445 0.242534
346 347 0.912956
346 356 0.438705
346 446 0.155596
347 348 -1.340644
347 357 -1.282914
347 447 -1.017478
348 349 -0.295268
348 358 -0.755672
348 448 -1.296784
349 340 -0.379468
349 359 -0.171362
349 449 -0.694687
350 351 -1.184409
350 360 0.232080
350 450 1.420098
351 352 0.814845
351 361 -2.124912
351 451 -0.029343
352 353 1.121212
352 362 -1.082976
352 452 -0.533007
353 354 -0.367152
353 363 -0.350454
353 453 1.291640
354 355 -0.329265
354 364 -0.148534
354 454 1.005775
355 356 1.673487
355 365 1.878565
355 455 1.505547
356 357 -0.096894
356 366 -0.260710
356 456 1.069820
357 358 0.225586
357 367 1.403447
357 457 -0.135946
358 359 1.462758
358 368 0.338403
358 458 -1.201236
359 350 0.049741
359 369 -1.086149
359 459 0.267490
360 361 0.119117
360 370 2.412346
360 460 1.217051
361 362 -0.378503
361 371 -1.701927
361 461 0.840965
362 363 -0.179835
362 372 -1.592012
362 462 1.123768
363 364 0.198832
363 373 0.076798
363 463 -1.670558
364 365 -0.566432
364 374 0.429961
364 464 -0.139917
365 366 -1.324374
365 375 0.415115
365 465 -0.535855
366 367 0.998117
366 376 -0.214958
366 466 -0.683807
367 368 -0.878240
367 377 -0.545580
367 467 -0.590634
368 369 -0.086417
368 378 1.118666
368 468 0.991558
369 360 -0.557445
369 379 -0.151452
369 469 -0.778262
370 371 0.788938
370 380 -0.885878
370 470 0.949524
371 372 0.411278
371 381 -0.630533
371 471 2.280371
372 373 0.872597
372 382 -1.207023
372 472 0.023929
373 374 0.613500
373 383 -0.905944
373 473 -1.975447
374 375 0.169042
374 384 0.383104
374 474 1.492066
375 376 0.395989
375 385 1.302486
375 475 -2.179812
376 377 -0.733877
376 386 -0.646964
376 476 -0.822221
377 378 0.422624
377 387 1.813215
377 477 -1.368158
378 379 -0.088464
378 388 1.248881
378 478 -0.016605
379 370 -2.435687
379 389 0.299008
379 479 1.066234
380 381 -2.097469
380 390 0.276929
380 480 -0.737286
381 382 -0.784950
381 391 1.071783
381 481 0.415038
382 383 0.044504
382 392 0.104521
382 482 -0.717959
383 384 -1.906650
383 393 -1.000082
383 483 0.029545
384 385 1.318685
384 394 0.401151
384 484 -0.246056
385 386 0.262554
385 395 1.486455
385 485 0.470151
386 387 0.345024
386 396 0.153208
386 486 -0.951386
387 388 -0.104448
387 397 0.714924
387 487 -0.978292
388 389 -0.316818
388 398 0.566368
388 488 -0.794077
389 380 1.402056
389 399 1.849933
389 489 -1.223120
390 391 -1.413794
390 300 0.698777
390 490 -0.375720
391 392 -0.501355
391 301 -0.911343
391 491 0.043535
392 393 -0.543990
392 302 0.217129
392 492 -0.326007
393 394 -0.300165
393 303 0.813541
393 493 0.308305
394 395 -0.260857
394 304 0.304088
394 494 0.881237
395 396 -0.662505
395 305 0.563119
395 495 -1.462326
396 397 0.466664
396 306 0.539564
396 496 -0.559861
397 398 0.498519
397 307 1.944679
397 497 0.612874
398 399 -0.083545
398 308 1.486240
398 498 1.804875
399 390 -0.003839
399 309 -1.261382
399 499 1.087738
400 401 -0.814179
400 410 1.117091
400 500 1.393359
401 402 0.357334
401 411 1.406070
401 501 0.743711
402 403 -0.602371
402 412 -0.637369
402 502 -0.874158
403 404 0.648829
403 413 -0.881427
403 503 -0.261126
404 405 0.923602
404 414 1.760975
404 504 -1.343261
405 406 -0.206336
405 415 1.185382
405 505 1.479576
406 407 -0.600130
406 416 -0.234802
406 506 -0.092539
407 408 2.334474
407 417 -1.566152
407 507 0.037738
408 409 1.780252
408 418 1.263452
408 508 0.250242
409 400 0.023524
409 419 -0.831790
409 509 -2.153918
410 411 -0.735689
410 420 -0.278531
410 510 -0.226895
411 412 0.523349
411 421 0.773359
411 511 -0.543887
412 413 -0.560575
412 422 0.241451
412 512 -0.571305
413 414 1.064897
413 423 -0.214305
413 513 -0.899041
414 415 0.623881
414 424 1.191321
414 514 0.857053
415 416 1.169978
415 425 -0.337947
415 515 0.603995
416 417 -1.855974
416 426 -0.366876
416 516 0.308880
417 418 0.986686
417 427 0.594801
417 517 1.156279
418 419 -0.543213
418 428 1.231045
418 518 -0.326719
419 410 -0.619882
419 429 0.327760
419 519 -1.633658
420 421 1.940346
420 430 -0.367064
420 520 0.563008
421 422 -1.938062
421 431 0.842806
421 521 -0.367102
422 423 -0.111714
422 432 -0.548702
422 522 0.333622
423 424 -0.759045
423 433 1.695787
423 523 1.591084
424 425 -0.638117
424 434 -0.547387
424 524 -0.766896
425 426 -1.016600
425 435 0.190277
425 525 -0.363873
426 427 -0.030404
426 436 1.504079
426 526 0.216718
427 428 0.212239
427 437 -1.068309
427 527 0.190868
428 429 -2.666216
428 438 -0.853939
428 528 -0.519030
429 420 0.549384
429 439 0.509916
429 529 1.019455
430 431 -0.194922
430 440 -1.503889
430 530 0.141588
431 432 -1.186289
431 441 -1.420629
431 531 0.252058
432 433 -0.624255
432 442 0.569840
432 532 0.096039
433 434 -0.568802
433 443 -1.308369
433 533 1.501215
434 435 -0.542210
434 444 -1.138698
434 534 -0.668599
435 436 -1.007507
435 445 -0.178516
435 535 0.445441
436 437 1.182059
436 446 -1.233770
436 536 2.103056
437 438 -0.287205
437 447 -0.243782
437 537 -0.511092
438 439 -0.887141
438 448 -0.879019
438 538 1.287156
439 430 0.465691
439 449 1.345327
439 539 -0.697418
440 441 -1.778459
440 450 1.300508
440 540 -0.072889
441 442 -0.380247
441 451 -0.679675
441 541 0.512526
442 443 -0.769924
442 452 -1.190051
442 542 -0.222424
443 444 -0.023542
443 453 -2.007628
443 543 -1.250713
444 445 -1.152166
444 454 -0.278267
444 544 -0.259442
445 446 1.485361
445 455 1.100108
445 545 1.030677
446 447 0.643646
446 456 0.438245
446 546 0.823864
447 448 -0.052532
447 457 0.582184
447 547 0.658437
448 449 0.050667
448 458 0.292680
448 548 2.395027
449 440 -0.669681
449 459 -0.470214
449 549 -0.479206
450 451 0.291375
450 460 -0.998006
450 550 0.919199
451 452 -0.900431
451 461 0.136896
451 551 -0.571657
452 453 -0.652611
452 462 -0.889701
452 552 -1.718163
453 454 -0.326422
453 463 -1.250870
453 553 -0.255888
454 455 -0.288237
454 464 -0.313901
454 554 -0.297607
455 456 0.620595
455 465 0.408100
455 555 -0.260628
456 457 -0.126341
456 466 0.930760
456 556 0.032914
457 458 0.453545
457 467 0.475942
457 557 0.771216
458 459 1.238115
458 468 -0.209397
458 558 0.087156
459 450 -1.583740
459 469 0.026680
459 559 0.842889
460 461 -0.388874
460 470 -0.225001
460 560 0.189714
461 462 -1.573805
461 471 0.023400
461 561 -1.268289
462 463 2.077007
462 472 0.801674
462 562 -0.047089
463 464 1.038357
463 473 0.395043
463 563 0.176417
464 465 0.334992
464 474 -0.658649
464 564 -0.818898
465 466 0.167603
465 475 0.322019
465 565 0.092072
466 467 -0.136890
466 476 1.400756
466 566 -2.074718
467 468 0.458066
467 477 0.312986
467 567 -2.239222
468 469 -0.592078
468 478 1.709231
468 568 1.209397
469 460 -0.441927
469 479 -0.625457
469 569 -0.095995
470 471 -1.065427
470 480 -0.710070
470 570 -0.795081
471 472 -1.803597
471 481 -1.188875
471 571 -0.647766
472 473 -0.738785
472 482 -0.922030
472 572 0.191987
473 474 0.855726
473 483 -1.012616
473 573 -0.490056
474 475 -0.567845
474 484 0.037184
474 574 -0.203508
475 476 -1.090423
475 485 0.300507
475 575 0.133777
476 477 -0.224526
476 486 0.804892
476 576 -0.914351
477 478 0.943530
477 487 0.464442
477 577 -0.539139
478 479 -0.369249
478 488 -1.617983
478 578 1.294229
479 470 0.566051
479 489 -0.475777
479 579 -0.813215
480 481 -1.586278
480 490 -0.504644
480 580 -0.173145
481 482 0.192720
481 491 -1.317303
481 581 0.030031
482 483 -0.402575
482 492 0.370490
482 582 1.012489
483 484 -0.908637
483 493 -0.220355
483 583 -0.165491
484 485 -0.436807
484 494 0.291418
484 584 -0.239306
485 486 0.411616
485 495 -0.174726
485 585 -0.600346
486 487 1.666208
486 496 -0.444307
486 586 -0.656814
487 488 0.597034
487 497 -0.852579
487 587 0.137088
488 489 0.357385
488 498 -1.309027
488 588 0.507756
489 480 0.094738
489 499 -1.454989
489 589 0.171278
490 491 0.878840
490 400 0.149028
490 590 0.628503
491 492 0.668176
491 401 0.345486
491 591 0.499810
492 493 1.064448
492 402 -0.053529
492 592 -1.479451
493 494 0.281656
493 403 -1.301662
493 593 0.841384
494 495 0.223184
494 404 0.230811
494 594 0.582461
495 496 1.574676
495 405 0.423995
495 595 -0.848930
496 497 0.699826
496 406 0.795434
496 596 -0.795942
497 498 -0.361312
497 407 0.887576
497 597 0.094453
498 499 0.847455
498 408 -0.700561
498 598 1.743979
499 490 0.896607
499 409 1.452345
499 599 0.627135
500 501 -0.442106
500 510 2.065020
500 600 -1.340887
501 502 1.591269
501 511 0.393226
501 601 0.024367
502 503 0.282739
502 512 0.465510
502 602 1.442882
503 504 -0.810690
503 513 -0.414242
503 603 0.181948
504 505 0.423692
504 514 -0.593323
504 604 1.475870
505 506 -1.128461
505 515 0.444521
505 605 0.025015
506 507 0.107365
506 516 -0.883525
506 606 0.078558
507 508 2.053433
507 517 0.422866
507 607 1.821324
508 509 -0.644740
508 518 -0.316735
508 608 -1.433700
509 500 -1.589036
509 519 0.680175
509 609 0.466632
510 511 1.995847
510 520 1.458116
510 610 -0.596354
511 512 -1.289637
511 521 -0.019262
511 611 1.500847
512 513 -0.320798
512 522 0.181077
512 612 -0.813014
513 514 0.754411
513 523 0.083125
513 613 -1.187833
514 515 -1.039970
514 524 0.509774
514 614 -0.725620
515 516 -0.968602
515 525 1.446094
515 615 0.685428
516 517 -0.905604
516 526 -0.069372
516 616 -0.983809
517 518 -0.693880
517 527 0.384426
517 617 0.764599
518 519 1.288039
518 528 -0.388463
518 618 0.812383
519 510 0.053710
519 529 -0.396747
519 619 1.117080
520 521 0.712445
520 530 -0.075108
520 620 -1.157069
521 522 0.005128
521 531 1.128447
521 621 -0.180488
522 523 -0.054858
522 532 -1.357828
522 622 -0.068327
523 524 -0.374236
523 533 -1.645219
523 623 -0.012028
524 525 -0.468812
524 534 -1.114938
524 624 1.763485
525 526 -0.867475
525 535 0.174766
525 625 -1.245323
526 527 0.711810
526 536 1.048392
526 626 -0.208387
527 528 1.320795
527 537 -1.710324
527 627 0.894043
528 529 1.133613
528 538 -1.472902
528 628 -0.572873
529 520 -0.931235
529 539 -0.634068
529 629 -1.313586
530 531 -0.685235
530 540 1.295891
530 630 -0.098676
531 532 -0.057874
531 541 -0.017088
531 631 -0.798598
532 533 0.900616
532 542 -0.606699
532 632 -0.222628
533 534 0.033333
533 543 0.825754
533 633 0.058362
534 535 -0.975327
534 544 0.300372
534 634 0.010549
535 536 0.002479
535 545 -2.422732
535 635 1.683374
536 537 1.236424
536 546 -0.486672
536 636 -0.084798
537 538 0.328437
537 547 -0.425217
537 637 0.632339
538 539 0.613944
538 548 2.089707
538 638 -0.480428
539 530 1.183580
539 549 -1.862656
539 639 0.859703
540 541 0.580590
540 550 -0.545139
540 640 -0.924549
541 542 1.534247
541 551 0.932210
541 641 0.105291
542 543 -0.067701
542 552 -0.229820
542 642 -0.643657
543 544 -1.720800
543 553 1.888338
543 643 -2.382629
544 545 -1.762571
544 554 -0.665216
544 644 0.566310
545 546 0.409430
545 555 0.021073
545 645 1.162139
546 547 0.571680
546 556 0.301591
546 646 -0.211699
547 548 -0.531040
547 557 -0.897430
547 647 0.854629
548 549 1.138417
548 558 0.848144
548 648 -0.143824
549 540 -0.166081
549 559 -3.187974
549 649 0.791432
550 551 -0.367761
550 560 1.012380
550 650 0.138220
551 552 0.540554
551 561 -0.300806
551 651 -0.556517
552 553 0.875776
552 562 1.262024
552 652 0.388477
553 554 0.106238
553 563 -1.032621
553 653 -0.783005
554 555 -1.688639
554 564 0.960667
554 654 1.957270
555 556 1.826585
555 565 1.411849
555 655 1.724252
556 557 -0.733749
556 566 0.496807
556 656 -0.068990
557 558 1.571589
557 567 0.637960
557 657 -0.960360
558 559 -0.289386
558 568 0.278275
558 658 0.642172
559 550 1.221326
559 569 0.461081
559 659 -0.336388
560 561 -0.889868
560 570 -0.241830
560 660 1.010509
561 562 1.260397
561 571 0.754782
561 661 -0.880884
562 563 -1.204223
562 572 1.075954
562 662 -0.272609
563 564 0.918790
563 573 0.478562
563 663 -0.484517
564 565 1.292490
564 574 1.257504
564 664 0.260374
565 566 0.141409
565 575 -0.048155
565 665 -0.657076
566 567 -0.774746
566 576 -0.369755
566 666 1.998566
567 568 -0.605668
567 577 -1.012341
567 667 0.830796
568 569 -0.042980
568 578 -0.704078
568 668 1.857284
569 560 1.514936
569 579 -0.560874
569 669 0.053273
570 571 1.613411
570 580 0.058669
570 670 2.080222
571 572 -0.678173
571 581 0.916105
571 671 0.138369
572 573 -0.365125
572 582 0.057829
572 672 -1.268094
573 574 0.939433
573 583 -0.901308
573 673 -0.181354
574 575 0.274753
574 584 0.277017
574 674 -0.088352
575 576 0.275132
575 585 -1.469990
575 675 -0.713995
576 577 -0.151937
576 586 0.477158
576 676 -0.226976
577 578 -0.628573
577 587 0.072183
577 677 0.034054
578 579 -0.710179
578 588 -0.411837
578 678 0.548800
579 570 -0.465572
579 589 -0.590192
579 679 0.811285
580 581 1.151946
580 590 0.239807
580 680 0.355683
581 582 0.349668
581 591 0.629880
581 681 -0.122970
582 583 0.714500
582 592 1.359986
582 682 -1.324374
583 584 0.377844
583 593 -0.681167
583 683 -0.036111
584 585 -0.339770
584 594 0.019791
584 684 0.860802
585 586 -0.179263
585 595 -0.598542
585 685 0.023483
586 587 0.267440
586 596 0.853294
586 686 0.615820
587 588 0.368794
587 597 0.269183
587 687 -0.510099
588 589 0.543311
588 598 -0.043175
588 688 1.501728
589 580 -1.332481
589 599 0.057638
589 689 0.498953
590 591 -0.241850
590 500 0.083151
590 690 -0.225827
591 592 1.782467
591 501 -0.318602
591 691 1.302544
592 593 -1.347422
592 502 -0.775579
592 692 1.148365
593 594 0.676328
593 503 1.036082
593 693 0.996532
594 595 0.312663
594 504 -0.684255
594 694 0.120398
595 596 1.152303
595 505 0.623911
595 695 -1.069212
596 597 0.454408
596 506 0.553856
596 696 0.957092
597 598 -0.744047
597 507 0.351510
597 697 0.384768
598 599 1.813569
598 508 -0.429599
598 698 -1.563469
599 590 0.326806
599 509 1.682185
599 699 -1.268033
600 601 -1.505586
600 610 -0.817542
600 700 -0.319929
601 602 -1.783139
601 611 0.359412
601 701 -0.752711
602 603 -0.410935
602 612 -0.773119
602 702 -0.153145
603 604 -0.510356
603 613 0.579108
603 703 0.100096
604 605 -0.030830
604 614 0.108546
604 704 1.626726
605 606 -1.393819
605 615 -0.865080
605 705 -0.779047
606 607 1.268579
606 616 -2.183178
606 706 0.096635
607 608 -0.238122
607 617 -1.067632
607 707 1.018796
608 609 0.505930
608 618 0.670120
608 708 -0.982031
609 600 -0.627563
609 619 1.286113
609 709 0.832053
610 611 2.313693
610 620 1.101204
610 710 -1.604236
611 612 1.236864
611 621 2.010907
611 711 1.153003
612 613 -0.427640
612 622 -1.514489
612 712 0.707109
613 614 1.142729
613 623 -0.034276
613 713 -0.129744
614 615 -0.143587
614 624 -0.084215
614 714 1.040379
615 616 -0.206094
615 625 0.679907
615 715 -0.156181
616 617 0.301023
616 626 0.942578
616 716 -0.357640
617 618 1.253599
617 627 -0.058298
617 717 1.220725
618 619 -0.179072
618 628 -2.392738
618 718 -0.267819
619 610 -1.362458
619 629 -0.840286
619 719 -0.436175
620 621 -0.755638
620 630 2.141807
620 720 0.584473
621 622 1.064094
621 631 0.245730
621 721 -1.730720
622 623 0.126269
622 632 1.574650
622 722 1.587092
623 624 0.638913
623 633 0.519431
623 723 0.879710
624 625 -1.125642
624 634 -0.265119
624 724 0.309683
625 626 0.139674
625 635 0.121258
625 725 0.429077
626 627 -0.132910
626 636 -1.068825
626 726 0.223589
627 628 -0.481588
627 637 -0.307821
627 727 -0.005744
628 629 1.046809
628 638 -0.275628
628 728 -0.405227
629 620 -0.231216
629 639 0.160159
629 729 -0.479840
630 631 -0.019038
630 640 -0.634930
630 730 -0.120175
631 632 -0.360380
631 641 0.852425
631 731 -0.279946
632 633 -0.306393
632 642 0.961423
632 732 -0.829353
633 634 -0.286670
633 643 -0.380676
633 733 0.408546
634 635 -0.189162
634 644 -0.372978
634 734 1.510889
635 636 -1.149345
635 645 -0.148834
635 735 0.601223
636 637 0.844913
636 646 -2.262697
636 736 0.974429
637 638 -0.106250
637 647 1.296727
637 737 1.109844
638 639 -0.293551
638 648 0.836544
638 738 -0.931758
639 630 -1.018027
639 649 -1.301958
639 739 0.156174
640 641 -0.099789
640 650 -1.368492
640 740 -2.353066
641 642 -0.146731
641 651 -0.292964
641 741 -0.530114
642 643 -0.337637
642 652 0.006454
642 742 -1.375990
643 644 -1.135678
643 653 -0.155830
643 743 -1.141525
644 645 0.345933
644 654 0.020946
644 744 0.667482
645 646 1.833942
645 655 -1.520183
645 745 -0.083860
646 647 -0.012350
646 656 -1.371963
646 746 -0.164278
647 648 0.766823
647 657 0.177770
647 747 0.750319
648 649 -1.134290
648 658 0.391350
648 748 1.924945
649 640 -0.838678
649 659 0.195273
649 749 0.162728
650 651 1.830803
650 660 0.330627
650 750 -1.134249
651 652 0.867763
651 661 0.223921
651 751 -0.788724
652 653 -2.527998
652 662 1.902098
652 752 -1.332250
653 654 1.139192
653 663 0.420742
653 753 1.426135
654 655 0.088367
654 664 1.229440
654 754 -1.587490
655 656 0.853230
655 665 -1.158092
655 755 1.327927
656 657 -2.404469
656 666 1.021101
656 756 0.156353
657 658 -1.575110
657 667 1.396877
657 757 0.248655
658 659 0.505759
658 668 -0.024350
658 758 -0.836155
659 650 -0.256058
659 669 1.813533
659 759 -1.060396
660 661 0.022984
660 670 0.187305
660 760 -0.196269
661 662 -0.901166
661 671 -0.560467
661 761 -1.357857
662 663 -0.911764
662 672 -0.335944
662 762 0.830417
663 664 1.585098
663 673 -0.059315
663 763 -0.824345
664 665 0.462181
664 674 -0.167842
664 764 0.583132
665 666 1.818978
665 675 -0.455772
665 765 1.371301
666 667 -1.945475
666 676 0.880408
666 766 -0.308184
667 668 0.059220
667 677 -0.102984
667 767 -0.246577
668 669 1.525716
668 678 -0.306365
668 768 0.943731
669 660 0.176575
669 679 -0.319577
669 769 0.257339
670 671 -0.025991
670 680 -0.991024
670 770 -0.462323
671 672 0.424493
671 681 0.604217
671 771 1.950534
672 673 -1.045864
672 682 2.258467
672 772 -0.509396
673 674 -1.391902
673 683 1.769333
673 773 0.961893
674 675 -1.380092
674 684 -1.001868
674 774 -1.775583
675 676 -0.084209
675 685 0.250473
675 775 1.552040
676 677 2.307160
676 686 0.346018
676 776 0.566686
677 678 1.757955
677 687 1.186787
677 777 1.432003
678 679 -0.814832
678 688 0.201649
678 778 0.757967
679 670 0.646252
679 689 0.535625
679 779 -0.557414
680 681 -0.568492
680 690 -0.540423
680 780 -0.852533
681 682 -0.481317
681 691 -0.604996
681 781 -0.183583
682 683 -0.295591
682 692 0.746285
682 782 -0.403413
683 684 1.405208
683 693 0.557166
683 783 0.215797
684 685 0.433125
684 694 0.592185
684 784 -0.398997
685 686 -0.465516
685 695 -1.155543
685 785 0.806393
686 687 0.384376
686 696 -0.738450
686 786 -0.690719
687 688 0.923794
687 697 0.025647
687 787 -0.759990
688 689 -1.392463
688 698 -0.432806
688 788 -0.611706
689 680 -0.827323
689 699 -0.336803
689 789 0.503330
690 691 -1.271247
690 600 0.331780
690 790 -1.120350
691 692 0.337131
691 601 -0.079084
691 791 -0.115584
692 693 -1.903037
692 602 -0.020949
692 792 0.113615
693 694 0.360947
693 603 0.831020
693 793 -0.081155
694 695 -0.570397
694 604 -0.824877
694 794 -1.466157
695 696 0.329697
695 605 -1.418969
695 795 0.611668
696 697 -0.281741
696 606 0.926469
696 796 -1.340906
697 698 -0.798800
697 607 -0.725631
697 797 -1.078344
698 699 -0.016046
698 608 -0.523835
698 798 0.403283
699 690 -0.355354
699 609 0.248359
699 799 -0.573404
700 701 -1.449614
700 710 -0.649102
700 800 0.910164
701 702 0.145106
701 711 -0.734073
701 801 0.980036
702 703 0.122759
702 712 -2.063103
702 802 -0.023265
703 704 0.217905
703 713 1.492926
703 803 -1.433851
704 705 -2.477290
704 714 -0.509819
704 804 1.108382
705 706 -0.334294
705 715 -0.415998
705 805 0.797256
706 707 -0.453197
706 716 -0.419162
706 806 0.608798
707 708 -0.311225
707 717 0.142815
707 807 -1.536462
708 709 -0.054908
708 718 0.959261
708 808 -1.406671
709 700 -0.203264
709 719 1.208485
709 809 0.010098
710 711 0.223394
710 720 -0.511796
710 810 1.211369
711 712 -0.354676
711 721 -0.145748
711 811 -0.456367
712 713 -1.256357
712 722 1.469991
712 812 -1.047710
713 714 0.218062
713 723 -0.503442
713 813 1.016177
714 715 -0.095239
714 724 1.523281
714 814 1.923394
715 716 -0.410370
715 725 1.267615
715 815 -1.686590
716 717 0.582027
716 726 -0.984317
716 816 -1.290955
717 718 1.627838
717 727 2.359237
717 817 -0.765719
718 719 -0.874449
718 728 0.166177
718 818 0.778027
719 710 0.085494
719 729 2.390756
719 819 1.569450
720 721 -1.008897
720 730 1.253719
720 820 -0.381125
721 722 1.246459
721 731 -1.264096
721 821 -2.128805
722 723 -1.236802
722 732 0.327708
722 822 0.854336
723 724 -0.958630
723 733 -0.719653
723 823 -1.571317
724 725 -0.139591
724 734 1.236193
724 824 -2.435610
725 726 -0.402282
725 735 0.634028
725 825 -0.718355
726 727 0.505393
726 736 1.180437
726 826 0.972195
727 728 2.051964
727 737 -0.356955
727 827 0.231522
728 729 -2.413542
728 738 1.290728
728 828 0.773468
729 720 1.214015
729 739 0.025798
729 829 -1.556709
730 731 1.746993
730 740 1.238130
730 830 -0.436547
731 732 -1.336207
731 741 -0.767290
731 831 -0.473994
732 733 0.965920
732 742 1.248625
732 832 1.271756
733 734 0.239525
733 743 0.653514
733 833 0.495929
734 735 -0.605392
734 744 0.562778
734 834 0.107320
735 736 0.544770
735 745 -0.545423
735 835 0.243878
736 737 1.004233
736 746 0.136314
736 836 0.290737
737 738 0.026802
737 747 -0.139056
737 837 -0.239139
738 739 1.045953
738 748 0.746613
738 838 -0.640638
739 730 -0.700553
739 749 -1.228087
739 839 -1.179830
740 741 -1.014044
740 750 -1.467857
740 840 0.227060
741 742 0.471690
741 751 -2.413936
741 841 -1.260687
742 743 -0.167326
742 752 1.537152
742 842 -0.262919
743 744 -0.509770
743 753 0.536576
743 843 -0.461078
744 745 -0.434720
744 754 0.921918
744 844 -0.468289
745 746 -0.408436
745 755 -0.534362
745 845 -0.309859
746 747 0.569615
746 756 -1.102579
746 846 0.159254
747 748 1.206577
747 757 0.076860
747 847 -0.395891
748 749 0.627019
748 758 -0.700242
748 848 0.343798
749 740 -0.658688
749 759 -0.585733
749 849 0.038356
750 751 -0.693837
750 760 -0.505581
750 850 -1.668788
751 752 0.049949
751 761 -0.899675
751 851 0.219547
752 753 -0.576215
752 762 1.061281
752 852 0.747426
753 754 -2.067865
753 763 -2.039098
753 853 1.127672
754 755 -0.902853
754 764 -0.220902
754 854 0.249865
755 756 -0.157004
755 765 -0.653211
755 855 -0.457470
756 757 0.139111
756 766 -0.869419
756 856 0.090087
757 758 0.663561
757 767 0.485858
757 857 0.558119
758 759 -0.027595
758 768 0.392304
758 858 -0.544131
759 750 -0.332920
759 769 -0.677825
759 859 -2.070518
760 761 0.528597
760 770 -1.550064
760 860 -1.384625
761 762 -0.104075
761 771 -0.607237
761 861 -3.675588
762 763 -1.207097
762 772 -0.049349
762 862 -1.224140
763 764 -0.179469
763 773 0.690641
763 863 -0.833227
764 765 0.233588
764 774 -1.606262
764 864 -1.217092
765 766 0.681990
765 775 -0.637432
765 865 2.012681
766 767 0.608284
766 776 0.401354
766 866 -0.748554
767 768 0.493309
767 777 3.082997
767 867 -0.215710
768 769 -0.246253
768 778 -0.262725
768 868 -0.465768
769 760 0.740233
769 779 2.463856
769 869 -1.167183
770 771 -0.393986
770 780 1.320795
770 870 0.162106
771 772 1.291419
771 781 -1.145919
771 871 1.368188
772 773 0.980031
772 782 -0.033168
772 872 -0.567324
773 774 -1.210175
773 783 0.584225
773 873 0.741852
774 775 1.681822
774 784 -0.140490
774 874 2.330023
775 776 -1.016032
775 785 -0.085580
775 875 -0.855779
776 777 0.204041
776 786 -0.289909
776 876 1.420989
777 778 -0.393423
777 787 -0.136485
777 877 1.212142
778 779 0.199801
778 788 1.343194
778 878 0.035013
779 770 -0.256348
779 789 0.686925
779 879 0.725168
780 781 -0.365343
780 790 -0.039664
780 880 1.496194
781 782 0.258944
781 791 0.688985
781 881 1.633492
782 783 0.411751
782 792 -0.907383
782 882 -0.493789
783 784 0.848642
783 793 -0.790527
783 883 0.011208
784 785 -0.727298
784 794 -0.322234
784 884 0.636617
785 786 1.965095
785 795 -0.374803
785 885 -0.707023
786 787 -0.355532
786 796 0.636433
786 886 0.560802
787 788 0.626832
787 797 0.070692
787 887 0.752300
788 789 -1.055727
788 798 -0.421165
788 888 -0.111081
789 780 -1.127449
789 799 0.873327
789 889 -1.096626
790 791 1.027970
790 700 0.925592
790 890 -0.336070
791 792 0.347142
791 701 -1.098902
791 891 0.061317
792 793 0.493286
792 702 0.438869
792 892 0.551505
793 794 0.414726
793 703 -0.084689
793 893 -0.113314
794 795 -0.629187
794 704 -0.875101
794 894 -0.087032
795 796 0.117264
795 705 0.868949
795 895 1.810554
796 797 0.328551
796 706 0.311194
796 896 -0.698209
797 798 -0.311354
797 707 1.176976
797 897 0.922322
798 799 -0.435197
798 708 -0.315056
798 898 0.368163
799 790 -0.557563
799 709 2.906436
799 899 0.922759
800 801 -0.927869
800 810 -1.018805
800 900 -1.318402
801 802 -0.683373
801 811 -1.514243
801 901 -0.196957
802 803 0.819112
802 812 0.989229
802 902 -1.435580
803 804 -0.291214
803 813 -1.064790
803 903 0.474994
804 805 -0.615381
804 814 -1.360902
804 904 -0.110121
805 806 1.232696
805 815 0.876936
805 905 -1.907199
806 807 -0.298228
806 816 0.677030
806 906 1.344239
807 808 -0.538585
807 817 -0.102961
807 907 0.094041
808 809 -0.612156
808 818 -0.177611
808 908 -1.445941
809 800 1.287556
809 819 -1.388132
809 909 0.699229
810 811 -0.268602
810 820 -0.053338
810 910 -0.396877
811 812 0.866037
811 821 0.073186
811 911 -0.248102
812 813 -1.703713
812 822 0.165711
812 912 -0.923655
813 814 -2.950040
813 823 0.273087
813 913 0.081998
814 815 -0.981296
814 824 0.421237
814 914 0.749627
815 816 -1.470118
815 825 0.964779
815 915 -1.133170
816 817 1.826101
816 826 1.625903
816 916 0.227672
817 818 2.551413
817 827 -0.217328
817 917 -0.286674
818 819 -0.768518
818 828 -0.753610
818 918 1.174763
819 810 1.431653
819 829 -1.563165
819 919 0.081777
820 821 0.003843
820 830 0.936571
820 920 0.063839
821 822 -1.611130
821 831 0.091912
821 921 1.538605
822 823 -0.461096
822 832 -1.171922
822 922 0.447714
823 824 -0.463347
823 833 -0.315695
823 923 0.059050
824 825 -0.041642
824 834 0.848327
824 924 0.932074
825 826 0.490559
825 835 0.255292
825 925 0.694152
826 827 1.196266
826 836 2.081307
826 926 -0.934681
827 828 -0.590210
827 837 1.313476
827 927 -0.481785
828 829 2.548734
828 838 1.323904
828 928 -1.205594
829 820 -2.370846
829 839 -1.930205
829 929 -0.560420
830 831 -1.417441
830 840 -0.397989
830 930 0.164638
831 832 -0.027142
831 841 0.764328
831 931 0.091606
832 833 0.869095
832 842 0.793553
832 932 0.154498
833 834 -0.399102
833 843 0.321282
833 933 -0.256200
834 835 -0.276625
834 844 1.483012
834 934 -0.228511
835 836 -0.856454
835 845 -0.118476
835 935 -0.477403
836 837 -0.223417
836 846 0.371357
836 936 0.298970
837 838 -0.713149
837 847 -1.023045
837 937 1.060311
838 839 -0.059856
838 848 -0.104832
838 938 -2.130929
839 830 0.307995
839 849 -1.880268
839 939 -0.220514
840 841 -0.369232
840 850 -0.136271
840 940 -0.419907
841 842 -1.722386
841 851 1.171474
841 941 -0.848610
842 843 1.918939
842 852 -1.402260
842 942 1.271205
843 844 0.062597
843 853 -0.133336
843 943 -2.142318
844 845 -2.056342
844 854 0.357087
844 944 -1.225055
845 846 0.952706
845 855 2.205152
845 945 -1.038273
846 847 -0.482759
846 856 1.024190
846 946 -0.091015
847 848 -2.228431
847 857 0.011100
847 947 -0.873156
848 849 -0.460991
848 858 -1.734984
848 948 -0.054511
849 840 0.545406
849 859 1.335983
849 949 0.096117
850 851 -0.607895
850 860 0.229191
850 950 0.169450
851 852 0.794282
851 861 0.064529
851 951 -0.784881
852 853 -1.147057
852 862 -0.095397
852 952 1.630224
853 854 -0.691946
853 863 0.700085
853 953 -0.256927
854 855 0.298706
854 864 2.137060
854 954 0.970545
855 856 -0.754327
855 865 0.788303
855 955 0.543842
856 857 0.222032
856 866 -1.279304
856 956 0.325533
857 858 -1.643976
857 867 -0.194892
857 957 1.340526
858 859 1.100402
858 868 1.337110
858 958 0.091497
859 850 0.170947
859 869 1.864700
859 959 -0.056003
860 861 -1.695160
860 870 0.291946
860 960 -0.386116
861 862 0.410726
861 871 -0.217378
861 961 -0.736981
862 863 -0.281391
862 872 0.776188
862 962 -0.149502
863 864 1.578511
863 873 0.397737
863 963 -0.154125
864 865 -1.196072
864 874 -1.658464
864 964 -0.269753
865 866 -1.246336
865 875 -0.965077
865 965 -0.555541
866 867 0.510624
866 876 -0.481834
866 966 0.063800
867 868 0.023385
867 877 0.277458
867 967 -0.054961
868 869 0.821705
868 878 -0.113699
868 968 1.580830
869 860 0.133560
869 879 -0.329803
869 969 -1.931230
870 871 0.908071
870 880 -1.488409
870 970 -0.578521
871 872 1.917404
871 881 -0.959996
871 971 -0.282440
872 873 -0.806346
872 882 0.024409
872 972 1.855822
873 874 -2.242076
873 883 0.155593
873 973 0.221411
874 875 -0.035952
874 884 -0.884570
874 974 0.693389
875 876 -0.982007
875 885 1.080486
875 975 -0.203575
876 877 0.602028
876 886 0.406941
876 976 0.070704
877 878 1.109938
877 887 1.269535
877 977 0.796950
878 879 1.180617
878 888 0.351080
878 978 0.080112
879 870 1.472761
879 889 -0.522465
879 979 0.183338
880 881 -0.482517
880 890 2.194165
880 980 -1.631389
881 882 0.488855
881 891 -1.348111
881 981 0.156354
882 883 -0.385474
882 892 0.722661
882 982 0.079549
883 884 -0.301560
883 893 0.353517
883 983 0.121215
884 885 -0.208650
884 894 0.071387
884 984 -0.120027
885 886 1.529746
885 895 -0.509938
885 985 2.614474
886 887 -0.283910
886 896 -0.034720
886 986 1.028876
887 888 -0.953500
887 897 -0.382382
887 987 0.037626
888 889 0.462345
888 898 1.320267
888 988 -1.815066
889 880 0.084557
889 899 -0.872008
889 989 0.438334
890 891 -0.451218
890 800 1.844791
890 990 -0.434695
891 892 -0.086191
891 801 -0.903203
891 991 -0.021745
892 893 -0.320670
892 802 -1.352989
892 992 -1.753732
893 894 -1.133451
893 803 -0.166490
893 993 0.795589
894 895 0.299134
894 804 0.409386
894 994 -0.112219
895 896 0.431537
895 805 -0.338922
895 995 -0.241852
896 897 -1.982882
896 806 0.604409
896 996 -1.176351
897 898 1.319276
897 807 -0.352636
897 997 -0.750219
898 899 0.498593
898 808 0.721232
898 998 -2.002690
899 890 1.035203
899 809 -0.423463
899 999 -1.652258
900 901 -0.860641
900 910 0.019266
900 0 1.248366
901 902 -2.081953
901 911 0.270290
901 1 -0.301903
902 903 -0.557180
902 912 0.079154
902 2 0.071036
903 904 0.144003
903 913 -1.217028
903 3 0.978103
904 905 0.251776
904 914 -0.511840
904 4 -0.536936
905 906 -0.712736
905 915 -1.498884
905 5 -0.398134
906 907 0.961756
906 916 1.266361
906 6 1.235563
907 908 -0.006070
907 917 -0.284017
907 7 -0.755883
908 909 0.738862
908 918 -0.671110
908 8 0.282570
909 900 1.009174
909 919 0.933507
909 9 0.927088
910 911 0.679226
910 920 -1.171464
910 10 2.113285
911 912 -0.013395
911 921 1.764244
911 11 0.037230
912 913 0.064162
912 922 1.315872
912 12 -1.092854
913 914 0.008982
913 923 0.720224
913 13 -2.233249
914 915 1.436350
914 924 -2.289321
914 14 1.340043
915 916 -1.072148
915 925 -2.041654
915 15 -0.669640
916 917 0.279008
916 926 1.530021
916 16 0.653299
917 918 -0.904516
917 927 0.776804
917 17 1.611789
918 919 0.408847
918 928 0.544012
918 18 1.386308
919 910 0.365438
919 929 -0.205261
919 19 -0.990178
920 921 2.298618
920 930 0.519339
920 20 -0.888221
921 922 -0.485557
921 931 0.665156
921 21 -0.720357
922 923 0.667537
922 932 -0.495148
922 22 0.593841
923 924 1.534038
923 933 1.265167
923 23 -1.329314
924 925 1.112685
924 934 -0.539553
924 24 -0.413400
925 926 0.481998
925 935 1.540098
925 25 -1.385750
926 927 0.776502
926 936 -1.217654
926 26 -1.455383
927 928 -0.639755
927 937 0.129034
927 27 -0.149135
928 929 0.101500
928 938 0.347492
928 28 0.582741
929 920 -0.104813
929 939 -1.324623
929 29 -1.232548
930 931 0.077576
930 940 0.928962
930 30 -0.489237
931 932 0.334971
931 941 0.371518
931 31 2.413281
932 933 1.257762
932 942 -1.574641
932 32 0.459392
933 934 -2.222045
933 943 0.576668
933 33 -0.242392
934 935 0.347082
934 944 -0.764324
934 34 -0.501106
935 936 0.946378
935 945 -0.572220
935 35 1.070482
936 937 -0.776969
936 946 -1.435944
936 36 -0.861539
937 938 1.327882
937 947 0.548740
937 37 -0.219991
938 939 1.077069
938 948 -1.487026
938 38 -0.641010
939 930 1.373260
939 949 0.984172
939 39 0.097195
940 941 -0.033861
940 950 1.049241
940 40 -1.008499
941 942 -1.873632
941 951 1.386117
941 41 0.504241
942 943 -1.061844
942 952 0.750003
942 42 -0.434800
943 944 -0.191662
943 953 0.176066
943 43 -0.853189
944 945 1.078380
944 954 0.760892
944 44 0.564132
945 946 -1.288175
945 955 0.429573
945 45 2.185503
946 947 -1.787773
946 956 1.166988
946 46 -1.286036
947 948 -0.601133
947 957 1.323302
947 47 -0.314702
948 949 -0.646155
948 958 0.093851
948 48 1.406487
949 940 1.802311
949 959 -1.278602
949 49 0.135071
950 951 0.094492
950 960 0.191926
950 50 0.220420
951 952 0.678901
951 961 1.361074
951 51 0.698540
952 953 1.988328
952 962 -1.116240
952 52 1.170621
953 954 -0.182705
953 963 1.817172
953 53 -0.616477
954 955 -0.192560
954 964 1.040239
954 54 0.059571
955 956 2.445271
955 965 -2.385962
955 55 1.065530
956 957 1.721586
956 966 0.141625
956 56 -0.143882
957 958 2.661864
957 967 0.812958
957 57 -0.797403
958 959 1.684650
958 968 -0.833394
958 58 0.450861
959 950 0.286351
959 969 -0.447662
959 59 0.214100
960 961 -0.572986
960 970 -0.211001
960 60 0.607692
961 962 0.132002
961 971 -0.960254
961 61 0.208937
962 963 -1.160025
962 972 -0.423940
962 62 0.626095
963 964 0.341212
963 973 1.599335
963 63 -0.575508
964 965 1.328990
964 974 0.013735
964 64 0.586357
965 966 0.652298
965 975 1.331987
965 65 -0.920022
966 967 0.661902
966 976 0.971230
966 66 -1.302665
967 968 0.142532
967 977 1.031647
967 67 0.319699
968 969 2.408857
968 978 0.112998
968 68 -0.434129
969 960 0.052473
969 979 0.067767
969 69 -0.375717
970 971 -0.013179
970 980 -0.221173
970 70 -1.448759
971 972 -0.413953
971 981 -0.389141
971 71 -1.326891
972 973 1.369358
972 982 -0.071191
972 72 0.158470
973 974 1.072003
973 983 -1.113930
973 73 0.091114
974 975 0.396856
974 984 0.327851
974 74 -0.430323
975 976 -0.499471
975 985 -0.147777
975 75 1.076437
976 977 0.678844
976 986 -1.789386
976 76 0.958005
977 978 -0.426366
977 987 -1.622754
977 77 -0.363841
978 979 0.310960
978 988 0.695720
978 78 0.924366
979 970 -0.061689
979 989 1.186708
979 79 0.076807
980 981 -0.528807
980 990 -0.406458
980 80 0.252201
981 982 0.224008
981 991 2.691674
981 81 -0.451550
982 983 0.842584
982 992 0.290347
982 82 2.229731
983 984 0.684094
983 993 -0.509778
983 83 0.126565
984 985 0.831199
984 994 -0.061422
984 84 1.401205
985 986 -0.561769
985 995 -1.034880
985 85 -0.386617
986 987 -0.250013
986 996 -0.799523
986 86 -1.034730
987 988 -0.846672
987 997 0.241649
987 87 -1.013667
988 989 0.116478
988 998 -0.689790
988 88 -1.118762
989 980 0.727477
989 999 0.312612
989 89 -0.817672
990 991 -0.740407
990 900 -0.139223
990 90 1.261894
991 992 -1.043267
991 901 1.726701
991 91 0.246023
992 993 -0.156286
992 902 -1.814545
992 92 -1.695812
993 994 -0.815386
993 903 0.401237
993 93 -1.235052
994 995 -1.783014
994 904 0.105882
994 94 0.309917
995 996 1.365984
995 905 -0.121132
995 95 0.955648
996 997 -0.141759
996 906 -0.227515
996 96 -1.073445
997 998 0.555010
997 907 0.373065
997 97 0.414321
998 999 -0.897575
998 908 0.901667
998 98 -0.074448
999 990 0.111839
999 909 -0.476230
999 99 0.259011
