0 1 0.029039
0 10 -2.341965
0 100 -1.178933
1 2 -1.067090
1 11 -1.300549
1 101 -0.067758
2 3 -1.302632
2 12 -0.493379
2 102 -0.224355
3 4 -1.285210
3 13 -1.387203
3 103 0.255974
4 5 -1.524981
4 14 1.520115
4 104 0.640868
5 6 1.485696
5 15 0.443951
5 105 -1.867620
6 7 -0.214556
6 16 -0.347248
6 106 -0.805934
7 8 -0.292069
7 17 -0.502273
7 107 0.801464
8 9 1.795906
8 18 0.385446
8 108 -0.589827
9 0 -0.967822
9 19 -0.124028
9 109 0.435214
10 11 1.307536
10 20 1.503910
10 110 -1.667651
11 12 -1.957284
11 21 -0.556550
11 111 -2.077179
12 13 -1.579715
12 22 -0.142561
12 112 -0.238032
13 14 -0.837653
13 23 0.857165
13 113 -1.601682
14 15 1.418562
14 24 -0.451272
14 114 -1.061789
15 16 1.909971
15 25 0.090068
15 115 0.162167
16 17 -1.705253
16 26 1.284703
16 116 0.562037
17 18 -0.315152
17 27 -0.933262
17 117 0.127289
18 19 1.050610
18 28 -0.272917
18 118 -1.580190
19 10 0.338566
19 29 -2.084881
19 119 -0.479113
20 21 0.114526
20 30 1.921221
20 120 -0.007224
21 22 -1.882888
21 31 0.682465
21 121 0.946203
22 23 1.951512
22 32 1.347799
22 122 1.276209
23 24 0.790339
23 33 0.351063
23 123 -0.397881
24 25 -0.118330
24 34 -1.901459
24 124 -0.628159
25 26 -0.224106
25 35 -0.148511
25 125 0.059136
26 27 0.098488
26 36 1.654542
26 126 -0.442654
27 28 -0.454282
27 37 -0.011863
27 127 -0.292789
28 29 0.524227
28 38 -0.301423
28 128 0.978925
29 20 0.475644
29 39 -1.723010
29 129 -1.481002
30 31 -1.030911
30 40 0.946360
30 130 -0.336800
31 32 -0.979899
31 41 -0.263457
31 131 1.066654
32 33 -0.158675
32 42 -1.182131
32 132 -0.122810
33 34 -0.911224
33 43 0.715355
33 133 0.104470
34 35 0.350625
34 44 0.199056
34 134 -0.613354
35 36 0.041070
35 45 1.427810
35 135 -0.785568
36 37 -0.547274
36 46 0.697188
36 136 0.867889
37 38 1.579773
37 47 0.803082
37 137 -1.021203
38 39 -1.964375
38 48 1.280224
38 138 0.175434
39 30 0.205680
39 49 0.136745
39 139 0.358448
40 41 1.371921
40 50 -0.890023
40 140 -0.609412
41 42 -1.164372
41 51 0.365685
41 141 -1.408100
42 43 0.241288
42 52 -0.244234
42 142 0.044324
43 44 -2.788409
43 53 1.008225
43 143 0.623402
44 45 -0.576520
44 54 1.340339
44 144 0.477423
45 46 -1.518670
45 55 -0.374466
45 145 0.156757
46 47 1.475685
46 56 -1.588328
46 146 1.073988
47 48 0.301366
47 57 1.288439
47 147 -0.479035
48 49 0.292768
48 58 2.370258
48 148 -1.533792
49 40 -0.353485
49 59 -0.006711
49 149 -0.517727
50 51 -0.330949
50 60 -0.274532
50 150 0.490181
51 52 0.374484
51 61 0.253428
51 151 -0.411651
52 53 -2.793469
52 62 -1.165021
52 152 -1.492525
53 54 -1.837489
53 63 0.619537
53 153 0.938499
54 55 1.897234
54 64 1.102959
54 154 -1.073369
55 56 -0.329102
55 65 -0.487189
55 155 -1.014111
56 57 -0.135723
56 66 0.000588
56 156 2.637309
57 58 -0.229764
57 67 2.053783
57 157 1.069991
58 59 -1.401184
58 68 0.928105
58 158 -0.148057
59 50 1.030116
59 69 -0.973250
59 159 1.308688
60 61 -0.813785
60 70 -0.231926
60 160 -1.086504
61 62 -0.190474
61 71 -1.186487
61 161 -1.265344
62 63 0.820794
62 72 0.343519
62 162 0.953562
63 64 1.992283
63 73 -0.242043
63 163 -2.060832
64 65 0.051748
64 74 1.829633
64 164 1.705900
65 66 -0.015989
65 75 -0.460852
65 165 0.516551
66 67 1.971557
66 76 -0.910696
66 166 0.640462
67 68 -0.895915
67 77 0.582115
67 167 0.775002
68 69 1.665297
68 78 -0.460458
68 168 1.049927
69 60 0.555154
69 79 1.462103
69 169 -0.630857
70 71 -0.667853
70 80 -0.494764
70 170 0.315969
71 72 0.203189
71 81 -0.512443
71 171 -0.975741
72 73 1.034256
72 82 -0.988484
72 172 -2.183639
73 74 -1.031630
73 83 0.187197
73 173 0.041376
74 75 -0.326323
74 84 -1.688441
74 174 0.327346
75 76 0.534155
75 85 -0.372171
75 175 0.087369
76 77 0.269180
76 86 -0.530997
76 176 0.859212
77 78 1.263032
77 87 -1.314704
77 177 -0.388420
78 79 -1.187722
78 88 -1.333331
78 178 -0.063412
79 70 1.022411
79 89 -0.156285
79 179 -2.431376
80 81 -1.966393
80 90 -0.075221
80 180 -0.620312
81 82 0.334133
81 91 2.001553
81 181 -0.420501
82 83 0.591166
82 92 -1.175219
82 182 -0.878810
83 84 -0.388379
83 93 -0.949044
83 183 1.055897
84 85 -1.331725
84 94 0.758527
84 184 1.606096
85 86 1.444601
85 95 1.366165
85 185 1.080285
86 87 1.281733
86 96 -0.771160
86 186 -0.009077
87 88 -0.401242
87 97 0.518624
87 187 -1.295728
88 89 -2.378585
88 98 -0.510455
88 188 -1.563623
89 80 0.965428
89 99 0.388641
89 189 0.738792
90 91 1.345080
90 0 -1.471602
90 190 -2.500022
91 92 1.365289
91 1 -0.301771
91 191 1.185307
92 93 1.477276
92 2 0.024146
92 192 0.346295
93 94 0.514795
93 3 -0.819134
93 193 1.266165
94 95 -1.842294
94 4 -0.585527
94 194 -1.740870
95 96 -0.075756
95 5 -0.833966
95 195 -0.909109
96 97 -0.083319
96 6 0.593281
96 196 1.637635
97 98 -0.154765
97 7 -0.616585
97 197 -1.016652
98 99 -0.023081
98 8 -1.207405
98 198 -0.235350
99 90 -1.379257
99 9 0.259520
99 199 -1.326994
100 101 -0.016073
100 110 0.858613
100 200 0.480888
101 102 0.410226
101 111 -0.589190
101 201 0.777105
102 103 -0.720370
102 112 -0.356593
102 202 0.139554
103 104 -0.598170
103 113 -0.218505
103 203 1.259015
104 105 -0.676861
104 114 0.513954
104 204 -0.858392
105 106 0.719568
105 115 -1.234115
105 205 1.382597
106 107 1.201175
106 116 0.648688
106 206 -0.633656
107 108 -0.488179
107 117 -0.109858
107 207 1.938705
108 109 1.663621
108 118 -1.348460
108 208 0.985134
109 100 -0.280349
109 119 0.413446
109 209 -0.733283
110 111 -1.121672
110 120 -0.071465
110 210 1.089878
111 112 -0.417894
111 121 2.068845
111 211 0.675195
112 113 -0.133520
112 122 -0.414247
112 212 0.846933
113 114 -2.359367
113 123 -0.986896
113 213 0.068439
114 115 0.314600
114 124 -0.521621
114 214 0.214552
115 116 -1.330349
115 125 -1.886902
115 215 1.849464
116 117 -0.338499
116 126 -0.832932
116 216 0.358294
117 118 2.460457
117 127 1.488659
117 217 -0.250993
118 119 -0.070041
118 128 -1.103648
118 218 -0.351982
119 110 1.425505
119 129 2.107640
119 219 0.731303
120 121 0.029802
120 130 -0.299112
120 220 0.178942
121 122 -1.709586
121 131 1.173312
121 221 0.925959
122 123 0.366040
122 132 0.693954
122 222 1.047074
123 124 0.944180
123 133 0.273052
123 223 0.048534
124 125 0.163788
124 134 -1.650872
124 224 -0.142326
125 126 0.065482
125 135 -0.105755
125 225 0.209379
126 127 1.387278
126 136 0.041960
126 226 0.478843
127 128 0.747206
127 137 -0.860876
127 227 2.229192
128 129 0.475350
128 138 -0.123266
128 228 -1.902251
129 120 0.055021
129 139 0.819633
129 229 0.254110
130 131 -1.097567
130 140 -1.662816
130 230 -1.573442
131 132 -1.170551
131 141 1.252640
131 231 0.005410
132 133 -2.474268
132 142 0.655793
132 232 0.525835
133 134 0.311034
133 143 1.496248
133 233 0.367920
134 135 -0.744069
134 144 -2.440001
134 234 0.197797
135 136 1.339486
135 145 0.759729
135 235 -0.908700
136 137 0.757168
136 146 1.913865
136 236 0.304091
137 138 0.934842
137 147 -0.894888
137 237 0.646466
138 139 0.688012
138 148 -0.821168
138 238 -0.051225
139 130 0.345523
139 149 -0.031514
139 239 -0.122266
140 141 -0.089197
140 150 0.767271
140 240 0.228471
141 142 -0.812204
141 151 -1.232265
141 241 0.155041
142 143 -0.544623
142 152 -0.503224
142 242 0.663595
143 144 -1.005466
143 153 0.152390
143 243 0.991167
144 145 1.091687
144 154 -0.060120
144 244 -0.379503
145 146 -1.082283
145 155 0.239413
145 245 -1.545300
146 147 -0.245974
146 156 -0.835477
146 246 0.012680
147 148 0.106211
147 157 -0.298823
147 247 0.273827
148 149 0.068496
148 158 -1.298406
148 248 -0.551850
149 140 0.982600
149 159 -0.775110
149 249 0.297610
150 151 0.272165
150 160 -2.219077
150 250 0.190766
151 152 -1.141780
151 161 -0.760645
151 251 0.059055
152 153 -0.795574
152 162 0.041326
152 252 1.158938
153 154 0.291145
153 163 1.009756
153 253 -0.229592
154 155 -0.297334
154 164 0.378005
154 254 -1.311978
155 156 0.286862
155 165 0.145688
155 255 -0.330965
156 157 -0.038938
156 166 -0.446452
156 256 0.358467
157 158 1.465987
157 167 0.359177
157 257 -0.449288
158 159 0.482948
158 168 -0.126114
158 258 -0.721549
159 150 -1.442050
159 169 1.463890
159 259 0.884948
160 161 0.423919
160 170 0.711198
160 260 0.006287
161 162 -1.649925
161 171 0.454578
161 261 1.478367
162 163 -0.268358
162 172 -1.373716
162 262 -0.070002
163 164 0.492021
163 173 -0.366492
163 263 3.105352
164 165 -0.804807
164 174 -1.260691
164 264 -0.441471
165 166 1.066861
165 175 0.551190
165 265 -0.955864
166 167 -0.460176
166 176 1.098125
166 266 1.849520
167 168 -0.348390
167 177 0.074332
167 267 -0.497785
168 169 -0.534726
168 178 -0.286106
168 268 0.927451
169 160 -0.246570
169 179 0.570608
169 269 -0.783453
170 171 -0.207467
170 180 0.585733
170 270 -0.302854
171 172 -0.651228
171 181 0.348966
171 271 -0.075632
172 173 -1.581984
172 182 -1.730820
172 272 -1.494464
173 174 0.061600
173 183 1.731519
173 273 0.789683
174 175 1.101064
174 184 0.457369
174 274 -0.358281
175 176 0.058734
175 185 -2.438390
175 275 0.351400
176 177 -0.993367
176 186 0.750818
176 276 -1.987941
177 178 -0.146375
177 187 1.520690
177 277 -1.947314
178 179 0.973826
178 188 -0.322209
178 278 0.700413
179 170 0.573855
179 189 -0.851535
179 279 -0.719465
180 181 1.782217
180 190 -1.217192
180 280 0.144677
181 182 0.004280
181 191 0.882546
181 281 -1.682139
182 183 -0.192676
182 192 1.876499
182 282 0.842920
183 184 -0.608707
183 193 0.354567
183 283 -0.331843
184 185 1.807713
184 194 -0.871636
184 284 0.197860
185 186 -0.771351
185 195 0.927040
185 285 -1.203421
186 187 -0.931074
186 196 0.427770
186 286 -0.548754
187 188 0.174786
187 197 1.014449
187 287 -0.433747
188 189 0.093010
188 198 -1.004040
188 288 0.791170
189 180 -0.327865
189 199 -0.301063
189 289 2.232326
190 191 -0.270537
190 100 -3.411928
190 290 0.870678
191 192 -0.056334
191 101 -0.503735
191 291 -0.629916
192 193 -0.460084
192 102 0.779591
192 292 -1.809331
193 194 -0.742684
193 103 0.961980
193 293 -0.477680
194 195 -0.032871
194 104 -0.036036
194 294 0.501285
195 196 -0.346838
195 105 -1.948290
195 295 -1.696177
196 197 -0.011614
196 106 -0.759884
196 296 0.140345
197 198 0.050563
197 107 -0.124108
197 297 0.783976
198 199 1.058361
198 108 1.452258
198 298 0.420393
199 190 -1.981375
199 109 0.768528
199 299 0.024531
200 201 1.057023
200 210 0.623061
200 300 0.658949
201 202 -0.947307
201 211 -2.022897
201 301 3.290404
202 203 0.863810
202 212 -0.550091
202 302 0.131294
203 204 0.280690
203 213 -0.161172
203 303 0.934747
204 205 0.478566
204 214 -0.374253
204 304 -1.080630
205 206 -0.259278
205 215 0.998667
205 305 -0.003237
206 207 -0.798313
206 216 0.261018
206 306 0.782377
207 208 -0.678409
207 217 0.302123
207 307 1.013558
208 209 -1.090523
208 218 -1.877467
208 308 -1.653530
209 200 0.686752
209 219 -0.094793
209 309 -0.211929
210 211 0.544462
210 220 0.770541
210 310 -1.439746
211 212 -1.174417
211 221 -1.948118
211 311 0.178097
212 213 0.321663
212 222 -0.422855
212 312 0.806914
213 214 -0.320557
213 223 -1.316357
213 313 0.082780
214 215 -1.005108
214 224 -2.109375
214 314 -0.775893
215 216 0.057930
215 225 2.185670
215 315 -0.317396
216 217 -1.247565
216 226 0.894768
216 316 -0.791495
217 218 -1.409540
217 227 -1.203504
217 317 -1.754333
218 219 -1.005801
218 228 0.020270
218 318 0.276727
219 210 2.246907
219 229 0.938789
219 319 1.294388
220 221 -0.337027
220 230 -0.632535
220 320 -0.164766
221 222 1.531375
221 231 1.844526
221 321 -0.454932
222 223 0.331467
222 232 1.376182
222 322 0.492509
223 224 -1.184651
223 233 -0.100742
223 323 0.452848
224 225 -1.802444
224 234 -1.102923
224 324 0.178917
225 226 -1.367005
225 235 0.699133
225 325 -0.375074
226 227 -0.403974
226 236 1.594676
226 326 0.268743
227 228 0.250130
227 237 -1.611328
227 327 -0.608563
228 229 -1.363502
228 238 -0.068214
228 328 1.220028
229 220 -1.606948
229 239 -0.024163
229 329 -0.470118
230 231 0.559405
230 240 0.317383
230 330 -1.930794
231 232 -0.313663
231 241 -0.883862
231 331 -1.595435
232 233 2.333326
232 242 -0.829494
232 332 -0.045670
233 234 0.749620
233 243 0.132036
233 333 0.016691
234 235 0.174872
234 244 0.918707
234 334 -1.322924
235 236 -0.075640
235 245 -1.160325
235 335 0.234349
236 237 -1.443709
236 246 0.523568
236 336 -1.853935
237 238 -0.007645
237 247 0.607463
237 337 1.373085
238 239 0.200505
238 248 0.844373
238 338 0.431101
239 230 -0.413789
239 249 -0.233442
239 339 -2.386237
240 241 -2.260908
240 250 -0.207726
240 340 0.709193
241 242 -0.326086
241 251 1.883048
241 341 0.079365
242 243 0.007567
242 252 -0.228422
242 342 -0.242140
243 244 -1.996034
243 253 -1.039467
243 343 0.255065
244 245 -0.840428
244 254 -2.840729
244 344 0.649568
245 246 -0.115752
245 255 -0.737337
245 345 -0.331323
246 247 -0.190142
246 256 0.822292
246 346 1.301912
247 248 0.455425
247 257 -1.655239
247 347 -0.221569
248 249 1.987732
248 258 -1.534972
248 348 0.312596
249 240 -0.253225
249 259 -0.915151
249 349 -0.441612
250 251 -0.428350
250 260 0.164537
250 350 0.581336
251 252 0.886597
251 261 -0.235792
251 351 1.197929
252 253 -0.222585
252 262 0.147931
252 352 1.312220
253 254 -1.192829
253 263 -1.250528
253 353 -1.689652
254 255 0.902512
254 264 0.005410
254 354 -1.593395
255 256 -0.049184
255 265 0.571827
255 355 0.200746
256 257 0.823263
256 266 0.817855
256 356 0.266028
257 258 -0.100696
257 267 -0.863351
257 357 0.383294
258 259 -1.000908
258 268 -0.396606
258 358 -0.751903
259 250 -0.442564
259 269 -0.280678
259 359 -0.637584
260 261 -1.911678
260 270 2.219711
260 360 -0.086553
261 262 0.670009
261 271 -0.901280
261 361 0.604138
262 263 -1.740793
262 272 -0.234317
262 362 -1.557643
263 264 -0.359231
263 273 0.922133
263 363 -0.397061
264 265 -1.264802
264 274 3.283251
264 364 -0.901563
265 266 -1.489651
265 275 -1.287371
265 365 1.604096
266 267 0.160513
266 276 -0.735288
266 366 0.373857
267 268 -0.142246
267 277 -0.060188
267 367 -0.234631
268 269 0.853758
268 278 -0.277456
268 368 0.600290
269 260 0.998898
269 279 0.242200
269 369 -0.872229
270 271 1.700885
270 280 -0.500135
270 370 0.235049
271 272 -0.691696
271 281 -0.823696
271 371 -1.146563
272 273 -2.290837
272 282 -1.801204
272 372 0.221262
273 274 0.037087
273 283 -2.564020
273 373 0.077382
274 275 -0.221367
274 284 -0.652477
274 374 0.781821
275 276 -0.501499
275 285 0.335013
275 375 1.422001
276 277 0.431728
276 286 -1.958376
276 376 1.168286
277 278 0.179504
277 287 -1.393639
277 377 -1.140642
278 279 -0.742406
278 288 -1.695525
278 378 0.646487
279 270 -0.329710
279 289 1.606596
279 379 -2.319821
280 281 0.455198
280 290 1.358106
280 380 -0.401348
281 282 -0.180758
281 291 0.412674
281 381 0.677996
282 283 -0.818698
282 292 -1.472301
282 382 -0.671687
283 284 0.946179
283 293 0.273964
283 383 1.430258
284 285 -0.406887
284 294 -0.498035
284 384 -0.630994
285 286 -0.298277
285 295 0.680027
285 385 -0.276404
286 287 0.836996
286 296 0.167629
286 386 0.310268
287 288 0.564410
287 297 -0.491542
287 387 -1.085832
288 289 -0.752963
288 298 -0.423226
288 388 0.210327
289 280 2.610502
289 299 -1.405459
289 389 0.055205
290 291 -1.073387
290 200 -0.475237
290 390 -1.413887
291 292 0.928019
291 201 -0.001633
291 391 -1.021073
292 293 0.820972
292 202 0.052806
292 392 -0.071779
293 294 1.609595
293 203 0.645288
293 393 -0.270787
294 295 -0.088352
294 204 -0.044446
294 394 -0.362229
295 296 0.295622
295 205 1.853186
295 395 0.235452
296 297 -1.761270
296 206 1.004687
296 396 -0.138611
297 298 0.148803
297 207 0.418932
297 397 0.222580
298 299 -0.093540
298 208 -0.660236
298 398 1.259280
299 290 1.400973
299 209 -0.017151
299 399 0.063023
300 301 -0.677393
300 310 0.000692
300 400 -0.454418
301 302 0.601290
301 311 -1.838278
301 401 1.376849
302 303 -0.289398
302 312 2.636166
302 402 0.344658
303 304 0.445983
303 313 -1.528392
303 403 0.242766
304 305 -1.960606
304 314 0.049782
304 404 -0.952878
305 306 -0.350085
305 315 -0.189519
305 405 0.316423
306 307 0.811793
306 316 -0.947538
306 406 -1.253844
307 308 -0.432666
307 317 0.189309
307 407 -0.522951
308 309 0.048081
308 318 -0.602894
308 408 -0.220759
309 300 -0.137747
309 319 -0.164383
309 409 1.096777
310 311 0.450577
310 320 -0.684108
310 410 1.603534
311 312 -1.087327
311 321 2.674360
311 411 0.535085
312 313 -1.416868
312 322 -0.270679
312 412 -1.105663
313 314 -0.109596
313 323 2.301531
313 413 0.010674
314 315 -0.098962
314 324 -0.343320
314 414 0.428433
315 316 -0.405729
315 325 0.931725
315 415 2.381502
316 317 0.756944
316 326 -0.594134
316 416 1.454999
317 318 -0.003596
317 327 1.568963
317 417 -0.683100
318 319 -0.133644
318 328 -1.054450
318 418 1.054877
319 310 1.471698
319 329 -0.678376
319 419 0.391318
320 321 -0.613428
320 330 0.786290
320 420 0.098147
321 322 -1.607061
321 331 0.933841
321 421 -0.549149
322 323 -0.635355
322 332 1.106590
322 422 0.661338
323 324 -0.393551
323 333 0.271363
323 423 -1.297061
324 325 -1.068662
324 334 -0.015836
324 424 -0.397376
325 326 -0.174558
325 335 -0.964422
325 425 -0.744272
326 327 -2.052152
326 336 -0.381458
326 426 0.300699
327 328 -0.486317
327 337 -0.007500
327 427 1.476471
328 329 0.333995
328 338 0.000480
328 428 0.022531
329 320 0.961190
329 339 -2.042257
329 429 1.586425
330 331 -0.649084
330 340 0.701039
330 430 -0.310363
331 332 -0.505887
331 341 -1.950813
331 431 0.576165
332 333 1.439355
332 342 1.702528
332 432 -1.541872
333 334 1.279584
333 343 1.455624
333 433 0.606534
334 335 -1.125205
334 344 0.258409
334 434 0.234798
335 336 0.472186
335 345 1.271247
335 435 0.167172
336 337 -0.708868
336 346 -0.489384
336 436 -0.759287
337 338 0.671711
337 347 -0.359446
337 437 1.056568
338 339 -0.339619
338 348 1.754382
338 438 0.010814
339 330 -0.948819
339 349 -1.051791
339 439 0.421993
340 341 -0.375270
340 350 -0.206085
340 440 -0.867333
341 342 -0.876970
341 351 -0.928679
341 441 0.813050
342 343 0.589594
342 352 -1.829655
342 442 2.009704
343 344 -0.438082
343 353 -0.450566
343 443 -1.304968
344 345 1.136147
344 354 -0.267324
344 444 -0.558548
345 346 -1.175123
345 355 1.699831
345 445 0.654519
346 347 -0.210378
346 356 0.604909
346 446 0.224581
347 348 1.077558
347 357 -1.033242
347 447 0.556600
348 349 -1.214788
348 358 0.129195
348 448 0.929605
349 340 -2.811456
349 359 1.159025
349 449 -1.432458
350 351 0.071096
350 360 0.865376
350 450 1.839077
351 352 0.952672
351 361 -0.366372
351 451 -0.167390
352 353 0.738149
352 362 1.358813
352 452 0.448802
353 354 0.894678
353 363 -1.048753
353 453 0.955320
354 355 -1.018383
354 364 -0.783878
354 454 -0.400111
355 356 -0.352323
355 365 0.099821
355 455 -0.451875
356 357 -0.692555
356 366 0.626301
356 456 -1.600658
357 358 -0.418110
357 367 -1.092930
357 457 0.094630
358 359 0.468946
358 368 0.684559
358 458 -0.237787
359 350 2.368875
359 369 1.425133
359 459 -0.626014
360 361 0.471013
360 370 0.227230
360 460 0.692425
361 362 -0.288441
361 371 0.049364
361 461 0.917698
362 363 -0.481830
362 372 0.029878
362 462 0.060866
363 364 -0.465681
363 373 0.498824
363 463 -1.095031
364 365 -1.223977
364 374 -0.457750
364 464 -0.447395
365 366 1.500740
365 375 -0.425787
365 465 -1.034708
366 367 -0.304563
366 376 -1.752094
366 466 2.255438
367 368 1.640616
367 377 -0.165402
367 467 -0.995214
368 369 0.031898
368 378 -0.630689
368 468 0.119592
369 360 0.641867
369 379 0.733419
369 469 -0.559282
370 371 -0.145510
370 380 0.430952
370 470 -0.241149
371 372 -0.286995
371 381 -0.292862
371 471 0.719677
372 373 -0.495237
372 382 -0.222458
372 472 -0.023347
373 374 0.473077
373 383 -0.903996
373 473 -1.593339
374 375 0.544736
374 384 -1.131845
374 474 -1.708263
375 376 -1.132183
375 385 0.660589
375 475 -1.338914
376 377 0.770405
376 386 -0.565043
376 476 0.358068
377 378 1.285362
377 387 -0.866692
377 477 -0.008003
378 379 0.158095
378 388 -2.607644
378 478 -0.532013
379 370 1.559935
379 389 0.560566
379 479 -1.043564
380 381 0.330343
380 390 0.730124
380 480 0.163478
381 382 0.403482
381 391 0.121026
381 481 0.234923
382 383 -0.230704
382 392 0.620207
382 482 -0.596383
383 384 -1.352790
383 393 -0.537977
383 483 0.738874
384 385 -0.912751
384 394 -0.127970
384 484 1.470139
385 386 -0.517910
385 395 0.606325
385 485 1.291331
386 387 -0.612020
386 396 0.050811
386 486 -0.819164
387 388 0.886808
387 397 -1.804868
387 487 -0.014013
388 389 -1.749240
388 398 0.766156
388 488 -0.440584
389 380 0.581235
389 399 -0.363812
389 489 -0.485100
390 391 -0.242285
390 300 -0.242718
390 490 -0.601662
391 392 0.687235
391 301 -0.439069
391 491 0.176434
392 393 0.914289
392 302 0.284105
392 492 -0.196673
393 394 -3.073109
393 303 1.545403
393 493 -1.042516
394 395 1.319551
394 304 -1.378839
394 494 -0.740576
395 396 0.187096
395 305 -0.256030
395 495 0.413120
396 397 0.621893
396 306 -0.282358
396 496 0.571985
397 398 -0.179088
397 307 1.740315
397 497 0.261711
398 399 1.663728
398 308 0.312133
398 498 -0.868218
399 390 -0.706789
399 309 -1.263933
399 499 -0.523949
400 401 -0.922476
400 410 0.294565
400 500 -1.064320
401 402 0.599403
401 411 2.136152
401 501 -0.145530
402 403 -0.090129
402 412 -1.397024
402 502 0.323789
403 404 0.011380
403 413 2.446765
403 503 0.393370
404 405 -0.725315
404 414 0.213134
404 504 -0.555377
405 406 0.364182
405 415 -0.119754
405 505 -0.074389
406 407 -1.416336
406 416 1.301458
406 506 1.078668
407 408 0.198828
407 417 -0.661754
407 507 0.358997
408 409 1.570861
408 418 0.257103
408 508 -1.122860
409 400 0.809952
409 419 0.437463
409 509 -1.091872
410 411 0.314349
410 420 -0.169800
410 510 0.127199
411 412 -2.259965
411 421 2.205599
411 511 -0.383504
412 413 -1.100165
412 422 -0.174907
412 512 -0.690792
413 414 -2.328157
413 423 0.328785
413 513 0.696796
414 415 0.393186
414 424 -0.385483
414 514 1.717800
415 416 -1.782909
415 425 0.057320
415 515 -0.767732
416 417 -0.693429
416 426 -0.617820
416 516 0.694830
417 418 0.799694
417 427 0.883169
417 517 -0.986715
418 419 -0.268597
418 428 -2.766121
418 518 -0.787196
419 410 0.141026
419 429 -0.100319
419 519 0.416248
420 421 0.799569
420 430 0.153599
420 520 0.739725
421 422 -0.060620
421 431 -0.019631
421 521 0.615012
422 423 -0.361771
422 432 1.572266
422 522 1.274721
423 424 0.298482
423 433 0.228831
423 523 0.505152
424 425 1.866024
424 434 -1.972805
424 524 1.659760
425 426 0.954504
425 435 -0.903813
425 525 1.804432
426 427 0.833953
426 436 1.924398
426 526 1.381005
427 428 0.597007
427 437 1.850193
427 527 -0.062866
428 429 0.234857
428 438 -1.459532
428 528 -0.715129
429 420 -1.745973
429 439 1.171887
429 529 0.946546
430 431 1.029030
430 440 0.970642
430 530 0.912238
431 432 0.492438
431 441 0.690502
431 531 1.063520
432 433 -0.533794
432 442 0.506163
432 532 -0.586590
433 434 -0.199048
433 443 2.007498
433 533 -0.324149
434 435 -1.655790
434 444 -0.687740
434 534 -0.194124
435 436 0.894204
435 445 0.646783
435 535 0.046142
436 437 -0.827443
436 446 -1.629870
436 536 0.200945
437 438 -0.147059
437 447 1.682306
437 537 2.900149
438 439 1.429827
438 448 0.351658
438 538 -0.520137
439 430 -0.442905
439 449 1.576635
439 539 -1.166949
440 441 0.210762
440 450 -0.406595
440 540 1.597571
441 442 -1.028146
441 451 0.081246
441 541 0.637108
442 443 1.287492
442 452 1.036375
442 542 -0.663404
443 444 -0.841426
443 453 0.113863
443 543 0.133925
444 445 -1.535279
444 454 0.142107
444 544 -1.964202
445 446 0.644461
445 455 0.236834
445 545 0.400154
446 447 -0.581414
446 456 0.258243
446 546 -0.065778
447 448 0.693083
447 457 1.117309
447 547 -0.469989
448 449 -1.525095
448 458 1.876798
448 548 1.628398
449 440 1.525187
449 459 0.636167
449 549 -0.536329
450 451 -1.089455
450 460 0.039350
450 550 -0.880930
451 452 -0.474731
451 461 -1.288274
451 551 0.432257
452 453 -0.317073
452 462 0.718389
452 552 -1.330856
453 454 1.818373
453 463 -1.875845
453 553 -0.333514
454 455 -0.616649
454 464 0.208387
454 554 0.847172
455 456 -0.401161
455 465 -1.521715
455 555 0.585895
456 457 -1.507949
456 466 0.190974
456 556 -0.271798
457 458 0.192952
457 467 0.234378
457 557 0.972848
458 459 -1.943527
458 468 0.067934
458 558 -0.142480
459 450 0.329126
459 469 -0.574332
459 559 -0.300095
460 461 0.159501
460 470 -1.117333
460 560 1.920700
461 462 0.998523
461 471 -0.998855
461 561 0.625980
462 463 -1.144924
462 472 0.996267
462 562 0.790017
463 464 1.137795
463 473 -0.133214
463 563 -1.794933
464 465 1.206780
464 474 0.574018
464 564 0.592054
465 466 0.803640
465 475 -0.279055
465 565 1.052119
466 467 0.114783
466 476 -0.104651
466 566 -0.493787
467 468 -0.586811
467 477 -0.450941
467 567 0.757906
468 469 -0.635411
468 478 1.724982
468 568 1.598383
469 460 0.764907
469 479 1.097068
469 569 0.204803
470 471 -0.015925
470 480 0.596674
470 570 0.232938
471 472 0.687672
471 481 -0.857897
471 571 -0.614055
472 473 0.469798
472 482 -0.119647
472 572 1.395028
473 474 -0.133806
473 483 -1.641806
473 573 1.722723
474 475 1.203168
474 484 -0.909622
474 574 -0.005257
475 476 -0.733474
475 485 1.262642
475 575 -0.327169
476 477 -2.120519
476 486 1.170823
476 576 1.140366
477 478 1.276759
477 487 -0.112500
477 577 -0.717128
478 479 0.290702
478 488 -0.389363
478 578 -1.771221
479 470 -0.259337
479 489 -0.273768
479 579 -0.001126
480 481 -1.206400
480 490 -0.070598
480 580 -0.877779
481 482 0.112630
481 491 0.442862
481 581 -1.191094
482 483 -1.239677
482 492 1.198968
482 582 0.014164
483 484 -1.847044
483 493 1.782549
483 583 0.596844
484 485 0.411432
484 494 0.536923
484 584 -0.795616
485 486 -0.135668
485 495 1.263016
485 585 -1.144966
486 487 -0.933823
486 496 -0.535762
486 586 -0.032193
487 488 0.660784
487 497 -0.118868
487 587 -0.826685
488 489 -0.440842
488 498 -0.631073
488 588 -0.380558
489 480 -1.179911
489 499 -0.791906
489 589 0.467151
490 491 -1.300635
490 400 -0.804955
490 590 -1.140022
491 492 -0.161216
491 401 1.050349
491 591 -0.070747
492 493 -0.194283
492 402 -0.000642
492 592 1.049945
493 494 -0.233052
493 403 0.884880
493 593 0.588679
494 495 -0.864004
494 404 -0.488265
494 594 0.522992
495 496 -0.159379
495 405 0.390870
495 595 -2.049579
496 497 -1.014957
496 406 0.185079
496 596 -0.341589
497 498 -0.788902
497 407 1.693590
497 597 -1.302978
498 499 1.167681
498 408 -0.202847
498 598 0.589645
499 490 -1.107729
499 409 0.778030
499 599 -0.987037
500 501 -0.172751
500 510 -0.148628
500 600 -0.390093
501 502 -2.309650
501 511 0.050163
501 601 0.698220
502 503 -1.433963
502 512 -0.846033
502 602 -1.705031
503 504 -1.744764
503 513 -1.140792
503 603 0.431754
504 505 -0.093637
504 514 0.417497
504 604 -0.457721
505 506 -1.063754
505 515 -0.226719
505 605 0.866556
506 507 -0.706768
506 516 -0.548408
506 606 0.794120
507 508 0.286763
507 517 -0.469034
507 607 -0.464892
508 509 0.493605
508 518 -0.755642
508 608 0.553850
509 500 -0.233569
509 519 1.100076
509 609 1.348916
510 511 -0.085273
510 520 0.266085
510 610 0.624095
511 512 -1.386841
511 521 0.258221
511 611 -2.244278
512 513 0.532938
512 522 0.053153
512 612 0.481321
513 514 0.041357
513 523 0.341706
513 613 0.031350
514 515 1.457574
514 524 1.167374
514 614 -0.301331
515 516 0.520744
515 525 1.418849
515 615 -1.133228
516 517 0.606742
516 526 0.362484
516 616 -1.203910
517 518 -0.758650
517 527 1.176618
517 617 0.530061
518 519 0.178183
518 528 1.018752
518 618 1.225415
519 510 -0.000322
519 529 -0.903664
519 619 0.598247
520 521 -0.788742
520 530 -0.625674
520 620 0.965576
521 522 0.487381
521 531 0.422553
521 621 0.607584
522 523 0.019036
522 532 0.179599
522 622 -0.866185
523 524 -1.462696
523 533 -1.967206
523 623 -1.632382
524 525 1.322031
524 534 1.601793
524 624 -0.964339
525 526 -0.180811
525 535 -0.140605
525 625 -0.701500
526 527 1.416132
526 536 0.155343
526 626 0.487025
527 528 1.541782
527 537 -1.695022
527 627 1.319032
528 529 0.866851
528 538 -0.556642
528 628 1.221541
529 520 0.023374
529 539 1.600046
529 629 -1.804426
530 531 -1.011144
530 540 0.758892
530 630 0.117515
531 532 -0.558719
531 541 -1.215117
531 631 -0.260912
532 533 0.173653
532 542 -0.017008
532 632 0.154254
533 534 0.954134
533 543 1.602461
533 633 1.376735
534 535 -0.165061
534 544 -0.442048
534 634 -0.110973
535 536 2.358709
535 545 -0.524083
535 635 1.567827
536 537 0.181912
536 546 3.125886
536 636 -0.251221
537 538 1.210705
537 547 -0.806509
537 637 1.882700
538 539 -1.430137
538 548 0.795300
538 638 -1.126083
539 530 -0.937104
539 549 -0.746638
539 639 1.453920
540 541 1.016452
540 550 -0.123591
540 640 -0.002964
541 542 -1.650976
541 551 -0.212381
541 641 -0.703248
542 543 0.289569
542 552 0.697654
542 642 -1.353181
543 544 2.346331
543 553 1.141527
543 643 0.410475
544 545 0.742905
544 554 1.095505
544 644 0.019131
545 546 -0.961993
545 555 -0.748988
545 645 -0.971419
546 547 1.194025
546 556 0.891616
546 646 -2.007031
547 548 0.324313
547 557 -0.224057
547 647 -0.087386
548 549 -2.177397
548 558 2.167614
548 648 -1.067205
549 540 0.707414
549 559 -1.701623
549 649 -0.016050
550 551 -0.793383
550 560 -0.141301
550 650 1.014418
551 552 -0.864669
551 561 0.145930
551 651 1.996090
552 553 1.084627
552 562 -0.363349
552 652 -0.310914
553 554 -2.578131
553 563 1.773336
553 653 0.368699
554 555 0.009834
554 564 0.404343
554 654 1.536361
555 556 -0.587114
555 565 0.546221
555 655 -0.515631
556 557 0.819647
556 566 0.451860
556 656 0.368473
557 558 -0.514343
557 567 -1.228047
557 657 1.352924
558 559 0.371259
558 568 0.165983
558 658 -0.821252
559 550 -1.909805
559 569 0.372158
559 659 1.381443
560 561 0.528200
560 570 0.287886
560 660 -0.773955
561 562 0.513237
561 571 0.327083
561 661 -1.113679
562 563 -0.260334
562 572 -0.563420
562 662 -0.744295
563 564 -1.514500
563 573 0.726231
563 663 -0.386185
564 565 0.053514
564 574 -0.931392
564 664 -0.546802
565 566 -0.663858
565 575 1.178693
565 665 -0.397524
566 567 -0.621438
566 576 0.515239
566 666 -0.184854
567 568 -0.935709
567 577 0.099518
567 667 -0.497114
568 569 -0.504707
568 578 -1.218574
568 668 -0.795051
569 560 1.910994
569 579 -0.259335
569 669 0.802509
570 571 0.934264
570 580 1.071195
570 670 1.212490
571 572 1.939920
571 581 0.316325
571 671 -1.159391
572 573 0.314581
572 582 -0.700072
572 672 -0.302335
573 574 -1.354919
573 583 -1.126840
573 673 0.968112
574 575 0.695887
574 584 -2.204742
574 674 -2.393650
575 576 0.448934
575 585 0.910498
575 675 0.978713
576 577 0.968314
576 586 -0.753999
576 676 0.843365
577 578 -0.564826
577 587 1.562215
577 677 0.164247
578 579 0.377667
578 588 0.662774
578 678 2.270904
579 570 0.229084
579 589 0.909195
579 679 -1.936317
580 581 0.385698
580 590 -0.468603
580 680 0.537222
581 582 1.516865
581 591 -0.134051
581 681 -0.486829
582 583 -0.299358
582 592 0.850816
582 682 -1.496898
583 584 -1.409845
583 593 0.424252
583 683 0.374415
584 585 0.307264
584 594 0.426533
584 684 -1.037154
585 586 0.106013
585 595 0.826642
585 685 0.412006
586 587 -0.560584
586 596 0.303926
586 686 0.152016
587 588 -0.618106
587 597 -0.667733
587 687 0.189847
588 589 -0.756697
588 598 -0.623607
588 688 0.932850
589 580 0.055533
589 599 -0.917496
589 689 -0.148614
590 591 -1.431603
590 500 -1.300212
590 690 -0.199167
591 592 -1.055496
591 501 -1.973108
591 691 1.752826
592 593 1.029495
592 502 -0.623607
592 692 1.475046
593 594 0.115647
593 503 -0.057424
593 693 -0.591154
594 595 0.190768
594 504 1.604259
594 694 -1.439993
595 596 0.743912
595 505 1.026835
595 695 -0.107480
596 597 -0.204212
596 506 -0.347027
596 696 1.334836
597 598 1.789387
597 507 -1.143792
597 697 -0.909706
598 599 -0.405114
598 508 0.006110
598 698 1.557528
599 590 0.475084
599 509 0.243833
599 699 0.337596
600 601 0.078693
600 610 0.230634
600 700 -0.410069
601 602 -1.091448
601 611 -0.362441
601 701 -0.739215
602 603 -0.065751
602 612 -1.939575
602 702 1.573324
603 604 0.601236
603 613 -0.178248
603 703 -0.314404
604 605 -2.271982
604 614 -0.106659
604 704 -1.327902
605 606 -0.376133
605 615 0.415894
605 705 -0.251809
606 607 0.186425
606 616 -0.976627
606 706 -2.159916
607 608 -2.429641
607 617 -0.139526
607 707 -0.362121
608 609 1.022770
608 618 -1.398903
608 708 2.148024
609 600 -1.316447
609 619 0.230351
609 709 0.939690
610 611 1.031678
610 620 -1.897264
610 710 0.419527
611 612 -0.747044
611 621 0.149870
611 711 1.428049
612 613 -0.007788
612 622 1.859954
612 712 0.609626
613 614 -0.870803
613 623 -0.364041
613 713 0.228228
614 615 -0.596110
614 624 -0.016686
614 714 0.436787
615 616 -1.605662
615 625 -2.469029
615 715 -0.333622
616 617 0.875804
616 626 -0.871236
616 716 0.789289
617 618 -0.976091
617 627 -0.557946
617 717 1.107042
618 619 0.348101
618 628 -0.682452
618 718 0.827948
619 610 0.616873
619 629 -0.314422
619 719 0.644421
620 621 0.348657
620 630 0.663327
620 720 -1.429027
621 622 -0.961439
621 631 -0.624963
621 721 -0.232639
622 623 -0.067603
622 632 1.221264
622 722 0.853076
623 624 -0.866187
623 633 0.735454
623 723 0.815038
624 625 -0.803733
624 634 -0.554270
624 724 -0.084207
625 626 0.775016
625 635 -0.321071
625 725 -0.197154
626 627 0.941709
626 636 1.793365
626 726 -1.445647
627 628 -0.196472
627 637 -1.964383
627 727 -0.379542
628 629 0.085154
628 638 -0.725627
628 728 0.413161
629 620 1.575515
629 639 0.881550
629 729 0.596856
630 631 0.431930
630 640 -3.050539
630 730 0.270063
631 632 0.032004
631 641 -0.021328
631 731 -0.596722
632 633 -0.465099
632 642 0.219390
632 732 -0.747178
633 634 -0.600639
633 643 -0.486036
633 733 1.176666
634 635 0.507327
634 644 0.967037
634 734 0.874725
635 636 -1.949362
635 645 -2.697796
635 735 1.232482
636 637 -0.292313
636 646 0.696386
636 736 0.006623
637 638 0.924394
637 647 0.939814
637 737 -1.235825
638 639 -1.896690
638 648 0.571677
638 738 0.951549
639 630 -0.640213
639 649 0.947431
639 739 1.437256
640 641 1.717994
640 650 0.869165
640 740 0.766686
641 642 -0.068548
641 651 1.053537
641 741 1.569828
642 643 1.977267
642 652 1.985122
642 742 1.256366
643 644 -0.358224
643 653 0.725832
643 743 -0.824404
644 645 -0.916891
644 654 -0.471357
644 744 0.761726
645 646 -0.716853
645 655 1.168092
645 745 -0.025552
646 647 1.902242
646 656 -0.071659
646 746 0.960529
647 648 -0.526750
647 657 0.774892
647 747 1.191408
648 649 0.174048
648 658 0.749994
648 748 -0.559398
649 640 -0.441605
649 659 -0.487583
649 749 -0.696590
650 651 0.956513
650 660 -1.041561
650 750 -1.116513
651 652 0.523470
651 661 0.085789
651 751 -0.018948
652 653 1.324367
652 662 -0.232683
652 752 -1.380491
653 654 2.270553
653 663 0.593261
653 753 1.048162
654 655 -0.229710
654 664 -1.017963
654 754 1.196941
655 656 0.181580
655 665 0.974261
655 755 0.304100
656 657 0.697025
656 666 -0.168546
656 756 -1.440151
657 658 0.201899
657 667 1.554901
657 757 -0.752241
658 659 -0.498035
658 668 0.418632
658 758 -0.232184
659 650 0.078342
659 669 -0.299434
659 759 0.281779
660 661 -0.172407
660 670 0.773168
660 760 -1.536805
661 662 -1.462669
661 671 0.289868
661 761 0.096714
662 663 -2.171312
662 672 0.705570
662 762 -0.167078
663 664 -0.524878
663 673 -0.086580
663 763 1.526433
664 665 0.150526
664 674 -0.408289
664 764 -1.515920
665 666 0.521041
665 675 1.405326
665 765 0.046669
666 667 -0.979716
666 676 1.291754
666 766 -0.264619
667 668 -0.558864
667 677 1.809609
667 767 -0.033407
668 669 -1.286324
668 678 0.166030
668 768 -0.330590
669 660 -1.181144
669 679 -0.704455
669 769 1.441714
670 671 0.172935
670 680 -0.171220
670 770 -0.115489
671 672 0.999746
671 681 -0.058704
671 771 0.745755
672 673 -0.649806
672 682 -0.396468
672 772 -1.753474
673 674 0.443375
673 683 -2.400971
673 773 1.845898
674 675 -1.105228
674 684 0.381881
674 774 -0.132573
675 676 -0.347034
675 685 1.110347
675 775 1.396872
676 677 1.543466
676 686 0.128044
676 776 -0.680221
677 678 0.365911
677 687 -0.649931
677 777 -0.124037
678 679 -0.697964
678 688 0.051514
678 778 0.621435
679 670 -0.302496
679 689 0.933378
679 779 -0.025988
680 681 0.722767
680 690 -2.380989
680 780 -0.434341
681 682 1.245007
681 691 0.103668
681 781 -0.808292
682 683 0.636432
682 692 0.353749
682 782 -1.516952
683 684 -0.436227
683 693 0.220233
683 783 -0.207112
684 685 0.566491
684 694 0.228150
684 784 2.014922
685 686 0.377963
685 695 1.962194
685 785 0.279164
686 687 0.858547
686 696 0.737651
686 786 -1.994807
687 688 0.649200
687 697 1.326392
687 787 0.820233
688 689 -0.694662
688 698 0.828584
688 788 0.476300
689 680 -0.218676
689 699 -1.141997
689 789 -0.873641
690 691 -0.972998
690 600 0.583603
690 790 -0.163872
691 692 -1.990013
691 601 -0.849943
691 791 -0.080957
692 693 -0.086975
692 602 -0.715486
692 792 -0.495107
693 694 0.499507
693 603 0.551260
693 793 -0.940995
694 695 0.962254
694 604 1.070101
694 794 -1.605962
695 696 1.524207
695 605 -0.397363
695 795 0.908380
696 697 -0.618416
696 606 -0.550855
696 796 0.949626
697 698 0.241199
697 607 0.309540
697 797 -0.130858
698 699 -1.988632
698 608 0.171499
698 798 1.256421
699 690 0.302416
699 609 0.373079
699 799 -0.855353
700 701 -1.223590
700 710 0.523734
700 800 0.154409
701 702 -1.412821
701 711 0.578683
701 801 1.976416
702 703 -0.418404
702 712 -1.063387
702 802 -0.350776
703 704 -0.562355
703 713 -0.069676
703 803 1.467376
704 705 -0.487125
704 714 -0.676590
704 804 -0.169370
705 706 1.385909
705 715 1.626028
705 805 1.805299
706 707 -0.183680
706 716 -2.508735
706 806 -0.839133
707 708 2.781129
707 717 -0.250723
707 807 -0.157469
708 709 0.282301
708 718 -0.512874
708 808 0.376758
709 700 -0.351655
709 719 -0.755403
709 809 1.544312
710 711 0.047189
710 720 -0.752723
710 810 0.241729
711 712 -0.564933
711 721 0.166756
711 811 0.667726
712 713 -0.972215
712 722 0.440517
712 812 -0.628167
713 714 -0.344371
713 723 0.863535
713 813 -0.447903
714 715 0.401207
714 724 -1.210906
714 814 -1.398086
715 716 0.729660
715 725 0.033449
715 815 0.978722
716 717 -1.176352
716 726 -0.990187
716 816 -0.671107
717 718 -0.729744
717 727 -1.306756
717 817 -0.539168
718 719 -1.469153
718 728 0.785117
718 818 0.441790
719 710 0.176320
719 729 1.068130
719 819 0.680722
720 721 0.668360
720 730 -0.028051
720 820 0.783463
721 722 -0.696297
721 731 0.446405
721 821 0.884994
722 723 0.337068
722 732 -0.832951
722 822 0.644362
723 724 -0.433785
723 733 0.541286
723 823 0.391381
724 725 -0.058116
724 734 -0.443545
724 824 -0.311802
725 726 -1.636891
725 735 0.142439
725 825 -0.191357
726 727 -0.388677
726 736 -1.649978
726 826 -0.240406
727 728 -0.672973
727 737 0.302781
727 827 -1.371546
728 729 -0.354463
728 738 -0.883241
728 828 0.129018
729 720 1.901819
729 739 -1.757908
729 829 -0.410682
730 731 -0.629850
730 740 -0.249416
730 830 -0.109661
731 732 2.663590
731 741 0.382621
731 831 -0.232061
732 733 1.087511
732 742 -0.795217
732 832 -1.064193
733 734 0.601329
733 743 -0.816480
733 833 -0.686031
734 735 1.579097
734 744 -0.612009
734 834 0.434995
735 736 -0.498183
735 745 -1.951447
735 835 -1.109622
736 737 -1.977398
736 746 1.243704
736 836 -2.720062
737 738 -0.269633
737 747 1.652987
737 837 -0.031493
738 739 -2.411543
738 748 1.483010
738 838 0.679633
739 730 0.051480
739 749 0.029036
739 839 0.123649
740 741 -1.630427
740 750 0.602236
740 840 -0.538063
741 742 -1.129524
741 751 -0.750668
741 841 -0.244945
742 743 -2.237642
742 752 1.927971
742 842 -2.410041
743 744 0.432815
743 753 0.207673
743 843 -0.615068
744 745 -0.633000
744 754 -1.168789
744 844 0.514721
745 746 0.388185
745 755 -1.120878
745 845 -0.826977
746 747 0.050345
746 756 -0.924708
746 846 1.177062
747 748 1.008515
747 757 -0.643117
747 847 -0.669264
748 749 -0.486278
748 758 1.675027
748 848 0.002820
749 740 -0.061010
749 759 0.296577
749 849 0.657590
750 751 -1.311442
750 760 -0.762747
750 850 -0.730973
751 752 -0.188043
751 761 0.274793
751 851 0.156492
752 753 -0.008646
752 762 -0.620507
752 852 0.908741
753 754 0.506688
753 763 -0.347070
753 853 -0.357523
754 755 0.778713
754 764 0.634470
754 854 -1.510201
755 756 -1.405246
755 765 0.263613
755 855 -2.288483
756 757 1.859918
756 766 -0.159003
756 856 -0.846503
757 758 0.876423
757 767 0.657574
757 857 -0.860585
758 759 1.461968
758 768 1.472195
758 858 1.457188
759 750 0.111079
759 769 0.413878
759 859 -0.213938
760 761 -0.110668
760 770 0.995420
760 860 0.603640
761 762 0.698877
761 771 0.357179
761 861 0.317265
762 763 2.221926
762 772 -0.157868
762 862 0.065033
763 764 0.215557
763 773 1.193643
763 863 0.946146
764 765 0.678760
764 774 -1.009573
764 864 0.872447
765 766 0.294425
765 775 -1.005736
765 865 0.012203
766 767 -0.958809
766 776 -1.019405
766 866 -0.832323
767 768 1.403308
767 777 -0.271434
767 867 -0.338062
768 769 1.401388
768 778 1.259552
768 868 -0.348889
769 760 -0.916721
769 779 0.301341
769 869 -0.950757
770 771 1.407047
770 780 0.008821
770 870 1.432150
771 772 0.779761
771 781 -0.411025
771 871 -3.159034
772 773 -0.508863
772 782 -0.457238
772 872 1.725825
773 774 0.279681
773 783 1.497062
773 873 -0.605120
774 775 0.243920
774 784 -0.926713
774 874 -0.013165
775 776 -0.911683
775 785 -1.219609
775 875 -1.395255
776 777 1.957948
776 786 0.460760
776 876 -0.739873
777 778 1.611591
777 787 0.677555
777 877 1.996596
778 779 -0.642955
778 788 -0.758495
778 878 -1.115110
779 770 1.764752
779 789 0.597700
779 879 0.409655
780 781 0.947353
780 790 0.657417
780 880 1.200412
781 782 0.012296
781 791 -0.010653
781 881 1.534861
782 783 -0.157989
782 792 -2.273427
782 882 -0.297751
783 784 0.584275
783 793 0.549590
783 883 -0.168501
784 785 0.349430
784 794 -0.383688
784 884 0.584944
785 786 -0.492563
785 795 0.949524
785 885 0.179523
786 787 -1.375748
786 796 1.598989
786 886 1.415574
787 788 1.058461
787 797 0.843232
787 887 0.251769
788 789 -0.576863
788 798 -1.219080
788 888 0.498064
789 780 0.114030
789 799 -0.174335
789 889 -0.231106
790 791 -0.938044
790 700 -2.490348
790 890 -0.503258
791 792 -1.682536
791 701 0.019772
791 891 -1.576988
792 793 0.042234
792 702 0.066853
792 892 0.439986
793 794 0.686355
793 703 1.983290
793 893 0.962704
794 795 0.038837
794 704 0.461151
794 894 -1.949556
795 796 0.175900
795 705 0.005693
795 895 -0.373059
796 797 -1.284085
796 706 0.789278
796 896 0.293269
797 798 -1.457573
797 707 -1.409444
797 897 -0.825745
798 799 0.650142
798 708 0.686115
798 898 -1.165132
799 790 -0.866259
799 709 -0.467380
799 899 -0.107885
800 801 -0.017654
800 810 0.001054
800 900 1.430770
801 802 -1.892690
801 811 -0.386033
801 901 -0.776988
802 803 0.188385
802 812 -0.361222
802 902 -2.746894
803 804 1.658829
803 813 1.598610
803 903 -0.507855
804 805 0.946568
804 814 -0.229300
804 904 -0.520174
805 806 -1.333327
805 815 -1.092576
805 905 1.492089
806 807 0.076629
806 816 0.401378
806 906 -0.589023
807 808 3.056342
807 817 -0.382110
807 907 -2.058118
808 809 -0.122178
808 818 0.539772
808 908 -1.684148
809 800 -0.821779
809 819 -1.041629
809 909 -0.458983
810 811 0.562504
810 820 0.208517
810 910 -0.285338
811 812 -0.754216
811 821 -0.141487
811 911 -0.420599
812 813 -0.107716
812 822 -1.290867
812 912 -1.232664
813 814 0.296557
813 823 0.851315
813 913 1.050417
814 815 -1.032853
814 824 0.749326
814 914 -1.009268
815 816 -0.264030
815 825 0.138841
815 915 -0.434829
816 817 0.228805
816 826 -0.009518
816 916 -0.415292
817 818 -0.437178
817 827 -1.745495
817 917 0.712087
818 819 -0.474462
818 828 -0.289232
818 918 0.573238
819 810 -1.192711
819 829 0.749384
819 919 -0.288785
820 821 -1.189720
820 830 -0.091806
820 920 0.167928
821 822 0.874179
821 831 -1.503069
821 921 0.054761
822 823 -0.708884
822 832 -0.192745
822 922 0.299244
823 824 1.659695
823 833 0.375528
823 923 1.390689
824 825 -0.854398
824 834 0.016065
824 924 -0.555620
825 826 0.625817
825 835 0.285030
825 925 0.062217
826 827 -2.101890
826 836 1.115722
826 926 1.585033
827 828 1.916919
827 837 -0.115113
827 927 0.625064
828 829 -1.286115
828 838 -1.637457
828 928 -0.513116
829 820 2.269718
829 839 -1.067891
829 929 0.759405
830 831 1.299821
830 840 -0.845097
830 930 0.029205
831 832 -1.662920
831 841 -0.454616
831 931 1.146371
832 833 -0.239098
832 842 0.143424
832 932 -1.019664
833 834 0.235658
833 843 -0.024553
833 933 1.558878
834 835 0.401474
834 844 -1.924978
834 934 -0.542418
835 836 0.250506
835 845 0.724579
835 935 0.536765
836 837 2.183120
836 846 -0.782472
836 936 -1.924133
837 838 0.951376
837 847 -0.305309
837 937 0.669738
838 839 -0.787509
838 848 -0.985505
838 938 0.463198
839 830 0.510755
839 849 -0.939048
839 939 -1.741279
840 841 -0.446949
840 850 0.327924
840 940 0.788886
841 842 -1.767280
841 851 0.481992
841 941 0.861235
842 843 1.352667
842 852 1.061407
842 942 0.071927
843 844 0.380871
843 853 0.154205
843 943 1.604493
844 845 -2.509904
844 854 0.136056
844 944 -0.219786
845 846 0.318450
845 855 -0.540329
845 945 1.624853
846 847 1.357747
846 856 0.969737
846 946 -1.073417
847 848 1.254636
847 857 1.190660
847 947 0.619234
848 849 -1.716427
848 858 0.324994
848 948 -0.064740
849 840 -1.125035
849 859 0.866424
849 949 0.403391
850 851 -0.667497
850 860 0.232218
850 950 -1.549392
851 852 0.081214
851 861 0.370685
851 951 0.337687
852 853 1.161945
852 862 -0.033690
852 952 2.250114
853 854 0.323911
853 863 0.542266
853 953 0.361634
854 855 -0.374941
854 864 0.041276
854 954 0.010325
855 856 1.671275
855 865 -0.187034
855 955 1.183449
856 857 -0.631512
856 866 -0.684179
856 956 1.152167
857 858 1.213579
857 867 1.411485
857 957 0.199958
858 859 -2.656356
858 868 -0.716003
858 958 -0.484080
859 850 1.121575
859 869 0.173367
859 959 0.281860
860 861 1.618725
860 870 1.936301
860 960 0.308655
861 862 -1.516575
861 871 -0.115404
861 961 -0.830303
862 863 0.010794
862 872 -1.023685
862 962 -0.622787
863 864 -0.681561
863 873 1.001777
863 963 0.719551
864 865 0.886832
864 874 -0.414663
864 964 0.269599
865 866 0.720707
865 875 0.849735
865 965 -0.401192
866 867 0.238286
866 876 -0.254113
866 966 -0.552349
867 868 -0.609442
867 877 0.271481
867 967 -0.908788
868 869 0.788190
868 878 0.341569
868 968 0.328653
869 860 0.979573
869 879 0.891656
869 969 -1.298474
870 871 -1.428853
870 880 -0.560043
870 970 -0.438465
871 872 0.121337
871 881 -0.394283
871 971 -1.708198
872 873 -1.313355
872 882 -0.279770
872 972 0.863868
873 874 -0.228515
873 883 0.192477
873 973 0.430770
874 875 -1.370171
874 884 0.049462
874 974 -1.996661
875 876 -0.109619
875 885 -0.710147
875 975 -1.511661
876 877 0.368703
876 886 0.366382
876 976 -0.680057
877 878 -0.071901
877 887 -1.270658
877 977 1.843446
878 879 2.036655
878 888 -0.261647
878 978 -0.119679
879 870 -0.495704
879 889 -1.115020
879 979 -0.046726
880 881 0.788520
880 890 0.081129
880 980 -1.920350
881 882 0.269906
881 891 -0.396051
881 981 -0.545246
882 883 1.960631
882 892 1.765180
882 982 -0.098621
883 884 0.181225
883 893 -0.118283
883 983 -0.193773
884 885 -1.518893
884 894 -0.454785
884 984 -0.029002
885 886 -0.304090
885 895 -0.191501
885 985 0.242827
886 887 -0.071992
886 896 -1.016973
886 986 -0.445061
887 888 2.183943
887 897 -0.290785
887 987 0.119498
888 889 1.468172
888 898 0.960756
888 988 0.776544
889 880 1.138988
889 899 0.156417
889 989 -0.143627
890 891 -0.262855
890 800 0.132090
890 990 -0.505338
891 892 0.093565
891 801 -2.709716
891 991 -1.672317
892 893 -0.867219
892 802 0.453273
892 992 -0.282765
893 894 0.395384
893 803 1.603756
893 993 0.145738
894 895 1.393283
894 804 -2.221087
894 994 1.737067
895 896 1.022036
895 805 -1.103762
895 995 -0.956623
896 897 -0.687331
896 806 -0.938769
896 996 0.965365
897 898 0.448833
897 807 -0.476731
897 997 -1.022296
898 899 -2.299270
898 808 -1.573188
898 998 -1.287071
899 890 -0.229215
899 809 -2.386866
899 999 -0.415219
900 901 0.478615
900 910 0.016541
900 0 0.325398
901 902 1.010891
901 911 -1.196485
901 1 -0.035016
902 903 1.052217
902 912 -0.881489
902 2 1.252926
903 904 1.709752
903 913 0.133801
903 3 -0.098817
904 905 0.564853
904 914 0.221820
904 4 0.679551
905 906 0.685049
905 915 -0.373240
905 5 1.130801
906 907 1.190236
906 916 -2.117414
906 6 -0.098724
907 908 -0.746384
907 917 -0.237125
907 7 0.384158
908 909 0.008240
908 918 0.368670
908 8 -0.808854
909 900 0.348530
909 919 -0.798577
909 9 0.581391
910 911 0.055237
910 920 -0.370015
910 10 -0.646841
911 912 -1.109355
911 921 0.174683
911 11 1.080984
912 913 0.292262
912 922 -1.239173
912 12 2.163441
913 914 -0.066447
913 923 0.227105
913 13 0.940684
914 915 0.034370
914 924 -2.413819
914 14 0.867571
915 916 -1.343744
915 925 -0.439371
915 15 -0.190164
916 917 -0.818084
916 926 -1.273350
916 16 -1.898718
917 918 1.295102
917 927 -0.342321
917 17 1.434510
918 919 1.377438
918 928 -1.223573
918 18 0.036259
919 910 0.725367
919 929 2.268717
919 19 1.000994
920 921 1.030014
920 930 0.993428
920 20 0.099137
921 922 0.887769
921 931 -2.398729
921 21 1.592581
922 923 0.867680
922 932 -0.635842
922 22 -0.655183
923 924 -1.927646
923 933 -0.080362
923 23 -1.330422
924 925 1.730048
924 934 0.407799
924 24 0.302703
925 926 -0.165526
925 935 -1.286602
925 25 0.673993
926 927 -1.480693
926 936 -0.517790
926 26 -1.627151
927 928 -1.404464
927 937 0.579274
927 27 1.582062
928 929 1.193204
928 938 -1.605316
928 28 1.629087
929 920 0.759977
929 939 -1.313396
929 29 1.634818
930 931 1.531629
930 940 0.439907
930 30 0.236121
931 932 1.300640
931 941 -0.433470
931 31 2.215363
932 933 -0.049676
932 942 1.868067
932 32 -0.939562
933 934 0.365446
933 943 1.875483
933 33 -0.706452
934 935 2.067622
934 944 -0.731615
934 34 -0.607530
935 936 -1.915158
935 945 1.502130
935 35 0.651055
936 937 -0.712003
936 946 -0.125723
936 36 -0.846872
937 938 0.636161
937 947 -0.633025
937 37 -1.009180
938 939 -1.094221
938 948 -0.137434
938 38 -0.494718
939 930 -0.695054
939 949 0.312055
939 39 0.290175
940 941 -0.908120
940 950 -1.383556
940 40 -1.931915
941 942 -0.015564
941 951 -1.896579
941 41 0.918676
942 943 0.741309
942 952 -0.633712
942 42 1.787956
943 944 0.233776
943 953 0.075871
943 43 0.930539
944 945 0.430308
944 954 -0.539442
944 44 -1.611570
945 946 0.805147
945 955 -1.416166
945 45 -0.222723
946 947 -0.205949
946 956 1.039965
946 46 -0.288970
947 948 0.388708
947 957 -0.937305
947 47 -0.711151
948 949 -0.323084
948 958 0.898253
948 48 -1.644165
949 940 -0.787640
949 959 -1.634435
949 49 -0.173712
950 951 -0.262304
950 960 0.187464
950 50 -0.778838
951 952 -0.006568
951 961 0.292757
951 51 -0.161760
952 953 -2.182567
952 962 2.065513
952 52 -1.439178
953 954 -0.605847
953 963 -0.398205
953 53 0.390961
954 955 -0.741013
954 964 0.596043
954 54 0.447365
955 956 0.786656
955 965 0.525828
955 55 -1.335582
956 957 -0.086326
956 966 -0.191278
956 56 0.087160
957 958 0.068477
957 967 1.634830
957 57 0.343381
958 959 -0.264753
958 968 2.205219
958 58 1.392653
959 950 -1.390781
959 969 0.279166
959 59 0.567742
960 961 0.467587
960 970 0.546705
960 60 -0.113293
961 962 1.334470
961 971 -0.897135
961 61 0.886584
962 963 2.021505
962 972 -1.121406
962 62 1.522638
963 964 1.402525
963 973 -0.787527
963 63 0.787398
964 965 0.306857
964 974 0.288479
964 64 -0.014194
965 966 0.280450
965 975 -0.526985
965 65 -1.725829
966 967 -0.043269
966 976 0.030309
966 66 -0.970212
967 968 -0.640032
967 977 1.313526
967 67 1.090846
968 969 -0.596222
968 978 -0.185439
968 68 -0.038608
969 960 -0.021697
969 979 2.145818
969 69 0.275572
970 971 1.120224
970 980 -0.016578
970 70 -0.708994
971 972 -0.441724
971 981 0.364474
971 71 -0.449690
972 973 0.983339
972 982 0.799859
972 72 -1.250101
973 974 -1.298597
973 983 1.770857
973 73 0.215643
974 975 0.641283
974 984 0.482058
974 74 -2.040586
975 976 1.695858
975 985 -2.126972
975 75 1.408212
976 977 0.506403
976 986 -0.112355
976 76 0.683267
977 978 -0.678734
977 987 0.620418
977 77 1.950631
978 979 0.021386
978 988 0.369953
978 78 0.057895
979 970 -0.648400
979 989 0.863800
979 79 -0.397873
980 981 0.194696
980 990 -0.192005
980 80 0.543308
981 982 1.025057
981 991 -1.467636
981 81 0.490126
982 983 0.570852
982 992 -0.116725
982 82 -0.159128
983 984 -0.458515
983 993 2.323697
983 83 0.759463
984 985 1.123590
984 994 0.321734
984 84 -0.098486
985 986 -1.176953
985 995 0.126377
985 85 -0.582207
986 987 -1.432860
986 996 -0.231623
986 86 0.904720
987 988 -0.167342
987 997 -1.460559
987 87 -1.425814
988 989 1.013581
988 998 -0.327948
988 88 0.577382
989 980 0.216145
989 999 0.324389
989 89 -2.038206
990 991 -0.049752
990 900 2.726298
990 90 -1.672236
991 992 -0.158559
991 901 0.816672
991 91 -1.054117
992 993 0.704173
992 902 -0.286601
992 92 -0.306004
993 994 -0.392455
993 903 0.903679
993 93 0.427369
994 995 -0.299910
994 904 0.681017
994 94 -0.741185
995 996 -0.121792
995 905 -0.150484
995 95 -0.383760
996 997 0.058269
996 906 -0.123715
996 96 -0.293068
997 998 0.037063
997 907 1.356591
997 97 0.145396
998 999 0.914690
998 908 0.104996
998 98 -0.031155
999 990 -0.959363
999 909 -0.932118
999 99 0.213554
