0 1 0.165115
0 10 0.449328
0 100 -0.444456
1 2 1.488139
1 11 0.633010
1 101 0.556983
2 3 -1.302383
2 12 -1.658410
2 102 0.419453
3 4 -0.273039
3 13 2.480267
3 103 -0.965446
4 5 1.399413
4 14 -0.691766
4 104 0.769190
5 6 -1.768562
5 15 -0.006873
5 105 0.171374
6 7 -0.244877
6 16 -1.917013
6 106 -1.449443
7 8 -2.026654
7 17 -0.271083
7 107 0.216698
8 9 -0.535083
8 18 -0.061232
8 108 0.334534
9 0 0.814220
9 19 -1.392733
9 109 1.346419
10 11 -0.156493
10 20 0.181103
10 110 -0.061438
11 12 1.138422
11 21 -1.248406
11 111 -0.325929
12 13 -0.383961
12 22 -1.179215
12 112 -1.001248
13 14 0.479363
13 23 -1.484453
13 113 -0.573225
14 15 1.083476
14 24 -1.116307
14 114 1.508336
15 16 1.284768
15 25 -0.497105
15 115 0.575303
16 17 -0.860289
16 26 -0.917405
16 116 -0.349278
17 18 0.713621
17 27 1.491582
17 117 -0.154883
18 19 -1.110815
18 28 -0.214757
18 118 0.743224
19 10 2.024080
19 29 1.031288
19 119 -0.543402
20 21 -0.710274
20 30 0.307314
20 120 -1.935672
21 22 -3.158547
21 31 0.064699
21 121 0.588965
22 23 1.306130
22 32 -2.370111
22 122 -0.857863
23 24 -0.444773
23 33 -0.214004
23 123 -0.515032
24 25 -0.981521
24 34 -2.405974
24 124 -0.029954
25 26 -0.460277
25 35 -0.958554
25 125 0.701722
26 27 0.674668
26 36 -0.329215
26 126 -0.562697
27 28 0.675898
27 37 0.030718
27 127 0.102226
28 29 -1.391021
28 38 0.977626
28 128 0.454277
29 20 -0.844206
29 39 0.368452
29 129 1.218502
30 31 -1.280875
30 40 -1.018257
30 130 0.769463
31 32 0.238177
31 41 -0.757153
31 131 0.958129
32 33 0.197875
32 42 1.264764
32 132 0.580451
33 34 -1.185424
33 43 -0.495694
33 133 -0.129349
34 35 1.101133
34 44 0.815422
34 134 0.279049
35 36 -1.552166
35 45 -1.597165
35 135 -1.207902
36 37 0.266318
36 46 0.158293
36 136 0.712351
37 38 -0.395779
37 47 0.887998
37 137 0.486206
38 39 0.694441
38 48 0.493341
38 138 0.324287
39 30 -0.057541
39 49 -0.406699
39 139 0.472954
40 41 -1.142664
40 50 -2.394083
40 140 -1.872666
41 42 0.584310
41 51 0.037409
41 141 0.160281
42 43 0.021713
42 52 0.902964
42 142 0.126088
43 44 -0.770824
43 53 0.458808
43 143 -0.296472
44 45 -1.358539
44 54 1.429178
44 144 -1.055769
45 46 1.553800
45 55 -1.615791
45 145 1.511813
46 47 -1.754638
46 56 -0.382212
46 146 -0.783606
47 48 -0.062340
47 57 0.625349
47 147 1.079961
48 49 1.911018
48 58 0.693325
48 148 0.676788
49 40 0.384797
49 59 -1.172441
49 149 1.357096
50 51 -0.959716
50 60 1.148686
50 150 -0.703385
51 52 -2.344428
51 61 -0.555900
51 151 -0.022355
52 53 -1.567223
52 62 -0.273093
52 152 -0.488098
53 54 -1.279192
53 63 0.231332
53 153 0.492465
54 55 0.413382
54 64 -0.052199
54 154 -0.039550
55 56 -0.867583
55 65 -0.779324
55 155 0.317627
56 57 -1.035874
56 66 -0.640887
56 156 -1.069403
57 58 -1.149038
57 67 -0.534817
57 157 1.506077
58 59 -0.269015
58 68 -1.042581
58 158 0.537479
59 50 -0.506520
59 69 -0.273716
59 159 -2.543577
60 61 1.096622
60 70 -2.229072
60 160 -0.189477
61 62 -0.194563
61 71 1.319643
61 161 0.794898
62 63 -0.317437
62 72 -1.664156
62 162 1.497413
63 64 0.072555
63 73 0.504355
63 163 -0.888898
64 65 0.208140
64 74 -0.301131
64 164 1.369359
65 66 -1.643499
65 75 2.298246
65 165 -1.384945
66 67 -1.826700
66 76 1.408576
66 166 -0.688425
67 68 -0.806951
67 77 -1.064304
67 167 0.360263
68 69 0.493493
68 78 -0.741926
68 168 -0.080803
69 60 2.090263
69 79 0.336265
69 169 0.645289
70 71 0.140696
70 80 -0.314546
70 170 -1.756676
71 72 0.229431
71 81 1.525123
71 171 -2.017088
72 73 -0.335808
72 82 0.953290
72 172 1.151885
73 74 -0.395034
73 83 -0.314633
73 173 0.223028
74 75 -0.775453
74 84 -0.673756
74 174 -0.687052
75 76 1.416560
75 85 -1.524571
75 175 -0.435631
76 77 -0.272136
76 86 0.428481
76 176 -0.423877
77 78 -0.852562
77 87 -1.023065
77 177 -0.113055
78 79 0.012457
78 88 0.097664
78 178 1.185377
79 70 -0.917564
79 89 0.270713
79 179 -1.178785
80 81 1.312247
80 90 0.778959
80 180 -1.978561
81 82 0.638983
81 91 0.025539
81 181 -0.354548
82 83 0.647759
82 92 0.980059
82 182 -0.292908
83 84 1.784061
83 93 -1.197936
83 183 -1.089316
84 85 2.282862
84 94 -0.175804
84 184 0.092131
85 86 0.012087
85 95 0.296078
85 185 -0.491654
86 87 0.604867
86 96 -1.020392
86 186 -0.625909
87 88 -2.065400
87 97 1.473188
87 187 -0.219315
88 89 0.448925
88 98 -0.697566
88 188 -2.118120
89 80 -1.074291
89 99 1.135609
89 189 0.836807
90 91 0.400965
90 0 -1.401520
90 190 -0.235862
91 92 0.809224
91 1 0.507725
91 191 0.941731
92 93 0.539088
92 2 -0.600864
92 192 1.551226
93 94 -1.712243
93 3 0.488224
93 193 -0.455776
94 95 0.642952
94 4 -0.010225
94 194 0.200660
95 96 -1.387073
95 5 -0.403228
95 195 -0.289882
96 97 0.472905
96 6 -1.109940
96 196 -1.918233
97 98 0.494237
97 7 -1.684226
97 197 -0.488419
98 99 1.389380
98 8 -0.682422
98 198 0.547807
99 90 1.466030
99 9 0.842306
99 199 -0.883777
100 101 0.644212
100 110 -1.846808
100 200 0.509609
101 102 1.313118
101 111 -0.802226
101 201 0.063612
102 103 0.743318
102 112 -0.548998
102 202 -0.716727
103 104 0.086337
103 113 1.899107
103 203 -0.228291
104 105 -0.388917
104 114 -0.280787
104 204 0.983510
105 106 -0.908813
105 115 -1.082288
105 205 1.358333
106 107 0.288669
106 116 -0.291639
106 206 -0.561103
107 108 0.105208
107 117 -0.129352
107 207 0.366801
108 109 1.461560
108 118 0.042464
108 208 -0.975972
109 100 2.136198
109 119 1.174588
109 209 0.253830
110 111 0.153534
110 120 -1.159104
110 210 2.489523
111 112 -0.773554
111 121 -0.725196
111 211 0.191034
112 113 0.446204
112 122 0.390109
112 212 -0.700578
113 114 0.283291
113 123 -1.109562
113 213 0.759042
114 115 -0.716009
114 124 1.138102
114 214 3.499725
115 116 1.352153
115 125 0.059918
115 215 2.174115
116 117 1.671060
116 126 0.075953
116 216 -0.729806
117 118 0.293816
117 127 0.747460
117 217 -0.854736
118 119 -0.487658
118 128 -0.032935
118 218 0.369106
119 110 1.978561
119 129 -0.184450
119 219 -0.108492
120 121 0.994500
120 130 0.255431
120 220 -1.185710
121 122 -0.104028
121 131 -0.268767
121 221 -1.604564
122 123 -0.359482
122 132 -0.809106
122 222 -1.426164
123 124 -0.661172
123 133 -1.502608
123 223 -1.107787
124 125 0.483850
124 134 -0.337858
124 224 0.891649
125 126 0.828950
125 135 -1.076655
125 225 0.542372
126 127 -0.785744
126 136 1.536187
126 226 -0.254415
127 128 -0.190583
127 137 -0.821998
127 227 -0.526631
128 129 -0.190014
128 138 2.483791
128 228 0.991352
129 120 -1.240986
129 139 -0.205589
129 229 -1.544017
130 131 -0.367681
130 140 -1.174122
130 230 -0.518800
131 132 -0.714349
131 141 -0.176548
131 231 0.989304
132 133 0.785078
132 142 -0.429544
132 232 -0.573759
133 134 -0.225238
133 143 0.052066
133 233 -1.590849
134 135 -0.785117
134 144 -0.678290
134 234 -0.887714
135 136 1.260828
135 145 0.147092
135 235 0.753048
136 137 1.473024
136 146 -0.601341
136 236 -1.550023
137 138 2.048393
137 147 -1.195740
137 237 -1.050071
138 139 0.451399
138 148 2.954671
138 238 -0.233585
139 130 -0.301524
139 149 0.274474
139 239 0.496711
140 141 0.556151
140 150 -1.666089
140 240 0.801764
141 142 0.089941
141 151 -1.233047
141 241 -0.950335
142 143 0.452735
142 152 -0.387048
142 242 -0.550518
143 144 -1.232737
143 153 -1.198547
143 243 0.474387
144 145 -1.656635
144 154 -0.554610
144 244 -1.304505
145 146 -0.165693
145 155 -1.361094
145 245 -1.259744
146 147 -0.538673
146 156 -0.963264
146 246 -0.680846
147 148 -1.401688
147 157 1.737154
147 247 -1.590108
148 149 -1.363994
148 158 2.104711
148 248 -1.194654
149 140 1.795297
149 159 0.653109
149 249 -0.490943
150 151 -0.184246
150 160 -0.327331
150 250 1.281815
151 152 -0.307721
151 161 -0.430496
151 251 -0.666311
152 153 -0.726198
152 162 -1.086014
152 252 0.330323
153 154 0.145936
153 163 -0.948640
153 253 -0.317809
154 155 0.333459
154 164 0.713560
154 254 0.007209
155 156 -0.621956
155 165 -0.574625
155 255 -0.123279
156 157 -0.545256
156 166 0.683741
156 256 -1.153781
157 158 -1.134944
157 167 0.011307
157 257 -0.801849
158 159 -1.736544
158 168 0.545474
158 258 1.268807
159 150 -0.600206
159 169 -0.946950
159 259 -0.496954
160 161 -1.825358
160 170 -0.949145
160 260 -0.249644
161 162 0.384807
161 171 -1.689856
161 261 -1.564906
162 163 -0.923393
162 172 0.427556
162 262 0.034494
163 164 0.617968
163 173 -0.793508
163 263 -0.285992
164 165 0.320791
164 174 0.755685
164 264 -1.340801
165 166 0.335793
165 175 1.064263
165 265 -0.503952
166 167 3.174603
166 176 -0.662973
166 266 -1.637002
167 168 -0.325180
167 177 -0.738402
167 267 -1.270609
168 169 -0.405735
168 178 -0.203928
168 268 -1.254192
169 160 -0.381258
169 179 0.969680
169 269 -2.014511
170 171 0.751603
170 180 0.620261
170 270 -0.524433
171 172 0.097403
171 181 0.181564
171 271 -0.190753
172 173 -0.355461
172 182 0.673277
172 272 -1.791761
173 174 -1.312561
173 183 1.261580
173 273 2.094597
174 175 1.165505
174 184 -2.675727
174 274 -0.804902
175 176 0.972852
175 185 0.251652
175 275 -0.295468
176 177 -0.222603
176 186 -0.333954
176 276 0.550940
177 178 -1.923840
177 187 -0.590284
177 277 0.352331
178 179 -0.101840
178 188 -0.076475
178 278 -1.594174
179 170 0.020457
179 189 0.140065
179 279 0.226604
180 181 -1.782261
180 190 0.908791
180 280 0.358811
181 182 0.130816
181 191 1.575610
181 281 0.741966
182 183 -0.268052
182 192 -0.443623
182 282 2.096755
183 184 -0.850222
183 193 -0.199124
183 283 -0.792534
184 185 -0.762632
184 194 -0.242651
184 284 -0.347194
185 186 -0.177238
185 195 1.280981
185 285 -0.348859
186 187 0.261063
186 196 -0.926223
186 286 1.527280
187 188 1.593072
187 197 0.745696
187 287 -1.997946
188 189 1.032102
188 198 -0.123227
188 288 0.527389
189 180 1.042109
189 199 -0.455101
189 289 -0.470006
190 191 -1.010176
190 100 0.126560
190 290 -0.429717
191 192 0.491458
191 101 -1.448866
191 291 0.353678
192 193 -0.074048
192 102 0.537479
192 292 -0.212596
193 194 -1.048627
193 103 -0.041052
193 293 0.028032
194 195 1.532958
194 104 2.233566
194 294 -1.807536
195 196 0.165138
195 105 0.970673
195 295 0.535906
196 197 1.337713
196 106 -0.809919
196 296 -1.472594
197 198 1.404165
197 107 0.775135
197 297 0.092387
198 199 -0.320921
198 108 0.901280
198 298 -0.077865
199 190 0.740280
199 109 0.165689
199 299 0.710159
200 201 1.855548
200 210 -0.391968
200 300 0.651871
201 202 -1.534791
201 211 0.196190
201 301 -0.990763
202 203 -0.378551
202 212 1.218538
202 302 0.064658
203 204 -1.592436
203 213 1.369104
203 303 -0.844589
204 205 -0.249829
204 214 0.195106
204 304 -0.628274
205 206 -0.852265
205 215 -0.283361
205 305 1.178370
206 207 0.216171
206 216 -0.656489
206 306 -0.559442
207 208 -0.115990
207 217 -1.469789
207 307 0.116895
208 209 0.058115
208 218 1.543820
208 308 0.454657
209 200 -0.139298
209 219 1.563574
209 309 -1.613360
210 211 -0.547657
210 220 0.528374
210 310 -0.454044
211 212 1.094597
211 221 -0.081428
211 311 -0.125293
212 213 0.153559
212 222 -0.727909
212 312 1.339783
213 214 0.390820
213 223 -1.171929
213 313 0.125034
214 215 0.639831
214 224 -2.995386
214 314 -1.303349
215 216 -0.415424
215 225 -0.555845
215 315 0.083782
216 217 -0.080844
216 226 1.029698
216 316 -1.119013
217 218 -1.865843
217 227 1.012610
217 317 0.175424
218 219 -0.140864
218 228 -1.110172
218 318 0.894117
219 210 0.188355
219 229 -1.016516
219 319 -1.380614
220 221 -1.655860
220 230 -1.244761
220 320 0.819668
221 222 -1.072457
221 231 1.404584
221 321 0.055991
222 223 -0.219088
222 232 0.577070
222 322 0.836630
223 224 1.218853
223 233 1.781796
223 323 -0.226150
224 225 -0.446195
224 234 -0.157556
224 324 0.202483
225 226 1.102367
225 235 -0.332971
225 325 -1.088865
226 227 -1.192888
226 236 0.599094
226 326 -0.356251
227 228 1.411456
227 237 -2.928851
227 327 0.065563
228 229 -0.565055
228 238 -0.833978
228 328 1.444467
229 220 0.310053
229 239 -1.132200
229 329 -1.065161
230 231 -0.214699
230 240 -0.216408
230 330 -0.201690
231 232 0.563845
231 241 0.396540
231 331 -0.667144
232 233 1.440296
232 242 -0.654700
232 332 -0.797534
233 234 0.447710
233 243 0.940322
233 333 -0.393513
234 235 -1.843974
234 244 -0.627833
234 334 -0.679788
235 236 1.115524
235 245 0.949226
235 335 -0.736667
236 237 0.975343
236 246 -2.415315
236 336 -0.809590
237 238 -0.818355
237 247 -0.954889
237 337 -0.639619
238 239 -0.349417
238 248 -0.584100
238 338 -1.126403
239 230 -0.813382
239 249 0.747352
239 339 1.627378
240 241 -1.475336
240 250 -1.377163
240 340 -1.243122
241 242 -1.023121
241 251 0.069988
241 341 -0.226128
242 243 -0.316202
242 252 1.487073
242 342 -0.447015
243 244 -0.143920
243 253 -0.322868
243 343 -0.328438
244 245 0.227051
244 254 1.146427
244 344 0.753647
245 246 0.153813
245 255 -0.515102
245 345 -0.273789
246 247 -1.082436
246 256 -0.744519
246 346 1.412827
247 248 0.940331
247 257 0.264461
247 347 -2.211050
248 249 -2.427089
248 258 -0.693079
248 348 1.245934
249 240 -2.077904
249 259 -0.604187
249 349 0.002883
250 251 -1.988506
250 260 0.677715
250 350 0.110294
251 252 0.570474
251 261 -0.588235
251 351 0.468107
252 253 -1.504333
252 262 0.477857
252 352 0.817633
253 254 0.364756
253 263 -1.084159
253 353 -0.495486
254 255 1.316963
254 264 1.926759
254 354 -0.294368
255 256 -1.967917
255 265 0.902242
255 355 1.045337
256 257 -0.234649
256 266 0.300909
256 356 -1.764000
257 258 -1.218996
257 267 -0.828709
257 357 -0.223423
258 259 2.215028
258 268 0.906599
258 358 0.006973
259 250 1.034893
259 269 -0.060731
259 359 -0.125229
260 261 -0.030582
260 270 1.268766
260 360 0.484280
261 262 0.602032
261 271 1.440999
261 361 0.391001
262 263 -0.857771
262 272 0.172095
262 362 -0.298778
263 264 -0.041040
263 273 -0.615475
263 363 -0.153906
264 265 0.604169
264 274 1.022326
264 364 -0.981974
265 266 0.833564
265 275 0.093179
265 365 -0.440468
266 267 -0.141503
266 276 0.242008
266 366 2.739465
267 268 0.609430
267 277 -2.515140
267 367 -2.398142
268 269 -0.202034
268 278 -0.701446
268 368 -1.586271
269 260 -0.878907
269 279 1.546590
269 369 -1.028300
270 271 -1.643194
270 280 -1.032722
270 370 1.644850
271 272 0.833594
271 281 -0.619255
271 371 -0.750590
272 273 0.600759
272 282 -0.850395
272 372 1.440330
273 274 -0.314156
273 283 -0.240157
273 373 -1.449633
274 275 -1.117600
274 284 0.282883
274 374 -0.430660
275 276 1.350382
275 285 -0.282557
275 375 0.138763
276 277 0.265642
276 286 0.932600
276 376 0.380805
277 278 2.519005
277 287 -1.644093
277 377 -0.918463
278 279 0.078988
278 288 -0.908583
278 378 -1.427618
279 270 -0.831595
279 289 0.431117
279 379 0.662628
280 281 -1.519291
280 290 0.285987
280 380 -1.193127
281 282 0.690242
281 291 -1.143540
281 381 0.731852
282 283 0.305424
282 292 0.609296
282 382 -0.436737
283 284 -0.433085
283 293 1.791279
283 383 -0.208338
284 285 0.254328
284 294 -1.311925
284 384 -1.808232
285 286 -0.722270
285 295 1.542146
285 385 2.461580
286 287 2.000414
286 296 -0.309115
286 386 0.209469
287 288 -0.603532
287 297 0.703981
287 387 -0.892159
288 289 -1.076561
288 298 -1.269156
288 388 1.639838
289 280 -0.174863
289 299 -0.787966
289 389 0.034698
290 291 -1.126990
290 200 -0.829140
290 390 0.526716
291 292 1.727531
291 201 0.286987
291 391 0.761000
292 293 1.710167
292 202 -0.476705
292 392 1.238927
293 294 -1.687706
293 203 -0.190548
293 393 -0.241132
294 295 -1.630110
294 204 0.848827
294 394 0.483598
295 296 -0.964908
295 205 0.284947
295 395 0.161288
296 297 1.162687
296 206 -0.957256
296 396 1.230924
297 298 -0.214741
297 207 1.000752
297 397 0.110676
298 299 1.719787
298 208 0.450263
298 398 -0.491964
299 290 0.287545
299 209 0.657975
299 399 -1.005177
300 301 0.659143
300 310 0.266094
300 400 -1.973893
301 302 0.697491
301 311 -0.015651
301 401 0.470464
302 303 -0.623751
302 312 -0.495837
302 402 -0.579442
303 304 0.441402
303 313 -0.003420
303 403 -1.853093
304 305 1.027616
304 314 1.563024
304 404 0.442325
305 306 -0.447704
305 315 -0.857082
305 405 0.838623
306 307 -1.387293
306 316 -0.797251
306 406 1.185444
307 308 1.968933
307 317 0.049780
307 407 -2.328340
308 309 -0.107163
308 318 -0.854816
308 408 -0.198727
309 300 0.728926
309 319 1.692474
309 409 1.721513
310 311 -0.993663
310 320 -0.004697
310 410 -0.251378
311 312 0.686697
311 321 0.104209
311 411 -0.493283
312 313 0.143542
312 322 -0.853299
312 412 -0.489009
313 314 -0.495317
313 323 0.208692
313 413 -0.707797
314 315 -0.232999
314 324 1.014185
314 414 0.635070
315 316 -2.283840
315 325 1.640904
315 415 1.097234
316 317 -0.756655
316 326 1.402397
316 416 0.197997
317 318 0.317433
317 327 0.985688
317 417 -0.178093
318 319 1.206494
318 328 0.211142
318 418 -0.558123
319 310 1.206094
319 329 -0.452764
319 419 -1.797187
320 321 -0.017420
320 330 -1.429647
320 420 1.313055
321 322 1.881528
321 331 -1.274070
321 421 -0.871685
322 323 0.060602
322 332 -1.311455
322 422 1.406525
323 324 1.351056
323 333 1.034466
323 423 -0.032587
324 325 0.369340
324 334 0.502097
324 424 1.469852
325 326 -0.894779
325 335 0.868527
325 425 -0.608670
326 327 -0.272451
326 336 0.549966
326 426 0.188168
327 328 0.402837
327 337 1.032946
327 427 0.886164
328 329 1.337332
328 338 -0.400533
328 428 -0.688470
329 320 -1.368180
329 339 0.724790
329 429 -1.584823
330 331 1.049741
330 340 0.104132
330 430 -0.305576
331 332 -1.932426
331 341 -1.080391
331 431 -1.158695
332 333 -0.224629
332 342 1.033813
332 432 1.004854
333 334 0.856847
333 343 -0.666830
333 433 -0.307884
334 335 0.459109
334 344 2.718795
334 434 -0.797848
335 336 1.440713
335 345 -1.969350
335 435 -1.118012
336 337 0.646753
336 346 -0.757044
336 436 1.084589
337 338 1.878131
337 347 0.385883
337 437 1.364529
338 339 1.095466
338 348 -1.638132
338 438 1.834736
339 330 -0.545458
339 349 -0.138952
339 439 -0.386397
340 341 1.011581
340 350 -0.863915
340 440 -0.744682
341 342 0.490244
341 351 1.552382
341 441 -1.042341
342 343 0.681055
342 352 0.070666
342 442 -0.292368
343 344 0.166002
343 353 1.009023
343 443 0.845261
344 345 -0.120711
344 354 -2.954470
344 444 1.001594
345 346 0.026060
345 355 -1.128005
345 445 1.365398
346 347 1.331593
346 356 1.260940
346 446 -1.034260
347 348 -1.196701
347 357 0.606602
347 447 -2.338716
348 349 0.622918
348 358 0.309663
348 448 0.505886
349 340 -0.474538
349 359 1.005415
349 449 -0.271806
350 351 0.819708
350 360 0.182675
350 450 -1.001040
351 352 -0.389519
351 361 -0.822730
351 451 -1.771322
352 353 0.388137
352 362 1.489380
352 452 0.029746
353 354 1.341527
353 363 0.696227
353 453 0.810518
354 355 1.426139
354 364 0.440343
354 454 0.526376
355 356 1.844462
355 365 0.454008
355 455 1.471485
356 357 -1.781276
356 366 -0.079470
356 456 -0.048082
357 358 -0.958066
357 367 -1.547549
357 457 0.256286
358 359 -1.479220
358 368 -0.156655
358 458 0.626455
359 350 -0.510364
359 369 0.465535
359 459 -0.089440
360 361 -0.972533
360 370 -0.103609
360 460 -0.007405
361 362 0.985412
361 371 1.551563
361 461 0.139733
362 363 0.183293
362 372 0.853844
362 462 0.717161
363 364 -1.414593
363 373 0.265787
363 463 -2.064632
364 365 0.781337
364 374 -1.170503
364 464 -1.546098
365 366 -0.329203
365 375 1.558002
365 465 0.201614
366 367 0.588721
366 376 -2.110821
366 466 -1.175671
367 368 0.768817
367 377 -0.706857
367 467 -0.614804
368 369 -1.145284
368 378 -2.293338
368 468 0.881571
369 360 1.075392
369 379 -0.747350
369 469 1.425604
370 371 0.577441
370 380 0.916623
370 470 -0.234043
371 372 -0.274945
371 381 0.525443
371 471 -0.509516
372 373 1.111099
372 382 1.276684
372 472 -0.920095
373 374 -0.060668
373 383 0.063020
373 473 -0.981218
374 375 0.844149
374 384 -0.838423
374 474 0.474919
375 376 0.388836
375 385 -2.213948
375 475 -0.128647
376 377 -0.113108
376 386 -0.030024
376 476 1.306130
377 378 -1.225831
377 387 -0.416761
377 477 0.349029
378 379 -0.037084
378 388 0.682431
378 478 -1.230155
379 370 -0.516904
379 389 -0.169042
379 479 -1.184000
380 381 0.792345
380 390 0.028870
380 480 -1.997004
381 382 -1.291873
381 391 -0.977765
381 481 -0.736197
382 383 0.786834
382 392 -1.392943
382 482 0.554632
383 384 0.066457
383 393 -0.702168
383 483 1.517047
384 385 -0.585639
384 394 -0.040741
384 484 0.839440
385 386 -1.146287
385 395 0.138051
385 485 2.273770
386 387 0.430390
386 396 0.473024
386 486 0.264301
387 388 2.126696
387 397 -0.340202
387 487 -0.331838
388 389 -0.972574
388 398 -0.823687
388 488 0.986693
389 380 -0.149971
389 399 -1.092724
389 489 0.419998
390 391 -0.004228
390 300 -0.157437
390 490 1.443564
391 392 -2.118393
391 301 -0.985313
391 491 -0.437563
392 393 1.113721
392 302 0.560669
392 492 0.035086
393 394 0.046967
393 303 0.476153
393 493 1.943870
394 395 -0.363125
394 304 1.033844
394 494 1.283017
395 396 1.789635
395 305 0.515451
395 495 -0.713993
396 397 0.233821
396 306 -1.762804
396 496 0.096313
397 398 0.736841
397 307 -0.422714
397 497 0.146706
398 399 -1.491370
398 308 0.682682
398 498 1.716316
399 390 -0.901523
399 309 -0.845955
399 499 0.645619
400 401 -0.510254
400 410 -0.344248
400 500 0.288333
401 402 0.639659
401 411 2.022270
401 501 1.218855
402 403 1.121297
402 412 -0.897918
402 502 1.335582
403 404 0.168865
403 413 -0.567321
403 503 -0.306644
404 405 -0.420022
404 414 0.282425
404 504 -1.414698
405 406 1.262378
405 415 0.118172
405 505 -0.937217
406 407 0.346944
406 416 2.003821
406 506 0.591598
407 408 -0.793696
407 417 0.749632
407 507 -0.514496
408 409 0.659767
408 418 0.600089
408 508 0.273070
409 400 -1.488876
409 419 0.100979
409 509 0.082097
410 411 -1.068210
410 420 1.196993
410 510 0.556145
411 412 -0.681569
411 421 0.336656
411 511 -0.959201
412 413 1.629178
412 422 2.112374
412 512 -0.846184
413 414 -0.411703
413 423 1.187969
413 513 1.424289
414 415 -1.088542
414 424 -0.317986
414 514 -0.176661
415 416 0.218892
415 425 0.128371
415 515 -1.253512
416 417 -1.126606
416 426 0.847316
416 516 -0.354367
417 418 0.117978
417 427 0.947124
417 517 1.052793
418 419 -0.851304
418 428 0.196069
418 518 -0.429273
419 410 -0.417867
419 429 -0.518911
419 519 -0.948674
420 421 0.166717
420 430 -0.345350
420 520 1.092349
421 422 -0.669541
421 431 0.480098
421 521 0.463243
422 423 0.002615
422 432 0.791898
422 522 -0.375306
423 424 0.868607
423 433 0.755806
423 523 0.157266
424 425 0.632861
424 434 0.267882
424 524 0.203452
425 426 2.096069
425 435 1.267237
425 525 0.463222
426 427 -0.931560
426 436 -0.281582
426 526 -0.949688
427 428 0.186248
427 437 -0.976822
427 527 1.185015
428 429 -0.125716
428 438 -0.392657
428 528 0.772204
429 420 -1.117643
429 439 -1.344184
429 529 1.039088
430 431 1.165511
430 440 0.701867
430 530 -0.255852
431 432 -0.614469
431 441 0.488333
431 531 1.179707
432 433 -0.623481
432 442 -0.516914
432 532 0.618086
433 434 -0.901845
433 443 0.506957
433 533 -3.232342
434 435 0.310360
434 444 0.458953
434 534 -0.131996
435 436 1.272276
435 445 2.054173
435 535 -0.240742
436 437 -0.320228
436 446 -0.585628
436 536 0.429600
437 438 1.725385
437 447 0.684730
437 537 -0.634470
438 439 0.283580
438 448 -1.121806
438 538 1.063216
439 430 0.959159
439 449 -0.611257
439 539 0.964473
440 441 -0.006319
440 450 -1.668104
440 540 2.335248
441 442 -1.923269
441 451 -0.107868
441 541 1.267954
442 443 0.274552
442 452 -0.048318
442 542 0.315281
443 444 -1.288814
443 453 0.858472
443 543 -0.369365
444 445 0.215410
444 454 0.236675
444 544 0.760416
445 446 -0.949838
445 455 2.964241
445 545 -1.112932
446 447 -0.812171
446 456 0.507748
446 546 -0.944281
447 448 0.191711
447 457 -2.175126
447 547 -0.293177
448 449 0.182724
448 458 -0.090322
448 548 -0.433247
449 440 -0.502219
449 459 0.573610
449 549 -0.280919
450 451 -0.696060
450 460 -0.669442
450 550 -3.662737
451 452 -0.029921
451 461 -2.405944
451 551 0.825127
452 453 -1.019531
452 462 0.080335
452 552 -0.353363
453 454 -0.639632
453 463 -1.102064
453 553 -1.055177
454 455 0.953431
454 464 -0.382221
454 554 0.027554
455 456 -0.349254
455 465 -1.241286
455 555 -0.203729
456 457 0.864293
456 466 1.675324
456 556 1.450828
457 458 1.733294
457 467 -0.317577
457 557 0.104169
458 459 0.048069
458 468 0.987588
458 558 -1.015982
459 450 1.261586
459 469 0.547411
459 559 0.401171
460 461 1.871312
460 470 0.423345
460 560 -1.243109
461 462 0.056180
461 471 0.689141
461 561 -0.845960
462 463 -0.555995
462 472 0.108813
462 562 -0.522597
463 464 0.431816
463 473 -0.647283
463 563 1.111587
464 465 0.610016
464 474 -1.448298
464 564 1.668710
465 466 -0.145794
465 475 1.250662
465 565 -1.651810
466 467 1.293561
466 476 -1.070886
466 566 0.531274
467 468 -0.649841
467 477 -0.073031
467 567 -0.840582
468 469 -0.100323
468 478 -0.567020
468 568 -1.982114
469 460 0.432996
469 479 -0.761351
469 569 2.326764
470 471 0.968524
470 480 -0.467411
470 570 0.260223
471 472 0.366794
471 481 0.014562
471 571 0.943023
472 473 0.180914
472 482 0.173015
472 572 0.240537
473 474 1.688638
473 483 1.565179
473 573 1.654810
474 475 -2.257015
474 484 0.533110
474 574 -0.493480
475 476 2.039664
475 485 0.016212
475 575 0.038292
476 477 1.025038
476 486 -1.267395
476 576 0.010134
477 478 0.944572
477 487 0.200232
477 577 0.393225
478 479 -0.721282
478 488 -2.094488
478 578 0.334404
479 470 -0.547168
479 489 -1.330237
479 579 -0.835725
480 481 -1.394259
480 490 0.826402
480 580 -0.648144
481 482 0.930832
481 491 0.122512
481 581 -0.857412
482 483 0.157254
482 492 0.401836
482 582 0.832224
483 484 -0.723382
483 493 -1.136206
483 583 0.476142
484 485 0.572487
484 494 0.179109
484 584 -0.968260
485 486 0.295180
485 495 -0.939336
485 585 0.657828
486 487 1.561829
486 496 1.395494
486 586 -0.796174
487 488 0.392566
487 497 0.692485
487 587 -0.702967
488 489 0.500447
488 498 -1.582558
488 588 -0.760562
489 480 0.724596
489 499 1.038522
489 589 0.838538
490 491 -0.556345
490 400 -0.194715
490 590 1.124274
491 492 -0.299971
491 401 -0.241922
491 591 0.229223
492 493 0.570939
492 402 1.053828
492 592 1.669628
493 494 0.945320
493 403 -1.322345
493 593 -1.409954
494 495 0.713867
494 404 -1.553417
494 594 0.666533
495 496 0.402917
495 405 1.453993
495 595 0.064615
496 497 0.431726
496 406 -0.187975
496 596 -1.064959
497 498 0.490318
497 407 -1.102341
497 597 -0.829512
498 499 -1.210088
498 408 -0.831911
498 598 -0.080979
499 490 0.082484
499 409 -0.127106
499 599 0.028539
500 501 -1.361071
500 510 0.855658
500 600 0.381677
501 502 0.648635
501 511 0.492936
501 601 1.222026
502 503 1.030108
502 512 -1.594091
502 602 -0.602544
503 504 -0.793488
503 513 0.612152
503 603 -0.358806
504 505 1.503278
504 514 1.851847
504 604 0.478360
505 506 1.695069
505 515 -0.419235
505 605 0.816493
506 507 -1.394583
506 516 0.852929
506 606 1.661445
507 508 -0.818519
507 517 -0.253629
507 607 -0.151836
508 509 -1.440852
508 518 1.597274
508 608 0.233745
509 500 1.559436
509 519 -0.471375
509 609 -0.652738
510 511 0.137875
510 520 0.020894
510 610 -0.565735
511 512 0.583181
511 521 -0.728031
511 611 -0.514855
512 513 -0.763531
512 522 0.337487
512 612 0.480967
513 514 -1.170024
513 523 1.471453
513 613 0.459281
514 515 -0.540377
514 524 -0.688090
514 614 0.588600
515 516 -0.966974
515 525 0.374310
515 615 0.218164
516 517 0.386268
516 526 -0.813406
516 616 -0.081185
517 518 -1.147248
517 527 0.873923
517 617 0.498316
518 519 -0.209345
518 528 -0.263672
518 618 -1.355811
519 510 0.453871
519 529 -0.061851
519 619 -0.879997
520 521 -0.471306
520 530 -0.249878
520 620 -1.619243
521 522 0.051155
521 531 -1.239895
521 621 -0.905639
522 523 0.900841
522 532 -1.225390
522 622 1.762640
523 524 0.045873
523 533 1.991680
523 623 -0.149478
524 525 1.474674
524 534 -0.866914
524 624 1.318782
525 526 -0.499340
525 535 -0.477182
525 625 -0.952696
526 527 0.487890
526 536 -0.396644
526 626 0.008512
527 528 -1.438980
527 537 0.504230
527 627 0.022648
528 529 -1.804739
528 538 -0.961125
528 628 0.957475
529 520 0.450713
529 539 -0.645886
529 629 -0.145313
530 531 0.012112
530 540 -0.139168
530 630 1.680675
531 532 0.691950
531 541 -0.692528
531 631 0.303105
532 533 -0.117441
532 542 0.308508
532 632 -1.423276
533 534 -0.432057
533 543 -1.784639
533 633 -1.551955
534 535 -0.189184
534 544 -2.768379
534 634 1.655663
535 536 1.202695
535 545 0.408209
535 635 -1.639420
536 537 0.219634
536 546 1.883132
536 636 0.139268
537 538 -1.438448
537 547 2.117257
537 637 0.263502
538 539 -0.199346
538 548 -1.018070
538 638 0.125851
539 530 -2.500348
539 549 -0.697206
539 639 -0.188618
540 541 -0.951995
540 550 0.738902
540 640 0.753793
541 542 0.651460
541 551 -1.163214
541 641 -0.962737
542 543 -3.480750
542 552 1.424723
542 642 0.248302
543 544 0.514664
543 553 0.066016
543 643 -0.271693
544 545 -1.767151
544 554 0.217162
544 644 0.631294
545 546 -0.812528
545 555 -0.468528
545 645 1.061431
546 547 -0.959787
546 556 0.893518
546 646 -0.204398
547 548 0.598133
547 557 -1.163908
547 647 0.306339
548 549 0.355106
548 558 0.206943
548 648 0.028259
549 540 -1.143266
549 559 0.233296
549 649 1.206145
550 551 -0.939488
550 560 -0.839959
550 650 0.285255
551 552 -0.019290
551 561 1.123097
551 651 0.304215
552 553 0.657790
552 562 -0.894582
552 652 0.069386
553 554 0.171663
553 563 1.101022
553 653 -0.011176
554 555 -0.101212
554 564 -1.213215
554 654 1.236582
555 556 2.436921
555 565 0.196456
555 655 -0.882895
556 557 -0.775690
556 566 0.133835
556 656 1.587933
557 558 0.784822
557 567 -0.995281
557 657 1.497977
558 559 0.750753
558 568 -1.574139
558 658 0.325601
559 550 0.349268
559 569 0.674221
559 659 -0.331181
560 561 -0.070052
560 570 0.827405
560 660 -0.825104
561 562 0.374436
561 571 -0.993861
561 661 0.954282
562 563 2.337762
562 572 -0.441751
562 662 -1.212860
563 564 -1.623681
563 573 0.183380
563 663 -0.424540
564 565 0.224247
564 574 0.847110
564 664 0.319525
565 566 0.117430
565 575 -0.249550
565 665 0.368296
566 567 0.266713
566 576 -1.008344
566 666 0.331177
567 568 1.882617
567 577 -0.467866
567 667 -1.918259
568 569 0.581274
568 578 -1.125906
568 668 1.722451
569 560 0.430251
569 579 -0.167122
569 669 -2.226382
570 571 1.748363
570 580 1.631666
570 670 -0.567554
571 572 -1.776855
571 581 -2.125761
571 671 -0.998530
572 573 0.238292
572 582 0.251158
572 672 0.752376
573 574 -1.154051
573 583 -1.450486
573 673 1.276536
574 575 0.386043
574 584 -0.271098
574 674 -0.602566
575 576 0.274765
575 585 0.057743
575 675 0.200123
576 577 -0.500961
576 586 -0.757472
576 676 -0.874101
577 578 1.396475
577 587 -1.644946
577 677 0.049423
578 579 -1.173307
578 588 0.118927
578 678 -0.448934
579 570 0.058734
579 589 0.266451
579 679 1.708462
580 581 -0.055054
580 590 -1.868064
580 680 -0.230351
581 582 -0.636338
581 591 0.461242
581 681 -1.960511
582 583 -0.204920
582 592 -0.248343
582 682 0.359893
583 584 -0.010438
583 593 -0.878008
583 683 -0.692566
584 585 -0.730741
584 594 0.991578
584 684 2.575840
585 586 0.874480
585 595 1.407127
585 685 0.381414
586 587 -0.584215
586 596 -0.854673
586 686 -0.443291
587 588 0.328857
587 597 -0.219187
587 687 -0.261168
588 589 -0.512680
588 598 0.356646
588 688 1.153316
589 580 0.082361
589 599 0.418723
589 689 -0.969219
590 591 0.088130
590 500 -1.037127
590 690 0.163698
591 592 0.547364
591 501 -1.049829
591 691 0.737205
592 593 0.421288
592 502 0.236916
592 692 0.641060
593 594 -0.215603
593 503 1.082106
593 693 -0.429967
594 595 0.172030
594 504 1.560138
594 694 -0.784158
595 596 2.658748
595 505 -0.196527
595 695 -1.184270
596 597 1.350086
596 506 1.623810
596 696 1.195457
597 598 -0.805760
597 507 -0.157424
597 697 -0.114975
598 599 -1.890765
598 508 -0.445125
598 698 -0.349119
599 590 0.078390
599 509 -1.084219
599 699 0.234246
600 601 -0.738811
600 610 -0.019628
600 700 -0.105454
601 602 0.752016
601 611 0.170205
601 701 1.672474
602 603 0.916297
602 612 -0.367067
602 702 0.351631
603 604 -1.575981
603 613 -0.981539
603 703 0.875474
604 605 1.417139
604 614 -0.993713
604 704 -2.683615
605 606 -0.070061
605 615 1.367161
605 705 0.448829
606 607 1.513704
606 616 -0.661299
606 706 -1.078431
607 608 -1.795046
607 617 0.080278
607 707 -0.346911
608 609 0.111699
608 618 -0.237970
608 708 0.546351
609 600 -0.080083
609 619 1.275235
609 709 -0.891270
610 611 0.022903
610 620 0.045762
610 710 -0.506196
611 612 -0.400053
611 621 1.289062
611 711 0.251856
612 613 -0.286016
612 622 1.144458
612 712 0.754911
613 614 0.754484
613 623 0.379731
613 713 1.074837
614 615 0.744693
614 624 -0.852881
614 714 -0.290160
615 616 -0.485462
615 625 0.675993
615 715 0.042904
616 617 -1.777699
616 626 1.663798
616 716 2.136093
617 618 -2.222758
617 627 -0.597930
617 717 -3.732018
618 619 -2.251397
618 628 0.623127
618 718 -0.677100
619 610 0.967803
619 629 0.426662
619 719 -0.521022
620 621 0.872871
620 630 -1.533561
620 720 0.871882
621 622 -0.454207
621 631 2.389457
621 721 1.980091
622 623 -0.266006
622 632 0.143727
622 722 1.218034
623 624 1.176856
623 633 0.773137
623 723 -1.375015
624 625 -0.322603
624 634 -1.231375
624 724 1.240514
625 626 0.940420
625 635 1.514942
625 725 0.784542
626 627 -0.152624
626 636 1.557241
626 726 -2.436691
627 628 1.429427
627 637 0.423946
627 727 0.823119
628 629 -0.646038
628 638 0.005529
628 728 -0.521807
629 620 0.039613
629 639 1.169456
629 729 -0.344038
630 631 -0.090269
630 640 -2.027168
630 730 0.118146
631 632 -0.667882
631 641 -2.221177
631 731 -1.466818
632 633 -1.108663
632 642 -1.625657
632 732 1.275363
633 634 -0.174827
633 643 0.038934
633 733 0.239422
634 635 0.680302
634 644 0.454939
634 734 -0.441640
635 636 0.826083
635 645 0.621223
635 735 0.213561
636 637 0.959573
636 646 0.138606
636 736 -0.468665
637 638 0.560907
637 647 1.786995
637 737 -1.102999
638 639 0.083160
638 648 -0.153645
638 738 -0.611599
639 630 -1.155012
639 649 1.312726
639 739 -1.378137
640 641 -1.676373
640 650 -0.206907
640 740 -0.288454
641 642 -0.309910
641 651 0.561473
641 741 -0.400548
642 643 -0.081954
642 652 1.041742
642 742 -1.023485
643 644 -0.199243
643 653 1.928709
643 743 -0.989409
644 645 0.429218
644 654 -1.684513
644 744 0.310278
645 646 1.013941
645 655 -0.919019
645 745 -0.009159
646 647 -0.893822
646 656 -0.094694
646 746 1.244477
647 648 0.403426
647 657 -0.397450
647 747 0.232249
648 649 -1.312715
648 658 -0.716688
648 748 0.376376
649 640 1.781160
649 659 -0.468072
649 749 -1.589429
650 651 -1.366892
650 660 -1.704906
650 750 0.585174
651 652 0.190479
651 661 0.101765
651 751 -0.321672
652 653 -0.991387
652 662 -1.422521
652 752 -0.328379
653 654 -1.730302
653 663 0.867051
653 753 -0.103786
654 655 -2.562550
654 664 -1.068944
654 754 -0.188567
655 656 1.076507
655 665 0.126776
655 755 0.525220
656 657 0.671941
656 666 0.955118
656 756 1.278274
657 658 0.126607
657 667 1.444357
657 757 -0.096545
658 659 1.829671
658 668 -0.787815
658 758 1.170189
659 650 0.778702
659 669 -0.980310
659 759 -0.056871
660 661 1.778483
660 670 1.932802
660 760 0.748415
661 662 1.236729
661 671 2.413462
661 761 -0.984080
662 663 -2.492040
662 672 0.288381
662 762 -1.458400
663 664 -0.005379
663 673 1.524583
663 763 -0.459169
664 665 0.354898
664 674 0.515751
664 764 -1.782083
665 666 -0.146924
665 675 1.471373
665 765 0.332573
666 667 1.106110
666 676 -0.280860
666 766 0.163886
667 668 0.485629
667 677 -0.065789
667 767 -1.063089
668 669 -1.882337
668 678 -1.786200
668 768 1.265335
669 660 0.330080
669 679 -0.361287
669 769 0.163229
670 671 0.509380
670 680 0.300562
670 770 -1.399069
671 672 0.350784
671 681 -0.551547
671 771 1.445455
672 673 -0.439810
672 682 1.004859
672 772 -2.053987
673 674 -0.536502
673 683 0.477278
673 773 -0.741447
674 675 -0.408978
674 684 -0.787885
674 774 0.078533
675 676 0.498409
675 685 -1.465535
675 775 -1.345873
676 677 -0.578582
676 686 0.585121
676 776 1.564851
677 678 1.755130
677 687 -1.011491
677 777 -0.053169
678 679 1.530984
678 688 -0.298259
678 778 -1.736703
679 670 0.760162
679 689 0.544370
679 779 -1.102624
680 681 1.751697
680 690 -1.124476
680 780 1.561415
681 682 -0.135669
681 691 0.968827
681 781 -0.826987
682 683 0.234447
682 692 0.968028
682 782 -1.841323
683 684 0.448535
683 693 -0.726687
683 783 -2.116729
684 685 0.829708
684 694 -1.169609
684 784 1.283259
685 686 1.092876
685 695 -0.124897
685 785 -0.322624
686 687 0.418954
686 696 0.283506
686 786 0.465848
687 688 -2.726003
687 697 -1.161264
687 787 -0.079384
688 689 -0.849402
688 698 1.936334
688 788 -2.417204
689 680 -1.543431
689 699 -2.067444
689 789 -0.118342
690 691 -1.482722
690 600 1.710594
690 790 1.996655
691 692 -0.310950
691 601 -0.055127
691 791 -0.315310
692 693 1.967974
692 602 0.207745
692 792 2.116608
693 694 -0.503004
693 603 0.005643
693 793 -0.078872
694 695 -0.111295
694 604 -2.245197
694 794 -1.105950
695 696 -1.125663
695 605 0.128835
695 795 0.484532
696 697 0.030052
696 606 1.881713
696 796 -0.129755
697 698 1.060393
697 607 0.393542
697 797 -0.780059
698 699 -2.039732
698 608 0.733250
698 798 1.563214
699 690 0.204640
699 609 0.640318
699 799 -0.072470
700 701 1.334659
700 710 1.053285
700 800 -1.745857
701 702 -1.400462
701 711 0.717807
701 801 0.204448
702 703 -1.122855
702 712 -0.888794
702 802 0.691975
703 704 0.521869
703 713 -0.580849
703 803 -0.230674
704 705 0.063901
704 714 -0.389290
704 804 -0.267353
705 706 0.574790
705 715 -0.560581
705 805 0.121045
706 707 1.002060
706 716 -0.241629
706 806 -1.035231
707 708 -0.954383
707 717 0.745893
707 807 -0.348716
708 709 -0.214124
708 718 -0.495468
708 808 0.033599
709 700 -0.215867
709 719 1.345016
709 809 -0.464059
710 711 0.228209
710 720 0.346446
710 810 1.354012
711 712 -0.550495
711 721 0.317567
711 811 0.531105
712 713 1.005682
712 722 -0.925062
712 812 -0.878426
713 714 -1.146084
713 723 -0.554584
713 813 -1.860019
714 715 0.813981
714 724 0.676002
714 814 -0.242795
715 716 0.155542
715 725 -2.071974
715 815 -0.160267
716 717 0.673431
716 726 -1.663872
716 816 -1.679228
717 718 1.285578
717 727 -0.877874
717 817 -1.978309
718 719 -0.648107
718 728 -1.558908
718 818 -0.045934
719 710 -0.832326
719 729 -0.234051
719 819 -0.123651
720 721 2.403271
720 730 -0.271841
720 820 -0.573169
721 722 -0.632886
721 731 0.146045
721 821 -0.342832
722 723 0.830166
722 732 -1.748010
722 822 0.315993
723 724 0.571485
723 733 -0.535778
723 823 0.270961
724 725 -0.050873
724 734 -0.124764
724 824 0.761077
725 726 0.625748
725 735 1.553653
725 825 -1.097161
726 727 2.044922
726 736 1.301471
726 826 0.037569
727 728 0.434760
727 737 -1.350197
727 827 -0.667468
728 729 0.661165
728 738 -1.829219
728 828 -1.004793
729 720 0.537061
729 739 -0.552970
729 829 1.280544
730 731 -1.130467
730 740 1.881986
730 830 1.611860
731 732 -0.302784
731 741 -0.383556
731 831 -0.578199
732 733 1.336634
732 742 -0.116038
732 832 0.822369
733 734 -1.145125
733 743 -1.060491
733 833 -1.006633
734 735 -0.510720
734 744 0.065570
734 834 -0.404986
735 736 -0.236531
735 745 -0.125555
735 835 0.074793
736 737 0.161662
736 746 -1.408877
736 836 0.381354
737 738 0.524254
737 747 -0.414442
737 837 0.463146
738 739 -1.289093
738 748 0.343414
738 838 0.692987
739 730 0.341706
739 749 -1.688769
739 839 -1.358366
740 741 0.879063
740 750 -0.085488
740 840 -1.540722
741 742 0.435076
741 751 0.186956
741 841 2.496564
742 743 -1.274803
742 752 -0.479213
742 842 0.408071
743 744 -0.099483
743 753 0.996435
743 843 -0.180557
744 745 -0.570106
744 754 0.362670
744 844 -0.727305
745 746 -0.634117
745 755 -0.151586
745 845 -0.560152
746 747 -0.478318
746 756 1.118222
746 846 -0.122240
747 748 -0.302551
747 757 -0.664604
747 847 -0.333710
748 749 -1.015387
748 758 -0.170842
748 848 0.317744
749 740 -0.526731
749 759 0.468523
749 849 -1.809288
750 751 0.979037
750 760 0.491875
750 850 0.193073
751 752 0.284730
751 761 0.109271
751 851 0.268769
752 753 0.310129
752 762 0.733193
752 852 -0.582970
753 754 0.332355
753 763 0.946643
753 853 0.867586
754 755 -0.536091
754 764 0.757843
754 854 -0.206420
755 756 1.865548
755 765 -1.063885
755 855 -0.461863
756 757 -1.013335
756 766 -0.025781
756 856 1.396830
757 758 -0.005947
757 767 -0.173941
757 857 -0.052836
758 759 -0.334767
758 768 0.272997
758 858 -0.287627
759 750 -0.648387
759 769 0.365426
759 859 1.671663
760 761 0.827160
760 770 0.396665
760 860 1.924771
761 762 -1.349198
761 771 0.457054
761 861 0.604749
762 763 -0.296028
762 772 0.523154
762 862 -0.077000
763 764 0.050982
763 773 -0.068909
763 863 1.097116
764 765 -0.622955
764 774 -0.410894
764 864 0.533715
765 766 -0.086876
765 775 -1.591947
765 865 0.298747
766 767 0.908192
766 776 0.315417
766 866 1.253039
767 768 2.055668
767 777 -0.562127
767 867 -0.308153
768 769 0.004403
768 778 -0.795043
768 868 -0.195067
769 760 0.403553
769 779 0.651290
769 869 1.576890
770 771 0.583384
770 780 -0.021517
770 870 -0.765084
771 772 0.716536
771 781 -1.397225
771 871 -0.172750
772 773 1.208613
772 782 0.166387
772 872 1.665771
773 774 -1.879212
773 783 -1.268343
773 873 0.340440
774 775 -1.737778
774 784 -0.592809
774 874 -0.163346
775 776 -0.984146
775 785 -0.776939
775 875 -0.175169
776 777 1.723469
776 786 -1.231832
776 876 0.937368
777 778 -0.536454
777 787 -0.498056
777 877 -2.757835
778 779 -1.278679
778 788 -0.400514
778 878 0.585209
779 770 0.200748
779 789 0.815865
779 879 -0.074768
780 781 0.673962
780 790 -1.253489
780 880 0.355332
781 782 -1.666682
781 791 1.160035
781 881 0.315431
782 783 -0.558972
782 792 1.320982
782 882 1.085371
783 784 0.470905
783 793 -0.051950
783 883 -0.567737
784 785 -0.659119
784 794 0.488703
784 884 -0.452777
785 786 0.883330
785 795 2.145919
785 885 -0.669026
786 787 2.132493
786 796 -0.603525
786 886 -1.572565
787 788 -0.039775
787 797 0.782634
787 887 1.744601
788 789 -1.750807
788 798 1.083170
788 888 -0.242918
789 780 -1.697050
789 799 0.023327
789 889 1.154590
790 791 -0.878729
790 700 -0.262896
790 890 -0.654266
791 792 0.235077
791 701 -1.855517
791 891 -0.940321
792 793 0.328058
792 702 0.615256
792 892 -0.489933
793 794 -1.452397
793 703 1.816195
793 893 -1.222102
794 795 0.506870
794 704 -0.074152
794 894 -0.464027
795 796 1.160735
795 705 -0.024831
795 895 -0.770012
796 797 0.096125
796 706 0.875409
796 896 -0.890142
797 798 -0.356711
797 707 -1.027381
797 897 -0.751104
798 799 2.045930
798 708 -1.085685
798 898 1.124635
799 790 -0.517914
799 709 1.538780
799 899 0.188011
800 801 -0.731701
800 810 0.095237
800 900 0.224322
801 802 1.030397
801 811 1.547527
801 901 -0.929892
802 803 1.476425
802 812 0.393126
802 902 0.258848
803 804 1.249450
803 813 -0.121478
803 903 -1.495377
804 805 0.270598
804 814 -0.873112
804 904 -1.671847
805 806 0.703623
805 815 0.170842
805 905 -0.376549
806 807 -0.822450
806 816 0.934427
806 906 -0.060009
807 808 -1.432802
807 817 -0.565095
807 907 -0.248484
808 809 -1.966963
808 818 -0.615868
808 908 0.724765
809 800 -1.203971
809 819 -0.786810
809 909 1.477165
810 811 1.126129
810 820 -0.912056
810 910 0.238118
811 812 -0.480842
811 821 -0.436414
811 911 0.115057
812 813 1.166750
812 822 -1.333428
812 912 -1.255911
813 814 0.945133
813 823 -1.294955
813 913 -0.100714
814 815 -2.527960
814 824 0.755839
814 914 0.365318
815 816 0.896312
815 825 0.127578
815 915 1.143705
816 817 -0.766354
816 826 -0.894448
816 916 0.915039
817 818 0.884340
817 827 -0.533457
817 917 0.491310
818 819 0.292155
818 828 -0.565295
818 918 0.111842
819 810 0.964100
819 829 0.463089
819 919 1.531615
820 821 0.171783
820 830 -0.582267
820 920 -1.321193
821 822 -0.411273
821 831 -0.332382
821 921 0.193310
822 823 -0.704594
822 832 -0.132676
822 922 0.551284
823 824 -0.829413
823 833 0.765832
823 923 0.026778
824 825 -0.228842
824 834 -0.146136
824 924 -0.291404
825 826 -0.647089
825 835 0.542962
825 925 -0.340846
826 827 -0.365641
826 836 1.168089
826 926 -0.122439
827 828 2.274011
827 837 -1.260429
827 927 -2.013192
828 829 -0.912990
828 838 -1.161116
828 928 0.034119
829 820 0.754306
829 839 0.598481
829 929 -0.231929
830 831 1.484113
830 840 -1.129279
830 930 0.798776
831 832 0.683065
831 841 0.825959
831 931 -0.035576
832 833 -1.163305
832 842 -0.799902
832 932 0.919120
833 834 0.157843
833 843 0.075595
833 933 -0.716166
834 835 1.390775
834 844 -0.415814
834 934 -0.314832
835 836 -1.842338
835 845 -1.380874
835 935 0.444693
836 837 0.445017
836 846 0.442993
836 936 -1.272647
837 838 -1.513432
837 847 -0.037186
837 937 0.672826
838 839 0.950220
838 848 0.142896
838 938 1.576212
839 830 0.608475
839 849 0.494173
839 939 -0.849576
840 841 0.231742
840 850 0.935675
840 940 0.447981
841 842 0.328565
841 851 -0.472661
841 941 -0.040885
842 843 0.100579
842 852 0.215834
842 942 -0.179870
843 844 -0.196730
843 853 -0.279961
843 943 0.906011
844 845 -0.001310
844 854 -0.476820
844 944 -0.733535
845 846 -1.499079
845 855 -0.164684
845 945 0.443650
846 847 -0.328080
846 856 -0.222452
846 946 2.794593
847 848 0.984626
847 857 1.746703
847 947 -2.513520
848 849 0.317070
848 858 -0.776883
848 948 -0.280287
849 840 -0.393291
849 859 -0.571285
849 949 -0.060706
850 851 0.781083
850 860 -0.539025
850 950 -1.583069
851 852 -1.074438
851 861 -1.027312
851 951 0.243456
852 853 0.708365
852 862 0.087775
852 952 1.049872
853 854 1.645801
853 863 2.880848
853 953 0.086164
854 855 -0.689469
854 864 0.145770
854 954 -0.292157
855 856 -0.186985
855 865 0.163936
855 955 0.871748
856 857 -0.283439
856 866 0.946888
856 956 1.698200
857 858 1.359614
857 867 0.531208
857 957 -0.438238
858 859 0.364836
858 868 -0.687603
858 958 -0.137429
859 850 -0.406835
859 869 -0.146927
859 959 -0.910429
860 861 0.473940
860 870 -0.529966
860 960 0.447239
861 862 -2.153222
861 871 -0.129256
861 961 -0.122578
862 863 -0.252047
862 872 0.429743
862 962 -0.967534
863 864 -0.177609
863 873 0.947772
863 963 0.551695
864 865 0.370458
864 874 -0.781219
864 964 -0.258837
865 866 -0.012500
865 875 1.194259
865 965 -0.520249
866 867 -1.427419
866 876 1.712332
866 966 1.328366
867 868 0.587147
867 877 0.283449
867 967 -1.858327
868 869 -2.375998
868 878 -0.872621
868 968 -1.061065
869 860 1.725190
869 879 -0.139561
869 969 0.518434
870 871 0.522205
870 880 0.414620
870 970 -0.346010
871 872 1.023101
871 881 -0.189096
871 971 1.032826
872 873 0.761377
872 882 -1.566095
872 972 -0.153032
873 874 0.076338
873 883 0.731895
873 973 -0.216069
874 875 0.303791
874 884 1.063506
874 974 -0.246671
875 876 0.060401
875 885 -1.205505
875 975 1.822405
876 877 -2.346517
876 886 -1.523885
876 976 0.019339
877 878 -1.901509
877 887 1.375948
877 977 -0.095109
878 879 1.380503
878 888 -1.066165
878 978 -0.709571
879 870 -0.356549
879 889 1.632782
879 979 -0.300480
880 881 1.859946
880 890 0.983379
880 980 0.144652
881 882 0.695705
881 891 0.444589
881 981 0.032279
882 883 -0.797049
882 892 -1.407394
882 982 0.154246
883 884 0.718608
883 893 0.755868
883 983 -0.398290
884 885 -1.602982
884 894 2.212323
884 984 -0.676246
885 886 -0.522836
885 895 0.017006
885 985 0.160346
886 887 -0.814933
886 896 0.494476
886 986 0.263424
887 888 0.636407
887 897 -0.013787
887 987 -0.084552
888 889 0.310284
888 898 2.137584
888 988 0.586850
889 880 -1.617760
889 899 -0.147658
889 989 0.243177
890 891 -2.396810
890 800 -0.236027
890 990 0.913815
891 892 -0.649793
891 801 -0.463144
891 991 -1.802562
892 893 0.148894
892 802 -0.173684
892 992 0.359101
893 894 -1.212711
893 803 -0.214702
893 993 -0.801928
894 895 -1.194267
894 804 0.678312
894 994 -0.800182
895 896 0.547664
895 805 -1.808362
895 995 -3.050858
896 897 0.441752
896 806 0.575872
896 996 2.216885
897 898 1.188853
897 807 0.628732
897 997 -0.817432
898 899 0.097108
898 808 2.225637
898 998 0.135831
899 890 -0.277804
899 809 -0.611571
899 999 1.050217
900 901 0.172177
900 910 0.155661
900 0 -1.429828
901 902 -0.604715
901 911 1.047191
901 1 0.708326
902 903 -2.080204
902 912 -0.512574
902 2 1.494289
903 904 0.769925
903 913 0.389103
903 3 -0.341380
904 905 -2.341146
904 914 -0.583080
904 4 -1.052654
905 906 0.644668
905 915 -1.172910
905 5 0.244892
906 907 0.691341
906 916 -0.310373
906 6 0.377273
907 908 -2.076567
907 917 0.466257
907 7 -1.358676
908 909 -0.358968
908 918 0.612212
908 8 0.651959
909 900 0.294028
909 919 2.417506
909 9 1.175960
910 911 -1.151977
910 920 -0.311282
910 10 0.936844
911 912 -0.649032
911 921 -0.755802
911 11 0.085284
912 913 0.815358
912 922 -0.018961
912 12 0.750667
913 914 -0.430437
913 923 -1.803296
913 13 -0.568601
914 915 0.518849
914 924 0.867467
914 14 -0.594945
915 916 0.654651
915 925 -0.606123
915 15 0.392338
916 917 0.398087
916 926 0.256984
916 16 -2.260885
917 918 2.490159
917 927 -0.260961
917 17 -0.560645
918 919 -0.201953
918 928 1.179875
918 18 -0.432732
919 910 0.428238
919 929 -1.215109
919 19 0.567536
920 921 0.796575
920 930 0.971426
920 20 0.656612
921 922 0.634410
921 931 -0.468612
921 21 -0.387287
922 923 -1.122893
922 932 -0.432861
922 22 -1.431155
923 924 -1.970925
923 933 2.060509
923 23 0.274065
924 925 0.064562
924 934 -0.085897
924 24 -0.809868
925 926 0.217578
925 935 -1.431116
925 25 0.134787
926 927 -1.202142
926 936 -0.739298
926 26 0.289702
927 928 1.583959
927 937 -1.313993
927 27 1.263986
928 929 0.826076
928 938 1.427783
928 28 -1.498477
929 920 -0.732134
929 939 -1.333779
929 29 0.477271
930 931 0.872711
930 940 -1.020141
930 30 1.118029
931 932 0.025897
931 941 -0.134630
931 31 -1.510869
932 933 0.121231
932 942 0.047062
932 32 -2.015485
933 934 0.315280
933 943 -0.424752
933 33 1.388769
934 935 0.490683
934 944 1.669938
934 34 -0.275855
935 936 -1.513206
935 945 -0.985760
935 35 -1.059451
936 937 -0.503466
936 946 0.879875
936 36 0.660745
937 938 1.689716
937 947 1.884711
937 37 0.330935
938 939 2.011503
938 948 0.056360
938 38 0.653660
939 930 0.117856
939 949 -1.307781
939 39 0.580845
940 941 1.414488
940 950 -0.219093
940 40 0.688108
941 942 0.699882
941 951 0.553179
941 41 -1.094205
942 943 0.536168
942 952 -0.251799
942 42 0.090404
943 944 -0.717222
943 953 -0.054902
943 43 -0.547698
944 945 1.565789
944 954 -0.344542
944 44 -0.378326
945 946 0.043877
945 955 -0.273186
945 45 -0.749020
946 947 0.030492
946 956 1.679830
946 46 0.302152
947 948 1.046323
947 957 -0.553923
947 47 0.945942
948 949 -0.461845
948 958 0.726823
948 48 -1.759299
949 940 -1.067858
949 959 1.559831
949 49 0.271550
950 951 -1.360408
950 960 0.114349
950 50 0.468497
951 952 0.603605
951 961 -0.219888
951 51 -0.233709
952 953 1.614649
952 962 -0.498936
952 52 -0.387572
953 954 0.705128
953 963 0.054030
953 53 1.138953
954 955 -0.410369
954 964 -0.074480
954 54 0.685928
955 956 -0.830925
955 965 0.004263
955 55 -0.271541
956 957 1.818362
956 966 1.378862
956 56 1.020083
957 958 1.500240
957 967 0.453984
957 57 0.255481
958 959 -0.414732
958 968 -0.544290
958 58 0.189625
959 950 0.011454
959 969 0.369525
959 59 -2.176791
960 961 -0.834984
960 970 1.746490
960 60 -0.711024
961 962 1.039452
961 971 0.677329
961 61 0.456165
962 963 -0.602566
962 972 -0.882552
962 62 -0.360619
963 964 1.829251
963 973 -2.575762
963 63 -1.023696
964 965 -0.393004
964 974 -0.112333
964 64 0.017827
965 966 0.030752
965 975 -0.526383
965 65 -0.292425
966 967 -1.139653
966 976 2.503087
966 66 1.739737
967 968 -1.052867
967 977 0.601420
967 67 -1.429872
968 969 -0.563652
968 978 0.296955
968 68 -0.250640
969 960 -0.857515
969 979 -2.048554
969 69 -0.634435
970 971 0.433372
970 980 -0.700855
970 70 1.000934
971 972 0.408764
971 981 0.193350
971 71 -0.920539
972 973 -1.390264
972 982 -0.027459
972 72 0.113534
973 974 0.071634
973 983 -0.378303
973 73 0.265545
974 975 -0.661695
974 984 0.002520
974 74 1.011239
975 976 0.021722
975 985 -1.597500
975 75 -1.154173
976 977 2.300999
976 986 1.066464
976 76 0.385878
977 978 1.284385
977 987 0.556360
977 77 -0.379163
978 979 -1.309431
978 988 -0.217651
978 78 1.131989
979 970 0.547271
979 989 0.229182
979 79 0.031349
980 981 0.107975
980 990 1.302665
980 80 1.053920
981 982 -0.751868
981 991 0.947624
981 81 0.176686
982 983 -1.126527
982 992 -0.594763
982 82 -1.759616
983 984 -0.459813
983 993 -0.542453
983 83 0.924905
984 985 -0.450599
984 994 -0.103016
984 84 -0.440319
985 986 0.829207
985 995 0.923608
985 85 0.374615
986 987 1.012375
986 996 -0.411215
986 86 0.930062
987 988 -1.194027
987 997 -1.234141
987 87 -0.274407
988 989 -0.984130
988 998 1.256518
988 88 0.565017
989 980 0.730648
989 999 0.340021
989 89 0.118943
990 991 0.688519
990 900 0.734838
990 90 0.520188
991 992 0.068694
991 901 0.966673
991 91 -0.518358
992 993 0.204341
992 902 1.030633
992 92 0.095086
993 994 1.163745
993 903 0.633044
993 93 -0.500992
994 995 0.533224
994 904 0.081138
994 94 -0.533299
995 996 1.285278
995 905 -1.673350
995 95 0.588050
996 997 -0.005323
996 906 -1.420123
996 96 -1.137851
997 998 -0.954715
997 907 0.788798
997 97 0.768716
998 999 0.949363
998 908 1.004607
998 98 1.842085
999 990 1.542689
999 909 -0.416548
999 99 -0.970390
