0 1 -0.438290
0 10 -0.216352
0 100 -1.727563
1 2 1.970852
1 11 1.725897
1 101 1.386563
2 3 0.706901
2 12 0.295186
2 102 0.206293
3 4 1.331314
3 13 0.337036
3 103 -0.764216
4 5 1.628096
4 14 -1.423613
4 104 -1.270047
5 6 -1.034471
5 15 0.300305
5 105 1.279081
6 7 -1.282545
6 16 -0.850211
6 106 -0.137178
7 8 0.717154
7 17 1.872248
7 107 0.011187
8 9 -0.261689
8 18 0.289869
8 108 2.445668
9 0 0.492348
9 19 0.814451
9 109 -0.370882
10 11 0.240621
10 20 -1.121553
10 110 0.746051
11 12 -0.308502
11 21 0.111421
11 111 0.859854
12 13 0.593862
12 22 0.011890
12 112 -1.729726
13 14 -0.518053
13 23 -0.192634
13 113 0.050116
14 15 -1.224551
14 24 1.669609
14 114 0.144686
15 16 -0.257891
15 25 -0.205495
15 115 -0.225257
16 17 -1.322951
16 26 2.533523
16 116 -1.380763
17 18 0.022070
17 27 -0.638946
17 117 -0.629955
18 19 0.132741
18 28 0.110021
18 118 1.278736
19 10 0.433100
19 29 1.217019
19 119 1.354351
20 21 -0.823252
20 30 -0.703461
20 120 0.451932
21 22 0.743169
21 31 -0.330039
21 121 -1.254550
22 23 0.764794
22 32 -0.020308
22 122 0.740487
23 24 0.063239
23 33 0.262389
23 123 1.279067
24 25 -3.106071
24 34 -1.339857
24 124 -0.598937
25 26 -0.298613
25 35 -0.036702
25 125 2.133640
26 27 -0.121376
26 36 1.703203
26 126 -0.222273
27 28 -0.595413
27 37 0.230465
27 127 0.986627
28 29 0.349145
28 38 0.210421
28 128 -0.568123
29 20 -0.908378
29 39 -1.138492
29 129 0.204922
30 31 -1.781782
30 40 0.257545
30 130 -0.329320
31 32 1.245553
31 41 1.188614
31 131 0.657039
32 33 -0.991472
32 42 0.673484
32 132 0.390461
33 34 -0.259809
33 43 1.025948
33 133 1.143225
34 35 -1.330308
34 44 0.159939
34 134 0.962123
35 36 -0.339960
35 45 0.843023
35 135 -1.371575
36 37 -0.394569
36 46 0.742405
36 136 -1.256055
37 38 0.854768
37 47 0.154066
37 137 1.195586
38 39 1.677143
38 48 -0.198343
38 138 -1.027752
39 30 -1.872342
39 49 -0.605182
39 139 0.079040
40 41 -0.303425
40 50 -0.123114
40 140 -0.330495
41 42 0.864189
41 51 0.338824
41 141 0.447568
42 43 0.173255
42 52 0.965847
42 142 -1.620127
43 44 -1.410653
43 53 0.643694
43 143 2.029125
44 45 1.163534
44 54 1.766353
44 144 1.246623
45 46 -1.553096
45 55 -1.842991
45 145 0.971819
46 47 0.083074
46 56 0.366745
46 146 0.286618
47 48 0.160086
47 57 0.946049
47 147 -0.242094
48 49 0.162481
48 58 -1.036082
48 148 -0.830193
49 40 -0.066517
49 59 0.595358
49 149 -1.365916
50 51 1.540856
50 60 -0.427825
50 150 0.309028
51 52 -1.041016
51 61 0.282830
51 151 -0.001509
52 53 -0.265505
52 62 1.102276
52 152 -0.038199
53 54 -0.452276
53 63 1.367633
53 153 -0.622331
54 55 -0.345172
54 64 -0.197184
54 154 1.364032
55 56 -0.926647
55 65 0.294564
55 155 0.453177
56 57 0.063326
56 66 -0.013462
56 156 1.647529
57 58 0.950678
57 67 1.779793
57 157 -0.035252
58 59 -1.236542
58 68 -1.088715
58 158 0.707161
59 50 1.959003
59 69 -0.645740
59 159 1.814083
60 61 -1.275709
60 70 0.130204
60 160 0.566031
61 62 -2.212088
61 71 -0.137598
61 161 -2.313992
62 63 -0.326783
62 72 0.742820
62 162 -0.271707
63 64 -0.136092
63 73 0.018771
63 163 0.212661
64 65 2.014808
64 74 -1.033414
64 164 -0.903741
65 66 -0.470293
65 75 -0.741125
65 165 -0.740288
66 67 1.773896
66 76 1.062549
66 166 1.191702
67 68 1.115765
67 77 0.439793
67 167 0.685222
68 69 -0.175627
68 78 2.337507
68 168 -0.451698
69 60 0.162028
69 79 -0.393913
69 169 -0.609779
70 71 1.265881
70 80 0.749237
70 170 -1.316956
71 72 -0.231693
71 81 0.097091
71 171 -0.004349
72 73 -3.226087
72 82 1.247621
72 172 0.355806
73 74 0.222580
73 83 -0.143855
73 173 1.848166
74 75 0.160853
74 84 -0.543398
74 174 0.774100
75 76 1.685103
75 85 1.392425
75 175 0.828047
76 77 0.816626
76 86 -0.542311
76 176 0.530365
77 78 1.494734
77 87 0.149139
77 177 1.537058
78 79 0.675795
78 88 0.814850
78 178 -0.714631
79 70 -1.876913
79 89 1.382052
79 179 -0.505410
80 81 1.407693
80 90 -0.018987
80 180 -0.056369
81 82 0.047848
81 91 0.942745
81 181 0.617728
82 83 -0.153708
82 92 0.366143
82 182 0.812395
83 84 1.168397
83 93 -0.936360
83 183 0.401495
84 85 0.002869
84 94 0.570991
84 184 -0.133125
85 86 0.825148
85 95 0.387048
85 185 -0.921590
86 87 0.118081
86 96 -2.368157
86 186 1.531790
87 88 -0.149859
87 97 -0.508214
87 187 -2.694048
88 89 -1.183946
88 98 1.237207
88 188 1.236374
89 80 -0.819077
89 99 1.538327
89 189 -0.096878
90 91 0.246241
90 0 -0.491271
90 190 -0.997468
91 92 -0.424817
91 1 -0.676078
91 191 -0.821207
92 93 -1.096028
92 2 0.181118
92 192 -0.129152
93 94 -0.117127
93 3 1.093442
93 193 -0.502517
94 95 0.232680
94 4 0.301976
94 194 -1.902218
95 96 -0.701806
95 5 -1.550317
95 195 0.007195
96 97 -0.943349
96 6 -0.819602
96 196 0.278251
97 98 -1.071821
97 7 0.360641
97 197 -0.553933
98 99 -0.303197
98 8 -1.097463
98 198 -0.760132
99 90 1.482362
99 9 1.443107
99 199 0.990173
100 101 -0.143465
100 110 1.010919
100 200 0.359966
101 102 1.204623
101 111 -0.260528
101 201 0.037846
102 103 -2.254738
102 112 -1.458109
102 202 1.378400
103 104 -1.329308
103 113 -0.720422
103 203 1.653283
104 105 -1.219063
104 114 -0.230565
104 204 0.037563
105 106 -1.738653
105 115 -0.385886
105 205 -0.737593
106 107 0.165578
106 116 0.076086
106 206 1.752082
107 108 1.651453
107 117 -0.726458
107 207 0.273252
108 109 -0.954571
108 118 0.830984
108 208 -0.056701
109 100 1.834335
109 119 -0.765615
109 209 1.445460
110 111 0.392785
110 120 0.241374
110 210 0.407138
111 112 0.907303
111 121 0.214247
111 211 0.886902
112 113 0.861734
112 122 1.350489
112 212 1.069256
113 114 -0.479749
113 123 0.369160
113 213 -1.116715
114 115 0.240942
114 124 -0.406989
114 214 -1.018665
115 116 -0.590024
115 125 -1.061045
115 215 -1.235634
116 117 0.451322
116 126 1.585848
116 216 -0.944999
117 118 1.774679
117 127 1.495096
117 217 1.786383
118 119 -0.713925
118 128 0.569729
118 218 0.308007
119 110 -1.283774
119 129 0.458909
119 219 -0.582229
120 121 1.254144
120 130 -1.183757
120 220 -0.024576
121 122 -0.223210
121 131 -0.366787
121 221 0.271025
122 123 -2.603605
122 132 -1.448444
122 222 0.927171
123 124 0.992857
123 133 -0.218663
123 223 -0.132833
124 125 0.221173
124 134 1.078958
124 224 -0.212132
125 126 1.550575
125 135 -0.868609
125 225 1.803810
126 127 -1.041340
126 136 -1.122307
126 226 -0.410658
127 128 0.878085
127 137 -1.234110
127 227 -0.221614
128 129 0.454310
128 138 0.981651
128 228 -0.290357
129 120 0.180604
129 139 -0.302532
129 229 0.375171
130 131 0.102752
130 140 -0.810014
130 230 -2.146177
131 132 -0.156394
131 141 0.994818
131 231 0.334267
132 133 -0.024216
132 142 -0.599681
132 232 0.145628
133 134 0.248770
133 143 1.845975
133 233 -0.695680
134 135 -2.189912
134 144 -0.125035
134 234 1.133682
135 136 1.356836
135 145 1.209579
135 235 1.833840
136 137 1.239644
136 146 -1.046245
136 236 0.632330
137 138 0.113430
137 147 1.344961
137 237 -0.070540
138 139 0.519033
138 148 0.729878
138 238 0.764775
139 130 -2.461886
139 149 2.048425
139 239 1.021088
140 141 0.887628
140 150 -0.080360
140 240 -1.356565
141 142 0.787185
141 151 1.160165
141 241 -1.220458
142 143 0.651950
142 152 1.102117
142 242 -0.726816
143 144 0.961058
143 153 0.627204
143 243 -0.682904
144 145 -0.485332
144 154 -0.831305
144 244 -0.587415
145 146 1.301307
145 155 -0.343804
145 245 0.621012
146 147 0.266248
146 156 1.077915
146 246 2.025370
147 148 -0.346487
147 157 -0.207440
147 247 0.352242
148 149 0.023231
148 158 0.873528
148 248 -0.518713
149 140 -1.048373
149 159 0.693535
149 249 0.596722
150 151 1.303385
150 160 -0.863045
150 250 0.016003
151 152 -0.914602
151 161 0.003115
151 251 -0.960120
152 153 0.563567
152 162 -2.503467
152 252 -0.906430
153 154 -1.104615
153 163 1.568458
153 253 0.939565
154 155 1.851295
154 164 -1.805614
154 254 0.310410
155 156 0.279023
155 165 -0.827326
155 255 -0.413385
156 157 0.178930
156 166 0.337934
156 256 0.057916
157 158 -0.567143
157 167 1.036301
157 257 0.451561
158 159 -0.302795
158 168 -0.679918
158 258 2.020594
159 150 -0.113405
159 169 -1.300715
159 259 0.611736
160 161 0.492235
160 170 0.229099
160 260 0.022671
161 162 1.516474
161 171 -0.018005
161 261 1.584185
162 163 0.968684
162 172 0.980601
162 262 -0.997642
163 164 -1.337822
163 173 -1.927403
163 263 -1.043204
164 165 0.625227
164 174 -0.495617
164 264 0.015007
165 166 0.066419
165 175 -1.772824
165 265 -0.074655
166 167 -2.101467
166 176 0.306993
166 266 0.173392
167 168 -1.099709
167 177 0.127388
167 267 -1.055681
168 169 -0.656170
168 178 -0.021925
168 268 -1.012329
169 160 -0.690796
169 179 0.465061
169 269 1.200091
170 171 0.492544
170 180 0.034040
170 270 -0.682627
171 172 -0.208636
171 181 -0.916023
171 271 -0.878021
172 173 0.268574
172 182 2.026819
172 272 0.528687
173 174 -0.314579
173 183 -0.582970
173 273 0.585638
174 175 -0.137428
174 184 0.374995
174 274 0.887361
175 176 1.507738
175 185 0.057121
175 275 -1.120136
176 177 1.111404
176 186 1.950253
176 276 -0.253876
177 178 -1.649644
177 187 -1.169759
177 277 -1.301534
178 179 1.985370
178 188 0.426328
178 278 0.003767
179 170 1.082990
179 189 -0.030416
179 279 0.192455
180 181 -1.421267
180 190 0.442084
180 280 -0.980361
181 182 0.592889
181 191 0.675365
181 281 0.951549
182 183 1.779415
182 192 0.682445
182 282 0.810552
183 184 -1.819912
183 193 -0.448292
183 283 0.748544
184 185 0.472035
184 194 -1.205327
184 284 -1.285817
185 186 -0.535788
185 195 0.625664
185 285 0.159428
186 187 -0.489212
186 196 -0.139123
186 286 0.416902
187 188 0.950425
187 197 -0.169460
187 287 0.350201
188 189 0.019393
188 198 -0.511141
188 288 -0.960845
189 180 0.249660
189 199 -0.749266
189 289 1.819636
190 191 -0.254679
190 100 1.032984
190 290 1.384023
191 192 0.227481
191 101 -0.754269
191 291 -0.430634
192 193 0.875529
192 102 -1.240232
192 292 1.461111
193 194 1.598443
193 103 0.214664
193 293 0.584854
194 195 1.318446
194 104 -0.660950
194 294 -0.546746
195 196 0.016424
195 105 1.768760
195 295 0.828787
196 197 0.254699
196 106 0.506838
196 296 -1.001247
197 198 -0.413745
197 107 0.669387
197 297 1.796472
198 199 0.805813
198 108 -0.950001
198 298 -1.947986
199 190 -1.956948
199 109 -0.627237
199 299 1.337033
200 201 -0.965391
200 210 1.057946
200 300 -0.392078
201 202 1.808700
201 211 1.018014
201 301 1.437068
202 203 -0.047111
202 212 0.326310
202 302 -0.522480
203 204 -0.463232
203 213 -0.133288
203 303 0.164929
204 205 -1.357829
204 214 -0.182216
204 304 0.954312
205 206 -2.822575
205 215 0.865926
205 305 0.473381
206 207 -0.408997
206 216 -0.799493
206 306 1.968988
207 208 0.175596
207 217 -0.743370
207 307 -0.740816
208 209 -0.734188
208 218 -1.721871
208 308 0.031954
209 200 0.204508
209 219 0.274633
209 309 -0.246623
210 211 -0.508788
210 220 1.975403
210 310 0.068004
211 212 0.310720
211 221 -0.432204
211 311 -0.452132
212 213 0.562781
212 222 -1.670736
212 312 -0.765667
213 214 -0.323751
213 223 0.323566
213 313 0.192013
214 215 -1.791424
214 224 -0.645725
214 314 -0.254065
215 216 -0.063612
215 225 1.317355
215 315 -0.327746
216 217 -2.244055
216 226 0.439331
216 316 0.656237
217 218 -1.498635
217 227 -0.986554
217 317 -0.728986
218 219 1.202156
218 228 -1.268851
218 318 -2.825217
219 210 -0.720505
219 229 1.159777
219 319 -1.235521
220 221 1.002806
220 230 0.363539
220 320 0.874070
221 222 -1.303115
221 231 -0.927628
221 321 -0.374280
222 223 0.668191
222 232 1.853924
222 322 0.392946
223 224 -1.393342
223 233 2.124827
223 323 0.514483
224 225 1.159750
224 234 0.109563
224 324 -0.630323
225 226 -1.404735
225 235 1.604219
225 325 -1.279384
226 227 -0.574975
226 236 -1.262979
226 326 0.941000
227 228 0.138760
227 237 0.015039
227 327 0.496700
228 229 1.843118
228 238 0.807111
228 328 0.670383
229 220 0.626523
229 239 0.856949
229 329 -0.351400
230 231 -1.504371
230 240 0.290530
230 330 -0.990382
231 232 0.685671
231 241 -0.251898
231 331 -1.715291
232 233 1.120947
232 242 1.262414
232 332 1.360634
233 234 0.088763
233 243 -0.272595
233 333 -0.670880
234 235 1.740339
234 244 0.251115
234 334 1.457760
235 236 1.685450
235 245 -1.248141
235 335 0.951851
236 237 -1.753823
236 246 -0.185652
236 336 0.417478
237 238 0.980258
237 247 1.098290
237 337 0.470774
238 239 0.870369
238 248 -0.490712
238 338 -0.512542
239 230 0.135476
239 249 -0.043170
239 339 1.399844
240 241 -0.197631
240 250 -2.063304
240 340 -0.980953
241 242 0.329723
241 251 -0.037419
241 341 0.430037
242 243 -0.040006
242 252 0.547969
242 342 1.510799
243 244 0.793135
243 253 -0.650651
243 343 1.102335
244 245 -0.070700
244 254 -0.085658
244 344 0.890539
245 246 0.059474
245 255 -0.647968
245 345 0.511100
246 247 -0.149330
246 256 -0.459279
246 346 1.711121
247 248 -0.928959
247 257 -1.108907
247 347 -0.048766
248 249 -1.026192
248 258 0.914740
248 348 -1.336872
249 240 0.702305
249 259 0.935329
249 349 -0.438585
250 251 -1.714704
250 260 0.536727
250 350 0.838567
251 252 -1.419439
251 261 0.976727
251 351 0.114514
252 253 0.165582
252 262 -0.642185
252 352 1.094805
253 254 0.597974
253 263 -0.446512
253 353 -1.080489
254 255 0.691461
254 264 -0.803482
254 354 -1.728048
255 256 0.990001
255 265 -2.093343
255 355 0.912028
256 257 0.708212
256 266 0.578508
256 356 0.452554
257 258 1.046633
257 267 1.103763
257 357 1.614818
258 259 1.452276
258 268 -0.263090
258 358 -1.077501
259 250 -0.387694
259 269 0.346885
259 359 1.226873
260 261 -0.339561
260 270 0.340489
260 360 0.529393
261 262 -1.107157
261 271 -0.480768
261 361 -1.587751
262 263 0.732102
262 272 -0.162729
262 362 -0.325461
263 264 -0.078200
263 273 0.943903
263 363 -1.115932
264 265 -0.263293
264 274 -0.791558
264 364 0.371317
265 266 0.946707
265 275 -0.789496
265 365 0.134891
266 267 0.951976
266 276 -1.538335
266 366 0.009789
267 268 1.069949
267 277 -0.635908
267 367 -1.276020
268 269 -0.019038
268 278 0.365974
268 368 -0.700417
269 260 -1.441266
269 279 -0.489926
269 369 -1.608695
270 271 1.536678
270 280 -1.305480
270 370 -2.576568
271 272 0.117758
271 281 -0.336818
271 371 0.255818
272 273 0.096041
272 282 -0.655107
272 372 0.492160
273 274 1.476142
273 283 1.815370
273 373 0.067715
274 275 0.567301
274 284 -0.645208
274 374 -0.657857
275 276 -0.153666
275 285 1.185444
275 375 0.105909
276 277 0.128400
276 286 0.246915
276 376 0.065453
277 278 -1.047705
277 287 0.489538
277 377 0.399369
278 279 0.443632
278 288 -0.593871
278 378 -0.669963
279 270 0.667847
279 289 0.168051
279 379 1.502321
280 281 -0.825655
280 290 1.854704
280 380 0.826389
281 282 0.249615
281 291 -0.261530
281 381 1.258680
282 283 0.172227
282 292 1.126580
282 382 -0.689266
283 284 -0.369090
283 293 -1.301329
283 383 -0.139502
284 285 0.546371
284 294 -1.888746
284 384 0.764148
285 286 0.849653
285 295 -1.568438
285 385 0.670021
286 287 0.736697
286 296 -1.079969
286 386 -1.318680
287 288 0.840556
287 297 -0.675681
287 387 -1.761760
288 289 0.149957
288 298 -0.205486
288 388 0.570036
289 280 0.175859
289 299 0.447801
289 389 -0.671606
290 291 0.876908
290 200 2.064143
290 390 0.436998
291 292 0.805951
291 201 -1.717184
291 391 -0.566903
292 293 0.071544
292 202 1.453674
292 392 -1.474876
293 294 -1.508976
293 203 1.432722
293 393 -0.070912
294 295 0.718533
294 204 -0.423676
294 394 -0.582292
295 296 1.477671
295 205 -0.832762
295 395 0.510065
296 297 0.156859
296 206 0.403852
296 396 -1.634523
297 298 3.151488
297 207 0.148870
297 397 -0.478811
298 299 -0.394834
298 208 -0.489894
298 398 1.738952
299 290 -2.668664
299 209 0.682974
299 399 -0.521827
300 301 1.126150
300 310 -0.892526
300 400 1.248980
301 302 -1.378811
301 311 0.299780
301 401 -0.309599
302 303 0.886826
302 312 1.383361
302 402 -0.675755
303 304 -0.443548
303 313 -1.492338
303 403 -0.505248
304 305 0.988246
304 314 -0.871907
304 404 -0.152845
305 306 1.645551
305 315 -1.132923
305 405 0.965268
306 307 0.948535
306 316 0.705430
306 406 -1.037767
307 308 0.192836
307 317 0.080836
307 407 -0.705111
308 309 -0.473347
308 318 -1.040237
308 408 1.472370
309 300 -1.605074
309 319 -0.895229
309 409 -0.330664
310 311 0.324105
310 320 -0.889299
310 410 -0.536809
311 312 -1.293977
311 321 -0.242602
311 411 0.432474
312 313 1.955847
312 322 0.463565
312 412 -0.460104
313 314 0.687857
313 323 -0.076710
313 413 -2.878048
314 315 1.540745
314 324 -1.220267
314 414 -1.974044
315 316 -0.193016
315 325 0.617449
315 415 -1.244320
316 317 -0.683674
316 326 -0.546667
316 416 0.335356
317 318 0.171364
317 327 -1.191683
317 417 0.214632
318 319 -0.213560
318 328 -2.439843
318 418 -0.744006
319 310 0.953453
319 329 1.727387
319 419 -0.045514
320 321 1.825690
320 330 0.968892
320 420 -0.702224
321 322 0.815782
321 331 -0.348909
321 421 0.775397
322 323 -0.049852
322 332 -0.274707
322 422 0.253721
323 324 -0.136220
323 333 -0.329208
323 423 -0.541527
324 325 -2.718546
324 334 -1.196812
324 424 0.405570
325 326 0.166326
325 335 1.128243
325 425 -1.758057
326 327 -0.941458
326 336 0.211776
326 426 0.952271
327 328 0.582927
327 337 0.595401
327 427 -1.202066
328 329 0.244291
328 338 0.199521
328 428 -0.996703
329 320 1.095590
329 339 0.199304
329 429 -0.472788
330 331 -0.610122
330 340 -1.877983
330 430 0.027086
331 332 -1.814379
331 341 -0.394425
331 431 0.916096
332 333 0.464688
332 342 -0.076054
332 432 0.115767
333 334 0.370098
333 343 1.561168
333 433 1.555856
334 335 1.091735
334 344 -0.622546
334 434 0.695078
335 336 -0.999133
335 345 1.658396
335 435 -0.210361
336 337 1.219741
336 346 1.808075
336 436 -2.542228
337 338 -0.650375
337 347 0.708999
337 437 -1.602186
338 339 -1.553667
338 348 1.047155
338 438 0.704865
339 330 0.190896
339 349 -0.838597
339 439 -0.479919
340 341 -0.044885
340 350 -0.097706
340 440 -0.072855
341 342 -0.625483
341 351 1.420359
341 441 -1.274187
342 343 -2.339395
342 352 0.700323
342 442 -1.157142
343 344 -0.331777
343 353 0.237325
343 443 -0.046622
344 345 -1.574390
344 354 -0.444128
344 444 -1.640639
345 346 -0.062685
345 355 1.465425
345 445 -1.458948
346 347 0.855637
346 356 -0.540328
346 446 1.541568
347 348 -0.009748
347 357 -0.486687
347 447 -0.441677
348 349 -0.916060
348 358 -0.973279
348 448 -1.742382
349 340 -1.340485
349 359 -0.377252
349 449 -1.476545
350 351 -1.510773
350 360 2.493020
350 450 -1.122252
351 352 -2.568960
351 361 -2.287549
351 451 -0.344980
352 353 -1.721906
352 362 0.745156
352 452 -0.133533
353 354 -0.728065
353 363 -0.724898
353 453 -0.243030
354 355 2.237243
354 364 0.457421
354 454 -0.577703
355 356 1.613638
355 365 0.993491
355 455 1.112682
356 357 -3.002655
356 366 -0.071153
356 456 -0.433554
357 358 -0.406318
357 367 0.278973
357 457 1.094979
358 359 -1.289156
358 368 -0.254395
358 458 -1.709738
359 350 -0.152604
359 369 1.833725
359 459 -1.834634
360 361 3.839014
360 370 -0.399232
360 460 -0.767889
361 362 -1.439027
361 371 0.793517
361 461 0.323052
362 363 2.149091
362 372 0.201884
362 462 -0.105943
363 364 0.825666
363 373 0.129326
363 463 -0.398363
364 365 -1.124676
364 374 -1.197965
364 464 0.468862
365 366 0.863316
365 375 0.199663
365 465 -0.704732
366 367 -1.598793
366 376 0.746308
366 466 -0.375703
367 368 1.200069
367 377 -0.172890
367 467 -1.707081
368 369 -0.352614
368 378 -0.649032
368 468 -0.014215
369 360 -0.226219
369 379 -0.821946
369 469 -0.388195
370 371 -0.896213
370 380 1.568188
370 470 0.650823
371 372 1.640225
371 381 0.055219
371 471 1.309742
372 373 0.658201
372 382 -1.027458
372 472 0.250081
373 374 0.738192
373 383 -2.366073
373 473 1.874703
374 375 -1.384793
374 384 1.722685
374 474 0.679452
375 376 2.079044
375 385 -1.623750
375 475 1.677648
376 377 0.464604
376 386 0.268111
376 476 1.029723
377 378 1.816335
377 387 -0.593650
377 477 -0.223937
378 379 -1.250748
378 388 -0.237040
378 478 -0.099203
379 370 -0.124959
379 389 -0.809038
379 479 0.536810
380 381 0.113433
380 390 0.527663
380 480 1.606071
381 382 -0.715566
381 391 -0.060772
381 481 -0.691666
382 383 -0.692881
382 392 -1.653183
382 482 -0.663424
383 384 -0.257194
383 393 0.446142
383 483 -0.717595
384 385 0.114761
384 394 0.901758
384 484 -0.499111
385 386 -1.346553
385 395 -0.621733
385 485 -0.313266
386 387 -1.045952
386 396 1.842337
386 486 -0.084660
387 388 -1.483307
387 397 0.388130
387 487 1.247973
388 389 -0.556176
388 398 -0.158927
388 488 -0.332214
389 380 -0.329405
389 399 -0.931124
389 489 0.118505
390 391 -1.021771
390 300 -0.256209
390 490 -1.251844
391 392 -1.174933
391 301 2.059603
391 491 1.171939
392 393 -1.826447
392 302 -0.365485
392 492 0.488445
393 394 0.340850
393 303 0.979013
393 493 0.989876
394 395 -1.361959
394 304 -0.833731
394 494 1.539321
395 396 1.303238
395 305 -0.158023
395 495 0.113867
396 397 0.548947
396 306 -1.330285
396 496 0.014717
397 398 -0.421729
397 307 0.516267
397 497 -0.608512
398 399 1.279360
398 308 -0.281695
398 498 -1.167253
399 390 -0.814211
399 309 -0.777374
399 499 -0.879340
400 401 -0.244303
400 410 -0.224979
400 500 0.262099
401 402 -1.784144
401 411 1.243384
401 501 0.561194
402 403 0.535125
402 412 -0.766442
402 502 0.329780
403 404 1.379900
403 413 -0.507334
403 503 0.214103
404 405 0.649901
404 414 -1.270772
404 504 0.540724
405 406 0.777923
405 415 -1.321895
405 505 -0.112331
406 407 -0.153512
406 416 -1.004921
406 506 -0.855360
407 408 1.340590
407 417 -0.949443
407 507 -0.016377
408 409 0.193976
408 418 2.209017
408 508 0.921713
409 400 -1.740803
409 419 0.575117
409 509 -1.283902
410 411 0.517566
410 420 -1.706568
410 510 -0.361695
411 412 -0.771442
411 421 -0.172701
411 511 -0.227119
412 413 0.656429
412 422 0.163633
412 512 -0.310755
413 414 -0.926933
413 423 1.272284
413 513 1.607671
414 415 0.724482
414 424 -0.101153
414 514 -2.113170
415 416 -0.546584
415 425 0.013927
415 515 1.596354
416 417 -0.338166
416 426 0.770795
416 516 -0.381929
417 418 -1.937213
417 427 -0.256186
417 517 -0.481587
418 419 -2.030112
418 428 -2.420758
418 518 0.207659
419 410 -0.757901
419 429 0.080994
419 519 1.351192
420 421 1.534259
420 430 2.197250
420 520 0.289787
421 422 1.324930
421 431 1.459705
421 521 -0.127628
422 423 0.488706
422 432 0.520995
422 522 0.072471
423 424 -0.698845
423 433 -0.828069
423 523 -0.537846
424 425 -0.443608
424 434 0.444705
424 524 -0.714942
425 426 0.140051
425 435 -0.404371
425 525 0.574107
426 427 -0.163288
426 436 0.284485
426 526 -0.064359
427 428 1.659139
427 437 -1.428976
427 527 -0.000509
428 429 0.575409
428 438 0.063325
428 528 1.235939
429 420 -0.019882
429 439 0.124199
429 529 -1.048796
430 431 -0.388090
430 440 0.619069
430 530 -1.643268
431 432 -0.874407
431 441 -0.458476
431 531 0.250216
432 433 0.615756
432 442 0.334163
432 532 -0.854544
433 434 0.921453
433 443 0.390469
433 533 -0.713856
434 435 -0.373619
434 444 -0.048121
434 534 1.190729
435 436 0.902442
435 445 -1.002537
435 535 -0.762940
436 437 -1.946648
436 446 -0.259257
436 536 0.140444
437 438 1.320757
437 447 -0.457005
437 537 -1.405502
438 439 0.055616
438 448 -0.120179
438 538 -1.094420
439 430 -1.063070
439 449 0.550969
439 539 -1.934974
440 441 -1.412683
440 450 0.081666
440 540 1.024735
441 442 1.328541
441 451 1.784813
441 541 -0.512927
442 443 0.385914
442 452 -1.155898
442 542 0.040331
443 444 -0.194368
443 453 1.499402
443 543 -0.225082
444 445 0.083260
444 454 0.522139
444 544 1.658008
445 446 -0.364101
445 455 1.154385
445 545 1.246605
446 447 -0.399808
446 456 1.662194
446 546 0.739092
447 448 -0.073869
447 457 -0.569262
447 547 0.576731
448 449 -0.188176
448 458 -0.054929
448 548 0.009303
449 440 2.441045
449 459 -0.516755
449 549 -0.760165
450 451 -0.289105
450 460 1.547722
450 550 -0.257936
451 452 -0.076517
451 461 -0.119834
451 551 2.104327
452 453 0.805804
452 462 1.243221
452 552 0.107410
453 454 -0.769697
453 463 1.040290
453 553 -0.455696
454 455 0.160593
454 464 -0.816656
454 554 0.522286
455 456 0.651784
455 465 -1.332111
455 555 0.335976
456 457 0.518736
456 466 0.068401
456 556 -1.245936
457 458 -0.161282
457 467 0.455195
457 557 -0.552056
458 459 0.570892
458 468 -0.986930
458 558 -0.201412
459 450 0.569276
459 469 -0.207985
459 559 -0.485830
460 461 -0.697174
460 470 -0.079778
460 560 0.728685
461 462 -0.822688
461 471 -0.868009
461 561 -0.789390
462 463 1.119891
462 472 0.959425
462 562 0.903169
463 464 0.126062
463 473 0.183807
463 563 -0.651376
464 465 1.061392
464 474 -0.624902
464 564 0.727309
465 466 0.997873
465 475 -0.398128
465 565 0.493508
466 467 0.694162
466 476 0.114506
466 566 1.024075
467 468 -0.802762
467 477 0.632359
467 567 0.030215
468 469 -1.147766
468 478 0.356968
468 568 0.920971
469 460 0.249753
469 479 0.399450
469 569 0.789880
470 471 -0.503934
470 480 -0.289311
470 570 -0.158080
471 472 0.327593
471 481 0.707990
471 571 -0.138439
472 473 -1.249594
472 482 -1.039801
472 572 -1.343872
473 474 -0.500681
473 483 0.379275
473 573 0.673283
474 475 -0.244086
474 484 1.118873
474 574 -0.233042
475 476 -1.151506
475 485 -0.921316
475 575 -0.036811
476 477 0.158481
476 486 -0.211053
476 576 -0.125992
477 478 1.024673
477 487 1.137983
477 577 -1.467392
478 479 1.112054
478 488 -1.147382
478 578 0.562052
479 470 -1.029595
479 489 1.267239
479 579 -0.125608
480 481 -0.960960
480 490 0.494447
480 580 0.015562
481 482 0.530507
481 491 0.351174
481 581 1.604443
482 483 1.039838
482 492 -1.649965
482 582 0.250997
483 484 -0.485097
483 493 0.298214
483 583 0.378539
484 485 -0.352744
484 494 -0.912736
484 584 0.623759
485 486 0.362709
485 495 -1.275133
485 585 0.069550
486 487 -0.076509
486 496 1.217010
486 586 -0.382747
487 488 0.030047
487 497 -0.783053
487 587 1.459049
488 489 1.469843
488 498 0.793488
488 588 -1.338677
489 480 -0.733940
489 499 0.433638
489 589 -0.167268
490 491 -0.563902
490 400 -1.095993
490 590 -0.294637
491 492 1.012326
491 401 -0.647487
491 591 1.064573
492 493 -1.168449
492 402 -0.267453
492 592 -1.509905
493 494 0.089098
493 403 -0.555162
493 593 1.219434
494 495 2.416617
494 404 2.832710
494 594 0.081797
495 496 -0.332782
495 405 -0.899930
495 595 0.754115
496 497 -0.424711
496 406 0.192867
496 596 -1.398665
497 498 -1.163918
497 407 -0.389712
497 597 -2.167340
498 499 1.404221
498 408 -0.931932
498 598 0.149091
499 490 2.006651
499 409 -1.165059
499 599 -1.621378
500 501 -1.521969
500 510 1.090069
500 600 0.858022
501 502 0.279708
501 511 1.637451
501 601 -0.166627
502 503 3.579342
502 512 1.618008
502 602 -0.314531
503 504 0.922828
503 513 1.395784
503 603 1.184296
504 505 -0.030069
504 514 0.594705
504 604 -0.043207
505 506 -1.224639
505 515 -1.321910
505 605 -0.490629
506 507 0.375860
506 516 0.667625
506 606 -0.326150
507 508 0.405939
507 517 -1.141585
507 607 0.544403
508 509 0.868146
508 518 -0.329653
508 608 -0.084630
509 500 0.230145
509 519 -0.188297
509 609 -1.752427
510 511 1.863357
510 520 -0.798716
510 610 0.981768
511 512 -0.052781
511 521 -0.777163
511 611 0.298467
512 513 0.126114
512 522 1.346174
512 612 1.735149
513 514 0.300546
513 523 0.499754
513 613 1.478164
514 515 0.411897
514 524 -0.627214
514 614 0.087866
515 516 -2.711031
515 525 1.165394
515 615 1.842769
516 517 -0.349650
516 526 1.623865
516 616 -1.574084
517 518 1.360421
517 527 0.418022
517 617 0.244248
518 519 0.726505
518 528 0.522640
518 618 -1.138360
519 510 0.229867
519 529 -0.780767
519 619 -1.260316
520 521 -0.865299
520 530 0.868752
520 620 -0.702645
521 522 -1.559048
521 531 -0.337517
521 621 -2.844267
522 523 0.024146
522 532 -0.477159
522 622 -1.532942
523 524 1.056671
523 533 -0.499901
523 623 0.884355
524 525 -1.869904
524 534 1.512043
524 624 0.275777
525 526 -0.143678
525 535 0.566701
525 625 0.411725
526 527 -2.056167
526 536 0.238724
526 626 -1.171166
527 528 -0.166572
527 537 -0.564746
527 627 -1.726991
528 529 0.612997
528 538 2.669791
528 628 -0.459402
529 520 -1.112837
529 539 -0.990654
529 629 -0.756302
530 531 -0.123565
530 540 -0.974736
530 630 0.031784
531 532 -0.341199
531 541 -0.199542
531 631 -0.159318
532 533 -0.800111
532 542 1.288652
532 632 1.204749
533 534 -0.205563
533 543 0.103312
533 633 -0.044343
534 535 -1.211402
534 544 -0.236886
534 634 -1.630243
535 536 1.251869
535 545 0.782214
535 635 0.542593
536 537 0.860616
536 546 -1.049175
536 636 0.529596
537 538 -0.436468
537 547 0.163086
537 637 -0.327109
538 539 1.566152
538 548 0.255582
538 638 0.286659
539 530 -0.648357
539 549 -0.067525
539 639 -0.497540
540 541 0.385711
540 550 -0.237781
540 640 -1.330107
541 542 0.478870
541 551 1.086204
541 641 0.039319
542 543 0.450879
542 552 -0.467444
542 642 -0.276039
543 544 1.447971
543 553 1.382390
543 643 -1.886928
544 545 -0.373888
544 554 2.184955
544 644 0.343298
545 546 -1.408256
545 555 0.304757
545 645 0.969857
546 547 -0.788226
546 556 -0.127015
546 646 0.953486
547 548 0.523778
547 557 0.305949
547 647 2.628218
548 549 -2.089762
548 558 -1.131178
548 648 0.345888
549 540 -0.693609
549 559 0.839153
549 649 1.156456
550 551 0.094539
550 560 -0.536730
550 650 -0.231220
551 552 1.000731
551 561 -0.081265
551 651 -0.123130
552 553 0.257263
552 562 0.406080
552 652 -0.707743
553 554 0.126351
553 563 0.921685
553 653 -0.403451
554 555 2.011845
554 564 1.387228
554 654 -0.062217
555 556 0.687834
555 565 1.223542
555 655 -0.571744
556 557 0.610135
556 566 0.711174
556 656 0.240583
557 558 0.091661
557 567 -0.345832
557 657 -0.988399
558 559 0.863561
558 568 -2.178125
558 658 -0.908654
559 550 -0.629231
559 569 0.490773
559 659 0.156616
560 561 -1.002493
560 570 1.237052
560 660 -0.019685
561 562 0.387518
561 571 0.563263
561 661 -0.044996
562 563 -0.318418
562 572 0.046427
562 662 0.515819
563 564 -0.233587
563 573 -0.301559
563 663 0.030668
564 565 -0.884937
564 574 0.697425
564 664 -0.961623
565 566 -0.898758
565 575 0.454793
565 665 -0.610205
566 567 0.667718
566 576 -1.239438
566 666 0.970452
567 568 0.022517
567 577 0.444249
567 667 -0.172611
568 569 -0.067070
568 578 -0.211028
568 668 -0.221185
569 560 1.386233
569 579 0.377398
569 669 -0.315966
570 571 -0.955643
570 580 0.280691
570 670 -0.925443
571 572 1.310197
571 581 -1.419665
571 671 -1.760246
572 573 0.891587
572 582 1.120543
572 672 1.696668
573 574 -0.735221
573 583 -0.101423
573 673 -0.747385
574 575 0.312074
574 584 -0.162853
574 674 2.508177
575 576 -0.321553
575 585 -0.328851
575 675 -1.517750
576 577 1.119810
576 586 1.513960
576 676 0.099487
577 578 -1.178951
577 587 -1.528124
577 677 0.502480
578 579 0.152931
578 588 -0.199089
578 678 0.127544
579 570 0.967203
579 589 -1.742169
579 679 1.516654
580 581 0.857401
580 590 0.911820
580 680 0.602244
581 582 -0.680175
581 591 1.125507
581 681 -0.128668
582 583 2.513192
582 592 -2.058318
582 682 -0.884347
583 584 -0.820886
583 593 -1.475477
583 683 0.663493
584 585 -1.690298
584 594 0.778740
584 684 0.964740
585 586 2.774800
585 595 0.836288
585 685 -0.628655
586 587 0.100188
586 596 -0.105758
586 686 1.034626
587 588 0.482049
587 597 0.627570
587 687 -0.736093
588 589 1.524549
588 598 0.094551
588 688 0.482996
589 580 1.452241
589 599 -0.043306
589 689 -0.231988
590 591 -0.520838
590 500 0.004497
590 690 0.888085
591 592 -0.284089
591 501 -0.950291
591 691 -1.324902
592 593 0.128457
592 502 1.625841
592 692 -0.952006
593 594 1.859194
593 503 -0.011361
593 693 -0.128112
594 595 0.248879
594 504 1.462610
594 694 -1.603982
595 596 1.289574
595 505 -0.734552
595 695 2.818717
596 597 1.218761
596 506 0.391783
596 696 -1.102641
597 598 0.170898
597 507 -0.301034
597 697 -0.007286
598 599 -0.570406
598 508 1.679297
598 698 0.887832
599 590 0.037568
599 509 -0.894713
599 699 0.771724
600 601 0.985632
600 610 0.056804
600 700 0.675765
601 602 1.177422
601 611 -0.512191
601 701 -1.010337
602 603 -1.843136
602 612 -1.080169
602 702 -0.828632
603 604 0.084257
603 613 -1.376798
603 703 -0.515494
604 605 -1.220373
604 614 0.618404
604 704 -0.250191
605 606 -0.160539
605 615 0.627256
605 705 0.771736
606 607 -1.074735
606 616 1.115215
606 706 -0.323026
607 608 -1.217531
607 617 -2.414672
607 707 0.139723
608 609 0.025696
608 618 0.631778
608 708 -1.238994
609 600 1.237984
609 619 -0.942906
609 709 0.014695
610 611 0.997594
610 620 -0.961345
610 710 -1.698618
611 612 -0.751320
611 621 0.187934
611 711 -0.353683
612 613 -1.350749
612 622 -2.245955
612 712 -0.244625
613 614 -1.069246
613 623 0.951018
613 713 -0.650765
614 615 -0.763813
614 624 -0.706248
614 714 0.752570
615 616 -0.216363
615 625 1.406945
615 715 0.435612
616 617 -0.533101
616 626 -0.973621
616 716 1.016750
617 618 0.528351
617 627 0.340086
617 717 -1.149064
618 619 1.043430
618 628 -0.103509
618 718 -0.723660
619 610 -0.152507
619 629 1.433859
619 719 0.103270
620 621 -0.268517
620 630 -0.680521
620 720 1.386460
621 622 0.977329
621 631 0.830686
621 721 0.076039
622 623 0.527843
622 632 -0.952022
622 722 -0.435429
623 624 -1.618979
623 633 2.376413
623 723 0.189817
624 625 -1.034518
624 634 -0.273132
624 724 -0.276587
625 626 -0.198120
625 635 -2.331173
625 725 0.497015
626 627 1.393030
626 636 -0.024503
626 726 -1.314751
627 628 0.401309
627 637 0.742304
627 727 -2.667147
628 629 0.629489
628 638 -0.468241
628 728 1.119585
629 620 -0.901234
629 639 1.057079
629 729 0.433901
630 631 0.644872
630 640 -0.028939
630 730 -0.434752
631 632 1.124689
631 641 -0.334137
631 731 0.267588
632 633 -0.245248
632 642 0.777467
632 732 2.847148
633 634 -0.230643
633 643 -0.328153
633 733 0.694929
634 635 0.316656
634 644 0.642210
634 734 0.089126
635 636 0.127617
635 645 -1.187940
635 735 1.814521
636 637 -0.717919
636 646 -0.009307
636 736 2.009720
637 638 1.252859
637 647 -1.182918
637 737 0.122845
638 639 -0.670348
638 648 1.222330
638 738 0.826955
639 630 0.022115
639 649 -0.033369
639 739 1.816757
640 641 -1.579138
640 650 -0.749304
640 740 0.094042
641 642 -0.063496
641 651 -1.764796
641 741 -0.533256
642 643 -0.316619
642 652 0.620478
642 742 -0.009550
643 644 0.017184
643 653 -0.523943
643 743 0.882675
644 645 0.213176
644 654 -0.886695
644 744 1.483454
645 646 -0.287356
645 655 1.424297
645 745 -0.783331
646 647 -0.388275
646 656 1.679920
646 746 -0.932112
647 648 -0.508241
647 657 -0.786337
647 747 -1.438190
648 649 -0.940455
648 658 0.546471
648 748 0.419889
649 640 0.232799
649 659 -0.101092
649 749 -0.670947
650 651 1.002806
650 660 -0.833107
650 750 1.456687
651 652 -1.659858
651 661 -0.523131
651 751 -3.346218
652 653 -0.221331
652 662 -0.573960
652 752 -0.382007
653 654 1.875823
653 663 -0.706168
653 753 -1.887026
654 655 0.474211
654 664 -1.212971
654 754 -0.341106
655 656 -2.106776
655 665 -0.975864
655 755 -1.589018
656 657 -0.913235
656 666 -2.216829
656 756 0.339066
657 658 1.105472
657 667 -0.721859
657 757 -1.080418
658 659 2.587020
658 668 0.605797
658 758 1.541135
659 650 0.702309
659 669 -0.973713
659 759 0.575098
660 661 -1.125761
660 670 -1.547018
660 760 -0.374028
661 662 -0.007263
661 671 -0.951453
661 761 -0.586154
662 663 -1.305758
662 672 -1.405692
662 762 -0.414655
663 664 0.332579
663 673 0.285061
663 763 1.022685
664 665 0.363326
664 674 -1.074972
664 764 0.937949
665 666 1.557227
665 675 0.144171
665 765 0.927898
666 667 0.247883
666 676 -0.371613
666 766 -0.995810
667 668 0.855514
667 677 1.614250
667 767 -0.705230
668 669 0.217532
668 678 -0.787027
668 768 0.055730
669 660 0.444653
669 679 0.910335
669 769 0.259016
670 671 0.349453
670 680 -1.039009
670 770 2.294336
671 672 -0.720435
671 681 1.084868
671 771 -0.628874
672 673 -1.838184
672 682 0.218326
672 772 2.077176
673 674 0.530098
673 683 1.059298
673 773 -1.231279
674 675 1.176618
674 684 -0.411755
674 774 -0.966162
675 676 -1.037195
675 685 -1.076982
675 775 -0.234179
676 677 0.502924
676 686 -0.973016
676 776 -0.732527
677 678 -1.596356
677 687 0.374077
677 777 -1.144191
678 679 0.073830
678 688 1.038185
678 778 -0.257400
679 670 -0.693350
679 689 0.123037
679 779 -0.740385
680 681 1.400613
680 690 -0.704059
680 780 -0.639761
681 682 -0.865427
681 691 1.756772
681 781 0.569347
682 683 -0.464310
682 692 0.375644
682 782 -2.297572
683 684 -1.605183
683 693 -1.199989
683 783 0.205726
684 685 -0.299087
684 694 -0.131498
684 784 0.113245
685 686 -0.529476
685 695 1.444641
685 785 -1.027622
686 687 -0.813990
686 696 0.596662
686 786 -0.403697
687 688 -0.317879
687 697 0.512984
687 787 -1.451920
688 689 0.215881
688 698 -0.761403
688 788 1.227238
689 680 0.602403
689 699 0.794021
689 789 -1.184008
690 691 1.236473
690 600 0.813625
690 790 -0.595884
691 692 0.629197
691 601 -0.330939
691 791 -1.235659
692 693 0.317649
692 602 -0.742354
692 792 0.456390
693 694 0.511181
693 603 -0.811591
693 793 -1.805917
694 695 -1.069397
694 604 0.561443
694 794 -1.276819
695 696 0.555318
695 605 -0.656222
695 795 1.457580
696 697 0.797057
696 606 0.921922
696 796 -0.301080
697 698 0.101572
697 607 1.433018
697 797 -0.475818
698 699 -1.360724
698 608 -0.770856
698 798 -0.011698
699 690 -1.778068
699 609 -0.350579
699 799 -1.623266
700 701 -0.981811
700 710 1.270691
700 800 0.217081
701 702 -0.133827
701 711 0.841049
701 801 -0.527432
702 703 1.000981
702 712 1.286735
702 802 -0.038527
703 704 0.215443
703 713 0.686852
703 803 0.003316
704 705 0.564725
704 714 -1.936475
704 804 0.302051
705 706 0.726863
705 715 -0.583425
705 805 0.369873
706 707 -0.212236
706 716 -2.259318
706 806 0.390621
707 708 -0.999051
707 717 -0.869427
707 807 -0.226594
708 709 -1.327436
708 718 -0.439877
708 808 0.185823
709 700 1.232554
709 719 0.712109
709 809 -0.823538
710 711 0.552288
710 720 0.751721
710 810 1.752445
711 712 -1.702718
711 721 -2.642117
711 811 -1.322980
712 713 -0.245031
712 722 -0.204069
712 812 -0.175962
713 714 -0.039390
713 723 -0.581380
713 813 -0.055374
714 715 1.084921
714 724 0.127800
714 814 0.591032
715 716 1.314819
715 725 -0.244710
715 815 0.617987
716 717 0.177445
716 726 -0.759801
716 816 -0.874094
717 718 -1.192791
717 727 -0.244631
717 817 -0.912313
718 719 0.861966
718 728 -0.774730
718 818 0.949628
719 710 -0.011841
719 729 0.848526
719 819 1.089814
720 721 -1.354912
720 730 -0.299268
720 820 -1.537928
721 722 1.924605
721 731 -0.629225
721 821 -1.100830
722 723 0.691722
722 732 0.121912
722 822 1.017796
723 724 -1.245173
723 733 0.235438
723 823 0.118680
724 725 0.242636
724 734 0.263023
724 824 -0.306461
725 726 -0.384464
725 735 0.654125
725 825 -1.049966
726 727 0.180733
726 736 0.554547
726 826 -0.221668
727 728 -1.050043
727 737 -0.933727
727 827 0.788139
728 729 0.024053
728 738 1.345395
728 828 -0.190450
729 720 -0.070059
729 739 -0.767157
729 829 0.034018
730 731 0.962690
730 740 -0.072251
730 830 -0.788192
731 732 0.450965
731 741 0.293059
731 831 -0.220136
732 733 -0.353985
732 742 0.291554
732 832 2.359454
733 734 -0.521973
733 743 0.709502
733 833 1.979497
734 735 -0.910898
734 744 0.310799
734 834 -0.085526
735 736 -0.867821
735 745 1.460092
735 835 -1.324542
736 737 0.047384
736 746 -1.507666
736 836 -0.976418
737 738 -0.355803
737 747 0.778904
737 837 -0.225680
738 739 -1.547884
738 748 -0.656230
738 838 -0.390261
739 730 -1.145067
739 749 -1.263128
739 839 0.796696
740 741 0.906199
740 750 1.224300
740 840 0.081653
741 742 -1.620438
741 751 -2.433506
741 841 0.209391
742 743 0.339376
742 752 -0.625541
742 842 1.726777
743 744 0.158620
743 753 0.662522
743 843 -0.283236
744 745 0.230792
744 754 1.741068
744 844 -0.762988
745 746 -1.561847
745 755 0.703991
745 845 1.779246
746 747 -0.626114
746 756 0.263265
746 846 0.198913
747 748 -0.473829
747 757 -1.431550
747 847 -0.058605
748 749 0.498347
748 758 -0.623173
748 848 -2.441151
749 740 0.961238
749 759 -1.164190
749 849 -1.289298
750 751 -0.332823
750 760 -1.098245
750 850 0.367061
751 752 0.232219
751 761 1.291714
751 851 0.512464
752 753 -1.232741
752 762 -0.869428
752 852 -0.421022
753 754 1.111429
753 763 0.052949
753 853 0.109604
754 755 -1.330927
754 764 -1.267985
754 854 -1.246299
755 756 1.248998
755 765 -0.149595
755 855 0.298394
756 757 -0.091647
756 766 1.465603
756 856 -1.325611
757 758 1.961836
757 767 0.545230
757 857 -1.272363
758 759 -0.400233
758 768 -1.086654
758 858 1.291650
759 750 2.564196
759 769 -1.888717
759 859 -1.636114
760 761 0.536769
760 770 -1.518411
760 860 1.871397
761 762 -0.202649
761 771 0.059085
761 861 -1.842648
762 763 -0.191671
762 772 -0.659137
762 862 0.343623
763 764 -1.487768
763 773 1.351111
763 863 -1.433992
764 765 -2.171880
764 774 1.362883
764 864 0.622177
765 766 -1.013411
765 775 -0.458506
765 865 1.033803
766 767 0.188026
766 776 0.219593
766 866 0.217388
767 768 0.218138
767 777 0.516184
767 867 0.178095
768 769 -0.656622
768 778 0.343990
768 868 1.305083
769 760 -0.730293
769 779 -0.146245
769 869 1.027816
770 771 1.019958
770 780 -0.581374
770 870 -1.621730
771 772 -0.098191
771 781 0.543544
771 871 -0.771501
772 773 0.218058
772 782 -1.563517
772 872 -1.199664
773 774 0.283658
773 783 2.697217
773 873 -0.492865
774 775 -0.245165
774 784 0.701120
774 874 -0.487351
775 776 0.832848
775 785 0.486398
775 875 0.667796
776 777 -0.559391
776 786 -0.143434
776 876 1.514097
777 778 0.234498
777 787 0.173183
777 877 -1.024420
778 779 1.769884
778 788 1.262668
778 878 0.896165
779 770 -1.050460
779 789 -0.996459
779 879 0.465031
780 781 0.275307
780 790 0.197109
780 880 -0.541381
781 782 -0.618020
781 791 0.415457
781 881 -0.690342
782 783 -0.373207
782 792 0.310484
782 882 1.045565
783 784 2.122624
783 793 -0.086941
783 883 -1.736035
784 785 -2.355033
784 794 0.504343
784 884 -1.004069
785 786 1.159258
785 795 -0.217613
785 885 0.464375
786 787 1.236779
786 796 -0.166830
786 886 -0.449702
787 788 0.090402
787 797 -0.271941
787 887 -2.285813
788 789 -0.236539
788 798 0.298231
788 888 -0.488767
789 780 -1.438737
789 799 0.473615
789 889 -0.428951
790 791 -1.776350
790 700 0.085191
790 890 -1.110475
791 792 0.589260
791 701 0.328408
791 891 0.342460
792 793 1.162402
792 702 1.545975
792 892 -0.940537
793 794 -2.588616
793 703 0.642109
793 893 0.895626
794 795 -0.354165
794 704 0.194307
794 894 -0.576290
795 796 0.319229
795 705 0.667139
795 895 0.935575
796 797 0.555433
796 706 -1.118142
796 896 1.009667
797 798 -0.094048
797 707 1.148448
797 897 1.264370
798 799 1.092792
798 708 0.568687
798 898 -0.767860
799 790 -0.337892
799 709 -0.544288
799 899 -0.797719
800 801 -0.421099
800 810 1.017460
800 900 -0.308938
801 802 0.356967
801 811 -2.586387
801 901 0.161135
802 803 0.076087
802 812 0.635951
802 902 -0.938938
803 804 -0.972531
803 813 -0.865975
803 903 0.734791
804 805 2.364343
804 814 -0.826226
804 904 0.156196
805 806 1.193782
805 815 -0.648015
805 905 -0.276182
806 807 -0.720713
806 816 -0.665583
806 906 0.711252
807 808 1.685874
807 817 0.170435
807 907 -0.406739
808 809 -0.705147
808 818 0.555804
808 908 0.285151
809 800 -0.073479
809 819 -0.268328
809 909 2.444797
810 811 -0.536881
810 820 -1.262309
810 910 -1.563791
811 812 0.433398
811 821 0.556323
811 911 0.691246
812 813 -0.374392
812 822 -0.984895
812 912 0.163941
813 814 -0.389787
813 823 0.194165
813 913 0.598120
814 815 0.183879
814 824 -0.948437
814 914 2.291961
815 816 -1.359056
815 825 0.634368
815 915 -1.430571
816 817 -0.868995
816 826 -0.148394
816 916 -0.615746
817 818 1.341811
817 827 0.117942
817 917 1.276349
818 819 -0.240814
818 828 0.507732
818 918 2.168409
819 810 0.267351
819 829 1.213621
819 919 -2.168138
820 821 1.747543
820 830 -1.009244
820 920 1.191073
821 822 -0.049261
821 831 0.561155
821 921 1.715767
822 823 1.531471
822 832 1.030967
822 922 0.725521
823 824 -0.356666
823 833 0.359372
823 923 1.628546
824 825 0.316524
824 834 0.265902
824 924 0.043997
825 826 -0.346906
825 835 -0.030279
825 925 -0.399267
826 827 -0.182789
826 836 -1.001601
826 926 0.871843
827 828 -0.132491
827 837 -1.102354
827 927 1.794375
828 829 -0.737809
828 838 -0.719289
828 928 0.203973
829 820 0.340921
829 839 1.787562
829 929 -0.323563
830 831 0.641279
830 840 0.613607
830 930 -0.748251
831 832 0.080139
831 841 -0.620319
831 931 -0.594543
832 833 -0.557679
832 842 1.336268
832 932 -0.103294
833 834 -0.592300
833 843 0.930778
833 933 0.305867
834 835 -0.266402
834 844 0.122056
834 934 2.083248
835 836 0.969328
835 845 0.897798
835 935 -0.695842
836 837 -0.249776
836 846 1.203622
836 936 1.810123
837 838 0.835275
837 847 -2.575103
837 937 -2.012262
838 839 -0.317075
838 848 1.037620
838 938 -1.402649
839 830 1.242840
839 849 0.240900
839 939 0.829724
840 841 -0.341495
840 850 0.498650
840 940 -1.621898
841 842 0.174249
841 851 -0.508771
841 941 1.274000
842 843 1.358557
842 852 0.471698
842 942 -0.311908
843 844 0.677044
843 853 -1.957261
843 943 0.647129
844 845 -2.379044
844 854 -1.264357
844 944 0.071445
845 846 0.011941
845 855 -0.657845
845 945 0.175978
846 847 -1.144321
846 856 0.273714
846 946 0.173942
847 848 0.267282
847 857 -0.284369
847 947 0.599641
848 849 0.179384
848 858 -1.622528
848 948 0.296243
849 840 1.992481
849 859 -0.940051
849 949 -0.996682
850 851 0.670817
850 860 -0.795944
850 950 0.063077
851 852 -1.491785
851 861 0.265255
851 951 0.861101
852 853 1.626315
852 862 0.960043
852 952 -0.364475
853 854 0.324943
853 863 0.688162
853 953 -1.462734
854 855 -1.313532
854 864 0.266026
854 954 -1.948133
855 856 -0.293587
855 865 1.630278
855 955 -1.428184
856 857 0.084812
856 866 -0.259988
856 956 -0.504308
857 858 0.707971
857 867 -1.442276
857 957 1.568654
858 859 0.037784
858 868 -1.497671
858 958 -2.744198
859 850 -0.926622
859 869 0.706503
859 959 0.571423
860 861 -0.536924
860 870 -0.948634
860 960 -1.622156
861 862 0.236440
861 871 -0.242544
861 961 -0.830268
862 863 -0.096341
862 872 -0.889506
862 962 -0.735830
863 864 0.348669
863 873 0.797932
863 963 0.446009
864 865 -0.590404
864 874 -1.176154
864 964 -0.554216
865 866 -0.093708
865 875 -0.105676
865 965 0.460406
866 867 -0.070900
866 876 -1.044862
866 966 -1.207222
867 868 -0.534243
867 877 -0.352936
867 967 0.664922
868 869 1.826094
868 878 0.050935
868 968 0.153089
869 860 -0.039152
869 879 0.352669
869 969 -0.886022
870 871 -1.582016
870 880 0.566906
870 970 0.029440
871 872 1.324036
871 881 1.867467
871 971 1.111868
872 873 0.757795
872 882 -0.571346
872 972 -0.010194
873 874 -0.883117
873 883 0.727716
873 973 -0.947910
874 875 -0.367071
874 884 -0.198114
874 974 1.567568
875 876 -0.967092
875 885 1.080339
875 975 0.544546
876 877 -0.501532
876 886 1.047749
876 976 0.649774
877 878 0.069357
877 887 -0.066887
877 977 -2.789700
878 879 0.748670
878 888 0.031657
878 978 -1.042572
879 870 -1.174558
879 889 0.600331
879 979 0.901283
880 881 -0.652781
880 890 -0.203228
880 980 0.561719
881 882 -0.519141
881 891 0.710091
881 981 -0.891408
882 883 -1.527248
882 892 1.076434
882 982 -0.041986
883 884 0.669575
883 893 1.085505
883 983 -1.187023
884 885 1.364386
884 894 -0.271780
884 984 0.068442
885 886 -0.403235
885 895 0.834272
885 985 -2.217200
886 887 -1.586096
886 896 1.655396
886 986 -0.236740
887 888 -0.130931
887 897 0.296477
887 987 -0.551970
888 889 0.298538
888 898 0.333238
888 988 0.885118
889 880 -0.113445
889 899 1.357050
889 989 -2.444814
890 891 0.658606
890 800 -0.559332
890 990 0.816939
891 892 -2.725030
891 801 1.610863
891 991 -0.056289
892 893 0.419001
892 802 -1.934821
892 992 -0.297746
893 894 1.272431
893 803 -2.459919
893 993 0.949887
894 895 0.311608
894 804 0.361507
894 994 -0.040437
895 896 -2.236493
895 805 -0.161924
895 995 0.328439
896 897 -0.705043
896 806 -0.489690
896 996 -0.238664
897 898 0.231342
897 807 0.275001
897 997 -1.788989
898 899 0.507921
898 808 0.461299
898 998 -0.365931
899 890 -1.553224
899 809 1.194955
899 999 0.113473
900 901 -1.065373
900 910 -0.763658
900 0 -0.194909
901 902 0.642314
901 911 0.802925
901 1 2.555484
902 903 -0.101408
902 912 -0.959052
902 2 0.873985
903 904 -1.365056
903 913 0.339365
903 3 0.231034
904 905 1.072673
904 914 -0.161333
904 4 0.862492
905 906 1.480486
905 915 -0.739748
905 5 -1.913416
906 907 -0.095268
906 916 -0.024866
906 6 0.451405
907 908 -1.931347
907 917 2.375545
907 7 0.986741
908 909 -0.399225
908 918 0.800806
908 8 -0.042864
909 900 1.234045
909 919 -1.418208
909 9 0.491537
910 911 -2.129339
910 920 0.472240
910 10 1.084540
911 912 0.845321
911 921 -0.059652
911 11 0.566236
912 913 -0.943656
912 922 -0.585568
912 12 -0.740089
913 914 0.636072
913 923 1.257556
913 13 -0.893101
914 915 -1.449125
914 924 -0.031631
914 14 1.211140
915 916 -0.094924
915 925 0.064172
915 15 1.531716
916 917 0.096770
916 926 0.221072
916 16 -0.387459
917 918 -0.724064
917 927 -1.069653
917 17 1.360581
918 919 0.248748
918 928 2.066210
918 18 1.913060
919 910 -1.209113
919 929 0.075585
919 19 -0.933399
920 921 -2.232071
920 930 0.073000
920 20 -1.879179
921 922 0.672532
921 931 -0.009842
921 21 -1.095015
922 923 0.353916
922 932 0.312394
922 22 1.576254
923 924 -1.714574
923 933 0.350376
923 23 1.013839
924 925 0.144027
924 934 0.835011
924 24 -1.157048
925 926 0.543584
925 935 -0.452857
925 25 -0.400759
926 927 0.344285
926 936 -0.297731
926 26 -1.174902
927 928 -0.172150
927 937 -0.287617
927 27 0.495350
928 929 -0.511781
928 938 1.050905
928 28 0.003621
929 920 2.166901
929 939 0.844377
929 29 0.623721
930 931 -0.275914
930 940 -1.213089
930 30 -0.184094
931 932 0.081892
931 941 -0.199589
931 31 -0.608533
932 933 2.466094
932 942 0.081501
932 32 -1.693865
933 934 -0.591406
933 943 -1.298394
933 33 0.463009
934 935 1.352992
934 944 -0.885420
934 34 -1.335806
935 936 0.294405
935 945 1.401980
935 35 1.395855
936 937 1.305650
936 946 0.453166
936 36 -0.306682
937 938 -0.040322
937 947 -1.112905
937 37 -0.014553
938 939 0.283456
938 948 0.763669
938 38 -0.489435
939 930 0.006114
939 949 -1.245768
939 39 0.376638
940 941 -0.416675
940 950 1.176832
940 40 -0.556985
941 942 0.265872
941 951 0.688866
941 41 -0.678133
942 943 0.432027
942 952 1.409828
942 42 0.831419
943 944 0.339282
943 953 1.702864
943 43 -0.353290
944 945 0.273985
944 954 0.412582
944 44 -1.255040
945 946 -0.760215
945 955 0.254535
945 45 0.129721
946 947 0.978430
946 956 -0.717020
946 46 1.342869
947 948 0.361934
947 957 -1.135106
947 47 -0.430184
948 949 -1.725495
948 958 1.367402
948 48 0.262913
949 940 -0.950321
949 959 0.711951
949 49 -0.909749
950 951 1.848191
950 960 -0.371463
950 50 0.330681
951 952 -1.390572
951 961 1.384376
951 51 -0.505665
952 953 0.880532
952 962 -1.575580
952 52 0.159989
953 954 -1.022211
953 963 1.105978
953 53 -0.623117
954 955 0.676997
954 964 -0.714948
954 54 -0.673243
955 956 -0.785087
955 965 -1.606299
955 55 -1.388359
956 957 -0.243870
956 966 -0.243012
956 56 -0.681200
957 958 0.325309
957 967 -0.713264
957 57 -0.837386
958 959 0.533237
958 968 2.733749
958 58 -0.551055
959 950 -0.180978
959 969 1.452426
959 59 -1.408420
960 961 0.396801
960 970 0.762660
960 60 -1.683694
961 962 -0.125849
961 971 0.467059
961 61 -2.354674
962 963 0.658897
962 972 3.356002
962 62 -1.764854
963 964 -0.909899
963 973 -1.727006
963 63 -0.579827
964 965 0.222921
964 974 1.529715
964 64 -0.828236
965 966 -0.188465
965 975 0.648595
965 65 0.069695
966 967 -1.632285
966 976 -0.415330
966 66 -0.010753
967 968 -0.860709
967 977 -0.128474
967 67 -2.238453
968 969 -1.141698
968 978 -0.465126
968 68 0.557017
969 960 -0.173406
969 979 0.887074
969 69 1.415439
970 971 -1.314144
970 980 0.266091
970 70 0.069109
971 972 -0.075707
971 981 1.943640
971 71 -1.176935
972 973 -0.984602
972 982 -0.992672
972 72 1.271668
973 974 0.157305
973 983 -1.486017
973 73 0.173936
974 975 1.951726
974 984 -1.615401
974 74 -0.838397
975 976 2.832339
975 985 -0.095262
975 75 0.369294
976 977 0.782142
976 986 -0.598013
976 76 -1.305632
977 978 -1.007357
977 987 -0.365363
977 77 -0.230848
978 979 -0.469988
978 988 -0.700477
978 78 -0.122131
979 970 -0.346036
979 989 -0.300463
979 79 -0.459075
980 981 0.580002
980 990 0.544689
980 80 0.352883
981 982 0.954796
981 991 0.045262
981 81 -0.163442
982 983 -0.140913
982 992 0.599565
982 82 -1.389398
983 984 -0.242318
983 993 -0.085428
983 83 1.308344
984 985 0.644821
984 994 -0.428748
984 84 -1.084424
985 986 1.475652
985 995 0.381666
985 85 -1.135143
986 987 -1.031935
986 996 -0.235530
986 86 -0.056351
987 988 0.548000
987 997 -0.499780
987 87 1.162025
988 989 1.235049
988 998 -0.223196
988 88 0.598239
989 980 -1.290705
989 999 0.336655
989 89 -0.259463
990 991 -0.522126
990 900 0.992591
990 90 -0.146859
991 992 -0.121424
991 901 -0.528489
991 91 0.336492
992 993 -1.616111
992 902 1.555498
992 92 0.386076
993 994 -1.241282
993 903 -1.201873
993 93 -0.000927
994 995 -1.341775
994 904 0.760423
994 94 2.119523
995 996 0.981297
995 905 -0.121332
995 95 0.536320
996 997 1.611342
996 906 -1.246652
996 96 -0.844456
997 998 1.209326
997 907 1.831949
997 97 0.929791
998 999 2.065636
998 908 0.705304
998 98 0.613974
999 990 0.320852
999 909 -0.601229
999 99 1.415768
