0 1 0.394408
0 10 0.441826
0 100 -0.556217
1 2 -0.898381
1 11 0.449824
1 101 0.465060
2 3 0.781044
2 12 -0.848060
2 102 0.337491
3 4 -0.060214
3 13 -0.183439
3 103 0.152319
4 5 -0.198215
4 14 -0.707437
4 104 -0.421310
5 6 1.369859
5 15 -0.347942
5 105 -0.819986
6 7 0.262115
6 16 -0.941223
6 106 -1.854322
7 8 1.123254
7 17 -2.470216
7 107 -1.540174
8 9 -1.550939
8 18 -0.450945
8 108 0.546514
9 0 1.723695
9 19 0.388574
9 109 0.996213
10 11 -0.460826
10 20 1.289590
10 110 0.544006
11 12 0.162152
11 21 -1.703392
11 111 0.489627
12 13 -0.147617
12 22 -1.422278
12 112 -1.257129
13 14 -1.408436
13 23 0.810155
13 113 0.930947
14 15 -0.334519
14 24 0.099752
14 114 -0.023299
15 16 0.041144
15 25 -1.311210
15 115 -0.340310
16 17 -0.966370
16 26 -0.425857
16 116 1.977314
17 18 0.723646
17 27 1.027205
17 117 0.452778
18 19 1.523212
18 28 -0.345930
18 118 0.739847
19 10 -0.885201
19 29 0.498142
19 119 -0.858114
20 21 -0.067904
20 30 1.127683
20 120 -0.972331
21 22 -1.540685
21 31 0.066706
21 121 -0.236360
22 23 0.433949
22 32 -0.640707
22 122 2.137422
23 24 0.031905
23 33 -0.791068
23 123 0.968789
24 25 0.458677
24 34 -0.400893
24 124 0.348831
25 26 -1.710734
25 35 -0.295860
25 125 0.634737
26 27 -1.303334
26 36 1.378479
26 126 -0.653045
27 28 0.408671
27 37 0.067511
27 127 0.775194
28 29 -2.595250
28 38 -1.042387
28 128 0.029590
29 20 1.576321
29 39 0.976711
29 129 0.011695
30 31 -1.452724
30 40 -0.361501
30 130 0.062527
31 32 0.382419
31 41 -1.229290
31 131 -1.823416
32 33 0.166593
32 42 0.638934
32 132 1.114067
33 34 0.007951
33 43 -0.483146
33 133 1.382231
34 35 -0.264870
34 44 0.586959
34 134 -0.397670
35 36 -0.510955
35 45 -0.046372
35 135 0.619875
36 37 -1.751142
36 46 -0.659441
36 136 0.807820
37 38 0.220495
37 47 -1.397168
37 137 -0.722228
38 39 0.672677
38 48 -0.946073
38 138 -0.664511
39 30 0.430924
39 49 -2.443987
39 139 1.262558
40 41 1.574754
40 50 -1.243876
40 140 -0.681779
41 42 0.703858
41 51 -0.038799
41 141 -0.039844
42 43 -0.509418
42 52 0.520612
42 142 -1.748941
43 44 -0.658508
43 53 0.918002
43 143 -0.089610
44 45 -0.716975
44 54 0.212964
44 144 1.545889
45 46 -2.101681
45 55 -0.387064
45 145 0.131814
46 47 0.753650
46 56 -1.285646
46 146 -1.265645
47 48 -0.207676
47 57 0.489297
47 147 -1.782645
48 49 -1.628374
48 58 -3.754049
48 148 1.494046
49 40 -1.562081
49 59 -0.547987
49 149 0.446830
50 51 -1.456833
50 60 -3.461411
50 150 -0.077153
51 52 0.154494
51 61 0.855281
51 151 0.357052
52 53 0.360336
52 62 -0.401607
52 152 -0.146234
53 54 -0.668670
53 63 0.208163
53 153 -0.053412
54 55 -1.507858
54 64 0.564362
54 154 0.247798
55 56 0.708726
55 65 0.969134
55 155 0.995669
56 57 -0.445949
56 66 1.307006
56 156 0.666584
57 58 0.562778
57 67 -0.425788
57 157 0.088728
58 59 0.690256
58 68 -0.889097
58 158 0.145557
59 50 -1.938126
59 69 0.006285
59 159 1.559354
60 61 0.735275
60 70 -1.683198
60 160 -0.600905
61 62 -0.176516
61 71 -0.334431
61 161 0.328839
62 63 -0.065626
62 72 0.564294
62 162 0.862774
63 64 0.566343
63 73 -1.231494
63 163 0.065994
64 65 -0.322445
64 74 0.417792
64 164 0.871624
65 66 0.512299
65 75 0.040413
65 165 -1.689737
66 67 -1.598087
66 76 1.055420
66 166 1.727034
67 68 0.016372
67 77 -1.942306
67 167 0.303232
68 69 -0.157243
68 78 1.156801
68 168 -0.606210
69 60 -0.035289
69 79 2.553418
69 169 0.333916
70 71 0.210822
70 80 -3.096130
70 170 0.255269
71 72 -0.984752
71 81 0.882019
71 171 0.443890
72 73 1.481432
72 82 -0.047849
72 172 -0.220727
73 74 0.834469
73 83 0.110585
73 173 -1.509262
74 75 -0.321742
74 84 1.128658
74 174 -0.822736
75 76 -0.598037
75 85 3.067655
75 175 1.469019
76 77 0.249203
76 86 -2.258833
76 176 0.791574
77 78 -0.468698
77 87 0.980385
77 177 -0.265088
78 79 -0.259118
78 88 0.773331
78 178 2.224265
79 70 1.889732
79 89 0.040618
79 179 0.031493
80 81 -1.531126
80 90 2.707630
80 180 -0.690995
81 82 -0.199483
81 91 0.773266
81 181 -0.587791
82 83 -0.588652
82 92 -0.577995
82 182 0.823665
83 84 0.641107
83 93 -2.295913
83 183 -0.835075
84 85 0.579520
84 94 0.380240
84 184 -1.265929
85 86 -0.561072
85 95 0.512174
85 185 -1.477673
86 87 0.492156
86 96 1.763957
86 186 0.109907
87 88 0.761431
87 97 -0.519776
87 187 -1.053468
88 89 -0.366336
88 98 -1.074727
88 188 -0.399512
89 80 -1.292927
89 99 -0.651482
89 189 0.761850
90 91 -1.154667
90 0 0.028215
90 190 0.396309
91 92 -0.678013
91 1 -0.739601
91 191 0.680568
92 93 1.857385
92 2 2.750408
92 192 -0.348317
93 94 0.374676
93 3 -0.283110
93 193 -0.809261
94 95 0.313042
94 4 -0.239871
94 194 0.454652
95 96 -0.273750
95 5 0.027368
95 195 0.002974
96 97 -0.233796
96 6 1.162813
96 196 2.385183
97 98 0.249106
97 7 -0.121018
97 197 -0.993094
98 99 -0.009516
98 8 0.704282
98 198 0.121850
99 90 -0.682524
99 9 -1.127721
99 199 -1.202768
100 101 0.851753
100 110 1.389317
100 200 0.751364
101 102 -0.545922
101 111 -0.899629
101 201 0.375419
102 103 0.614414
102 112 1.421367
102 202 1.426266
103 104 -1.599942
103 113 -0.219018
103 203 0.906904
104 105 1.221221
104 114 1.280843
104 204 0.359517
105 106 -0.102724
105 115 -0.761654
105 205 0.441035
106 107 -1.823981
106 116 0.337457
106 206 0.078352
107 108 0.127464
107 117 -0.751526
107 207 -1.099452
108 109 0.483729
108 118 0.422625
108 208 -0.453881
109 100 -0.417368
109 119 -1.462828
109 209 0.596323
110 111 -0.486692
110 120 -0.948185
110 210 0.288692
111 112 -0.654980
111 121 -1.900062
111 211 -0.124091
112 113 1.325500
112 122 -0.894836
112 212 1.505759
113 114 -0.684291
113 123 -1.079178
113 213 0.775449
114 115 -1.004099
114 124 -1.014513
114 214 -0.833327
115 116 0.275230
115 125 1.976919
115 215 0.958589
116 117 0.931717
116 126 0.533568
116 216 0.065199
117 118 1.706422
117 127 1.966365
117 217 -0.265003
118 119 -1.510680
118 128 -1.346991
118 218 0.342221
119 110 -1.296788
119 129 0.390695
119 219 -0.344565
120 121 0.575370
120 130 -0.591664
120 220 -0.883446
121 122 0.506192
121 131 -0.205878
121 221 -0.267847
122 123 0.174497
122 132 0.021613
122 222 0.181645
123 124 -0.819599
123 133 -1.286427
123 223 1.410929
124 125 0.649967
124 134 -0.115510
124 224 0.981890
125 126 0.157147
125 135 1.383429
125 225 0.428326
126 127 -1.488104
126 136 -1.241515
126 226 -0.180844
127 128 1.106613
127 137 -1.011062
127 227 -0.267534
128 129 0.992599
128 138 -1.470110
128 228 -0.109453
129 120 1.021644
129 139 1.961249
129 229 0.858918
130 131 -0.440916
130 140 -0.918365
130 230 1.354322
131 132 -0.925637
131 141 -0.961015
131 231 -0.419909
132 133 -0.402240
132 142 0.738750
132 232 0.538779
133 134 0.972961
133 143 -1.367786
133 233 0.054216
134 135 0.300457
134 144 0.886740
134 234 -0.466830
135 136 1.395257
135 145 1.224232
135 235 -1.095788
136 137 -0.585188
136 146 -0.099364
136 236 -0.039931
137 138 -1.876922
137 147 0.351917
137 237 0.756858
138 139 -1.139054
138 148 0.427286
138 238 -0.125804
139 130 0.604376
139 149 0.215738
139 239 -0.640140
140 141 -0.333790
140 150 0.351791
140 240 0.517903
141 142 0.583578
141 151 1.342488
141 241 -0.039459
142 143 0.533069
142 152 -0.396411
142 242 -0.434809
143 144 0.315425
143 153 -0.684979
143 243 -1.015592
144 145 0.829491
144 154 -0.743101
144 244 -0.907589
145 146 0.415495
145 155 0.656721
145 245 0.325715
146 147 0.546116
146 156 0.567095
146 246 1.011408
147 148 -1.637661
147 157 1.227496
147 247 0.680800
148 149 2.015961
148 158 0.837478
148 248 0.633046
149 140 -0.073655
149 159 1.903352
149 249 -0.538810
150 151 -0.203241
150 160 -0.346531
150 250 0.019182
151 152 -1.404088
151 161 0.709279
151 251 0.332913
152 153 0.415029
152 162 0.850887
152 252 0.931254
153 154 0.899653
153 163 1.248827
153 253 -0.374369
154 155 -0.043756
154 164 1.549879
154 254 0.318228
155 156 -0.653894
155 165 0.961216
155 255 -0.308624
156 157 0.203853
156 166 -0.205549
156 256 0.283921
157 158 -1.805149
157 167 -0.274581
157 257 -0.564458
158 159 -0.116785
158 168 0.109201
158 258 -0.554068
159 150 0.422520
159 169 0.387264
159 259 0.300356
160 161 -0.692255
160 170 -1.069538
160 260 0.087694
161 162 0.436561
161 171 0.449262
161 261 -0.599880
162 163 0.157365
162 172 -2.320404
162 262 0.520692
163 164 -0.256853
163 173 -0.232620
163 263 -1.665850
164 165 0.004452
164 174 -1.110948
164 264 -0.144705
165 166 0.789614
165 175 0.633405
165 265 -0.006640
166 167 -0.101489
166 176 1.809185
166 266 0.702283
167 168 -1.683792
167 177 0.040095
167 267 0.044215
168 169 -0.722184
168 178 -0.193043
168 268 0.502802
169 160 -0.380040
169 179 -0.103822
169 269 -1.022476
170 171 2.614713
170 180 -0.188661
170 270 0.432910
171 172 0.653025
171 181 0.476046
171 271 0.361108
172 173 -1.935433
172 182 -0.507696
172 272 -0.444566
173 174 0.810197
173 183 0.878316
173 273 -0.128069
174 175 1.887203
174 184 -0.869749
174 274 -0.260288
175 176 -0.843817
175 185 0.538549
175 275 1.293589
176 177 -0.917372
176 186 -1.320654
176 276 -0.796073
177 178 -0.532097
177 187 0.992312
177 277 -1.354844
178 179 -0.483113
178 188 -2.231587
178 278 0.715010
179 170 -0.102788
179 189 -0.822289
179 279 -1.346404
180 181 0.696548
180 190 -0.128415
180 280 0.112758
181 182 -1.526134
181 191 2.635545
181 281 -1.106335
182 183 1.342640
182 192 -0.098062
182 282 -0.175336
183 184 -0.391541
183 193 -0.330922
183 283 -2.087422
184 185 0.436655
184 194 0.256265
184 284 -0.771238
185 186 0.978410
185 195 0.639761
185 285 2.207852
186 187 -0.291256
186 196 0.160834
186 286 -0.145657
187 188 0.671250
187 197 0.559219
187 287 -2.081985
188 189 1.621344
188 198 -0.011472
188 288 -1.075159
189 180 -0.495490
189 199 0.549625
189 289 0.137477
190 191 -0.151196
190 100 -0.626004
190 290 0.262950
191 192 1.724832
191 101 -0.647213
191 291 -0.008148
192 193 -0.299362
192 102 0.863025
192 292 1.800153
193 194 0.375009
193 103 -1.922017
193 293 0.130301
194 195 -1.084573
194 104 0.230889
194 294 1.406740
195 196 -0.280553
195 105 -0.166246
195 295 -0.460976
196 197 -0.377787
196 106 0.482818
196 296 -0.023258
197 198 1.041816
197 107 -0.516503
197 297 0.244429
198 199 0.054184
198 108 1.638613
198 298 0.783092
199 190 -0.418137
199 109 1.962943
199 299 0.672880
200 201 0.907812
200 210 -0.427600
200 300 -0.161487
201 202 0.879001
201 211 -0.544876
201 301 2.040362
202 203 1.292054
202 212 -0.052317
202 302 -0.139249
203 204 1.267782
203 213 0.801418
203 303 -1.631406
204 205 -0.895780
204 214 1.494421
204 304 -0.139339
205 206 -0.561523
205 215 -1.113804
205 305 0.260948
206 207 -0.186410
206 216 0.678798
206 306 0.655537
207 208 -0.339515
207 217 -0.168609
207 307 -0.691074
208 209 -0.852395
208 218 0.931458
208 308 -0.258815
209 200 -0.337304
209 219 -1.166596
209 309 -1.192847
210 211 -0.148879
210 220 -0.177589
210 310 1.902810
211 212 0.890394
211 221 -0.348689
211 311 -0.741121
212 213 0.243742
212 222 -1.331486
212 312 -0.652011
213 214 0.355390
213 223 -0.419962
213 313 -1.976666
214 215 0.042690
214 224 -0.467089
214 314 1.839091
215 216 1.129010
215 225 1.982579
215 315 0.373505
216 217 -1.092592
216 226 1.080281
216 316 0.637955
217 218 0.545290
217 227 -0.258672
217 317 -0.997576
218 219 0.254033
218 228 -0.717153
218 318 -0.979392
219 210 -1.158810
219 229 -0.581993
219 319 -0.641071
220 221 0.607777
220 230 -0.174352
220 320 0.878578
221 222 0.716837
221 231 -1.360918
221 321 -0.731393
222 223 1.254970
222 232 -0.891537
222 322 -0.332278
223 224 -2.142446
223 233 -0.168869
223 323 -0.942759
224 225 0.533667
224 234 0.228617
224 324 -0.233942
225 226 -0.892678
225 235 1.419706
225 325 -1.600328
226 227 0.773389
226 236 -0.254821
226 326 -0.264507
227 228 -0.005018
227 237 0.375803
227 327 -0.425376
228 229 0.593057
228 238 -1.144779
228 328 -0.249699
229 220 0.137302
229 239 1.342335
229 329 -0.504216
230 231 -0.884645
230 240 -0.800300
230 330 -1.528130
231 232 0.101676
231 241 -0.269075
231 331 -1.263314
232 233 0.965713
232 242 -0.311149
232 332 -0.300769
233 234 -1.038545
233 243 0.234516
233 333 -1.164592
234 235 -0.459671
234 244 -1.246871
234 334 0.007117
235 236 -0.230269
235 245 -0.775383
235 335 0.124650
236 237 0.079388
236 246 -0.182824
236 336 1.732505
237 238 -0.737880
237 247 -0.363530
237 337 -0.208626
238 239 -0.494858
238 248 0.018500
238 338 1.061768
239 230 0.835074
239 249 0.862099
239 339 0.919391
240 241 -0.268926
240 250 0.724402
240 340 0.400527
241 242 -0.253531
241 251 -0.221707
241 341 2.079793
242 243 -0.245714
242 252 1.056489
242 342 -0.156955
243 244 0.958976
243 253 -2.861244
243 343 0.553614
244 245 0.939910
244 254 0.200203
244 344 0.379971
245 246 1.640732
245 255 0.238197
245 345 -0.215569
246 247 1.216700
246 256 -0.458238
246 346 0.009976
247 248 -1.288510
247 257 -1.593530
247 347 -0.374172
248 249 0.012487
248 258 -0.195212
248 348 -1.681097
249 240 0.049451
249 259 0.864626
249 349 0.193274
250 251 -0.330397
250 260 -0.986853
250 350 -0.229540
251 252 0.276388
251 261 -0.457596
251 351 0.020511
252 253 1.037446
252 262 -0.680374
252 352 1.169645
253 254 1.597313
253 263 1.919038
253 353 -0.202947
254 255 -0.114059
254 264 1.174222
254 354 0.513127
255 256 1.037521
255 265 -0.029479
255 355 -0.039494
256 257 1.310285
256 266 1.618146
256 356 0.700316
257 258 1.096888
257 267 1.785411
257 357 -0.629995
258 259 -0.941556
258 268 -1.236524
258 358 1.429628
259 250 0.519422
259 269 0.650971
259 359 -1.060957
260 261 0.119529
260 270 2.809166
260 360 1.140979
261 262 -0.295123
261 271 -0.138559
261 361 1.076474
262 263 1.817481
262 272 0.960112
262 362 0.784686
263 264 -1.315355
263 273 0.212765
263 363 -0.103810
264 265 1.006231
264 274 0.510721
264 364 0.655369
265 266 -1.813714
265 275 -0.140432
265 365 0.483840
266 267 -0.486947
266 276 0.720240
266 366 0.332376
267 268 -1.792689
267 277 0.946576
267 367 -0.122935
268 269 -1.676457
268 278 -0.628407
268 368 -2.184263
269 260 0.673315
269 279 0.731376
269 369 0.099495
270 271 -0.107736
270 280 -0.392392
270 370 1.962376
271 272 0.799381
271 281 0.169225
271 371 -1.124522
272 273 -0.929330
272 282 -0.231312
272 372 1.218009
273 274 0.328758
273 283 -0.783278
273 373 -0.055365
274 275 -2.122670
274 284 -0.331309
274 374 -0.157301
275 276 0.031597
275 285 -0.035931
275 375 0.009545
276 277 -0.405116
276 286 1.153180
276 376 -2.133805
277 278 1.839489
277 287 1.335987
277 377 1.871236
278 279 -0.089089
278 288 -0.163935
278 378 0.704336
279 270 -0.845883
279 289 2.356183
279 379 0.324049
280 281 -0.182592
280 290 -0.105641
280 380 -0.050117
281 282 1.169666
281 291 0.721716
281 381 -0.620132
282 283 -1.641060
282 292 0.183679
282 382 -0.363884
283 284 1.655994
283 293 0.511286
283 383 -0.526025
284 285 0.623620
284 294 -0.045212
284 384 0.557871
285 286 -0.292469
285 295 0.595795
285 385 0.444835
286 287 -0.540067
286 296 -1.983510
286 386 -1.820587
287 288 -0.884827
287 297 0.225100
287 387 1.483931
288 289 -0.442449
288 298 1.492125
288 388 -1.556742
289 280 -0.429763
289 299 2.020291
289 389 -0.446587
290 291 0.545182
290 200 0.243664
290 390 -0.951786
291 292 1.120019
291 201 -1.478449
291 391 2.890022
292 293 -2.470430
292 202 -0.056019
292 392 0.806324
293 294 -0.049465
293 203 -1.270902
293 393 -0.339833
294 295 0.887377
294 204 -0.211990
294 394 0.514350
295 296 0.253093
295 205 0.338385
295 395 1.173037
296 297 1.855248
296 206 -1.254509
296 396 -0.562867
297 298 -1.194587
297 207 1.849246
297 397 -0.069221
298 299 -1.435082
298 208 0.323704
298 398 0.017762
299 290 0.684915
299 209 -0.708725
299 399 -1.912554
300 301 0.096388
300 310 -1.063733
300 400 1.003968
301 302 -0.368309
301 311 -1.144705
301 401 -0.060278
302 303 0.855648
302 312 0.689691
302 402 -2.824766
303 304 0.450440
303 313 1.375443
303 403 1.403283
304 305 1.681993
304 314 -1.183033
304 404 -0.026984
305 306 -0.272764
305 315 0.122289
305 405 -0.844770
306 307 -1.598868
306 316 -0.093473
306 406 0.300958
307 308 1.632196
307 317 3.042326
307 407 0.688625
308 309 0.703100
308 318 -0.956278
308 408 -0.744214
309 300 1.394197
309 319 0.813410
309 409 1.247073
310 311 1.485922
310 320 -1.811354
310 410 -1.008096
311 312 -1.382703
311 321 1.928314
311 411 0.773423
312 313 -1.742736
312 322 1.084550
312 412 0.664984
313 314 1.226988
313 323 1.281193
313 413 -0.156217
314 315 -1.374379
314 324 -0.282968
314 414 0.958645
315 316 -1.148092
315 325 0.809083
315 415 0.547652
316 317 -0.389479
316 326 -0.612084
316 416 1.306011
317 318 -0.742884
317 327 0.562414
317 417 0.287350
318 319 0.877946
318 328 1.390645
318 418 -0.427789
319 310 1.605912
319 329 -1.585146
319 419 0.737745
320 321 0.744576
320 330 1.262302
320 420 -1.243789
321 322 0.129213
321 331 0.424158
321 421 -0.876939
322 323 0.397318
322 332 1.175754
322 422 -1.083808
323 324 -0.717927
323 333 -0.582546
323 423 0.311557
324 325 0.857689
324 334 -1.728831
324 424 0.726476
325 326 0.805549
325 335 0.038058
325 425 -0.803519
326 327 0.158936
326 336 0.275173
326 426 0.551782
327 328 1.002798
327 337 1.561580
327 427 -0.277905
328 329 -1.205984
328 338 0.792299
328 428 -0.258808
329 320 -1.012276
329 339 -1.056882
329 429 -0.432782
330 331 -1.028881
330 340 -1.026689
330 430 1.590476
331 332 -1.186086
331 341 -0.146103
331 431 0.567983
332 333 -1.353836
332 342 0.695011
332 432 0.402625
333 334 0.718376
333 343 0.062328
333 433 0.155895
334 335 -1.189825
334 344 -0.097221
334 434 -0.285424
335 336 0.134652
335 345 1.145082
335 435 -1.316781
336 337 -0.138944
336 346 0.284988
336 436 0.043826
337 338 -1.511418
337 347 0.331985
337 437 -0.269379
338 339 0.666831
338 348 3.455689
338 438 0.008642
339 330 2.180275
339 349 0.506947
339 439 0.055974
340 341 2.181162
340 350 1.275944
340 440 0.837354
341 342 -0.159697
341 351 0.345047
341 441 0.076535
342 343 -1.706957
342 352 1.747207
342 442 -0.731436
343 344 -0.322583
343 353 1.100012
343 443 0.640478
344 345 -0.148238
344 354 0.372185
344 444 0.454116
345 346 -1.602053
345 355 0.092568
345 445 0.402616
346 347 0.194124
346 356 -1.661343
346 446 0.341240
347 348 -0.478917
347 357 0.172609
347 447 -0.100406
348 349 -0.011439
348 358 -1.030176
348 448 0.355740
349 340 -2.509512
349 359 0.632777
349 449 -0.610245
350 351 0.971182
350 360 -2.113121
350 450 -1.983586
351 352 1.065276
351 361 1.059370
351 451 -0.866938
352 353 0.744602
352 362 -0.138291
352 452 -0.639737
353 354 -0.618880
353 363 -0.862427
353 453 2.296304
354 355 -0.091591
354 364 0.605922
354 454 0.208381
355 356 -1.130694
355 365 0.678246
355 455 0.085812
356 357 -0.965626
356 366 -0.459032
356 456 0.180294
357 358 -0.843157
357 367 0.318282
357 457 -1.295694
358 359 0.109356
358 368 1.469448
358 458 1.114626
359 350 -0.827533
359 369 -0.482957
359 459 1.542611
360 361 -1.437351
360 370 -0.512239
360 460 0.333067
361 362 0.829058
361 371 -1.343307
361 461 -1.260718
362 363 0.793507
362 372 -0.168212
362 462 0.711395
363 364 0.028630
363 373 -0.506573
363 463 -0.294819
364 365 -1.080698
364 374 1.122698
364 464 -2.417778
365 366 0.747351
365 375 -0.001213
365 465 0.190795
366 367 1.817941
366 376 0.388194
366 466 -0.654674
367 368 -0.972981
367 377 0.498781
367 467 -0.853194
368 369 0.355719
368 378 0.319623
368 468 -1.082861
369 360 -0.122460
369 379 1.128413
369 469 -0.402768
370 371 1.182378
370 380 1.429368
370 470 -0.807600
371 372 -0.762194
371 381 -0.443009
371 471 -0.004887
372 373 1.575181
372 382 0.157676
372 472 -0.781672
373 374 -0.748662
373 383 -0.080479
373 473 -0.689044
374 375 0.669419
374 384 -0.250897
374 474 1.113850
375 376 -0.260212
375 385 0.986263
375 475 -1.079501
376 377 -0.826260
376 386 -0.102185
376 476 1.815714
377 378 0.624346
377 387 0.103469
377 477 -1.387242
378 379 -1.048882
378 388 -1.399923
378 478 -1.217737
379 370 1.689412
379 389 2.137242
379 479 -0.529888
380 381 -0.775422
380 390 0.401284
380 480 0.610382
381 382 0.302508
381 391 -0.698363
381 481 0.599431
382 383 1.071018
382 392 0.199818
382 482 0.648014
383 384 -0.925351
383 393 -0.449618
383 483 -0.588564
384 385 0.758364
384 394 0.658236
384 484 -2.320075
385 386 0.058913
385 395 1.464770
385 485 1.219227
386 387 -0.309355
386 396 -0.424423
386 486 -0.530420
387 388 -0.138713
387 397 1.452460
387 487 1.071323
388 389 -0.676798
388 398 0.105571
388 488 0.377189
389 380 -0.943831
389 399 0.707944
389 489 0.273666
390 391 -1.709314
390 300 -0.350457
390 490 -0.503105
391 392 1.801849
391 301 0.002175
391 491 -2.019675
392 393 -0.654434
392 302 0.411083
392 492 1.745615
393 394 0.997349
393 303 0.772312
393 493 -0.975958
394 395 -1.836729
394 304 1.698930
394 494 -0.890740
395 396 0.236807
395 305 0.289897
395 495 -0.423439
396 397 -0.612519
396 306 0.215726
396 496 0.391808
397 398 1.751767
397 307 0.074071
397 497 0.175381
398 399 0.699571
398 308 -2.548151
398 498 0.418759
399 390 -0.456746
399 309 -0.349014
399 499 -0.391860
400 401 -0.730009
400 410 -0.538324
400 500 -1.002571
401 402 0.079044
401 411 -1.726969
401 501 1.049071
402 403 -0.230980
402 412 -1.122923
402 502 0.698461
403 404 0.558952
403 413 0.018982
403 503 1.795432
404 405 0.715554
404 414 -1.658932
404 504 0.356172
405 406 0.703579
405 415 -0.936838
405 505 -0.027825
406 407 -2.039520
406 416 1.995126
406 506 -0.470771
407 408 0.293888
407 417 -0.464933
407 507 0.517144
408 409 1.581980
408 418 -0.197721
408 508 1.387541
409 400 0.087356
409 419 -0.792273
409 509 -0.536696
410 411 -0.375276
410 420 1.268138
410 510 -1.280476
411 412 -0.220504
411 421 0.523832
411 511 0.144006
412 413 -0.451707
412 422 -0.269702
412 512 0.341787
413 414 0.838414
413 423 0.474588
413 513 0.497421
414 415 -0.524696
414 424 0.062399
414 514 -0.258824
415 416 0.185516
415 425 -0.430303
415 515 -1.172739
416 417 0.201826
416 426 -0.479974
416 516 0.095353
417 418 0.553470
417 427 -0.780018
417 517 1.663325
418 419 -1.725056
418 428 0.108377
418 518 -1.110343
419 410 -0.129390
419 429 -1.016757
419 519 0.290593
420 421 -0.363088
420 430 -0.558973
420 520 1.094162
421 422 -0.205762
421 431 -0.032968
421 521 -0.710758
422 423 -0.064508
422 432 -0.231853
422 522 0.745508
423 424 -0.733368
423 433 -1.074702
423 523 -0.066273
424 425 -0.380365
424 434 0.538702
424 524 -1.583525
425 426 0.903011
425 435 1.107238
425 525 1.789964
426 427 2.268534
426 436 -0.553566
426 526 -0.577274
427 428 -0.330633
427 437 -0.977358
427 527 1.528364
428 429 0.774629
428 438 -1.154594
428 528 2.070740
429 420 0.899010
429 439 1.294917
429 529 1.183585
430 431 -0.084147
430 440 -0.004678
430 530 1.387401
431 432 1.233341
431 441 0.862604
431 531 1.421943
432 433 -0.566394
432 442 1.580577
432 532 -0.317426
433 434 0.990705
433 443 -0.959575
433 533 0.093051
434 435 0.255995
434 444 -0.628079
434 534 -1.119356
435 436 -0.109071
435 445 -0.270720
435 535 0.302620
436 437 -0.695351
436 446 0.395932
436 536 -0.778389
437 438 0.905248
437 447 0.565578
437 537 -0.292377
438 439 2.151085
438 448 -0.939364
438 538 -0.139498
439 430 0.608741
439 449 0.399173
439 539 -1.979326
440 441 -1.099348
440 450 0.024141
440 540 0.752934
441 442 0.325631
441 451 0.446172
441 541 -0.489038
442 443 -0.674909
442 452 0.948090
442 542 -1.038107
443 444 0.728477
443 453 0.171564
443 543 0.353385
444 445 0.068575
444 454 0.091537
444 544 -0.647494
445 446 0.690919
445 455 -0.285786
445 545 -1.089833
446 447 2.436249
446 456 0.871570
446 546 0.980202
447 448 -1.395619
447 457 -0.171742
447 547 1.566727
448 449 0.483868
448 458 0.976652
448 548 0.635014
449 440 -0.070719
449 459 -0.382438
449 549 -0.175510
450 451 -0.050281
450 460 -0.424018
450 550 -0.475008
451 452 -0.219329
451 461 -0.368215
451 551 -0.737676
452 453 -0.040828
452 462 -0.646474
452 552 -1.127228
453 454 -0.196354
453 463 0.871218
453 553 0.679324
454 455 1.239399
454 464 -0.141961
454 554 0.712094
455 456 -0.426666
455 465 2.250738
455 555 0.026062
456 457 0.461056
456 466 0.494229
456 556 1.301642
457 458 -1.850719
457 467 -1.029549
457 557 0.364636
458 459 0.332203
458 468 0.665617
458 558 -1.600604
459 450 -1.243653
459 469 -0.759721
459 559 -0.643888
460 461 -0.027277
460 470 0.381796
460 560 0.177059
461 462 0.150918
461 471 -0.728723
461 561 -0.538975
462 463 1.516169
462 472 0.026032
462 562 1.045220
463 464 1.289185
463 473 -0.232978
463 563 1.201998
464 465 -0.320477
464 474 -0.116650
464 564 -0.212411
465 466 1.613128
465 475 -0.503872
465 565 -0.230565
466 467 0.291434
466 476 0.400007
466 566 -2.152902
467 468 -0.653034
467 477 -0.038160
467 567 -0.275570
468 469 -0.738308
468 478 -0.315509
468 568 -1.994821
469 460 2.295443
469 479 -1.070077
469 569 1.331354
470 471 -0.547886
470 480 -1.125871
470 570 -0.813228
471 472 -2.511605
471 481 0.087741
471 571 0.029865
472 473 -1.530822
472 482 0.370121
472 572 0.232193
473 474 0.218176
473 483 0.138432
473 573 0.372714
474 475 0.704099
474 484 -1.734031
474 574 0.648753
475 476 -1.436544
475 485 -0.649991
475 575 -1.552714
476 477 0.015809
476 486 -0.583453
476 576 0.518579
477 478 -0.741803
477 487 -0.788354
477 577 -0.199889
478 479 -1.067535
478 488 -1.875285
478 578 0.454001
479 470 -0.664688
479 489 1.212548
479 579 -0.520131
480 481 -0.121770
480 490 -0.570990
480 580 1.126032
481 482 0.058030
481 491 0.184194
481 581 -0.272624
482 483 -2.048862
482 492 0.080386
482 582 -0.353799
483 484 -0.486955
483 493 0.573096
483 583 -1.659505
484 485 -1.523705
484 494 -0.019794
484 584 0.402909
485 486 0.726500
485 495 -0.234961
485 585 -0.670851
486 487 0.921459
486 496 -0.156925
486 586 0.121909
487 488 -0.471152
487 497 0.786104
487 587 0.381319
488 489 -0.584422
488 498 0.905325
488 588 -1.108809
489 480 -0.374829
489 499 0.435773
489 589 1.196555
490 491 -0.517742
490 400 0.082258
490 590 -0.160908
491 492 0.415037
491 401 0.103313
491 591 -1.290214
492 493 0.323583
492 402 -0.584925
492 592 0.540904
493 494 1.533837
493 403 -0.404492
493 593 0.216973
494 495 0.583322
494 404 0.764238
494 594 1.253476
495 496 2.794033
495 405 -1.974746
495 595 2.954256
496 497 0.568459
496 406 -0.046209
496 596 -0.509357
497 498 -0.895231
497 407 -1.301049
497 597 -0.518362
498 499 -0.594487
498 408 -0.514143
498 598 -1.421879
499 490 -0.338369
499 409 -0.509065
499 599 -1.030241
500 501 -1.433686
500 510 -0.621552
500 600 -0.500021
501 502 -0.980379
501 511 -1.360555
501 601 -1.349582
502 503 -0.825003
502 512 0.151207
502 602 0.323499
503 504 0.450111
503 513 -1.421103
503 603 0.357289
504 505 -1.506928
504 514 0.090497
504 604 -0.231235
505 506 -1.545130
505 515 -0.515953
505 605 0.064738
506 507 0.343943
506 516 -1.258366
506 606 -1.875389
507 508 0.562383
507 517 -0.313438
507 607 -2.469899
508 509 0.781292
508 518 0.062700
508 608 0.572464
509 500 1.837531
509 519 -1.667056
509 609 0.091923
510 511 0.239520
510 520 -0.609299
510 610 -1.143160
511 512 -1.187997
511 521 0.104091
511 611 -0.698549
512 513 0.839623
512 522 -0.091137
512 612 1.488796
513 514 -0.008882
513 523 -0.678028
513 613 0.152263
514 515 -1.078715
514 524 0.965905
514 614 -0.177307
515 516 -1.954049
515 525 -0.081972
515 615 0.953308
516 517 -0.120994
516 526 0.792303
516 616 -0.937774
517 518 0.402491
517 527 0.776744
517 617 0.000239
518 519 2.487664
518 528 -0.997012
518 618 0.019254
519 510 0.715920
519 529 0.238628
519 619 -0.850579
520 521 1.254796
520 530 -0.704930
520 620 -0.827422
521 522 0.119092
521 531 -1.109280
521 621 -1.099364
522 523 -0.977388
522 532 0.271830
522 622 -0.272192
523 524 1.163857
523 533 -0.666585
523 623 1.286111
524 525 0.759523
524 534 0.689197
524 624 0.425208
525 526 2.664633
525 535 1.054786
525 625 0.701240
526 527 -0.342832
526 536 -0.117586
526 626 -1.016368
527 528 0.311558
527 537 -0.072430
527 627 -2.125681
528 529 -0.061850
528 538 -0.417489
528 628 0.302383
529 520 -1.527088
529 539 -1.707786
529 629 -0.490186
530 531 0.512092
530 540 1.518641
530 630 -1.419149
531 532 -1.676577
531 541 2.181355
531 631 -0.503839
532 533 0.552493
532 542 2.191409
532 632 0.998892
533 534 -2.788420
533 543 1.047378
533 633 -0.964704
534 535 -1.630765
534 544 0.684547
534 634 1.651783
535 536 0.125234
535 545 0.568920
535 635 -0.336172
536 537 -0.262151
536 546 1.079681
536 636 1.255360
537 538 0.245064
537 547 -0.849385
537 637 -0.432617
538 539 -0.401869
538 548 -0.466010
538 638 0.040033
539 530 -1.547232
539 549 1.083514
539 639 -2.719440
540 541 1.332353
540 550 -1.218696
540 640 -0.052688
541 542 -0.799828
541 551 0.431522
541 641 -0.403554
542 543 0.140958
542 552 -1.041761
542 642 -0.066178
543 544 -1.540892
543 553 -0.881190
543 643 0.633210
544 545 0.829574
544 554 0.549009
544 644 0.752160
545 546 0.321779
545 555 0.510573
545 645 0.112686
546 547 -0.476920
546 556 -0.094699
546 646 1.615539
547 548 0.252441
547 557 -0.199754
547 647 0.040851
548 549 -0.406654
548 558 -0.696759
548 648 1.278789
549 540 -1.182517
549 559 2.458519
549 649 -0.253280
550 551 1.974894
550 560 2.408932
550 650 -2.577036
551 552 0.188523
551 561 1.406327
551 651 -0.388399
552 553 -0.358127
552 562 0.091855
552 652 -1.294669
553 554 0.612519
553 563 -1.081323
553 653 0.058462
554 555 1.289531
554 564 0.547555
554 654 -0.530453
555 556 0.741086
555 565 0.590612
555 655 -1.504473
556 557 1.084859
556 566 0.345904
556 656 0.732647
557 558 -2.297279
557 567 0.601915
557 657 -0.862180
558 559 -0.364308
558 568 -0.393815
558 658 -1.084703
559 550 0.638828
559 569 1.258478
559 659 0.521648
560 561 0.782783
560 570 -1.783162
560 660 -1.275214
561 562 0.105775
561 571 -0.508780
561 661 0.077159
562 563 1.113492
562 572 0.051544
562 662 0.438921
563 564 -1.583822
563 573 -0.204436
563 663 0.897408
564 565 -0.713281
564 574 -0.588526
564 664 0.272015
565 566 -0.064674
565 575 0.631139
565 665 0.909850
566 567 0.877317
566 576 -0.463717
566 666 4.004461
567 568 1.086473
567 577 -1.472996
567 667 -0.199655
568 569 -1.706559
568 578 2.605589
568 668 -0.143940
569 560 -1.322249
569 579 1.038046
569 669 1.524777
570 571 0.554452
570 580 0.203239
570 670 -1.710072
571 572 -0.996783
571 581 -1.593485
571 671 -0.856983
572 573 0.127213
572 582 -0.045415
572 672 1.993006
573 574 -1.227756
573 583 -1.194291
573 673 0.980498
574 575 -1.075798
574 584 -1.798768
574 674 -0.236663
575 576 -0.571015
575 585 1.486018
575 675 1.057849
576 577 0.649120
576 586 0.117453
576 676 -1.709149
577 578 -0.834476
577 587 1.300196
577 677 0.338815
578 579 -0.413359
578 588 0.283211
578 678 0.591670
579 570 -0.566272
579 589 -0.220593
579 679 0.304529
580 581 0.262821
580 590 -2.594963
580 680 -0.704581
581 582 -0.430929
581 591 1.318977
581 681 0.400270
582 583 0.027659
582 592 -1.033803
582 682 -1.629899
583 584 -1.170288
583 593 -1.068880
583 683 -1.242241
584 585 0.716128
584 594 -0.745930
584 684 -0.160290
585 586 0.427208
585 595 -0.207774
585 685 -1.138844
586 587 1.068473
586 596 -1.126452
586 686 -0.473826
587 588 1.096834
587 597 -0.660561
587 687 -0.776167
588 589 2.083581
588 598 -1.064479
588 688 0.377935
589 580 1.672639
589 599 1.793498
589 689 0.321997
590 591 0.099076
590 500 0.162659
590 690 -1.007744
591 592 2.002827
591 501 -0.717772
591 691 -0.257926
592 593 1.250821
592 502 1.548839
592 692 0.288571
593 594 0.859050
593 503 0.790951
593 693 -0.298136
594 595 0.231898
594 504 -2.228112
594 694 0.042677
595 596 1.618476
595 505 0.396221
595 695 1.024193
596 597 0.614483
596 506 -0.247917
596 696 0.177262
597 598 -1.102507
597 507 -0.256338
597 697 0.585433
598 599 -0.138379
598 508 2.055246
598 698 -0.613295
599 590 0.270308
599 509 -0.127008
599 699 -0.727998
600 601 -0.701318
600 610 -2.091949
600 700 0.332412
601 602 -0.131947
601 611 -0.906094
601 701 -0.480648
602 603 -1.465287
602 612 1.252277
602 702 0.546310
603 604 -2.003649
603 613 -1.329794
603 703 -0.802909
604 605 0.171901
604 614 -1.649330
604 704 -1.496757
605 606 0.037710
605 615 0.523241
605 705 0.130399
606 607 -0.712539
606 616 -0.719216
606 706 -0.164689
607 608 -0.302179
607 617 0.124684
607 707 -0.625706
608 609 0.717544
608 618 0.660537
608 708 -0.719755
609 600 0.725824
609 619 -0.342371
609 709 -0.334215
610 611 -2.171752
610 620 -0.510908
610 710 -0.033430
611 612 -2.261113
611 621 -0.024381
611 711 0.046715
612 613 -0.832983
612 622 -0.406563
612 712 -0.580061
613 614 -1.494643
613 623 0.058528
613 713 0.674849
614 615 -0.493261
614 624 -0.030530
614 714 -0.982052
615 616 -1.268068
615 625 -0.845036
615 715 -0.084563
616 617 1.436779
616 626 1.061573
616 716 1.569571
617 618 0.836162
617 627 -0.209175
617 717 -1.333901
618 619 0.627013
618 628 0.839640
618 718 -2.750518
619 610 0.063948
619 629 -2.830603
619 719 -0.445174
620 621 -0.804103
620 630 -0.809170
620 720 0.841183
621 622 0.296890
621 631 1.192075
621 721 -0.176111
622 623 0.044331
622 632 -2.071276
622 722 -0.923386
623 624 -0.083596
623 633 0.538068
623 723 0.846032
624 625 -0.505334
624 634 -0.029015
624 724 -0.427851
625 626 -0.381473
625 635 0.744730
625 725 -1.282140
626 627 1.568508
626 636 0.981517
626 726 0.266873
627 628 -1.501532
627 637 1.302972
627 727 0.035735
628 629 0.775723
628 638 0.204336
628 728 -0.402227
629 620 -0.054434
629 639 0.137665
629 729 -0.341497
630 631 -0.616661
630 640 -1.381037
630 730 -0.691520
631 632 0.690134
631 641 -1.170997
631 731 -1.436309
632 633 -1.426889
632 642 -0.044496
632 732 0.379193
633 634 2.554964
633 643 0.410364
633 733 -1.462527
634 635 -0.692164
634 644 -0.880364
634 734 0.297882
635 636 0.055014
635 645 -0.993360
635 735 -0.120354
636 637 0.081066
636 646 -0.168929
636 736 -1.127502
637 638 0.435183
637 647 0.012433
637 737 -0.779894
638 639 0.204500
638 648 -1.007844
638 738 -0.075841
639 630 -0.168283
639 649 -1.695005
639 739 0.370581
640 641 -1.677771
640 650 -1.125550
640 740 -0.436710
641 642 0.426875
641 651 0.306034
641 741 -0.090543
642 643 -0.925066
642 652 -0.917698
642 742 0.125493
643 644 -1.173925
643 653 0.405918
643 743 -0.701395
644 645 -1.753129
644 654 0.996794
644 744 -0.054598
645 646 1.265393
645 655 -0.023084
645 745 0.226430
646 647 0.729037
646 656 -1.243075
646 746 0.408780
647 648 -0.601427
647 657 -0.226523
647 747 -1.509310
648 649 -0.132967
648 658 2.000701
648 748 -1.765729
649 640 0.180740
649 659 -0.452858
649 749 1.119566
650 651 -0.538221
650 660 -0.901167
650 750 -0.215889
651 652 1.269356
651 661 0.249153
651 751 -1.580033
652 653 1.576294
652 662 2.435182
652 752 1.029136
653 654 2.149999
653 663 -0.688849
653 753 -1.026840
654 655 1.575640
654 664 0.694059
654 754 0.954586
655 656 -0.458741
655 665 -1.028515
655 755 0.963094
656 657 0.364435
656 666 -0.667951
656 756 1.363641
657 658 1.027413
657 667 -1.589331
657 757 1.293284
658 659 -0.158409
658 668 -0.557612
658 758 -1.335881
659 650 -0.240441
659 669 -1.037292
659 759 -0.142394
660 661 -1.884203
660 670 -0.458683
660 760 -0.687171
661 662 0.450431
661 671 -1.708916
661 761 2.063966
662 663 -1.170816
662 672 1.333923
662 762 -0.136063
663 664 -0.370802
663 673 1.407193
663 763 -0.461379
664 665 0.375414
664 674 0.555651
664 764 -0.904466
665 666 -0.609899
665 675 -1.764880
665 765 -0.182254
666 667 -0.180677
666 676 -0.894106
666 766 0.319115
667 668 -0.913544
667 677 0.333594
667 767 2.285548
668 669 0.501526
668 678 0.380734
668 768 -1.473424
669 660 -0.377352
669 679 -0.642702
669 769 0.523544
670 671 -0.797800
670 680 0.383848
670 770 1.175260
671 672 -1.102277
671 681 0.343647
671 771 2.019862
672 673 0.519806
672 682 0.541146
672 772 0.847490
673 674 1.767538
673 683 -0.036750
673 773 1.032123
674 675 0.198427
674 684 -0.138284
674 774 -1.610895
675 676 -1.745060
675 685 0.027231
675 775 -0.652416
676 677 0.071573
676 686 0.249532
676 776 -2.558004
677 678 -0.829366
677 687 0.037423
677 777 -0.521277
678 679 -0.322233
678 688 1.117593
678 778 -0.138104
679 670 -0.186313
679 689 0.715170
679 779 -0.377736
680 681 -0.765672
680 690 -1.586698
680 780 0.321931
681 682 1.672146
681 691 -0.922795
681 781 0.340066
682 683 0.901519
682 692 0.983895
682 782 1.970625
683 684 1.239475
683 693 0.048363
683 783 1.002664
684 685 -0.221461
684 694 -1.723451
684 784 1.497788
685 686 -0.581680
685 695 0.099909
685 785 -1.034957
686 687 -0.178675
686 696 -0.005352
686 786 -0.312164
687 688 0.015295
687 697 1.186422
687 787 -0.790805
688 689 -2.324129
688 698 -0.503730
688 788 -1.239912
689 680 -0.368001
689 699 -0.978641
689 789 -0.557345
690 691 -0.487294
690 600 -1.807651
690 790 0.208260
691 692 -0.023700
691 601 1.051446
691 791 -2.402470
692 693 -1.294962
692 602 -0.021347
692 792 0.012058
693 694 -0.999856
693 603 0.532712
693 793 -0.248890
694 695 1.314967
694 604 0.321957
694 794 0.669749
695 696 0.108606
695 605 1.485237
695 795 -1.361372
696 697 -0.353170
696 606 0.479282
696 796 1.404908
697 698 -1.003935
697 607 -0.328580
697 797 0.292813
698 699 1.132803
698 608 -0.881611
698 798 0.083064
699 690 -0.072117
699 609 -0.223776
699 799 -0.242744
700 701 -0.917498
700 710 -0.367162
700 800 -1.329921
701 702 0.002485
701 711 -0.485362
701 801 -0.343637
702 703 1.956706
702 712 1.059955
702 802 1.014531
703 704 -0.880573
703 713 -0.649304
703 803 -1.064278
704 705 0.166846
704 714 1.174724
704 804 -0.398264
705 706 1.083390
705 715 0.131898
705 805 -0.239541
706 707 0.063616
706 716 -1.813107
706 806 0.213053
707 708 -0.041744
707 717 -0.969846
707 807 -1.410159
708 709 -0.644362
708 718 1.543787
708 808 0.736816
709 700 -0.097645
709 719 0.496985
709 809 -0.807103
710 711 1.808937
710 720 -0.373264
710 810 0.250382
711 712 -0.271239
711 721 -0.490284
711 811 -0.170206
712 713 0.437283
712 722 0.506580
712 812 1.612277
713 714 -0.364455
713 723 -0.368950
713 813 -0.597895
714 715 0.283997
714 724 -0.567109
714 814 0.213868
715 716 -1.465848
715 725 -0.237243
715 815 -0.171890
716 717 -0.539817
716 726 -1.062294
716 816 -0.074538
717 718 -0.348458
717 727 -1.053802
717 817 1.006330
718 719 0.219328
718 728 0.255221
718 818 -0.354758
719 710 -0.045675
719 729 -1.879810
719 819 1.452444
720 721 1.065812
720 730 -0.223861
720 820 1.062345
721 722 -0.491011
721 731 0.981675
721 821 -0.198648
722 723 -1.790993
722 732 -1.640226
722 822 -0.969298
723 724 -1.537520
723 733 1.262049
723 823 -0.216499
724 725 0.923131
724 734 0.061896
724 824 0.146653
725 726 1.212421
725 735 -1.616748
725 825 -0.173701
726 727 -0.846773
726 736 1.079952
726 826 0.053431
727 728 -0.259376
727 737 -0.282116
727 827 -0.232497
728 729 0.807641
728 738 -0.721745
728 828 1.346135
729 720 -0.573956
729 739 -1.123777
729 829 -0.696136
730 731 0.270057
730 740 1.255518
730 830 -0.684875
731 732 0.648654
731 741 -0.288009
731 831 0.049262
732 733 0.659664
732 742 0.010819
732 832 1.716080
733 734 2.208529
733 743 0.376733
733 833 0.239757
734 735 1.442862
734 744 0.299137
734 834 0.201510
735 736 -0.849470
735 745 0.527590
735 835 0.001149
736 737 0.070471
736 746 -0.277506
736 836 1.378150
737 738 -0.609860
737 747 -0.173997
737 837 -0.717945
738 739 1.742040
738 748 0.509751
738 838 1.067277
739 730 1.031012
739 749 -0.085349
739 839 0.204900
740 741 -0.082838
740 750 -1.044844
740 840 -0.383330
741 742 -1.583058
741 751 0.139251
741 841 0.751954
742 743 0.335817
742 752 1.196927
742 842 1.090987
743 744 0.443169
743 753 -0.454081
743 843 1.041660
744 745 1.637196
744 754 1.267936
744 844 -0.566192
745 746 2.002006
745 755 1.997916
745 845 -1.322114
746 747 0.438202
746 756 0.194092
746 846 -0.334005
747 748 0.174729
747 757 -0.046753
747 847 -0.044453
748 749 0.373635
748 758 -0.179038
748 848 0.572877
749 740 -2.729307
749 759 0.490551
749 849 -0.625578
750 751 -1.696934
750 760 -2.172132
750 850 0.112080
751 752 0.810035
751 761 0.319404
751 851 -0.803200
752 753 0.790300
752 762 -0.618362
752 852 1.529093
753 754 1.095807
753 763 -1.480668
753 853 0.203704
754 755 -1.621088
754 764 1.317592
754 854 -0.677669
755 756 0.331417
755 765 0.544494
755 855 1.417933
756 757 -0.563081
756 766 1.965055
756 856 0.007429
757 758 0.985133
757 767 -0.056652
757 857 0.611121
758 759 -0.740798
758 768 -1.738176
758 858 -0.068206
759 750 -0.733883
759 769 0.831533
759 859 0.288914
760 761 -0.919786
760 770 2.568005
760 860 -0.162720
761 762 0.383185
761 771 -0.395255
761 861 -0.063618
762 763 1.287488
762 772 1.397494
762 862 -1.528943
763 764 1.421284
763 773 -0.838304
763 863 0.965052
764 765 0.423525
764 774 -0.116865
764 864 0.896243
765 766 -0.490555
765 775 -0.274073
765 865 -0.905384
766 767 -0.578826
766 776 -0.312202
766 866 -0.600046
767 768 1.086312
767 777 -3.063214
767 867 -0.360089
768 769 1.500945
768 778 0.924927
768 868 -1.417265
769 760 0.042033
769 779 -0.458528
769 869 1.251742
770 771 1.290472
770 780 -0.594850
770 870 -2.718034
771 772 -0.896070
771 781 -0.161513
771 871 0.016291
772 773 1.379953
772 782 0.000737
772 872 0.153205
773 774 -0.031973
773 783 0.203057
773 873 1.833905
774 775 1.275839
774 784 -1.378004
774 874 -0.203814
775 776 -0.288799
775 785 -0.887416
775 875 -2.051094
776 777 -0.048658
776 786 1.097728
776 876 0.195875
777 778 1.842673
777 787 -1.138952
777 877 0.528799
778 779 1.055254
778 788 0.599786
778 878 -1.500948
779 770 -0.756476
779 789 -0.416350
779 879 -0.745607
780 781 -0.842648
780 790 -0.310153
780 880 1.299854
781 782 1.250494
781 791 -0.716366
781 881 -0.543427
782 783 0.574820
782 792 1.040506
782 882 0.350579
783 784 0.365071
783 793 -0.037016
783 883 -2.331975
784 785 0.239337
784 794 -0.610669
784 884 -2.365576
785 786 -0.227751
785 795 -0.859184
785 885 0.472027
786 787 1.165211
786 796 -1.397516
786 886 0.002310
787 788 0.017603
787 797 -0.197189
787 887 0.396038
788 789 0.717148
788 798 -1.480837
788 888 0.303617
789 780 -1.193298
789 799 -1.218934
789 889 -0.398224
790 791 1.213205
790 700 0.003342
790 890 -2.670315
791 792 0.162776
791 701 0.272197
791 891 -1.568804
792 793 1.179255
792 702 0.027428
792 892 -0.270219
793 794 -0.969502
793 703 2.120111
793 893 0.800248
794 795 0.556628
794 704 -2.925437
794 894 0.066732
795 796 0.107973
795 705 0.919938
795 895 -0.287071
796 797 0.958799
796 706 0.612207
796 896 -1.219945
797 798 0.665177
797 707 -1.085159
797 897 -0.828221
798 799 1.160555
798 708 1.600481
798 898 1.147226
799 790 -0.422962
799 709 0.480527
799 899 -0.086090
800 801 -0.130014
800 810 1.445158
800 900 -0.243555
801 802 -0.181871
801 811 -1.290539
801 901 -1.238485
802 803 0.068289
802 812 -0.822229
802 902 -1.219820
803 804 0.238682
803 813 -0.514826
803 903 1.414511
804 805 1.032907
804 814 0.776754
804 904 -0.026968
805 806 0.385190
805 815 -1.028658
805 905 0.528595
806 807 0.161650
806 816 -1.956489
806 906 1.410826
807 808 -0.561153
807 817 0.330829
807 907 0.249130
808 809 0.564105
808 818 0.261347
808 908 -1.483199
809 800 -0.600412
809 819 -0.536602
809 909 -0.726661
810 811 -0.296337
810 820 0.595965
810 910 0.569243
811 812 0.411062
811 821 1.497818
811 911 0.803765
812 813 0.249496
812 822 1.255283
812 912 -1.593556
813 814 0.268373
813 823 -1.502164
813 913 1.279192
814 815 -0.772181
814 824 -0.000656
814 914 -0.640901
815 816 -0.126378
815 825 -0.603814
815 915 -0.348949
816 817 0.903478
816 826 -0.659897
816 916 0.396900
817 818 1.148150
817 827 -1.063678
817 917 0.155956
818 819 0.587697
818 828 0.813464
818 918 -0.464655
819 810 0.288362
819 829 2.371239
819 919 1.585322
820 821 -0.537074
820 830 0.208940
820 920 -0.174252
821 822 -0.291264
821 831 -0.911432
821 921 0.764784
822 823 0.042978
822 832 0.415331
822 922 0.756204
823 824 1.121475
823 833 0.850138
823 923 -1.923610
824 825 0.818819
824 834 -2.405424
824 924 -1.187571
825 826 0.520984
825 835 -1.580299
825 925 -0.838891
826 827 1.766709
826 836 -1.376871
826 926 0.988279
827 828 -0.121806
827 837 -1.086177
827 927 -0.512718
828 829 -0.506376
828 838 -0.630126
828 928 -0.985469
829 820 0.685677
829 839 0.071534
829 929 -1.560330
830 831 2.721145
830 840 0.289866
830 930 -0.521203
831 832 -0.417371
831 841 -0.944176
831 931 -0.168989
832 833 -0.219051
832 842 -0.345334
832 932 0.057111
833 834 0.521093
833 843 0.455240
833 933 -0.440940
834 835 -0.067470
834 844 0.660551
834 934 0.306074
835 836 -0.363485
835 845 -0.152157
835 935 0.532293
836 837 -1.495839
836 846 0.898144
836 936 -0.730128
837 838 0.461425
837 847 0.440312
837 937 -0.898775
838 839 -0.961234
838 848 -1.056518
838 938 -0.102219
839 830 0.034290
839 849 -0.498821
839 939 1.385132
840 841 0.842524
840 850 0.356027
840 940 -0.007760
841 842 -1.870534
841 851 0.218210
841 941 -1.404108
842 843 2.214036
842 852 -0.075128
842 942 -0.128444
843 844 -0.440850
843 853 0.813253
843 943 -0.197559
844 845 -0.138406
844 854 -1.578826
844 944 -0.720604
845 846 -1.915106
845 855 1.221764
845 945 1.348227
846 847 2.302793
846 856 -0.603118
846 946 -0.013203
847 848 -0.174318
847 857 -0.152736
847 947 1.025356
848 849 0.587546
848 858 -1.017715
848 948 1.558665
849 840 0.701235
849 859 -1.808416
849 949 0.390288
850 851 -0.187199
850 860 0.768779
850 950 -2.439687
851 852 -0.047601
851 861 -1.403489
851 951 -1.746423
852 853 -0.340694
852 862 1.059228
852 952 -0.278748
853 854 0.149290
853 863 -0.237214
853 953 -0.158734
854 855 0.364645
854 864 0.776437
854 954 -1.200237
855 856 1.227128
855 865 -0.563990
855 955 0.677279
856 857 0.313818
856 866 -0.489879
856 956 -0.732118
857 858 0.454233
857 867 -0.465931
857 957 0.155468
858 859 -0.653563
858 868 0.358405
858 958 -1.437413
859 850 -2.450980
859 869 -0.759231
859 959 1.770576
860 861 -1.691064
860 870 -0.573647
860 960 1.565003
861 862 -0.371209
861 871 1.615814
861 961 0.240308
862 863 0.024918
862 872 -1.033909
862 962 -0.385476
863 864 1.101219
863 873 0.525403
863 963 -0.974914
864 865 1.188758
864 874 -0.916470
864 964 0.404409
865 866 1.107305
865 875 -1.209313
865 965 -0.494145
866 867 -0.416669
866 876 -0.904606
866 966 1.232834
867 868 -0.289983
867 877 -1.145057
867 967 1.507771
868 869 -0.250693
868 878 0.359803
868 968 -0.312704
869 860 1.455207
869 879 -0.263702
869 969 0.961370
870 871 -0.616832
870 880 -1.075541
870 970 -0.209920
871 872 0.021315
871 881 -0.625440
871 971 -1.503725
872 873 0.318298
872 882 -0.925015
872 972 -0.547949
873 874 0.105994
873 883 0.728193
873 973 -1.090064
874 875 -0.296931
874 884 -2.808369
874 974 0.169592
875 876 -1.473987
875 885 0.216033
875 975 -0.689539
876 877 0.123438
876 886 -0.739332
876 976 -0.775860
877 878 -0.283353
877 887 0.338815
877 977 -0.673535
878 879 1.022169
878 888 -0.841911
878 978 -1.341351
879 870 -0.852654
879 889 0.564659
879 979 -0.225392
880 881 -1.542842
880 890 0.622425
880 980 1.311548
881 882 0.979302
881 891 0.258869
881 981 1.006655
882 883 0.356483
882 892 -0.882633
882 982 -0.245560
883 884 -0.464599
883 893 -0.439438
883 983 -0.707427
884 885 0.128283
884 894 -1.319164
884 984 -0.244840
885 886 2.823012
885 895 0.951480
885 985 1.313525
886 887 0.094210
886 896 0.276661
886 986 -1.105861
887 888 0.173962
887 897 -0.253112
887 987 1.317832
888 889 -0.395847
888 898 -1.756255
888 988 0.551891
889 880 -1.354457
889 899 1.227543
889 989 -0.041962
890 891 1.725327
890 800 2.486842
890 990 0.921627
891 892 -0.421557
891 801 -0.494258
891 991 -0.003520
892 893 0.740940
892 802 -0.774345
892 992 0.535596
893 894 1.496766
893 803 1.803588
893 993 0.681185
894 895 1.425111
894 804 -0.273337
894 994 1.279789
895 896 0.314144
895 805 -0.106081
895 995 -0.688198
896 897 -0.259305
896 806 -1.002715
896 996 0.389059
897 898 1.749376
897 807 -1.524432
897 997 -2.055575
898 899 0.070798
898 808 -0.028594
898 998 0.154353
899 890 1.204304
899 809 -0.343071
899 999 0.428527
900 901 -0.166097
900 910 1.332127
900 0 2.861284
901 902 -0.779550
901 911 -0.190207
901 1 -0.409970
902 903 0.757868
902 912 -0.163889
902 2 1.792205
903 904 -0.777322
903 913 1.022163
903 3 0.339733
904 905 0.355682
904 914 -0.090211
904 4 -0.542566
905 906 0.273550
905 915 0.564869
905 5 -0.658575
906 907 0.045591
906 916 1.044251
906 6 -1.208327
907 908 -0.149914
907 917 0.883991
907 7 0.177054
908 909 0.366361
908 918 -0.185975
908 8 -0.058810
909 900 1.474891
909 919 1.217248
909 9 -0.278386
910 911 0.022611
910 920 0.980445
910 10 -2.115870
911 912 1.474188
911 921 -0.551028
911 11 -0.556036
912 913 -0.430798
912 922 0.124871
912 12 -0.250202
913 914 0.967654
913 923 -1.617838
913 13 -0.737319
914 915 1.192514
914 924 0.377708
914 14 0.088889
915 916 -0.427041
915 925 0.482168
915 15 -0.787493
916 917 -0.251179
916 926 -1.158816
916 16 -1.847084
917 918 -0.167308
917 927 -0.540363
917 17 -0.319850
918 919 0.025486
918 928 0.242491
918 18 0.451840
919 910 -0.926051
919 929 -0.366255
919 19 2.170803
920 921 1.361494
920 930 0.004299
920 20 0.186750
921 922 0.734665
921 931 0.624168
921 21 0.183568
922 923 -0.661364
922 932 0.759772
922 22 0.304968
923 924 1.106154
923 933 -1.002086
923 23 0.494249
924 925 0.294770
924 934 0.748866
924 24 -0.719183
925 926 -0.913516
925 935 -0.158813
925 25 0.654446
926 927 -0.457993
926 936 -0.403013
926 26 -0.053988
927 928 0.757974
927 937 -0.268325
927 27 -0.197145
928 929 -0.093216
928 938 -0.518621
928 28 0.110020
929 920 -0.413315
929 939 -0.237374
929 29 2.041715
930 931 0.404927
930 940 -0.573109
930 30 0.242993
931 932 -0.981611
931 941 -0.643527
931 31 1.045912
932 933 -0.971029
932 942 0.758390
932 32 -0.390138
933 934 1.091012
933 943 -0.362701
933 33 1.905188
934 935 1.680297
934 944 -0.235615
934 34 0.347155
935 936 0.234035
935 945 1.373761
935 35 -0.608072
936 937 -0.057308
936 946 0.817871
936 36 -0.604389
937 938 0.642146
937 947 0.491388
937 37 2.259486
938 939 0.045059
938 948 -0.703213
938 38 -0.230655
939 930 0.234255
939 949 -1.134169
939 39 -0.001518
940 941 -0.838751
940 950 0.411253
940 40 0.672116
941 942 -0.201226
941 951 -0.384831
941 41 -1.109171
942 943 -0.339532
942 952 -0.474349
942 42 1.526636
943 944 -0.438888
943 953 1.378851
943 43 0.706760
944 945 0.164943
944 954 0.350223
944 44 1.331624
945 946 0.027894
945 955 0.812935
945 45 1.295856
946 947 0.954931
946 956 -1.276538
946 46 0.436098
947 948 -1.214494
947 957 0.153862
947 47 0.087648
948 949 -1.237801
948 958 0.728062
948 48 -0.597367
949 940 -0.051113
949 959 1.309494
949 49 1.899296
950 951 0.144358
950 960 -0.202408
950 50 -1.446814
951 952 0.479729
951 961 -0.674255
951 51 -0.255596
952 953 2.714089
952 962 1.899892
952 52 -0.417623
953 954 1.313733
953 963 -0.043823
953 53 -1.077898
954 955 -1.503200
954 964 -0.880521
954 54 0.786050
955 956 1.242820
955 965 -1.680059
955 55 -1.600062
956 957 -0.350878
956 966 0.200812
956 56 0.944411
957 958 -0.079193
957 967 -1.992225
957 57 0.348924
958 959 0.447977
958 968 -1.205256
958 58 -1.701705
959 950 -0.725681
959 969 0.432886
959 59 0.034880
960 961 1.078385
960 970 2.368192
960 60 -0.111713
961 962 1.908565
961 971 -0.578533
961 61 0.005040
962 963 -0.367567
962 972 -0.016601
962 62 0.129010
963 964 -0.325090
963 973 1.033349
963 63 -2.269977
964 965 2.312350
964 974 -0.410814
964 64 -0.048880
965 966 -0.056008
965 975 0.722080
965 65 -0.755037
966 967 -0.286125
966 976 0.727512
966 66 0.806904
967 968 1.620090
967 977 0.333119
967 67 -0.489731
968 969 0.091823
968 978 1.315548
968 68 -0.276052
969 960 0.566813
969 979 0.236115
969 69 -2.123013
970 971 -0.052221
970 980 -1.137302
970 70 -0.171398
971 972 -0.241798
971 981 -0.791750
971 71 1.974280
972 973 0.131579
972 982 1.322875
972 72 -0.805844
973 974 0.415101
973 983 0.862919
973 73 0.765213
974 975 -0.960193
974 984 0.190076
974 74 -1.248258
975 976 -1.020208
975 985 -1.211379
975 75 0.424109
976 977 1.215881
976 986 -1.411580
976 76 0.485886
977 978 -0.711585
977 987 1.134328
977 77 -1.369672
978 979 0.736110
978 988 -1.117361
978 78 -0.795702
979 970 -0.565177
979 989 1.062536
979 79 -1.488302
980 981 0.497102
980 990 -1.248497
980 80 -0.968772
981 982 0.448992
981 991 0.257054
981 81 0.195578
982 983 0.329147
982 992 1.983267
982 82 -0.446095
983 984 1.114258
983 993 -0.432073
983 83 0.505743
984 985 -1.322080
984 994 0.085324
984 84 0.487767
985 986 -0.843161
985 995 -1.155196
985 85 -1.293379
986 987 -1.644264
986 996 1.385124
986 86 0.546211
987 988 -0.921587
987 997 -1.396466
987 87 0.108081
988 989 -0.322351
988 998 -0.117215
988 88 0.058050
989 980 -1.641309
989 999 -0.707692
989 89 -1.277853
990 991 -0.712079
990 900 1.069808
990 90 0.580033
991 992 -0.344043
991 901 0.432485
991 91 -0.130853
992 993 1.372471
992 902 -0.595423
992 92 1.030743
993 994 -0.353170
993 903 0.455789
993 93 0.524126
994 995 1.102471
994 904 -0.967510
994 94 -1.085131
995 996 1.326127
995 905 -1.238423
995 95 0.186271
996 997 -0.209857
996 906 0.617515
996 96 0.683236
997 998 -0.716014
997 907 0.282584
997 97 0.226324
998 999 0.831820
998 908 -0.543900
998 98 -0.358892
999 990 -1.368486
999 909 1.468933
999 99 0.821827
