0 1 -0.077559
0 10 -1.015522
0 100 0.250726
1 2 -0.429761
1 11 0.375463
1 101 0.004837
2 3 1.237568
2 12 -0.104658
2 102 -0.271760
3 4 -1.081024
3 13 -0.479872
3 103 -0.535984
4 5 1.466592
4 14 0.178736
4 104 0.863798
5 6 0.533928
5 15 0.052800
5 105 1.275646
6 7 -0.808157
6 16 -1.261292
6 106 -0.792183
7 8 -1.870002
7 17 -0.760907
7 107 0.086161
8 9 0.860914
8 18 0.221067
8 108 -0.199658
9 0 -0.633553
9 19 -1.327794
9 109 0.442564
10 11 -0.774809
10 20 0.851487
10 110 0.887752
11 12 1.626640
11 21 0.463817
11 111 0.264376
12 13 -0.059418
12 22 0.605039
12 112 -0.270909
13 14 -0.896878
13 23 0.962224
13 113 -2.137542
14 15 -0.176322
14 24 -0.780098
14 114 -1.783763
15 16 0.327188
15 25 2.203671
15 115 -0.364156
16 17 0.065073
16 26 -0.888699
16 116 1.909952
17 18 0.408439
17 27 0.007493
17 117 -0.456520
18 19 0.275217
18 28 -0.073116
18 118 0.375350
19 10 -0.676456
19 29 -1.195553
19 119 1.605973
20 21 0.046792
20 30 -0.157144
20 120 -1.613739
21 22 0.376315
21 31 0.943344
21 121 1.429955
22 23 -0.270562
22 32 1.327388
22 122 -0.439735
23 24 1.190043
23 33 0.488755
23 123 0.656090
24 25 -1.462788
24 34 -0.713065
24 124 -2.803317
25 26 0.963049
25 35 0.095465
25 125 -0.300404
26 27 -0.435059
26 36 0.379975
26 126 -1.079789
27 28 -0.091651
27 37 -0.446069
27 127 -0.949548
28 29 0.784641
28 38 -1.132688
28 128 0.487300
29 20 -0.354034
29 39 -0.628526
29 129 0.699817
30 31 -1.460849
30 40 -0.971549
30 130 0.494325
31 32 0.333379
31 41 -1.147273
31 131 0.868385
32 33 0.048444
32 42 0.801725
32 132 0.396295
33 34 -0.741788
33 43 1.310902
33 133 1.386451
34 35 -0.518428
34 44 0.682340
34 134 -0.245139
35 36 0.152790
35 45 -0.729740
35 135 -0.806387
36 37 -1.695157
36 46 0.233847
36 136 0.552513
37 38 -0.525531
37 47 -0.341077
37 137 0.178075
38 39 0.615924
38 48 -0.751279
38 138 0.182275
39 30 -0.358243
39 49 -0.002927
39 139 -1.876021
40 41 -1.001392
40 50 -0.865178
40 140 -1.079927
41 42 0.141974
41 51 1.147821
41 141 -1.816209
42 43 -1.099361
42 52 0.321455
42 142 -0.301494
43 44 -1.241082
43 53 1.162164
43 143 2.450056
44 45 -1.094758
44 54 0.174157
44 144 -0.063561
45 46 -0.266191
45 55 -0.290795
45 145 0.288637
46 47 -0.226363
46 56 -0.890226
46 146 0.195376
47 48 -0.057480
47 57 -1.495001
47 147 0.847261
48 49 1.886420
48 58 -0.501274
48 148 -1.133816
49 40 -1.534224
49 59 0.532274
49 149 -0.757227
50 51 -0.037548
50 60 2.476806
50 150 0.717571
51 52 -1.031407
51 61 0.707734
51 151 -0.810141
52 53 1.854615
52 62 -0.356502
52 152 0.111954
53 54 1.829982
53 63 0.070046
53 153 0.083182
54 55 0.769602
54 64 -0.870184
54 154 -1.462915
55 56 0.142910
55 65 -0.822512
55 155 -1.217953
56 57 -0.642834
56 66 -0.361563
56 156 0.778070
57 58 0.161977
57 67 -0.480291
57 157 0.582616
58 59 -0.701425
58 68 -0.776885
58 158 -1.752337
59 50 2.740972
59 69 0.538248
59 159 1.048005
60 61 0.704944
60 70 0.486617
60 160 -2.151683
61 62 0.838684
61 71 -0.624822
61 161 1.959940
62 63 0.119919
62 72 -0.340740
62 162 -1.715228
63 64 0.915824
63 73 0.035693
63 163 0.072419
64 65 0.003771
64 74 -0.163486
64 164 0.602840
65 66 2.119388
65 75 -0.741794
65 165 -0.459204
66 67 0.255508
66 76 -0.550166
66 166 -0.527255
67 68 0.417455
67 77 1.195861
67 167 -0.982308
68 69 0.515601
68 78 -2.216467
68 168 0.044070
69 60 -0.358737
69 79 0.361611
69 169 -0.632145
70 71 -0.599115
70 80 0.239145
70 170 -0.176371
71 72 1.398333
71 81 -0.405484
71 171 1.757907
72 73 0.104348
72 82 1.084689
72 172 -0.437489
73 74 -0.127068
73 83 0.866737
73 173 -1.208397
74 75 -1.261934
74 84 -0.452063
74 174 -0.499517
75 76 0.140514
75 85 0.731343
75 175 -0.098552
76 77 -0.248063
76 86 -0.469131
76 176 -1.288669
77 78 0.341540
77 87 1.863428
77 177 -1.103834
78 79 0.244649
78 88 0.745959
78 178 -0.019006
79 70 -0.392905
79 89 -0.202559
79 179 -0.309833
80 81 -0.112841
80 90 -0.144240
80 180 0.514776
81 82 -0.372521
81 91 0.786949
81 181 -0.534230
82 83 0.252429
82 92 0.375075
82 182 1.571409
83 84 -0.380699
83 93 0.134028
83 183 -0.586354
84 85 -2.498898
84 94 0.338485
84 184 0.454961
85 86 1.089455
85 95 0.087167
85 185 0.952621
86 87 1.962464
86 96 0.624188
86 186 0.162727
87 88 -0.908120
87 97 -1.063000
87 187 -2.121046
88 89 1.553287
88 98 1.023311
88 188 -0.985980
89 80 0.535668
89 99 1.916712
89 189 -1.807427
90 91 -1.398807
90 0 0.720626
90 190 0.508225
91 92 -0.279511
91 1 0.343700
91 191 -1.169588
92 93 0.082899
92 2 -0.945495
92 192 0.182654
93 94 0.220078
93 3 0.056813
93 193 1.327261
94 95 -1.364642
94 4 0.982735
94 194 1.404840
95 96 -1.911205
95 5 1.572270
95 195 0.872271
96 97 0.218471
96 6 -0.813380
96 196 -1.254488
97 98 -0.315650
97 7 0.013221
97 197 2.262041
98 99 -0.166042
98 8 1.875393
98 198 0.349637
99 90 -0.207117
99 9 0.011901
99 199 0.307947
100 101 -0.399899
100 110 -0.474523
100 200 -1.181228
101 102 0.878265
101 111 0.366195
101 201 -1.443009
102 103 -0.557490
102 112 2.009975
102 202 -0.281757
103 104 -0.563582
103 113 1.011051
103 203 0.645179
104 105 -0.389433
104 114 -0.981657
104 204 -0.543333
105 106 1.122677
105 115 -0.963411
105 205 -1.399604
106 107 0.806769
106 116 0.194503
106 206 -0.362929
107 108 -1.501262
107 117 -0.150891
107 207 0.015629
108 109 0.692205
108 118 -0.062268
108 208 -0.304645
109 100 0.412888
109 119 1.107079
109 209 0.466695
110 111 0.212059
110 120 -0.392597
110 210 1.637365
111 112 -0.158936
111 121 -0.487761
111 211 -0.292485
112 113 -0.970154
112 122 1.656194
112 212 0.352931
113 114 -0.095099
113 123 -0.455574
113 213 -0.405493
114 115 0.019502
114 124 -0.380260
114 214 -1.077079
115 116 -0.153577
115 125 2.091188
115 215 -2.183343
116 117 0.935018
116 126 0.369474
116 216 -0.947430
117 118 -0.939632
117 127 -0.146418
117 217 -0.935823
118 119 0.848054
118 128 -0.187744
118 218 0.990382
119 110 -0.495223
119 129 0.025783
119 219 0.007107
120 121 0.554638
120 130 -1.861831
120 220 -1.984699
121 122 0.007953
121 131 0.354863
121 221 1.420630
122 123 -0.115872
122 132 -3.079926
122 222 0.701844
123 124 -1.871101
123 133 -0.953551
123 223 0.399913
124 125 -0.803828
124 134 -0.545122
124 224 0.723653
125 126 1.777755
125 135 0.250679
125 225 -0.047100
126 127 1.346131
126 136 -0.232838
126 226 -0.959073
127 128 -0.986812
127 137 -0.314373
127 227 1.023863
128 129 -0.676574
128 138 -0.661774
128 228 0.129363
129 120 0.149405
129 139 1.345072
129 229 1.241348
130 131 0.207613
130 140 1.691817
130 230 1.256301
131 132 -0.026296
131 141 -0.563202
131 231 0.592476
132 133 -0.350541
132 142 -0.909805
132 232 -0.460530
133 134 -0.921692
133 143 0.243382
133 233 -0.329360
134 135 0.732867
134 144 -1.526654
134 234 -1.468102
135 136 -0.882478
135 145 0.137343
135 235 -0.828121
136 137 0.844743
136 146 0.122626
136 236 1.137101
137 138 -1.018058
137 147 -1.286391
137 237 1.580604
138 139 0.342007
138 148 -0.226491
138 238 0.366377
139 130 -0.850802
139 149 1.214838
139 239 0.198547
140 141 0.757492
140 150 0.438027
140 240 0.231118
141 142 -2.415423
141 151 -0.226941
141 241 2.443405
142 143 0.468932
142 152 -0.711859
142 242 -0.314136
143 144 -1.093944
143 153 0.457008
143 243 -0.602919
144 145 0.436483
144 154 -1.060238
144 244 0.543321
145 146 -0.782796
145 155 -0.764340
145 245 0.256231
146 147 0.912794
146 156 0.834475
146 246 -0.023245
147 148 -0.542594
147 157 0.710496
147 247 1.356477
148 149 -2.007451
148 158 -0.876856
148 248 2.232050
149 140 -0.028387
149 159 -0.057104
149 249 -0.582602
150 151 0.233127
150 160 -1.032101
150 250 0.599790
151 152 0.682625
151 161 0.629835
151 251 0.395684
152 153 -0.993960
152 162 0.873898
152 252 2.129727
153 154 -1.994228
153 163 1.068781
153 253 -0.686696
154 155 1.144068
154 164 -0.357540
154 254 -0.553103
155 156 -0.616963
155 165 -0.039726
155 255 0.018108
156 157 -0.879674
156 166 -0.729127
156 256 -0.104271
157 158 -0.282644
157 167 0.871150
157 257 -0.242683
158 159 -1.164892
158 168 0.395148
158 258 -0.921450
159 150 0.960972
159 169 -0.180695
159 259 -0.351796
160 161 0.371639
160 170 0.916100
160 260 -0.345027
161 162 -0.954109
161 171 0.581590
161 261 -0.425121
162 163 -0.367779
162 172 -1.266508
162 262 0.648163
163 164 1.168456
163 173 -0.000005
163 263 0.080939
164 165 -0.654024
164 174 -0.070110
164 264 0.095554
165 166 -0.685852
165 175 -0.488719
165 265 -0.927286
166 167 -0.950689
166 176 2.544239
166 266 -1.718630
167 168 -0.356034
167 177 2.049886
167 267 -0.616130
168 169 0.111468
168 178 0.235526
168 268 -0.346590
169 160 -1.010891
169 179 -0.603936
169 269 -0.446393
170 171 0.051047
170 180 0.574732
170 270 -0.482517
171 172 0.573587
171 181 -1.610717
171 271 0.246162
172 173 0.071226
172 182 -0.280757
172 272 1.178949
173 174 -0.012568
173 183 1.923026
173 273 -0.477053
174 175 0.084336
174 184 1.337051
174 274 0.155325
175 176 1.015146
175 185 1.147284
175 275 -0.957245
176 177 0.162422
176 186 -1.679612
176 276 0.929855
177 178 1.815550
177 187 -0.766076
177 277 1.304916
178 179 1.791396
178 188 -1.448672
178 278 -0.287136
179 170 -1.287422
179 189 0.644434
179 279 -0.938472
180 181 -1.631067
180 190 -0.328496
180 280 0.226916
181 182 0.038039
181 191 0.311899
181 281 -2.496328
182 183 -1.113287
182 192 -0.019294
182 282 0.077986
183 184 1.711028
183 193 -0.784066
183 283 -0.923166
184 185 0.403399
184 194 -0.435050
184 284 1.487774
185 186 2.858071
185 195 0.031665
185 285 -0.760746
186 187 -0.117088
186 196 0.061999
186 286 -1.677117
187 188 -0.517722
187 197 1.730562
187 287 0.246867
188 189 0.220002
188 198 -0.165350
188 288 -0.295832
189 180 1.993574
189 199 -0.705043
189 289 -1.324184
190 191 -0.757859
190 100 0.141027
190 290 1.863769
191 192 -1.633408
191 101 0.965894
191 291 0.686947
192 193 0.906681
192 102 -2.443358
192 292 -0.592444
193 194 1.256049
193 103 0.158156
193 293 0.399674
194 195 1.303631
194 104 -0.627209
194 294 -0.187699
195 196 -1.983155
195 105 0.651531
195 295 0.711408
196 197 0.081774
196 106 0.251137
196 296 -0.619366
197 198 0.465789
197 107 -1.366467
197 297 -0.586130
198 199 -1.162386
198 108 -0.396047
198 298 0.433915
199 190 1.441467
199 109 -0.852997
199 299 -0.353246
200 201 -0.219384
200 210 0.747837
200 300 0.815026
201 202 -0.475103
201 211 1.123371
201 301 -1.068806
202 203 -0.204840
202 212 1.201694
202 302 -0.104291
203 204 -0.925166
203 213 -0.249747
203 303 0.362780
204 205 -0.248911
204 214 -1.004164
204 304 -1.080239
205 206 -0.115261
205 215 -1.153040
205 305 0.310757
206 207 1.041226
206 216 0.005361
206 306 1.215974
207 208 -1.287081
207 217 -1.663644
207 307 0.114432
208 209 -0.802267
208 218 0.130800
208 308 0.524916
209 200 0.608686
209 219 -0.365498
209 309 -0.747138
210 211 -0.007869
210 220 -0.453602
210 310 -1.225191
211 212 0.010797
211 221 0.920375
211 311 -0.803157
212 213 0.382305
212 222 0.822252
212 312 0.029247
213 214 1.270304
213 223 0.784132
213 313 -1.221601
214 215 0.177086
214 224 0.037818
214 314 1.137427
215 216 0.068960
215 225 0.137078
215 315 0.788783
216 217 -0.751883
216 226 1.114973
216 316 0.006196
217 218 2.307234
217 227 0.314763
217 317 -0.450793
218 219 -0.281857
218 228 -0.083377
218 318 -0.498457
219 210 -0.035509
219 229 -0.405592
219 319 -0.657892
220 221 -1.398384
220 230 -1.606463
220 320 0.484818
221 222 0.515324
221 231 -0.173777
221 321 0.101716
222 223 0.434092
222 232 -1.013901
222 322 -0.125539
223 224 -0.642559
223 233 -0.589417
223 323 1.082112
224 225 -0.403529
224 234 -1.942480
224 324 0.157957
225 226 -0.029008
225 235 -0.523511
225 325 2.069428
226 227 -0.216167
226 236 -1.049926
226 326 1.364520
227 228 -1.434847
227 237 0.482284
227 327 -0.662156
228 229 -0.922495
228 238 1.108598
228 328 0.398151
229 220 -0.711337
229 239 -0.049298
229 329 2.052438
230 231 0.283230
230 240 1.376259
230 330 -0.579079
231 232 0.556424
231 241 -0.376868
231 331 -0.279810
232 233 0.263313
232 242 0.064805
232 332 0.524991
233 234 -0.074650
233 243 -1.562679
233 333 0.104308
234 235 0.853267
234 244 1.297557
234 334 1.410933
235 236 0.364381
235 245 0.333635
235 335 1.709547
236 237 -0.726182
236 246 0.218751
236 336 0.518447
237 238 1.833187
237 247 1.706825
237 337 -0.651282
238 239 -0.002764
238 248 -1.927721
238 338 1.002882
239 230 -0.394540
239 249 0.061717
239 339 -0.781400
240 241 1.157900
240 250 -0.998845
240 340 -0.458930
241 242 -0.026018
241 251 0.180925
241 341 -0.186876
242 243 0.239387
242 252 -0.562763
242 342 -0.523556
243 244 -0.189068
243 253 -0.069811
243 343 -3.765379
244 245 0.313864
244 254 2.116639
244 344 -0.551438
245 246 -1.509006
245 255 -0.453722
245 345 2.224176
246 247 0.945095
246 256 0.087970
246 346 1.254086
247 248 0.074303
247 257 0.844064
247 347 1.231089
248 249 1.131428
248 258 0.843561
248 348 0.987574
249 240 0.576355
249 259 -1.482837
249 349 -0.982174
250 251 -0.357078
250 260 0.203751
250 350 -0.842219
251 252 -1.023508
251 261 0.462927
251 351 -0.999345
252 253 -1.487867
252 262 -0.311250
252 352 -0.059518
253 254 -0.501781
253 263 0.675185
253 353 -1.658749
254 255 1.349262
254 264 -1.392188
254 354 -0.080079
255 256 0.354335
255 265 -0.938599
255 355 0.125059
256 257 -1.418673
256 266 -1.126697
256 356 -1.282958
257 258 0.869729
257 267 1.803400
257 357 -0.540726
258 259 0.637070
258 268 -0.330830
258 358 -0.886965
259 250 0.805608
259 269 -0.100606
259 359 0.281981
260 261 0.791086
260 270 -0.826565
260 360 0.560509
261 262 0.016686
261 271 0.402560
261 361 -2.270655
262 263 0.876711
262 272 -1.612071
262 362 0.314355
263 264 0.371066
263 273 0.041121
263 363 -0.697403
264 265 -0.093249
264 274 -0.468158
264 364 0.606182
265 266 -1.061458
265 275 0.297908
265 365 -0.183227
266 267 -0.946431
266 276 -0.877845
266 366 -1.816991
267 268 -0.927482
267 277 0.518703
267 367 0.415870
268 269 0.910289
268 278 0.147092
268 368 1.310228
269 260 -0.234877
269 279 1.778851
269 369 0.502675
270 271 0.220340
270 280 -0.109808
270 370 -2.240479
271 272 -0.407471
271 281 -0.344425
271 371 -0.142919
272 273 -0.567314
272 282 -2.692747
272 372 -0.517553
273 274 1.809464
273 283 0.429457
273 373 -0.605280
274 275 0.250956
274 284 0.676180
274 374 -0.425219
275 276 1.592740
275 285 0.297365
275 375 1.209726
276 277 -1.860132
276 286 0.187792
276 376 -0.850957
277 278 0.352908
277 287 -0.779463
277 377 -0.315140
278 279 1.357638
278 288 -0.523962
278 378 1.407744
279 270 -1.989891
279 289 -0.685117
279 379 1.407021
280 281 -0.630700
280 290 0.427404
280 380 -0.217654
281 282 -0.711474
281 291 0.440860
281 381 -1.357881
282 283 -0.098274
282 292 0.818033
282 382 -0.074684
283 284 0.650368
283 293 0.655770
283 383 -1.131855
284 285 0.414944
284 294 1.087190
284 384 1.468287
285 286 2.224436
285 295 0.657523
285 385 1.274388
286 287 -1.811112
286 296 -1.387887
286 386 0.040017
287 288 0.180099
287 297 -0.454335
287 387 -0.532121
288 289 0.789737
288 298 0.671361
288 388 -0.999779
289 280 0.943975
289 299 -0.358361
289 389 0.169549
290 291 0.045317
290 200 0.453416
290 390 0.036187
291 292 1.142321
291 201 1.020072
291 391 0.362209
292 293 -0.150155
292 202 1.337699
292 392 -0.455620
293 294 -0.402996
293 203 1.172835
293 393 0.460196
294 295 -0.230970
294 204 -0.963834
294 394 0.510789
295 296 -0.411268
295 205 0.551298
295 395 -1.208024
296 297 -0.947428
296 206 -0.031435
296 396 -0.498759
297 298 -0.190542
297 207 -0.464657
297 397 -0.959425
298 299 0.080744
298 208 -1.663581
298 398 0.888944
299 290 0.080369
299 209 2.410749
299 399 -1.265362
300 301 -1.085181
300 310 1.188853
300 400 0.030994
301 302 0.533650
301 311 -1.308177
301 401 0.250218
302 303 1.886124
302 312 -0.507515
302 402 1.041194
303 304 2.079118
303 313 0.736442
303 403 1.153486
304 305 0.446504
304 314 0.039906
304 404 -0.182836
305 306 0.377988
305 315 1.005532
305 405 1.636237
306 307 -0.463062
306 316 -1.932686
306 406 0.541644
307 308 0.198235
307 317 0.551422
307 407 -0.613670
308 309 0.088605
308 318 -0.606298
308 408 -0.952883
309 300 -0.696873
309 319 2.334513
309 409 -0.174023
310 311 1.009428
310 320 0.166078
310 410 -1.992539
311 312 0.081329
311 321 1.045030
311 411 -0.598155
312 313 0.049428
312 322 -1.382925
312 412 -0.301349
313 314 -0.212874
313 323 0.669474
313 413 1.201205
314 315 -0.595471
314 324 0.154997
314 414 -1.354331
315 316 0.084231
315 325 -1.318809
315 415 -1.722194
316 317 2.187261
316 326 -0.838559
316 416 0.035230
317 318 -0.686559
317 327 -0.437421
317 417 -0.137128
318 319 0.587311
318 328 0.718002
318 418 1.735415
319 310 0.900791
319 329 -0.521938
319 419 0.595137
320 321 -0.229104
320 330 -0.091360
320 420 0.175858
321 322 -0.856577
321 331 2.383263
321 421 0.800092
322 323 1.494627
322 332 -1.196826
322 422 -0.117776
323 324 -0.898912
323 333 -0.157355
323 423 0.109881
324 325 -0.342629
324 334 -0.089418
324 424 -1.308518
325 326 -0.036851
325 335 -0.358257
325 425 0.915429
326 327 1.013276
326 336 0.714558
326 426 1.302728
327 328 0.017675
327 337 -1.148686
327 427 1.855076
328 329 1.370956
328 338 -0.239493
328 428 0.277282
329 320 0.330414
329 339 -1.369670
329 429 -0.915442
330 331 -0.699119
330 340 0.150830
330 430 0.172181
331 332 2.554336
331 341 1.374846
331 431 0.740586
332 333 -0.516042
332 342 -0.573724
332 432 0.130902
333 334 0.069164
333 343 -1.001686
333 433 -0.988505
334 335 1.184711
334 344 -1.208817
334 434 0.576771
335 336 -0.638510
335 345 0.927556
335 435 -0.447931
336 337 0.773590
336 346 0.536010
336 436 1.533605
337 338 0.613704
337 347 -2.358071
337 437 0.361769
338 339 -0.838629
338 348 1.580387
338 438 1.310016
339 330 1.673556
339 349 -0.253989
339 439 -0.199774
340 341 -0.759965
340 350 0.060052
340 440 0.385963
341 342 1.899031
341 351 1.202800
341 441 -0.600004
342 343 -0.430885
342 352 1.335786
342 442 0.239174
343 344 -1.717724
343 353 0.816966
343 443 0.933715
344 345 -1.481085
344 354 -0.500050
344 444 -0.769386
345 346 0.595696
345 355 0.370501
345 445 -0.272457
346 347 1.755248
346 356 -1.279745
346 446 1.153313
347 348 -0.431309
347 357 -1.165945
347 447 0.233710
348 349 1.154988
348 358 -0.060401
348 448 0.388824
349 340 -0.863731
349 359 -0.910562
349 449 -0.330283
350 351 0.247570
350 360 -0.569639
350 450 0.312228
351 352 0.335117
351 361 -1.670964
351 451 0.537506
352 353 -0.264877
352 362 1.320755
352 452 0.686638
353 354 0.364902
353 363 -2.428447
353 453 0.235185
354 355 1.558561
354 364 1.107578
354 454 -1.329570
355 356 1.117284
355 365 -1.371770
355 455 -0.234481
356 357 -1.009878
356 366 -0.839646
356 456 1.466169
357 358 -0.501018
357 367 0.026582
357 457 0.080282
358 359 -0.152991
358 368 -0.089085
358 458 -1.076622
359 350 -0.803307
359 369 1.635912
359 459 1.060363
360 361 0.885953
360 370 1.395158
360 460 0.962876
361 362 0.601222
361 371 -0.041673
361 461 -0.910931
362 363 -1.670625
362 372 1.302398
362 462 1.223678
363 364 0.955013
363 373 0.759969
363 463 -0.535203
364 365 0.470543
364 374 0.667604
364 464 0.875689
365 366 1.415662
365 375 0.240980
365 465 -0.341464
366 367 -0.113292
366 376 -1.298287
366 466 1.085296
367 368 1.320344
367 377 0.900226
367 467 0.289859
368 369 -0.300355
368 378 0.515661
368 468 -0.878866
369 360 1.143233
369 379 0.375644
369 469 -0.120511
370 371 -0.555313
370 380 0.398017
370 470 0.685904
371 372 -1.151511
371 381 -0.300100
371 471 0.782222
372 373 1.217449
372 382 -0.863335
372 472 -0.727223
373 374 1.342721
373 383 0.469993
373 473 -0.209396
374 375 -1.019596
374 384 1.023920
374 474 0.738272
375 376 0.438472
375 385 -0.038581
375 475 1.097570
376 377 -0.248972
376 386 0.026365
376 476 -1.250047
377 378 -0.732790
377 387 0.061809
377 477 -0.966797
378 379 -0.913924
378 388 0.276617
378 478 0.075217
379 370 -1.211322
379 389 -0.009202
379 479 -0.161509
380 381 -0.667609
380 390 1.985664
380 480 -0.061419
381 382 0.125910
381 391 0.406959
381 481 0.023233
382 383 -0.910741
382 392 -0.461643
382 482 -0.521783
383 384 0.589383
383 393 0.091607
383 483 -1.920113
384 385 0.593029
384 394 -0.382199
384 484 0.854746
385 386 -0.802180
385 395 0.305415
385 485 -0.549438
386 387 0.142198
386 396 -1.868840
386 486 0.974279
387 388 1.602649
387 397 0.056731
387 487 1.283526
388 389 0.582233
388 398 1.991740
388 488 -1.220547
389 380 0.879972
389 399 1.256772
389 489 -0.384461
390 391 -0.829358
390 300 0.167669
390 490 0.264154
391 392 -0.265332
391 301 -0.240629
391 491 -0.166723
392 393 -1.053794
392 302 0.649536
392 492 1.228578
393 394 1.411703
393 303 -0.438959
393 493 -0.284966
394 395 0.710322
394 304 0.215140
394 494 0.141356
395 396 -1.855856
395 305 -0.695270
395 495 -0.129817
396 397 2.304747
396 306 0.972602
396 496 -1.323490
397 398 0.511085
397 307 -0.465611
397 497 0.650680
398 399 -1.133018
398 308 0.573121
398 498 -0.408112
399 390 0.233383
399 309 -1.072826
399 499 0.571807
400 401 -1.100379
400 410 -1.857106
400 500 -1.286397
401 402 -0.868279
401 411 -0.090481
401 501 -0.127193
402 403 -1.126986
402 412 0.257965
402 502 1.934904
403 404 0.043524
403 413 -0.282721
403 503 -0.362786
404 405 0.079887
404 414 -1.547250
404 504 -0.626964
405 406 2.194006
405 415 0.873634
405 505 -1.705124
406 407 -0.225513
406 416 0.694141
406 506 1.202617
407 408 -0.632883
407 417 0.270324
407 507 1.287284
408 409 0.653265
408 418 0.550110
408 508 -0.405794
409 400 0.701479
409 419 -0.294844
409 509 1.729680
410 411 -0.618475
410 420 -2.423980
410 510 0.134461
411 412 -0.784364
411 421 0.557586
411 511 -1.298218
412 413 0.709754
412 422 0.805860
412 512 -0.030116
413 414 0.385579
413 423 -0.190759
413 513 0.465800
414 415 0.427148
414 424 0.010683
414 514 -0.499452
415 416 -0.193747
415 425 -1.732466
415 515 0.257423
416 417 1.418394
416 426 0.598248
416 516 0.129794
417 418 -0.047778
417 427 -2.395077
417 517 1.027217
418 419 -0.286456
418 428 0.333458
418 518 -1.448016
419 410 -0.039682
419 429 -1.877466
419 519 0.666880
420 421 0.054942
420 430 0.411653
420 520 1.295605
421 422 1.093822
421 431 0.634044
421 521 0.714103
422 423 -0.289115
422 432 0.103458
422 522 1.178677
423 424 0.598371
423 433 -0.988738
423 523 -0.978953
424 425 0.146052
424 434 0.544018
424 524 1.213022
425 426 0.095403
425 435 -0.212509
425 525 -2.793021
426 427 -1.249409
426 436 -0.302355
426 526 0.460681
427 428 -0.873873
427 437 -0.859477
427 527 -1.307423
428 429 1.250336
428 438 -0.255629
428 528 -0.738576
429 420 0.366535
429 439 -0.791747
429 529 0.065125
430 431 -1.562393
430 440 0.138707
430 530 0.593330
431 432 -1.483283
431 441 -0.940301
431 531 -0.953637
432 433 -0.559176
432 442 -0.467902
432 532 -0.047962
433 434 -1.462284
433 443 1.437091
433 533 -0.341618
434 435 -1.320594
434 444 2.058509
434 534 -0.034756
435 436 -0.350770
435 445 1.675681
435 535 -0.867450
436 437 -0.366130
436 446 1.055851
436 536 -0.849074
437 438 0.932489
437 447 -2.034300
437 537 -0.231618
438 439 -1.678290
438 448 -0.103221
438 538 0.912747
439 430 -0.967549
439 449 -0.751576
439 539 -0.410872
440 441 -1.044430
440 450 -0.345346
440 540 -1.527638
441 442 0.680299
441 451 0.985413
441 541 0.441417
442 443 2.038403
442 452 0.884684
442 542 1.667746
443 444 -1.301134
443 453 0.458314
443 543 -0.452529
444 445 0.705441
444 454 -0.863671
444 544 0.388399
445 446 1.329951
445 455 -0.874085
445 545 -0.929937
446 447 -0.512123
446 456 -1.789482
446 546 -0.406863
447 448 -1.560832
447 457 -1.498729
447 547 -0.779526
448 449 0.015794
448 458 0.915579
448 548 1.207324
449 440 -0.571302
449 459 0.193151
449 549 -1.558840
450 451 -0.972346
450 460 0.102921
450 550 0.178371
451 452 -1.294869
451 461 -0.238558
451 551 -1.733456
452 453 -0.510278
452 462 0.271009
452 552 0.043191
453 454 -1.338769
453 463 2.024905
453 553 0.288653
454 455 -1.666148
454 464 0.091264
454 554 2.210608
455 456 0.398988
455 465 -0.905075
455 555 1.006198
456 457 -0.422996
456 466 -0.605527
456 556 -0.256309
457 458 1.017714
457 467 -1.070804
457 557 1.363455
458 459 -3.406558
458 468 -1.903117
458 558 1.549426
459 450 -0.732664
459 469 -1.113865
459 559 0.423985
460 461 1.108925
460 470 -1.835746
460 560 -1.097706
461 462 -1.056446
461 471 1.593459
461 561 0.742036
462 463 -1.967735
462 472 -0.969320
462 562 1.816894
463 464 -1.139806
463 473 -0.804445
463 563 0.895830
464 465 -0.747563
464 474 -0.068796
464 564 -0.056621
465 466 -1.897176
465 475 0.187175
465 565 -1.771233
466 467 -1.016743
466 476 0.692739
466 566 -0.477947
467 468 -0.592104
467 477 0.168522
467 567 -0.181145
468 469 -0.442138
468 478 -1.868709
468 568 -0.137399
469 460 0.666642
469 479 1.681123
469 569 -0.212078
470 471 0.416596
470 480 0.112615
470 570 -0.211292
471 472 -0.139033
471 481 -0.235300
471 571 -0.128216
472 473 0.869359
472 482 -0.510427
472 572 0.857422
473 474 -0.152005
473 483 -0.116097
473 573 -0.606188
474 475 -0.683713
474 484 -0.732650
474 574 0.105630
475 476 0.405571
475 485 1.270485
475 575 0.468056
476 477 -1.442709
476 486 -1.054446
476 576 -1.157157
477 478 -1.163479
477 487 0.584245
477 577 -0.478250
478 479 0.452133
478 488 0.004457
478 578 -2.130282
479 470 0.077043
479 489 -1.207256
479 579 -1.414733
480 481 0.054139
480 490 0.699727
480 580 -0.177785
481 482 1.546170
481 491 0.375325
481 581 0.636528
482 483 -0.477827
482 492 -1.710252
482 582 1.420464
483 484 -0.461887
483 493 -0.797300
483 583 -0.023149
484 485 0.705230
484 494 0.982041
484 584 -0.091880
485 486 1.649511
485 495 0.064173
485 585 0.056074
486 487 1.469081
486 496 1.386506
486 586 -1.736450
487 488 0.800682
487 497 1.229780
487 587 1.483768
488 489 0.579519
488 498 0.390932
488 588 -1.419475
489 480 -0.946774
489 499 0.668114
489 589 -1.210266
490 491 -0.598007
490 400 0.992209
490 590 1.531189
491 492 -0.395828
491 401 1.963923
491 591 1.486528
492 493 1.154348
492 402 -1.476011
492 592 0.761465
493 494 0.384224
493 403 -0.288098
493 593 1.486863
494 495 0.486051
494 404 -0.662610
494 594 -1.139773
495 496 1.352407
495 405 0.323641
495 595 0.246360
496 497 -0.178430
496 406 -0.570814
496 596 1.054601
497 498 1.534094
497 407 -0.115219
497 597 0.106524
498 499 -0.842074
498 408 -1.278933
498 598 0.163645
499 490 0.524577
499 409 -2.134120
499 599 -1.175429
500 501 0.415190
500 510 -0.335677
500 600 0.491041
501 502 -0.179202
501 511 1.964746
501 601 -1.973343
502 503 -2.054700
502 512 -0.206843
502 602 0.003643
503 504 1.621887
503 513 -0.204974
503 603 -1.443849
504 505 -0.720349
504 514 -0.872508
504 604 -1.903997
505 506 1.163635
505 515 0.778648
505 605 0.626570
506 507 0.733827
506 516 0.145139
506 606 -1.303133
507 508 -0.382543
507 517 2.305729
507 607 -0.497542
508 509 -0.024349
508 518 0.978482
508 608 -2.695125
509 500 -0.314004
509 519 -1.173863
509 609 1.775997
510 511 -1.477823
510 520 -1.844798
510 610 0.876168
511 512 -2.414132
511 521 -0.151785
511 611 -0.029472
512 513 0.740871
512 522 -0.150293
512 612 2.000591
513 514 -1.589437
513 523 -1.001510
513 613 1.097589
514 515 -2.024682
514 524 0.957957
514 614 0.572086
515 516 0.919635
515 525 0.957777
515 615 1.395046
516 517 1.102798
516 526 -0.251689
516 616 -0.911508
517 518 -0.150297
517 527 -0.080138
517 617 0.595629
518 519 -0.319489
518 528 1.442808
518 618 0.557586
519 510 0.838064
519 529 -1.128114
519 619 -0.856134
520 521 -0.864355
520 530 0.453452
520 620 0.625426
521 522 0.402858
521 531 0.876232
521 621 0.936763
522 523 -1.963491
522 532 -1.555032
522 622 -0.433945
523 524 -0.699713
523 533 -0.600154
523 623 0.494349
524 525 -0.280835
524 534 1.234867
524 624 -2.108003
525 526 0.415490
525 535 -0.586855
525 625 0.527384
526 527 0.988197
526 536 0.424190
526 626 -0.006969
527 528 0.314601
527 537 -1.894429
527 627 0.400479
528 529 -1.163935
528 538 -2.035662
528 628 0.987677
529 520 -0.464824
529 539 -0.647944
529 629 0.683111
530 531 -0.337471
530 540 0.489482
530 630 -1.273348
531 532 1.470141
531 541 -0.192104
531 631 0.985117
532 533 -0.270203
532 542 0.223153
532 632 -0.304472
533 534 -0.301367
533 543 0.410561
533 633 1.369552
534 535 1.014464
534 544 -1.745906
534 634 0.379548
535 536 -0.419421
535 545 1.883933
535 635 1.294548
536 537 -0.779534
536 546 1.051588
536 636 -0.440173
537 538 -0.887811
537 547 0.277594
537 637 -0.635398
538 539 0.867459
538 548 -0.648687
538 638 1.519844
539 530 -0.009137
539 549 -1.743835
539 639 1.027583
540 541 0.746506
540 550 -0.492918
540 640 -1.392875
541 542 0.459804
541 551 1.575107
541 641 1.050770
542 543 -2.000754
542 552 1.049938
542 642 2.370817
543 544 -0.325202
543 553 0.366342
543 643 1.025334
544 545 1.069220
544 554 -0.136117
544 644 0.853791
545 546 -1.457801
545 555 1.198045
545 645 -1.632856
546 547 -1.596266
546 556 0.756377
546 646 -1.067661
547 548 0.682267
547 557 -1.217161
547 647 -1.112558
548 549 -0.204591
548 558 1.278624
548 648 -0.047284
549 540 -0.286588
549 559 0.454576
549 649 -0.921414
550 551 0.529813
550 560 0.840437
550 650 -0.797533
551 552 -0.080818
551 561 0.833887
551 651 0.863970
552 553 0.565200
552 562 -2.762476
552 652 -0.582238
553 554 -0.610993
553 563 -0.882742
553 653 1.890531
554 555 -0.574992
554 564 -1.311593
554 654 -0.223722
555 556 -1.031959
555 565 -0.232192
555 655 1.638764
556 557 0.102827
556 566 -0.201382
556 656 0.297352
557 558 0.360784
557 567 -0.925169
557 657 0.180132
558 559 -0.916817
558 568 0.529828
558 658 -1.391410
559 550 1.673289
559 569 -0.583026
559 659 1.996329
560 561 -0.084176
560 570 1.002603
560 660 -1.410125
561 562 0.503604
561 571 -0.653803
561 661 0.005952
562 563 0.962510
562 572 0.203568
562 662 0.024445
563 564 -1.491317
563 573 -0.979526
563 663 1.334709
564 565 1.528980
564 574 0.889453
564 664 0.135475
565 566 0.096489
565 575 1.523012
565 665 0.303988
566 567 -0.720767
566 576 0.176653
566 666 -1.465701
567 568 -0.147376
567 577 0.924886
567 667 -0.643729
568 569 -0.407884
568 578 1.130396
568 668 -0.788789
569 560 -1.341209
569 579 -0.158676
569 669 0.831901
570 571 -0.105147
570 580 -0.040993
570 670 -0.256421
571 572 1.415595
571 581 -0.390917
571 671 -0.039952
572 573 -0.229080
572 582 -0.442561
572 672 1.163098
573 574 -0.224357
573 583 -0.022413
573 673 -0.145623
574 575 -2.284152
574 584 -0.040895
574 674 0.562578
575 576 -1.037653
575 585 0.138848
575 675 1.200916
576 577 -0.012691
576 586 -1.922522
576 676 0.985153
577 578 -0.484889
577 587 0.461908
577 677 -1.278461
578 579 0.289358
578 588 0.388136
578 678 0.503572
579 570 0.222731
579 589 0.449966
579 679 0.114391
580 581 0.655315
580 590 -0.639275
580 680 0.336612
581 582 -0.251715
581 591 -0.344762
581 681 0.929552
582 583 0.509006
582 592 -0.944186
582 682 -0.945183
583 584 0.016628
583 593 0.692019
583 683 -1.018260
584 585 0.720632
584 594 -1.065290
584 684 0.404873
585 586 0.165082
585 595 -0.243240
585 685 -0.433207
586 587 -1.362651
586 596 -0.052704
586 686 0.940601
587 588 -0.852201
587 597 -0.906639
587 687 1.387285
588 589 2.411024
588 598 -2.360321
588 688 -0.459381
589 580 1.345175
589 599 0.107197
589 689 -0.438422
590 591 0.700662
590 500 0.651410
590 690 -1.100917
591 592 2.242945
591 501 0.209087
591 691 2.956039
592 593 1.171765
592 502 -1.663254
592 692 0.913128
593 594 -0.129997
593 503 -0.376602
593 693 0.903734
594 595 -0.410255
594 504 0.072265
594 694 0.948643
595 596 -2.351055
595 505 0.121860
595 695 0.648619
596 597 0.290257
596 506 -1.239692
596 696 0.973215
597 598 -1.853241
597 507 -2.067640
597 697 -0.683055
598 599 -1.426902
598 508 -0.321239
598 698 -1.176998
599 590 -1.171211
599 509 1.115163
599 699 0.387075
600 601 0.832845
600 610 -0.996764
600 700 0.570332
601 602 0.451000
601 611 0.798865
601 701 1.281726
602 603 1.690620
602 612 0.288878
602 702 2.156212
603 604 1.878473
603 613 2.417674
603 703 -0.331036
604 605 -0.278362
604 614 1.594251
604 704 1.889779
605 606 0.588270
605 615 -0.741949
605 705 -1.008644
606 607 -0.390068
606 616 -0.566288
606 706 0.008413
607 608 -0.185203
607 617 -0.701099
607 707 0.298698
608 609 -1.879900
608 618 0.428963
608 708 -0.019411
609 600 1.216446
609 619 0.353129
609 709 0.354874
610 611 1.084121
610 620 0.487608
610 710 -0.355274
611 612 -0.178556
611 621 0.909191
611 711 -1.601542
612 613 0.767307
612 622 -0.001584
612 712 -2.378638
613 614 0.283006
613 623 0.301627
613 713 0.781053
614 615 -0.608339
614 624 0.778097
614 714 -0.056761
615 616 0.425185
615 625 0.814339
615 715 1.225633
616 617 -1.904412
616 626 -1.171818
616 716 -0.286360
617 618 -0.621451
617 627 -0.761728
617 717 0.373600
618 619 0.472600
618 628 0.200136
618 718 0.117749
619 610 0.504577
619 629 0.159235
619 719 0.723672
620 621 -0.994306
620 630 2.013538
620 720 1.772498
621 622 1.250722
621 631 1.057918
621 721 0.888829
622 623 -0.591028
622 632 1.152841
622 722 0.902841
623 624 1.794335
623 633 -0.013785
623 723 1.260917
624 625 0.800677
624 634 0.623324
624 724 0.702874
625 626 0.323060
625 635 1.283848
625 725 0.313842
626 627 -0.235216
626 636 0.927227
626 726 -0.622590
627 628 -0.858281
627 637 0.953256
627 727 0.113681
628 629 0.412708
628 638 0.051796
628 728 -0.409008
629 620 0.770077
629 639 0.191874
629 729 0.028393
630 631 -0.060944
630 640 0.930032
630 730 1.666138
631 632 1.061915
631 641 -1.434764
631 731 0.281949
632 633 0.141739
632 642 1.791841
632 732 0.398141
633 634 -0.694134
633 643 1.158358
633 733 -1.135819
634 635 1.536640
634 644 0.149347
634 734 0.323530
635 636 -0.078585
635 645 -1.552086
635 735 -0.587299
636 637 -0.547417
636 646 0.334575
636 736 0.411456
637 638 0.117204
637 647 -0.650775
637 737 -0.640380
638 639 0.928546
638 648 0.690095
638 738 0.527797
639 630 -0.153803
639 649 0.010726
639 739 1.100414
640 641 0.588679
640 650 0.557970
640 740 0.473853
641 642 1.594310
641 651 0.670670
641 741 -0.514039
642 643 -0.810273
642 652 -0.022139
642 742 1.221630
643 644 -0.491303
643 653 0.890513
643 743 -0.736937
644 645 -0.403680
644 654 0.048815
644 744 0.133256
645 646 0.986576
645 655 1.459964
645 745 0.587895
646 647 0.899086
646 656 0.985046
646 746 2.031948
647 648 -0.550456
647 657 -1.145957
647 747 0.518988
648 649 1.306833
648 658 0.099732
648 748 -2.144038
649 640 -1.431722
649 659 -1.211016
649 749 2.038557
650 651 -0.290105
650 660 0.817061
650 750 -0.688705
651 652 -0.804693
651 661 -0.637237
651 751 -1.062796
652 653 0.428542
652 662 0.719842
652 752 0.511206
653 654 -0.853394
653 663 -1.455230
653 753 -0.068886
654 655 -1.485324
654 664 0.813310
654 754 1.230534
655 656 0.550014
655 665 0.998283
655 755 0.765330
656 657 0.015889
656 666 0.539938
656 756 -0.293263
657 658 -0.307876
657 667 0.323925
657 757 0.702570
658 659 -0.576825
658 668 1.616544
658 758 0.169249
659 650 0.602931
659 669 -0.364779
659 759 0.785126
660 661 -1.195660
660 670 1.799604
660 760 1.360224
661 662 -0.456117
661 671 1.642636
661 761 0.275228
662 663 0.852640
662 672 0.931743
662 762 -2.334176
663 664 -1.398769
663 673 -1.143984
663 763 0.099105
664 665 1.076919
664 674 -1.087828
664 764 1.358757
665 666 0.428469
665 675 -0.385983
665 765 1.287422
666 667 -0.918084
666 676 -0.542906
666 766 1.345518
667 668 0.449040
667 677 0.168555
667 767 -0.429418
668 669 0.466285
668 678 -0.407589
668 768 -1.132032
669 660 1.421270
669 679 1.786150
669 769 0.628134
670 671 -0.350965
670 680 -0.404838
670 770 -0.425611
671 672 -0.303287
671 681 0.544966
671 771 -0.830139
672 673 -0.670290
672 682 1.123248
672 772 0.847507
673 674 0.250183
673 683 1.898357
673 773 0.168006
674 675 0.975715
674 684 0.214340
674 774 0.590188
675 676 0.202026
675 685 0.751989
675 775 -0.301893
676 677 1.095347
676 686 0.756304
676 776 0.193382
677 678 -0.949070
677 687 -0.041658
677 777 1.243526
678 679 0.695720
678 688 0.594395
678 778 -1.282378
679 670 0.567552
679 689 -0.456490
679 779 -0.830755
680 681 0.822075
680 690 1.297317
680 780 -0.055925
681 682 -1.272854
681 691 2.430690
681 781 -1.472546
682 683 0.294861
682 692 -0.415454
682 782 0.645220
683 684 -0.091326
683 693 0.146772
683 783 0.999603
684 685 -0.126948
684 694 -0.103263
684 784 -0.969926
685 686 -0.920660
685 695 -0.922806
685 785 1.431711
686 687 -0.937759
686 696 -0.058981
686 786 -0.070712
687 688 1.201538
687 697 -0.375497
687 787 2.554028
688 689 1.239104
688 698 -1.463538
688 788 0.757018
689 680 0.164335
689 699 0.848664
689 789 0.378808
690 691 -0.490996
690 600 -0.796994
690 790 0.227491
691 692 0.643966
691 601 1.077046
691 791 0.097740
692 693 -0.408082
692 602 -0.512413
692 792 2.229745
693 694 -1.653205
693 603 -0.484466
693 793 -0.056059
694 695 -1.036998
694 604 0.791522
694 794 0.030107
695 696 -0.190134
695 605 -0.052612
695 795 0.027898
696 697 0.161672
696 606 -0.202832
696 796 1.516765
697 698 -0.249057
697 607 0.617176
697 797 0.934869
698 699 0.890155
698 608 0.686371
698 798 -1.497200
699 690 -1.576352
699 609 -0.376528
699 799 -0.437104
700 701 -2.119710
700 710 0.949944
700 800 -0.402580
701 702 -2.661076
701 711 -0.757157
701 801 -1.082631
702 703 0.256080
702 712 -0.122408
702 802 -0.666750
703 704 -1.139568
703 713 0.097917
703 803 -1.320216
704 705 0.601257
704 714 -0.318189
704 804 -0.819689
705 706 -0.767162
705 715 -0.455993
705 805 0.175878
706 707 -0.257922
706 716 -1.448113
706 806 0.414321
707 708 -1.391093
707 717 0.191394
707 807 -0.150222
708 709 0.892976
708 718 0.734148
708 808 -2.122047
709 700 1.529866
709 719 -0.156876
709 809 0.304886
710 711 -0.398036
710 720 -0.498642
710 810 -0.165541
711 712 0.803495
711 721 -0.553560
711 811 -0.350872
712 713 -0.782759
712 722 2.345873
712 812 -0.576389
713 714 -0.663590
713 723 -0.726454
713 813 -0.936271
714 715 0.711661
714 724 -2.286216
714 814 -0.537164
715 716 -0.897460
715 725 -0.223738
715 815 0.718421
716 717 -0.492048
716 726 2.132600
716 816 0.060996
717 718 2.095211
717 727 -0.140609
717 817 -0.691217
718 719 -0.793061
718 728 -0.832278
718 818 0.185902
719 710 0.200407
719 729 1.880438
719 819 0.381894
720 721 0.186353
720 730 -0.851741
720 820 -0.814490
721 722 0.065205
721 731 -2.139096
721 821 -0.209539
722 723 -1.640991
722 732 0.671387
722 822 -1.223857
723 724 1.177450
723 733 1.596264
723 823 0.770714
724 725 -0.216057
724 734 -0.011944
724 824 -1.157264
725 726 1.153199
725 735 -1.811839
725 825 0.666814
726 727 0.130314
726 736 0.810950
726 826 -0.990984
727 728 -0.871095
727 737 -0.053401
727 827 0.854632
728 729 -0.534631
728 738 2.121476
728 828 0.046314
729 720 -0.060639
729 739 0.479911
729 829 1.504294
730 731 0.747449
730 740 1.047230
730 830 -0.329403
731 732 -0.973626
731 741 1.975794
731 831 0.422691
732 733 -0.221445
732 742 0.086743
732 832 -0.395476
733 734 -1.367793
733 743 0.366418
733 833 -0.194790
734 735 1.165082
734 744 0.213750
734 834 0.014955
735 736 0.049642
735 745 -0.014265
735 835 -0.386649
736 737 -2.218706
736 746 -0.176590
736 836 -1.893670
737 738 2.429940
737 747 -0.244815
737 837 -0.984045
738 739 0.724546
738 748 -0.087343
738 838 1.718873
739 730 1.028358
739 749 0.750986
739 839 -0.080768
740 741 1.047482
740 750 0.075081
740 840 -0.654960
741 742 1.573175
741 751 0.766323
741 841 -0.354431
742 743 -1.757554
742 752 -0.498855
742 842 -0.643136
743 744 0.326007
743 753 0.289449
743 843 0.504206
744 745 -2.886143
744 754 1.465788
744 844 2.300179
745 746 -1.043446
745 755 -0.655739
745 845 -0.909904
746 747 1.163573
746 756 0.909863
746 846 -1.125471
747 748 -0.090011
747 757 -0.708763
747 847 -0.123939
748 749 -0.774196
748 758 -0.589597
748 848 -0.181381
749 740 0.082904
749 759 1.213641
749 849 -0.823752
750 751 -0.612174
750 760 0.956632
750 850 1.043948
751 752 1.793595
751 761 0.087298
751 851 -1.143655
752 753 -1.020993
752 762 -0.540779
752 852 1.744407
753 754 0.836688
753 763 -1.953349
753 853 0.669681
754 755 -0.225043
754 764 1.368448
754 854 -1.329148
755 756 -0.473914
755 765 0.387825
755 855 -0.506612
756 757 -0.121102
756 766 0.833707
756 856 0.548566
757 758 -1.222942
757 767 -1.038449
757 857 -0.465175
758 759 -0.138591
758 768 -1.121654
758 858 -1.066185
759 750 -0.974576
759 769 0.888348
759 859 1.216730
760 761 -0.458708
760 770 -1.677087
760 860 -0.681399
761 762 -0.177330
761 771 -1.173332
761 861 -0.425385
762 763 0.545939
762 772 -0.111981
762 862 0.167771
763 764 -0.612847
763 773 1.402748
763 863 0.232995
764 765 0.522217
764 774 -0.625892
764 864 0.409560
765 766 1.557105
765 775 0.095063
765 865 -0.526025
766 767 2.077890
766 776 0.804855
766 866 -1.903191
767 768 0.683554
767 777 -2.043214
767 867 -0.724490
768 769 0.682661
768 778 0.433929
768 868 -0.025250
769 760 1.082794
769 779 0.220970
769 869 0.020259
770 771 -1.423663
770 780 0.795793
770 870 0.084998
771 772 2.022919
771 781 -1.761783
771 871 0.904161
772 773 2.153152
772 782 1.538751
772 872 -0.089767
773 774 0.785530
773 783 -1.189809
773 873 -0.026876
774 775 0.853247
774 784 -2.030952
774 874 1.600395
775 776 1.023338
775 785 -0.037556
775 875 1.355880
776 777 1.980049
776 786 0.201936
776 876 0.389281
777 778 0.040108
777 787 -0.129595
777 877 1.253229
778 779 0.849211
778 788 -0.525429
778 878 -2.035948
779 770 -0.127722
779 789 0.799819
779 879 0.083363
780 781 -0.267128
780 790 2.326455
780 880 0.001072
781 782 -0.385800
781 791 -0.288388
781 881 -0.142845
782 783 0.004909
782 792 0.509729
782 882 0.166379
783 784 -1.033731
783 793 0.977999
783 883 1.025065
784 785 -1.339905
784 794 0.328182
784 884 0.848396
785 786 -0.908568
785 795 0.472637
785 885 0.697377
786 787 0.476374
786 796 -0.485939
786 886 1.526640
787 788 -0.114596
787 797 -1.206759
787 887 0.356471
788 789 1.582836
788 798 1.094060
788 888 1.852088
789 780 -1.764775
789 799 -0.132450
789 889 -0.014338
790 791 -1.460868
790 700 0.458316
790 890 0.053700
791 792 0.350550
791 701 0.077873
791 891 0.452638
792 793 -0.076736
792 702 1.577117
792 892 -0.886520
793 794 1.239802
793 703 0.570000
793 893 -0.612894
794 795 0.604128
794 704 0.708948
794 894 0.952568
795 796 -0.107836
795 705 -0.754669
795 895 -1.057173
796 797 -0.595129
796 706 -0.715910
796 896 0.822569
797 798 -2.041264
797 707 0.211478
797 897 1.862758
798 799 1.549388
798 708 1.840723
798 898 1.309021
799 790 0.748201
799 709 -0.350365
799 899 -0.887875
800 801 0.455985
800 810 -0.196665
800 900 -0.976759
801 802 0.238668
801 811 -1.123070
801 901 -0.545349
802 803 -0.515894
802 812 0.516875
802 902 2.493960
803 804 1.193602
803 813 -1.513641
803 903 0.638138
804 805 -1.997233
804 814 -0.255760
804 904 -0.168365
805 806 0.409388
805 815 1.458836
805 905 -2.035902
806 807 -0.323264
806 816 0.070979
806 906 -0.953005
807 808 0.212910
807 817 0.127347
807 907 -0.784527
808 809 -0.449367
808 818 2.722397
808 908 0.148767
809 800 0.216259
809 819 0.357872
809 909 -0.375665
810 811 -1.738791
810 820 -1.558132
810 910 -0.762790
811 812 -2.285572
811 821 0.039015
811 911 1.479448
812 813 -2.486608
812 822 1.940024
812 912 -0.197720
813 814 0.160916
813 823 -0.334590
813 913 -0.258885
814 815 -0.729715
814 824 0.406195
814 914 1.808195
815 816 0.264616
815 825 -1.147423
815 915 -0.217194
816 817 0.269433
816 826 0.677022
816 916 -0.380293
817 818 0.551165
817 827 1.027881
817 917 0.078997
818 819 2.019919
818 828 1.413403
818 918 2.176761
819 810 -0.052132
819 829 -1.382484
819 919 -0.802246
820 821 -0.249534
820 830 -1.910263
820 920 1.554871
821 822 0.717342
821 831 1.097922
821 921 -1.953572
822 823 -1.327670
822 832 -0.373973
822 922 -0.014302
823 824 -0.081647
823 833 0.293312
823 923 0.279297
824 825 1.549722
824 834 1.714645
824 924 0.160109
825 826 0.517587
825 835 -0.063467
825 925 0.409562
826 827 -1.820311
826 836 0.163435
826 926 -0.810831
827 828 -1.284580
827 837 -0.448891
827 927 1.375133
828 829 0.564732
828 838 -0.096070
828 928 -0.351635
829 820 1.939141
829 839 -1.575923
829 929 0.772574
830 831 1.366393
830 840 -0.131114
830 930 -0.192998
831 832 -0.259662
831 841 -1.611471
831 931 1.832625
832 833 0.584000
832 842 -0.206507
832 932 1.430693
833 834 -0.266927
833 843 0.733519
833 933 0.645944
834 835 -0.474182
834 844 0.349247
834 934 1.569843
835 836 0.810836
835 845 -1.213819
835 935 0.147209
836 837 0.941973
836 846 0.352150
836 936 1.516681
837 838 0.647692
837 847 0.758246
837 937 0.786815
838 839 -0.462265
838 848 1.552910
838 938 0.249076
839 830 -0.464671
839 849 1.154786
839 939 -0.369773
840 841 0.445926
840 850 -0.137404
840 940 0.690067
841 842 0.627938
841 851 0.439833
841 941 0.513057
842 843 -0.164694
842 852 0.616057
842 942 -1.826483
843 844 -0.080125
843 853 0.187834
843 943 -0.360633
844 845 -0.766207
844 854 0.407198
844 944 -0.188079
845 846 0.200489
845 855 -0.877852
845 945 0.898885
846 847 -0.486783
846 856 0.286758
846 946 1.219763
847 848 0.549819
847 857 -0.007062
847 947 -1.117609
848 849 -0.186918
848 858 0.268742
848 948 -0.557634
849 840 -1.184707
849 859 0.608943
849 949 2.050213
850 851 0.257848
850 860 0.594565
850 950 2.191223
851 852 -0.292596
851 861 -0.664162
851 951 0.862133
852 853 -0.638038
852 862 0.884128
852 952 0.871993
853 854 -0.665512
853 863 0.910608
853 953 -0.748604
854 855 -0.150512
854 864 -1.498111
854 954 0.302440
855 856 -0.293302
855 865 0.623171
855 955 0.863142
856 857 -0.530608
856 866 0.679462
856 956 0.764659
857 858 2.121553
857 867 1.309128
857 957 -2.005679
858 859 0.413892
858 868 1.188269
858 958 0.151455
859 850 -0.383717
859 869 -1.125588
859 959 0.265324
860 861 0.327809
860 870 -1.131674
860 960 -1.753624
861 862 1.168986
861 871 -1.958849
861 961 -1.350972
862 863 0.025297
862 872 0.324780
862 962 -0.936299
863 864 0.472160
863 873 -2.268474
863 963 -1.014375
864 865 -0.806902
864 874 0.595331
864 964 -1.283334
865 866 -0.823668
865 875 0.413772
865 965 -0.258905
866 867 0.376542
866 876 1.272797
866 966 0.872419
867 868 1.150150
867 877 0.002446
867 967 -0.693113
868 869 0.137834
868 878 0.957738
868 968 -0.641927
869 860 0.760801
869 879 -0.289320
869 969 0.770364
870 871 0.289794
870 880 -0.758422
870 970 -1.247231
871 872 1.513268
871 881 -0.527906
871 971 -0.587797
872 873 0.633818
872 882 0.234711
872 972 -0.403766
873 874 -0.093675
873 883 -0.084393
873 973 1.930572
874 875 -0.055484
874 884 -0.370721
874 974 -1.295587
875 876 1.362878
875 885 -0.128926
875 975 -1.710826
876 877 -0.781510
876 886 0.125223
876 976 1.315187
877 878 0.814893
877 887 0.115856
877 977 -0.522784
878 879 0.445891
878 888 2.781347
878 978 -2.122518
879 870 0.996624
879 889 -1.358593
879 979 1.898672
880 881 -0.600441
880 890 0.090805
880 980 -0.639502
881 882 0.521150
881 891 -1.625729
881 981 0.006571
882 883 2.071490
882 892 1.826894
882 982 -0.419612
883 884 -2.708636
883 893 -1.491368
883 983 -1.950091
884 885 -0.812420
884 894 0.259412
884 984 0.746784
885 886 -1.070864
885 895 -1.197742
885 985 -2.140193
886 887 -0.052729
886 896 0.172010
886 986 -0.471433
887 888 0.622662
887 897 -0.790090
887 987 1.398325
888 889 0.895555
888 898 1.166310
888 988 -0.148218
889 880 -0.006121
889 899 -1.173644
889 989 0.216754
890 891 -0.916614
890 800 1.171399
890 990 -1.328553
891 892 1.272364
891 801 1.276531
891 991 0.127899
892 893 -0.762068
892 802 0.989328
892 992 -0.055454
893 894 0.135305
893 803 0.102151
893 993 0.376130
894 895 1.111618
894 804 -0.161774
894 994 1.615997
895 896 -0.243805
895 805 -1.393404
895 995 0.906947
896 897 1.064363
896 806 2.281306
896 996 1.736938
897 898 1.145565
897 807 0.904884
897 997 -0.622406
898 899 0.015948
898 808 -0.587787
898 998 0.089024
899 890 1.019280
899 809 -0.760866
899 999 0.466178
900 901 0.280992
900 910 -0.112339
900 0 -0.681662
901 902 -1.942493
901 911 0.700991
901 1 -0.066132
902 903 -1.309893
902 912 0.339361
902 2 1.716249
903 904 -1.564902
903 913 0.276578
903 3 0.401294
904 905 -0.102582
904 914 -0.321979
904 4 -0.063408
905 906 0.993054
905 915 0.711737
905 5 -1.276204
906 907 0.682933
906 916 0.089175
906 6 1.056753
907 908 -0.136568
907 917 -0.958574
907 7 -1.694246
908 909 0.064476
908 918 -0.289290
908 8 -1.353575
909 900 1.215533
909 919 -0.116610
909 9 -0.891695
910 911 0.494487
910 920 -1.796939
910 10 -0.909901
911 912 0.409300
911 921 -0.838597
911 11 -0.444026
912 913 0.031754
912 922 -0.363526
912 12 0.041137
913 914 0.571551
913 923 -0.828063
913 13 -0.476850
914 915 0.398601
914 924 1.364960
914 14 0.371807
915 916 -1.884896
915 925 0.879508
915 15 1.419440
916 917 -0.188772
916 926 -0.618955
916 16 0.205568
917 918 -0.273199
917 927 2.939299
917 17 -1.172053
918 919 0.459026
918 928 -0.700352
918 18 0.501275
919 910 -0.987340
919 929 -0.568562
919 19 -0.792857
920 921 -0.879362
920 930 1.000187
920 20 1.021777
921 922 0.398965
921 931 1.318583
921 21 0.034463
922 923 0.748205
922 932 -1.259878
922 22 0.098218
923 924 0.553257
923 933 -0.614659
923 23 -0.727957
924 925 -0.033951
924 934 -0.088659
924 24 0.601600
925 926 0.401069
925 935 -0.117267
925 25 -1.109852
926 927 0.312482
926 936 0.296429
926 26 0.730148
927 928 0.469874
927 937 -0.615942
927 27 0.998676
928 929 -0.807632
928 938 0.735641
928 28 -0.397172
929 920 -0.751482
929 939 -0.126997
929 29 1.287769
930 931 -0.613266
930 940 -0.044330
930 30 0.356436
931 932 1.800074
931 941 0.620201
931 31 1.224509
932 933 -0.619680
932 942 -0.538870
932 32 -0.307006
933 934 -1.304523
933 943 1.146972
933 33 -0.195833
934 935 -0.597289
934 944 1.562496
934 34 -0.464613
935 936 1.314611
935 945 1.547114
935 35 0.000611
936 937 2.040168
936 946 -0.736854
936 36 -0.030389
937 938 -0.705481
937 947 0.849697
937 37 -0.904601
938 939 -0.225161
938 948 -0.638183
938 38 0.302920
939 930 -0.136240
939 949 1.006053
939 39 -3.398556
940 941 0.969662
940 950 -0.116144
940 40 0.914735
941 942 -2.705030
941 951 0.628135
941 41 0.251741
942 943 1.089088
942 952 -1.138091
942 42 2.096999
943 944 2.704774
943 953 0.451361
943 43 -2.139911
944 945 -0.640601
944 954 0.372923
944 44 -0.449100
945 946 1.154319
945 955 -0.267324
945 45 -0.820319
946 947 -1.136084
946 956 0.046146
946 46 -0.804683
947 948 -1.273600
947 957 0.065224
947 47 -0.220719
948 949 -1.091707
948 958 0.657527
948 48 -2.126724
949 940 -1.379713
949 959 -0.245154
949 49 -1.024806
950 951 -0.230612
950 960 -1.019519
950 50 0.386038
951 952 0.244559
951 961 -0.220642
951 51 -0.924710
952 953 0.240392
952 962 -0.589551
952 52 0.452537
953 954 0.164488
953 963 -0.233007
953 53 0.264063
954 955 -0.090032
954 964 -0.027786
954 54 0.970383
955 956 0.343574
955 965 0.097241
955 55 -0.055343
956 957 0.233909
956 966 -0.481232
956 56 -1.459679
957 958 2.522095
957 967 0.023633
957 57 -0.488153
958 959 -2.084203
958 968 0.708982
958 58 0.366375
959 950 2.086264
959 969 0.180248
959 59 -0.798379
960 961 -2.277245
960 970 -0.523697
960 60 -0.055000
961 962 -0.274728
961 971 0.776140
961 61 0.555443
962 963 -0.294253
962 972 0.823683
962 62 1.397161
963 964 -0.458968
963 973 0.223989
963 63 0.274300
964 965 -0.337957
964 974 0.465413
964 64 0.894714
965 966 0.094926
965 975 2.816218
965 65 -0.945643
966 967 -1.029776
966 976 -0.278257
966 66 1.607641
967 968 0.699310
967 977 0.824896
967 67 1.677769
968 969 -0.543727
968 978 0.780093
968 68 0.613824
969 960 0.513882
969 979 0.867115
969 69 -0.477802
970 971 0.319576
970 980 1.893683
970 70 -1.004427
971 972 -0.808651
971 981 0.341626
971 71 -1.352855
972 973 1.621012
972 982 -0.267878
972 72 0.631188
973 974 -0.364414
973 983 0.405121
973 73 -1.523768
974 975 0.426646
974 984 0.624340
974 74 0.490851
975 976 0.985240
975 985 1.717165
975 75 0.027187
976 977 1.182984
976 986 -0.783999
976 76 -0.332344
977 978 1.717729
977 987 -1.395801
977 77 -0.080242
978 979 1.620986
978 988 -0.074141
978 78 -0.148213
979 970 -0.609771
979 989 0.634516
979 79 -0.343507
980 981 0.018512
980 990 -0.072867
980 80 1.715571
981 982 -0.866630
981 991 -0.125827
981 81 -0.755798
982 983 2.106649
982 992 0.670671
982 82 0.000742
983 984 -0.524145
983 993 -0.271273
983 83 0.560544
984 985 1.050174
984 994 -0.509870
984 84 -1.218770
985 986 0.914386
985 995 -0.175819
985 85 1.415345
986 987 -1.207061
986 996 1.366577
986 86 -0.211233
987 988 0.350573
987 997 0.199638
987 87 0.573987
988 989 -1.001180
988 998 0.280379
988 88 -0.193906
989 980 0.115966
989 999 0.891742
989 89 -0.186377
990 991 1.097041
990 900 -1.105890
990 90 -0.336494
991 992 0.542273
991 901 1.313134
991 91 -0.978305
992 993 0.946458
992 902 0.038972
992 92 -0.856830
993 994 0.015657
993 903 0.191293
993 93 1.289406
994 995 0.366904
994 904 -0.447445
994 94 0.175222
995 996 -1.601286
995 905 -0.568276
995 95 -0.785484
996 997 0.542175
996 906 0.619772
996 96 -1.496118
997 998 -0.300379
997 907 -0.574449
997 97 -1.323619
998 999 1.032877
998 908 0.556118
998 98 -0.429377
999 990 0.838277
999 909 2.648857
999 99 -1.088100
