0 1 -1.125534
0 10 -0.177304
0 100 1.850243
1 2 -0.767993
1 11 1.632745
1 101 -2.063378
2 3 1.327557
2 12 -2.473851
2 102 -0.286827
3 4 1.587645
3 13 1.700871
3 103 -0.292436
4 5 -0.841463
4 14 -1.151296
4 104 -0.239084
5 6 0.681953
5 15 0.477821
5 105 -0.061991
6 7 -0.485335
6 16 -0.891252
6 106 0.553980
7 8 0.472931
7 17 0.591426
7 107 -1.902138
8 9 -0.296966
8 18 -0.153474
8 108 -0.264578
9 0 1.849398
9 19 -1.088637
9 109 -0.389152
10 11 0.479040
10 20 0.302271
10 110 0.814986
11 12 -0.865992
11 21 -0.553633
11 111 -1.406779
12 13 1.511052
12 22 -0.923729
12 112 0.408023
13 14 -0.205435
13 23 -0.227094
13 113 -0.863172
14 15 0.437337
14 24 2.241732
14 114 0.741682
15 16 0.259747
15 25 2.383802
15 115 1.174938
16 17 -1.026589
16 26 0.498455
16 116 -0.126769
17 18 -0.907347
17 27 -1.170912
17 117 0.239451
18 19 0.438078
18 28 -1.056604
18 118 0.721357
19 10 0.454829
19 29 0.660394
19 119 -1.213260
20 21 -0.706808
20 30 0.822676
20 120 -0.115935
21 22 -0.331209
21 31 -1.079265
21 121 -0.231513
22 23 -0.354213
22 32 0.255910
22 122 -0.343268
23 24 -0.909283
23 33 -0.171707
23 123 -0.911784
24 25 -0.701567
24 34 -0.082149
24 124 -0.010542
25 26 0.885221
25 35 -1.048546
25 125 -0.871323
26 27 1.105919
26 36 -0.200664
26 126 0.782290
27 28 1.142044
27 37 1.515346
27 127 0.222698
28 29 -0.120122
28 38 0.324292
28 128 -0.291395
29 20 -0.620105
29 39 1.012324
29 129 -0.630827
30 31 1.070398
30 40 -0.364184
30 130 1.468621
31 32 0.425003
31 41 -0.971144
31 131 0.173279
32 33 -3.512990
32 42 -0.599979
32 132 1.198712
33 34 -0.591550
33 43 -0.899637
33 133 0.114031
34 35 -1.085185
34 44 1.377454
34 134 -0.549374
35 36 1.069825
35 45 0.329983
35 135 0.488805
36 37 0.531192
36 46 0.759412
36 136 0.818949
37 38 -1.434880
37 47 -0.472464
37 137 -2.297356
38 39 -0.168530
38 48 -0.066260
38 138 0.133727
39 30 -2.647605
39 49 -1.464496
39 139 -1.280149
40 41 1.769331
40 50 -1.466270
40 140 1.638862
41 42 -0.994029
41 51 -1.248867
41 141 0.082140
42 43 0.577276
42 52 0.567735
42 142 -0.657783
43 44 0.862424
43 53 1.511591
43 143 0.325669
44 45 0.940341
44 54 0.588397
44 144 -0.297604
45 46 0.718147
45 55 0.197875
45 145 1.259189
46 47 -1.168344
46 56 0.205900
46 146 -1.213798
47 48 -1.843250
47 57 1.460933
47 147 0.618644
48 49 -1.162052
48 58 1.079382
48 148 -1.308206
49 40 -1.400864
49 59 1.110806
49 149 1.199605
50 51 2.530366
50 60 -0.017448
50 150 -0.557718
51 52 -0.633866
51 61 1.028607
51 151 -1.035706
52 53 -2.175558
52 62 -1.901042
52 152 -1.060794
53 54 0.221906
53 63 0.416251
53 153 -0.892625
54 55 -0.549320
54 64 -2.037488
54 154 -0.788056
55 56 -1.145306
55 65 -0.571039
55 155 0.428996
56 57 -0.275152
56 66 0.329043
56 156 1.054166
57 58 0.833198
57 67 -0.180046
57 157 -0.907090
58 59 1.910076
58 68 0.654157
58 158 -1.116324
59 50 0.152335
59 69 0.082917
59 159 1.135336
60 61 1.653467
60 70 0.418696
60 160 0.844553
61 62 1.244827
61 71 0.942649
61 161 0.667678
62 63 0.859565
62 72 -0.889770
62 162 0.112520
63 64 0.892855
63 73 0.374309
63 163 -0.426848
64 65 1.108739
64 74 0.148614
64 164 -0.077447
65 66 0.957719
65 75 -1.029931
65 165 -0.097612
66 67 0.582735
66 76 -0.664778
66 166 0.024842
67 68 0.185764
67 77 0.193253
67 167 0.888651
68 69 1.256173
68 78 -1.040256
68 168 -1.307011
69 60 -0.345473
69 79 0.439228
69 169 -0.725254
70 71 0.173212
70 80 0.368890
70 170 0.475678
71 72 -0.929068
71 81 0.289698
71 171 1.014167
72 73 0.526819
72 82 0.049133
72 172 0.409038
73 74 0.325961
73 83 0.450732
73 173 0.283153
74 75 0.747137
74 84 0.832920
74 174 -0.260531
75 76 -1.579474
75 85 -1.595780
75 175 1.135115
76 77 0.529402
76 86 -1.228517
76 176 -0.329937
77 78 0.078909
77 87 0.312652
77 177 0.174282
78 79 0.978531
78 88 0.262097
78 178 0.074824
79 70 -0.716490
79 89 -1.194784
79 179 -0.290120
80 81 0.268040
80 90 -0.501946
80 180 0.174612
81 82 -0.323061
81 91 -0.458746
81 181 -0.450101
82 83 -1.466093
82 92 -0.310181
82 182 -0.948038
83 84 -0.466718
83 93 -0.631759
83 183 0.036352
84 85 0.121999
84 94 0.546640
84 184 0.244864
85 86 -0.123593
85 95 -0.845887
85 185 -0.827354
86 87 -0.843757
86 96 1.035255
86 186 2.366050
87 88 -0.503239
87 97 0.220983
87 187 -0.696947
88 89 -1.033067
88 98 -0.764328
88 188 0.072035
89 80 -0.811774
89 99 2.001772
89 189 -0.243741
90 91 0.721958
90 0 0.768626
90 190 -1.811915
91 92 2.191717
91 1 -0.140424
91 191 -0.574701
92 93 -1.426855
92 2 -0.358186
92 192 -0.731596
93 94 0.931851
93 3 0.036551
93 193 -0.126337
94 95 -0.778201
94 4 -0.150753
94 194 -0.057116
95 96 0.026435
95 5 0.651852
95 195 -0.767844
96 97 -0.142591
96 6 0.062448
96 196 -2.442924
97 98 1.148069
97 7 -0.620566
97 197 0.031537
98 99 -0.292361
98 8 0.159283
98 198 0.270129
99 90 -0.168754
99 9 0.326410
99 199 -1.005743
100 101 0.687271
100 110 -0.380832
100 200 0.576896
101 102 -0.723079
101 111 -0.657667
101 201 0.518929
102 103 -0.662870
102 112 0.463985
102 202 1.365718
103 104 0.149798
103 113 0.345042
103 203 0.140838
104 105 -0.164093
104 114 0.133767
104 204 -0.760543
105 106 -0.285153
105 115 1.150066
105 205 -1.834056
106 107 -0.366686
106 116 -0.327954
106 206 0.170012
107 108 -0.984059
107 117 -1.335827
107 207 1.710561
108 109 1.552546
108 118 1.410357
108 208 -1.438369
109 100 -1.462217
109 119 -1.052397
109 209 1.021202
110 111 -1.724845
110 120 -0.075349
110 210 0.404413
111 112 -0.353993
111 121 -0.744015
111 211 -0.016187
112 113 -0.243680
112 122 -1.014122
112 212 0.636732
113 114 -0.446322
113 123 -0.749560
113 213 0.894021
114 115 -2.682023
114 124 0.211644
114 214 -0.954549
115 116 -0.736230
115 125 1.744343
115 215 0.257989
116 117 -0.303801
116 126 0.445411
116 216 0.530342
117 118 -0.538251
117 127 0.193971
117 217 0.250254
118 119 1.137239
118 128 0.397200
118 218 -0.984994
119 110 -0.073688
119 129 -0.358400
119 219 0.112517
120 121 -0.156359
120 130 -1.423275
120 220 -0.613321
121 122 1.617651
121 131 -1.319855
121 221 -0.594338
122 123 -0.399660
122 132 0.356907
122 222 0.670647
123 124 0.321323
123 133 -0.342928
123 223 -2.433117
124 125 0.019161
124 134 1.169740
124 224 -1.428881
125 126 -0.337897
125 135 -0.015438
125 225 -2.199426
126 127 -0.477108
126 136 0.690661
126 226 0.392998
127 128 0.927840
127 137 1.266150
127 227 -0.998274
128 129 1.043919
128 138 0.121019
128 228 -0.265464
129 120 0.308851
129 139 -0.611298
129 229 -0.462826
130 131 -0.601443
130 140 -1.927481
130 230 -1.222701
131 132 -1.079013
131 141 -1.563681
131 231 0.078038
132 133 0.013122
132 142 1.286801
132 232 -0.141479
133 134 0.983702
133 143 -0.891580
133 233 -0.236644
134 135 -0.865496
134 144 -1.471479
134 234 0.125636
135 136 0.873078
135 145 -1.100797
135 235 0.435544
136 137 1.129537
136 146 0.713078
136 236 0.596795
137 138 -0.856579
137 147 -1.424106
137 237 -0.750434
138 139 -0.524347
138 148 0.438404
138 238 -0.518747
139 130 -0.268802
139 149 -0.838387
139 239 0.929715
140 141 0.551433
140 150 2.008154
140 240 1.286664
141 142 0.191561
141 151 0.318498
141 241 0.287957
142 143 -0.076625
142 152 0.941028
142 242 -0.178020
143 144 0.328625
143 153 -0.497828
143 243 0.181253
144 145 0.496888
144 154 0.471810
144 244 -0.778805
145 146 -0.018126
145 155 0.784009
145 245 1.284693
146 147 -0.673917
146 156 -0.065994
146 246 0.982538
147 148 1.804157
147 157 -0.063621
147 247 0.813083
148 149 -0.730826
148 158 -0.921970
148 248 -0.646338
149 140 -0.444463
149 159 0.728110
149 249 -0.586216
150 151 2.350352
150 160 -0.396204
150 250 -0.076018
151 152 -0.117238
151 161 -0.238661
151 251 1.021819
152 153 1.568405
152 162 0.343659
152 252 -0.067824
153 154 -0.866377
153 163 -0.086883
153 253 -0.055264
154 155 -0.119926
154 164 -2.596502
154 254 -1.080249
155 156 -2.202307
155 165 0.178727
155 255 -0.686918
156 157 0.114347
156 166 1.293924
156 256 0.196602
157 158 -1.957397
157 167 0.391459
157 257 0.681109
158 159 -1.098974
158 168 0.651017
158 258 -2.553010
159 150 -0.639307
159 169 -0.916163
159 259 -1.209191
160 161 1.281115
160 170 -1.520618
160 260 -0.166220
161 162 0.790663
161 171 -0.066051
161 261 -0.307447
162 163 -0.705787
162 172 0.800281
162 262 0.919276
163 164 -0.165037
163 173 -0.489644
163 263 -0.265365
164 165 1.024711
164 174 0.482381
164 264 0.846184
165 166 -0.065356
165 175 -0.062989
165 265 -1.619157
166 167 0.276554
166 176 -0.039833
166 266 0.173941
167 168 -1.056166
167 177 -0.556361
167 267 -0.869581
168 169 0.650606
168 178 0.344870
168 268 0.919671
169 160 -0.496345
169 179 0.633778
169 269 -0.708802
170 171 -2.596889
170 180 -0.336346
170 270 0.112920
171 172 -0.018328
171 181 0.193632
171 271 0.599174
172 173 0.868806
172 182 -0.531644
172 272 -0.025263
173 174 -0.838580
173 183 1.034642
173 273 0.086261
174 175 0.075735
174 184 1.298610
174 274 -0.127538
175 176 -0.966271
175 185 -0.147535
175 275 -1.497822
176 177 0.127360
176 186 1.108587
176 276 0.326621
177 178 -0.833060
177 187 -0.387164
177 277 0.241787
178 179 -1.354197
178 188 0.906139
178 278 -1.071024
179 170 1.047601
179 189 -0.006847
179 279 -1.480018
180 181 1.132171
180 190 -0.368461
180 280 0.123420
181 182 0.745813
181 191 1.504472
181 281 0.058923
182 183 2.101987
182 192 0.982904
182 282 1.574334
183 184 0.452448
183 193 0.031653
183 283 -0.924215
184 185 -0.850489
184 194 2.177355
184 284 0.557188
185 186 1.019989
185 195 0.533120
185 285 0.709653
186 187 -1.368890
186 196 -0.274344
186 286 0.485716
187 188 0.862423
187 197 1.278679
187 287 1.035040
188 189 2.125800
188 198 -0.309336
188 288 0.308782
189 180 -0.985415
189 199 0.668677
189 289 1.361287
190 191 -2.377761
190 100 -1.769448
190 290 1.404466
191 192 0.159821
191 101 -0.859421
191 291 -2.095174
192 193 -0.654832
192 102 0.794901
192 292 -0.430053
193 194 0.599059
193 103 -1.630909
193 293 0.053191
194 195 -0.149723
194 104 0.518738
194 294 0.902236
195 196 1.822706
195 105 -0.396790
195 295 0.980928
196 197 1.755639
196 106 -0.012093
196 296 -0.975231
197 198 2.189296
197 107 -0.864189
197 297 0.044059
198 199 -0.861021
198 108 -0.670041
198 298 -2.142561
199 190 -0.220474
199 109 0.196859
199 299 0.377200
200 201 -0.637470
200 210 -0.975120
200 300 0.788243
201 202 1.633084
201 211 -1.005666
201 301 0.525347
202 203 -1.216640
202 212 0.282170
202 302 -1.812310
203 204 0.332715
203 213 -0.108601
203 303 0.244761
204 205 0.734189
204 214 0.936713
204 304 -0.615979
205 206 -0.360382
205 215 -0.871524
205 305 0.113854
206 207 -0.240854
206 216 1.813232
206 306 -1.196932
207 208 -0.379108
207 217 0.358767
207 307 0.744985
208 209 -0.212605
208 218 -0.136099
208 308 1.395516
209 200 0.462589
209 219 1.123027
209 309 -0.104828
210 211 -2.097462
210 220 0.596940
210 310 1.166419
211 212 -0.282038
211 221 -1.429722
211 311 -0.720230
212 213 -1.301992
212 222 -1.203198
212 312 -0.454388
213 214 1.752321
213 223 -1.704041
213 313 -0.878338
214 215 0.147217
214 224 -0.333339
214 314 -1.296087
215 216 0.895042
215 225 1.670471
215 315 -0.141527
216 217 0.218981
216 226 -0.983112
216 316 -0.585608
217 218 -0.000697
217 227 0.517759
217 317 0.619714
218 219 0.716617
218 228 0.385225
218 318 -0.779870
219 210 0.787726
219 229 -0.767461
219 319 -0.559453
220 221 0.939810
220 230 -1.090683
220 320 -0.874762
221 222 -0.210697
221 231 2.289796
221 321 -1.277005
222 223 1.815233
222 232 1.021235
222 322 0.074887
223 224 -0.517141
223 233 0.374617
223 323 -1.003467
224 225 0.152526
224 234 0.458021
224 324 0.252198
225 226 0.028277
225 235 1.288668
225 325 1.348500
226 227 1.347464
226 236 0.168066
226 326 -0.792746
227 228 -1.718499
227 237 1.023071
227 327 -0.138396
228 229 -0.935157
228 238 -0.900961
228 328 -0.024380
229 220 -1.228657
229 239 -0.399058
229 329 -0.748370
230 231 -0.107415
230 240 1.604835
230 330 -0.431510
231 232 -1.444432
231 241 -1.112001
231 331 2.116556
232 233 0.057185
232 242 1.394985
232 332 -0.210870
233 234 0.054722
233 243 -0.989982
233 333 0.391121
234 235 -0.638270
234 244 -0.273566
234 334 2.207097
235 236 -1.126831
235 245 0.186155
235 335 1.205209
236 237 -0.764589
236 246 -1.353773
236 336 1.695719
237 238 -0.981880
237 247 0.140632
237 337 -0.141741
238 239 -0.878779
238 248 -1.573049
238 338 1.488880
239 230 -0.436331
239 249 -0.163394
239 339 1.289173
240 241 0.815127
240 250 0.433840
240 340 -0.211314
241 242 0.972456
241 251 0.260543
241 341 -0.003561
242 243 -0.869776
242 252 -0.808251
242 342 -0.434782
243 244 -1.072380
243 253 0.593893
243 343 -0.238529
244 245 -0.383799
244 254 -1.573050
244 344 -0.454543
245 246 -0.080929
245 255 -0.519606
245 345 -1.842488
246 247 -0.408421
246 256 -0.153461
246 346 -0.234352
247 248 0.714094
247 257 -1.210335
247 347 -0.041761
248 249 0.687868
248 258 0.716337
248 348 0.846225
249 240 0.186863
249 259 0.147167
249 349 -0.525244
250 251 1.065620
250 260 0.419502
250 350 1.209217
251 252 2.621096
251 261 0.438241
251 351 -2.983820
252 253 0.406694
252 262 -1.245283
252 352 0.418203
253 254 0.921885
253 263 -1.390944
253 353 -3.140413
254 255 1.661326
254 264 -0.507707
254 354 -0.349964
255 256 1.057300
255 265 -0.320511
255 355 -1.301594
256 257 -1.256814
256 266 -1.048654
256 356 -0.715261
257 258 -0.003656
257 267 -0.712634
257 357 0.107959
258 259 1.073104
258 268 -0.421393
258 358 -1.474986
259 250 -0.907399
259 269 -1.854982
259 359 0.820429
260 261 -0.025797
260 270 -0.789222
260 360 1.724859
261 262 -0.247496
261 271 0.827008
261 361 -1.817357
262 263 -0.204938
262 272 1.128616
262 362 0.427911
263 264 0.491232
263 273 2.066393
263 363 -0.849781
264 265 -1.468124
264 274 1.905952
264 364 0.435123
265 266 -1.851952
265 275 1.658342
265 365 -1.749567
266 267 -0.024014
266 276 -0.704605
266 366 3.003681
267 268 0.381841
267 277 0.826668
267 367 -1.242526
268 269 -0.232178
268 278 0.849127
268 368 2.766328
269 260 -1.088400
269 279 -0.821408
269 369 -2.009433
270 271 -0.299071
270 280 -0.091716
270 370 0.516426
271 272 1.073467
271 281 0.283431
271 371 -2.670936
272 273 -0.132530
272 282 -0.839148
272 372 -0.971621
273 274 -1.063862
273 283 0.055180
273 373 0.325444
274 275 -0.543566
274 284 -0.356309
274 374 -0.935197
275 276 0.542251
275 285 -1.072468
275 375 1.377722
276 277 -1.192537
276 286 -0.628004
276 376 -0.597164
277 278 -1.282934
277 287 -0.480656
277 377 0.247315
278 279 1.128375
278 288 -0.526580
278 378 1.260523
279 270 -1.016932
279 289 1.400316
279 379 0.152618
280 281 2.658848
280 290 -0.722336
280 380 1.378729
281 282 0.401057
281 291 -0.726310
281 381 -1.006354
282 283 -1.774479
282 292 0.295966
282 382 -0.202116
283 284 1.475418
283 293 -0.540682
283 383 0.612653
284 285 0.798551
284 294 -1.500208
284 384 -1.132892
285 286 0.670209
285 295 -0.083473
285 385 0.030260
286 287 -0.001317
286 296 -0.140190
286 386 1.500796
287 288 -1.337628
287 297 -1.106474
287 387 -1.112749
288 289 0.230269
288 298 1.252429
288 388 0.642979
289 280 -1.407804
289 299 0.586665
289 389 -1.265614
290 291 -1.241933
290 200 0.254034
290 390 -0.757367
291 292 -0.962798
291 201 0.073690
291 391 -0.304863
292 293 -0.027359
292 202 0.198472
292 392 -1.092530
293 294 0.945520
293 203 -0.035246
293 393 -1.274782
294 295 -0.479186
294 204 -0.667463
294 394 -0.908684
295 296 0.631723
295 205 -1.513615
295 395 -0.035107
296 297 -1.163593
296 206 0.619553
296 396 -1.653570
297 298 -0.250353
297 207 1.123093
297 397 0.157518
298 299 1.517647
298 208 -0.779793
298 398 0.632697
299 290 -0.993760
299 209 0.201405
299 399 -1.119877
300 301 0.012152
300 310 0.190748
300 400 -1.050642
301 302 0.720080
301 311 0.711444
301 401 0.814650
302 303 -0.179604
302 312 0.851012
302 402 -0.186928
303 304 -0.118724
303 313 0.126552
303 403 0.140733
304 305 -0.914821
304 314 -0.044156
304 404 0.344169
305 306 1.520868
305 315 -0.778575
305 405 0.994450
306 307 0.554352
306 316 -0.263862
306 406 0.860689
307 308 0.536758
307 317 -0.465950
307 407 1.337581
308 309 0.698495
308 318 -0.275028
308 408 2.001471
309 300 0.569581
309 319 -0.182836
309 409 0.996460
310 311 0.597661
310 320 -0.114047
310 410 3.862846
311 312 -1.216954
311 321 -1.506765
311 411 0.505267
312 313 -0.682331
312 322 -0.152670
312 412 -1.641380
313 314 0.763805
313 323 0.964448
313 413 -0.641227
314 315 1.010141
314 324 -1.963516
314 414 -0.760305
315 316 -0.035273
315 325 -1.569802
315 415 -0.416530
316 317 1.624024
316 326 -0.186571
316 416 -0.403028
317 318 0.425148
317 327 -0.729950
317 417 -0.640420
318 319 -0.596153
318 328 -0.458587
318 418 -1.173635
319 310 0.027307
319 329 0.858720
319 419 0.604272
320 321 1.935183
320 330 0.082347
320 420 0.385065
321 322 -1.223561
321 331 -0.779082
321 421 1.111943
322 323 1.347327
322 332 -1.423820
322 422 -0.155440
323 324 0.232620
323 333 -0.967983
323 423 -0.479527
324 325 -1.185636
324 334 -0.800228
324 424 -0.900164
325 326 0.683726
325 335 -1.267062
325 425 -0.018997
326 327 -0.662386
326 336 0.799409
326 426 -0.418792
327 328 -0.765065
327 337 -0.527767
327 427 -1.622359
328 329 -0.157558
328 338 0.818324
328 428 0.407491
329 320 -0.239263
329 339 0.598548
329 429 -0.538496
330 331 -0.408045
330 340 0.224353
330 430 1.846414
331 332 -1.497563
331 341 0.321374
331 431 1.136273
332 333 2.040785
332 342 0.891261
332 432 -2.317571
333 334 -0.684510
333 343 2.636961
333 433 -0.482171
334 335 0.345319
334 344 -0.845479
334 434 -0.066517
335 336 -0.475830
335 345 -0.456875
335 435 -0.423548
336 337 -0.338310
336 346 -0.031981
336 436 0.203214
337 338 1.261217
337 347 -1.614105
337 437 0.489483
338 339 0.389122
338 348 -1.144248
338 438 0.151991
339 330 -0.168809
339 349 0.834599
339 439 1.654063
340 341 -0.143415
340 350 -0.167710
340 440 2.311937
341 342 -2.030988
341 351 -0.459328
341 441 -0.873335
342 343 -0.295681
342 352 -1.184652
342 442 0.019999
343 344 -1.463945
343 353 -0.246552
343 443 0.543611
344 345 -0.191603
344 354 1.733795
344 444 2.116875
345 346 0.323191
345 355 -0.021382
345 445 -0.254562
346 347 -0.905302
346 356 -1.338649
346 446 -0.544807
347 348 -0.254756
347 357 0.495817
347 447 -0.720882
348 349 -0.482735
348 358 -0.004439
348 448 0.599359
349 340 1.265695
349 359 -0.146223
349 449 0.636081
350 351 -0.157416
350 360 -0.759018
350 450 -0.316949
351 352 0.374107
351 361 -0.095464
351 451 1.629353
352 353 -1.845444
352 362 -0.722135
352 452 1.248063
353 354 0.574155
353 363 0.279095
353 453 1.269436
354 355 0.920788
354 364 1.412215
354 454 -2.392492
355 356 0.539494
355 365 0.285859
355 455 -0.673172
356 357 1.407950
356 366 2.198411
356 456 -1.196313
357 358 -1.080364
357 367 0.446199
357 457 1.611541
358 359 1.413876
358 368 0.866404
358 458 0.775232
359 350 -0.344036
359 369 -1.178450
359 459 -0.718903
360 361 -1.002461
360 370 0.343800
360 460 -1.456883
361 362 -0.006627
361 371 -2.064893
361 461 0.869977
362 363 1.748535
362 372 0.421351
362 462 0.447158
363 364 0.864882
363 373 -0.478794
363 463 0.340159
364 365 -1.617324
364 374 0.479377
364 464 -0.867650
365 366 -0.688221
365 375 0.298667
365 465 -0.045111
366 367 -0.826014
366 376 -0.473534
366 466 0.129144
367 368 0.000369
367 377 0.328820
367 467 0.575224
368 369 1.328812
368 378 -0.531398
368 468 1.093063
369 360 0.573584
369 379 -0.418526
369 469 1.293224
370 371 0.873445
370 380 -0.434107
370 470 -1.049078
371 372 0.346851
371 381 0.985759
371 471 -0.447501
372 373 -1.291433
372 382 -0.540382
372 472 0.376983
373 374 0.256748
373 383 0.729142
373 473 0.435916
374 375 0.545442
374 384 1.116828
374 474 -0.647097
375 376 1.037025
375 385 0.061217
375 475 -0.420513
376 377 -0.650046
376 386 1.248743
376 476 -0.299861
377 378 -0.516893
377 387 -0.174784
377 477 0.249247
378 379 -1.864152
378 388 -0.685734
378 478 -0.878709
379 370 -1.790513
379 389 -1.746488
379 479 -0.258731
380 381 -1.351702
380 390 -0.039238
380 480 1.884067
381 382 1.068322
381 391 -0.570559
381 481 -0.276871
382 383 -0.569813
382 392 2.473886
382 482 -0.123105
383 384 -0.932902
383 393 -1.599401
383 483 -0.151415
384 385 -1.017321
384 394 0.136580
384 484 -0.738784
385 386 -0.589662
385 395 -0.265745
385 485 0.334137
386 387 2.032867
386 396 -0.600931
386 486 0.931055
387 388 -0.421704
387 397 0.063552
387 487 -0.489458
388 389 2.262642
388 398 -0.869552
388 488 1.085093
389 380 2.464557
389 399 -0.395344
389 489 -1.155553
390 391 0.319107
390 300 -2.097054
390 490 1.011837
391 392 1.599321
391 301 -0.031998
391 491 1.233417
392 393 -1.342822
392 302 1.048866
392 492 0.188422
393 394 -0.780298
393 303 -0.214577
393 493 -3.290303
394 395 -0.404985
394 304 0.465030
394 494 -1.027508
395 396 1.189480
395 305 -1.489803
395 495 -0.678807
396 397 -1.450533
396 306 -1.305330
396 496 -0.208732
397 398 1.248337
397 307 -1.040139
397 497 -1.293859
398 399 -0.815912
398 308 -1.299156
398 498 -2.751907
399 390 0.336912
399 309 -0.024321
399 499 0.721170
400 401 -1.251755
400 410 -0.559675
400 500 0.028233
401 402 -0.635507
401 411 -0.405764
401 501 -0.550803
402 403 -0.038617
402 412 0.625740
402 502 -0.492921
403 404 1.258092
403 413 -0.282314
403 503 -1.394475
404 405 1.059763
404 414 0.381789
404 504 0.682677
405 406 -0.074868
405 415 0.438256
405 505 -0.391461
406 407 -0.035977
406 416 -0.044379
406 506 -0.833889
407 408 0.078696
407 417 1.875024
407 507 -1.585601
408 409 -0.702971
408 418 0.396433
408 508 -1.035545
409 400 -1.030087
409 419 0.847214
409 509 -1.369756
410 411 1.432666
410 420 -0.540592
410 510 -0.381463
411 412 -0.715801
411 421 -0.839161
411 511 -0.243556
412 413 -1.480609
412 422 -0.369930
412 512 0.698087
413 414 -0.771284
413 423 -0.841553
413 513 0.839106
414 415 -0.133933
414 424 -0.121227
414 514 -0.750745
415 416 -0.300571
415 425 0.492566
415 515 1.761882
416 417 -0.427083
416 426 0.705701
416 516 -0.168457
417 418 0.461327
417 427 1.813012
417 517 -0.442238
418 419 -0.302749
418 428 -1.175621
418 518 1.654625
419 410 0.432681
419 429 1.979887
419 519 0.367217
420 421 0.292879
420 430 -0.337916
420 520 1.002825
421 422 0.005589
421 431 1.373103
421 521 -0.717463
422 423 -0.496973
422 432 -0.471404
422 522 -0.123908
423 424 0.661352
423 433 1.207275
423 523 1.589273
424 425 0.137306
424 434 0.019664
424 524 -0.292631
425 426 -1.011340
425 435 0.136530
425 525 -1.029779
426 427 -0.302041
426 436 -0.512793
426 526 -0.641097
427 428 -0.435532
427 437 -0.111337
427 527 -0.952688
428 429 0.760580
428 438 0.026612
428 528 1.029213
429 420 0.227512
429 439 -1.213376
429 529 1.105391
430 431 -0.658698
430 440 0.506636
430 530 -1.273126
431 432 -1.154148
431 441 -0.340019
431 531 -0.285826
432 433 1.566214
432 442 0.183527
432 532 -1.631876
433 434 0.785838
433 443 0.250883
433 533 0.917480
434 435 -0.496567
434 444 1.077337
434 534 -0.427987
435 436 -0.164029
435 445 -0.005978
435 535 -1.250880
436 437 -0.192921
436 446 0.989164
436 536 -1.273815
437 438 0.726316
437 447 1.319928
437 537 0.525440
438 439 -1.809497
438 448 1.826175
438 538 -0.900125
439 430 0.230648
439 449 -0.021923
439 539 -0.980995
440 441 -0.212863
440 450 0.428884
440 540 0.640995
441 442 0.283305
441 451 1.040534
441 541 -1.845343
442 443 0.586443
442 452 -1.686358
442 542 -0.593571
443 444 -1.614389
443 453 0.162626
443 543 2.133373
444 445 -0.493079
444 454 1.022399
444 544 -0.969545
445 446 -0.102195
445 455 -1.346742
445 545 0.691802
446 447 0.472721
446 456 2.269054
446 546 0.293454
447 448 0.568138
447 457 -0.341888
447 547 -0.964352
448 449 -0.615232
448 458 0.521546
448 548 -1.230100
449 440 -0.028086
449 459 -0.045566
449 549 0.526000
450 451 -0.465457
450 460 -1.509086
450 550 -0.727595
451 452 0.372036
451 461 0.075162
451 551 0.941175
452 453 -0.249962
452 462 -0.950958
452 552 0.270153
453 454 -1.825553
453 463 -1.192371
453 553 -0.090481
454 455 -0.858099
454 464 0.448996
454 554 -0.676384
455 456 0.050340
455 465 -0.372935
455 555 0.967703
456 457 0.803042
456 466 0.009262
456 556 -2.316654
457 458 0.537118
457 467 0.676971
457 557 1.047444
458 459 -0.149189
458 468 0.028012
458 558 0.690844
459 450 -0.650006
459 469 0.102456
459 559 -0.190582
460 461 -0.246102
460 470 0.387511
460 560 -0.921857
461 462 0.683054
461 471 0.045266
461 561 1.290585
462 463 -0.897822
462 472 0.353557
462 562 -1.626918
463 464 0.143154
463 473 1.036105
463 563 -1.102999
464 465 0.945699
464 474 0.977905
464 564 -0.421839
465 466 0.431826
465 475 -0.608045
465 565 -1.636004
466 467 0.695924
466 476 0.613656
466 566 0.496393
467 468 0.449448
467 477 0.418811
467 567 -0.303320
468 469 -0.685535
468 478 -0.503880
468 568 -0.714964
469 460 0.247745
469 479 0.096604
469 569 0.171746
470 471 1.754488
470 480 0.885020
470 570 1.260247
471 472 1.040804
471 481 0.208237
471 571 1.062102
472 473 -0.879077
472 482 1.734533
472 572 -0.566247
473 474 -0.099774
473 483 -0.189144
473 573 0.900096
474 475 -0.579138
474 484 0.544386
474 574 -1.241707
475 476 0.247068
475 485 -1.489877
475 575 1.689257
476 477 -0.189388
476 486 -1.254411
476 576 -0.799465
477 478 -0.728561
477 487 0.205755
477 577 -1.459892
478 479 1.249010
478 488 -1.626093
478 578 -0.595316
479 470 0.271536
479 489 1.012672
479 579 -0.193788
480 481 2.137404
480 490 -0.109859
480 580 1.320063
481 482 -0.983597
481 491 -0.925338
481 581 0.337306
482 483 0.977338
482 492 1.062403
482 582 -0.749702
483 484 -1.397815
483 493 -0.807440
483 583 -1.292339
484 485 1.169243
484 494 -0.711888
484 584 0.212353
485 486 0.207766
485 495 0.451457
485 585 -0.689557
486 487 0.980873
486 496 0.404118
486 586 1.076899
487 488 0.687053
487 497 -0.283182
487 587 0.355500
488 489 0.265006
488 498 -0.174784
488 588 -0.203206
489 480 0.980399
489 499 -2.010694
489 589 1.056313
490 491 0.312546
490 400 -0.243648
490 590 -1.438601
491 492 -1.108449
491 401 -0.593100
491 591 0.053520
492 493 -0.502562
492 402 0.110157
492 592 0.491832
493 494 -0.403538
493 403 -0.207510
493 593 -0.928056
494 495 -0.182969
494 404 -1.646979
494 594 -1.060803
495 496 1.805286
495 405 0.822037
495 595 -0.614654
496 497 -1.847903
496 406 -0.966896
496 596 1.424713
497 498 0.040460
497 407 -0.543602
497 597 0.086243
498 499 0.446423
498 408 -0.301025
498 598 -0.230202
499 490 0.061153
499 409 0.611103
499 599 -1.393663
500 501 -0.002487
500 510 -0.872221
500 600 -0.352562
501 502 -0.708708
501 511 0.649765
501 601 -0.561040
502 503 -0.316598
502 512 0.219229
502 602 0.587624
503 504 -1.411311
503 513 -0.567726
503 603 0.000199
504 505 -0.674928
504 514 -0.099376
504 604 -1.269985
505 506 -0.051769
505 515 -1.725973
505 605 -1.239958
506 507 1.469632
506 516 0.339759
506 606 0.332287
507 508 -1.287992
507 517 1.537262
507 607 0.811055
508 509 0.520844
508 518 0.778979
508 608 -0.043632
509 500 1.506329
509 519 -0.807970
509 609 0.508036
510 511 -2.407061
510 520 0.370413
510 610 -0.998624
511 512 1.276352
511 521 -1.005614
511 611 0.595507
512 513 1.542899
512 522 -0.493988
512 612 -1.842874
513 514 1.320446
513 523 0.469847
513 613 0.321382
514 515 0.263861
514 524 1.021056
514 614 -0.135248
515 516 -0.828747
515 525 -1.328416
515 615 -0.780916
516 517 1.865545
516 526 1.300774
516 616 1.129173
517 518 1.800849
517 527 -1.385519
517 617 -0.571807
518 519 0.719076
518 528 0.507526
518 618 -1.925868
519 510 -1.051783
519 529 -2.472251
519 619 0.577292
520 521 -1.134859
520 530 -0.418752
520 620 0.350248
521 522 0.924989
521 531 0.506506
521 621 0.414329
522 523 2.515545
522 532 1.153115
522 622 -0.424152
523 524 -0.234182
523 533 -0.273924
523 623 -0.827193
524 525 -1.169721
524 534 0.581837
524 624 0.429700
525 526 1.920377
525 535 -0.748353
525 625 0.018549
526 527 -0.353910
526 536 0.142085
526 626 -0.984864
527 528 -0.763967
527 537 -2.950056
527 627 1.217471
528 529 0.408910
528 538 1.514337
528 628 1.240353
529 520 2.724222
529 539 -0.816684
529 629 -0.694773
530 531 -0.857496
530 540 -0.778568
530 630 -0.966416
531 532 -0.315929
531 541 1.267080
531 631 -0.184720
532 533 1.474948
532 542 -1.216608
532 632 -0.543444
533 534 -1.703994
533 543 -0.369252
533 633 0.018964
534 535 0.353065
534 544 1.053685
534 634 0.662723
535 536 0.664386
535 545 -1.673760
535 635 0.062087
536 537 0.037046
536 546 -0.151783
536 636 1.611465
537 538 -1.731373
537 547 -0.634899
537 637 -0.178883
538 539 -0.091638
538 548 1.232207
538 638 0.406638
539 530 0.819942
539 549 -1.430030
539 639 0.479059
540 541 1.910230
540 550 0.585511
540 640 0.397834
541 542 -1.465628
541 551 0.604478
541 641 -1.084883
542 543 -0.079058
542 552 -0.315653
542 642 -0.113175
543 544 -0.150946
543 553 -1.093848
543 643 0.062046
544 545 0.167513
544 554 1.081800
544 644 1.208718
545 546 0.818258
545 555 0.203304
545 645 -0.886553
546 547 0.015018
546 556 2.490393
546 646 -1.072597
547 548 0.621766
547 557 -0.404205
547 647 0.316240
548 549 0.053395
548 558 -0.106856
548 648 -0.980148
549 540 0.026393
549 559 -0.124125
549 649 2.437729
550 551 0.179123
550 560 -0.946927
550 650 0.193859
551 552 1.178221
551 561 0.874141
551 651 0.142604
552 553 1.591709
552 562 0.961899
552 652 -1.795407
553 554 -1.477392
553 563 -0.426567
553 653 -0.686239
554 555 -1.067534
554 564 -1.899740
554 654 -1.369794
555 556 0.572225
555 565 -1.511698
555 655 1.279129
556 557 -0.512811
556 566 0.583078
556 656 -2.627638
557 558 -0.868441
557 567 0.498858
557 657 0.473393
558 559 -0.826380
558 568 0.088971
558 658 0.082109
559 550 0.364627
559 569 -0.118202
559 659 0.029567
560 561 -1.162824
560 570 -0.796466
560 660 -0.408515
561 562 -1.357078
561 571 -1.174340
561 661 -1.361570
562 563 -0.887826
562 572 -0.273490
562 662 0.601547
563 564 0.023441
563 573 -1.576501
563 663 1.160175
564 565 -0.317934
564 574 -0.955218
564 664 -0.167579
565 566 0.502382
565 575 0.786138
565 665 -0.058853
566 567 0.328663
566 576 -1.127017
566 666 0.163956
567 568 -0.067579
567 577 1.598617
567 667 1.895263
568 569 -0.793457
568 578 0.737840
568 668 0.655966
569 560 -0.533775
569 579 0.816748
569 669 -2.084742
570 571 0.317523
570 580 0.829409
570 670 -0.953812
571 572 -0.403328
571 581 -0.096887
571 671 1.101580
572 573 -0.061889
572 582 -0.436956
572 672 1.326986
573 574 -0.477924
573 583 -0.234430
573 673 0.510221
574 575 -0.872163
574 584 0.836393
574 674 0.130975
575 576 -1.985234
575 585 -0.337985
575 675 0.385162
576 577 0.367250
576 586 -0.083534
576 676 -0.177247
577 578 -0.330466
577 587 0.756762
577 677 -1.305267
578 579 -0.217584
578 588 -1.915622
578 678 -0.510283
579 570 0.264850
579 589 -0.875726
579 679 -0.938767
580 581 -0.420854
580 590 -1.225496
580 680 -0.560148
581 582 0.858457
581 591 0.327242
581 681 -0.237326
582 583 1.943933
582 592 0.716759
582 682 1.586935
583 584 -0.289507
583 593 0.049941
583 683 0.320859
584 585 -0.507992
584 594 0.554748
584 684 0.206349
585 586 -0.549853
585 595 0.978316
585 685 1.473987
586 587 -1.178580
586 596 0.991119
586 686 -0.328456
587 588 -0.189521
587 597 0.396895
587 687 0.588015
588 589 -1.011416
588 598 0.494002
588 688 0.458554
589 580 -0.401397
589 599 2.198369
589 689 -1.016081
590 591 -1.810017
590 500 -0.918932
590 690 -1.277646
591 592 2.800456
591 501 -1.049874
591 691 1.073125
592 593 1.240368
592 502 -1.500197
592 692 0.552759
593 594 -1.041564
593 503 0.486678
593 693 -1.049766
594 595 0.007987
594 504 -1.502722
594 694 -0.720368
595 596 -0.261793
595 505 -2.328115
595 695 -0.977170
596 597 0.185792
596 506 0.082677
596 696 0.728744
597 598 -0.393192
597 507 0.182467
597 697 -1.338890
598 599 0.883982
598 508 -0.386162
598 698 0.874594
599 590 0.547918
599 509 -0.699063
599 699 -2.509700
600 601 -3.174950
600 610 -0.239198
600 700 -0.236078
601 602 -0.490883
601 611 -0.035309
601 701 0.295477
602 603 -0.556612
602 612 1.065053
602 702 -1.073071
603 604 1.133418
603 613 0.170023
603 703 0.458544
604 605 0.530455
604 614 1.077756
604 704 -1.491314
605 606 -0.253833
605 615 1.676530
605 705 -0.622287
606 607 2.282108
606 616 -0.352745
606 706 0.592937
607 608 0.531542
607 617 -0.658921
607 707 0.885692
608 609 1.006429
608 618 0.625599
608 708 0.895605
609 600 -0.251860
609 619 -0.783521
609 709 0.493609
610 611 0.005314
610 620 0.213435
610 710 -1.911468
611 612 -1.318269
611 621 -0.266697
611 711 1.191450
612 613 -1.346033
612 622 -0.051323
612 712 0.845490
613 614 -0.980315
613 623 -2.066753
613 713 -0.135746
614 615 1.300045
614 624 0.944874
614 714 1.514489
615 616 -2.626175
615 625 -0.273695
615 715 0.924374
616 617 1.110344
616 626 -1.148104
616 716 -1.083683
617 618 -0.941741
617 627 1.028002
617 717 0.841732
618 619 0.324911
618 628 -1.738710
618 718 0.521869
619 610 -0.725208
619 629 -1.870370
619 719 1.384478
620 621 -1.582610
620 630 -0.802327
620 720 -2.287393
621 622 -1.025645
621 631 -1.324291
621 721 0.746912
622 623 0.744723
622 632 1.501999
622 722 1.107315
623 624 1.210235
623 633 -0.696574
623 723 1.534543
624 625 1.063831
624 634 -0.309490
624 724 -2.183883
625 626 -0.414368
625 635 -0.213906
625 725 0.154371
626 627 1.501159
626 636 0.105088
626 726 -1.040382
627 628 -1.359773
627 637 -1.612925
627 727 0.057959
628 629 1.497844
628 638 1.935999
628 728 0.784313
629 620 -1.160554
629 639 -0.141033
629 729 -0.052775
630 631 -0.269462
630 640 -0.133252
630 730 0.781686
631 632 -0.047364
631 641 1.669434
631 731 -0.630147
632 633 -0.342758
632 642 1.941851
632 732 0.481119
633 634 1.330056
633 643 -1.072059
633 733 1.149748
634 635 -1.382180
634 644 -1.011873
634 734 -0.980745
635 636 0.878473
635 645 1.289226
635 735 -1.146155
636 637 -1.539547
636 646 0.917611
636 736 0.451813
637 638 -0.405462
637 647 0.743448
637 737 1.989988
638 639 2.408392
638 648 -0.361468
638 738 1.431002
639 630 -2.214318
639 649 -1.949020
639 739 0.027802
640 641 -1.460336
640 650 -0.462865
640 740 -2.161874
641 642 0.347668
641 651 -2.216726
641 741 1.010267
642 643 0.795787
642 652 -1.477103
642 742 0.487300
643 644 0.338697
643 653 -1.308858
643 743 1.897509
644 645 -0.983610
644 654 -0.479043
644 744 0.092640
645 646 -0.530933
645 655 -0.658813
645 745 0.478886
646 647 -0.789670
646 656 0.148911
646 746 -0.514124
647 648 -0.148198
647 657 1.633858
647 747 -0.245268
648 649 0.494467
648 658 -0.346605
648 748 1.383188
649 640 1.497582
649 659 0.619925
649 749 0.167057
650 651 0.480314
650 660 1.174207
650 750 -0.906177
651 652 -0.717500
651 661 -0.159342
651 751 -0.686497
652 653 0.329452
652 662 -0.803384
652 752 0.631279
653 654 -1.106915
653 663 0.019360
653 753 0.490340
654 655 -0.658874
654 664 -0.832746
654 754 1.640626
655 656 -1.472321
655 665 0.263707
655 755 -1.929506
656 657 0.819220
656 666 -2.164129
656 756 1.872308
657 658 -0.788249
657 667 -0.023753
657 757 0.159555
658 659 1.584091
658 668 -0.408365
658 758 0.200869
659 650 0.364203
659 669 0.214868
659 759 0.477837
660 661 -1.993841
660 670 1.458503
660 760 0.420870
661 662 0.765614
661 671 0.288869
661 761 -0.137376
662 663 -1.084995
662 672 0.529884
662 762 0.511740
663 664 0.289758
663 673 -0.739089
663 763 -1.159436
664 665 0.427300
664 674 -0.377998
664 764 -0.783035
665 666 -0.522061
665 675 0.769724
665 765 0.772246
666 667 2.114211
666 676 1.087229
666 766 1.494311
667 668 -1.473665
667 677 -0.301785
667 767 0.739751
668 669 -0.034021
668 678 0.405059
668 768 2.733693
669 660 -0.646730
669 679 -0.029022
669 769 -0.325768
670 671 -1.271850
670 680 -0.565880
670 770 -0.546834
671 672 -1.542359
671 681 1.495061
671 771 -1.594995
672 673 -0.274870
672 682 1.254373
672 772 1.389812
673 674 1.387118
673 683 -0.035776
673 773 0.319544
674 675 -1.215222
674 684 -0.078094
674 774 1.042419
675 676 -2.277979
675 685 1.684359
675 775 -2.210331
676 677 -0.228695
676 686 0.734936
676 776 1.121257
677 678 1.212065
677 687 0.325387
677 777 -0.888074
678 679 -1.464271
678 688 0.120902
678 778 0.925804
679 670 1.013442
679 689 -0.184773
679 779 0.953955
680 681 -0.241772
680 690 -1.231182
680 780 0.384895
681 682 0.484357
681 691 -1.170321
681 781 -0.722108
682 683 1.041962
682 692 0.582640
682 782 0.214814
683 684 -0.375388
683 693 -0.314968
683 783 0.320184
684 685 -1.012596
684 694 0.906003
684 784 0.883049
685 686 1.086912
685 695 -0.288886
685 785 0.633216
686 687 -1.690901
686 696 -0.555215
686 786 -0.893469
687 688 -1.041920
687 697 -0.213983
687 787 0.482852
688 689 -0.547935
688 698 -0.181600
688 788 1.172177
689 680 1.020950
689 699 -0.071242
689 789 -0.091356
690 691 -0.650549
690 600 0.387261
690 790 0.883466
691 692 0.587673
691 601 -0.578487
691 791 -0.810560
692 693 0.055770
692 602 -0.826742
692 792 1.750771
693 694 0.392399
693 603 1.927883
693 793 0.069790
694 695 1.148062
694 604 -0.957325
694 794 -1.358542
695 696 0.333469
695 605 -0.130812
695 795 0.516674
696 697 0.629402
696 606 1.892963
696 796 -1.288801
697 698 -0.579257
697 607 0.068688
697 797 -0.882420
698 699 0.626295
698 608 -0.574720
698 798 1.477189
699 690 1.826581
699 609 -0.196724
699 799 -1.196104
700 701 -0.280503
700 710 0.550997
700 800 0.410393
701 702 -0.317292
701 711 -0.447408
701 801 0.820392
702 703 1.235489
702 712 -0.585990
702 802 0.289491
703 704 -0.288765
703 713 -0.121999
703 803 -0.660594
704 705 0.001983
704 714 1.387805
704 804 -0.623499
705 706 1.645935
705 715 -0.519706
705 805 -0.243471
706 707 -0.608421
706 716 0.207284
706 806 -1.325955
707 708 0.462126
707 717 -0.066911
707 807 0.154530
708 709 -1.362100
708 718 1.107826
708 808 0.293201
709 700 0.439881
709 719 1.173479
709 809 0.290492
710 711 -1.331105
710 720 -1.288586
710 810 -0.369031
711 712 0.806548
711 721 0.374217
711 811 0.752020
712 713 0.323705
712 722 1.376042
712 812 0.052571
713 714 0.133451
713 723 0.295956
713 813 -0.103128
714 715 -1.344570
714 724 0.778384
714 814 0.110733
715 716 0.741571
715 725 -1.146435
715 815 -0.030409
716 717 0.198887
716 726 0.084834
716 816 0.687814
717 718 -0.490184
717 727 1.608993
717 817 -0.420955
718 719 -0.813148
718 728 -1.602837
718 818 0.216954
719 710 -0.036353
719 729 2.258154
719 819 -0.966001
720 721 -1.326829
720 730 1.079663
720 820 0.504931
721 722 0.844881
721 731 0.210702
721 821 0.880027
722 723 0.201446
722 732 0.110023
722 822 -0.983585
723 724 1.140824
723 733 0.760342
723 823 0.866706
724 725 0.805450
724 734 -0.334639
724 824 -2.477740
725 726 -0.056283
725 735 0.425586
725 825 0.669053
726 727 -0.258351
726 736 -1.429049
726 826 -0.683420
727 728 0.900503
727 737 -0.268627
727 827 -0.996195
728 729 1.258978
728 738 0.076910
728 828 -0.353813
729 720 0.051999
729 739 0.631950
729 829 -1.223520
730 731 0.544519
730 740 0.084562
730 830 0.696652
731 732 0.937917
731 741 -1.593995
731 831 -0.051803
732 733 0.795813
732 742 1.060704
732 832 0.587495
733 734 -0.306363
733 743 0.818999
733 833 0.539831
734 735 -0.892117
734 744 1.441351
734 834 0.470224
735 736 -0.382862
735 745 -1.267877
735 835 -1.704236
736 737 2.025023
736 746 -1.949265
736 836 -0.906442
737 738 -1.180514
737 747 0.119948
737 837 0.562795
738 739 0.199890
738 748 0.592719
738 838 -1.287183
739 730 1.669099
739 749 -0.971718
739 839 -0.201897
740 741 -0.047523
740 750 0.923041
740 840 -0.376151
741 742 -0.581248
741 751 -1.174760
741 841 0.883757
742 743 -1.731217
742 752 -0.168760
742 842 -0.253358
743 744 -1.053738
743 753 0.350080
743 843 -1.097416
744 745 -1.422311
744 754 1.914801
744 844 0.508892
745 746 0.278196
745 755 0.001592
745 845 0.204129
746 747 -0.001390
746 756 0.568627
746 846 0.028763
747 748 -0.130920
747 757 -0.434607
747 847 -0.556109
748 749 -0.754201
748 758 0.137496
748 848 0.810586
749 740 -0.087689
749 759 -1.438677
749 849 -0.521515
750 751 1.869214
750 760 -0.306078
750 850 0.453976
751 752 0.676101
751 761 -0.827856
751 851 1.373722
752 753 -0.743265
752 762 1.318026
752 852 -0.446117
753 754 0.439465
753 763 1.041948
753 853 0.229918
754 755 0.074754
754 764 -0.101426
754 854 0.608144
755 756 -0.404029
755 765 0.523009
755 855 -1.558012
756 757 2.101044
756 766 2.087282
756 856 -2.283338
757 758 1.150879
757 767 -0.263222
757 857 -0.162851
758 759 -0.652816
758 768 -1.120420
758 858 -1.281184
759 750 -0.709862
759 769 2.047529
759 859 0.626953
760 761 -0.048763
760 770 0.934512
760 860 -0.480266
761 762 0.547344
761 771 0.462671
761 861 -1.220577
762 763 -0.414620
762 772 1.175334
762 862 1.272259
763 764 0.149149
763 773 -0.546420
763 863 0.873464
764 765 -0.845625
764 774 0.090314
764 864 0.898845
765 766 -1.657967
765 775 -0.449591
765 865 0.005884
766 767 -1.231004
766 776 2.047414
766 866 0.097527
767 768 -0.831064
767 777 0.556118
767 867 -1.280482
768 769 -1.639207
768 778 -0.724818
768 868 -0.159706
769 760 0.372655
769 779 -0.358162
769 869 -0.431998
770 771 0.738667
770 780 1.020705
770 870 -0.052499
771 772 -1.154040
771 781 0.876014
771 871 0.625527
772 773 -0.599141
772 782 -1.018843
772 872 0.017215
773 774 -1.587137
773 783 0.026468
773 873 -1.326708
774 775 -0.180255
774 784 0.033514
774 874 -0.888794
775 776 -0.975006
775 785 1.713725
775 875 0.257026
776 777 0.071042
776 786 0.483087
776 876 -0.653796
777 778 1.020945
777 787 0.283865
777 877 -0.559136
778 779 -0.263832
778 788 0.203435
778 878 -0.493326
779 770 1.045591
779 789 0.151052
779 879 0.180386
780 781 -2.270900
780 790 -1.501758
780 880 -1.159817
781 782 -0.459571
781 791 1.308925
781 881 1.401565
782 783 -0.989236
782 792 1.781237
782 882 -0.106028
783 784 0.586375
783 793 -0.143540
783 883 0.179898
784 785 -0.373583
784 794 -1.535567
784 884 -0.490722
785 786 0.306274
785 795 0.256501
785 885 0.972160
786 787 -2.077474
786 796 -1.679236
786 886 -0.034324
787 788 0.108401
787 797 -0.427035
787 887 0.316978
788 789 -0.589107
788 798 -1.688782
788 888 0.905649
789 780 -1.119826
789 799 1.163760
789 889 -0.436213
790 791 1.650679
790 700 1.649683
790 890 -1.587891
791 792 -1.863291
791 701 -0.437114
791 891 -1.025722
792 793 0.145628
792 702 -0.101552
792 892 -1.447308
793 794 0.555716
793 703 0.808021
793 893 -0.118020
794 795 -0.114083
794 704 -1.341061
794 894 0.853698
795 796 -0.753634
795 705 -0.751884
795 895 0.604379
796 797 0.437283
796 706 -0.875048
796 896 -1.910805
797 798 -1.286546
797 707 -0.631924
797 897 0.189541
798 799 0.044143
798 708 -2.673902
798 898 -0.746800
799 790 0.530505
799 709 -0.344227
799 899 -1.465797
800 801 -0.504760
800 810 -1.838215
800 900 -0.966766
801 802 0.719237
801 811 0.585129
801 901 0.802028
802 803 -0.450772
802 812 1.284688
802 902 1.504877
803 804 -0.958074
803 813 -0.428032
803 903 0.756107
804 805 0.795667
804 814 0.242037
804 904 -0.450196
805 806 0.722646
805 815 -0.082230
805 905 -0.522160
806 807 0.686759
806 816 1.358853
806 906 0.184186
807 808 -0.147257
807 817 0.308248
807 907 -0.663300
808 809 -0.216526
808 818 0.188673
808 908 0.979679
809 800 2.286099
809 819 0.862090
809 909 0.078249
810 811 0.175854
810 820 -2.971895
810 910 -0.333824
811 812 -0.465114
811 821 -0.935141
811 911 0.514539
812 813 1.239741
812 822 -0.212826
812 912 0.802460
813 814 1.412619
813 823 1.891875
813 913 0.806288
814 815 -0.039071
814 824 -0.583047
814 914 -0.208059
815 816 0.572607
815 825 -0.594494
815 915 -0.489535
816 817 -0.311143
816 826 -0.134921
816 916 -1.143749
817 818 0.469243
817 827 -1.170030
817 917 2.531665
818 819 -1.072266
818 828 0.135486
818 918 -1.513928
819 810 -0.323785
819 829 1.085479
819 919 2.362210
820 821 -1.613329
820 830 -1.200011
820 920 -0.822703
821 822 0.185823
821 831 0.645310
821 921 -0.055877
822 823 0.220714
822 832 0.215456
822 922 -0.997963
823 824 0.167697
823 833 -0.588224
823 923 0.076368
824 825 -1.219434
824 834 -0.224445
824 924 0.148982
825 826 0.855069
825 835 -1.851938
825 925 0.505023
826 827 1.039579
826 836 0.521090
826 926 -0.419948
827 828 -0.489910
827 837 -0.049217
827 927 -0.532093
828 829 0.429999
828 838 0.064447
828 928 0.587624
829 820 -0.663806
829 839 -0.462424
829 929 1.431017
830 831 -1.792322
830 840 0.088736
830 930 1.129914
831 832 1.394125
831 841 1.101653
831 931 -0.302792
832 833 1.085029
832 842 1.167956
832 932 0.214665
833 834 -1.168573
833 843 0.464475
833 933 -0.627349
834 835 -0.665413
834 844 0.214254
834 934 -0.536227
835 836 -0.093314
835 845 -1.559759
835 935 -0.477765
836 837 -0.397717
836 846 -0.688440
836 936 0.517657
837 838 -1.510947
837 847 0.503580
837 937 -0.988782
838 839 0.546815
838 848 0.788556
838 938 1.449754
839 830 -0.025661
839 849 0.552283
839 939 0.994408
840 841 0.174998
840 850 0.048364
840 940 -0.259908
841 842 -1.332263
841 851 1.516635
841 941 0.081201
842 843 -0.150598
842 852 -0.645694
842 942 1.648625
843 844 -0.497292
843 853 0.391653
843 943 -0.878901
844 845 0.321215
844 854 -1.386210
844 944 0.634667
845 846 -1.615241
845 855 0.284171
845 945 -1.317719
846 847 -0.402696
846 856 0.957312
846 946 0.690764
847 848 0.036365
847 857 0.407516
847 947 1.529855
848 849 1.050239
848 858 -1.016504
848 948 0.079386
849 840 0.530408
849 859 0.618170
849 949 -0.492734
850 851 -0.324598
850 860 1.999350
850 950 2.177323
851 852 -0.356880
851 861 1.631055
851 951 -0.209732
852 853 -0.525087
852 862 1.376552
852 952 -0.004651
853 854 1.093095
853 863 0.307748
853 953 0.437175
854 855 0.991459
854 864 -1.704815
854 954 0.363686
855 856 -1.322258
855 865 1.757266
855 955 -2.411882
856 857 -1.117962
856 866 1.652565
856 956 1.219255
857 858 1.205897
857 867 0.868313
857 957 1.704679
858 859 -0.153554
858 868 -0.085176
858 958 0.515024
859 850 -1.837323
859 869 0.042160
859 959 1.044868
860 861 0.693720
860 870 1.496777
860 960 -0.759056
861 862 -0.029836
861 871 0.192303
861 961 -0.165601
862 863 -0.397537
862 872 -0.231310
862 962 -1.431932
863 864 0.433682
863 873 -0.946098
863 963 0.428783
864 865 0.434544
864 874 0.661101
864 964 1.523853
865 866 0.342410
865 875 0.635200
865 965 -0.361737
866 867 -0.171354
866 876 0.281164
866 966 0.378938
867 868 0.395167
867 877 0.324294
867 967 -0.040670
868 869 -1.054954
868 878 -0.911519
868 968 1.326210
869 860 0.052543
869 879 2.850766
869 969 -1.010375
870 871 1.731134
870 880 -1.359644
870 970 1.471032
871 872 0.968306
871 881 -1.123675
871 971 0.613094
872 873 -0.228514
872 882 -2.212380
872 972 -0.156494
873 874 -1.669411
873 883 -1.661111
873 973 2.506891
874 875 0.421233
874 884 -0.589282
874 974 -0.396700
875 876 -0.806389
875 885 0.847142
875 975 0.471937
876 877 0.816991
876 886 1.246293
876 976 -0.046969
877 878 0.394173
877 887 0.075555
877 977 0.137403
878 879 1.717496
878 888 0.652915
878 978 0.289160
879 870 0.218755
879 889 -0.180379
879 979 -0.453093
880 881 1.452769
880 890 0.383857
880 980 -1.367401
881 882 -0.300445
881 891 -2.325083
881 981 -0.213782
882 883 -0.245302
882 892 0.428571
882 982 0.110957
883 884 -0.149021
883 893 -0.693139
883 983 0.347035
884 885 -0.618872
884 894 -0.074689
884 984 1.280022
885 886 0.370001
885 895 -1.136147
885 985 -1.695606
886 887 -0.093418
886 896 0.494773
886 986 1.475194
887 888 1.824761
887 897 -0.145104
887 987 2.482614
888 889 -1.257346
888 898 -0.208417
888 988 2.533919
889 880 -0.753498
889 899 -0.921634
889 989 -0.395589
890 891 -0.149705
890 800 1.170886
890 990 -1.294276
891 892 0.395364
891 801 1.251683
891 991 1.020081
892 893 1.990153
892 802 0.448135
892 992 -2.305406
893 894 0.497314
893 803 -0.221427
893 993 1.509838
894 895 -0.172342
894 804 0.367885
894 994 -1.108139
895 896 0.360974
895 805 0.758401
895 995 0.645655
896 897 1.080151
896 806 0.860979
896 996 0.928828
897 898 0.177939
897 807 -0.239840
897 997 0.801506
898 899 -0.623027
898 808 -1.679078
898 998 -0.843903
899 890 -1.157451
899 809 0.690165
899 999 0.905002
900 901 0.708641
900 910 -0.975700
900 0 -1.133150
901 902 -1.171219
901 911 3.456189
901 1 0.979114
902 903 -0.748308
902 912 -0.501941
902 2 -0.107332
903 904 -0.298987
903 913 -0.405545
903 3 -3.424168
904 905 0.129160
904 914 1.322681
904 4 0.348157
905 906 0.707902
905 915 0.198333
905 5 0.171782
906 907 0.567470
906 916 2.127147
906 6 0.802164
907 908 -0.376710
907 917 0.171224
907 7 1.340613
908 909 0.997415
908 918 0.032710
908 8 1.426499
909 900 -0.168138
909 919 -0.018122
909 9 -0.922910
910 911 -1.511957
910 920 -1.740147
910 10 0.271342
911 912 -1.144780
911 921 0.000519
911 11 -1.550421
912 913 0.116177
912 922 1.516932
912 12 -1.216375
913 914 -0.492928
913 923 -1.856278
913 13 -0.659444
914 915 -0.280530
914 924 -0.727656
914 14 0.580463
915 916 0.761806
915 925 -0.418837
915 15 -1.521025
916 917 0.048198
916 926 0.343208
916 16 1.268181
917 918 -0.984297
917 927 0.357991
917 17 0.788059
918 919 -1.619864
918 928 1.066066
918 18 -1.873389
919 910 0.791025
919 929 0.628126
919 19 1.172363
920 921 0.139603
920 930 -1.476700
920 20 1.645496
921 922 1.526474
921 931 0.205862
921 21 -0.215485
922 923 -0.289552
922 932 -0.374421
922 22 1.323556
923 924 -1.097619
923 933 -1.085182
923 23 0.285739
924 925 0.516152
924 934 1.377081
924 24 -0.495932
925 926 2.460978
925 935 1.687877
925 25 -2.589289
926 927 1.395892
926 936 -0.239495
926 26 -0.798648
927 928 1.805826
927 937 -0.325710
927 27 -1.579078
928 929 0.999336
928 938 0.718521
928 28 -1.250030
929 920 -0.879789
929 939 -1.253068
929 29 1.909360
930 931 0.692511
930 940 0.534019
930 30 -0.526321
931 932 1.398949
931 941 0.013901
931 31 0.586283
932 933 1.553881
932 942 -0.216478
932 32 0.814173
933 934 -0.554606
933 943 0.620144
933 33 1.220868
934 935 0.573821
934 944 0.716209
934 34 0.505368
935 936 0.842713
935 945 -0.036000
935 35 0.251470
936 937 -0.974220
936 946 -0.184008
936 36 0.076880
937 938 0.938060
937 947 1.363745
937 37 0.027383
938 939 -2.001532
938 948 -0.515261
938 38 1.618074
939 930 0.325015
939 949 -0.322799
939 39 -0.977688
940 941 -1.252121
940 950 1.236972
940 40 0.039521
941 942 0.068838
941 951 0.579711
941 41 0.011156
942 943 0.125151
942 952 1.108084
942 42 -0.999078
943 944 -0.156752
943 953 -1.471091
943 43 -0.479218
944 945 -0.070875
944 954 -0.923021
944 44 -0.753732
945 946 -1.948629
945 955 -1.091941
945 45 -1.488057
946 947 0.321736
946 956 -0.236834
946 46 -0.748966
947 948 0.159968
947 957 -0.087396
947 47 0.657374
948 949 1.389555
948 958 -0.417092
948 48 -0.186954
949 940 2.172562
949 959 -1.101804
949 49 -1.907684
950 951 0.150535
950 960 -0.699313
950 50 -0.819085
951 952 -0.636179
951 961 0.063501
951 51 -1.520130
952 953 0.931598
952 962 0.510940
952 52 0.485768
953 954 -0.032103
953 963 1.135120
953 53 0.392537
954 955 -0.494228
954 964 -1.130134
954 54 0.057556
955 956 -1.230460
955 965 -0.329359
955 55 -0.380875
956 957 -0.089746
956 966 0.349225
956 56 0.127170
957 958 -2.068370
957 967 0.711307
957 57 -1.515172
958 959 0.097302
958 968 -0.610367
958 58 0.784956
959 950 0.608235
959 969 -0.980248
959 59 -0.005704
960 961 -1.026033
960 970 -0.413824
960 60 -0.797149
961 962 -0.313932
961 971 0.184583
961 61 0.361225
962 963 -0.061695
962 972 -0.905094
962 62 0.026384
963 964 2.588806
963 973 -0.583346
963 63 -0.616456
964 965 0.671915
964 974 -0.775157
964 64 1.710844
965 966 -0.519857
965 975 1.286656
965 65 -0.929101
966 967 0.019107
966 976 -0.804935
966 66 0.001686
967 968 0.478058
967 977 -0.127106
967 67 0.064881
968 969 -0.773860
968 978 -0.775281
968 68 -0.351912
969 960 0.341635
969 979 -0.452722
969 69 0.672775
970 971 1.302609
970 980 0.037208
970 70 1.333498
971 972 0.841360
971 981 0.130987
971 71 1.029249
972 973 -0.399021
972 982 -0.918362
972 72 -0.764681
973 974 1.258239
973 983 -1.474423
973 73 -0.929953
974 975 0.844519
974 984 1.261735
974 74 0.332647
975 976 -0.038574
975 985 -0.115981
975 75 0.384216
976 977 -1.120388
976 986 0.007050
976 76 1.372897
977 978 -1.324223
977 987 -0.222512
977 77 0.179055
978 979 -0.049905
978 988 -0.931040
978 78 -0.083622
979 970 1.221401
979 989 -0.908490
979 79 1.698547
980 981 -1.232483
980 990 -1.829239
980 80 -1.321356
981 982 1.189103
981 991 0.135401
981 81 -0.190177
982 983 -0.088051
982 992 0.313684
982 82 0.835458
983 984 1.071543
983 993 1.441240
983 83 -0.579570
984 985 1.441153
984 994 0.711234
984 84 0.107688
985 986 1.089719
985 995 0.056005
985 85 0.194313
986 987 -0.706751
986 996 -0.078395
986 86 -0.886093
987 988 -0.203933
987 997 -0.645622
987 87 0.037336
988 989 1.072232
988 998 1.043333
988 88 -0.083006
989 980 0.918910
989 999 0.737268
989 89 -1.924824
990 991 0.286319
990 900 -0.974010
990 90 -1.219277
991 992 2.284254
991 901 0.591517
991 91 -1.345052
992 993 -1.609745
992 902 -0.827736
992 92 0.205429
993 994 -0.090868
993 903 -0.878265
993 93 0.044185
994 995 0.841543
994 904 -0.551230
994 94 0.071201
995 996 0.505444
995 905 -0.713538
995 95 -1.394102
996 997 1.350709
996 906 -2.332205
996 96 -1.515697
997 998 0.809750
997 907 0.697271
997 97 0.558604
998 999 -0.256990
998 908 0.604172
998 98 -0.307820
999 990 1.568120
999 909 0.124833
999 99 -1.118592
