0 1 -0.489681
0 10 0.769253
0 100 -0.980368
1 2 0.028095
1 11 0.570198
1 101 0.441043
2 3 0.848273
2 12 -0.278264
2 102 -0.798406
3 4 0.311114
3 13 -0.349282
3 103 -0.128056
4 5 -0.474795
4 14 -0.854023
4 104 -0.286321
5 6 0.783850
5 15 -0.767044
5 105 0.381042
6 7 -1.706899
6 16 2.191301
6 106 -0.850467
7 8 -0.551102
7 17 0.195489
7 107 -0.099847
8 9 -0.275168
8 18 -0.010575
8 108 1.955111
9 0 -1.857223
9 19 -0.770719
9 109 -1.240261
10 11 -1.106787
10 20 0.008754
10 110 -0.352440
11 12 -1.754712
11 21 0.671637
11 111 -0.204583
12 13 -0.297846
12 22 1.450105
12 112 0.119661
13 14 -0.282219
13 23 -1.166582
13 113 -0.563505
14 15 0.184783
14 24 0.621302
14 114 1.660462
15 16 0.160983
15 25 0.048136
15 115 -1.290216
16 17 -0.407694
16 26 -1.365894
16 116 -0.025860
17 18 0.252594
17 27 -1.194156
17 117 -2.160558
18 19 -0.550333
18 28 -0.270267
18 118 -0.427416
19 10 1.695062
19 29 0.607782
19 119 -2.036893
20 21 -0.889455
20 30 -0.955001
20 120 0.439386
21 22 -0.421211
21 31 0.967001
21 121 1.322689
22 23 1.012210
22 32 0.702687
22 122 0.698922
23 24 0.533108
23 33 1.844033
23 123 1.179636
24 25 -1.112932
24 34 0.358747
24 124 0.026582
25 26 0.514340
25 35 0.656576
25 125 -0.713964
26 27 1.706388
26 36 0.147594
26 126 -0.554544
27 28 -0.092958
27 37 -1.133344
27 127 -0.819229
28 29 0.527260
28 38 -0.960468
28 128 1.018213
29 20 1.030186
29 39 -1.437037
29 129 0.097373
30 31 1.105209
30 40 0.095487
30 130 1.522849
31 32 0.978194
31 41 -0.079158
31 131 -0.115118
32 33 -0.431627
32 42 -0.319938
32 132 1.064742
33 34 0.195828
33 43 1.851374
33 133 1.768640
34 35 1.273583
34 44 0.200496
34 134 0.036061
35 36 0.706490
35 45 -0.147553
35 135 0.661580
36 37 -1.473343
36 46 0.583138
36 136 0.564034
37 38 -0.356278
37 47 -0.755644
37 137 0.903969
38 39 1.007264
38 48 0.952257
38 138 -0.022677
39 30 0.266568
39 49 0.713860
39 139 1.748391
40 41 1.120835
40 50 0.138515
40 140 0.016955
41 42 -0.800830
41 51 0.790830
41 141 -0.525705
42 43 -0.069321
42 52 -0.674058
42 142 1.103325
43 44 3.034360
43 53 -0.446813
43 143 -0.182160
44 45 -0.958531
44 54 -0.911380
44 144 0.258228
45 46 -1.034053
45 55 0.484419
45 145 0.778774
46 47 1.293959
46 56 0.060376
46 146 0.477994
47 48 1.234955
47 57 0.165954
47 147 -0.437214
48 49 -0.607590
48 58 0.735616
48 148 -0.135812
49 40 -0.091514
49 59 -0.242985
49 149 1.113284
50 51 0.644496
50 60 -0.877794
50 150 0.017229
51 52 -2.074536
51 61 -1.212175
51 151 -0.345375
52 53 -1.087457
52 62 0.163939
52 152 -0.578185
53 54 -0.316899
53 63 -0.764596
53 153 0.633745
54 55 0.345897
54 64 -0.770065
54 154 -0.894451
55 56 1.566926
55 65 1.711803
55 155 -1.567918
56 57 -0.061076
56 66 -0.339470
56 156 -0.364107
57 58 0.513724
57 67 1.364562
57 157 -0.128554
58 59 0.555560
58 68 -0.056411
58 158 1.937729
59 50 -1.319996
59 69 0.503940
59 159 -0.876281
60 61 0.707508
60 70 -1.868767
60 160 -0.153676
61 62 -0.668784
61 71 -0.787809
61 161 1.058686
62 63 -1.033414
62 72 -0.443758
62 162 2.199958
63 64 0.523175
63 73 0.102791
63 163 0.644221
64 65 -0.454217
64 74 -0.506166
64 164 1.563123
65 66 0.487119
65 75 0.396002
65 165 -0.146386
66 67 -0.649865
66 76 1.248062
66 166 -1.653071
67 68 1.386980
67 77 0.771503
67 167 -2.005607
68 69 -2.154444
68 78 1.622916
68 168 -0.137630
69 60 1.056131
69 79 1.346277
69 169 1.220108
70 71 -1.530189
70 80 -1.876149
70 170 1.449576
71 72 1.412395
71 81 0.547569
71 171 0.469062
72 73 -0.275204
72 82 -0.793565
72 172 0.581768
73 74 0.002635
73 83 1.281602
73 173 0.961016
74 75 1.543670
74 84 -0.342815
74 174 -0.029091
75 76 -0.346708
75 85 1.008876
75 175 0.840298
76 77 -1.019958
76 86 -0.746712
76 176 -2.604241
77 78 1.379640
77 87 0.592123
77 177 0.337529
78 79 1.294566
78 88 0.444505
78 178 0.581982
79 70 0.383051
79 89 -1.664596
79 179 0.315694
80 81 -0.336958
80 90 0.519441
80 180 1.540342
81 82 1.303920
81 91 -0.885230
81 181 -0.907102
82 83 0.668991
82 92 -0.742469
82 182 0.564057
83 84 0.732799
83 93 1.015285
83 183 0.061186
84 85 -0.646380
84 94 0.565834
84 184 1.591794
85 86 -0.226195
85 95 1.417376
85 185 0.788130
86 87 1.136481
86 96 -0.135885
86 186 1.168436
87 88 -0.178156
87 97 -0.157710
87 187 -0.246722
88 89 -0.669804
88 98 -0.339205
88 188 -0.387125
89 80 -0.627100
89 99 0.427660
89 189 -2.254730
90 91 0.579823
90 0 1.025978
90 190 -1.815763
91 92 -0.110622
91 1 1.263250
91 191 -1.658094
92 93 1.235356
92 2 -0.957823
92 192 1.311044
93 94 0.746564
93 3 1.158068
93 193 3.778058
94 95 0.542700
94 4 0.956344
94 194 -0.094042
95 96 -0.655306
95 5 -1.069181
95 195 -0.609120
96 97 2.729087
96 6 1.894324
96 196 0.283132
97 98 0.541708
97 7 1.382730
97 197 1.338054
98 99 0.520919
98 8 -1.025564
98 198 -0.280853
99 90 -2.162083
99 9 0.500085
99 199 -0.338827
100 101 0.553143
100 110 0.720161
100 200 2.480004
101 102 -0.506683
101 111 0.780437
101 201 -0.762963
102 103 1.503673
102 112 0.486558
102 202 -0.872327
103 104 -1.123687
103 113 0.363857
103 203 0.994038
104 105 0.016541
104 114 0.247753
104 204 -1.095133
105 106 -0.749554
105 115 -0.500741
105 205 0.560200
106 107 -1.676300
106 116 -0.435691
106 206 1.194316
107 108 -0.449795
107 117 0.106361
107 207 0.112885
108 109 1.119942
108 118 -1.509175
108 208 -1.349507
109 100 -1.718759
109 119 -0.323979
109 209 0.164601
110 111 -0.712333
110 120 -0.748491
110 210 -1.744412
111 112 -0.736804
111 121 0.474050
111 211 -0.519327
112 113 -0.306626
112 122 0.113527
112 212 0.787138
113 114 -0.722064
113 123 1.401934
113 213 0.408809
114 115 0.377335
114 124 0.348861
114 214 -0.226961
115 116 0.698194
115 125 1.477530
115 215 1.458026
116 117 -0.138429
116 126 -1.800583
116 216 1.151166
117 118 -0.089050
117 127 -0.419857
117 217 -0.006434
118 119 0.258652
118 128 -0.608001
118 218 -1.441600
119 110 1.229581
119 129 0.218921
119 219 -0.727526
120 121 -0.445886
120 130 0.112996
120 220 -0.328397
121 122 -0.473688
121 131 -0.629697
121 221 -0.088824
122 123 -0.166814
122 132 0.378155
122 222 2.038045
123 124 -0.498624
123 133 2.189024
123 223 -0.113241
124 125 -1.400373
124 134 -0.243725
124 224 1.193549
125 126 -1.615125
125 135 -0.196652
125 225 -1.990645
126 127 -2.584953
126 136 -0.631139
126 226 -0.988747
127 128 0.972672
127 137 0.179888
127 227 -0.315207
128 129 0.694696
128 138 -0.026732
128 228 0.293814
129 120 1.352793
129 139 0.047293
129 229 -1.449284
130 131 0.506119
130 140 -1.312481
130 230 2.059896
131 132 0.597789
131 141 0.538107
131 231 -1.156383
132 133 1.945181
132 142 -0.954501
132 232 1.723944
133 134 0.697782
133 143 -0.851380
133 233 0.484078
134 135 -0.996916
134 144 -0.485408
134 234 -0.044942
135 136 -0.720728
135 145 1.046678
135 235 0.461286
136 137 1.309719
136 146 -1.178641
136 236 -0.122920
137 138 0.058378
137 147 0.675391
137 237 1.715763
138 139 1.513370
138 148 -0.971806
138 238 0.075313
139 130 1.849987
139 149 0.426086
139 239 -0.479859
140 141 -0.268271
140 150 -0.214161
140 240 -1.491817
141 142 0.578774
141 151 -0.157182
141 241 0.517963
142 143 -1.750450
142 152 -1.904512
142 242 1.278861
143 144 1.460158
143 153 1.639956
143 243 -0.197403
144 145 -0.856256
144 154 -1.043099
144 244 -0.301783
145 146 0.749849
145 155 0.226054
145 245 1.046686
146 147 -1.915541
146 156 -0.194898
146 246 -0.958513
147 148 0.573878
147 157 -0.528054
147 247 -0.885402
148 149 -0.804200
148 158 0.425343
148 248 0.538712
149 140 0.630892
149 159 -0.620584
149 249 0.100041
150 151 -2.565489
150 160 0.625745
150 250 0.801804
151 152 1.263487
151 161 0.353510
151 251 -0.092776
152 153 0.396650
152 162 -0.824448
152 252 2.334896
153 154 -1.262041
153 163 0.479714
153 253 1.176266
154 155 -0.814243
154 164 -1.169247
154 254 0.098251
155 156 -1.241712
155 165 0.301660
155 255 0.451919
156 157 2.353465
156 166 0.293175
156 256 -0.426012
157 158 -0.312482
157 167 0.762355
157 257 1.036416
158 159 2.791491
158 168 0.249740
158 258 -0.169697
159 150 -1.562398
159 169 0.098976
159 259 -2.064089
160 161 0.068013
160 170 0.962131
160 260 0.740560
161 162 1.441896
161 171 -1.502322
161 261 0.416126
162 163 -0.393599
162 172 -0.685273
162 262 0.373277
163 164 1.387390
163 173 -0.732802
163 263 -0.437589
164 165 -0.033309
164 174 -0.969595
164 264 0.286836
165 166 1.518333
165 175 -0.181630
165 265 0.984988
166 167 0.313582
166 176 2.424022
166 266 0.739114
167 168 -1.615589
167 177 1.265723
167 267 0.471620
168 169 0.149578
168 178 -0.402190
168 268 2.129436
169 160 -0.819072
169 179 -0.014475
169 269 -1.391982
170 171 0.451289
170 180 0.148235
170 270 -1.160616
171 172 0.223948
171 181 -0.511996
171 271 -0.577314
172 173 -0.493851
172 182 1.701906
172 272 -0.793059
173 174 0.056236
173 183 -1.576002
173 273 0.732983
174 175 -1.069902
174 184 -2.114924
174 274 0.791747
175 176 0.307021
175 185 0.601068
175 275 0.611926
176 177 2.054233
176 186 -0.352005
176 276 -1.410014
177 178 -0.815784
177 187 -1.337814
177 277 1.077237
178 179 0.607274
178 188 0.860538
178 278 -0.359247
179 170 -0.428430
179 189 0.535327
179 279 0.759806
180 181 0.825006
180 190 -0.665545
180 280 -1.402008
181 182 0.077844
181 191 0.121132
181 281 0.048543
182 183 0.056753
182 192 -0.613509
182 282 0.999997
183 184 2.118512
183 193 0.178635
183 283 0.379012
184 185 0.784881
184 194 0.756627
184 284 -0.598977
185 186 -0.615826
185 195 1.185143
185 285 0.429185
186 187 -0.427671
186 196 1.198913
186 286 -0.913472
187 188 1.467754
187 197 -0.507777
187 287 0.424429
188 189 0.355063
188 198 -0.249293
188 288 0.052835
189 180 -0.169652
189 199 -1.292935
189 289 0.839279
190 191 -0.700818
190 100 0.877146
190 290 -1.700525
191 192 -0.428715
191 101 -0.017508
191 291 -1.339959
192 193 -1.557746
192 102 0.163351
192 292 1.534743
193 194 -1.527828
193 103 -0.924673
193 293 0.692090
194 195 0.356543
194 104 -0.903830
194 294 1.167854
195 196 0.227663
195 105 1.072920
195 295 -0.486673
196 197 -0.404406
196 106 -0.097872
196 296 0.212870
197 198 1.299911
197 107 0.422292
197 297 1.007060
198 199 0.731381
198 108 -0.201084
198 298 -0.572445
199 190 -0.956771
199 109 -1.150797
199 299 -0.992710
200 201 -1.163616
200 210 -1.581463
200 300 -0.129236
201 202 -0.556658
201 211 -1.283316
201 301 -0.341817
202 203 -1.805459
202 212 -0.008650
202 302 0.434611
203 204 0.686210
203 213 -0.486555
203 303 1.293235
204 205 0.599414
204 214 -1.086462
204 304 -0.285398
205 206 0.617524
205 215 1.638877
205 305 -1.090308
206 207 0.643956
206 216 -0.561013
206 306 0.076707
207 208 1.817495
207 217 1.646840
207 307 -0.318485
208 209 -0.799849
208 218 0.377680
208 308 1.851280
209 200 0.039757
209 219 -0.224041
209 309 0.557499
210 211 0.281843
210 220 -0.478382
210 310 -0.353655
211 212 0.158643
211 221 -0.327048
211 311 -0.093932
212 213 0.318437
212 222 -0.171626
212 312 -1.327493
213 214 0.796513
213 223 1.510630
213 313 1.078008
214 215 0.192231
214 224 2.392248
214 314 -0.977437
215 216 0.487006
215 225 -0.932385
215 315 3.538823
216 217 0.938907
216 226 -0.583388
216 316 1.849622
217 218 -0.009648
217 227 0.897764
217 317 0.131902
218 219 -1.054834
218 228 1.591924
218 318 -0.314866
219 210 -0.467451
219 229 -0.555396
219 319 -2.100824
220 221 0.839941
220 230 -0.480508
220 320 -1.045980
221 222 0.484194
221 231 -1.226587
221 321 2.375678
222 223 -1.653734
222 232 -1.672475
222 322 -0.801243
223 224 0.405998
223 233 1.236046
223 323 0.196551
224 225 -0.988195
224 234 -0.137555
224 324 -2.405360
225 226 0.339789
225 235 -0.375124
225 325 0.620238
226 227 -1.532367
226 236 0.354672
226 326 1.021422
227 228 -1.565091
227 237 0.080437
227 327 0.708053
228 229 0.001286
228 238 -0.418972
228 328 0.254156
229 220 1.098370
229 239 -0.307887
229 329 1.373834
230 231 -0.353662
230 240 -0.347614
230 330 1.236293
231 232 0.691303
231 241 -0.566174
231 331 1.309754
232 233 0.000942
232 242 0.322440
232 332 1.224803
233 234 0.309062
233 243 1.775810
233 333 -2.021105
234 235 -0.502564
234 244 -0.563443
234 334 -1.873616
235 236 2.372226
235 245 -0.637896
235 335 -1.450048
236 237 0.629960
236 246 -0.159842
236 336 -1.445321
237 238 0.876763
237 247 0.515525
237 337 -0.666021
238 239 1.320106
238 248 -0.088672
238 338 -0.853726
239 230 1.185174
239 249 -0.242172
239 339 -1.928991
240 241 -2.141914
240 250 1.162266
240 340 -1.611530
241 242 0.612390
241 251 -0.476792
241 341 0.382363
242 243 -1.184560
242 252 0.271720
242 342 0.858067
243 244 0.480011
243 253 -0.651610
243 343 -1.142323
244 245 0.573578
244 254 -0.134137
244 344 0.264318
245 246 -0.450890
245 255 0.989352
245 345 1.068448
246 247 2.173530
246 256 -0.553979
246 346 -1.157949
247 248 0.041910
247 257 0.498506
247 347 0.293000
248 249 1.199932
248 258 -0.298727
248 348 0.050768
249 240 -0.622742
249 259 -0.963124
249 349 0.071760
250 251 -0.094113
250 260 0.272653
250 350 -0.405601
251 252 -0.207424
251 261 -1.839509
251 351 0.268649
252 253 1.089309
252 262 -0.556025
252 352 -0.549775
253 254 1.688796
253 263 -0.751258
253 353 -1.081098
254 255 -0.006310
254 264 1.017003
254 354 -0.308545
255 256 -1.041928
255 265 -0.119393
255 355 0.565226
256 257 0.256318
256 266 -0.251268
256 356 -0.431614
257 258 0.048924
257 267 -1.209771
257 357 -1.098908
258 259 0.954926
258 268 -0.618365
258 358 0.033904
259 250 -0.197869
259 269 -0.655218
259 359 -0.680705
260 261 0.513439
260 270 -1.771224
260 360 1.254668
261 262 0.043495
261 271 -1.742150
261 361 0.116315
262 263 -1.232193
262 272 1.288403
262 362 -1.488689
263 264 -0.313777
263 273 -0.080498
263 363 1.208958
264 265 0.553551
264 274 0.518166
264 364 -1.114815
265 266 -0.047581
265 275 -1.111045
265 365 2.537298
266 267 1.718524
266 276 0.197906
266 366 -0.744747
267 268 0.731593
267 277 0.385464
267 367 -2.104289
268 269 -0.107912
268 278 -0.469435
268 368 -0.493967
269 260 2.449015
269 279 -0.406507
269 369 -0.274273
270 271 -1.346366
270 280 -0.313241
270 370 0.985995
271 272 0.808193
271 281 0.680493
271 371 1.035550
272 273 -0.195678
272 282 -0.529905
272 372 0.329232
273 274 0.676929
273 283 -0.214382
273 373 0.147798
274 275 -0.184051
274 284 0.501560
274 374 -0.983438
275 276 0.544652
275 285 1.805046
275 375 0.471725
276 277 0.909535
276 286 1.635397
276 376 1.527688
277 278 -1.094840
277 287 -2.252244
277 377 0.592705
278 279 -1.058243
278 288 0.770929
278 378 -1.350400
279 270 0.086076
279 289 0.027971
279 379 1.206495
280 281 -0.945338
280 290 1.642618
280 380 1.224835
281 282 1.164369
281 291 0.418928
281 381 -1.284275
282 283 -0.303825
282 292 0.235000
282 382 -0.688737
283 284 0.488682
283 293 0.444998
283 383 -1.442183
284 285 2.474417
284 294 -0.475181
284 384 -0.352491
285 286 -0.258024
285 295 -0.756375
285 385 0.775457
286 287 -2.029324
286 296 0.078623
286 386 0.736747
287 288 -0.964900
287 297 0.439337
287 387 -1.374906
288 289 -0.602370
288 298 -0.825811
288 388 -0.170252
289 280 0.149082
289 299 0.070959
289 389 0.965133
290 291 0.776195
290 200 -0.486513
290 390 1.416130
291 292 1.017019
291 201 0.805651
291 391 -0.129483
292 293 0.006329
292 202 -2.044908
292 392 0.818188
293 294 -0.013975
293 203 1.111884
293 393 0.595314
294 295 -0.853449
294 204 1.657168
294 394 -1.431351
295 296 -0.653155
295 205 1.580378
295 395 0.856687
296 297 1.068769
296 206 1.111199
296 396 -0.324099
297 298 -0.751301
297 207 0.455685
297 397 -0.909653
298 299 -1.264869
298 208 -1.085668
298 398 0.367891
299 290 0.770161
299 209 0.033500
299 399 -0.331270
300 301 -0.383346
300 310 0.782978
300 400 -0.418473
301 302 0.614116
301 311 -2.170704
301 401 1.783658
302 303 -0.651807
302 312 -0.783697
302 402 -0.134055
303 304 0.380977
303 313 0.655943
303 403 -0.001341
304 305 -1.915351
304 314 -1.742084
304 404 1.227599
305 306 -0.117568
305 315 1.676994
305 405 -1.656138
306 307 1.029460
306 316 0.488002
306 406 -1.039385
307 308 0.464134
307 317 1.262622
307 407 0.393920
308 309 0.602226
308 318 0.471841
308 408 0.690411
309 300 -1.264301
309 319 -0.412253
309 409 0.672656
310 311 -1.601639
310 320 -0.318114
310 410 -0.502534
311 312 -0.798022
311 321 1.964639
311 411 -0.298558
312 313 0.498633
312 322 1.912564
312 412 1.463583
313 314 -0.366891
313 323 0.258916
313 413 0.479075
314 315 2.219453
314 324 0.289501
314 414 0.441683
315 316 0.581981
315 325 -1.708595
315 415 -0.952248
316 317 3.301934
316 326 0.565897
316 416 1.068632
317 318 -1.809306
317 327 -0.018373
317 417 0.020329
318 319 -0.163831
318 328 -0.131047
318 418 0.857934
319 310 1.620359
319 329 0.023569
319 419 -0.213621
320 321 -0.788997
320 330 1.564583
320 420 0.376332
321 322 -0.305429
321 331 0.781836
321 421 1.018228
322 323 0.554476
322 332 0.219133
322 422 0.055546
323 324 0.957647
323 333 -0.804304
323 423 0.013613
324 325 0.091557
324 334 1.138544
324 424 -1.033579
325 326 0.665055
325 335 -0.375008
325 425 -0.189299
326 327 -0.006619
326 336 -0.137237
326 426 -1.498318
327 328 0.811200
327 337 1.069753
327 427 -0.233250
328 329 0.536114
328 338 -0.735521
328 428 -0.128625
329 320 0.005446
329 339 0.931707
329 429 -0.142203
330 331 -0.509460
330 340 0.370489
330 430 0.171442
331 332 -0.535696
331 341 0.718905
331 431 -0.592992
332 333 1.210660
332 342 1.174790
332 432 -1.112897
333 334 1.583765
333 343 1.294228
333 433 1.833207
334 335 -0.468476
334 344 -0.399551
334 434 -0.757706
335 336 0.993876
335 345 -0.534289
335 435 -1.801400
336 337 -1.013926
336 346 -0.552068
336 436 1.654298
337 338 -1.508612
337 347 0.573100
337 437 -0.074852
338 339 -0.677776
338 348 -0.025913
338 438 0.511569
339 330 0.082573
339 349 0.213400
339 439 1.460918
340 341 1.424496
340 350 1.795754
340 440 -0.380589
341 342 0.383543
341 351 -0.361300
341 441 -1.004585
342 343 1.228503
342 352 -0.929549
342 442 0.457949
343 344 0.882912
343 353 -0.931589
343 443 -0.769361
344 345 -0.352603
344 354 -0.957411
344 444 -0.047833
345 346 -0.421096
345 355 1.337597
345 445 0.350386
346 347 0.909619
346 356 -0.373712
346 446 -0.141285
347 348 0.397166
347 357 1.933942
347 447 -0.585169
348 349 -1.150338
348 358 0.011021
348 448 0.934381
349 340 -0.974257
349 359 -1.275603
349 449 -0.520293
350 351 -2.515325
350 360 -0.473481
350 450 1.429153
351 352 0.338524
351 361 1.176331
351 451 -3.086450
352 353 -0.128367
352 362 -0.404055
352 452 0.349636
353 354 0.574749
353 363 0.158769
353 453 -1.152482
354 355 -0.292236
354 364 -0.279582
354 454 -0.900896
355 356 1.152189
355 365 -0.658693
355 455 -4.047102
356 357 -0.521910
356 366 0.538703
356 456 -1.562811
357 358 -0.605382
357 367 1.083781
357 457 -0.218833
358 359 -0.456710
358 368 0.151109
358 458 -0.164345
359 350 -0.778195
359 369 -1.389087
359 459 -1.604966
360 361 0.656743
360 370 -0.536291
360 460 -0.330508
361 362 0.281559
361 371 -0.024232
361 461 0.771684
362 363 0.612493
362 372 1.583631
362 462 -1.533103
363 364 -0.767510
363 373 0.167531
363 463 -0.841367
364 365 -3.310555
364 374 -1.632380
364 464 -0.064985
365 366 0.699354
365 375 1.744033
365 465 -0.403997
366 367 1.407445
366 376 0.676787
366 466 0.162599
367 368 0.160142
367 377 0.342407
367 467 0.847167
368 369 2.104381
368 378 0.051078
368 468 1.361309
369 360 -0.502975
369 379 -1.351800
369 469 -1.254112
370 371 -0.101483
370 380 -0.157921
370 470 0.114529
371 372 2.396119
371 381 0.603280
371 471 -0.377085
372 373 0.251715
372 382 0.196888
372 472 1.582850
373 374 0.338288
373 383 -1.346684
373 473 -0.755089
374 375 1.009226
374 384 0.465499
374 474 0.372371
375 376 -2.122912
375 385 0.010889
375 475 0.546486
376 377 -1.327226
376 386 0.238342
376 476 -0.774001
377 378 -0.242431
377 387 -1.457124
377 477 0.372533
378 379 0.885329
378 388 -0.589615
378 478 -0.291170
379 370 0.355102
379 389 1.203681
379 479 -1.459869
380 381 -0.164944
380 390 -1.644188
380 480 -0.479600
381 382 1.152925
381 391 -1.513667
381 481 -0.221704
382 383 -0.122934
382 392 -0.640025
382 482 -0.659224
383 384 2.225595
383 393 1.333422
383 483 -0.082536
384 385 -0.279239
384 394 -0.316511
384 484 0.656749
385 386 0.054294
385 395 1.018592
385 485 -0.537513
386 387 -0.567546
386 396 -0.098595
386 486 -0.030937
387 388 -0.162081
387 397 0.401049
387 487 1.101801
388 389 0.099087
388 398 0.702441
388 488 -0.352854
389 380 0.670747
389 399 -0.576555
389 489 -0.435560
390 391 -0.838775
390 300 -1.077555
390 490 -0.478108
391 392 0.191177
391 301 0.324033
391 491 0.328906
392 393 -1.405914
392 302 -0.726335
392 492 -0.152200
393 394 -0.071303
393 303 0.962626
393 493 0.578172
394 395 0.883797
394 304 -0.487228
394 494 -0.611970
395 396 -1.436042
395 305 -0.296281
395 495 0.022002
396 397 0.587839
396 306 -0.084391
396 496 1.942720
397 398 0.887051
397 307 1.100027
397 497 -0.923157
398 399 0.350566
398 308 0.222510
398 498 0.420520
399 390 -0.857928
399 309 -1.809335
399 499 -1.441040
400 401 -0.416964
400 410 2.187098
400 500 1.821540
401 402 -0.551526
401 411 0.473626
401 501 0.901699
402 403 0.214258
402 412 -0.286107
402 502 -0.569656
403 404 -1.584347
403 413 -1.226978
403 503 0.701758
404 405 1.081774
404 414 0.600553
404 504 0.081896
405 406 1.969047
405 415 0.231445
405 505 1.170013
406 407 -1.756765
406 416 -0.128670
406 506 -0.334923
407 408 -0.324064
407 417 0.821618
407 507 0.446456
408 409 -0.803231
408 418 0.741255
408 508 -0.360817
409 400 -1.320989
409 419 -0.739575
409 509 -0.168486
410 411 -0.236994
410 420 -0.010181
410 510 0.383072
411 412 0.331098
411 421 -0.027344
411 511 1.494161
412 413 1.641441
412 422 0.475846
412 512 1.909195
413 414 0.026982
413 423 0.376750
413 513 -0.501674
414 415 -1.506486
414 424 -1.600677
414 514 0.136246
415 416 -0.227990
415 425 0.613286
415 515 -0.295700
416 417 -0.526437
416 426 -0.063332
416 516 -0.183411
417 418 0.895759
417 427 -0.750967
417 517 -0.296145
418 419 0.825862
418 428 1.315321
418 518 0.032159
419 410 -0.199356
419 429 2.802504
419 519 -1.366962
420 421 0.009623
420 430 1.037859
420 520 -1.269950
421 422 -1.729695
421 431 -0.566025
421 521 0.633529
422 423 0.609703
422 432 0.700283
422 522 -0.469942
423 424 0.828711
423 433 0.320380
423 523 0.125302
424 425 -1.329361
424 434 -0.155909
424 524 -0.166033
425 426 1.383251
425 435 -0.122189
425 525 0.774497
426 427 1.664726
426 436 -0.048048
426 526 1.262962
427 428 0.055751
427 437 1.182553
427 527 -0.204693
428 429 0.041077
428 438 1.130330
428 528 -0.917292
429 420 -1.570916
429 439 -1.598559
429 529 -0.131984
430 431 -0.126824
430 440 -1.044055
430 530 -1.108875
431 432 0.121848
431 441 0.973491
431 531 0.977731
432 433 -2.083512
432 442 -1.603713
432 532 -1.396959
433 434 0.760820
433 443 -0.899648
433 533 -0.185725
434 435 0.024343
434 444 -1.375484
434 534 -0.494810
435 436 1.939946
435 445 1.564064
435 535 0.430987
436 437 1.801102
436 446 2.024253
436 536 0.394168
437 438 1.185238
437 447 -1.736479
437 537 0.342288
438 439 -0.313858
438 448 -0.527946
438 538 0.509424
439 430 0.914366
439 449 -2.094313
439 539 -0.879144
440 441 0.342294
440 450 0.132874
440 540 0.274843
441 442 0.950921
441 451 -0.751615
441 541 -0.641683
442 443 0.930534
442 452 -0.161072
442 542 -0.429840
443 444 -2.273530
443 453 -0.761244
443 543 1.702358
444 445 0.080004
444 454 -0.023538
444 544 0.196134
445 446 -2.186763
445 455 -0.039996
445 545 0.381545
446 447 -2.963627
446 456 0.370491
446 546 -0.162506
447 448 1.560374
447 457 0.349055
447 547 1.067796
448 449 -1.905210
448 458 -1.047762
448 548 0.485889
449 440 -0.262735
449 459 0.506787
449 549 -0.220349
450 451 0.315928
450 460 0.783366
450 550 0.243697
451 452 -0.237881
451 461 -1.101463
451 551 2.491016
452 453 -0.749300
452 462 -1.209319
452 552 1.588324
453 454 -0.253847
453 463 -0.182952
453 553 1.476709
454 455 -0.528407
454 464 -0.424241
454 554 0.981401
455 456 -2.051398
455 465 0.642723
455 555 0.786018
456 457 0.254398
456 466 0.070363
456 556 2.035022
457 458 1.482689
457 467 2.208095
457 557 0.673443
458 459 -0.146742
458 468 0.461522
458 558 -0.360468
459 450 -1.161337
459 469 1.123683
459 559 0.677557
460 461 -0.015231
460 470 -0.486211
460 560 0.416479
461 462 -0.856127
461 471 1.242830
461 561 -0.703527
462 463 -0.663863
462 472 1.875493
462 562 1.684979
463 464 0.299841
463 473 0.256603
463 563 2.406243
464 465 -0.369654
464 474 -0.662412
464 564 0.789669
465 466 -0.713592
465 475 -1.400639
465 565 0.299641
466 467 -0.565884
466 476 -0.198407
466 566 0.317401
467 468 -2.490116
467 477 -1.788670
467 567 1.522326
468 469 -0.174396
468 478 1.085697
468 568 0.841944
469 460 -1.334080
469 479 2.593491
469 569 0.407703
470 471 -0.375729
470 480 -0.164493
470 570 -0.824564
471 472 0.351300
471 481 1.621832
471 571 1.618898
472 473 -2.518949
472 482 -1.276276
472 572 -0.622996
473 474 0.809798
473 483 -0.045161
473 573 0.849528
474 475 -0.273975
474 484 0.002650
474 574 1.268455
475 476 -2.872217
475 485 0.170043
475 575 -0.447816
476 477 0.246038
476 486 0.297861
476 576 0.715564
477 478 0.831276
477 487 0.485837
477 577 -0.835931
478 479 -0.449380
478 488 0.804584
478 578 -0.039169
479 470 -3.279212
479 489 1.117538
479 579 -0.346224
480 481 0.156068
480 490 1.365801
480 580 -0.107391
481 482 1.303601
481 491 -0.066189
481 581 -0.559291
482 483 -0.557473
482 492 -0.676579
482 582 -1.490759
483 484 2.169873
483 493 0.045227
483 583 0.654902
484 485 0.255152
484 494 1.192636
484 584 -0.536063
485 486 -1.523640
485 495 0.939388
485 585 1.232009
486 487 0.224099
486 496 1.099293
486 586 0.423467
487 488 0.047662
487 497 -0.614652
487 587 0.426270
488 489 -0.853977
488 498 0.119446
488 588 -0.982558
489 480 -1.153119
489 499 -0.638158
489 589 0.351294
490 491 -0.138295
490 400 0.987119
490 590 1.897159
491 492 0.852523
491 401 -0.730981
491 591 0.599799
492 493 -0.318081
492 402 1.286701
492 592 -0.050752
493 494 -2.127076
493 403 0.060784
493 593 -2.568766
494 495 -0.330690
494 404 1.603054
494 594 -0.543987
495 496 0.384304
495 405 0.414291
495 595 -0.488903
496 497 1.306237
496 406 -0.032508
496 596 -0.372585
497 498 0.474996
497 407 -0.355942
497 597 0.818914
498 499 0.550703
498 408 -0.040689
498 598 -1.791934
499 490 1.174590
499 409 -2.300221
499 599 0.214505
500 501 -0.008703
500 510 -0.060944
500 600 -0.547493
501 502 -0.009392
501 511 0.791322
501 601 1.354136
502 503 1.322287
502 512 1.622380
502 602 -0.306203
503 504 1.224309
503 513 -0.249470
503 603 -1.153127
504 505 0.268235
504 514 2.006935
504 604 0.612905
505 506 -0.138465
505 515 0.913013
505 605 2.065181
506 507 0.760448
506 516 -2.725392
506 606 -0.538324
507 508 1.135423
507 517 0.515806
507 607 0.906337
508 509 -2.517639
508 518 -1.058049
508 608 0.701280
509 500 0.247247
509 519 -0.867446
509 609 -0.469436
510 511 0.564510
510 520 -0.635355
510 610 -1.538267
511 512 -1.691721
511 521 -0.345985
511 611 -1.865309
512 513 -1.132489
512 522 -2.162252
512 612 -0.719980
513 514 1.195514
513 523 0.369385
513 613 1.001472
514 515 -0.862640
514 524 0.187363
514 614 0.148878
515 516 0.284905
515 525 -1.194883
515 615 -1.583466
516 517 -0.150898
516 526 -0.990234
516 616 2.386098
517 518 1.004085
517 527 -0.144982
517 617 -0.567429
518 519 1.383986
518 528 2.078038
518 618 -0.884938
519 510 -0.207640
519 529 -0.756725
519 619 0.185580
520 521 -1.254234
520 530 -0.789834
520 620 -0.618649
521 522 -0.255380
521 531 -0.731146
521 621 -0.464686
522 523 -0.245903
522 532 -1.966873
522 622 1.091565
523 524 0.523106
523 533 -0.100173
523 623 0.323924
524 525 -0.380338
524 534 1.103330
524 624 0.717264
525 526 -0.574535
525 535 0.207460
525 625 -0.278948
526 527 0.920407
526 536 -0.364625
526 626 -0.905632
527 528 -0.307808
527 537 -0.564715
527 627 -1.686366
528 529 -0.149795
528 538 -0.541219
528 628 -0.924683
529 520 0.332952
529 539 -1.339354
529 629 -0.011148
530 531 0.314440
530 540 -0.980404
530 630 -2.100911
531 532 -2.066061
531 541 0.937228
531 631 -0.662189
532 533 1.450263
532 542 0.458479
532 632 0.756025
533 534 0.318854
533 543 -0.461903
533 633 0.472849
534 535 -0.539593
534 544 -0.261584
534 634 0.584160
535 536 0.585573
535 545 0.443748
535 635 0.203213
536 537 1.809769
536 546 -0.403211
536 636 0.063245
537 538 -0.639063
537 547 0.220969
537 637 0.216992
538 539 0.633726
538 548 -0.478982
538 638 -0.358237
539 530 -0.004754
539 549 0.825357
539 639 1.050985
540 541 0.878309
540 550 -0.662645
540 640 0.293645
541 542 -0.825159
541 551 -0.329170
541 641 -1.170819
542 543 -0.563403
542 552 -0.279705
542 642 0.836298
543 544 -0.897072
543 553 0.057335
543 643 -0.904831
544 545 0.024546
544 554 -1.083501
544 644 0.179652
545 546 0.134618
545 555 -0.889355
545 645 0.169117
546 547 0.617747
546 556 1.227399
546 646 0.198331
547 548 0.368173
547 557 0.395582
547 647 -0.919299
548 549 -0.360926
548 558 0.961098
548 648 0.139975
549 540 -0.741242
549 559 -2.095708
549 649 0.813320
550 551 -0.768669
550 560 -0.929460
550 650 -0.643761
551 552 -0.669494
551 561 -0.423562
551 651 -0.842386
552 553 -0.239260
552 562 -0.186152
552 652 -0.201101
553 554 0.605411
553 563 1.330203
553 653 -0.338329
554 555 -1.203283
554 564 0.371440
554 654 -1.528929
555 556 -0.515104
555 565 1.039345
555 655 -0.962087
556 557 -2.252099
556 566 0.544994
556 656 -0.507779
557 558 0.957827
557 567 1.594341
557 657 -2.236740
558 559 0.921991
558 568 1.111585
558 658 -0.743952
559 550 -0.731971
559 569 1.562694
559 659 0.276031
560 561 0.390417
560 570 1.328013
560 660 0.849486
561 562 0.193513
561 571 -0.226131
561 661 0.432024
562 563 0.549035
562 572 -2.135317
562 662 0.757479
563 564 -0.764376
563 573 0.747829
563 663 1.778270
564 565 1.685663
564 574 0.618187
564 664 -0.295651
565 566 -0.367551
565 575 -0.746658
565 665 1.299224
566 567 0.259534
566 576 1.024053
566 666 -0.599347
567 568 -0.769030
567 577 0.034310
567 667 -2.142680
568 569 0.938909
568 578 0.237435
568 668 0.160327
569 560 0.295854
569 579 0.529511
569 669 0.492978
570 571 0.445879
570 580 0.094208
570 670 0.474300
571 572 0.703703
571 581 -0.552680
571 671 0.286057
572 573 -0.066709
572 582 0.900582
572 672 -0.146126
573 574 0.288604
573 583 2.678621
573 673 -0.448596
574 575 1.413888
574 584 0.851198
574 674 -0.755870
575 576 -1.680525
575 585 -0.368056
575 675 -1.437354
576 577 -0.188068
576 586 -1.117493
576 676 0.078200
577 578 0.086133
577 587 0.588001
577 677 -0.147892
578 579 -0.543483
578 588 0.311938
578 678 0.769770
579 570 -0.940993
579 589 -2.012016
579 679 0.201210
580 581 0.353254
580 590 2.231560
580 680 -1.796976
581 582 0.491164
581 591 -1.166878
581 681 -0.817669
582 583 -1.010150
582 592 1.503382
582 682 -0.076741
583 584 -0.027749
583 593 -0.013239
583 683 -1.093706
584 585 1.046965
584 594 -1.418290
584 684 1.785069
585 586 1.258541
585 595 -2.022106
585 685 2.969699
586 587 0.989056
586 596 0.674577
586 686 -1.474171
587 588 0.195871
587 597 -1.689258
587 687 -1.563342
588 589 -1.647025
588 598 0.020406
588 688 -0.329974
589 580 -0.041623
589 599 1.090918
589 689 0.398292
590 591 -0.716640
590 500 0.039465
590 690 0.736086
591 592 -0.114843
591 501 -0.306019
591 691 0.326238
592 593 -1.179373
592 502 0.277033
592 692 0.673285
593 594 -1.042229
593 503 0.353076
593 693 -0.341123
594 595 1.286132
594 504 -0.518996
594 694 0.602652
595 596 0.543989
595 505 1.096639
595 695 0.785362
596 597 -0.471130
596 506 -1.110199
596 696 0.909286
597 598 0.040690
597 507 0.032802
597 697 0.667941
598 599 -0.502697
598 508 0.037334
598 698 -1.259922
599 590 -0.374651
599 509 -1.452336
599 699 -2.419914
600 601 -1.620228
600 610 -1.015770
600 700 -1.018772
601 602 0.627550
601 611 -0.682901
601 701 -0.636594
602 603 2.222496
602 612 0.194711
602 702 -0.076615
603 604 0.037545
603 613 2.343142
603 703 -1.550042
604 605 -0.324795
604 614 0.547209
604 704 0.818262
605 606 -0.654407
605 615 2.081839
605 705 -0.682913
606 607 -0.981420
606 616 1.115262
606 706 -1.407093
607 608 0.176948
607 617 0.583684
607 707 -0.039909
608 609 -0.427880
608 618 0.204254
608 708 0.118679
609 600 0.987318
609 619 2.345065
609 709 -0.427863
610 611 0.012928
610 620 1.329030
610 710 -0.653288
611 612 0.361184
611 621 0.473124
611 711 0.571292
612 613 0.420363
612 622 0.835977
612 712 -1.688712
613 614 -0.467659
613 623 0.638242
613 713 -0.647527
614 615 -1.761517
614 624 0.219502
614 714 0.866547
615 616 -2.164807
615 625 -0.279202
615 715 -0.601273
616 617 0.063886
616 626 0.747691
616 716 0.794586
617 618 -1.078522
617 627 0.203823
617 717 -1.416955
618 619 0.691310
618 628 0.599129
618 718 -0.243861
619 610 -0.881287
619 629 -0.047825
619 719 0.921575
620 621 -1.881818
620 630 0.073587
620 720 -0.929764
621 622 1.044958
621 631 0.931285
621 721 -1.144481
622 623 -0.414218
622 632 0.127090
622 722 0.289557
623 624 -0.334350
623 633 0.312070
623 723 -0.602657
624 625 -0.487594
624 634 1.210450
624 724 -0.163279
625 626 1.470301
625 635 -0.229111
625 725 -0.217144
626 627 -1.065008
626 636 1.013236
626 726 1.167927
627 628 1.179292
627 637 1.232686
627 727 -0.254600
628 629 -0.406039
628 638 -1.170315
628 728 -0.694775
629 620 0.747262
629 639 -0.213256
629 729 0.114146
630 631 0.609677
630 640 0.432055
630 730 -0.207811
631 632 -2.053682
631 641 -0.095610
631 731 1.033943
632 633 2.298458
632 642 -0.038477
632 732 0.219934
633 634 0.557159
633 643 -0.183925
633 733 -0.209662
634 635 0.414639
634 644 0.715343
634 734 -0.160888
635 636 0.350587
635 645 -0.168879
635 735 -1.162319
636 637 0.294844
636 646 -0.394532
636 736 -0.941022
637 638 -0.887457
637 647 0.253474
637 737 1.978153
638 639 0.073924
638 648 0.451969
638 738 -1.085824
639 630 1.254732
639 649 -0.644833
639 739 0.653143
640 641 0.602368
640 650 0.970694
640 740 -1.319489
641 642 -0.684190
641 651 1.361763
641 741 0.354142
642 643 -1.269706
642 652 0.700073
642 742 0.496688
643 644 0.447953
643 653 0.450147
643 743 0.428945
644 645 1.313286
644 654 -0.632457
644 744 -0.139921
645 646 0.616433
645 655 -0.323575
645 745 -0.289453
646 647 -0.755046
646 656 1.265685
646 746 -0.365497
647 648 -0.481942
647 657 0.949311
647 747 0.327669
648 649 1.068738
648 658 1.029748
648 748 -1.083406
649 640 0.019512
649 659 -1.613710
649 749 -2.555729
650 651 -0.137229
650 660 -1.711755
650 750 0.130841
651 652 -0.565293
651 661 -0.988339
651 751 0.412053
652 653 -0.818847
652 662 0.723897
652 752 1.098589
653 654 -0.403737
653 663 -0.981227
653 753 0.536235
654 655 -0.560576
654 664 0.397606
654 754 0.485205
655 656 0.126008
655 665 -0.076644
655 755 -0.375844
656 657 -0.056320
656 666 1.194005
656 756 0.262756
657 658 -0.948260
657 667 0.521701
657 757 -0.897989
658 659 0.529945
658 668 -0.009795
658 758 -0.394383
659 650 -1.176982
659 669 0.025913
659 759 1.162080
660 661 0.427389
660 670 1.415959
660 760 -1.392014
661 662 0.750682
661 671 0.546676
661 761 -0.321230
662 663 0.395061
662 672 -0.257044
662 762 -2.246961
663 664 0.517751
663 673 0.181828
663 763 0.324215
664 665 1.471688
664 674 -0.820803
664 764 -0.288648
665 666 1.219095
665 675 0.784981
665 765 1.215862
666 667 0.659159
666 676 0.468224
666 766 -1.450522
667 668 1.944136
667 677 -0.402271
667 767 -0.566009
668 669 -0.715418
668 678 -0.896300
668 768 -0.152741
669 660 0.542222
669 679 -0.009777
669 769 2.324584
670 671 -0.693463
670 680 0.524578
670 770 -1.024109
671 672 -0.773091
671 681 -0.338732
671 771 -1.812610
672 673 -0.372102
672 682 0.272501
672 772 0.902788
673 674 0.173132
673 683 -0.600593
673 773 1.519383
674 675 1.415889
674 684 -1.107823
674 774 1.114845
675 676 -0.243743
675 685 1.202554
675 775 -1.103533
676 677 0.084424
676 686 -2.588226
676 776 -1.601513
677 678 1.620982
677 687 1.447841
677 777 1.208516
678 679 0.080115
678 688 1.756718
678 778 0.225964
679 670 0.470957
679 689 -0.977156
679 779 0.149601
680 681 -0.653314
680 690 1.813511
680 780 0.450830
681 682 -0.277958
681 691 0.961768
681 781 0.212055
682 683 0.999468
682 692 0.726321
682 782 0.852619
683 684 -0.175175
683 693 0.363575
683 783 -0.831862
684 685 0.068211
684 694 -0.828452
684 784 -0.191830
685 686 0.039499
685 695 -1.823652
685 785 0.285322
686 687 -0.486928
686 696 0.066374
686 786 -0.445847
687 688 -1.771876
687 697 -2.496456
687 787 -0.609925
688 689 -1.061999
688 698 1.502027
688 788 -0.755442
689 680 1.170516
689 699 0.167465
689 789 -0.299281
690 691 2.805020
690 600 -0.758478
690 790 -1.127041
691 692 0.153792
691 601 1.108070
691 791 1.608560
692 693 1.986452
692 602 -0.812482
692 792 1.926108
693 694 -0.034248
693 603 0.195971
693 793 -1.195244
694 695 -1.343956
694 604 1.329780
694 794 -1.558966
695 696 1.373899
695 605 -0.729807
695 795 1.916794
696 697 1.232261
696 606 0.093755
696 796 1.643689
697 698 1.103751
697 607 -0.181307
697 797 -0.514801
698 699 0.333720
698 608 0.011538
698 798 -1.126149
699 690 0.419092
699 609 -2.032252
699 799 -1.023942
700 701 1.525551
700 710 -0.502359
700 800 0.447160
701 702 1.182754
701 711 0.392939
701 801 0.951586
702 703 -0.892975
702 712 0.702570
702 802 0.256135
703 704 0.294554
703 713 0.335680
703 803 -0.426527
704 705 -0.511852
704 714 -0.196708
704 804 -0.475673
705 706 1.635688
705 715 0.595849
705 805 -2.075960
706 707 1.060264
706 716 -1.554199
706 806 -0.017735
707 708 -0.142580
707 717 -0.514011
707 807 1.568824
708 709 0.108868
708 718 -0.692053
708 808 -0.888098
709 700 2.158545
709 719 -0.759365
709 809 0.315134
710 711 0.491555
710 720 0.438840
710 810 1.166271
711 712 0.379568
711 721 -1.768596
711 811 -0.529721
712 713 0.262858
712 722 0.726885
712 812 0.919093
713 714 1.751375
713 723 0.355505
713 813 1.434668
714 715 -1.513988
714 724 1.636197
714 814 0.112305
715 716 0.234018
715 725 0.066190
715 815 -0.087323
716 717 -0.714375
716 726 1.192939
716 816 0.156013
717 718 -0.381196
717 727 -0.456488
717 817 0.644569
718 719 0.325858
718 728 0.457077
718 818 -0.610584
719 710 -0.405748
719 729 -1.686201
719 819 -1.849533
720 721 0.128631
720 730 -0.836261
720 820 0.073891
721 722 -1.170478
721 731 -0.835204
721 821 -0.563835
722 723 -1.416417
722 732 1.044082
722 822 -0.447587
723 724 0.201349
723 733 1.758485
723 823 0.740403
724 725 1.618620
724 734 0.305759
724 824 -0.520406
725 726 -0.023851
725 735 -1.503878
725 825 -0.417490
726 727 -0.627450
726 736 2.573101
726 826 -1.180698
727 728 0.877765
727 737 -0.177607
727 827 -0.290253
728 729 2.155934
728 738 0.906722
728 828 -0.482544
729 720 0.143226
729 739 0.262869
729 829 -0.530276
730 731 -1.370625
730 740 0.720037
730 830 -1.562063
731 732 -0.489210
731 741 0.931677
731 831 0.453799
732 733 -0.789025
732 742 -1.647086
732 832 -1.645215
733 734 -1.127321
733 743 1.229612
733 833 0.869799
734 735 -1.193479
734 744 1.199938
734 834 -0.428684
735 736 -0.823355
735 745 0.532614
735 835 -1.228551
736 737 0.768961
736 746 -1.866244
736 836 -0.501034
737 738 1.133878
737 747 0.455034
737 837 -1.241696
738 739 1.012027
738 748 1.187917
738 838 1.705803
739 730 -1.157319
739 749 1.457871
739 839 -1.929312
740 741 1.008662
740 750 -0.263448
740 840 -0.103212
741 742 0.504499
741 751 -1.160274
741 841 -0.348629
742 743 -1.832943
742 752 -0.383982
742 842 -0.798215
743 744 -0.732239
743 753 -2.208789
743 843 -0.827728
744 745 -1.549504
744 754 0.933220
744 844 1.123626
745 746 0.025991
745 755 0.745639
745 845 -1.776274
746 747 -0.614970
746 756 -0.516769
746 846 -0.357702
747 748 -1.692194
747 757 -1.111483
747 847 -1.062876
748 749 -0.574068
748 758 1.004572
748 848 -0.002429
749 740 0.986976
749 759 -0.709516
749 849 1.580307
750 751 -1.502367
750 760 -1.417560
750 850 -0.742547
751 752 1.040712
751 761 0.499685
751 851 -0.097495
752 753 -0.030993
752 762 -0.089361
752 852 0.367747
753 754 1.311393
753 763 -1.024085
753 853 0.199845
754 755 0.428180
754 764 1.206062
754 854 0.859285
755 756 -1.051771
755 765 -0.942744
755 855 1.584548
756 757 0.988255
756 766 1.876636
756 856 0.987196
757 758 0.958300
757 767 -0.411904
757 857 0.823915
758 759 -1.029093
758 768 0.750600
758 858 1.282979
759 750 0.746093
759 769 -0.380440
759 859 1.654798
760 761 0.518701
760 770 0.443676
760 860 1.172175
761 762 -0.369059
761 771 1.415052
761 861 0.453451
762 763 -1.000956
762 772 -0.585982
762 862 0.054900
763 764 0.498963
763 773 -0.663777
763 863 0.930312
764 765 0.082917
764 774 -1.023275
764 864 0.879965
765 766 0.270879
765 775 0.505489
765 865 1.437187
766 767 -0.403179
766 776 -0.661822
766 866 -0.127917
767 768 0.677326
767 777 -0.067853
767 867 -0.419035
768 769 0.442981
768 778 1.304089
768 868 0.390888
769 760 0.756138
769 779 -2.142685
769 869 1.035801
770 771 0.122557
770 780 -2.493714
770 870 1.104659
771 772 -0.691420
771 781 -0.425724
771 871 -1.246774
772 773 1.662998
772 782 1.098922
772 872 -1.162938
773 774 -0.061506
773 783 1.788870
773 873 -0.886869
774 775 -0.874551
774 784 -0.934942
774 874 -0.395345
775 776 0.089827
775 785 -1.040157
775 875 -1.283710
776 777 0.946905
776 786 0.060707
776 876 -1.141876
777 778 1.738676
777 787 0.991412
777 877 -0.395492
778 779 1.605026
778 788 -0.906515
778 878 0.029556
779 770 -0.504407
779 789 2.033082
779 879 0.553733
780 781 1.096768
780 790 -2.478617
780 880 -0.539920
781 782 -0.161559
781 791 0.398696
781 881 -0.015945
782 783 0.936613
782 792 0.885608
782 882 1.963408
783 784 -0.515922
783 793 0.139335
783 883 0.236945
784 785 -0.944768
784 794 0.617049
784 884 -0.523463
785 786 0.467731
785 795 -0.016736
785 885 0.542693
786 787 -1.044713
786 796 0.466507
786 886 -0.462867
787 788 -0.981133
787 797 -0.476821
787 887 -0.753632
788 789 0.024113
788 798 1.289137
788 888 3.035327
789 780 0.504422
789 799 -0.398272
789 889 0.254202
790 791 -2.161477
790 700 0.247449
790 890 -1.101047
791 792 -0.557263
791 701 0.331995
791 891 0.056660
792 793 -1.614380
792 702 -0.570637
792 892 0.780786
793 794 0.076198
793 703 0.620389
793 893 -0.741276
794 795 1.023084
794 704 -0.674645
794 894 -1.164847
795 796 -0.603549
795 705 -0.691727
795 895 0.571103
796 797 -1.435025
796 706 0.032432
796 896 -0.304973
797 798 1.288192
797 707 -0.365877
797 897 1.569455
798 799 0.271442
798 708 -1.252087
798 898 1.326144
799 790 0.547310
799 709 -0.093426
799 899 0.344530
800 801 0.026056
800 810 0.147631
800 900 1.149612
801 802 -0.340755
801 811 0.534274
801 901 0.536653
802 803 -0.459612
802 812 0.124939
802 902 0.676935
803 804 0.525503
803 813 0.159266
803 903 -0.809419
804 805 -1.091734
804 814 0.190770
804 904 1.133486
805 806 0.034886
805 815 -0.442880
805 905 0.918788
806 807 0.433655
806 816 0.593812
806 906 -0.759613
807 808 0.913014
807 817 1.090313
807 907 1.086252
808 809 1.001201
808 818 -1.102415
808 908 -0.970157
809 800 -0.308527
809 819 -0.846627
809 909 1.233190
810 811 -2.897634
810 820 -0.839090
810 910 -0.184230
811 812 -0.607302
811 821 1.676403
811 911 0.592113
812 813 0.384326
812 822 -0.225053
812 912 1.272801
813 814 -1.179547
813 823 0.639945
813 913 0.146053
814 815 0.216509
814 824 -0.932828
814 914 -0.116792
815 816 0.501451
815 825 1.393726
815 915 -0.273712
816 817 1.023198
816 826 -0.544050
816 916 -1.045073
817 818 0.062482
817 827 1.115694
817 917 0.783823
818 819 -0.301029
818 828 -0.607462
818 918 0.337852
819 810 1.221817
819 829 -1.474465
819 919 -0.090263
820 821 -0.582299
820 830 -0.379280
820 920 0.124278
821 822 2.191343
821 831 -0.903278
821 921 1.887594
822 823 0.827561
822 832 -2.180307
822 922 -1.689015
823 824 0.066916
823 833 0.083163
823 923 -1.983267
824 825 0.367184
824 834 0.049831
824 924 0.823079
825 826 -1.093823
825 835 -1.224803
825 925 1.465424
826 827 -2.532506
826 836 0.171597
826 926 -1.730617
827 828 0.101214
827 837 -0.059239
827 927 -0.122972
828 829 -0.677374
828 838 0.147389
828 928 -0.518063
829 820 -1.117862
829 839 -0.423999
829 929 0.832943
830 831 1.042757
830 840 -0.930843
830 930 -0.562095
831 832 -0.546841
831 841 -0.490473
831 931 0.418561
832 833 -1.203304
832 842 0.401980
832 932 0.630779
833 834 1.807062
833 843 -1.883094
833 933 0.447579
834 835 0.188173
834 844 -0.351403
834 934 -1.819670
835 836 0.369191
835 845 -0.418790
835 935 -0.602449
836 837 -1.287593
836 846 -2.511214
836 936 0.273401
837 838 0.366731
837 847 -0.184076
837 937 -0.702878
838 839 0.283439
838 848 -0.275753
838 938 0.277578
839 830 1.013888
839 849 0.234876
839 939 2.382427
840 841 -0.231854
840 850 0.932863
840 940 -1.837839
841 842 0.815289
841 851 -0.389741
841 941 0.072860
842 843 -0.939365
842 852 -0.476129
842 942 -1.140611
843 844 2.370213
843 853 -0.601855
843 943 1.606368
844 845 0.500306
844 854 1.612756
844 944 0.793654
845 846 0.847739
845 855 0.684242
845 945 -0.709959
846 847 0.135453
846 856 1.090080
846 946 -1.873710
847 848 -0.921555
847 857 3.001021
847 947 -0.126026
848 849 1.400870
848 858 -0.745250
848 948 0.606780
849 840 -1.024860
849 859 0.244587
849 949 1.092018
850 851 -0.256133
850 860 -0.248229
850 950 -0.624379
851 852 -0.724442
851 861 0.968210
851 951 0.026008
852 853 -0.427953
852 862 -0.332535
852 952 -0.181385
853 854 0.838268
853 863 0.618017
853 953 0.424132
854 855 -1.337251
854 864 -2.277103
854 954 -0.537434
855 856 -0.464523
855 865 0.289436
855 955 -0.995249
856 857 0.518261
856 866 0.109956
856 956 -2.031620
857 858 1.162021
857 867 -2.323220
857 957 0.567257
858 859 1.471469
858 868 0.894415
858 958 0.763210
859 850 -0.092553
859 869 -2.875016
859 959 0.293180
860 861 0.593863
860 870 0.250909
860 960 -1.084048
861 862 0.828787
861 871 1.855901
861 961 -1.166427
862 863 1.522038
862 872 0.230113
862 962 -0.099433
863 864 0.056612
863 873 -0.557029
863 963 0.049018
864 865 1.683050
864 874 -1.053017
864 964 -2.613111
865 866 -1.472042
865 875 0.346895
865 965 -0.493613
866 867 0.248536
866 876 1.144253
866 966 0.189888
867 868 -0.635017
867 877 0.030476
867 967 -0.073794
868 869 1.489148
868 878 2.021751
868 968 -0.354835
869 860 0.904659
869 879 0.516806
869 969 -1.459390
870 871 0.350076
870 880 0.901083
870 970 -0.533846
871 872 -1.119008
871 881 0.465827
871 971 -0.264664
872 873 -0.737788
872 882 0.246777
872 972 1.354522
873 874 -0.478321
873 883 -0.402744
873 973 1.040228
874 875 0.393504
874 884 -0.195428
874 974 1.607705
875 876 -1.480692
875 885 1.455575
875 975 0.081266
876 877 1.165913
876 886 -1.025112
876 976 -0.407687
877 878 -0.474835
877 887 -0.039007
877 977 -1.090131
878 879 -0.261731
878 888 2.517038
878 978 0.785200
879 870 -2.037084
879 889 0.079739
879 979 1.227801
880 881 -0.429512
880 890 -0.924515
880 980 0.708668
881 882 -0.561550
881 891 -0.700989
881 981 1.113840
882 883 -0.064794
882 892 -0.432788
882 982 0.468142
883 884 1.196567
883 893 0.095635
883 983 -0.588924
884 885 -0.382941
884 894 -0.994747
884 984 0.260599
885 886 -0.086876
885 895 1.127419
885 985 -0.811099
886 887 -1.060667
886 896 -0.431782
886 986 -0.212400
887 888 -0.557974
887 897 -0.430614
887 987 1.438273
888 889 -0.272307
888 898 0.439537
888 988 0.757956
889 880 0.028269
889 899 1.382974
889 989 -0.111167
890 891 0.986408
890 800 -1.579332
890 990 0.296102
891 892 -0.791055
891 801 -0.423133
891 991 2.481402
892 893 0.997208
892 802 0.326229
892 992 1.286309
893 894 0.613367
893 803 1.472093
893 993 -1.567771
894 895 -0.615622
894 804 0.471288
894 994 -0.837450
895 896 0.913726
895 805 -0.488829
895 995 2.017746
896 897 0.431142
896 806 -1.880769
896 996 0.117958
897 898 0.041090
897 807 -0.403538
897 997 0.547495
898 899 0.986825
898 808 0.960550
898 998 -0.756651
899 890 -0.717244
899 809 -0.312611
899 999 -0.918563
900 901 -1.385572
900 910 2.428523
900 0 -0.300756
901 902 -0.519588
901 911 0.088052
901 1 0.527051
902 903 0.856511
902 912 1.323620
902 2 -0.243760
903 904 -0.241160
903 913 -0.689833
903 3 -0.129236
904 905 0.178069
904 914 -0.339654
904 4 -0.964274
905 906 1.247209
905 915 -0.435048
905 5 0.011484
906 907 1.500921
906 916 -0.696120
906 6 -0.128337
907 908 -0.872788
907 917 -1.072101
907 7 0.115953
908 909 -1.593374
908 918 -1.031463
908 8 0.569183
909 900 0.330863
909 919 0.144185
909 9 -0.712687
910 911 -1.635213
910 920 -0.483046
910 10 -1.160302
911 912 1.777545
911 921 0.583040
911 11 0.475457
912 913 0.443031
912 922 1.261284
912 12 0.943982
913 914 -1.103267
913 923 -0.251134
913 13 -0.331367
914 915 0.438395
914 924 0.652874
914 14 0.420227
915 916 1.128686
915 925 -0.164397
915 15 -0.104033
916 917 -0.035149
916 926 1.168391
916 16 0.690037
917 918 0.287850
917 927 0.432147
917 17 -1.434573
918 919 -0.040578
918 928 -1.922496
918 18 0.162085
919 910 0.842877
919 929 -1.401743
919 19 0.257641
920 921 -0.624857
920 930 -0.023616
920 20 0.500876
921 922 -0.616411
921 931 -0.120583
921 21 -0.061551
922 923 0.634658
922 932 0.394197
922 22 -0.998592
923 924 0.019110
923 933 -0.845994
923 23 1.472130
924 925 -0.943583
924 934 0.457608
924 24 -1.715308
925 926 0.623777
925 935 -0.951519
925 25 -0.275402
926 927 -0.257800
926 936 -0.134648
926 26 0.055427
927 928 -1.050978
927 937 -1.227913
927 27 0.133172
928 929 -0.911244
928 938 -0.707277
928 28 -0.338387
929 920 0.314036
929 939 0.455059
929 29 1.738171
930 931 0.675105
930 940 0.294660
930 30 0.779144
931 932 0.935567
931 941 1.455289
931 31 1.320309
932 933 0.876428
932 942 -0.413963
932 32 1.414381
933 934 0.143461
933 943 -0.317026
933 33 -0.856301
934 935 -0.331189
934 944 -0.781290
934 34 0.928855
935 936 0.459790
935 945 -0.426097
935 35 2.230719
936 937 1.174309
936 946 1.780420
936 36 -0.367784
937 938 0.277572
937 947 -0.252425
937 37 -0.996613
938 939 -1.496317
938 948 1.993349
938 38 0.693598
939 930 -0.190364
939 949 0.690220
939 39 -0.361101
940 941 0.385437
940 950 1.491902
940 40 -0.278784
941 942 0.116337
941 951 1.456416
941 41 -1.979172
942 943 0.088990
942 952 -0.956779
942 42 0.922613
943 944 0.399251
943 953 0.384246
943 43 0.038138
944 945 0.424244
944 954 0.353168
944 44 -1.827675
945 946 0.241672
945 955 -1.396471
945 45 -0.666590
946 947 0.837115
946 956 0.035328
946 46 2.220528
947 948 0.040599
947 957 -0.876521
947 47 -0.879791
948 949 0.586979
948 958 0.192745
948 48 0.072195
949 940 -0.840698
949 959 -0.961592
949 49 0.060220
950 951 -0.738921
950 960 -0.243976
950 50 0.387552
951 952 -0.131468
951 961 -0.470517
951 51 -0.192670
952 953 0.443159
952 962 -0.309320
952 52 0.403883
953 954 0.470661
953 963 0.197318
953 53 -0.208667
954 955 0.630029
954 964 -1.154533
954 54 -1.291313
955 956 1.502147
955 965 0.221559
955 55 1.219413
956 957 1.312633
956 966 -1.507958
956 56 0.425363
957 958 0.227317
957 967 2.200932
957 57 0.261924
958 959 0.201238
958 968 -0.977689
958 58 0.457311
959 950 0.022422
959 969 0.088007
959 59 -0.076429
960 961 -0.643956
960 970 1.097868
960 60 0.565571
961 962 1.647146
961 971 0.085423
961 61 0.178885
962 963 0.484243
962 972 0.037338
962 62 -1.424804
963 964 0.302690
963 973 -0.171842
963 63 -0.391924
964 965 -0.682437
964 974 -0.830701
964 64 -2.159223
965 966 -1.333521
965 975 -1.450435
965 65 0.253756
966 967 0.259665
966 976 0.260649
966 66 -1.450188
967 968 1.501230
967 977 -0.754623
967 67 1.784427
968 969 -0.419715
968 978 -1.494814
968 68 0.172969
969 960 -0.785956
969 979 0.718528
969 69 -0.911766
970 971 -0.786539
970 980 -0.268838
970 70 1.950452
971 972 0.140072
971 981 -1.146645
971 71 1.648936
972 973 0.971369
972 982 -0.001497
972 72 0.494409
973 974 -0.323055
973 983 0.077181
973 73 1.765771
974 975 0.124324
974 984 -0.740990
974 74 -0.398973
975 976 -0.026298
975 985 -2.058604
975 75 -0.973820
976 977 0.576836
976 986 0.218532
976 76 0.436455
977 978 0.800919
977 987 0.008297
977 77 0.881905
978 979 0.041775
978 988 -0.964156
978 78 -0.160801
979 970 0.414714
979 989 1.326156
979 79 0.097751
980 981 0.206562
980 990 0.719315
980 80 -0.752302
981 982 0.417583
981 991 -0.283703
981 81 1.622059
982 983 -0.591956
982 992 0.065360
982 82 0.328218
983 984 -1.515268
983 993 -1.681242
983 83 0.003332
984 985 0.309073
984 994 -0.243748
984 84 -1.936902
985 986 0.301247
985 995 0.329085
985 85 -0.950301
986 987 -0.438951
986 996 0.172032
986 86 0.937159
987 988 -1.613113
987 997 0.962307
987 87 -0.046050
988 989 -1.071781
988 998 0.115329
988 88 0.100932
989 980 0.019223
989 999 -0.534526
989 89 -1.777571
990 991 -1.734124
990 900 0.562500
990 90 0.696876
991 992 0.110811
991 901 -1.531540
991 91 2.011856
992 993 0.888446
992 902 -0.546022
992 92 0.863875
993 994 -0.587604
993 903 1.070500
993 93 0.826259
994 995 0.602616
994 904 -0.320974
994 94 -1.501315
995 996 0.343592
995 905 -0.911212
995 95 0.257571
996 997 0.990211
996 906 1.003903
996 96 0.111899
997 998 -0.430642
997 907 0.199929
997 97 -0.869140
998 999 0.527323
998 908 0.581011
998 98 0.452846
999 990 -1.472217
999 909 -0.348186
999 99 -0.504594
