0 1 -2.333381
0 10 -0.141471
0 100 -0.026006
1 2 0.146855
1 11 -0.218270
1 101 0.664090
2 3 -0.035066
2 12 -1.470541
2 102 1.038843
3 4 -1.533064
3 13 1.192100
3 103 0.954594
4 5 0.429333
4 14 -0.298147
4 104 0.396209
5 6 0.357516
5 15 -1.848960
5 105 -2.257719
6 7 -0.411821
6 16 -0.520309
6 106 -0.548730
7 8 -0.825782
7 17 1.199086
7 107 0.934570
8 9 0.917316
8 18 0.787508
8 108 -0.932800
9 0 0.377692
9 19 1.433226
9 109 1.816299
10 11 1.424444
10 20 1.904253
10 110 0.132991
11 12 0.228534
11 21 0.269933
11 111 -0.030679
12 13 -1.493702
12 22 0.456715
12 112 -1.034026
13 14 0.517846
13 23 -0.771483
13 113 -1.825869
14 15 -0.649134
14 24 -0.264234
14 114 -0.086969
15 16 1.118063
15 25 0.201987
15 115 -0.030150
16 17 -2.511682
16 26 -0.139683
16 116 -2.079459
17 18 0.322283
17 27 0.174254
17 117 -0.322605
18 19 -1.572022
18 28 -0.065999
18 118 0.190695
19 10 -2.874255
19 29 -1.582404
19 119 0.892930
20 21 -0.313382
20 30 -0.523466
20 120 0.662952
21 22 0.744462
21 31 1.055653
21 121 0.583264
22 23 -0.676313
22 32 0.663088
22 122 -2.355305
23 24 0.925782
23 33 0.273914
23 123 -1.371787
24 25 0.584235
24 34 -0.437591
24 124 1.645464
25 26 -0.537568
25 35 0.051837
25 125 0.573460
26 27 0.935488
26 36 0.016273
26 126 0.137057
27 28 1.520818
27 37 -0.385698
27 127 0.475178
28 29 1.092888
28 38 -0.285713
28 128 0.343068
29 20 -0.558843
29 39 -0.332488
29 129 -1.499740
30 31 -0.196737
30 40 -1.081069
30 130 -0.488157
31 32 -0.635600
31 41 -0.166730
31 131 1.625226
32 33 1.103865
32 42 -0.841644
32 132 0.493747
33 34 -0.793367
33 43 -1.038559
33 133 -0.104971
34 35 -1.088113
34 44 -1.609769
34 134 -0.200928
35 36 0.620241
35 45 0.949556
35 135 0.293642
36 37 -0.391499
36 46 0.207242
36 136 -0.156607
37 38 0.181675
37 47 0.228944
37 137 -0.286828
38 39 1.091779
38 48 -1.384732
38 138 -0.121617
39 30 0.349860
39 49 -1.625453
39 139 -0.562480
40 41 2.021396
40 50 -0.829027
40 140 0.053518
41 42 -0.102621
41 51 2.415439
41 141 0.095408
42 43 -0.286652
42 52 1.675237
42 142 -2.288520
43 44 -0.199156
43 53 -1.425047
43 143 -0.702772
44 45 -0.690279
44 54 -0.415697
44 144 0.182892
45 46 1.361345
45 55 0.127923
45 145 -0.024932
46 47 -0.806683
46 56 0.042153
46 146 -0.625293
47 48 -0.189644
47 57 -0.039623
47 147 0.021500
48 49 -0.208049
48 58 1.188529
48 148 -0.766651
49 40 -0.918299
49 59 -0.964372
49 149 0.910660
50 51 -0.080924
50 60 -0.107935
50 150 0.327488
51 52 1.931445
51 61 1.663641
51 151 1.664388
52 53 0.499768
52 62 1.101537
52 152 -0.510308
53 54 -0.466850
53 63 -0.383189
53 153 0.445993
54 55 -1.078482
54 64 -0.246208
54 154 1.187711
55 56 -1.890976
55 65 -1.960084
55 155 -1.260286
56 57 -0.093049
56 66 0.770614
56 156 0.311282
57 58 1.290795
57 67 -0.463860
57 157 0.285213
58 59 0.510030
58 68 -0.066804
58 158 -0.859721
59 50 0.532936
59 69 1.222137
59 159 -1.195820
60 61 2.088929
60 70 1.112573
60 160 -1.042832
61 62 -0.597979
61 71 0.680837
61 161 -0.261187
62 63 -0.168017
62 72 0.487702
62 162 -0.941838
63 64 -1.212210
63 73 -0.661311
63 163 -0.013875
64 65 0.433338
64 74 -0.563108
64 164 -1.841958
65 66 -0.240843
65 75 -0.014401
65 165 -1.110613
66 67 -0.843399
66 76 1.780959
66 166 -0.517446
67 68 -0.332378
67 77 -1.121245
67 167 0.462213
68 69 0.494328
68 78 0.427511
68 168 0.155550
69 60 0.806231
69 79 0.391676
69 169 -0.312849
70 71 1.179713
70 80 -0.998257
70 170 2.092969
71 72 -0.307804
71 81 -1.812202
71 171 0.764495
72 73 0.960801
72 82 -0.516921
72 172 0.312765
73 74 0.404686
73 83 1.474065
73 173 -0.967890
74 75 0.542829
74 84 -0.664311
74 174 -2.183994
75 76 -1.435319
75 85 -1.716506
75 175 0.116595
76 77 -0.816421
76 86 1.307216
76 176 1.495899
77 78 1.138996
77 87 1.339266
77 177 0.666034
78 79 -0.596729
78 88 -0.181354
78 178 -0.910682
79 70 0.027400
79 89 0.018072
79 179 0.257955
80 81 -0.387135
80 90 -1.877078
80 180 -1.266210
81 82 -0.047325
81 91 -0.390243
81 181 -1.476654
82 83 -1.362731
82 92 -0.059837
82 182 -0.041687
83 84 -0.042298
83 93 1.088082
83 183 -1.224565
84 85 2.059636
84 94 -0.923268
84 184 0.182968
85 86 -0.929710
85 95 -0.566602
85 185 -0.161584
86 87 2.848731
86 96 0.717355
86 186 0.312299
87 88 0.774382
87 97 1.748083
87 187 0.797132
88 89 -0.369029
88 98 -0.918682
88 188 -0.488126
89 80 0.091033
89 99 0.780376
89 189 0.088212
90 91 -1.923438
90 0 -0.246163
90 190 0.207860
91 92 -3.334698
91 1 -0.311347
91 191 -0.827185
92 93 0.872310
92 2 0.175954
92 192 1.733416
93 94 0.941238
93 3 -0.664914
93 193 1.471660
94 95 0.294432
94 4 -0.177544
94 194 0.102213
95 96 -0.271307
95 5 0.714474
95 195 -0.586413
96 97 0.857357
96 6 1.279415
96 196 -0.982155
97 98 0.473628
97 7 1.830293
97 197 -1.914536
98 99 -0.978934
98 8 -1.764678
98 198 -0.275485
99 90 0.502552
99 9 -0.303505
99 199 -1.082691
100 101 1.759434
100 110 1.379420
100 200 1.524325
101 102 0.391162
101 111 1.447493
101 201 1.204267
102 103 -1.794968
102 112 -0.174231
102 202 0.542899
103 104 -0.356550
103 113 0.044153
103 203 -0.003857
104 105 0.777512
104 114 0.099022
104 204 -0.522061
105 106 -0.424667
105 115 0.814883
105 205 0.110233
106 107 -1.044769
106 116 -0.903519
106 206 -1.103124
107 108 1.783236
107 117 -2.632420
107 207 0.177105
108 109 -2.324875
108 118 0.341835
108 208 0.292611
109 100 0.431635
109 119 -1.279448
109 209 0.009138
110 111 1.685671
110 120 -0.903459
110 210 0.119013
111 112 -2.659531
111 121 -1.290529
111 211 1.378481
112 113 0.058235
112 122 -1.001699
112 212 0.666802
113 114 -0.906044
113 123 -0.711416
113 213 -1.090697
114 115 -0.283869
114 124 0.603951
114 214 -0.881983
115 116 1.358638
115 125 -1.862652
115 215 2.582469
116 117 -0.573933
116 126 0.036656
116 216 -0.326781
117 118 1.274209
117 127 -0.907727
117 217 -1.668482
118 119 -0.004884
118 128 0.160350
118 218 -0.218728
119 110 -0.364966
119 129 0.906196
119 219 0.145617
120 121 1.372543
120 130 1.178694
120 220 1.405450
121 122 -0.827957
121 131 -0.734930
121 221 -1.261621
122 123 0.351761
122 132 -1.637309
122 222 -0.075899
123 124 0.620963
123 133 0.389850
123 223 1.083305
124 125 0.141060
124 134 -1.697248
124 224 1.571614
125 126 -1.477342
125 135 -1.710722
125 225 -1.165646
126 127 -0.755268
126 136 -0.047431
126 226 -0.777375
127 128 0.820181
127 137 -1.479743
127 227 -0.319549
128 129 1.791973
128 138 1.027710
128 228 -0.606743
129 120 1.105115
129 139 -1.535422
129 229 -1.095022
130 131 -1.691019
130 140 1.187940
130 230 0.030710
131 132 0.189343
131 141 1.382639
131 231 0.058250
132 133 0.893436
132 142 -2.036234
132 232 0.623769
133 134 0.569545
133 143 -0.097047
133 233 -1.059615
134 135 -0.967177
134 144 -1.266546
134 234 0.031075
135 136 2.009604
135 145 0.069643
135 235 -0.159278
136 137 -0.118094
136 146 -1.555318
136 236 -1.716793
137 138 0.653387
137 147 0.388928
137 237 0.217649
138 139 -0.565816
138 148 -0.649671
138 238 0.450139
139 130 1.122197
139 149 -0.107869
139 239 0.727373
140 141 -1.452689
140 150 -0.075392
140 240 -1.630350
141 142 -1.181553
141 151 -1.279580
141 241 -0.958262
142 143 -0.566437
142 152 1.114830
142 242 -0.298241
143 144 1.458454
143 153 0.731909
143 243 1.019206
144 145 0.030903
144 154 1.199684
144 244 -0.293623
145 146 -0.469630
145 155 0.143908
145 245 -0.751008
146 147 -0.638110
146 156 0.453190
146 246 0.942890
147 148 -1.009450
147 157 1.367196
147 247 0.430502
148 149 -1.554129
148 158 1.733043
148 248 -0.515771
149 140 0.144992
149 159 0.503827
149 249 1.411713
150 151 0.831056
150 160 -0.072492
150 250 -1.444666
151 152 -0.626497
151 161 -1.235361
151 251 -0.333819
152 153 2.114402
152 162 -1.220404
152 252 0.218938
153 154 0.641526
153 163 -0.077004
153 253 0.191400
154 155 -0.655592
154 164 -2.118104
154 254 0.893962
155 156 -1.681140
155 165 0.087104
155 255 -1.537969
156 157 0.052407
156 166 -1.429976
156 256 -1.047635
157 158 -0.391038
157 167 -0.842985
157 257 2.455601
158 159 0.326333
158 168 -0.265790
158 258 -1.248002
159 150 -0.840431
159 169 0.654510
159 259 1.256916
160 161 0.308781
160 170 -0.291843
160 260 -0.970508
161 162 -0.712606
161 171 -0.136586
161 261 -0.421234
162 163 -0.413632
162 172 -0.206021
162 262 0.481957
163 164 0.268428
163 173 -1.065040
163 263 -0.385555
164 165 2.242439
164 174 -2.288324
164 264 0.839398
165 166 -0.509895
165 175 -1.061487
165 265 0.037499
166 167 0.725739
166 176 1.079992
166 266 0.598698
167 168 -2.425400
167 177 0.570208
167 267 -1.573961
168 169 0.534372
168 178 0.247302
168 268 -0.802542
169 160 1.283620
169 179 -0.573500
169 269 -0.723788
170 171 -1.440866
170 180 -0.095197
170 270 1.138000
171 172 1.195654
171 181 -0.224186
171 271 -0.810352
172 173 -1.313711
172 182 -0.480742
172 272 0.413465
173 174 0.671613
173 183 -0.268884
173 273 -0.561080
174 175 0.846154
174 184 0.741684
174 274 -0.773764
175 176 0.231658
175 185 0.224353
175 275 0.506923
176 177 0.001874
176 186 0.172308
176 276 0.499644
177 178 -0.257043
177 187 1.401649
177 277 -0.823652
178 179 -2.430737
178 188 0.960077
178 278 -1.216215
179 170 -0.004541
179 189 0.044538
179 279 -0.024610
180 181 0.890290
180 190 -1.357373
180 280 -1.364893
181 182 -0.126398
181 191 0.260728
181 281 0.561537
182 183 -0.174412
182 192 1.055089
182 282 -1.471701
183 184 0.107981
183 193 -0.918759
183 283 -0.623030
184 185 -0.900285
184 194 0.809723
184 284 2.810830
185 186 -0.416220
185 195 0.270237
185 285 -0.202347
186 187 -0.327187
186 196 2.279225
186 286 1.112362
187 188 0.355472
187 197 -0.906344
187 287 1.503809
188 189 -2.059397
188 198 -0.079495
188 288 -1.130956
189 180 0.456299
189 199 0.824739
189 289 -0.390942
190 191 0.834952
190 100 -0.560710
190 290 -0.695670
191 192 1.070643
191 101 -1.029719
191 291 -0.366469
192 193 -0.125590
192 102 -0.041683
192 292 -1.364395
193 194 -0.505570
193 103 1.697385
193 293 -0.175896
194 195 -0.723802
194 104 0.123937
194 294 0.943198
195 196 -1.474924
195 105 0.053278
195 295 -0.874912
196 197 0.746838
196 106 -0.024688
196 296 -1.180998
197 198 -0.921157
197 107 -0.298134
197 297 0.022088
198 199 -0.736581
198 108 -1.108591
198 298 -0.003676
199 190 -0.040573
199 109 1.186167
199 299 0.716423
200 201 0.823478
200 210 0.116349
200 300 0.242839
201 202 0.332399
201 211 0.529423
201 301 0.887588
202 203 2.755152
202 212 -0.325639
202 302 0.675992
203 204 -0.222532
203 213 1.972828
203 303 0.606061
204 205 0.108927
204 214 -0.450827
204 304 0.257171
205 206 0.677244
205 215 -0.219485
205 305 0.348347
206 207 -1.249611
206 216 -0.313073
206 306 1.440693
207 208 -0.038951
207 217 -0.847330
207 307 0.353843
208 209 -0.236092
208 218 1.992262
208 308 -1.707073
209 200 -0.650081
209 219 -0.735589
209 309 -0.658058
210 211 -1.334485
210 220 2.219799
210 310 -1.294076
211 212 -0.724253
211 221 -0.472900
211 311 0.023137
212 213 1.476121
212 222 -0.024924
212 312 -0.315607
213 214 0.453682
213 223 1.154000
213 313 -0.230546
214 215 -1.186830
214 224 -2.841526
214 314 -0.987461
215 216 1.635974
215 225 -0.368119
215 315 1.043203
216 217 0.179862
216 226 0.403959
216 316 0.433956
217 218 -0.096151
217 227 0.802189
217 317 0.764957
218 219 0.272484
218 228 -2.379137
218 318 -1.594610
219 210 2.651723
219 229 -0.373314
219 319 1.142750
220 221 -1.947243
220 230 0.254762
220 320 0.954150
221 222 -0.690198
221 231 1.360544
221 321 -1.978182
222 223 -1.140099
222 232 -0.284194
222 322 0.893458
223 224 1.624322
223 233 -0.472861
223 323 -0.365802
224 225 0.724844
224 234 0.496594
224 324 0.521657
225 226 -0.895904
225 235 -0.348721
225 325 0.688824
226 227 1.172483
226 236 0.338525
226 326 0.331896
227 228 0.321454
227 237 -0.014107
227 327 0.334310
228 229 -0.479397
228 238 -0.972484
228 328 -0.269437
229 220 0.863341
229 239 0.653028
229 329 1.458025
230 231 1.123139
230 240 -0.397227
230 330 0.063391
231 232 -2.156775
231 241 -0.881545
231 331 0.290520
232 233 1.046005
232 242 0.364595
232 332 -1.499741
233 234 0.311592
233 243 0.851647
233 333 0.412155
234 235 -0.689368
234 244 0.286689
234 334 0.378777
235 236 2.092637
235 245 -1.514203
235 335 1.548778
236 237 -0.590050
236 246 0.274768
236 336 0.379400
237 238 0.327349
237 247 0.647658
237 337 -0.036184
238 239 -1.303316
238 248 0.929859
238 338 1.215980
239 230 0.073025
239 249 0.094997
239 339 -0.948389
240 241 0.969617
240 250 1.019674
240 340 -0.164426
241 242 0.353916
241 251 0.031918
241 341 0.872041
242 243 -0.034885
242 252 -2.148062
242 342 -0.437534
243 244 -0.796194
243 253 -0.348680
243 343 -0.259314
244 245 0.148232
244 254 -1.446980
244 344 0.473110
245 246 0.079742
245 255 1.836543
245 345 -0.367077
246 247 0.361528
246 256 1.372541
246 346 -0.859086
247 248 -0.760179
247 257 -1.261672
247 347 1.219179
248 249 1.106359
248 258 0.128646
248 348 -0.807311
249 240 1.334261
249 259 -0.113692
249 349 -0.428197
250 251 -1.051653
250 260 0.011512
250 350 -1.754417
251 252 0.069622
251 261 -0.733081
251 351 0.467061
252 253 0.617536
252 262 0.962890
252 352 1.587046
253 254 -0.010586
253 263 -0.160172
253 353 -0.079370
254 255 0.519043
254 264 -0.512241
254 354 1.651630
255 256 -3.033108
255 265 0.542184
255 355 0.146295
256 257 0.037797
256 266 -0.791940
256 356 0.356612
257 258 -0.295761
257 267 -0.495003
257 357 -1.864051
258 259 -0.023192
258 268 0.563886
258 358 -0.116631
259 250 1.385446
259 269 -2.576786
259 359 -0.711041
260 261 0.830566
260 270 -0.171014
260 360 -0.445419
261 262 0.512068
261 271 1.164918
261 361 -0.305703
262 263 0.942288
262 272 -1.431829
262 362 0.662120
263 264 -0.252623
263 273 0.788142
263 363 -1.362869
264 265 1.072362
264 274 0.044739
264 364 0.306900
265 266 -1.321798
265 275 1.234256
265 365 1.481750
266 267 -1.668808
266 276 0.406747
266 366 0.889293
267 268 -0.014878
267 277 0.611111
267 367 -0.165167
268 269 0.057123
268 278 -0.448839
268 368 0.510686
269 260 -1.260376
269 279 1.027747
269 369 -0.911433
270 271 -1.990730
270 280 1.494418
270 370 1.429398
271 272 1.446008
271 281 -0.839496
271 371 0.444969
272 273 0.040994
272 282 -0.682682
272 372 -0.565655
273 274 0.601574
273 283 0.942904
273 373 0.483575
274 275 -0.433698
274 284 1.011648
274 374 -0.627348
275 276 -0.159110
275 285 -0.915702
275 375 1.395658
276 277 -1.610844
276 286 -0.610196
276 376 -0.290250
277 278 0.684464
277 287 -1.629654
277 377 -0.474710
278 279 0.917008
278 288 -0.108019
278 378 -0.404686
279 270 -1.939900
279 289 0.529617
279 379 -0.132020
280 281 3.363759
280 290 -0.763902
280 380 0.321793
281 282 -1.871174
281 291 0.048014
281 381 0.381332
282 283 -0.063961
282 292 1.643854
282 382 -0.764621
283 284 -0.274289
283 293 1.440353
283 383 1.373528
284 285 -0.697084
284 294 0.065219
284 384 1.709302
285 286 -0.981682
285 295 0.240715
285 385 -0.711409
286 287 -0.139568
286 296 -0.256229
286 386 0.254516
287 288 0.927175
287 297 0.223881
287 387 -0.463476
288 289 -0.524988
288 298 -0.030507
288 388 1.504070
289 280 0.599923
289 299 -0.226475
289 389 1.184345
290 291 1.748113
290 200 0.178806
290 390 -0.771575
291 292 0.679597
291 201 1.388122
291 391 1.262116
292 293 1.296669
292 202 -0.578598
292 392 1.072251
293 294 0.456432
293 203 -0.879693
293 393 2.279650
294 295 -0.262004
294 204 -0.948197
294 394 -0.577141
295 296 0.317368
295 205 2.425696
295 395 -1.649374
296 297 0.780786
296 206 0.334264
296 396 1.548331
297 298 -0.312587
297 207 0.579550
297 397 0.798639
298 299 0.938599
298 208 1.049296
298 398 -0.629063
299 290 0.620312
299 209 -1.058422
299 399 0.109896
300 301 0.462356
300 310 -0.979651
300 400 -0.401182
301 302 2.395141
301 311 0.200180
301 401 1.207588
302 303 -0.950715
302 312 1.530830
302 402 0.224202
303 304 1.287201
303 313 -1.282792
303 403 1.314104
304 305 -1.143023
304 314 1.511460
304 404 -0.428879
305 306 -0.093412
305 315 1.928293
305 405 -0.141471
306 307 1.296299
306 316 0.639456
306 406 0.778322
307 308 -1.084638
307 317 -0.658843
307 407 -1.226905
308 309 0.152011
308 318 -0.102067
308 408 0.412725
309 300 1.326642
309 319 -0.713901
309 409 1.009009
310 311 -0.323675
310 320 -2.099501
310 410 -2.187127
311 312 -0.476735
311 321 1.325981
311 411 0.603249
312 313 0.683553
312 322 1.715609
312 412 0.053286
313 314 -0.963472
313 323 0.021734
313 413 -1.371886
314 315 -0.981481
314 324 0.010374
314 414 0.530672
315 316 -0.035585
315 325 -1.124134
315 415 -1.866393
316 317 -1.472995
316 326 -0.351971
316 416 0.304529
317 318 0.565165
317 327 0.106206
317 417 0.992838
318 319 0.270006
318 328 0.765122
318 418 0.803384
319 310 0.490580
319 329 1.402473
319 419 -0.201269
320 321 0.253458
320 330 -0.204988
320 420 0.443726
321 322 1.027977
321 331 0.545693
321 421 0.209985
322 323 1.054259
322 332 -0.455895
322 422 -0.350152
323 324 0.465848
323 333 -0.408409
323 423 1.080642
324 325 0.154481
324 334 -0.477604
324 424 -1.255399
325 326 2.513511
325 335 -0.587970
325 425 -0.582811
326 327 -0.631680
326 336 -2.033047
326 426 0.005428
327 328 0.699580
327 337 -0.332650
327 427 -0.189133
328 329 0.436805
328 338 -0.308297
328 428 1.004736
329 320 -1.427689
329 339 -1.114331
329 429 -0.261335
330 331 1.733721
330 340 -0.175915
330 430 -1.489392
331 332 1.057789
331 341 0.378093
331 431 0.793168
332 333 1.516673
332 342 1.923990
332 432 0.850288
333 334 -0.439212
333 343 -0.069167
333 433 0.582491
334 335 -0.437636
334 344 -0.289200
334 434 1.204400
335 336 -1.016865
335 345 -1.107738
335 435 2.758185
336 337 -0.344382
336 346 -0.096321
336 436 1.134596
337 338 0.928127
337 347 -1.536244
337 437 -0.556426
338 339 0.674104
338 348 -1.965113
338 438 -1.162681
339 330 0.381413
339 349 -0.800735
339 439 -0.643261
340 341 0.561811
340 350 0.073383
340 440 -0.082029
341 342 0.144858
341 351 -0.607639
341 441 1.303183
342 343 -0.006468
342 352 0.134063
342 442 -0.838906
343 344 0.267595
343 353 -0.353591
343 443 -0.441046
344 345 -1.101138
344 354 0.714404
344 444 -0.423238
345 346 -1.783440
345 355 0.645383
345 445 -1.185849
346 347 -0.684488
346 356 -1.159138
346 446 -2.655043
347 348 -2.689462
347 357 1.871226
347 447 0.332071
348 349 -0.238367
348 358 -0.196244
348 448 0.357925
349 340 -0.447028
349 359 -1.454740
349 449 -0.790584
350 351 -1.259078
350 360 0.635735
350 450 -1.099423
351 352 -0.254313
351 361 -1.020120
351 451 -1.317326
352 353 -1.434354
352 362 -0.256093
352 452 -1.385727
353 354 2.583719
353 363 -1.438686
353 453 0.720026
354 355 -0.641081
354 364 0.777726
354 454 0.858092
355 356 0.035435
355 365 -0.728221
355 455 -0.182897
356 357 -1.082088
356 366 -0.103195
356 456 -0.212535
357 358 -0.835541
357 367 0.289663
357 457 0.718496
358 359 -1.222219
358 368 -0.096782
358 458 -0.347805
359 350 -1.713262
359 369 1.654805
359 459 -2.250874
360 361 -0.803553
360 370 0.029378
360 460 1.369740
361 362 -0.049442
361 371 0.203446
361 461 1.289060
362 363 0.324814
362 372 -0.029567
362 462 0.051702
363 364 0.219722
363 373 -1.663951
363 463 0.015542
364 365 0.429193
364 374 0.801584
364 464 -0.741534
365 366 0.656079
365 375 -0.755250
365 465 -1.410138
366 367 -0.447350
366 376 0.354317
366 466 1.533044
367 368 -0.051971
367 377 -1.752148
367 467 0.675674
368 369 -1.726271
368 378 0.900379
368 468 -0.171911
369 360 0.062640
369 379 -0.584748
369 469 -0.207581
370 371 -0.304808
370 380 -0.381737
370 470 0.601468
371 372 0.442923
371 381 0.831077
371 471 -0.092340
372 373 0.084052
372 382 0.094780
372 472 0.525226
373 374 -0.270442
373 383 -0.461515
373 473 0.075749
374 375 1.808012
374 384 0.791126
374 474 -1.924407
375 376 -0.480583
375 385 -1.701643
375 475 -0.785307
376 377 -0.021954
376 386 0.489803
376 476 -0.328969
377 378 -0.141061
377 387 1.002609
377 477 1.595260
378 379 -1.494128
378 388 1.670471
378 478 0.838872
379 370 0.590605
379 389 -1.310771
379 479 -0.682915
380 381 -0.876369
380 390 -1.610078
380 480 0.324378
381 382 -0.649823
381 391 1.013837
381 481 0.788746
382 383 -0.386911
382 392 1.162423
382 482 0.065676
383 384 -1.525834
383 393 2.633793
383 483 1.356395
384 385 -0.095110
384 394 -0.068838
384 484 0.542728
385 386 -0.269602
385 395 0.678142
385 485 0.604954
386 387 1.087068
386 396 -0.899276
386 486 -0.573664
387 388 1.252768
387 397 -0.149379
387 487 1.281507
388 389 -1.477544
388 398 0.744731
388 488 -1.050059
389 380 -1.706839
389 399 -1.469756
389 489 -0.837611
390 391 -0.876054
390 300 -0.439418
390 490 0.085371
391 392 -1.269478
391 301 -0.258978
391 491 -0.965014
392 393 -0.278728
392 302 -0.079949
392 492 -0.564969
393 394 -0.708412
393 303 -0.011107
393 493 0.068782
394 395 0.383690
394 304 -0.548736
394 494 1.148040
395 396 0.063127
395 305 -1.008018
395 495 -1.920369
396 397 -1.456456
396 306 0.610898
396 496 -0.932176
397 398 -0.240462
397 307 -0.355618
397 497 0.240047
398 399 0.087229
398 308 -1.394172
398 498 0.711637
399 390 0.983426
399 309 -0.848467
399 499 -1.092302
400 401 1.486647
400 410 0.033333
400 500 -0.438684
401 402 0.710902
401 411 1.195134
401 501 0.459494
402 403 0.783328
402 412 2.448882
402 502 0.302981
403 404 -0.410628
403 413 0.179856
403 503 0.843005
404 405 -0.838787
404 414 -1.396990
404 504 0.608548
405 406 -0.156896
405 415 -0.096420
405 505 1.672058
406 407 0.295964
406 416 -0.485562
406 506 -0.722030
407 408 0.560729
407 417 0.158334
407 507 -1.580287
408 409 -0.190100
408 418 2.272853
408 508 -1.036870
409 400 -0.728156
409 419 0.122413
409 509 1.218324
410 411 -0.990732
410 420 0.064845
410 510 0.029121
411 412 1.453403
411 421 -0.472783
411 511 1.530825
412 413 -1.381336
412 422 1.860423
412 512 0.655207
413 414 1.294123
413 423 0.819535
413 513 0.736296
414 415 -0.783307
414 424 -0.653037
414 514 1.056277
415 416 0.773451
415 425 -0.472432
415 515 0.074058
416 417 -0.790172
416 426 -0.279865
416 516 0.623679
417 418 -0.139796
417 427 0.123434
417 517 0.261097
418 419 -0.535482
418 428 0.277286
418 518 1.706322
419 410 -0.838407
419 429 0.998721
419 519 -0.279423
420 421 -1.039070
420 430 0.683844
420 520 0.849622
421 422 -0.856882
421 431 -1.654886
421 521 0.759735
422 423 -0.431783
422 432 -0.513598
422 522 -0.466206
423 424 -0.610240
423 433 0.381086
423 523 -1.829988
424 425 0.382331
424 434 -1.529220
424 524 -0.677065
425 426 0.418246
425 435 -1.493584
425 525 0.623643
426 427 0.517363
426 436 -0.179943
426 526 -1.445120
427 428 0.818103
427 437 -0.442406
427 527 1.659738
428 429 -0.810816
428 438 1.350626
428 528 -0.536569
429 420 -1.100225
429 439 0.984475
429 529 -1.616279
430 431 -1.438340
430 440 1.102034
430 530 0.898437
431 432 -0.553302
431 441 1.217154
431 531 0.201941
432 433 -1.911795
432 442 2.652943
432 532 0.841888
433 434 1.125265
433 443 -0.559623
433 533 1.674074
434 435 -1.446141
434 444 -0.855227
434 534 2.504963
435 436 0.520252
435 445 -1.663771
435 535 -0.212598
436 437 1.056887
436 446 0.496776
436 536 -0.126269
437 438 -0.155511
437 447 0.258335
437 537 -0.152352
438 439 0.471611
438 448 0.441377
438 538 1.437119
439 430 0.215831
439 449 1.722712
439 539 0.079077
440 441 0.609226
440 450 0.533244
440 540 -1.979495
441 442 0.983568
441 451 -0.912573
441 541 0.839367
442 443 -1.118495
442 452 1.251556
442 542 0.878856
443 444 0.297976
443 453 1.393790
443 543 -1.715864
444 445 -0.405662
444 454 -0.772027
444 544 -1.865356
445 446 -0.052175
445 455 1.269452
445 545 -1.229168
446 447 -1.004968
446 456 -1.860229
446 546 0.597510
447 448 -0.044393
447 457 0.269975
447 547 0.939557
448 449 -0.919798
448 458 -0.584334
448 548 2.232672
449 440 -0.981852
449 459 -0.816046
449 549 0.747145
450 451 -0.055759
450 460 -0.551835
450 550 0.782279
451 452 0.314983
451 461 1.080958
451 551 -0.623329
452 453 -1.425520
452 462 -0.963145
452 552 -0.589396
453 454 1.599645
453 463 -0.917604
453 553 -1.192575
454 455 1.306345
454 464 -0.825981
454 554 1.494800
455 456 -1.119711
455 465 -0.011088
455 555 0.077076
456 457 0.245860
456 466 -0.480614
456 556 -0.582210
457 458 0.595298
457 467 0.741640
457 557 -0.047102
458 459 -0.014832
458 468 0.078199
458 558 0.083429
459 450 -1.490905
459 469 -2.392158
459 559 -0.509659
460 461 -2.254424
460 470 -0.546011
460 560 -2.536075
461 462 -0.730497
461 471 -0.695632
461 561 0.634989
462 463 -0.167370
462 472 -0.102872
462 562 -0.596070
463 464 0.615041
463 473 -1.385026
463 563 0.276803
464 465 -2.589991
464 474 0.189560
464 564 -0.381535
465 466 0.363872
465 475 -0.793331
465 565 -1.280947
466 467 -1.403614
466 476 0.578603
466 566 -0.780346
467 468 0.697836
467 477 -0.791174
467 567 0.215308
468 469 1.198769
468 478 -0.037985
468 568 0.453212
469 460 1.575366
469 479 -1.185909
469 569 2.435685
470 471 1.134545
470 480 0.827180
470 570 -0.283637
471 472 -0.243431
471 481 -0.484812
471 571 -1.571640
472 473 -0.211397
472 482 1.070477
472 572 0.596813
473 474 2.192548
473 483 -0.443880
473 573 -0.495294
474 475 0.936682
474 484 0.239975
474 574 0.682537
475 476 -0.260677
475 485 1.274902
475 575 -1.166553
476 477 -0.768834
476 486 1.238652
476 576 0.485286
477 478 -0.229844
477 487 0.158633
477 577 -0.394428
478 479 1.235534
478 488 0.072578
478 578 -0.913033
479 470 -1.311094
479 489 0.164163
479 579 1.192244
480 481 0.303465
480 490 -1.139577
480 580 0.591039
481 482 0.012644
481 491 -1.450808
481 581 -0.108123
482 483 0.405729
482 492 0.552095
482 582 -1.055412
483 484 -0.169238
483 493 0.299278
483 583 -1.134050
484 485 0.119334
484 494 0.798972
484 584 0.297159
485 486 -0.426702
485 495 0.193672
485 585 -0.700250
486 487 0.254514
486 496 0.154185
486 586 -0.065465
487 488 -1.401573
487 497 -0.130092
487 587 -0.025577
488 489 0.325721
488 498 0.739686
488 588 -0.210400
489 480 0.356814
489 499 -0.716133
489 589 0.526077
490 491 -1.669165
490 400 2.488314
490 590 -0.513187
491 492 1.062397
491 401 0.124261
491 591 -1.333303
492 493 -1.651092
492 402 0.250248
492 592 -0.736697
493 494 0.893427
493 403 -1.693411
493 593 0.887930
494 495 -0.133071
494 404 1.980318
494 594 0.334379
495 496 -0.849112
495 405 -0.568849
495 595 -0.989345
496 497 1.379931
496 406 0.840282
496 596 -1.356202
497 498 -1.370119
497 407 -1.160241
497 597 -0.220553
498 499 -1.309349
498 408 -0.973075
498 598 1.473304
499 490 -0.743870
499 409 -0.529222
499 599 1.806061
500 501 -1.790367
500 510 -0.512569
500 600 0.812548
501 502 1.275101
501 511 -1.679087
501 601 2.107864
502 503 -0.283038
502 512 -0.381264
502 602 -0.872343
503 504 -1.917174
503 513 -1.750261
503 603 -1.744342
504 505 0.150339
504 514 0.746618
504 604 -0.349458
505 506 -0.160251
505 515 -0.121023
505 605 -0.304045
506 507 -1.315647
506 516 1.095872
506 606 -0.063353
507 508 0.091597
507 517 -1.560286
507 607 -0.874316
508 509 -0.560692
508 518 1.020521
508 608 0.063052
509 500 0.296116
509 519 -1.616961
509 609 0.177839
510 511 1.696198
510 520 0.080049
510 610 0.134028
511 512 -0.088217
511 521 1.050327
511 611 0.222780
512 513 -1.415952
512 522 0.196309
512 612 0.156983
513 514 -0.828011
513 523 -0.542263
513 613 0.060397
514 515 0.616371
514 524 1.774854
514 614 -1.191005
515 516 -0.684997
515 525 -0.259641
515 615 0.836064
516 517 -0.608200
516 526 0.190550
516 616 2.496263
517 518 -0.173154
517 527 0.330629
517 617 -1.184228
518 519 -0.468578
518 528 1.478277
518 618 1.565676
519 510 0.821226
519 529 0.420745
519 619 -0.754274
520 521 -1.297720
520 530 0.166813
520 620 0.054767
521 522 0.546049
521 531 -0.420670
521 621 0.564808
522 523 -0.349564
522 532 -1.295318
522 622 -0.162827
523 524 0.262648
523 533 -2.095189
523 623 0.743351
524 525 0.654859
524 534 -0.669673
524 624 0.082145
525 526 0.376733
525 535 0.230336
525 625 0.259345
526 527 0.584860
526 536 0.457609
526 626 -0.476305
527 528 -0.392050
527 537 -1.291248
527 627 -0.034486
528 529 0.567914
528 538 0.822712
528 628 -0.265553
529 520 -1.140971
529 539 0.888646
529 629 -0.919293
530 531 1.545406
530 540 0.905335
530 630 -1.207021
531 532 1.011055
531 541 0.325395
531 631 0.862948
532 533 0.844898
532 542 1.312083
532 632 -0.404527
533 534 0.814821
533 543 -1.334095
533 633 2.000409
534 535 -0.823071
534 544 -1.088824
534 634 1.155244
535 536 -1.918815
535 545 -1.212138
535 635 0.313427
536 537 -0.018543
536 546 -0.598196
536 636 -1.967047
537 538 -0.058416
537 547 -0.381454
537 637 -1.021129
538 539 0.120033
538 548 -1.258635
538 638 -1.511008
539 530 -0.304209
539 549 2.055271
539 639 0.649276
540 541 -0.775818
540 550 1.512805
540 640 -1.196074
541 542 -0.629263
541 551 -0.786957
541 641 -0.651255
542 543 -0.422347
542 552 0.761460
542 642 -1.192051
543 544 -1.578280
543 553 1.200213
543 643 -1.180884
544 545 -1.012604
544 554 -1.977805
544 644 0.465590
545 546 -0.012782
545 555 -0.144658
545 645 0.197293
546 547 -1.189473
546 556 -1.692500
546 646 -0.536663
547 548 -0.353700
547 557 -0.223301
547 647 -0.663255
548 549 0.054344
548 558 0.370990
548 648 1.085228
549 540 1.072991
549 559 0.722525
549 649 0.914055
550 551 -0.809338
550 560 0.253239
550 650 0.075100
551 552 0.080593
551 561 1.687212
551 651 -0.983099
552 553 -0.825072
552 562 0.580878
552 652 -0.428159
553 554 -0.968084
553 563 0.325270
553 653 0.397681
554 555 -0.596636
554 564 1.849364
554 654 0.698590
555 556 -0.130359
555 565 -2.035161
555 655 -1.601920
556 557 -0.028568
556 566 1.080577
556 656 -1.679316
557 558 0.292583
557 567 2.693985
557 657 -0.105364
558 559 -0.841654
558 568 0.321357
558 658 -0.072380
559 550 0.624783
559 569 0.005230
559 659 1.379229
560 561 -1.615188
560 570 0.226862
560 660 -0.812136
561 562 -0.125504
561 571 -0.381431
561 661 0.528752
562 563 0.342360
562 572 0.156300
562 662 -1.127209
563 564 -1.412857
563 573 -0.453576
563 663 1.964805
564 565 -0.366926
564 574 -0.257423
564 664 -0.563943
565 566 -0.393496
565 575 0.803486
565 665 0.041041
566 567 0.017628
566 576 0.831682
566 666 -1.500699
567 568 0.631209
567 577 -1.520335
567 667 -1.164690
568 569 1.815852
568 578 0.385416
568 668 -0.084801
569 560 -0.731975
569 579 -0.390378
569 669 2.292708
570 571 -0.390346
570 580 -0.025031
570 670 0.529792
571 572 1.176835
571 581 0.918253
571 671 -0.084210
572 573 0.921074
572 582 1.283705
572 672 0.207301
573 574 0.140820
573 583 1.383624
573 673 -2.753653
574 575 -2.777551
574 584 -0.037813
574 674 1.865433
575 576 0.605277
575 585 -0.665216
575 675 -0.615411
576 577 1.343872
576 586 2.594349
576 676 0.762695
577 578 1.079412
577 587 -0.033883
577 677 -1.806925
578 579 1.014954
578 588 -0.330177
578 678 0.859705
579 570 -1.266056
579 589 -0.472823
579 679 0.301167
580 581 -0.579326
580 590 1.311497
580 680 0.845386
581 582 -0.618476
581 591 -0.195839
581 681 1.127183
582 583 -0.336401
582 592 1.654944
582 682 -0.545328
583 584 0.310198
583 593 -0.006463
583 683 -0.111811
584 585 -0.389610
584 594 -0.075670
584 684 -1.004318
585 586 0.577152
585 595 0.478768
585 685 1.407242
586 587 -0.287297
586 596 0.645206
586 686 1.347948
587 588 -0.723963
587 597 0.272950
587 687 0.379309
588 589 -0.308598
588 598 0.979486
588 688 -1.053026
589 580 0.032982
589 599 0.484412
589 689 0.687637
590 591 -2.051005
590 500 0.703793
590 690 -0.677715
591 592 -0.368711
591 501 1.252825
591 691 -1.359468
592 593 0.924178
592 502 -0.520311
592 692 0.306359
593 594 0.882272
593 503 0.679598
593 693 -1.104131
594 595 -1.457153
594 504 0.641284
594 694 0.563616
595 596 1.531028
595 505 0.443463
595 695 -1.002450
596 597 -1.006521
596 506 -0.794999
596 696 0.324672
597 598 -0.184003
597 507 0.232216
597 697 0.071159
598 599 1.156897
598 508 -0.928083
598 698 -1.729784
599 590 -0.497308
599 509 -1.188501
599 699 1.432332
600 601 -0.167816
600 610 0.448127
600 700 -0.432715
601 602 0.945746
601 611 -1.229448
601 701 -0.102765
602 603 0.597527
602 612 1.053617
602 702 0.938826
603 604 1.434697
603 613 -1.088852
603 703 -1.678562
604 605 1.531711
604 614 -0.487977
604 704 0.839668
605 606 0.058952
605 615 1.311691
605 705 -0.402379
606 607 0.099166
606 616 2.259050
606 706 -0.738595
607 608 0.289764
607 617 0.839096
607 707 -0.784672
608 609 -1.139197
608 618 1.588618
608 708 0.470520
609 600 0.089823
609 619 0.108494
609 709 -0.665616
610 611 -1.929211
610 620 -0.346207
610 710 0.299172
611 612 -0.310137
611 621 0.448366
611 711 -0.819362
612 613 -1.036377
612 622 -0.188733
612 712 0.561319
613 614 -0.028037
613 623 -0.168971
613 713 1.227134
614 615 0.091988
614 624 0.458740
614 714 -0.087319
615 616 0.244022
615 625 0.485361
615 715 -1.182736
616 617 -0.878895
616 626 0.728347
616 716 -1.759761
617 618 -0.818949
617 627 -0.442857
617 717 0.662776
618 619 -0.053173
618 628 -0.599773
618 718 -0.250075
619 610 0.239930
619 629 0.387318
619 719 -0.810049
620 621 -0.780232
620 630 -0.512149
620 720 -1.011062
621 622 -1.385019
621 631 -0.022245
621 721 -1.476235
622 623 -1.541203
622 632 -0.744011
622 722 1.588258
623 624 -0.473211
623 633 -0.528158
623 723 1.508554
624 625 0.999338
624 634 -1.448822
624 724 1.004097
625 626 -1.756247
625 635 -0.170235
625 725 1.087914
626 627 0.676004
626 636 1.211990
626 726 -1.393611
627 628 -1.549093
627 637 0.885131
627 727 -0.580986
628 629 -0.169606
628 638 -0.301849
628 728 0.066948
629 620 0.493361
629 639 1.575155
629 729 1.165491
630 631 0.339207
630 640 0.655312
630 730 0.032935
631 632 0.212684
631 641 0.059958
631 731 0.187822
632 633 -1.001922
632 642 -0.050934
632 732 -1.312664
633 634 1.489490
633 643 0.712117
633 733 0.714386
634 635 0.389981
634 644 0.402492
634 734 1.003950
635 636 0.682723
635 645 -0.640545
635 735 1.990988
636 637 -1.157810
636 646 -0.923478
636 736 -0.713175
637 638 0.148751
637 647 2.440188
637 737 0.625451
638 639 -1.834899
638 648 0.425654
638 738 1.775740
639 630 -1.561533
639 649 -0.543510
639 739 0.911533
640 641 0.784706
640 650 -0.842349
640 740 -1.108541
641 642 -0.729005
641 651 -0.621973
641 741 1.948836
642 643 -0.850314
642 652 0.989351
642 742 1.161561
643 644 -1.101885
643 653 1.468190
643 743 -0.457898
644 645 -0.572828
644 654 0.264201
644 744 1.027892
645 646 0.085489
645 655 -0.018482
645 745 -0.640608
646 647 -0.019266
646 656 0.905512
646 746 2.175562
647 648 2.861748
647 657 0.578180
647 747 0.397491
648 649 0.792124
648 658 0.615996
648 748 -1.365569
649 640 0.763415
649 659 -1.278437
649 749 -0.049713
650 651 1.974124
650 660 -0.491835
650 750 -0.906359
651 652 -0.028488
651 661 0.618965
651 751 0.386115
652 653 0.130945
652 662 -0.284985
652 752 0.739477
653 654 0.285275
653 663 -1.414189
653 753 0.262361
654 655 2.108212
654 664 1.595040
654 754 0.121389
655 656 0.436155
655 665 0.829032
655 755 0.344427
656 657 -0.351314
656 666 1.925596
656 756 -1.419085
657 658 -0.281890
657 667 0.202697
657 757 0.209148
658 659 -1.017611
658 668 0.446812
658 758 -0.524054
659 650 -1.205511
659 669 -1.362301
659 759 1.344536
660 661 -0.734845
660 670 -0.356173
660 760 -1.766428
661 662 0.980719
661 671 -0.752410
661 761 -0.270593
662 663 0.391911
662 672 -0.093901
662 762 -0.026684
663 664 -0.194237
663 673 0.592280
663 763 -0.371846
664 665 0.998735
664 674 -0.144760
664 764 1.111100
665 666 -0.889642
665 675 -1.929388
665 765 0.775248
666 667 1.979901
666 676 -2.068354
666 766 -2.311717
667 668 -0.293097
667 677 0.533980
667 767 -0.143749
668 669 -0.511371
668 678 -0.833424
668 768 0.916310
669 660 0.500464
669 679 0.189874
669 769 -1.370876
670 671 -0.147867
670 680 -1.202491
670 770 -0.609353
671 672 -0.549578
671 681 -0.485130
671 771 1.849544
672 673 -1.651439
672 682 0.340770
672 772 -0.039177
673 674 -0.055683
673 683 -0.797090
673 773 -0.825342
674 675 -0.473309
674 684 1.089489
674 774 0.519778
675 676 -0.334996
675 685 0.681852
675 775 -0.372268
676 677 1.428144
676 686 -0.238992
676 776 -0.520491
677 678 -1.217953
677 687 -0.513771
677 777 -1.196310
678 679 0.701813
678 688 -0.365752
678 778 0.077263
679 670 1.626522
679 689 0.013375
679 779 1.094429
680 681 1.091459
680 690 -0.943578
680 780 0.512093
681 682 -1.631647
681 691 0.671847
681 781 1.094281
682 683 0.944206
682 692 -0.806904
682 782 -0.012816
683 684 -1.236473
683 693 -1.483210
683 783 -0.927069
684 685 0.208172
684 694 0.222638
684 784 -0.438003
685 686 0.810310
685 695 -1.057485
685 785 0.993241
686 687 -0.268462
686 696 -0.542592
686 786 -0.179840
687 688 -2.298889
687 697 2.375857
687 787 1.383192
688 689 -0.124658
688 698 2.201324
688 788 1.175977
689 680 -0.036380
689 699 0.032393
689 789 0.123943
690 691 -0.668064
690 600 -2.098749
690 790 0.643801
691 692 -1.260238
691 601 0.062521
691 791 -0.168538
692 693 1.027106
692 602 0.544280
692 792 0.562193
693 694 0.133236
693 603 0.788554
693 793 0.722896
694 695 1.066457
694 604 1.037129
694 794 -1.797941
695 696 -1.699997
695 605 0.867746
695 795 -0.520562
696 697 -0.832215
696 606 -0.754401
696 796 -1.043915
697 698 -1.627342
697 607 0.159819
697 797 0.171602
698 699 0.784579
698 608 1.124762
698 798 -1.742760
699 690 1.754502
699 609 -0.222244
699 799 -0.652746
700 701 -0.973624
700 710 -0.607274
700 800 -1.482797
701 702 -0.585050
701 711 0.932487
701 801 -0.896658
702 703 -0.384768
702 712 -1.028630
702 802 -0.045217
703 704 -1.560953
703 713 0.267179
703 803 0.300393
704 705 -0.322790
704 714 -0.387142
704 804 1.118122
705 706 -1.238001
705 715 1.171076
705 805 0.295307
706 707 -0.579327
706 716 0.236688
706 806 0.087731
707 708 0.818883
707 717 -1.534232
707 807 -1.291137
708 709 -1.124502
708 718 -0.705407
708 808 -0.267254
709 700 -0.643872
709 719 1.238750
709 809 0.582869
710 711 -0.736044
710 720 0.312661
710 810 -1.181536
711 712 0.628499
711 721 1.702036
711 811 -1.598009
712 713 -0.399692
712 722 0.992378
712 812 0.495619
713 714 0.223601
713 723 0.528297
713 813 -1.667515
714 715 -0.680693
714 724 0.786482
714 814 -0.593032
715 716 -0.079274
715 725 0.377712
715 815 -0.320712
716 717 -0.858320
716 726 0.121719
716 816 0.757603
717 718 1.397313
717 727 -2.193443
717 817 -0.135290
718 719 -0.085027
718 728 -0.210791
718 818 1.021537
719 710 1.197604
719 729 -0.804695
719 819 1.054056
720 721 -0.332494
720 730 -1.443097
720 820 1.996017
721 722 -0.093750
721 731 0.557605
721 821 0.863330
722 723 -0.091729
722 732 1.993865
722 822 0.730751
723 724 -1.132586
723 733 1.021744
723 823 0.756182
724 725 1.085949
724 734 -0.398165
724 824 1.176823
725 726 1.060390
725 735 0.615672
725 825 -0.129428
726 727 -0.531560
726 736 -1.692587
726 826 -0.085153
727 728 1.279727
727 737 -0.831753
727 827 -1.513587
728 729 0.360733
728 738 0.180600
728 828 -0.538939
729 720 -0.970657
729 739 0.018512
729 829 -1.034823
730 731 2.022126
730 740 -0.657490
730 830 -0.729713
731 732 -0.885346
731 741 -0.869217
731 831 0.516703
732 733 -1.096737
732 742 0.927314
732 832 1.424490
733 734 -0.321400
733 743 -0.749854
733 833 0.283124
734 735 -0.969080
734 744 0.092889
734 834 -0.733230
735 736 0.182678
735 745 0.429015
735 835 0.107031
736 737 -0.461202
736 746 1.047345
736 836 -1.120446
737 738 -0.943142
737 747 0.400939
737 837 -0.601481
738 739 0.579100
738 748 -0.077446
738 838 1.140660
739 730 -1.365190
739 749 -0.768435
739 839 -1.973331
740 741 -1.411278
740 750 -0.475127
740 840 -0.881229
741 742 0.374750
741 751 1.478939
741 841 0.642559
742 743 -0.496164
742 752 -1.070135
742 842 -0.028273
743 744 1.024891
743 753 0.081782
743 843 -0.737931
744 745 -1.356529
744 754 0.084292
744 844 -1.575503
745 746 -0.170263
745 755 -0.643791
745 845 0.229420
746 747 -0.594898
746 756 -1.531035
746 846 -1.021959
747 748 2.114066
747 757 -1.734143
747 847 -0.791664
748 749 0.626813
748 758 -0.445105
748 848 1.098970
749 740 0.475350
749 759 1.412226
749 849 0.071945
750 751 -0.140633
750 760 -0.964706
750 850 0.774834
751 752 0.383781
751 761 0.182254
751 851 0.447318
752 753 -0.817496
752 762 0.336934
752 852 0.838356
753 754 0.008949
753 763 1.815297
753 853 -0.349201
754 755 0.193456
754 764 -0.796775
754 854 -1.583626
755 756 -1.930389
755 765 0.676477
755 855 0.338493
756 757 -1.033628
756 766 -0.915555
756 856 0.885775
757 758 -0.217468
757 767 0.600411
757 857 0.442805
758 759 -0.461927
758 768 -0.809931
758 858 1.282022
759 750 0.585209
759 769 0.599183
759 859 -1.646255
760 761 -0.817034
760 770 0.069906
760 860 -1.276037
761 762 0.827809
761 771 -0.783485
761 861 1.069150
762 763 -1.326860
762 772 0.028753
762 862 1.118128
763 764 1.742729
763 773 0.481068
763 863 -2.420968
764 765 -1.326622
764 774 -0.433868
764 864 0.641935
765 766 -0.228997
765 775 0.339729
765 865 -0.610267
766 767 -0.224381
766 776 1.955201
766 866 1.824742
767 768 -0.411062
767 777 -0.664550
767 867 -0.414177
768 769 0.922349
768 778 0.003205
768 868 -0.915076
769 760 0.323274
769 779 0.951628
769 869 1.917664
770 771 0.362795
770 780 -1.057167
770 870 -0.519571
771 772 -0.611514
771 781 -0.292200
771 871 1.113548
772 773 -0.034461
772 782 1.883930
772 872 -0.011157
773 774 -0.959665
773 783 -0.028159
773 873 -0.815564
774 775 -0.375529
774 784 0.215428
774 874 0.188438
775 776 -0.329716
775 785 -0.162664
775 875 0.406591
776 777 1.391106
776 786 0.085030
776 876 0.034502
777 778 -0.443089
777 787 -0.733231
777 877 0.309235
778 779 0.518102
778 788 1.025516
778 878 1.485841
779 770 -0.217765
779 789 -2.521549
779 879 0.214345
780 781 0.843536
780 790 -0.420588
780 880 -0.801316
781 782 2.201966
781 791 -1.362351
781 881 0.137839
782 783 0.181621
782 792 -0.777334
782 882 -0.854161
783 784 0.128928
783 793 -0.387587
783 883 1.936953
784 785 0.068974
784 794 1.803730
784 884 -0.485537
785 786 -0.157083
785 795 0.042639
785 885 1.580789
786 787 -1.432732
786 796 -1.476807
786 886 0.420614
787 788 -0.045296
787 797 0.892637
787 887 0.697211
788 789 -0.299895
788 798 -0.373601
788 888 1.094199
789 780 -2.018308
789 799 -0.534356
789 889 -0.286004
790 791 -0.380350
790 700 0.311426
790 890 -0.176795
791 792 -2.126537
791 701 -0.966144
791 891 -1.298429
792 793 0.334186
792 702 1.255088
792 892 -0.130700
793 794 -1.935233
793 703 -0.103318
793 893 0.024869
794 795 -0.620247
794 704 0.633162
794 894 -1.872280
795 796 0.778216
795 705 0.337499
795 895 -0.780330
796 797 0.515672
796 706 1.266404
796 896 -0.887166
797 798 -2.461463
797 707 -0.789334
797 897 -2.012977
798 799 0.648628
798 708 0.192997
798 898 -1.330905
799 790 -1.529172
799 709 0.235611
799 899 0.662246
800 801 0.104413
800 810 -0.089821
800 900 0.163080
801 802 1.275972
801 811 -0.455896
801 901 0.985890
802 803 -1.576998
802 812 -0.264201
802 902 -1.754135
803 804 -0.191668
803 813 2.470667
803 903 -1.506985
804 805 0.573703
804 814 1.802875
804 904 0.678073
805 806 0.824387
805 815 0.391576
805 905 0.523536
806 807 0.797557
806 816 -0.556672
806 906 0.062677
807 808 1.380840
807 817 -2.358888
807 907 0.053488
808 809 -0.061655
808 818 -1.650291
808 908 2.802411
809 800 0.179711
809 819 -0.081562
809 909 -0.485971
810 811 -0.300348
810 820 -1.938461
810 910 -1.656508
811 812 0.209204
811 821 0.588791
811 911 -1.006014
812 813 0.127886
812 822 -0.936971
812 912 0.692223
813 814 -0.587371
813 823 0.238525
813 913 1.348944
814 815 -0.339210
814 824 -0.814369
814 914 -0.337215
815 816 -1.672558
815 825 0.824823
815 915 0.883701
816 817 -2.662297
816 826 1.278972
816 916 -0.360811
817 818 0.155627
817 827 -2.177787
817 917 1.365850
818 819 0.080105
818 828 -1.068561
818 918 -1.886944
819 810 -0.318210
819 829 -0.381443
819 919 1.283376
820 821 -0.636878
820 830 -0.583786
820 920 1.158690
821 822 2.138765
821 831 -0.252688
821 921 -0.722381
822 823 0.831522
822 832 -0.574149
822 922 -0.105311
823 824 0.096112
823 833 -1.407259
823 923 1.497043
824 825 0.550380
824 834 0.539056
824 924 0.177864
825 826 -1.234386
825 835 -1.207902
825 925 -1.132399
826 827 1.470969
826 836 -2.427159
826 926 0.550187
827 828 0.293173
827 837 -1.096981
827 927 1.245275
828 829 0.247185
828 838 -0.751150
828 928 0.913168
829 820 -0.878570
829 839 0.724455
829 929 -0.430365
830 831 -0.256547
830 840 0.152746
830 930 -1.411142
831 832 1.572642
831 841 0.441458
831 931 -0.484604
832 833 -0.287306
832 842 1.652883
832 932 -0.866998
833 834 -0.378857
833 843 -1.092336
833 933 0.064109
834 835 -0.594378
834 844 -1.204831
834 934 0.824742
835 836 -0.423222
835 845 2.011369
835 935 -0.045255
836 837 0.972710
836 846 -1.462824
836 936 1.030587
837 838 0.240432
837 847 -1.683555
837 937 -0.671976
838 839 -0.327776
838 848 -0.171189
838 938 -0.089108
839 830 0.314203
839 849 -1.614276
839 939 0.934160
840 841 1.470298
840 850 0.613136
840 940 0.236064
841 842 -0.166161
841 851 -0.328850
841 941 0.153907
842 843 1.205253
842 852 -1.514720
842 942 0.316933
843 844 -1.565317
843 853 0.303668
843 943 1.104821
844 845 0.363613
844 854 -0.046229
844 944 -0.752209
845 846 0.564656
845 855 -2.001903
845 945 -0.347677
846 847 0.026367
846 856 -0.740282
846 946 -0.651649
847 848 0.909016
847 857 3.756289
847 947 0.028941
848 849 -0.126641
848 858 -1.662117
848 948 1.504226
849 840 0.971222
849 859 -0.117469
849 949 -0.260195
850 851 -1.141286
850 860 -0.581999
850 950 0.689950
851 852 -0.881817
851 861 -0.636557
851 951 0.594351
852 853 0.822571
852 862 0.489242
852 952 0.595996
853 854 0.892227
853 863 -0.212362
853 953 0.827594
854 855 -0.994300
854 864 1.039796
854 954 1.061355
855 856 -1.379496
855 865 0.231911
855 955 -1.548406
856 857 2.364269
856 866 -0.622901
856 956 0.262977
857 858 -0.670094
857 867 -0.491050
857 957 0.282906
858 859 0.330716
858 868 -1.188978
858 958 2.341403
859 850 0.020441
859 869 -0.994616
859 959 -2.469504
860 861 1.061246
860 870 0.328449
860 960 0.112757
861 862 0.533237
861 871 -2.239661
861 961 0.108686
862 863 -0.045729
862 872 1.304231
862 962 1.095029
863 864 -0.392894
863 873 -1.209001
863 963 2.086230
864 865 0.466803
864 874 0.240613
864 964 1.362435
865 866 0.766805
865 875 -0.042437
865 965 0.807304
866 867 0.718553
866 876 -0.830972
866 966 2.302871
867 868 0.978206
867 877 -0.362533
867 967 -0.213554
868 869 0.870080
868 878 -0.055112
868 968 -0.394991
869 860 -1.251189
869 879 0.946833
869 969 1.761034
870 871 0.060712
870 880 -0.500891
870 970 -0.334473
871 872 0.061056
871 881 -0.799433
871 971 0.633530
872 873 0.736693
872 882 -1.847738
872 972 0.405124
873 874 1.166367
873 883 -0.753672
873 973 -0.390180
874 875 0.954712
874 884 0.323178
874 974 0.330842
875 876 0.084082
875 885 -0.249469
875 975 1.260503
876 877 -0.846988
876 886 1.060059
876 976 2.307893
877 878 -1.048970
877 887 1.559160
877 977 1.734684
878 879 0.369738
878 888 -0.165190
878 978 -0.089244
879 870 0.124029
879 889 0.284555
879 979 -0.387286
880 881 -0.554210
880 890 -0.346675
880 980 1.021277
881 882 -0.374682
881 891 -0.988925
881 981 1.199382
882 883 1.420553
882 892 0.623118
882 982 -1.207181
883 884 0.057145
883 893 1.762601
883 983 -1.172455
884 885 0.228898
884 894 -1.027960
884 984 0.162689
885 886 0.869944
885 895 1.162851
885 985 -0.176979
886 887 -0.264113
886 896 0.136972
886 986 0.960007
887 888 -0.878859
887 897 -1.201487
887 987 -0.728745
888 889 -0.509574
888 898 1.016251
888 988 1.736736
889 880 -0.579074
889 899 0.086251
889 989 -0.351329
890 891 0.328947
890 800 -0.142672
890 990 -0.236195
891 892 -1.823676
891 801 1.207723
891 991 -0.552125
892 893 -0.899066
892 802 0.581276
892 992 -1.061544
893 894 0.379784
893 803 -0.859792
893 993 -1.007914
894 895 0.113067
894 804 -0.885557
894 994 -0.466308
895 896 2.545563
895 805 -1.516547
895 995 0.353640
896 897 1.094109
896 806 -2.178008
896 996 0.292417
897 898 -0.427351
897 807 -0.655811
897 997 -0.343251
898 899 -0.905243
898 808 0.872878
898 998 0.629059
899 890 1.871333
899 809 0.855581
899 999 -0.348607
900 901 1.419845
900 910 -0.135114
900 0 0.369100
901 902 -0.670410
901 911 1.328169
901 1 0.646790
902 903 -0.008305
902 912 -0.320837
902 2 -0.778085
903 904 -0.920229
903 913 0.432588
903 3 0.841276
904 905 0.555223
904 914 -0.870791
904 4 0.954927
905 906 -0.936692
905 915 1.299553
905 5 -0.111996
906 907 -1.004028
906 916 0.079152
906 6 0.699962
907 908 0.426653
907 917 -0.915791
907 7 -1.464908
908 909 0.735778
908 918 -1.210153
908 8 -0.671940
909 900 0.972195
909 919 2.530765
909 9 -1.315121
910 911 0.044588
910 920 0.443893
910 10 -0.909644
911 912 -0.407854
911 921 -1.331596
911 11 -1.157514
912 913 -0.914060
912 922 -0.148952
912 12 1.178116
913 914 -0.505674
913 923 1.654665
913 13 0.568401
914 915 -1.638037
914 924 -0.381580
914 14 -0.048988
915 916 0.396117
915 925 -1.324940
915 15 -1.392697
916 917 -0.151663
916 926 -0.445418
916 16 -0.305803
917 918 1.407669
917 927 -0.063441
917 17 2.920236
918 919 0.095064
918 928 0.322158
918 18 -0.027461
919 910 -0.278273
919 929 -0.945177
919 19 -0.243732
920 921 -0.391678
920 930 -0.597071
920 20 0.527362
921 922 -0.351274
921 931 1.106866
921 21 1.796351
922 923 -1.241081
922 932 -0.880100
922 22 -0.605536
923 924 -0.315381
923 933 0.449428
923 23 0.586174
924 925 0.070933
924 934 -1.054021
924 24 0.689759
925 926 -0.116170
925 935 -0.444331
925 25 -0.105785
926 927 -0.229348
926 936 0.004772
926 26 -0.829452
927 928 0.666893
927 937 -1.863851
927 27 0.735127
928 929 -0.252215
928 938 -1.683833
928 28 0.934762
929 920 -1.394922
929 939 -1.054502
929 29 -1.214430
930 931 -0.335588
930 940 0.759535
930 30 -1.831505
931 932 0.411154
931 941 0.426111
931 31 -2.426880
932 933 3.011035
932 942 -1.891030
932 32 0.299152
933 934 0.156984
933 943 -0.650763
933 33 1.147917
934 935 -0.042238
934 944 1.144063
934 34 -0.037712
935 936 -0.888681
935 945 -1.110089
935 35 0.714385
936 937 -2.205279
936 946 -0.963631
936 36 1.462424
937 938 -0.194389
937 947 -1.478748
937 37 -0.164490
938 939 -0.954226
938 948 -1.009722
938 38 1.966229
939 930 1.448907
939 949 -0.469781
939 39 2.464568
940 941 -1.127537
940 950 2.259826
940 40 0.307368
941 942 -1.152459
941 951 0.790568
941 41 0.657168
942 943 0.554218
942 952 0.660084
942 42 0.764977
943 944 1.856432
943 953 0.176172
943 43 1.194426
944 945 0.238142
944 954 -0.417752
944 44 -1.405756
945 946 0.155882
945 955 -1.365768
945 45 0.407470
946 947 -0.217868
946 956 0.510564
946 46 0.888314
947 948 -0.874053
947 957 -0.305735
947 47 0.568381
948 949 0.079961
948 958 -0.012899
948 48 -1.627487
949 940 2.350731
949 959 0.041202
949 49 -0.023354
950 951 -1.666405
950 960 -0.655705
950 50 1.288145
951 952 -0.566168
951 961 0.676613
951 51 -0.904307
952 953 0.037417
952 962 0.646005
952 52 0.383469
953 954 0.339169
953 963 2.077836
953 53 0.690519
954 955 0.019834
954 964 -1.638428
954 54 -1.248598
955 956 1.243974
955 965 -1.045096
955 55 -0.647496
956 957 0.036883
956 966 0.803958
956 56 -1.775734
957 958 -0.942396
957 967 -1.307920
957 57 -0.888019
958 959 1.302859
958 968 1.454937
958 58 0.673870
959 950 0.083181
959 969 1.112480
959 59 -0.047128
960 961 -1.065480
960 970 -1.054155
960 60 -0.540119
961 962 -0.531700
961 971 -1.130635
961 61 -2.898648
962 963 1.228981
962 972 -0.467322
962 62 0.308384
963 964 -0.177284
963 973 -0.730053
963 63 0.477541
964 965 0.298503
964 974 1.355104
964 64 0.030176
965 966 -0.349670
965 975 1.843862
965 65 -1.662737
966 967 0.826442
966 976 1.101297
966 66 0.403212
967 968 -0.835748
967 977 -0.050745
967 67 -0.443111
968 969 -0.290043
968 978 -1.265894
968 68 -1.063525
969 960 -0.020786
969 979 0.605336
969 69 -0.091355
970 971 0.123744
970 980 -0.102475
970 70 -1.112589
971 972 2.187831
971 981 -0.182109
971 71 0.111594
972 973 0.772622
972 982 1.784796
972 72 -0.027597
973 974 -2.239007
973 983 -0.368939
973 73 -1.014617
974 975 0.921184
974 984 -0.214522
974 74 0.444329
975 976 0.615633
975 985 0.648253
975 75 0.533275
976 977 0.200424
976 986 1.837416
976 76 0.002539
977 978 0.214815
977 987 -0.650549
977 77 -0.134735
978 979 -1.087113
978 988 0.009143
978 78 0.964061
979 970 -1.481985
979 989 -0.160470
979 79 0.299548
980 981 0.121450
980 990 0.530083
980 80 -0.923701
981 982 -0.419550
981 991 -0.893468
981 81 0.818604
982 983 -0.094213
982 992 -1.129036
982 82 2.780859
983 984 0.480310
983 993 0.747452
983 83 0.803193
984 985 -1.073004
984 994 -0.368233
984 84 -0.085665
985 986 0.324161
985 995 -0.803799
985 85 -0.617876
986 987 2.149115
986 996 -1.189313
986 86 0.604843
987 988 0.343643
987 997 1.364936
987 87 -0.823129
988 989 0.515286
988 998 0.140386
988 88 1.032681
989 980 -1.664762
989 999 -0.513077
989 89 -1.964123
990 991 -2.499478
990 900 -1.253689
990 90 1.772085
991 992 -1.569742
991 901 1.656638
991 91 -2.165089
992 993 0.149038
992 902 -0.636851
992 92 -0.673597
993 994 -0.172398
993 903 -0.060241
993 93 -0.003648
994 995 -0.595910
994 904 -0.963654
994 94 -0.907221
995 996 -0.808446
995 905 1.095255
995 95 0.434083
996 997 -0.112925
996 906 -0.571987
996 96 -1.721068
997 998 -0.472594
997 907 -0.453692
997 97 -0.559636
998 999 0.930100
998 908 1.206982
998 98 1.747165
999 990 -1.409046
999 909 0.552124
999 99 0.108898
