0 1 0.509070
0 10 2.693918
0 100 -1.170376
1 2 -0.335199
1 11 0.924784
1 101 0.916546
2 3 1.299207
2 12 0.828108
2 102 0.725540
3 4 -0.359328
3 13 -1.551455
3 103 -1.241494
4 5 -0.471979
4 14 -0.235980
4 104 1.245253
5 6 -1.562508
5 15 -1.979447
5 105 2.238937
6 7 -1.520958
6 16 -0.787881
6 106 -0.677669
7 8 -0.160447
7 17 0.716198
7 107 -0.115141
8 9 0.427386
8 18 0.682614
8 108 2.004566
9 0 1.095342
9 19 0.007106
9 109 -0.689775
10 11 0.803614
10 20 -0.189153
10 110 0.474092
11 12 0.754930
11 21 -0.542371
11 111 -0.862376
12 13 0.068963
12 22 0.851285
12 112 1.445633
13 14 -0.929924
13 23 0.871928
13 113 -0.142285
14 15 -1.685649
14 24 0.142354
14 114 0.201911
15 16 -0.690034
15 25 0.491752
15 115 -1.168762
16 17 0.652739
16 26 0.172084
16 116 -0.303126
17 18 -0.143716
17 27 -2.015411
17 117 -0.784681
18 19 -0.063586
18 28 1.523268
18 118 0.632177
19 10 -0.308302
19 29 -0.319111
19 119 -1.141271
20 21 -0.674512
20 30 -0.206715
20 120 1.199127
21 22 -1.260555
21 31 -1.545218
21 121 0.200163
22 23 0.362687
22 32 -0.566503
22 122 1.643171
23 24 2.440362
23 33 -0.749343
23 123 0.124042
24 25 1.120831
24 34 -0.946877
24 124 1.677618
25 26 -0.064206
25 35 -0.771754
25 125 0.832780
26 27 -2.242017
26 36 0.533639
26 126 -0.718669
27 28 0.702183
27 37 0.010572
27 127 0.516158
28 29 -0.886489
28 38 0.023576
28 128 -0.583986
29 20 -0.303770
29 39 -1.593624
29 129 1.435193
30 31 -0.849420
30 40 -1.078312
30 130 -0.587533
31 32 0.108730
31 41 -0.972258
31 131 -1.095842
32 33 0.354775
32 42 -0.672630
32 132 0.337104
33 34 -0.991436
33 43 0.752111
33 133 0.482991
34 35 0.738794
34 44 -1.577773
34 134 0.262425
35 36 0.528072
35 45 0.404405
35 135 -0.159275
36 37 0.280952
36 46 -1.359239
36 136 0.241909
37 38 -0.818386
37 47 -2.759143
37 137 -0.261487
38 39 1.656375
38 48 0.203838
38 138 -2.170791
39 30 -0.824833
39 49 -1.077893
39 139 -2.801612
40 41 -0.060469
40 50 0.065830
40 140 -0.266919
41 42 0.441829
41 51 -1.002538
41 141 -0.250952
42 43 -0.441181
42 52 -0.541042
42 142 0.462798
43 44 3.206695
43 53 -1.004985
43 143 -0.015164
44 45 0.599947
44 54 0.799134
44 144 -0.072318
45 46 -1.511508
45 55 1.424903
45 145 -1.339957
46 47 -0.362345
46 56 1.048505
46 146 -2.243124
47 48 -0.870597
47 57 -0.304039
47 147 0.037580
48 49 -0.309660
48 58 -1.080449
48 148 -0.645770
49 40 -1.066430
49 59 0.855324
49 149 -0.495732
50 51 -1.137853
50 60 0.718907
50 150 -2.023596
51 52 -0.934744
51 61 2.460334
51 151 -0.352178
52 53 0.072222
52 62 -1.564106
52 152 0.329611
53 54 0.462431
53 63 1.680304
53 153 -1.468919
54 55 -1.825631
54 64 0.779122
54 154 0.414864
55 56 0.218710
55 65 -1.058849
55 155 0.714342
56 57 -0.862610
56 66 0.797242
56 156 1.045872
57 58 0.548667
57 67 -0.788404
57 157 1.008025
58 59 1.353363
58 68 0.115723
58 158 0.869736
59 50 1.694358
59 69 -0.972930
59 159 0.876964
60 61 -0.734299
60 70 1.306898
60 160 -0.796499
61 62 -0.123321
61 71 -0.220211
61 161 0.021512
62 63 -0.563219
62 72 -0.716209
62 162 -0.192307
63 64 0.187961
63 73 -0.224411
63 163 -0.284360
64 65 -0.842902
64 74 -0.360420
64 164 -1.114720
65 66 0.581133
65 75 -1.226012
65 165 1.158610
66 67 -0.534396
66 76 -1.361086
66 166 0.502851
67 68 1.841326
67 77 -1.064190
67 167 -0.773503
68 69 2.594185
68 78 -1.367202
68 168 -0.853801
69 60 -0.266981
69 79 -2.383852
69 169 -0.548974
70 71 0.558771
70 80 -0.350286
70 170 0.600942
71 72 0.244123
71 81 -0.002921
71 171 -0.896268
72 73 -1.482970
72 82 1.192352
72 172 0.709328
73 74 -0.673994
73 83 -0.003674
73 173 -1.706956
74 75 0.397686
74 84 -0.676399
74 174 0.007488
75 76 -1.111687
75 85 1.115383
75 175 1.879933
76 77 1.122495
76 86 0.066728
76 176 -0.511546
77 78 -0.496749
77 87 0.274288
77 177 1.128370
78 79 -0.054806
78 88 0.523107
78 178 0.973757
79 70 -1.146432
79 89 1.338445
79 179 -0.610803
80 81 -0.007125
80 90 -1.806659
80 180 0.358851
81 82 0.205265
81 91 -0.692482
81 181 -1.579640
82 83 0.851092
82 92 0.664707
82 182 1.816213
83 84 -0.776498
83 93 -0.410743
83 183 0.877102
84 85 1.425017
84 94 -0.683592
84 184 0.475702
85 86 1.755300
85 95 -0.523680
85 185 -0.582000
86 87 -0.956400
86 96 3.644145
86 186 0.194423
87 88 -0.631169
87 97 -0.492125
87 187 0.736197
88 89 -0.481135
88 98 0.070955
88 188 0.521474
89 80 -0.377601
89 99 -0.777536
89 189 -2.127498
90 91 0.747319
90 0 0.548073
90 190 0.731941
91 92 -0.334642
91 1 1.532556
91 191 -1.337394
92 93 0.159782
92 2 -1.492408
92 192 -1.284171
93 94 -0.860021
93 3 1.414233
93 193 -0.789481
94 95 -0.361326
94 4 -0.581866
94 194 2.042197
95 96 0.306512
95 5 0.331183
95 195 -1.159629
96 97 0.960813
96 6 1.983595
96 196 0.010519
97 98 0.954649
97 7 -0.764763
97 197 -0.936739
98 99 2.145537
98 8 0.680569
98 198 -1.446287
99 90 0.590960
99 9 1.844186
99 199 -1.420880
100 101 0.350203
100 110 -0.293268
100 200 -1.943909
101 102 -0.443973
101 111 -0.163782
101 201 0.446191
102 103 -0.045816
102 112 -0.969898
102 202 0.728196
103 104 0.522114
103 113 0.986187
103 203 -1.273013
104 105 -0.436816
104 114 0.572474
104 204 -0.578528
105 106 -0.003913
105 115 -0.865547
105 205 0.178206
106 107 -0.477329
106 116 -0.860822
106 206 0.806346
107 108 -1.105404
107 117 -0.005528
107 207 0.033832
108 109 -1.960891
108 118 0.003960
108 208 0.091752
109 100 0.297793
109 119 -0.886316
109 209 0.436909
110 111 -0.600099
110 120 -0.067318
110 210 0.275867
111 112 -0.292781
111 121 -1.193324
111 211 1.302331
112 113 0.175337
112 122 0.895579
112 212 -0.277146
113 114 -1.628527
113 123 -1.202593
113 213 -0.008622
114 115 -0.874277
114 124 1.736487
114 214 0.526965
115 116 -1.384951
115 125 -0.817770
115 215 0.482739
116 117 -0.195246
116 126 0.500840
116 216 -1.975414
117 118 0.622751
117 127 -0.040026
117 217 -0.216469
118 119 -1.552925
118 128 1.231305
118 218 0.336533
119 110 1.445093
119 129 0.309613
119 219 -1.038129
120 121 1.206297
120 130 -1.505294
120 220 0.744215
121 122 -0.164991
121 131 0.154268
121 221 1.130190
122 123 0.830996
122 132 -0.999992
122 222 1.995287
123 124 -0.021834
123 133 0.053837
123 223 0.505532
124 125 -1.278600
124 134 0.714066
124 224 0.473742
125 126 1.616026
125 135 0.721571
125 225 -1.630815
126 127 -0.222395
126 136 -1.915259
126 226 -0.524086
127 128 -0.176988
127 137 -2.166851
127 227 1.184367
128 129 -0.705188
128 138 -0.187176
128 228 1.165059
129 120 1.445161
129 139 -0.671592
129 229 0.371288
130 131 -0.162178
130 140 0.048842
130 230 -0.142709
131 132 -0.571911
131 141 0.205040
131 231 0.388279
132 133 -0.769368
132 142 -1.523947
132 232 0.918669
133 134 -0.202532
133 143 1.050180
133 233 -0.350111
134 135 1.124344
134 144 1.644020
134 234 0.732685
135 136 1.322682
135 145 -0.571715
135 235 -0.400755
136 137 0.795317
136 146 -0.932484
136 236 -0.209973
137 138 -0.178162
137 147 -0.006064
137 237 -1.142526
138 139 -0.330460
138 148 -1.237734
138 238 1.170927
139 130 -0.191179
139 149 0.369032
139 239 -1.865408
140 141 0.486617
140 150 -2.036960
140 240 0.243770
141 142 0.305763
141 151 0.519487
141 241 -0.529677
142 143 -0.176077
142 152 -1.231724
142 242 -1.768885
143 144 -0.792992
143 153 -0.083592
143 243 0.217270
144 145 1.029048
144 154 0.414246
144 244 -0.940974
145 146 1.694010
145 155 -0.483323
145 245 1.399197
146 147 0.122117
146 156 -0.495162
146 246 2.731826
147 148 -0.390466
147 157 -0.494239
147 247 -1.447318
148 149 -0.699031
148 158 -0.909078
148 248 0.264187
149 140 1.261608
149 159 -1.536359
149 249 -0.634101
150 151 -0.689632
150 160 0.581095
150 250 1.037528
151 152 0.883140
151 161 -1.043791
151 251 -0.070194
152 153 -0.157580
152 162 -1.131154
152 252 0.350772
153 154 0.336010
153 163 -0.635690
153 253 1.061492
154 155 0.509674
154 164 -0.971901
154 254 0.673680
155 156 -0.256905
155 165 0.064664
155 255 -0.417062
156 157 -0.347402
156 166 1.167555
156 256 1.122094
157 158 0.503917
157 167 -1.371919
157 257 -0.777725
158 159 0.558309
158 168 -0.787131
158 258 1.187574
159 150 -0.777166
159 169 0.397346
159 259 -0.140031
160 161 0.673650
160 170 -0.496274
160 260 -1.226243
161 162 0.320899
161 171 -0.894588
161 261 -0.462743
162 163 0.803587
162 172 1.352120
162 262 -2.154275
163 164 1.447860
163 173 1.923484
163 263 0.922378
164 165 -0.745984
164 174 0.337023
164 264 1.055986
165 166 -0.017001
165 175 -2.358973
165 265 -0.597992
166 167 -0.791562
166 176 -2.122247
166 266 1.092380
167 168 -1.966156
167 177 -1.102205
167 267 -0.349756
168 169 0.875989
168 178 0.207307
168 268 0.117021
169 160 2.187055
169 179 -0.218977
169 269 -2.853120
170 171 -0.378354
170 180 -1.113595
170 270 -0.686907
171 172 0.579878
171 181 0.583832
171 271 2.636074
172 173 1.460274
172 182 0.083072
172 272 -0.780525
173 174 0.193305
173 183 0.040682
173 273 0.028604
174 175 -1.438812
174 184 -2.488597
174 274 -0.361912
175 176 0.291313
175 185 0.923755
175 275 -1.484789
176 177 -2.104158
176 186 1.173624
176 276 0.377162
177 178 0.294151
177 187 1.979265
177 277 0.821949
178 179 0.062640
178 188 -0.635000
178 278 0.594978
179 170 1.519118
179 189 -0.973505
179 279 0.294130
180 181 0.310597
180 190 -1.077090
180 280 -0.546923
181 182 2.430940
181 191 1.913367
181 281 -0.881653
182 183 0.146817
182 192 -1.301304
182 282 0.702161
183 184 -0.590834
183 193 -0.058913
183 283 0.099220
184 185 -0.197355
184 194 0.598846
184 284 0.974648
185 186 -0.077317
185 195 0.515415
185 285 2.265937
186 187 1.394138
186 196 0.874958
186 286 0.588560
187 188 1.707550
187 197 0.216752
187 287 0.763574
188 189 0.813910
188 198 -1.206807
188 288 -1.464293
189 180 -1.044741
189 199 1.201163
189 289 0.984196
190 191 -0.030507
190 100 1.847121
190 290 -0.025379
191 192 0.404054
191 101 -0.356761
191 291 0.589090
192 193 -0.798001
192 102 -1.790659
192 292 0.280580
193 194 -0.961274
193 103 -0.293304
193 293 0.208307
194 195 -0.189651
194 104 -1.186854
194 294 0.283995
195 196 0.871343
195 105 -2.380095
195 295 -0.292673
196 197 -0.161454
196 106 0.221543
196 296 -1.737500
197 198 -1.051056
197 107 0.436346
197 297 -0.743298
198 199 1.007630
198 108 0.221935
198 298 -0.954738
199 190 -0.668849
199 109 0.451234
199 299 -0.768092
200 201 1.041219
200 210 0.691411
200 300 -1.587031
201 202 -0.604562
201 211 2.360936
201 301 1.387652
202 203 -0.467418
202 212 -0.735215
202 302 -0.606025
203 204 1.504825
203 213 -0.259533
203 303 -1.312979
204 205 1.377867
204 214 0.338399
204 304 -0.455139
205 206 -1.981479
205 215 1.116615
205 305 -0.328706
206 207 -1.420455
206 216 1.927756
206 306 0.721499
207 208 0.666974
207 217 0.305925
207 307 0.442122
208 209 -0.531962
208 218 -0.283324
208 308 1.803491
209 200 -1.698244
209 219 -0.287911
209 309 -1.595604
210 211 -2.072661
210 220 -0.804942
210 310 -0.008409
211 212 -0.050141
211 221 0.623025
211 311 -0.296820
212 213 -1.594932
212 222 0.560785
212 312 1.061174
213 214 -0.582967
213 223 -0.075861
213 313 0.030491
214 215 0.345432
214 224 -1.955229
214 314 0.833619
215 216 1.813908
215 225 1.015552
215 315 1.123789
216 217 -0.381597
216 226 0.720640
216 316 -1.240208
217 218 0.743482
217 227 -0.042946
217 317 0.624774
218 219 0.461957
218 228 0.325338
218 318 -1.358590
219 210 -0.157649
219 229 0.195016
219 319 -1.846978
220 221 -0.680636
220 230 1.600129
220 320 -0.380647
221 222 1.410917
221 231 0.276058
221 321 1.173790
222 223 0.094901
222 232 -0.548376
222 322 1.386785
223 224 0.512189
223 233 0.567184
223 323 0.700709
224 225 -0.400043
224 234 1.243270
224 324 -1.726095
225 226 -1.169564
225 235 0.217243
225 325 -1.649227
226 227 -1.493657
226 236 1.473744
226 326 0.275357
227 228 1.618514
227 237 0.362224
227 327 -0.984790
228 229 -0.417439
228 238 0.095851
228 328 0.303890
229 220 -0.946777
229 239 -1.162966
229 329 0.254466
230 231 -0.820699
230 240 -0.237624
230 330 -0.292927
231 232 1.733043
231 241 0.418403
231 331 -1.453123
232 233 -0.473804
232 242 -0.942037
232 332 1.390361
233 234 0.026933
233 243 0.617386
233 333 -0.345737
234 235 1.743882
234 244 -1.375071
234 334 -0.105006
235 236 2.421240
235 245 -0.036652
235 335 0.656332
236 237 -1.096653
236 246 1.149534
236 336 1.921369
237 238 -0.765900
237 247 -2.518169
237 337 1.081656
238 239 -1.119128
238 248 0.985553
238 338 -1.641096
239 230 -0.816854
239 249 1.666458
239 339 1.391670
240 241 -0.360164
240 250 0.276182
240 340 1.953304
241 242 -0.599246
241 251 1.192747
241 341 0.237874
242 243 -1.042155
242 252 0.103881
242 342 -1.307657
243 244 -1.285305
243 253 0.480282
243 343 -0.539801
244 245 0.337258
244 254 0.998846
244 344 -0.543136
245 246 2.274179
245 255 -0.579981
245 345 0.480912
246 247 2.266680
246 256 1.506848
246 346 -0.024915
247 248 -0.107374
247 257 0.412039
247 347 -0.722853
248 249 -0.227477
248 258 -0.202165
248 348 -0.290092
249 240 0.553272
249 259 -0.750728
249 349 -0.041826
250 251 -0.164687
250 260 1.434685
250 350 0.572852
251 252 0.150995
251 261 0.096362
251 351 -1.270811
252 253 0.207098
252 262 -1.483483
252 352 1.403757
253 254 -0.192669
253 263 0.953898
253 353 1.350837
254 255 -0.068762
254 264 1.912082
254 354 1.204806
255 256 0.690485
255 265 0.071956
255 355 0.224075
256 257 0.471443
256 266 0.141233
256 356 -0.479746
257 258 -2.251442
257 267 -1.525110
257 357 0.980524
258 259 -0.317248
258 268 -0.942990
258 358 0.554724
259 250 0.307658
259 269 0.819149
259 359 -1.772101
260 261 1.064293
260 270 0.348718
260 360 -0.648072
261 262 0.929983
261 271 -1.405698
261 361 -0.962113
262 263 3.182159
262 272 -3.019525
262 362 -0.955429
263 264 -2.014729
263 273 0.188015
263 363 0.246074
264 265 -0.366230
264 274 1.846595
264 364 1.400781
265 266 0.662017
265 275 -0.871814
265 365 -0.922222
266 267 1.189737
266 276 -2.031745
266 366 -0.853147
267 268 0.592322
267 277 -1.290915
267 367 -0.089699
268 269 -1.596865
268 278 -0.163267
268 368 0.102380
269 260 0.470765
269 279 -0.859064
269 369 -1.231035
270 271 -0.768029
270 280 -2.153869
270 370 0.507601
271 272 0.252080
271 281 -0.370163
271 371 -1.117089
272 273 -0.787853
272 282 -0.665731
272 372 0.448843
273 274 1.402662
273 283 0.643003
273 373 -1.313903
274 275 0.071775
274 284 0.513274
274 374 1.716486
275 276 0.707253
275 285 0.302583
275 375 -0.852102
276 277 -1.101619
276 286 0.717234
276 376 -0.172831
277 278 0.985385
277 287 0.084550
277 377 0.141462
278 279 -0.559565
278 288 2.410042
278 378 -0.915820
279 270 -1.380586
279 289 -2.389450
279 379 -0.499535
280 281 -0.098226
280 290 0.445795
280 380 -1.285037
281 282 0.058777
281 291 0.288870
281 381 2.753066
282 283 1.241944
282 292 -0.334917
282 382 0.555323
283 284 -1.213648
283 293 0.502382
283 383 -0.290548
284 285 2.220483
284 294 -0.339346
284 384 -1.094653
285 286 1.665575
285 295 -0.713098
285 385 0.340880
286 287 0.180788
286 296 0.148265
286 386 0.044514
287 288 -1.586408
287 297 -0.566709
287 387 0.351922
288 289 -0.936712
288 298 -0.891221
288 388 0.617789
289 280 0.169652
289 299 0.852647
289 389 0.107426
290 291 0.380298
290 200 -0.170833
290 390 0.394487
291 292 0.511667
291 201 -1.228808
291 391 -1.101476
292 293 -0.206378
292 202 -1.251566
292 392 -0.165255
293 294 1.619884
293 203 0.432578
293 393 -0.360874
294 295 -1.780927
294 204 -0.095291
294 394 -2.814679
295 296 2.285581
295 205 -0.102737
295 395 0.973767
296 297 0.978598
296 206 0.885106
296 396 0.186707
297 298 0.373155
297 207 0.681514
297 397 0.879536
298 299 -0.501845
298 208 1.144356
298 398 -0.227490
299 290 -0.123421
299 209 -1.254327
299 399 2.073545
300 301 0.084639
300 310 1.216317
300 400 -0.467881
301 302 -0.957464
301 311 -0.611809
301 401 -1.468070
302 303 1.110780
302 312 0.650411
302 402 -0.189100
303 304 0.177633
303 313 -0.969531
303 403 -0.319684
304 305 1.438588
304 314 0.829667
304 404 -0.690547
305 306 -0.664506
305 315 -0.405950
305 405 0.421826
306 307 -1.499621
306 316 -0.016168
306 406 0.795266
307 308 -1.508057
307 317 -1.568440
307 407 -0.493864
308 309 -0.009946
308 318 -0.548297
308 408 -1.611098
309 300 2.612706
309 319 0.509175
309 409 -0.635499
310 311 1.434938
310 320 1.734466
310 410 1.059410
311 312 -0.655985
311 321 1.463005
311 411 1.611054
312 313 0.866048
312 322 -0.091074
312 412 0.382623
313 314 -0.116900
313 323 0.252689
313 413 0.772955
314 315 0.288943
314 324 0.624644
314 414 0.420581
315 316 0.254459
315 325 0.096854
315 415 -0.764969
316 317 1.158086
316 326 0.333780
316 416 -0.952565
317 318 -0.597184
317 327 0.691605
317 417 0.236716
318 319 0.527139
318 328 -0.074163
318 418 -2.095343
319 310 -0.687341
319 329 -0.244241
319 419 0.870145
320 321 0.625878
320 330 -1.468452
320 420 1.530604
321 322 -1.167356
321 331 -2.353572
321 421 0.529041
322 323 0.538063
322 332 -1.107669
322 422 0.957833
323 324 1.271968
323 333 -0.182730
323 423 0.004598
324 325 -0.073567
324 334 0.573703
324 424 -0.042255
325 326 0.738955
325 335 -0.131191
325 425 0.419764
326 327 0.584502
326 336 0.456962
326 426 -0.718927
327 328 1.627894
327 337 -0.312016
327 427 1.706871
328 329 1.778289
328 338 0.572955
328 428 0.597013
329 320 -0.146166
329 339 0.543393
329 429 -1.656858
330 331 0.887251
330 340 0.651757
330 430 -0.984408
331 332 -0.295618
331 341 -1.950056
331 431 -0.940445
332 333 -0.659486
332 342 0.815384
332 432 0.544910
333 334 0.102436
333 343 0.572793
333 433 -0.909115
334 335 0.207733
334 344 0.226272
334 434 0.493971
335 336 0.264886
335 345 1.050818
335 435 -0.525177
336 337 -1.115296
336 346 -0.514558
336 436 -0.399219
337 338 0.402215
337 347 1.209266
337 437 -1.641955
338 339 0.831701
338 348 0.446043
338 438 2.023771
339 330 1.362343
339 349 0.925604
339 439 -0.902212
340 341 -1.122265
340 350 0.348702
340 440 1.238502
341 342 1.833703
341 351 0.110370
341 441 0.229058
342 343 0.385263
342 352 -1.650985
342 442 -0.462231
343 344 -0.704467
343 353 0.663381
343 443 1.052113
344 345 0.664450
344 354 -0.456950
344 444 0.384130
345 346 -0.831165
345 355 1.538742
345 445 1.228609
346 347 -0.770671
346 356 -2.146652
346 446 0.457250
347 348 0.649329
347 357 0.911628
347 447 -0.543384
348 349 -0.545170
348 358 0.111539
348 448 1.617398
349 340 0.650947
349 359 0.065882
349 449 0.142533
350 351 0.005550
350 360 -0.964777
350 450 0.187305
351 352 -0.859042
351 361 1.045539
351 451 -0.272137
352 353 -1.598543
352 362 -0.744331
352 452 0.751672
353 354 0.560446
353 363 -0.772757
353 453 -0.801547
354 355 -0.524712
354 364 -0.963015
354 454 0.127440
355 356 1.168637
355 365 1.478809
355 455 1.192090
356 357 0.945995
356 366 -0.714929
356 456 -1.423303
357 358 -0.311973
357 367 1.305720
357 457 0.137123
358 359 2.717494
358 368 2.029736
358 458 -0.176124
359 350 0.360900
359 369 -0.920944
359 459 0.917364
360 361 0.406217
360 370 0.430751
360 460 0.021298
361 362 -0.141040
361 371 -0.356078
361 461 2.917504
362 363 0.029804
362 372 0.553362
362 462 -0.601274
363 364 -1.063127
363 373 -1.000905
363 463 -0.477432
364 365 1.548468
364 374 0.408507
364 464 1.793854
365 366 0.553293
365 375 0.914642
365 465 0.562918
366 367 -0.819856
366 376 0.180406
366 466 0.225439
367 368 0.222648
367 377 -1.295739
367 467 0.246868
368 369 0.962941
368 378 -0.497673
368 468 1.660599
369 360 0.069890
369 379 -1.377914
369 469 -1.820746
370 371 -0.448584
370 380 0.997421
370 470 3.125551
371 372 1.433545
371 381 1.034148
371 471 1.335935
372 373 1.417822
372 382 -0.096992
372 472 1.140852
373 374 0.808672
373 383 -0.890692
373 473 0.254783
374 375 -1.056494
374 384 0.523809
374 474 0.723626
375 376 0.045056
375 385 -2.340632
375 475 -0.213202
376 377 0.631680
376 386 0.369457
376 476 -0.041112
377 378 0.920848
377 387 0.243701
377 477 -1.110112
378 379 1.075274
378 388 -0.564661
378 478 0.772319
379 370 0.028883
379 389 0.333232
379 479 -0.951834
380 381 -0.950105
380 390 0.262287
380 480 0.444807
381 382 0.271346
381 391 -0.982960
381 481 0.913833
382 383 1.388851
382 392 0.040150
382 482 2.073988
383 384 -0.957338
383 393 2.401909
383 483 -0.767609
384 385 -0.154120
384 394 1.713248
384 484 -0.135360
385 386 0.894769
385 395 0.296479
385 485 -1.787919
386 387 -0.428140
386 396 -0.272748
386 486 1.558339
387 388 -0.941687
387 397 0.465550
387 487 1.090336
388 389 -0.052278
388 398 1.449533
388 488 0.209895
389 380 -1.214919
389 399 1.112362
389 489 -1.224772
390 391 -1.360763
390 300 -1.432557
390 490 0.035753
391 392 0.953767
391 301 -1.194840
391 491 1.083812
392 393 -1.022461
392 302 0.511520
392 492 -0.739789
393 394 1.191121
393 303 -1.183882
393 493 -0.739070
394 395 -1.919567
394 304 1.668751
394 494 0.215372
395 396 1.587694
395 305 -0.430803
395 495 -0.846399
396 397 0.380260
396 306 -0.440284
396 496 -0.773996
397 398 -1.781312
397 307 -0.724921
397 497 0.905036
398 399 0.457678
398 308 -0.201071
398 498 -1.729724
399 390 -0.781218
399 309 -0.335304
399 499 -1.129823
400 401 -0.647465
400 410 0.809197
400 500 -0.397057
401 402 -0.709714
401 411 1.036457
401 501 -0.664536
402 403 2.641765
402 412 -0.217074
402 502 1.985435
403 404 0.022600
403 413 -0.676321
403 503 -1.326877
404 405 -0.065986
404 414 1.546951
404 504 -1.565495
405 406 1.455641
405 415 -2.365178
405 505 0.998931
406 407 -0.381236
406 416 -2.138496
406 506 -0.400974
407 408 1.033241
407 417 0.168536
407 507 0.223429
408 409 0.953411
408 418 -0.274257
408 508 -0.402540
409 400 -0.682622
409 419 0.284190
409 509 -0.735303
410 411 0.100661
410 420 1.576714
410 510 -1.164512
411 412 0.657351
411 421 1.817982
411 511 0.174356
412 413 -0.677910
412 422 -1.903297
412 512 0.150541
413 414 0.610410
413 423 -0.825781
413 513 -1.415486
414 415 0.374534
414 424 1.440652
414 514 1.344831
415 416 -1.359303
415 425 -0.233081
415 515 -0.114482
416 417 -0.395518
416 426 0.922303
416 516 -0.095356
417 418 0.592132
417 427 1.657375
417 517 0.719244
418 419 -0.710242
418 428 -1.220193
418 518 -0.034489
419 410 2.157211
419 429 0.218733
419 519 0.150896
420 421 1.125328
420 430 -0.376124
420 520 0.259388
421 422 0.761865
421 431 -0.320000
421 521 -1.064755
422 423 -0.041080
422 432 0.294867
422 522 -1.487029
423 424 -0.793984
423 433 0.411273
423 523 0.119317
424 425 0.538867
424 434 -0.398181
424 524 -1.668726
425 426 1.672601
425 435 -1.870899
425 525 1.123361
426 427 -0.426847
426 436 -0.779799
426 526 0.248415
427 428 0.281962
427 437 -1.295723
427 527 0.454369
428 429 0.604836
428 438 0.104066
428 528 1.707498
429 420 0.279756
429 439 -0.208289
429 529 2.123338
430 431 1.243952
430 440 -0.553359
430 530 -0.798262
431 432 -0.087876
431 441 -0.015527
431 531 -0.732422
432 433 0.387925
432 442 0.617928
432 532 -2.049611
433 434 0.785756
433 443 -0.798265
433 533 1.902722
434 435 1.055539
434 444 -0.552836
434 534 -1.207407
435 436 0.429380
435 445 1.748115
435 535 0.748973
436 437 0.065592
436 446 -1.132362
436 536 2.572448
437 438 -1.082469
437 447 1.233761
437 537 -0.315193
438 439 -0.153892
438 448 0.319597
438 538 1.082201
439 430 -2.145671
439 449 0.778542
439 539 0.062442
440 441 -1.390971
440 450 -0.108516
440 540 0.915915
441 442 0.777809
441 451 1.358433
441 541 0.907865
442 443 0.243137
442 452 0.426391
442 542 1.228764
443 444 0.105510
443 453 2.061970
443 543 -0.879555
444 445 0.239173
444 454 -0.229033
444 544 -0.180485
445 446 0.522709
445 455 -1.960161
445 545 1.505426
446 447 -0.003171
446 456 1.324993
446 546 0.216342
447 448 -1.223830
447 457 -1.335868
447 547 -1.287176
448 449 -2.994242
448 458 -0.617072
448 548 1.770472
449 440 -0.060855
449 459 -0.746810
449 549 0.264321
450 451 -0.548889
450 460 0.470222
450 550 -1.771364
451 452 1.285155
451 461 1.755666
451 551 -0.714208
452 453 0.854866
452 462 0.548308
452 552 0.080025
453 454 1.919672
453 463 -0.020186
453 553 0.443048
454 455 -0.390628
454 464 1.430916
454 554 -1.619125
455 456 0.369753
455 465 -0.203512
455 555 1.694937
456 457 -0.115762
456 466 0.816875
456 556 -0.480794
457 458 -0.999936
457 467 0.363024
457 557 0.627251
458 459 -0.044608
458 468 0.027428
458 558 0.153642
459 450 0.826284
459 469 0.597831
459 559 -0.164022
460 461 0.089943
460 470 -0.182201
460 560 0.499943
461 462 -0.654729
461 471 0.289311
461 561 -0.123506
462 463 -0.458732
462 472 -1.859058
462 562 -1.107404
463 464 0.344903
463 473 0.356188
463 563 -0.493633
464 465 0.616554
464 474 -1.306344
464 564 1.535011
465 466 0.347732
465 475 0.446622
465 565 -0.445345
466 467 0.783769
466 476 0.636692
466 566 -1.684387
467 468 -0.176734
467 477 -1.130019
467 567 0.880665
468 469 -1.015845
468 478 -1.131255
468 568 0.129125
469 460 1.771042
469 479 0.243934
469 569 -1.625458
470 471 0.265593
470 480 0.181266
470 570 -0.890105
471 472 -1.048597
471 481 -0.335942
471 571 -0.384926
472 473 0.360219
472 482 0.405308
472 572 0.926653
473 474 0.097355
473 483 -2.131058
473 573 1.519683
474 475 0.353352
474 484 2.524352
474 574 -0.396185
475 476 1.809875
475 485 -1.272493
475 575 0.523490
476 477 -0.336296
476 486 -0.989337
476 576 -0.026090
477 478 0.657061
477 487 0.451174
477 577 0.281920
478 479 -0.945441
478 488 1.953757
478 578 -1.086327
479 470 -0.851088
479 489 0.655913
479 579 0.656243
480 481 -1.434103
480 490 0.194632
480 580 0.946025
481 482 1.383451
481 491 0.835137
481 581 -0.531062
482 483 0.150582
482 492 0.710865
482 582 -1.669306
483 484 1.116561
483 493 -0.060439
483 583 0.822500
484 485 -0.281337
484 494 1.595045
484 584 -1.928095
485 486 0.681829
485 495 -2.245063
485 585 0.548497
486 487 1.331642
486 496 0.106391
486 586 0.010929
487 488 -0.728312
487 497 0.135921
487 587 -0.562707
488 489 -0.141513
488 498 -1.043542
488 588 0.245104
489 480 0.045713
489 499 0.192821
489 589 0.235723
490 491 0.019969
490 400 -2.939101
490 590 -1.485114
491 492 0.237170
491 401 -0.060967
491 591 -0.506854
492 493 -0.332098
492 402 -1.053680
492 592 0.777232
493 494 1.319748
493 403 0.939524
493 593 -0.699738
494 495 -0.240586
494 404 0.175365
494 594 1.115718
495 496 -0.097768
495 405 0.689135
495 595 0.505676
496 497 0.567878
496 406 0.508694
496 596 -0.658046
497 498 -0.367167
497 407 0.881291
497 597 -0.170742
498 499 -0.944689
498 408 0.367073
498 598 0.177532
499 490 -0.107299
499 409 -0.680325
499 599 -0.878040
500 501 1.136594
500 510 -0.735481
500 600 1.357740
501 502 -0.958250
501 511 -0.317412
501 601 -0.642629
502 503 0.233239
502 512 -0.770735
502 602 -0.791502
503 504 -1.079470
503 513 0.917082
503 603 1.354908
504 505 -0.175871
504 514 -0.046590
504 604 -0.111047
505 506 -0.721384
505 515 1.731823
505 605 0.336611
506 507 1.664039
506 516 0.232493
506 606 -0.287414
507 508 0.893705
507 517 -0.741196
507 607 0.005190
508 509 1.077598
508 518 -1.392504
508 608 -1.253261
509 500 -0.731180
509 519 0.229115
509 609 0.735132
510 511 1.626184
510 520 0.914454
510 610 -0.782791
511 512 -2.336195
511 521 0.721983
511 611 -1.931013
512 513 1.127376
512 522 -0.294287
512 612 -1.216507
513 514 -0.399299
513 523 -0.098483
513 613 0.481728
514 515 2.050100
514 524 -0.323506
514 614 0.329697
515 516 -0.729448
515 525 1.151974
515 615 -1.118899
516 517 0.138411
516 526 -0.921677
516 616 -1.001529
517 518 -0.962264
517 527 0.298731
517 617 1.291140
518 519 -0.197768
518 528 -0.263889
518 618 -0.059572
519 510 -0.300136
519 529 -0.901546
519 619 1.169405
520 521 -0.159071
520 530 0.801087
520 620 0.473802
521 522 -0.389741
521 531 2.017002
521 621 -1.104853
522 523 0.426151
522 532 0.297125
522 622 -0.916354
523 524 0.328562
523 533 -0.481804
523 623 -0.801777
524 525 -0.618648
524 534 -0.069177
524 624 2.799672
525 526 -0.139632
525 535 -0.167696
525 625 -0.438533
526 527 -0.879005
526 536 -0.575825
526 626 1.811859
527 528 0.134001
527 537 -0.137614
527 627 1.835494
528 529 -0.623189
528 538 0.239497
528 628 -0.090113
529 520 -0.395648
529 539 0.431752
529 629 1.900965
530 531 0.044686
530 540 0.584640
530 630 1.487355
531 532 0.377421
531 541 -0.784385
531 631 2.220189
532 533 -0.591526
532 542 -1.770118
532 632 -0.072605
533 534 -0.199354
533 543 0.632594
533 633 0.041512
534 535 -0.963199
534 544 0.259169
534 634 0.052647
535 536 0.102596
535 545 1.570473
535 635 0.696245
536 537 0.964798
536 546 0.006196
536 636 0.570379
537 538 -1.349403
537 547 -0.829272
537 637 -0.176493
538 539 0.348200
538 548 -0.923742
538 638 -0.150649
539 530 1.327576
539 549 1.735165
539 639 0.260321
540 541 -0.381192
540 550 -0.416752
540 640 -1.750227
541 542 2.127284
541 551 -0.728052
541 641 0.815786
542 543 -1.371624
542 552 -1.693883
542 642 0.259785
543 544 0.644539
543 553 -1.209948
543 643 0.952129
544 545 0.874935
544 554 -0.018752
544 644 -1.653789
545 546 -0.869151
545 555 2.437135
545 645 0.994779
546 547 -1.021369
546 556 -0.069285
546 646 0.182600
547 548 0.092548
547 557 0.521830
547 647 -1.228771
548 549 1.575644
548 558 -0.505782
548 648 -0.299645
549 540 -0.650962
549 559 1.378068
549 649 -0.280561
550 551 0.030351
550 560 0.328168
550 650 -0.457153
551 552 0.373215
551 561 1.040760
551 651 0.027328
552 553 -1.124021
552 562 1.534923
552 652 -0.661893
553 554 1.468087
553 563 -0.105085
553 653 -0.065717
554 555 0.417393
554 564 0.860970
554 654 -0.022705
555 556 -0.507759
555 565 -0.079218
555 655 -0.108251
556 557 0.644179
556 566 -0.230369
556 656 0.166249
557 558 0.032837
557 567 -0.629457
557 657 -0.301823
558 559 -0.426618
558 568 -0.247304
558 658 -0.866155
559 550 1.786591
559 569 1.164640
559 659 0.002287
560 561 -0.082237
560 570 0.084730
560 660 -0.721680
561 562 -0.640302
561 571 -1.803691
561 661 0.720887
562 563 -0.308231
562 572 1.805072
562 662 0.830869
563 564 1.344201
563 573 1.283040
563 663 1.787748
564 565 -0.654341
564 574 1.315671
564 664 0.434627
565 566 -0.259846
565 575 1.352291
565 665 0.924665
566 567 0.257840
566 576 -0.090198
566 666 1.172456
567 568 -0.447373
567 577 0.216271
567 667 0.473301
568 569 1.473748
568 578 -0.697982
568 668 -0.347852
569 560 0.274693
569 579 -0.366680
569 669 0.792672
570 571 -1.082027
570 580 0.815645
570 670 -0.842951
571 572 -0.529173
571 581 1.463594
571 671 0.958667
572 573 0.034506
572 582 0.075817
572 672 0.380321
573 574 -0.514121
573 583 0.793434
573 673 0.939385
574 575 -0.349577
574 584 0.253695
574 674 0.449725
575 576 3.092298
575 585 -1.681592
575 675 -1.230350
576 577 2.089649
576 586 1.736157
576 676 0.287287
577 578 0.054288
577 587 0.319137
577 677 -0.586197
578 579 -0.878878
578 588 0.099856
578 678 0.508247
579 570 -0.195101
579 589 -0.463732
579 679 0.872076
580 581 -0.202870
580 590 -0.154018
580 680 1.440248
581 582 -0.232926
581 591 -0.568770
581 681 -0.258884
582 583 -0.261621
582 592 -2.277571
582 682 -1.126553
583 584 -0.116405
583 593 -2.441120
583 683 -0.947611
584 585 1.665696
584 594 0.501926
584 684 -0.531139
585 586 0.857376
585 595 0.288381
585 685 -0.463015
586 587 0.327997
586 596 -0.047906
586 686 0.160887
587 588 -1.882500
587 597 -1.381792
587 687 -0.993474
588 589 0.323366
588 598 0.252980
588 688 0.035344
589 580 0.512597
589 599 1.287403
589 689 -0.474476
590 591 -0.093280
590 500 0.172903
590 690 -0.818081
591 592 -0.665629
591 501 0.567947
591 691 -1.481493
592 593 -0.263017
592 502 -0.088966
592 692 3.277214
593 594 -0.396938
593 503 0.147503
593 693 -1.115298
594 595 -0.310299
594 504 0.534592
594 694 -0.817222
595 596 -1.947315
595 505 2.287722
595 695 -0.607660
596 597 -1.047254
596 506 -0.822999
596 696 -0.226143
597 598 -1.247520
597 507 0.215073
597 697 -0.427529
598 599 2.026541
598 508 -0.344248
598 698 -0.259198
599 590 -0.747862
599 509 -0.366818
599 699 -0.252038
600 601 1.749232
600 610 -0.761019
600 700 -2.377544
601 602 -0.718110
601 611 1.533315
601 701 0.980426
602 603 0.749256
602 612 0.895661
602 702 0.423874
603 604 -0.651402
603 613 0.615588
603 703 0.370152
604 605 2.511419
604 614 -1.213840
604 704 -0.231928
605 606 -0.106324
605 615 -0.630239
605 705 0.352173
606 607 0.174538
606 616 0.840457
606 706 -0.235710
607 608 0.527779
607 617 0.647986
607 707 0.282920
608 609 0.473616
608 618 -1.020799
608 708 -0.246053
609 600 0.002937
609 619 -0.862740
609 709 0.144995
610 611 0.833443
610 620 1.258658
610 710 1.116081
611 612 0.605682
611 621 -0.458334
611 711 -1.071154
612 613 1.369804
612 622 0.451292
612 712 -0.588221
613 614 0.596553
613 623 -1.690399
613 713 -1.029800
614 615 0.339673
614 624 0.858898
614 714 -1.673063
615 616 -0.685359
615 625 0.712106
615 715 0.188919
616 617 0.674087
616 626 -1.295221
616 716 -2.605617
617 618 -1.142339
617 627 0.459492
617 717 -0.689643
618 619 2.826103
618 628 -1.154449
618 718 -2.063504
619 610 -1.538745
619 629 -0.126159
619 719 -0.311970
620 621 0.262302
620 630 -1.817884
620 720 -0.903769
621 622 0.297034
621 631 1.132678
621 721 1.077678
622 623 -1.077860
622 632 -0.465683
622 722 1.080720
623 624 -0.082136
623 633 0.588100
623 723 -1.513562
624 625 0.767508
624 634 1.481959
624 724 0.242446
625 626 -0.143260
625 635 0.649059
625 725 0.463629
626 627 0.211674
626 636 0.920260
626 726 -0.387384
627 628 0.673904
627 637 0.581951
627 727 0.135549
628 629 -1.328641
628 638 2.210985
628 728 0.611322
629 620 -0.433137
629 639 -0.356836
629 729 -0.898796
630 631 -0.053608
630 640 0.875126
630 730 -0.099997
631 632 -1.066840
631 641 -0.702291
631 731 -1.166137
632 633 1.289053
632 642 0.274126
632 732 1.350078
633 634 0.513532
633 643 0.266582
633 733 -0.529533
634 635 1.049899
634 644 2.640598
634 734 -0.451733
635 636 0.251323
635 645 -1.782644
635 735 -0.546396
636 637 0.039431
636 646 0.448099
636 736 -2.512149
637 638 1.610492
637 647 -0.959408
637 737 1.116052
638 639 1.072097
638 648 1.872042
638 738 0.060851
639 630 1.147619
639 649 -0.687084
639 739 -0.357918
640 641 1.535383
640 650 -0.673758
640 740 -0.170260
641 642 1.087552
641 651 0.091308
641 741 1.168165
642 643 -0.400265
642 652 0.128815
642 742 -0.163707
643 644 -0.298226
643 653 0.684525
643 743 0.405785
644 645 1.297958
644 654 0.681958
644 744 -0.558731
645 646 0.852822
645 655 0.228116
645 745 -1.388495
646 647 0.929010
646 656 -0.163034
646 746 -1.129592
647 648 -1.303010
647 657 0.922649
647 747 -0.566587
648 649 -0.023091
648 658 -1.243735
648 748 -1.138497
649 640 0.406788
649 659 -0.068903
649 749 1.423994
650 651 2.251751
650 660 0.115568
650 750 0.876767
651 652 -0.194838
651 661 0.566495
651 751 0.254028
652 653 1.112263
652 662 0.218012
652 752 0.192084
653 654 1.050835
653 663 0.035886
653 753 0.255995
654 655 -1.611361
654 664 0.354574
654 754 -0.595520
655 656 -1.294629
655 665 -0.505698
655 755 0.360630
656 657 -0.487942
656 666 -0.575660
656 756 -1.356573
657 658 0.851119
657 667 1.332959
657 757 -0.048506
658 659 -0.021474
658 668 -0.693140
658 758 0.358494
659 650 -1.824020
659 669 -0.787425
659 759 -1.728200
660 661 -0.734386
660 670 0.274047
660 760 -0.194864
661 662 0.308668
661 671 0.120612
661 761 -0.967614
662 663 0.346521
662 672 -1.641533
662 762 0.272863
663 664 1.532658
663 673 0.508157
663 763 0.850978
664 665 -0.340813
664 674 0.259670
664 764 2.310782
665 666 0.761285
665 675 -0.182061
665 765 0.339201
666 667 -0.446951
666 676 1.220942
666 766 -0.450057
667 668 -0.112007
667 677 0.790956
667 767 0.857724
668 669 -0.249702
668 678 1.030899
668 768 -0.771077
669 660 1.099943
669 679 0.926264
669 769 0.494425
670 671 -1.509282
670 680 0.446098
670 770 0.832141
671 672 -2.991810
671 681 1.898471
671 771 -0.548980
672 673 0.905923
672 682 0.093626
672 772 0.090123
673 674 0.232671
673 683 0.871758
673 773 -0.657931
674 675 -0.045535
674 684 0.281291
674 774 0.021214
675 676 -0.929540
675 685 -0.241269
675 775 0.284097
676 677 1.116768
676 686 0.439814
676 776 3.103468
677 678 -0.401357
677 687 -0.617958
677 777 2.400860
678 679 0.440975
678 688 1.282007
678 778 0.589477
679 670 0.381408
679 689 0.559198
679 779 -1.349189
680 681 1.055486
680 690 -0.202822
680 780 -1.665321
681 682 -0.541383
681 691 0.202970
681 781 -1.006496
682 683 0.537229
682 692 0.772583
682 782 -1.155361
683 684 -0.233332
683 693 -0.144984
683 783 0.813963
684 685 0.705179
684 694 1.061568
684 784 -1.363748
685 686 -1.353494
685 695 0.184320
685 785 0.201151
686 687 0.124175
686 696 2.363218
686 786 1.632535
687 688 0.427809
687 697 -0.036916
687 787 -0.834028
688 689 0.033701
688 698 0.131481
688 788 0.261399
689 680 -0.391286
689 699 -1.689306
689 789 0.009572
690 691 0.273317
690 600 0.872540
690 790 -0.084080
691 692 1.471303
691 601 -1.332572
691 791 -0.869051
692 693 0.049132
692 602 0.754023
692 792 -0.985296
693 694 0.709134
693 603 -1.287714
693 793 0.470264
694 695 0.088334
694 604 -1.166114
694 794 0.222132
695 696 -0.694398
695 605 -0.947748
695 795 -0.935707
696 697 0.387261
696 606 1.182908
696 796 0.482778
697 698 -0.358933
697 607 -0.666360
697 797 -1.088078
698 699 -1.198249
698 608 0.324536
698 798 0.699349
699 690 -0.087722
699 609 -0.692846
699 799 0.512367
700 701 0.386427
700 710 1.014293
700 800 0.590753
701 702 0.496244
701 711 -0.724651
701 801 0.516377
702 703 -0.931743
702 712 1.014160
702 802 -0.582121
703 704 -0.281203
703 713 1.248018
703 803 -0.636924
704 705 0.058144
704 714 -0.215041
704 804 -0.356144
705 706 1.212749
705 715 -0.051184
705 805 1.317085
706 707 1.071293
706 716 -0.702761
706 806 -1.364304
707 708 0.610492
707 717 1.152117
707 807 -1.306254
708 709 1.261525
708 718 -1.277791
708 808 0.832112
709 700 -0.220003
709 719 -0.568974
709 809 0.534281
710 711 0.194398
710 720 -2.355819
710 810 -0.713929
711 712 0.233434
711 721 -1.422857
711 811 -0.195444
712 713 0.429760
712 722 0.178130
712 812 -0.878214
713 714 1.394249
713 723 -1.654889
713 813 1.616304
714 715 -1.300399
714 724 0.155110
714 814 0.202859
715 716 1.286353
715 725 1.787139
715 815 -1.479569
716 717 -0.085978
716 726 2.668597
716 816 -0.468678
717 718 -1.579257
717 727 1.163420
717 817 0.689962
718 719 -0.266538
718 728 0.956423
718 818 -0.157639
719 710 0.802468
719 729 2.132345
719 819 0.155896
720 721 0.635127
720 730 1.297686
720 820 0.854168
721 722 -0.273220
721 731 1.949856
721 821 -0.492251
722 723 -0.345465
722 732 -1.264253
722 822 0.469273
723 724 -1.688404
723 733 0.361990
723 823 -0.313225
724 725 1.270074
724 734 0.099589
724 824 0.346328
725 726 -1.088935
725 735 -1.440509
725 825 -1.321531
726 727 1.157435
726 736 0.127841
726 826 1.487661
727 728 -0.048643
727 737 -0.204712
727 827 -1.330242
728 729 0.276027
728 738 -0.146741
728 828 -0.584995
729 720 -0.232185
729 739 1.818726
729 829 0.464746
730 731 -0.658134
730 740 0.444741
730 830 -0.282026
731 732 1.605060
731 741 0.383042
731 831 0.416843
732 733 1.284983
732 742 1.017758
732 832 -0.379353
733 734 -1.438864
733 743 0.702665
733 833 -0.467587
734 735 0.068520
734 744 -0.274709
734 834 -1.254642
735 736 0.513466
735 745 -0.677381
735 835 0.468407
736 737 -2.004502
736 746 0.557655
736 836 0.910202
737 738 -0.908340
737 747 -0.022072
737 837 1.121113
738 739 0.299599
738 748 -0.029205
738 838 -0.916057
739 730 -0.518708
739 749 -0.024709
739 839 0.913124
740 741 -1.559181
740 750 0.593563
740 840 -0.300390
741 742 -0.495321
741 751 0.231771
741 841 -1.877188
742 743 0.174728
742 752 0.687810
742 842 -1.595425
743 744 -0.499831
743 753 1.481806
743 843 -0.349997
744 745 -1.383159
744 754 -0.826989
744 844 -0.979009
745 746 0.904357
745 755 -0.763391
745 845 -1.136240
746 747 -0.436922
746 756 0.107387
746 846 -1.458651
747 748 -0.592434
747 757 -0.730563
747 847 1.011906
748 749 1.824635
748 758 -0.228421
748 848 -1.348697
749 740 -0.338038
749 759 0.203749
749 849 0.387207
750 751 0.064103
750 760 1.315412
750 850 -0.829600
751 752 -0.477640
751 761 2.226730
751 851 0.684016
752 753 -0.337006
752 762 0.300796
752 852 0.170950
753 754 0.640550
753 763 -0.077658
753 853 -0.222995
754 755 1.505098
754 764 1.135946
754 854 0.565542
755 756 2.139238
755 765 -1.046143
755 855 -1.147850
756 757 -0.195001
756 766 0.929976
756 856 -1.193279
757 758 1.245484
757 767 0.912069
757 857 -0.240197
758 759 0.984435
758 768 -0.407289
758 858 0.509699
759 750 1.562128
759 769 1.892109
759 859 1.933354
760 761 -0.703954
760 770 0.101449
760 860 -0.763908
761 762 1.101317
761 771 1.279982
761 861 -0.643014
762 763 0.034508
762 772 0.683911
762 862 0.249178
763 764 0.975468
763 773 -1.833715
763 863 -1.101372
764 765 -0.709541
764 774 0.059119
764 864 -1.642224
765 766 0.348826
765 775 1.631155
765 865 0.691407
766 767 -0.221220
766 776 -0.125516
766 866 -0.393017
767 768 -0.781640
767 777 -0.530320
767 867 -0.552632
768 769 0.836831
768 778 0.924465
768 868 -0.166741
769 760 0.841290
769 779 0.013473
769 869 -0.191835
770 771 0.321717
770 780 -1.917034
770 870 -0.982339
771 772 -1.393804
771 781 0.700438
771 871 -1.403297
772 773 0.513549
772 782 0.213627
772 872 -0.622726
773 774 -0.645572
773 783 -0.477142
773 873 -0.491137
774 775 0.347381
774 784 0.847668
774 874 0.839289
775 776 2.187054
775 785 -1.303790
775 875 -0.549818
776 777 -0.548795
776 786 -1.777752
776 876 -0.792329
777 778 1.882601
777 787 -0.418800
777 877 -1.345681
778 779 0.597364
778 788 1.945916
778 878 1.046677
779 770 -0.540026
779 789 -1.774323
779 879 -1.361817
780 781 -0.214579
780 790 1.114633
780 880 0.803199
781 782 -0.375533
781 791 0.673183
781 881 0.239982
782 783 -1.496495
782 792 -1.096730
782 882 0.344881
783 784 -0.333694
783 793 -0.516395
783 883 0.981818
784 785 1.990808
784 794 0.615920
784 884 0.870045
785 786 -0.764541
785 795 -0.851362
785 885 1.349126
786 787 -0.786522
786 796 1.307429
786 886 -0.138682
787 788 0.256764
787 797 2.381096
787 887 -0.028039
788 789 -1.462874
788 798 -0.943597
788 888 1.357974
789 780 -1.948144
789 799 1.073416
789 889 0.102649
790 791 -0.380982
790 700 -0.764344
790 890 -0.417490
791 792 -0.120994
791 701 -0.475910
791 891 0.128933
792 793 3.034676
792 702 -1.187002
792 892 -0.354978
793 794 -0.868056
793 703 0.105399
793 893 1.036340
794 795 -0.403565
794 704 -0.878981
794 894 -0.990560
795 796 1.727527
795 705 0.439088
795 895 -0.327467
796 797 -0.079305
796 706 1.992432
796 896 -0.261150
797 798 2.766965
797 707 0.034967
797 897 -0.419461
798 799 0.472857
798 708 -0.289548
798 898 -1.874993
799 790 -0.563347
799 709 -0.844529
799 899 -1.502033
800 801 1.091349
800 810 -0.910310
800 900 -1.449731
801 802 -0.758064
801 811 0.455779
801 901 0.619397
802 803 0.159744
802 812 -0.718241
802 902 -0.260112
803 804 -1.786417
803 813 -0.988653
803 903 0.803142
804 805 -1.435008
804 814 -1.679887
804 904 0.245124
805 806 -0.185865
805 815 0.091170
805 905 0.807287
806 807 1.109575
806 816 -0.023210
806 906 -0.587067
807 808 0.961669
807 817 0.125990
807 907 1.042961
808 809 -1.003545
808 818 0.934689
808 908 -1.006401
809 800 -0.290133
809 819 3.282330
809 909 0.705788
810 811 0.879049
810 820 -0.982517
810 910 -1.235692
811 812 -0.010504
811 821 0.508412
811 911 -1.096791
812 813 1.866820
812 822 -1.007440
812 912 0.498178
813 814 0.417115
813 823 -0.168876
813 913 0.608557
814 815 -1.982936
814 824 -0.269126
814 914 0.567202
815 816 -0.580713
815 825 0.904679
815 915 0.068637
816 817 -1.269281
816 826 -0.076127
816 916 0.138204
817 818 0.284913
817 827 0.244649
817 917 0.116181
818 819 0.222665
818 828 -0.613357
818 918 -0.403425
819 810 -0.746657
819 829 0.364356
819 919 -0.610917
820 821 -0.878314
820 830 0.143312
820 920 0.827479
821 822 -0.907848
821 831 0.934453
821 921 -1.772221
822 823 0.673357
822 832 -0.896428
822 922 1.720502
823 824 -0.188540
823 833 0.068870
823 923 -0.047898
824 825 0.765912
824 834 1.957673
824 924 -0.078171
825 826 -1.023411
825 835 -0.191171
825 925 2.826969
826 827 0.800332
826 836 1.615833
826 926 0.182666
827 828 1.629568
827 837 -0.702141
827 927 -0.052231
828 829 -0.597777
828 838 1.127914
828 928 -0.476431
829 820 0.352927
829 839 -0.855482
829 929 1.417493
830 831 -1.065499
830 840 -0.451002
830 930 -0.290074
831 832 -0.160748
831 841 -0.159003
831 931 0.026647
832 833 -0.202686
832 842 0.190606
832 932 -0.142009
833 834 0.869261
833 843 -0.588051
833 933 0.082580
834 835 0.135640
834 844 -0.320601
834 934 -0.149227
835 836 -0.520371
835 845 0.118056
835 935 0.411796
836 837 -0.005150
836 846 -0.980544
836 936 -0.177366
837 838 0.010066
837 847 -0.494758
837 937 1.424542
838 839 0.430946
838 848 1.093699
838 938 0.098457
839 830 -1.293799
839 849 1.127853
839 939 -0.838292
840 841 -1.556628
840 850 -1.168498
840 940 -0.158891
841 842 0.990774
841 851 1.007903
841 941 -1.008794
842 843 1.045094
842 852 0.802608
842 942 -0.489317
843 844 0.225252
843 853 1.726417
843 943 -1.125749
844 845 -0.580527
844 854 -0.053537
844 944 -0.402158
845 846 1.280627
845 855 1.850490
845 945 -0.592571
846 847 -0.327873
846 856 -0.423685
846 946 -0.372707
847 848 -0.464513
847 857 1.171762
847 947 -0.327467
848 849 1.058344
848 858 -0.169203
848 948 -0.776436
849 840 -1.348629
849 859 -0.321390
849 949 0.585865
850 851 0.261834
850 860 -1.206841
850 950 0.161827
851 852 2.416227
851 861 -3.048596
851 951 -1.453095
852 853 -0.812559
852 862 -0.331106
852 952 0.903269
853 854 2.102673
853 863 0.807200
853 953 1.641219
854 855 0.384801
854 864 0.608204
854 954 -0.664268
855 856 0.155319
855 865 -2.070095
855 955 1.173762
856 857 0.847367
856 866 0.248782
856 956 0.920358
857 858 -0.708152
857 867 0.553331
857 957 0.786318
858 859 1.090856
858 868 -1.285407
858 958 1.043047
859 850 -0.241816
859 869 -0.764423
859 959 -0.215347
860 861 0.855877
860 870 0.746589
860 960 -0.984565
861 862 -0.678651
861 871 -0.380860
861 961 2.953687
862 863 0.300598
862 872 -0.523557
862 962 -0.919908
863 864 -1.562702
863 873 -1.699976
863 963 -1.069588
864 865 1.550106
864 874 2.479277
864 964 -0.481015
865 866 0.680423
865 875 -0.959649
865 965 0.271665
866 867 -1.247537
866 876 0.563509
866 966 -1.225635
867 868 -0.517010
867 877 -0.883323
867 967 -0.630566
868 869 1.513929
868 878 1.121514
868 968 -2.084330
869 860 -0.452935
869 879 0.639614
869 969 -0.743943
870 871 -0.758587
870 880 0.874561
870 970 -0.072234
871 872 0.659313
871 881 1.623783
871 971 -0.307003
872 873 1.778445
872 882 2.067694
872 972 -0.709008
873 874 1.003892
873 883 1.979344
873 973 0.370847
874 875 0.089431
874 884 0.541705
874 974 -0.290769
875 876 -0.504898
875 885 0.225695
875 975 -1.377386
876 877 0.685600
876 886 -0.888907
876 976 -0.680578
877 878 1.884130
877 887 0.431636
877 977 -1.169712
878 879 -0.767899
878 888 0.964595
878 978 -0.494642
879 870 -2.777359
879 889 1.500692
879 979 1.295400
880 881 1.084883
880 890 0.268586
880 980 1.631745
881 882 0.596402
881 891 -0.065470
881 981 0.510950
882 883 1.054808
882 892 -0.513745
882 982 0.623064
883 884 -1.540348
883 893 -0.138812
883 983 0.401191
884 885 0.435094
884 894 -0.464743
884 984 0.536337
885 886 -0.316037
885 895 -0.159247
885 985 0.254241
886 887 -0.243305
886 896 -0.363498
886 986 -0.855872
887 888 2.609986
887 897 -0.602316
887 987 -1.031905
888 889 -0.880229
888 898 1.204760
888 988 -0.298214
889 880 0.301772
889 899 -0.949815
889 989 -0.531000
890 891 0.448189
890 800 1.245996
890 990 -0.942059
891 892 0.527720
891 801 -1.906730
891 991 -0.935846
892 893 -0.109903
892 802 -2.779223
892 992 -0.379923
893 894 -0.054279
893 803 -0.030811
893 993 0.294771
894 895 -0.034259
894 804 -0.292527
894 994 -1.640020
895 896 0.537859
895 805 0.146581
895 995 -0.447395
896 897 0.463362
896 806 2.474284
896 996 -0.901530
897 898 0.216166
897 807 -0.238505
897 997 1.210475
898 899 2.875714
898 808 0.174309
898 998 -1.517899
899 890 0.283061
899 809 -0.321131
899 999 2.077604
900 901 0.138466
900 910 -0.016853
900 0 1.104390
901 902 -1.478099
901 911 -0.425269
901 1 -0.359996
902 903 -0.673966
902 912 0.909770
902 2 -0.846439
903 904 -0.363936
903 913 -0.762199
903 3 0.111867
904 905 1.336421
904 914 0.726324
904 4 0.560391
905 906 -0.063110
905 915 -0.035378
905 5 -1.268494
906 907 -1.563202
906 916 0.567038
906 6 0.134285
907 908 -0.067187
907 917 -0.513788
907 7 -0.332648
908 909 -0.377043
908 918 -0.189629
908 8 -1.606826
909 900 -2.203655
909 919 2.053818
909 9 0.806033
910 911 0.246163
910 920 -1.675935
910 10 0.393944
911 912 -0.006097
911 921 0.103830
911 11 0.558752
912 913 0.580674
912 922 1.875736
912 12 -0.498903
913 914 -1.216911
913 923 2.552826
913 13 -0.503334
914 915 0.782319
914 924 0.558401
914 14 -1.249011
915 916 -0.194649
915 925 -0.450161
915 15 -0.351269
916 917 0.551015
916 926 -0.868239
916 16 -0.655524
917 918 -1.804928
917 927 -1.075078
917 17 0.442249
918 919 -0.007067
918 928 -1.309743
918 18 0.398911
919 910 0.190396
919 929 1.604092
919 19 -0.382077
920 921 0.663232
920 930 0.457153
920 20 -2.140084
921 922 -0.402633
921 931 -0.410644
921 21 -0.190800
922 923 0.933552
922 932 -0.801566
922 22 -0.287678
923 924 0.166147
923 933 -1.005990
923 23 0.318751
924 925 0.643250
924 934 1.708130
924 24 -0.938851
925 926 -0.845417
925 935 1.883738
925 25 -1.055794
926 927 -1.275628
926 936 1.298086
926 26 0.913978
927 928 -1.081855
927 937 -0.024486
927 27 -0.045164
928 929 1.925699
928 938 0.414928
928 28 0.600944
929 920 0.045769
929 939 -0.687815
929 29 -2.022121
930 931 -1.368445
930 940 0.256007
930 30 -0.402615
931 932 -0.835420
931 941 0.823946
931 31 0.024041
932 933 -0.335675
932 942 -0.465268
932 32 1.449730
933 934 -0.229559
933 943 0.429320
933 33 -1.224191
934 935 -0.323843
934 944 0.594395
934 34 0.834027
935 936 -0.724504
935 945 0.546778
935 35 1.072755
936 937 -1.144409
936 946 0.682427
936 36 -1.216753
937 938 -0.921024
937 947 -1.468059
937 37 0.085019
938 939 0.353710
938 948 -0.239478
938 38 0.502329
939 930 0.868394
939 949 -0.654557
939 39 -0.256992
940 941 -2.045878
940 950 -0.465652
940 40 -0.390967
941 942 -0.799757
941 951 -1.511838
941 41 -1.440859
942 943 0.678726
942 952 -0.440569
942 42 0.137320
943 944 0.556533
943 953 -0.500611
943 43 0.249673
944 945 -1.221917
944 954 -0.039686
944 44 0.165372
945 946 1.662377
945 955 -0.178903
945 45 -0.094658
946 947 -0.150544
946 956 2.447082
946 46 0.323134
947 948 -1.287861
947 957 1.734175
947 47 0.804840
948 949 0.336954
948 958 -0.357671
948 48 1.637223
949 940 -0.543257
949 959 0.532121
949 49 0.711034
950 951 -1.400275
950 960 -0.127054
950 50 0.120054
951 952 0.157896
951 961 0.206449
951 51 1.653762
952 953 -0.203210
952 962 0.993929
952 52 -0.724211
953 954 1.526747
953 963 -0.073402
953 53 -0.477830
954 955 -1.303722
954 964 -0.825205
954 54 0.017408
955 956 -1.078574
955 965 -1.383577
955 55 -0.173982
956 957 -0.543940
956 966 0.297771
956 56 0.274227
957 958 -1.256556
957 967 0.577732
957 57 0.180997
958 959 -0.501443
958 968 -0.128369
958 58 0.871640
959 950 -0.398761
959 969 0.541322
959 59 0.150589
960 961 -0.198874
960 970 0.403059
960 60 0.803950
961 962 -0.319718
961 971 0.798208
961 61 -3.228556
962 963 -1.397596
962 972 -0.429487
962 62 -0.708229
963 964 -0.212562
963 973 1.445089
963 63 1.310941
964 965 -3.173078
964 974 0.339974
964 64 0.209841
965 966 0.493103
965 975 -0.836585
965 65 -1.395258
966 967 -0.043608
966 976 -2.463476
966 66 0.537716
967 968 -0.299547
967 977 -0.213090
967 67 0.000303
968 969 -0.230278
968 978 -0.127043
968 68 2.290270
969 960 -1.271321
969 979 0.350450
969 69 0.591972
970 971 -1.314684
970 980 1.557023
970 70 0.151734
971 972 1.878764
971 981 -0.655811
971 71 1.112772
972 973 -0.295522
972 982 0.292938
972 72 1.528006
973 974 -1.145065
973 983 -0.890072
973 73 0.366386
974 975 -0.021980
974 984 0.637892
974 74 -1.108410
975 976 0.865193
975 985 -0.306247
975 75 0.197412
976 977 -0.146465
976 986 0.797559
976 76 0.575819
977 978 -0.984891
977 987 -0.675898
977 77 -0.935666
978 979 1.576185
978 988 -1.420336
978 78 0.200877
979 970 0.521940
979 989 0.897829
979 79 2.182402
980 981 -0.951776
980 990 0.887226
980 80 0.512394
981 982 -0.504389
981 991 0.476027
981 81 0.615977
982 983 1.930318
982 992 0.972756
982 82 0.601496
983 984 0.950312
983 993 1.046020
983 83 -0.315515
984 985 0.752386
984 994 0.627374
984 84 -0.134567
985 986 -0.046038
985 995 2.469787
985 85 -2.114854
986 987 -0.698440
986 996 -0.135508
986 86 -0.623838
987 988 1.045044
987 997 -0.647097
987 87 0.961647
988 989 -2.898081
988 998 0.163465
988 88 -2.123491
989 980 -1.145218
989 999 -1.758501
989 89 1.054565
990 991 -0.713719
990 900 -0.128256
990 90 -0.524467
991 992 0.047401
991 901 -1.061842
991 91 0.958299
992 993 -0.190833
992 902 -0.317824
992 92 -2.046269
993 994 0.316707
993 903 -0.206149
993 93 -0.840214
994 995 -1.074337
994 904 0.169704
994 94 0.910887
995 996 -0.627946
995 905 0.155580
995 95 0.293996
996 997 -0.878930
996 906 1.310256
996 96 1.088935
997 998 -0.859302
997 907 -1.638957
997 97 0.102510
998 999 1.841108
998 908 -0.413863
998 98 -1.442567
999 990 0.159483
999 909 -0.083396
999 99 0.483133
