0 1 1.074516
0 10 0.844005
0 100 -0.141555
1 2 -0.800279
1 11 0.318881
1 101 -1.127491
2 3 -0.194079
2 12 -0.092965
2 102 -0.421300
3 4 -0.010026
3 13 -0.318997
3 103 -0.231535
4 5 0.378862
4 14 -1.740585
4 104 -0.587418
5 6 1.136299
5 15 0.627713
5 105 -0.284164
6 7 0.323277
6 16 0.416695
6 106 0.350492
7 8 1.016439
7 17 -1.188935
7 107 -1.774542
8 9 0.332245
8 18 2.320143
8 108 -2.011302
9 0 -1.912585
9 19 -0.043452
9 109 -0.994182
10 11 -1.216147
10 20 0.905912
10 110 -0.796819
11 12 -0.437429
11 21 -0.969010
11 111 -0.451190
12 13 -0.379325
12 22 0.358747
12 112 -0.568928
13 14 -0.174379
13 23 -0.488903
13 113 -0.259836
14 15 1.351730
14 24 0.667623
14 114 -2.066569
15 16 -0.226575
15 25 -0.034361
15 115 1.590560
16 17 1.236999
16 26 -1.053824
16 116 0.500987
17 18 -1.460306
17 27 0.282541
17 117 -0.910682
18 19 -1.518176
18 28 -0.339083
18 118 -1.526930
19 10 0.306440
19 29 0.902181
19 119 0.562231
20 21 -0.715183
20 30 -0.531272
20 120 1.182649
21 22 -0.854836
21 31 -0.944596
21 121 0.579849
22 23 0.560883
22 32 1.717211
22 122 0.305428
23 24 -1.413415
23 33 0.530877
23 123 -0.070396
24 25 1.641047
24 34 -0.527580
24 124 0.310842
25 26 0.265833
25 35 -0.574304
25 125 -0.513453
26 27 0.916198
26 36 -0.000329
26 126 0.453371
27 28 0.203043
27 37 -0.968550
27 127 1.454034
28 29 -2.493506
28 38 0.041589
28 128 0.936667
29 20 -0.148981
29 39 -1.245970
29 129 -0.821465
30 31 -1.666263
30 40 0.825749
30 130 1.544909
31 32 0.183152
31 41 0.553314
31 131 0.270004
32 33 1.062065
32 42 -0.887730
32 132 -1.626563
33 34 -0.378758
33 43 -2.110383
33 133 1.874303
34 35 0.749771
34 44 -0.196127
34 134 -1.759228
35 36 -0.401601
35 45 1.803053
35 135 0.376755
36 37 1.187757
36 46 0.651346
36 136 1.422350
37 38 0.472552
37 47 0.931207
37 137 -0.833177
38 39 0.839447
38 48 -0.160940
38 138 -1.577042
39 30 -0.399327
39 49 -0.039414
39 139 0.179733
40 41 0.206139
40 50 0.179935
40 140 0.383553
41 42 -1.068685
41 51 0.325405
41 141 -0.964047
42 43 0.492081
42 52 0.455629
42 142 0.316475
43 44 0.620070
43 53 -0.063748
43 143 -0.832955
44 45 0.868569
44 54 -0.408400
44 144 0.404616
45 46 -0.195052
45 55 1.113353
45 145 1.721614
46 47 -2.416975
46 56 1.440708
46 146 1.036685
47 48 1.339738
47 57 0.770748
47 147 -0.410933
48 49 0.542211
48 58 -0.559631
48 148 0.445160
49 40 1.467369
49 59 -0.811166
49 149 1.205795
50 51 -1.314019
50 60 0.683811
50 150 0.336430
51 52 0.719714
51 61 0.260552
51 151 -0.581910
52 53 0.178649
52 62 1.496256
52 152 0.556825
53 54 0.633556
53 63 -0.096437
53 153 0.771270
54 55 -0.530318
54 64 -0.826234
54 154 -0.328672
55 56 -1.699141
55 65 -0.969411
55 155 -0.204898
56 57 -1.250844
56 66 -0.541613
56 156 -1.245831
57 58 0.285979
57 67 0.509039
57 157 0.708974
58 59 1.755958
58 68 0.511995
58 158 -0.790448
59 50 1.331556
59 69 1.176777
59 159 -0.241180
60 61 -1.620368
60 70 0.719226
60 160 0.762586
61 62 -0.278704
61 71 1.278444
61 161 -1.134158
62 63 -1.741641
62 72 -0.268663
62 162 -1.131955
63 64 0.462421
63 73 1.873166
63 163 0.444616
64 65 -1.120483
64 74 0.204958
64 164 -0.170140
65 66 -0.221921
65 75 0.366518
65 165 0.382720
66 67 0.534955
66 76 -0.125493
66 166 -1.129977
67 68 -0.303035
67 77 0.593111
67 167 -0.147015
68 69 -0.218778
68 78 0.761149
68 168 2.160027
69 60 -1.789559
69 79 -0.346834
69 169 -1.206613
70 71 -0.340106
70 80 0.121197
70 170 -0.679654
71 72 -1.596976
71 81 1.023043
71 171 1.751011
72 73 1.952597
72 82 0.057868
72 172 -1.042644
73 74 1.146927
73 83 0.719605
73 173 0.962098
74 75 -1.480528
74 84 -1.088100
74 174 -1.740175
75 76 -0.552848
75 85 1.221911
75 175 1.371619
76 77 -0.187160
76 86 1.473178
76 176 -0.291660
77 78 0.341638
77 87 1.258054
77 177 0.769162
78 79 -0.091119
78 88 0.320625
78 178 -1.435720
79 70 -0.520662
79 89 1.287671
79 179 1.475438
80 81 -1.011644
80 90 0.425729
80 180 1.424941
81 82 -0.007570
81 91 1.580218
81 181 -0.155135
82 83 0.781262
82 92 0.167874
82 182 -1.784581
83 84 1.302920
83 93 -0.351225
83 183 0.438279
84 85 0.554413
84 94 -0.083706
84 184 -0.234176
85 86 1.442176
85 95 2.349626
85 185 -1.167041
86 87 1.225551
86 96 -2.389695
86 186 1.402498
87 88 -1.408139
87 97 -0.609104
87 187 0.214395
88 89 -0.791346
88 98 0.245966
88 188 -0.383435
89 80 1.996008
89 99 2.607912
89 189 0.335838
90 91 0.563238
90 0 0.431128
90 190 -0.302005
91 92 0.010830
91 1 0.425116
91 191 0.773136
92 93 -1.138739
92 2 -0.284443
92 192 -0.499634
93 94 -0.239225
93 3 2.359260
93 193 -0.189360
94 95 -1.189264
94 4 -0.612235
94 194 -0.701557
95 96 1.290279
95 5 3.357651
95 195 -0.379734
96 97 -0.694018
96 6 0.683410
96 196 -0.459630
97 98 -0.696301
97 7 -0.209546
97 197 -0.740876
98 99 -0.191194
98 8 -2.233874
98 198 -1.442040
99 90 0.500422
99 9 -1.365944
99 199 -0.334738
100 101 -0.656791
100 110 0.513918
100 200 1.930330
101 102 0.412653
101 111 0.558837
101 201 1.496325
102 103 0.511235
102 112 -0.913804
102 202 1.682679
103 104 0.495987
103 113 1.934379
103 203 -0.171963
104 105 -1.335780
104 114 1.265989
104 204 0.547888
105 106 0.821322
105 115 1.481000
105 205 0.166302
106 107 0.045733
106 116 1.282438
106 206 0.549318
107 108 -0.724658
107 117 -0.802858
107 207 -1.172255
108 109 -0.655141
108 118 -1.052621
108 208 1.127679
109 100 -0.301081
109 119 0.740509
109 209 0.392188
110 111 -0.422182
110 120 -0.608998
110 210 -0.183003
111 112 0.697388
111 121 0.658872
111 211 1.640047
112 113 -1.229241
112 122 -1.583142
112 212 0.050979
113 114 -1.202904
113 123 1.381461
113 213 0.036832
114 115 -1.843092
114 124 -1.431850
114 214 2.096640
115 116 -0.155028
115 125 -0.111496
115 215 -0.133192
116 117 -0.246120
116 126 1.505431
116 216 -2.460074
117 118 -0.602522
117 127 0.849088
117 217 1.318263
118 119 -1.334500
118 128 0.282167
118 218 -0.761995
119 110 0.311319
119 129 -0.588098
119 219 -0.369239
120 121 -0.312779
120 130 -0.541205
120 220 0.446518
121 122 1.537912
121 131 -0.327879
121 221 -0.301600
122 123 -0.143708
122 132 0.405235
122 222 -1.890076
123 124 -0.151244
123 133 1.063109
123 223 0.590166
124 125 0.041119
124 134 -0.553277
124 224 0.341960
125 126 -0.301236
125 135 1.775793
125 225 0.830268
126 127 0.587549
126 136 1.510604
126 226 -0.021034
127 128 0.405595
127 137 1.395911
127 227 -0.421339
128 129 -0.060415
128 138 2.755910
128 228 -1.166317
129 120 -1.790802
129 139 0.130431
129 229 -0.698458
130 131 -1.722949
130 140 0.389878
130 230 -0.949496
131 132 -0.869786
131 141 0.801950
131 231 0.132253
132 133 0.418014
132 142 0.289651
132 232 0.543342
133 134 -1.698837
133 143 -1.712948
133 233 -0.713684
134 135 0.989996
134 144 1.110360
134 234 -1.287176
135 136 -0.614742
135 145 -0.950023
135 235 0.818101
136 137 0.482739
136 146 1.530369
136 236 -0.169802
137 138 0.448686
137 147 0.148550
137 237 0.261449
138 139 1.148737
138 148 -2.104896
138 238 -1.380878
139 130 -2.178508
139 149 0.456861
139 239 -0.564182
140 141 0.620064
140 150 -0.208079
140 240 -0.198876
141 142 -0.204451
141 151 0.900113
141 241 -0.406124
142 143 -0.191206
142 152 -1.073807
142 242 0.943312
143 144 -1.266106
143 153 0.133972
143 243 0.183139
144 145 1.353229
144 154 -0.783876
144 244 -0.394277
145 146 -0.556355
145 155 0.166793
145 245 -1.088255
146 147 1.236789
146 156 -1.389680
146 246 -1.542914
147 148 -0.039025
147 157 -0.465010
147 247 -0.641850
148 149 -0.527205
148 158 -0.038619
148 248 1.006487
149 140 -0.163994
149 159 -0.668572
149 249 1.020955
150 151 -0.374522
150 160 -0.256068
150 250 -0.740873
151 152 1.458059
151 161 2.066405
151 251 0.622194
152 153 0.805779
152 162 0.544147
152 252 -0.082340
153 154 1.049175
153 163 1.191812
153 253 1.069598
154 155 -0.651866
154 164 -0.398227
154 254 0.362815
155 156 -0.904500
155 165 0.395795
155 255 0.075453
156 157 0.895658
156 166 2.158019
156 256 -0.191594
157 158 -0.146494
157 167 -0.128526
157 257 -0.078855
158 159 1.591300
158 168 0.976000
158 258 -1.486675
159 150 0.079787
159 169 0.098680
159 259 -0.149139
160 161 0.917500
160 170 0.614000
160 260 -1.047698
161 162 0.120377
161 171 -0.981291
161 261 1.635528
162 163 1.230033
162 172 0.178088
162 262 -0.892452
163 164 -1.102458
163 173 -1.243403
163 263 -0.798003
164 165 -0.601231
164 174 -0.621496
164 264 0.890930
165 166 -0.118928
165 175 1.436917
165 265 0.786644
166 167 -1.539610
166 176 -0.629384
166 266 0.489929
167 168 -0.475530
167 177 2.126961
167 267 -1.376074
168 169 1.317827
168 178 -0.798719
168 268 -1.405226
169 160 1.256775
169 179 -0.517577
169 269 1.769589
170 171 0.032410
170 180 -0.166971
170 270 1.945209
171 172 1.264622
171 181 -1.680858
171 271 0.172831
172 173 0.758785
172 182 0.443236
172 272 -0.838946
173 174 -2.394078
173 183 -0.811514
173 273 -0.481271
174 175 0.665911
174 184 0.331455
174 274 0.170640
175 176 0.216658
175 185 0.950046
175 275 0.796977
176 177 0.718206
176 186 -0.487616
176 276 0.128035
177 178 -0.054002
177 187 0.122739
177 277 0.255912
178 179 0.780525
178 188 0.850785
178 278 1.417844
179 170 -0.226077
179 189 -0.037254
179 279 0.049064
180 181 -0.556627
180 190 1.605985
180 280 -0.017385
181 182 0.538727
181 191 0.910867
181 281 1.202804
182 183 -0.372710
182 192 0.137520
182 282 0.341741
183 184 -0.042096
183 193 -0.352351
183 283 -0.896640
184 185 1.592112
184 194 -0.303880
184 284 0.087175
185 186 -0.082181
185 195 1.164947
185 285 -0.613215
186 187 -0.459478
186 196 -0.050368
186 286 1.799498
187 188 2.345752
187 197 2.267430
187 287 0.088684
188 189 0.932013
188 198 -0.028362
188 288 -0.569130
189 180 0.446999
189 199 0.354578
189 289 0.148601
190 191 -1.686229
190 100 -0.571653
190 290 -1.258512
191 192 -0.015155
191 101 -0.715682
191 291 0.513018
192 193 -0.589736
192 102 0.317347
192 292 -1.076549
193 194 -0.581991
193 103 1.263579
193 293 -0.252949
194 195 -1.891426
194 104 -0.703271
194 294 0.353964
195 196 0.693961
195 105 -0.723633
195 295 -0.841534
196 197 0.873878
196 106 0.204870
196 296 -0.474080
197 198 0.030467
197 107 0.940770
197 297 -0.370346
198 199 1.399278
198 108 0.105545
198 298 0.292863
199 190 -0.835620
199 109 0.560166
199 299 0.762498
200 201 0.764551
200 210 -0.403206
200 300 -0.002234
201 202 -0.892362
201 211 -0.062162
201 301 0.034037
202 203 0.764986
202 212 -0.538867
202 302 -0.202272
203 204 -1.140217
203 213 -0.881960
203 303 -0.637123
204 205 0.257808
204 214 -2.403648
204 304 -0.029593
205 206 0.212017
205 215 -0.747401
205 305 -0.000978
206 207 -2.152769
206 216 -1.372573
206 306 -1.133208
207 208 1.122527
207 217 -0.382513
207 307 0.984669
208 209 -0.337133
208 218 -1.816413
208 308 0.785601
209 200 0.595416
209 219 1.411491
209 309 -0.292889
210 211 1.569312
210 220 0.648716
210 310 0.639854
211 212 -0.085622
211 221 0.117923
211 311 1.110212
212 213 0.849125
212 222 -0.226192
212 312 -0.192436
213 214 0.403745
213 223 -0.248509
213 313 -0.483393
214 215 0.277148
214 224 0.474098
214 314 -0.121543
215 216 0.421034
215 225 3.542134
215 315 -0.983318
216 217 0.389838
216 226 0.045287
216 316 -1.169473
217 218 0.907639
217 227 0.593327
217 317 -0.599801
218 219 0.539682
218 228 0.088606
218 318 -1.043655
219 210 -0.261064
219 229 -0.197091
219 319 0.412155
220 221 -0.484773
220 230 -0.684318
220 320 0.004834
221 222 0.791319
221 231 -0.674804
221 321 1.923971
222 223 -2.145878
222 232 -0.669703
222 322 -0.581309
223 224 0.250363
223 233 -1.000463
223 323 -1.288689
224 225 -2.679333
224 234 0.535711
224 324 0.880165
225 226 2.415641
225 235 -0.864486
225 325 -0.134655
226 227 0.581852
226 236 -1.159426
226 326 0.893523
227 228 -0.610171
227 237 0.411156
227 327 0.360997
228 229 -2.145010
228 238 -0.693860
228 328 0.699633
229 220 1.198023
229 239 -0.724347
229 329 0.300349
230 231 0.882158
230 240 -0.062290
230 330 0.230244
231 232 -1.370710
231 241 -0.162480
231 331 1.098355
232 233 0.362895
232 242 -0.283745
232 332 1.208577
233 234 0.006206
233 243 0.357920
233 333 0.476369
234 235 0.998780
234 244 -2.313180
234 334 -0.809507
235 236 -0.935527
235 245 0.360705
235 335 0.688586
236 237 -0.895188
236 246 0.336168
236 336 -1.415736
237 238 -0.946728
237 247 0.648770
237 337 -1.029078
238 239 -1.024041
238 248 1.251925
238 338 -2.286387
239 230 0.688015
239 249 -0.175382
239 339 0.575160
240 241 1.599562
240 250 0.058984
240 340 0.042567
241 242 0.629966
241 251 0.226013
241 341 -1.640503
242 243 0.776312
242 252 -0.110842
242 342 -0.286108
243 244 -2.254827
243 253 -0.974846
243 343 0.021857
244 245 1.198091
244 254 -0.047050
244 344 1.977104
245 246 1.671093
245 255 0.281530
245 345 -0.287587
246 247 0.154104
246 256 -1.036590
246 346 0.424789
247 248 0.911880
247 257 0.574187
247 347 -0.369307
248 249 -2.460821
248 258 -0.125300
248 348 0.521365
249 240 0.891475
249 259 -0.249448
249 349 1.613260
250 251 0.725975
250 260 -1.696473
250 350 1.487627
251 252 0.359348
251 261 0.658507
251 351 -1.741256
252 253 0.513355
252 262 0.545008
252 352 0.461924
253 254 0.966539
253 263 -0.195741
253 353 0.320326
254 255 -0.057194
254 264 -0.159549
254 354 -0.533505
255 256 -2.465742
255 265 -0.927309
255 355 1.604330
256 257 1.420033
256 266 -0.497233
256 356 -1.197606
257 258 0.728321
257 267 -1.209519
257 357 -0.033726
258 259 0.379854
258 268 0.179800
258 358 -0.521762
259 250 1.446794
259 269 -1.169241
259 359 2.333829
260 261 -0.261238
260 270 -0.472714
260 360 -0.105788
261 262 -0.052803
261 271 0.188017
261 361 0.294012
262 263 -0.653634
262 272 0.001815
262 362 1.382317
263 264 -0.561559
263 273 0.998701
263 363 1.118336
264 265 -0.317531
264 274 -0.275331
264 364 0.941628
265 266 1.226218
265 275 -0.527237
265 365 -2.429523
266 267 0.338985
266 276 -0.361837
266 366 -0.825955
267 268 -1.689192
267 277 -1.389454
267 367 0.440867
268 269 -1.046591
268 278 -0.018301
268 368 0.200142
269 260 2.360304
269 279 -0.826653
269 369 -0.960965
270 271 1.627755
270 280 0.823854
270 370 -0.521786
271 272 -0.233659
271 281 1.668120
271 371 -0.406792
272 273 0.191028
272 282 -1.332830
272 372 -0.675206
273 274 -0.577559
273 283 -0.144557
273 373 1.205801
274 275 0.817958
274 284 -1.081795
274 374 -0.679723
275 276 0.176125
275 285 0.218603
275 375 0.393613
276 277 0.124647
276 286 1.141567
276 376 -0.425078
277 278 -0.265881
277 287 1.224765
277 377 -1.652681
278 279 0.703973
278 288 -0.443073
278 378 -0.307756
279 270 -0.007086
279 289 -0.107305
279 379 0.437937
280 281 -0.496045
280 290 -0.928255
280 380 -0.846418
281 282 0.970107
281 291 -0.593524
281 381 -1.293158
282 283 0.308425
282 292 1.683029
282 382 -1.033484
283 284 1.417520
283 293 -0.812676
283 383 1.291301
284 285 0.599826
284 294 1.568878
284 384 0.561137
285 286 -1.434850
285 295 -0.202019
285 385 -0.254350
286 287 1.562438
286 296 0.201493
286 386 -0.678308
287 288 -0.743127
287 297 0.632651
287 387 -0.118506
288 289 -1.957735
288 298 0.318202
288 388 -0.560946
289 280 0.940697
289 299 -1.583660
289 389 1.193888
290 291 0.419346
290 200 -0.655974
290 390 1.165441
291 292 -0.133118
291 201 0.082471
291 391 0.248176
292 293 0.502084
292 202 0.920180
292 392 -0.072623
293 294 0.808232
293 203 2.126906
293 393 -0.375222
294 295 0.994035
294 204 -1.164744
294 394 1.213689
295 296 -0.024768
295 205 0.759520
295 395 -1.331839
296 297 0.464510
296 206 1.296741
296 396 -0.401278
297 298 0.515004
297 207 -0.462420
297 397 0.092690
298 299 -1.307534
298 208 -0.398412
298 398 -0.928581
299 290 -0.698606
299 209 0.566096
299 399 1.078849
300 301 0.130412
300 310 0.385454
300 400 2.330446
301 302 -2.713428
301 311 -0.697693
301 401 1.242641
302 303 0.175560
302 312 -0.194645
302 402 0.547909
303 304 -2.180621
303 313 -0.232072
303 403 -0.003773
304 305 -0.280068
304 314 1.086724
304 404 -1.456711
305 306 0.537255
305 315 -1.924583
305 405 -1.559872
306 307 -1.145373
306 316 1.889339
306 406 -0.464502
307 308 -0.191585
307 317 -1.069300
307 407 0.301186
308 309 0.472115
308 318 -0.564339
308 408 -0.822655
309 300 -1.797035
309 319 1.090650
309 409 -0.557055
310 311 -1.006539
310 320 -0.911377
310 410 -2.352205
311 312 0.699593
311 321 0.534547
311 411 0.928462
312 313 1.476737
312 322 0.480128
312 412 0.944765
313 314 0.784531
313 323 -0.183968
313 413 -1.306623
314 315 -1.066844
314 324 0.736610
314 414 -1.408479
315 316 0.395675
315 325 0.092286
315 415 -0.241834
316 317 0.146583
316 326 1.166007
316 416 -0.380474
317 318 -0.153884
317 327 1.159777
317 417 -1.075706
318 319 -0.730915
318 328 1.345967
318 418 -0.835138
319 310 0.463653
319 329 0.777297
319 419 0.503964
320 321 -1.025365
320 330 0.768194
320 420 -0.487804
321 322 -0.076503
321 331 -0.669055
321 421 2.062171
322 323 0.452333
322 332 -1.577917
322 422 -1.068162
323 324 0.897348
323 333 0.228038
323 423 -0.416807
324 325 -1.039711
324 334 -0.818122
324 424 1.273234
325 326 0.982197
325 335 -1.491515
325 425 0.593957
326 327 0.663812
326 336 -0.620419
326 426 0.887616
327 328 0.043523
327 337 0.018558
327 427 -0.239802
328 329 0.187009
328 338 1.586443
328 428 0.215285
329 320 -0.476625
329 339 -0.368700
329 429 0.168707
330 331 -0.322425
330 340 -1.644535
330 430 -0.127389
331 332 -1.038992
331 341 0.260011
331 431 0.123197
332 333 -0.326933
332 342 -0.157635
332 432 0.204280
333 334 0.639455
333 343 2.200071
333 433 0.539468
334 335 0.826577
334 344 0.260538
334 434 0.822599
335 336 0.143553
335 345 -2.378919
335 435 -0.290552
336 337 3.461952
336 346 -0.179013
336 436 0.117982
337 338 -0.038219
337 347 -1.026726
337 437 1.273416
338 339 1.130156
338 348 1.103659
338 438 -0.731944
339 330 -0.354836
339 349 -0.369274
339 439 1.044042
340 341 1.042844
340 350 -0.084509
340 440 -0.138133
341 342 -0.757446
341 351 -0.120017
341 441 0.952063
342 343 2.270852
342 352 -1.252358
342 442 -0.251022
343 344 0.708231
343 353 0.758963
343 443 -0.205954
344 345 1.124614
344 354 0.164253
344 444 -0.111725
345 346 -0.063147
345 355 -0.569489
345 445 -0.555920
346 347 0.462192
346 356 -0.005152
346 446 0.744299
347 348 1.623022
347 357 1.131787
347 447 0.044226
348 349 1.128593
348 358 0.522295
348 448 -1.341808
349 340 -0.174540
349 359 0.022958
349 449 -0.333091
350 351 -1.057891
350 360 -1.026516
350 450 -0.636675
351 352 0.953088
351 361 -0.796665
351 451 0.052159
352 353 0.221700
352 362 -1.266523
352 452 -1.051128
353 354 -0.080830
353 363 1.178791
353 453 -1.258634
354 355 -1.845222
354 364 0.256778
354 454 0.423658
355 356 -0.268190
355 365 0.067026
355 455 -0.515497
356 357 -0.461706
356 366 0.248140
356 456 0.191598
357 358 0.606475
357 367 0.981595
357 457 -0.050561
358 359 -0.810491
358 368 -0.201095
358 458 -0.283382
359 350 0.229738
359 369 -0.571068
359 459 -0.125348
360 361 0.922118
360 370 0.796972
360 460 1.258525
361 362 0.255734
361 371 0.497198
361 461 -0.740819
362 363 1.057227
362 372 0.168441
362 462 0.298760
363 364 1.108284
363 373 -0.461921
363 463 0.182808
364 365 0.705985
364 374 2.701788
364 464 0.470076
365 366 -0.061389
365 375 -0.533450
365 465 1.225770
366 367 1.293694
366 376 0.742307
366 466 0.757890
367 368 -2.204712
367 377 0.385075
367 467 0.381179
368 369 0.364446
368 378 1.462008
368 468 0.594951
369 360 2.000602
369 379 0.554584
369 469 1.818127
370 371 2.137288
370 380 1.093122
370 470 -1.065552
371 372 -1.451059
371 381 -0.181821
371 471 0.440250
372 373 0.283540
372 382 0.908633
372 472 0.408550
373 374 -0.757500
373 383 -2.033901
373 473 -0.176705
374 375 0.349696
374 384 -0.528923
374 474 0.084543
375 376 0.236695
375 385 0.663487
375 475 0.745121
376 377 -0.715609
376 386 -0.063865
376 476 -0.782841
377 378 -0.948028
377 387 -0.856586
377 477 0.107685
378 379 -0.114073
378 388 -0.515005
378 478 -0.279093
379 370 -1.020827
379 389 0.659765
379 479 -0.254570
380 381 0.797686
380 390 1.515041
380 480 -0.088572
381 382 1.142871
381 391 0.435576
381 481 1.223041
382 383 -0.863290
382 392 2.293852
382 482 -1.176029
383 384 -1.327888
383 393 -0.090707
383 483 -1.156737
384 385 0.828096
384 394 -0.391280
384 484 -0.203821
385 386 -0.288466
385 395 -0.705563
385 485 -0.236112
386 387 0.718175
386 396 0.039473
386 486 -0.280628
387 388 0.935177
387 397 -1.984721
387 487 -2.341626
388 389 0.169011
388 398 -1.072352
388 488 -0.141409
389 380 1.004976
389 399 0.352507
389 489 -0.086966
390 391 0.252719
390 300 -0.222409
390 490 1.386650
391 392 0.130955
391 301 0.467272
391 491 0.052765
392 393 0.130173
392 302 0.798335
392 492 -1.396601
393 394 -0.183175
393 303 2.374672
393 493 -0.010360
394 395 0.669029
394 304 1.896888
394 494 0.088599
395 396 0.908515
395 305 -2.099040
395 495 -0.202179
396 397 0.470027
396 306 -0.611749
396 496 -0.259332
397 398 -0.464813
397 307 -1.713902
397 497 -0.499858
398 399 0.046345
398 308 0.878542
398 498 0.040037
399 390 1.041377
399 309 1.003963
399 499 0.622827
400 401 -0.571514
400 410 -0.775907
400 500 -1.551153
401 402 -0.207962
401 411 0.255009
401 501 1.427121
402 403 -1.786632
402 412 -0.006434
402 502 -0.294185
403 404 0.586290
403 413 2.145981
403 503 0.182965
404 405 -0.439548
404 414 0.036280
404 504 0.766350
405 406 -1.718681
405 415 0.890899
405 505 0.035757
406 407 -1.324092
406 416 -0.898983
406 506 0.878080
407 408 1.511279
407 417 0.685562
407 507 0.054375
408 409 -1.548513
408 418 -1.033243
408 508 1.336143
409 400 -0.329879
409 419 0.319607
409 509 -0.087253
410 411 -0.795950
410 420 1.577831
410 510 -0.635018
411 412 0.155631
411 421 1.001027
411 511 0.991051
412 413 -0.929281
412 422 -0.774325
412 512 1.529232
413 414 -0.151521
413 423 -0.586267
413 513 0.826236
414 415 0.284172
414 424 -0.609325
414 514 -0.991518
415 416 -0.354512
415 425 -0.356378
415 515 -0.266355
416 417 -0.970515
416 426 0.425169
416 516 -0.568300
417 418 -0.754300
417 427 0.486070
417 517 -0.733456
418 419 0.439981
418 428 -0.464290
418 518 -1.888926
419 410 -0.824838
419 429 -0.811176
419 519 0.747401
420 421 -2.189335
420 430 0.768301
420 520 -0.980442
421 422 0.047459
421 431 -0.315692
421 521 -2.317613
422 423 -0.379583
422 432 1.916714
422 522 -1.085066
423 424 1.147636
423 433 -0.888350
423 523 -1.525843
424 425 -0.159584
424 434 0.265695
424 524 -0.317137
425 426 -0.559295
425 435 1.823845
425 525 -1.008558
426 427 -0.640397
426 436 -0.181257
426 526 -0.685052
427 428 2.328429
427 437 0.865354
427 527 0.100379
428 429 0.660987
428 438 0.395304
428 528 -0.518195
429 420 -0.195965
429 439 -0.878426
429 529 -2.018458
430 431 -1.020257
430 440 0.475513
430 530 0.072010
431 432 -1.163687
431 441 2.136203
431 531 -0.666707
432 433 0.127495
432 442 -0.294491
432 532 -2.413666
433 434 -1.162484
433 443 1.238144
433 533 -1.224989
434 435 -1.925548
434 444 -1.012590
434 534 1.582401
435 436 -0.885976
435 445 -0.023010
435 535 1.156378
436 437 0.263052
436 446 -1.785934
436 536 -0.485333
437 438 -0.196675
437 447 -0.936685
437 537 0.011522
438 439 1.343799
438 448 1.559915
438 538 -0.282512
439 430 1.708875
439 449 1.043903
439 539 -0.336060
440 441 -0.331065
440 450 0.507466
440 540 1.381634
441 442 -0.847607
441 451 0.882660
441 541 1.593273
442 443 -0.023793
442 452 -1.201305
442 542 0.793575
443 444 -0.630974
443 453 -0.679382
443 543 1.315775
444 445 0.176789
444 454 0.061890
444 544 0.280345
445 446 -1.748179
445 455 -0.288558
445 545 0.102088
446 447 0.373919
446 456 0.202932
446 546 -1.361700
447 448 0.289708
447 457 0.695827
447 547 0.153807
448 449 -0.583129
448 458 -0.730345
448 548 0.626792
449 440 0.363903
449 459 0.857978
449 549 -0.526769
450 451 0.262533
450 460 0.528965
450 550 0.411279
451 452 -0.408113
451 461 -1.080417
451 551 -0.371327
452 453 0.278895
452 462 1.692299
452 552 0.572994
453 454 -0.578938
453 463 -1.047744
453 553 0.093468
454 455 1.320959
454 464 -0.291601
454 554 -0.000108
455 456 0.530291
455 465 2.554315
455 555 0.176598
456 457 0.687479
456 466 1.056975
456 556 1.174400
457 458 -1.552285
457 467 0.495677
457 557 0.542742
458 459 1.119274
458 468 -1.829012
458 558 1.277434
459 450 0.224839
459 469 1.661420
459 559 0.562164
460 461 -1.407466
460 470 0.722937
460 560 0.367220
461 462 -0.779987
461 471 0.529204
461 561 0.167292
462 463 0.953658
462 472 -1.130535
462 562 -0.277563
463 464 -0.303466
463 473 -0.887962
463 563 -0.510603
464 465 0.033273
464 474 -1.185917
464 564 -0.149788
465 466 0.547231
465 475 -0.328692
465 565 0.492030
466 467 2.431140
466 476 -0.466235
466 566 -1.089242
467 468 1.157849
467 477 -0.556626
467 567 -0.291401
468 469 1.511110
468 478 -0.094121
468 568 0.050952
469 460 -0.724542
469 479 1.107349
469 569 -0.815690
470 471 -1.750467
470 480 0.237064
470 570 1.938364
471 472 1.464291
471 481 0.132692
471 571 -0.569951
472 473 0.020041
472 482 0.664794
472 572 -1.263858
473 474 -0.074717
473 483 -0.584104
473 573 0.780580
474 475 -0.703357
474 484 0.986700
474 574 -0.671918
475 476 -0.448670
475 485 -0.911177
475 575 -0.931266
476 477 -0.197451
476 486 0.204490
476 576 -1.212433
477 478 0.645180
477 487 -0.775841
477 577 0.414028
478 479 -0.733112
478 488 -0.774769
478 578 0.778207
479 470 1.175127
479 489 1.767558
479 579 1.607205
480 481 -0.711268
480 490 0.615799
480 580 1.938814
481 482 -0.247276
481 491 -0.916544
481 581 -1.200163
482 483 -1.106079
482 492 -0.597669
482 582 -0.136164
483 484 0.247805
483 493 0.537764
483 583 0.170697
484 485 0.847017
484 494 0.881525
484 584 -0.233510
485 486 1.549402
485 495 0.711227
485 585 0.461408
486 487 0.841678
486 496 0.060753
486 586 1.697876
487 488 1.857351
487 497 -0.116865
487 587 -0.182261
488 489 -1.891375
488 498 1.306909
488 588 0.622780
489 480 -0.829781
489 499 -0.046023
489 589 1.204728
490 491 0.265259
490 400 1.771949
490 590 -0.985546
491 492 0.531084
491 401 1.029282
491 591 0.655695
492 493 0.136167
492 402 -1.057437
492 592 0.118951
493 494 -0.897167
493 403 -0.094181
493 593 -2.302857
494 495 -0.795660
494 404 -0.347379
494 594 0.345280
495 496 0.721614
495 405 -1.986021
495 595 -0.989950
496 497 1.139186
496 406 1.373873
496 596 -1.219768
497 498 0.471832
497 407 1.035854
497 597 0.111998
498 499 0.463992
498 408 0.191863
498 598 0.039486
499 490 -0.503918
499 409 1.575495
499 599 -1.278983
500 501 -0.409819
500 510 -0.333219
500 600 0.385410
501 502 -0.159460
501 511 -1.298036
501 601 1.327703
502 503 1.906752
502 512 2.556801
502 602 0.117795
503 504 1.850556
503 513 -0.295104
503 603 -0.677135
504 505 0.380013
504 514 0.542302
504 604 -0.050979
505 506 1.641838
505 515 -1.859849
505 605 1.891824
506 507 -0.058869
506 516 0.680250
506 606 -1.998420
507 508 -0.510077
507 517 0.177622
507 607 -0.265251
508 509 0.609707
508 518 0.788012
508 608 0.315356
509 500 -1.879406
509 519 1.764123
509 609 -3.071845
510 511 0.184291
510 520 -0.586992
510 610 -0.050384
511 512 0.156260
511 521 1.095841
511 611 0.201383
512 513 -0.401401
512 522 0.774236
512 612 -0.080744
513 514 -2.568999
513 523 -2.007222
513 613 -1.253895
514 515 2.300608
514 524 -0.011749
514 614 -0.721072
515 516 -0.124630
515 525 0.899921
515 615 -0.471666
516 517 -1.352827
516 526 0.148275
516 616 0.399033
517 518 0.247305
517 527 0.479650
517 617 1.941000
518 519 1.230070
518 528 0.259549
518 618 0.112736
519 510 -0.684919
519 529 2.102386
519 619 -0.795308
520 521 -2.279019
520 530 -0.063335
520 620 2.585799
521 522 1.702811
521 531 -0.132790
521 621 0.717170
522 523 -0.387377
522 532 1.065088
522 622 1.740491
523 524 -1.490371
523 533 -0.610431
523 623 -0.092376
524 525 -0.615802
524 534 -0.066143
524 624 -0.891641
525 526 -0.843474
525 535 -0.139209
525 625 0.688054
526 527 -0.197688
526 536 0.490046
526 626 0.805360
527 528 -0.261815
527 537 1.325307
527 627 -1.326259
528 529 -0.377363
528 538 -0.201873
528 628 -0.956598
529 520 -0.843988
529 539 -0.306439
529 629 0.018916
530 531 -0.529536
530 540 -0.002491
530 630 -0.684519
531 532 -0.366739
531 541 -0.852561
531 631 -1.125524
532 533 0.321849
532 542 -0.531433
532 632 -0.478813
533 534 0.953972
533 543 2.911687
533 633 1.002716
534 535 0.656642
534 544 0.932484
534 634 0.556399
535 536 -0.510081
535 545 -2.433528
535 635 -0.609178
536 537 -0.824036
536 546 0.021430
536 636 0.612193
537 538 -0.084507
537 547 0.790956
537 637 -0.336286
538 539 0.062731
538 548 -0.174625
538 638 0.264374
539 530 0.259450
539 549 0.716075
539 639 -0.788711
540 541 0.048836
540 550 0.322932
540 640 0.739460
541 542 0.234583
541 551 -0.405327
541 641 -0.260699
542 543 0.155242
542 552 0.703421
542 642 0.034399
543 544 0.822288
543 553 -0.260394
543 643 -1.363148
544 545 -0.018525
544 554 -0.726123
544 644 1.124509
545 546 0.015186
545 555 -0.244256
545 645 0.685589
546 547 0.345743
546 556 0.808339
546 646 -1.149568
547 548 1.974017
547 557 0.324503
547 647 -0.366338
548 549 -1.564503
548 558 -0.729112
548 648 0.603392
549 540 -0.645057
549 559 -1.892023
549 649 -0.273705
550 551 -0.174483
550 560 -0.367164
550 650 0.329447
551 552 -0.688956
551 561 -0.569315
551 651 -1.286326
552 553 0.573927
552 562 0.204507
552 652 -1.032330
553 554 0.416247
553 563 -0.943739
553 653 1.358010
554 555 -1.096299
554 564 1.013599
554 654 -1.052646
555 556 0.532338
555 565 -0.091207
555 655 -0.579462
556 557 -0.615161
556 566 -0.328019
556 656 -0.287787
557 558 -1.025947
557 567 -0.413238
557 657 0.619980
558 559 -2.619308
558 568 1.390759
558 658 0.745726
559 550 -0.057442
559 569 -0.195803
559 659 -0.023186
560 561 -1.323474
560 570 0.589729
560 660 -1.241924
561 562 0.236995
561 571 -0.158111
561 661 -0.813831
562 563 0.254244
562 572 0.267788
562 662 -1.455141
563 564 -0.672337
563 573 -0.362599
563 663 0.375871
564 565 1.261635
564 574 -0.279969
564 664 -0.413355
565 566 -2.347502
565 575 1.606247
565 665 0.797822
566 567 0.921356
566 576 -0.233019
566 666 1.425949
567 568 3.451529
567 577 -0.060163
567 667 -1.010010
568 569 -1.709734
568 578 0.647327
568 668 0.592686
569 560 -0.951253
569 579 1.463338
569 669 -0.273839
570 571 -0.282526
570 580 1.370582
570 670 -0.064058
571 572 -0.082677
571 581 -1.176332
571 671 -0.877649
572 573 -1.694465
572 582 1.505764
572 672 -0.320148
573 574 -1.049343
573 583 0.088205
573 673 1.053086
574 575 0.219833
574 584 1.270652
574 674 0.509399
575 576 0.641794
575 585 -1.148222
575 675 1.483927
576 577 -1.344645
576 586 1.563430
576 676 -0.046244
577 578 1.842598
577 587 0.197067
577 677 -1.523828
578 579 1.455537
578 588 2.029919
578 678 1.485861
579 570 0.139160
579 589 -0.514433
579 679 0.141123
580 581 -1.097472
580 590 -0.167650
580 680 -0.277768
581 582 0.998770
581 591 -3.289833
581 681 1.241565
582 583 0.050874
582 592 -0.313256
582 682 0.415868
583 584 0.349785
583 593 -0.831669
583 683 1.824161
584 585 -1.855228
584 594 -0.084118
584 684 -1.433703
585 586 0.805248
585 595 0.376370
585 685 0.255056
586 587 -1.615313
586 596 1.334190
586 686 0.001272
587 588 0.070459
587 597 0.802711
587 687 1.399707
588 589 1.390971
588 598 1.119484
588 688 1.291698
589 580 0.810732
589 599 1.037225
589 689 2.237166
590 591 -0.368859
590 500 0.538903
590 690 -2.229120
591 592 -0.222873
591 501 -0.115868
591 691 -0.649883
592 593 0.697295
592 502 -0.044588
592 692 -2.040858
593 594 1.403638
593 503 0.055374
593 693 -0.643531
594 595 1.505500
594 504 -0.497121
594 694 1.593047
595 596 0.523717
595 505 -1.136579
595 695 -1.355855
596 597 0.151430
596 506 1.532937
596 696 -0.761155
597 598 -0.809086
597 507 1.758189
597 697 -1.570299
598 599 0.014550
598 508 0.581212
598 698 0.970189
599 590 -0.406395
599 509 1.515675
599 699 -0.528112
600 601 -0.545895
600 610 1.649081
600 700 -0.532299
601 602 0.554365
601 611 1.959902
601 701 1.664667
602 603 1.590816
602 612 0.876004
602 702 -0.392571
603 604 -1.299772
603 613 1.972661
603 703 -0.296549
604 605 0.317331
604 614 -1.408792
604 704 1.008151
605 606 -0.615104
605 615 0.575649
605 705 0.001278
606 607 1.410715
606 616 -0.000709
606 706 -1.564794
607 608 -0.737848
607 617 -1.457212
607 707 0.453335
608 609 0.404549
608 618 -0.098498
608 708 -0.161049
609 600 -0.244964
609 619 0.560692
609 709 0.035759
610 611 1.872663
610 620 0.622097
610 710 -0.087624
611 612 1.743165
611 621 0.911558
611 711 -0.626586
612 613 1.414472
612 622 1.688573
612 712 1.251183
613 614 -0.056041
613 623 1.190396
613 713 0.456682
614 615 0.353697
614 624 -0.536387
614 714 -0.054443
615 616 2.550776
615 625 -0.734281
615 715 -0.977879
616 617 0.906008
616 626 0.132914
616 716 1.517776
617 618 -0.740698
617 627 0.770645
617 717 2.071748
618 619 -1.407598
618 628 -1.119723
618 718 0.924071
619 610 -0.519057
619 629 -0.280202
619 719 -0.120275
620 621 0.768479
620 630 -0.339808
620 720 0.638965
621 622 0.940036
621 631 -0.515138
621 721 1.514408
622 623 -0.887036
622 632 -0.506101
622 722 -1.300553
623 624 -0.091231
623 633 -0.213676
623 723 -0.455288
624 625 0.547006
624 634 1.229398
624 724 -0.964011
625 626 -0.261503
625 635 -0.496731
625 725 -1.020663
626 627 -1.539710
626 636 -1.875150
626 726 1.897347
627 628 0.791998
627 637 -0.716194
627 727 1.461384
628 629 1.472314
628 638 -0.337488
628 728 -1.488363
629 620 -0.451211
629 639 -1.096458
629 729 -1.557831
630 631 0.199790
630 640 -2.918266
630 730 1.170714
631 632 0.890066
631 641 0.785967
631 731 -1.227446
632 633 1.773165
632 642 -0.573458
632 732 -1.378194
633 634 -0.614066
633 643 1.144008
633 733 0.914854
634 635 0.375084
634 644 -0.515866
634 734 1.627182
635 636 -1.500574
635 645 -0.119745
635 735 -0.753599
636 637 -0.701767
636 646 0.103972
636 736 -0.385091
637 638 1.382996
637 647 1.686790
637 737 0.233124
638 639 1.130794
638 648 -0.614697
638 738 1.078556
639 630 0.165608
639 649 0.753279
639 739 0.997961
640 641 -0.550664
640 650 1.066491
640 740 0.309372
641 642 1.511456
641 651 -1.451560
641 741 0.837467
642 643 -1.769999
642 652 1.288555
642 742 -0.078700
643 644 -1.026562
643 653 0.925679
643 743 0.556408
644 645 1.657309
644 654 -1.772471
644 744 -0.659253
645 646 0.723181
645 655 -1.326084
645 745 0.548279
646 647 -0.038897
646 656 1.249592
646 746 -1.489454
647 648 -0.405121
647 657 -0.362470
647 747 -0.824098
648 649 -0.588266
648 658 -1.540920
648 748 -0.771084
649 640 -0.343792
649 659 0.557667
649 749 -0.690822
650 651 0.273895
650 660 1.096649
650 750 -1.790379
651 652 0.566130
651 661 -2.368754
651 751 0.575107
652 653 1.236880
652 662 -0.060573
652 752 -0.036551
653 654 -0.828415
653 663 0.420955
653 753 2.174648
654 655 0.422047
654 664 0.694148
654 754 0.180054
655 656 0.053461
655 665 1.073583
655 755 -0.159851
656 657 1.784889
656 666 -1.490590
656 756 1.902070
657 658 0.009221
657 667 -1.033127
657 757 -1.534699
658 659 -1.339396
658 668 0.206747
658 758 0.254092
659 650 -0.474249
659 669 -0.754801
659 759 0.399472
660 661 -0.793874
660 670 -0.279699
660 760 -2.094672
661 662 0.619936
661 671 1.537774
661 761 0.203628
662 663 -0.252869
662 672 -1.568575
662 762 -1.911373
663 664 -0.083565
663 673 -0.383595
663 763 0.248964
664 665 1.300676
664 674 0.256680
664 764 -1.528579
665 666 1.912389
665 675 -0.875384
665 765 -1.790032
666 667 -0.711452
666 676 1.214143
666 766 -1.021943
667 668 -1.214022
667 677 -0.479469
667 767 -0.936098
668 669 0.432717
668 678 0.110468
668 768 0.577693
669 660 -0.905000
669 679 -1.070758
669 769 0.654340
670 671 1.940467
670 680 0.714212
670 770 1.173894
671 672 0.991322
671 681 0.693767
671 771 -0.608161
672 673 0.658749
672 682 -0.106470
672 772 -1.280980
673 674 0.028976
673 683 0.156148
673 773 2.227009
674 675 0.923095
674 684 0.233964
674 774 -0.589833
675 676 -0.730267
675 685 -0.665898
675 775 0.133992
676 677 0.417063
676 686 -0.462684
676 776 1.973060
677 678 -0.251190
677 687 -0.665074
677 777 0.502094
678 679 -0.338333
678 688 1.141300
678 778 -0.281173
679 670 0.697599
679 689 -0.495263
679 779 -0.160486
680 681 -0.069548
680 690 2.301932
680 780 -0.023605
681 682 0.261775
681 691 -0.206715
681 781 -0.178668
682 683 -0.081916
682 692 1.300908
682 782 -0.883623
683 684 -0.394717
683 693 -0.556330
683 783 -1.163854
684 685 -0.942847
684 694 0.309911
684 784 -1.671354
685 686 -1.148048
685 695 0.510856
685 785 1.014581
686 687 -1.063866
686 696 0.194807
686 786 -0.852774
687 688 -0.714478
687 697 -0.103467
687 787 0.313273
688 689 -0.424580
688 698 1.115719
688 788 -0.005207
689 680 -0.756680
689 699 0.751200
689 789 -0.917948
690 691 -0.341507
690 600 -1.180365
690 790 -1.032498
691 692 -0.022702
691 601 -1.219371
691 791 -0.033791
692 693 1.104051
692 602 -0.355652
692 792 -1.025976
693 694 -0.956048
693 603 0.019636
693 793 0.583676
694 695 0.208849
694 604 1.179242
694 794 -2.449116
695 696 -0.109775
695 605 0.439703
695 795 1.972148
696 697 1.422467
696 606 0.276413
696 796 -1.371199
697 698 0.644586
697 607 1.839986
697 797 1.840431
698 699 -0.430419
698 608 0.538884
698 798 -1.266744
699 690 0.680901
699 609 0.906755
699 799 -0.558472
700 701 -1.564012
700 710 0.038479
700 800 0.214813
701 702 0.316142
701 711 0.976444
701 801 0.859728
702 703 1.048306
702 712 -0.561386
702 802 -0.436705
703 704 -0.506870
703 713 0.888783
703 803 -0.161710
704 705 -0.599987
704 714 -0.568195
704 804 0.299938
705 706 0.362405
705 715 1.625313
705 805 0.113829
706 707 0.670248
706 716 0.813195
706 806 -0.280467
707 708 0.366383
707 717 0.748258
707 807 0.867997
708 709 0.953848
708 718 0.368181
708 808 0.439261
709 700 -0.398332
709 719 -0.677893
709 809 0.289278
710 711 -0.351383
710 720 0.060174
710 810 1.169013
711 712 -0.267498
711 721 -0.429908
711 811 -0.034644
712 713 0.853089
712 722 -0.373521
712 812 -0.360804
713 714 -0.794102
713 723 -0.025944
713 813 1.277192
714 715 -0.635509
714 724 0.713535
714 814 -0.991488
715 716 -1.576074
715 725 1.801850
715 815 0.633752
716 717 -0.412397
716 726 -0.180855
716 816 0.622222
717 718 0.369775
717 727 1.286744
717 817 0.023628
718 719 -0.138229
718 728 -0.052064
718 818 -0.751431
719 710 -2.396038
719 729 -0.293489
719 819 -1.590228
720 721 1.570443
720 730 0.413498
720 820 -1.617981
721 722 0.801542
721 731 -0.315715
721 821 0.370295
722 723 -1.192380
722 732 -1.335380
722 822 0.377941
723 724 -0.810757
723 733 0.180432
723 823 0.917823
724 725 -1.318772
724 734 -0.131002
724 824 -1.739382
725 726 0.789875
725 735 -0.139109
725 825 2.236479
726 727 -1.755066
726 736 -0.796722
726 826 0.323379
727 728 0.869002
727 737 -0.993089
727 827 0.362589
728 729 0.083329
728 738 0.175753
728 828 -0.392420
729 720 -0.192062
729 739 2.440478
729 829 0.169293
730 731 1.877169
730 740 -0.040849
730 830 -1.053540
731 732 1.971736
731 741 1.631885
731 831 0.046932
732 733 0.036562
732 742 3.009614
732 832 1.033868
733 734 0.155919
733 743 -1.692484
733 833 -0.121838
734 735 -0.732732
734 744 -0.230328
734 834 -1.526866
735 736 -0.370071
735 745 0.187737
735 835 -0.363885
736 737 -0.713169
736 746 0.354949
736 836 0.979958
737 738 -0.883610
737 747 1.150273
737 837 -0.454918
738 739 0.987883
738 748 -0.022631
738 838 -0.731635
739 730 1.013236
739 749 0.447149
739 839 -0.442260
740 741 -0.372362
740 750 -1.614603
740 840 0.991882
741 742 -0.032921
741 751 0.796581
741 841 2.101220
742 743 -0.713930
742 752 -1.800568
742 842 -1.612394
743 744 -0.971997
743 753 -0.075006
743 843 0.925766
744 745 0.226504
744 754 -1.705875
744 844 0.619059
745 746 0.234945
745 755 -0.443266
745 845 -0.921418
746 747 1.858226
746 756 0.587560
746 846 2.467056
747 748 -0.736854
747 757 -0.386645
747 847 1.298665
748 749 0.189591
748 758 0.242507
748 848 1.612406
749 740 -0.164801
749 759 -0.716898
749 849 -0.316360
750 751 0.173954
750 760 2.432504
750 850 1.235945
751 752 1.096747
751 761 -0.355890
751 851 1.868930
752 753 -0.263606
752 762 0.154912
752 852 -0.229140
753 754 -1.594057
753 763 0.161603
753 853 -0.068825
754 755 0.017119
754 764 0.989510
754 854 -0.006594
755 756 -0.705106
755 765 -2.050079
755 855 -1.342983
756 757 -1.859130
756 766 0.215699
756 856 -1.298451
757 758 -1.471045
757 767 -0.145948
757 857 -0.324543
758 759 -0.446484
758 768 -0.220478
758 858 1.270967
759 750 0.954670
759 769 -0.066929
759 859 2.081163
760 761 -0.885407
760 770 -1.557740
760 860 0.230582
761 762 0.102597
761 771 -0.233951
761 861 0.864460
762 763 -1.269765
762 772 -0.133704
762 862 0.212980
763 764 2.041491
763 773 -0.265590
763 863 0.889640
764 765 0.216866
764 774 -0.011648
764 864 -0.203305
765 766 0.592912
765 775 0.787979
765 865 -1.086442
766 767 -0.749919
766 776 1.144308
766 866 -0.418080
767 768 0.724331
767 777 0.269909
767 867 -1.590828
768 769 0.159290
768 778 0.009336
768 868 0.373295
769 760 -1.452068
769 779 1.557290
769 869 -0.420418
770 771 -0.913782
770 780 0.893868
770 870 0.164538
771 772 -0.582766
771 781 -1.217220
771 871 -0.663135
772 773 -0.591197
772 782 -1.240362
772 872 -0.814951
773 774 -0.193682
773 783 -1.047192
773 873 0.977074
774 775 -0.392541
774 784 -1.466221
774 874 0.457347
775 776 0.651765
775 785 -0.858230
775 875 -1.312333
776 777 1.507159
776 786 1.796860
776 876 0.217086
777 778 0.222679
777 787 -1.180104
777 877 0.773347
778 779 0.193548
778 788 0.213290
778 878 -0.498731
779 770 0.545653
779 789 -0.778684
779 879 -0.877383
780 781 -0.892171
780 790 0.386766
780 880 0.112444
781 782 -2.181961
781 791 -0.572149
781 881 -0.064852
782 783 1.381540
782 792 -0.959541
782 882 3.182562
783 784 -1.219390
783 793 0.157924
783 883 -0.814871
784 785 -1.582920
784 794 1.578842
784 884 1.659364
785 786 -0.620480
785 795 -1.112299
785 885 0.583111
786 787 -0.733089
786 796 0.864801
786 886 -0.257030
787 788 1.581504
787 797 0.776916
787 887 0.213683
788 789 -0.186842
788 798 0.487837
788 888 1.418022
789 780 -0.372682
789 799 -1.533174
789 889 0.015018
790 791 1.364740
790 700 0.309622
790 890 -0.103797
791 792 -0.710208
791 701 -1.797131
791 891 0.964366
792 793 0.895733
792 702 1.236740
792 892 -0.838535
793 794 -0.226269
793 703 -0.362315
793 893 -0.306637
794 795 -1.054885
794 704 -0.527323
794 894 -1.115683
795 796 0.558945
795 705 -0.633213
795 895 -0.487043
796 797 -0.509237
796 706 0.123795
796 896 -0.726770
797 798 0.052728
797 707 1.144607
797 897 2.035565
798 799 0.675811
798 708 -0.692804
798 898 -1.246024
799 790 0.021991
799 709 -0.030939
799 899 1.886457
800 801 0.375329
800 810 -1.396428
800 900 1.833609
801 802 -0.568241
801 811 1.027906
801 901 1.902042
802 803 -2.352821
802 812 -1.416467
802 902 -0.034663
803 804 0.046897
803 813 -0.881157
803 903 1.585612
804 805 -1.006395
804 814 1.436907
804 904 1.358533
805 806 -0.217210
805 815 0.158379
805 905 0.497310
806 807 -0.352327
806 816 -2.137428
806 906 1.448050
807 808 -1.097845
807 817 -0.294231
807 907 -3.250784
808 809 -0.616523
808 818 1.314686
808 908 0.523641
809 800 0.643153
809 819 -0.516576
809 909 -1.210033
810 811 -0.967840
810 820 -0.784574
810 910 -1.270687
811 812 0.958281
811 821 -2.378073
811 911 2.255018
812 813 -1.055293
812 822 1.078941
812 912 0.589784
813 814 0.462817
813 823 -0.484196
813 913 -0.748055
814 815 0.575565
814 824 -1.723581
814 914 0.688621
815 816 0.388007
815 825 0.217559
815 915 -0.011044
816 817 -1.218948
816 826 -1.031339
816 916 -0.072418
817 818 0.691637
817 827 0.095417
817 917 0.010606
818 819 -1.454280
818 828 0.679703
818 918 -0.705318
819 810 -1.234551
819 829 1.000542
819 919 0.286895
820 821 0.133309
820 830 -0.189938
820 920 0.617842
821 822 -0.315961
821 831 -0.121384
821 921 -2.289153
822 823 -1.394392
822 832 0.101955
822 922 0.063749
823 824 -0.162989
823 833 0.042041
823 923 -0.534955
824 825 -1.087445
824 834 1.636183
824 924 0.711206
825 826 -0.072879
825 835 0.423458
825 925 0.138932
826 827 -1.440117
826 836 -0.510092
826 926 -0.693930
827 828 -0.729401
827 837 -0.322560
827 927 0.385744
828 829 0.804901
828 838 -0.927342
828 928 0.610326
829 820 0.150140
829 839 0.494809
829 929 -0.652356
830 831 0.062133
830 840 1.739927
830 930 0.687711
831 832 1.140284
831 841 1.058023
831 931 1.005448
832 833 -1.619567
832 842 0.138780
832 932 2.561727
833 834 -0.069853
833 843 -0.859884
833 933 1.022603
834 835 -0.217328
834 844 1.916635
834 934 0.923288
835 836 1.055229
835 845 -0.511129
835 935 0.234842
836 837 -1.358851
836 846 0.999820
836 936 -0.047008
837 838 -2.121413
837 847 0.558908
837 937 0.423674
838 839 0.285631
838 848 0.778387
838 938 -1.391813
839 830 -0.660078
839 849 -0.185986
839 939 -0.479071
840 841 0.877174
840 850 -2.222951
840 940 -1.271851
841 842 0.586212
841 851 1.387766
841 941 -0.620761
842 843 0.049724
842 852 1.082605
842 942 1.473794
843 844 -0.461231
843 853 0.758195
843 943 -1.393055
844 845 0.659362
844 854 0.630333
844 944 0.469451
845 846 -0.239105
845 855 0.110143
845 945 -0.282333
846 847 0.872412
846 856 -1.919806
846 946 -1.178485
847 848 0.518784
847 857 0.153518
847 947 0.064527
848 849 -0.018687
848 858 0.761448
848 948 0.606971
849 840 0.660601
849 859 -0.662529
849 949 -0.832346
850 851 1.068271
850 860 0.064367
850 950 0.541964
851 852 -0.042699
851 861 -0.541986
851 951 -0.541958
852 853 0.683859
852 862 -0.570076
852 952 1.585018
853 854 -0.022611
853 863 0.067598
853 953 1.623440
854 855 -0.494989
854 864 1.433900
854 954 0.541890
855 856 1.260718
855 865 -0.252355
855 955 -0.553731
856 857 1.126219
856 866 1.602223
856 956 0.001239
857 858 -0.878197
857 867 1.250221
857 957 0.091974
858 859 2.154953
858 868 -0.055086
858 958 1.279903
859 850 -0.308125
859 869 0.764635
859 959 -0.349658
860 861 1.117846
860 870 0.117548
860 960 0.486555
861 862 1.570760
861 871 -1.169707
861 961 0.739614
862 863 1.299534
862 872 0.137661
862 962 -0.978355
863 864 -0.319525
863 873 -2.519924
863 963 -0.807299
864 865 0.102538
864 874 1.373711
864 964 -0.840567
865 866 -0.316810
865 875 2.632319
865 965 1.517837
866 867 -0.283181
866 876 0.002922
866 966 0.189208
867 868 1.956735
867 877 -0.525744
867 967 -1.067401
868 869 0.194632
868 878 -0.737915
868 968 1.654310
869 860 1.410932
869 879 0.443222
869 969 1.301647
870 871 1.558236
870 880 1.147263
870 970 1.141537
871 872 0.430465
871 881 1.077554
871 971 -1.040558
872 873 1.345149
872 882 -0.501279
872 972 -1.890275
873 874 -0.866626
873 883 1.695340
873 973 -0.252376
874 875 -0.183398
874 884 -0.995413
874 974 0.171920
875 876 0.202388
875 885 -0.301260
875 975 0.655023
876 877 -0.852039
876 886 0.645372
876 976 -1.074995
877 878 -1.072568
877 887 -0.768650
877 977 -0.914151
878 879 -0.522922
878 888 -0.129760
878 978 0.033304
879 870 1.021760
879 889 0.728901
879 979 -1.035188
880 881 -1.664454
880 890 0.122969
880 980 0.852524
881 882 -0.606390
881 891 -1.115877
881 981 1.127891
882 883 -0.430690
882 892 -1.337783
882 982 0.196335
883 884 -0.099545
883 893 0.540060
883 983 -1.166771
884 885 -0.275387
884 894 -1.302172
884 984 -1.160724
885 886 0.650380
885 895 0.037379
885 985 -1.541852
886 887 0.205861
886 896 0.603535
886 986 0.058484
887 888 1.073401
887 897 0.534315
887 987 1.549984
888 889 -0.724877
888 898 2.009771
888 988 -1.471230
889 880 0.010956
889 899 -0.328652
889 989 -1.496050
890 891 0.029295
890 800 -0.863370
890 990 -0.411338
891 892 0.763623
891 801 -0.101775
891 991 -0.529598
892 893 -0.838116
892 802 0.185415
892 992 0.468823
893 894 -0.450974
893 803 -2.218134
893 993 -1.293971
894 895 0.409778
894 804 -0.261422
894 994 -0.418758
895 896 -0.239452
895 805 -0.537606
895 995 -1.426482
896 897 0.745823
896 806 -1.306946
896 996 0.568616
897 898 -0.549237
897 807 -0.186499
897 997 -0.148523
898 899 1.037526
898 808 1.025201
898 998 -2.184495
899 890 -1.607641
899 809 0.823305
899 999 0.678343
900 901 1.387159
900 910 0.545974
900 0 -0.322529
901 902 -1.992302
901 911 -0.251201
901 1 -0.217306
902 903 -0.475302
902 912 -1.432299
902 2 0.112242
903 904 0.570616
903 913 -0.920767
903 3 -0.380317
904 905 -1.168128
904 914 -0.239977
904 4 1.041554
905 906 1.214072
905 915 0.753564
905 5 -0.768541
906 907 -1.697880
906 916 0.500421
906 6 -0.891314
907 908 -0.490891
907 917 -1.571510
907 7 0.056443
908 909 -0.548647
908 918 -1.202930
908 8 0.399245
909 900 0.926601
909 919 0.083600
909 9 -0.717406
910 911 0.950520
910 920 -0.940258
910 10 -1.182643
911 912 0.010395
911 921 -0.836382
911 11 -0.233895
912 913 0.272573
912 922 0.534922
912 12 0.916757
913 914 -0.739396
913 923 0.453206
913 13 -0.852904
914 915 -0.632412
914 924 0.205163
914 14 0.228746
915 916 -0.161901
915 925 -1.112392
915 15 0.466519
916 917 -2.625324
916 926 0.329471
916 16 -0.631125
917 918 1.847823
917 927 1.383686
917 17 0.674376
918 919 1.685535
918 928 -1.656120
918 18 1.711629
919 910 -0.276963
919 929 1.050230
919 19 -1.597392
920 921 -0.415559
920 930 -0.125494
920 20 -1.430630
921 922 0.971404
921 931 -0.274709
921 21 -0.121586
922 923 -0.385252
922 932 0.929010
922 22 1.608313
923 924 -0.384933
923 933 -0.778227
923 23 -1.157863
924 925 -0.285866
924 934 -0.733234
924 24 -0.168162
925 926 -0.395912
925 935 1.254717
925 25 -1.692780
926 927 -0.723025
926 936 -1.246515
926 26 -0.298719
927 928 -0.903985
927 937 -1.649480
927 27 0.474622
928 929 -0.592927
928 938 -0.466044
928 28 0.118637
929 920 -1.682531
929 939 0.705773
929 29 0.167776
930 931 0.074844
930 940 0.716294
930 30 -0.187720
931 932 1.064408
931 941 -0.297247
931 31 1.756467
932 933 -1.828246
932 942 -2.170764
932 32 0.458719
933 934 -0.215795
933 943 -0.325022
933 33 -0.768394
934 935 1.862116
934 944 0.236067
934 34 1.712766
935 936 1.223468
935 945 -0.499268
935 35 1.429818
936 937 1.702977
936 946 0.198697
936 36 0.903547
937 938 -0.428032
937 947 -2.875227
937 37 0.539915
938 939 -0.193980
938 948 0.895204
938 38 -0.014335
939 930 -0.281270
939 949 0.888579
939 39 2.160557
940 941 1.575955
940 950 0.563762
940 40 0.083294
941 942 -0.687128
941 951 -0.187421
941 41 -0.188666
942 943 -0.691796
942 952 -1.517089
942 42 0.514102
943 944 1.999918
943 953 -0.790551
943 43 0.199375
944 945 1.525547
944 954 -1.312974
944 44 -0.725579
945 946 -0.669798
945 955 0.950128
945 45 -1.090322
946 947 0.386120
946 956 0.202895
946 46 -1.352297
947 948 -0.115540
947 957 -1.817229
947 47 -0.342001
948 949 -0.754812
948 958 0.052132
948 48 -0.066200
949 940 0.044343
949 959 -0.017500
949 49 -0.773121
950 951 1.963164
950 960 -0.831737
950 50 0.692368
951 952 -0.723555
951 961 -1.255058
951 51 0.668564
952 953 0.807007
952 962 0.285993
952 52 -1.388068
953 954 -0.544202
953 963 0.291695
953 53 -0.946537
954 955 -0.144584
954 964 -1.153469
954 54 -0.135807
955 956 0.237434
955 965 -1.469450
955 55 -1.343714
956 957 2.315008
956 966 0.412323
956 56 -0.253547
957 958 0.147232
957 967 0.241677
957 57 0.419383
958 959 0.037848
958 968 -0.229347
958 58 0.090176
959 950 0.351008
959 969 -0.426239
959 59 1.156112
960 961 0.686703
960 970 1.790813
960 60 -0.359093
961 962 -1.168925
961 971 -1.322805
961 61 -1.375488
962 963 1.436484
962 972 1.147907
962 62 -0.791056
963 964 1.179065
963 973 -0.680798
963 63 0.392567
964 965 -1.991755
964 974 -0.356742
964 64 0.986190
965 966 1.820157
965 975 2.437687
965 65 -0.863489
966 967 -0.696289
966 976 -0.215156
966 66 0.033246
967 968 -1.791416
967 977 0.072056
967 67 0.812890
968 969 0.238795
968 978 -0.314529
968 68 -2.295469
969 960 -1.125273
969 979 1.508771
969 69 0.374735
970 971 1.926221
970 980 0.134468
970 70 0.893200
971 972 2.296556
971 981 1.588471
971 71 1.100569
972 973 1.761067
972 982 -0.522180
972 72 0.557053
973 974 -0.507807
973 983 0.657605
973 73 -1.044582
974 975 0.393788
974 984 1.961513
974 74 -1.143685
975 976 -1.951188
975 985 0.422820
975 75 -0.456310
976 977 -1.280334
976 986 -1.329107
976 76 -1.073039
977 978 0.004301
977 987 1.279706
977 77 0.324822
978 979 -1.520832
978 988 -0.655448
978 78 0.561443
979 970 -0.087000
979 989 2.433348
979 79 0.045155
980 981 -0.529402
980 990 1.735358
980 80 1.061559
981 982 0.715784
981 991 -1.616394
981 81 -0.293708
982 983 -3.102322
982 992 -0.208078
982 82 0.710283
983 984 -0.116245
983 993 -0.330476
983 83 -0.649001
984 985 0.113190
984 994 0.502063
984 84 0.690792
985 986 1.917077
985 995 0.255902
985 85 0.727223
986 987 0.150338
986 996 -0.489458
986 86 0.131600
987 988 0.288338
987 997 0.150792
987 87 0.172043
988 989 -0.377290
988 998 -0.679834
988 88 0.533377
989 980 1.158524
989 999 -0.609670
989 89 1.123082
990 991 0.597515
990 900 -0.675035
990 90 -0.766184
991 992 0.012862
991 901 -1.087864
991 91 -1.381338
992 993 -1.703369
992 902 0.307737
992 92 -1.211491
993 994 0.737951
993 903 1.089163
993 93 0.153925
994 995 0.769006
994 904 0.618584
994 94 0.215506
995 996 0.613929
995 905 -0.084112
995 95 -0.011644
996 997 -0.626303
996 906 0.312803
996 96 2.101417
997 998 -0.029908
997 907 -1.238602
997 97 0.137645
998 999 0.745231
998 908 -1.209899
998 98 -0.000137
999 990 -1.928004
999 909 0.919956
999 99 -0.680505
