0 1 0.655185
0 10 0.362833
0 100 -0.284702
1 2 -1.483432
1 11 -0.837342
1 101 -0.673134
2 3 2.310762
2 12 0.256277
2 102 -0.535743
3 4 2.219560
3 13 0.962306
3 103 1.352935
4 5 -0.559437
4 14 0.051871
4 104 -1.735677
5 6 2.064674
5 15 -0.953896
5 105 -0.984592
6 7 1.329947
6 16 -1.158538
6 106 1.222929
7 8 0.948775
7 17 -0.150598
7 107 0.999618
8 9 -0.202836
8 18 -1.469355
8 108 -0.763514
9 0 1.044462
9 19 -1.113571
9 109 1.407183
10 11 -0.721888
10 20 1.027174
10 110 0.737132
11 12 -0.843550
11 21 -1.858690
11 111 0.013656
12 13 -1.380505
12 22 -0.874868
12 112 -0.161050
13 14 1.099862
13 23 0.089867
13 113 0.246699
14 15 -1.077160
14 24 -0.127428
14 114 -0.122472
15 16 0.158042
15 25 -0.610689
15 115 0.578209
16 17 0.353063
16 26 1.515373
16 116 0.494888
17 18 1.152814
17 27 -0.050417
17 117 0.191366
18 19 -2.272155
18 28 -0.166498
18 118 0.401939
19 10 -0.636313
19 29 0.541354
19 119 0.000584
20 21 -0.428615
20 30 0.300319
20 120 -1.423685
21 22 -0.088990
21 31 1.718928
21 121 0.861240
22 23 -0.266706
22 32 -1.143810
22 122 -0.728638
23 24 3.013605
23 33 -0.145571
23 123 0.196187
24 25 -0.552311
24 34 -0.280931
24 124 0.511137
25 26 0.338933
25 35 -1.250122
25 125 1.008591
26 27 -1.784006
26 36 0.171044
26 126 0.323599
27 28 0.866493
27 37 -0.470004
27 127 0.329845
28 29 1.028213
28 38 1.947307
28 128 -0.495676
29 20 -0.291112
29 39 0.448001
29 129 1.206129
30 31 0.371134
30 40 0.566473
30 130 -0.815581
31 32 0.075135
31 41 1.399031
31 131 0.271569
32 33 1.574098
32 42 1.206467
32 132 0.960583
33 34 -0.527122
33 43 -1.127359
33 133 1.312381
34 35 0.310951
34 44 2.376577
34 134 -1.654320
35 36 0.613166
35 45 -0.204820
35 135 -0.384494
36 37 -0.708509
36 46 -0.993924
36 136 -0.930358
37 38 -1.028614
37 47 1.162429
37 137 0.245995
38 39 0.294193
38 48 0.866849
38 138 0.599900
39 30 -0.593316
39 49 -1.534672
39 139 2.047353
40 41 -0.502150
40 50 -0.308634
40 140 -0.783428
41 42 -0.267766
41 51 -1.210234
41 141 1.258677
42 43 -0.603773
42 52 0.932612
42 142 1.602992
43 44 0.788882
43 53 -0.710772
43 143 0.637001
44 45 -1.057297
44 54 -0.359659
44 144 0.326477
45 46 -1.572621
45 55 -0.620548
45 145 -0.342607
46 47 -0.945842
46 56 -1.310854
46 146 0.058473
47 48 0.393618
47 57 0.602296
47 147 -0.350172
48 49 -0.019970
48 58 -0.839434
48 148 -1.893599
49 40 1.183882
49 59 -0.488760
49 149 -0.115937
50 51 0.990649
50 60 1.478390
50 150 0.229865
51 52 1.158804
51 61 0.672700
51 151 0.588811
52 53 -0.294303
52 62 -0.521525
52 152 0.802206
53 54 -0.320436
53 63 2.443068
53 153 -0.440781
54 55 0.782337
54 64 0.775459
54 154 -0.595088
55 56 -0.054109
55 65 0.951977
55 155 1.546094
56 57 0.173439
56 66 -2.069344
56 156 -0.769550
57 58 1.141199
57 67 -1.427143
57 157 -1.283583
58 59 1.604764
58 68 -0.407490
58 158 1.064511
59 50 -1.805656
59 69 1.240446
59 159 1.380943
60 61 0.825488
60 70 -1.843523
60 160 -0.921099
61 62 -0.792715
61 71 0.767624
61 161 0.641837
62 63 0.803423
62 72 1.132153
62 162 0.745888
63 64 0.172730
63 73 -1.565240
63 163 -1.799721
64 65 -0.212707
64 74 -0.389027
64 164 -2.372361
65 66 -1.415809
65 75 -0.877846
65 165 -1.373137
66 67 -0.083846
66 76 0.930438
66 166 1.481528
67 68 1.144268
67 77 -1.661544
67 167 -0.688899
68 69 1.556157
68 78 -0.080996
68 168 -0.093855
69 60 0.076702
69 79 -0.858104
69 169 -0.345424
70 71 -1.100719
70 80 0.944560
70 170 -0.533508
71 72 -1.106918
71 81 1.099615
71 171 -0.987751
72 73 2.089235
72 82 0.574812
72 172 0.002200
73 74 -2.046535
73 83 1.568212
73 173 -0.318048
74 75 -0.120633
74 84 0.469518
74 174 0.077007
75 76 1.932138
75 85 0.774322
75 175 -0.999288
76 77 0.343614
76 86 1.958724
76 176 1.359869
77 78 0.467851
77 87 -1.293187
77 177 0.265500
78 79 0.035117
78 88 1.361208
78 178 0.992766
79 70 -0.047247
79 89 -0.396246
79 179 1.751122
80 81 -0.900718
80 90 -0.647844
80 180 -0.530184
81 82 -0.109463
81 91 0.928116
81 181 -0.070433
82 83 -1.443923
82 92 -0.326486
82 182 1.772041
83 84 0.430238
83 93 0.839239
83 183 -0.278928
84 85 0.102669
84 94 0.045582
84 184 0.174368
85 86 1.094379
85 95 1.210327
85 185 0.085303
86 87 0.222266
86 96 -0.160839
86 186 0.485514
87 88 0.261899
87 97 0.041655
87 187 1.573381
88 89 -1.066950
88 98 -0.970134
88 188 -0.369804
89 80 0.997705
89 99 -0.175215
89 189 1.892482
90 91 0.266260
90 0 -0.871657
90 190 0.436825
91 92 -0.016647
91 1 -0.619628
91 191 0.349906
92 93 -0.806096
92 2 0.508775
92 192 -1.979623
93 94 1.519809
93 3 -0.401416
93 193 1.375734
94 95 1.006888
94 4 -0.680105
94 194 0.221882
95 96 -0.045479
95 5 0.989993
95 195 -0.194912
96 97 0.057299
96 6 0.558860
96 196 0.997674
97 98 0.662622
97 7 0.745379
97 197 -0.554718
98 99 1.459504
98 8 0.629207
98 198 0.094152
99 90 0.752448
99 9 0.096998
99 199 1.505652
100 101 -0.249265
100 110 0.013333
100 200 -0.388227
101 102 -0.729669
101 111 -0.011648
101 201 -0.771134
102 103 0.082498
102 112 -1.827901
102 202 0.816415
103 104 -1.608105
103 113 -0.506472
103 203 -0.419466
104 105 0.263985
104 114 1.293869
104 204 -1.285515
105 106 -0.523449
105 115 -0.979561
105 205 -0.616342
106 107 -0.300223
106 116 0.223600
106 206 -0.331928
107 108 -0.324332
107 117 0.868080
107 207 -1.735317
108 109 -0.971203
108 118 0.051268
108 208 0.271912
109 100 -0.579264
109 119 -0.913021
109 209 0.970181
110 111 -0.972318
110 120 1.023001
110 210 0.531079
111 112 -1.145852
111 121 -0.935674
111 211 0.396149
112 113 -0.425884
112 122 0.771724
112 212 0.419155
113 114 -0.106242
113 123 -0.417899
113 213 0.487083
114 115 -0.599465
114 124 0.573834
114 214 -0.012358
115 116 -1.248457
115 125 -0.630515
115 215 -0.558303
116 117 0.112747
116 126 0.535394
116 216 -0.280455
117 118 0.730654
117 127 -0.380698
117 217 -0.734338
118 119 0.582555
118 128 -2.238368
118 218 -0.434631
119 110 0.875298
119 129 -1.170699
119 219 0.069929
120 121 0.261224
120 130 0.376842
120 220 -0.325424
121 122 0.976628
121 131 -1.286037
121 221 -0.344882
122 123 1.369512
122 132 -1.725339
122 222 1.754520
123 124 1.074880
123 133 -0.326500
123 223 -0.320044
124 125 1.735403
124 134 0.148274
124 224 -1.278174
125 126 1.294829
125 135 -1.008881
125 225 0.142749
126 127 -0.377041
126 136 -0.050946
126 226 -1.572963
127 128 -1.262461
127 137 0.762279
127 227 -0.827499
128 129 -1.059245
128 138 0.645246
128 228 0.479175
129 120 -0.414898
129 139 -0.058180
129 229 -1.096791
130 131 -1.264653
130 140 -1.383402
130 230 0.345528
131 132 1.385945
131 141 -0.461439
131 231 0.101828
132 133 0.368139
132 142 -0.084718
132 232 0.785983
133 134 1.053167
133 143 -0.217282
133 233 -0.302377
134 135 1.049511
134 144 0.073008
134 234 -0.409895
135 136 -1.339030
135 145 -2.034324
135 235 0.331441
136 137 0.214877
136 146 0.454248
136 236 0.165844
137 138 0.141377
137 147 -1.309243
137 237 -0.662092
138 139 -0.600492
138 148 1.439807
138 238 -1.713947
139 130 -0.212252
139 149 -4.330355
139 239 0.184927
140 141 -0.106135
140 150 -0.147862
140 240 -1.074173
141 142 0.439207
141 151 -1.188962
141 241 -2.824165
142 143 -1.227314
142 152 -0.921965
142 242 0.124634
143 144 -0.600456
143 153 0.913973
143 243 0.458467
144 145 1.107503
144 154 -0.903811
144 244 -0.894010
145 146 1.162898
145 155 0.439324
145 245 0.206221
146 147 1.261854
146 156 1.420755
146 246 1.261937
147 148 -0.410901
147 157 0.375026
147 247 1.699139
148 149 -2.473683
148 158 1.087094
148 248 -0.531069
149 140 -0.143109
149 159 -1.127524
149 249 1.838245
150 151 -1.104241
150 160 0.137590
150 250 2.490573
151 152 0.544171
151 161 -0.616163
151 251 1.002201
152 153 1.292251
152 162 0.058181
152 252 0.313388
153 154 1.796065
153 163 -1.513727
153 253 1.856235
154 155 -0.939125
154 164 2.711827
154 254 1.519452
155 156 -0.234092
155 165 -0.576155
155 255 -1.143670
156 157 -0.400089
156 166 -0.573003
156 256 0.631110
157 158 3.586267
157 167 0.372142
157 257 -0.320431
158 159 0.311772
158 168 1.058266
158 258 0.484842
159 150 0.308538
159 169 0.369859
159 259 1.855599
160 161 -0.084927
160 170 0.454357
160 260 0.607331
161 162 -2.977927
161 171 -0.401817
161 261 0.253798
162 163 -0.319359
162 172 0.771003
162 262 1.154351
163 164 1.269084
163 173 0.060020
163 263 -2.061936
164 165 -0.612280
164 174 2.282364
164 264 1.979643
165 166 1.278587
165 175 -2.129802
165 265 0.271097
166 167 -1.039704
166 176 0.715740
166 266 -0.134583
167 168 0.939229
167 177 0.839031
167 267 -0.375289
168 169 -0.791688
168 178 -0.862555
168 268 -0.184900
169 160 0.654006
169 179 1.349924
169 269 1.315181
170 171 -0.244039
170 180 -0.230692
170 270 -0.047479
171 172 0.935908
171 181 -0.182028
171 271 1.722806
172 173 -0.178453
172 182 -0.677729
172 272 0.509875
173 174 0.774381
173 183 0.261346
173 273 -0.326665
174 175 -1.049906
174 184 -0.242467
174 274 -0.794435
175 176 0.496015
175 185 0.795834
175 275 0.508685
176 177 -1.765671
176 186 -0.502573
176 276 0.256108
177 178 1.787381
177 187 -0.116267
177 277 -0.848902
178 179 0.287195
178 188 -1.164598
178 278 1.260378
179 170 0.094461
179 189 -0.207580
179 279 0.291393
180 181 -0.809305
180 190 -1.905950
180 280 -1.466880
181 182 -0.120822
181 191 0.054341
181 281 -1.183139
182 183 0.523044
182 192 -0.007202
182 282 1.643047
183 184 0.345762
183 193 0.610941
183 283 0.029491
184 185 -1.124547
184 194 -0.454893
184 284 -0.606262
185 186 -1.533452
185 195 0.231802
185 285 -1.352578
186 187 -0.246175
186 196 0.617610
186 286 0.067928
187 188 -0.402659
187 197 -1.105800
187 287 0.499795
188 189 1.322972
188 198 -0.740350
188 288 1.333182
189 180 1.542767
189 199 -0.108258
189 289 2.731075
190 191 -0.117758
190 100 0.467726
190 290 -0.649315
191 192 1.243365
191 101 0.161036
191 291 2.035914
192 193 -0.450376
192 102 -0.346763
192 292 0.490765
193 194 -0.243086
193 103 1.983017
193 293 -0.583016
194 195 0.092675
194 104 -1.348843
194 294 -0.344558
195 196 -0.624272
195 105 0.588279
195 295 -0.559536
196 197 0.640033
196 106 0.156913
196 296 -1.315955
197 198 -0.258930
197 107 0.479195
197 297 0.542072
198 199 -1.957116
198 108 -0.024893
198 298 -1.079761
199 190 -0.569243
199 109 1.085220
199 299 -0.200930
200 201 1.643475
200 210 -0.101151
200 300 1.534536
201 202 -0.530576
201 211 -0.173035
201 301 -0.858164
202 203 -0.081757
202 212 -0.138151
202 302 0.417125
203 204 0.188104
203 213 -1.091103
203 303 0.395430
204 205 -1.776280
204 214 -0.643629
204 304 -1.536351
205 206 0.828407
205 215 -1.308796
205 305 -0.312731
206 207 -1.140342
206 216 -0.542009
206 306 0.480332
207 208 0.594935
207 217 -0.823432
207 307 -0.198660
208 209 -1.002091
208 218 -0.359602
208 308 0.609845
209 200 1.750380
209 219 1.853946
209 309 1.999548
210 211 -0.364937
210 220 -0.282728
210 310 -0.398074
211 212 -0.158729
211 221 0.174489
211 311 -0.212271
212 213 0.414952
212 222 -1.290543
212 312 -0.391314
213 214 0.914918
213 223 -0.550109
213 313 -0.052192
214 215 0.244276
214 224 -1.685151
214 314 1.113221
215 216 -0.991767
215 225 -2.676388
215 315 -0.374230
216 217 -0.021546
216 226 -0.155313
216 316 0.602772
217 218 -0.229953
217 227 0.599483
217 317 -0.872400
218 219 -1.109029
218 228 -0.027417
218 318 1.256471
219 210 -0.801065
219 229 1.212464
219 319 -0.629279
220 221 -0.594302
220 230 -0.396689
220 320 0.602851
221 222 -0.229137
221 231 -0.820494
221 321 0.450505
222 223 -0.296755
222 232 1.039427
222 322 0.794799
223 224 1.576642
223 233 -1.297248
223 323 -0.447982
224 225 -0.087587
224 234 0.183993
224 324 -1.058026
225 226 -0.239936
225 235 -0.331587
225 325 -0.779093
226 227 1.660586
226 236 -0.135678
226 326 -1.843478
227 228 -1.489826
227 237 1.617870
227 327 0.763097
228 229 0.517825
228 238 0.136539
228 328 -0.445551
229 220 -0.308112
229 239 1.877656
229 329 -1.202843
230 231 2.152847
230 240 2.404416
230 330 1.130132
231 232 0.411600
231 241 0.564722
231 331 -0.623771
232 233 -1.425956
232 242 0.430185
232 332 -0.449886
233 234 -0.698390
233 243 0.626424
233 333 -0.377617
234 235 -0.323430
234 244 0.141082
234 334 -0.116698
235 236 -1.626192
235 245 -1.928253
235 335 0.405395
236 237 1.120966
236 246 1.471883
236 336 -0.137471
237 238 -1.252079
237 247 0.362704
237 337 0.701394
238 239 1.161147
238 248 1.625708
238 338 0.899027
239 230 0.953740
239 249 1.394597
239 339 -0.407897
240 241 -1.482844
240 250 -0.476048
240 340 -0.419488
241 242 -1.008947
241 251 0.997693
241 341 -1.433536
242 243 1.220468
242 252 -0.010738
242 342 1.885169
243 244 0.676998
243 253 -0.248825
243 343 -1.932747
244 245 -0.663261
244 254 -0.642872
244 344 -0.649013
245 246 -0.386821
245 255 -0.662513
245 345 -1.110291
246 247 0.455290
246 256 -0.528378
246 346 -1.097495
247 248 0.005306
247 257 -2.010032
247 347 -2.805748
248 249 0.820361
248 258 -0.213826
248 348 -1.395246
249 240 0.060682
249 259 -0.067488
249 349 0.036124
250 251 0.021023
250 260 0.353101
250 350 1.280451
251 252 -0.300038
251 261 -0.428437
251 351 -3.013290
252 253 -0.950311
252 262 0.125801
252 352 -0.771103
253 254 0.073071
253 263 -0.353585
253 353 -0.754307
254 255 0.039935
254 264 -0.797155
254 354 -0.143866
255 256 -1.346591
255 265 -0.999137
255 355 0.240107
256 257 -0.134519
256 266 -0.353902
256 356 -0.566409
257 258 -0.877579
257 267 1.187181
257 357 -0.857810
258 259 -0.346606
258 268 0.249186
258 358 -0.719993
259 250 0.770837
259 269 -0.799705
259 359 1.312003
260 261 -0.555382
260 270 0.263042
260 360 1.183116
261 262 -1.311062
261 271 1.334021
261 361 -2.560871
262 263 -0.053432
262 272 -2.476095
262 362 -0.160137
263 264 1.066844
263 273 0.298459
263 363 1.367342
264 265 -0.296895
264 274 -0.202618
264 364 0.901447
265 266 0.194494
265 275 0.082343
265 365 0.556243
266 267 0.616484
266 276 -1.003199
266 366 -1.029704
267 268 -1.499774
267 277 -1.537757
267 367 -0.516006
268 269 -1.068840
268 278 0.658581
268 368 0.171304
269 260 -0.432628
269 279 0.774173
269 369 0.534174
270 271 -1.203783
270 280 -0.446924
270 370 -0.919040
271 272 -1.435105
271 281 -0.047286
271 371 -0.522950
272 273 0.481820
272 282 -0.201247
272 372 -1.509077
273 274 -0.766830
273 283 0.126340
273 373 -1.391722
274 275 -0.323793
274 284 -0.218789
274 374 -0.512368
275 276 -2.064872
275 285 1.099381
275 375 0.057142
276 277 -0.027790
276 286 -0.511098
276 376 -0.392095
277 278 0.824509
277 287 -1.142762
277 377 -1.504968
278 279 -0.099723
278 288 2.377658
278 378 -0.863310
279 270 -0.615167
279 289 1.390670
279 379 0.561485
280 281 1.481734
280 290 -1.829849
280 380 0.638035
281 282 0.671046
281 291 -0.486170
281 381 -0.147555
282 283 -0.450737
282 292 0.573044
282 382 -0.007642
283 284 -1.091133
283 293 0.428015
283 383 -0.045403
284 285 -0.570433
284 294 0.148804
284 384 0.364866
285 286 -0.746224
285 295 -0.006856
285 385 -1.443087
286 287 0.652181
286 296 2.090237
286 386 0.183189
287 288 1.416166
287 297 -1.405920
287 387 -0.822985
288 289 0.320499
288 298 -0.165268
288 388 -2.391592
289 280 -1.111843
289 299 -0.915173
289 389 -0.222468
290 291 0.166613
290 200 -1.035856
290 390 0.704335
291 292 -1.756247
291 201 -0.433352
291 391 1.350459
292 293 0.319753
292 202 -0.098222
292 392 1.352635
293 294 1.134990
293 203 -0.021550
293 393 -1.457653
294 295 0.844678
294 204 -0.669691
294 394 -0.279632
295 296 2.232197
295 205 -1.240599
295 395 -1.162254
296 297 1.670569
296 206 0.694981
296 396 -1.540860
297 298 1.142474
297 207 -2.197668
297 397 1.655861
298 299 0.503857
298 208 0.784974
298 398 -1.175791
299 290 0.314797
299 209 -0.523672
299 399 0.846614
300 301 -1.061667
300 310 0.383477
300 400 0.130660
301 302 0.014895
301 311 0.690918
301 401 1.002262
302 303 -0.782662
302 312 2.413431
302 402 0.139831
303 304 1.835755
303 313 -0.181988
303 403 -1.561648
304 305 -0.653418
304 314 -0.682227
304 404 0.014095
305 306 -0.660242
305 315 -0.609798
305 405 -2.158799
306 307 -0.165717
306 316 0.160216
306 406 -1.283883
307 308 0.646712
307 317 -1.119900
307 407 0.303467
308 309 -0.592318
308 318 0.175747
308 408 -0.674276
309 300 0.382966
309 319 -1.593299
309 409 0.491038
310 311 0.516388
310 320 -0.536826
310 410 0.991583
311 312 -1.313993
311 321 -0.264373
311 411 -0.280237
312 313 0.394080
312 322 -1.455913
312 412 -1.253969
313 314 0.740791
313 323 -0.335564
313 413 0.489863
314 315 -0.841428
314 324 -0.311614
314 414 -1.454049
315 316 0.049815
315 325 0.360376
315 415 0.188898
316 317 0.063494
316 326 -2.268551
316 416 1.132151
317 318 -0.065854
317 327 1.269211
317 417 -0.871465
318 319 -1.744749
318 328 -0.324419
318 418 0.159492
319 310 -1.341401
319 329 0.476254
319 419 -1.256051
320 321 0.553917
320 330 -0.286072
320 420 -0.579063
321 322 0.139664
321 331 -0.343686
321 421 -0.553909
322 323 1.621639
322 332 -1.127383
322 422 0.000487
323 324 -1.521442
323 333 0.991272
323 423 1.259743
324 325 -0.282893
324 334 0.534501
324 424 -0.504043
325 326 -1.280281
325 335 -0.858835
325 425 1.855937
326 327 1.579201
326 336 0.491580
326 426 1.128111
327 328 -0.529788
327 337 -1.376496
327 427 1.556935
328 329 0.887982
328 338 0.156497
328 428 2.113339
329 320 1.801991
329 339 -1.138946
329 429 -0.306161
330 331 -0.162603
330 340 1.273226
330 430 -0.153090
331 332 1.315052
331 341 -1.169857
331 431 0.362081
332 333 -0.117638
332 342 -0.955640
332 432 1.160335
333 334 0.391737
333 343 0.475467
333 433 0.312028
334 335 1.262733
334 344 -0.013231
334 434 -0.624503
335 336 -0.574211
335 345 0.707428
335 435 0.527997
336 337 -1.843918
336 346 -0.132337
336 436 -0.966813
337 338 0.375841
337 347 -0.508501
337 437 0.435894
338 339 -0.090460
338 348 0.076955
338 438 -0.661105
339 330 0.612234
339 349 1.890055
339 439 -0.030144
340 341 -0.644783
340 350 0.353509
340 440 1.344095
341 342 1.087922
341 351 1.416426
341 441 -0.476762
342 343 -1.340559
342 352 -0.251432
342 442 1.558552
343 344 -0.432614
343 353 0.271852
343 443 0.054481
344 345 -0.051099
344 354 1.064864
344 444 0.883034
345 346 -0.227042
345 355 1.461138
345 445 -0.552371
346 347 -2.711829
346 356 2.415150
346 446 -0.843349
347 348 -0.367652
347 357 0.208900
347 447 0.479116
348 349 1.884905
348 358 0.289975
348 448 1.379334
349 340 0.925605
349 359 -1.434365
349 449 -0.773422
350 351 0.415251
350 360 -0.762317
350 450 -0.186536
351 352 0.919586
351 361 -0.022771
351 451 0.752361
352 353 -1.274769
352 362 -0.667718
352 452 0.263134
353 354 0.075100
353 363 0.585040
353 453 -0.803625
354 355 -1.452639
354 364 0.735270
354 454 0.480280
355 356 0.857152
355 365 -0.395792
355 455 -0.821815
356 357 2.076661
356 366 -1.039261
356 456 0.637235
357 358 -0.555383
357 367 0.791832
357 457 -0.207255
358 359 0.690868
358 368 0.541840
358 458 -0.463302
359 350 0.898574
359 369 0.066620
359 459 -0.977202
360 361 -0.782108
360 370 0.285256
360 460 -1.840039
361 362 0.805650
361 371 1.242780
361 461 -0.716545
362 363 -0.031248
362 372 -2.111040
362 462 -0.973912
363 364 0.268699
363 373 0.195810
363 463 -0.757647
364 365 0.113154
364 374 -0.198556
364 464 -1.314654
365 366 0.556006
365 375 0.914336
365 465 -0.111453
366 367 0.070386
366 376 -0.069133
366 466 -1.346089
367 368 -0.618228
367 377 0.107502
367 467 -0.154720
368 369 -0.909141
368 378 -1.786331
368 468 -0.260748
369 360 -0.314672
369 379 -0.106521
369 469 0.770430
370 371 1.235611
370 380 -0.201546
370 470 -1.566570
371 372 -0.060790
371 381 -2.368551
371 471 -0.721813
372 373 -1.054017
372 382 -0.041299
372 472 1.133349
373 374 -1.172308
373 383 -0.410192
373 473 1.538563
374 375 0.087327
374 384 0.229975
374 474 0.184184
375 376 0.185343
375 385 -0.237946
375 475 -0.076479
376 377 -0.817048
376 386 2.226635
376 476 0.539491
377 378 -0.519742
377 387 0.339470
377 477 1.197446
378 379 -1.293241
378 388 -0.185619
378 478 -1.361969
379 370 -1.884649
379 389 -0.618689
379 479 -2.092455
380 381 1.205350
380 390 -1.061706
380 480 -1.345318
381 382 -0.746268
381 391 1.577155
381 481 -0.322061
382 383 -2.699427
382 392 -1.049416
382 482 0.359119
383 384 -0.040662
383 393 -1.682030
383 483 2.254020
384 385 0.142371
384 394 -1.887866
384 484 -0.096334
385 386 0.889441
385 395 0.792961
385 485 -1.645044
386 387 0.306035
386 396 -1.248948
386 486 1.622424
387 388 -0.296034
387 397 -0.260303
387 487 0.252248
388 389 -2.506180
388 398 1.490838
388 488 0.557145
389 380 -0.988314
389 399 0.670809
389 489 -1.805998
390 391 -0.002981
390 300 -1.447674
390 490 1.229748
391 392 -0.787484
391 301 0.811980
391 491 2.052921
392 393 0.431089
392 302 -0.122619
392 492 -1.180736
393 394 -0.808714
393 303 0.952010
393 493 0.665863
394 395 2.138889
394 304 0.218429
394 494 0.090887
395 396 0.478268
395 305 0.128110
395 495 -0.063974
396 397 0.142475
396 306 2.820692
396 496 2.094107
397 398 0.077795
397 307 1.140252
397 497 0.870463
398 399 -1.012097
398 308 -0.341751
398 498 -1.014678
399 390 0.513770
399 309 -2.477064
399 499 -0.295315
400 401 -0.962844
400 410 0.306361
400 500 -1.418197
401 402 -0.260618
401 411 1.015359
401 501 -1.186474
402 403 0.071500
402 412 1.182561
402 502 -0.617208
403 404 0.214249
403 413 -1.105422
403 503 0.146065
404 405 -1.380690
404 414 0.953951
404 504 0.480691
405 406 1.173074
405 415 1.427514
405 505 0.131038
406 407 1.169374
406 416 -1.008536
406 506 0.588356
407 408 -1.396403
407 417 1.094038
407 507 -1.112402
408 409 0.026316
408 418 -1.458985
408 508 0.676196
409 400 -1.339885
409 419 -0.839631
409 509 0.578166
410 411 1.063465
410 420 2.375362
410 510 -0.937317
411 412 0.205259
411 421 -0.975990
411 511 -1.606956
412 413 -1.349007
412 422 -0.255150
412 512 -0.464165
413 414 -0.092392
413 423 -1.239915
413 513 0.573673
414 415 1.020551
414 424 -0.929439
414 514 -0.386694
415 416 0.409099
415 425 0.919303
415 515 -1.131488
416 417 1.088677
416 426 0.660712
416 516 0.657222
417 418 1.486018
417 427 0.958431
417 517 -0.177885
418 419 -3.235468
418 428 -0.618222
418 518 0.688716
419 410 1.001816
419 429 -1.853010
419 519 -0.150065
420 421 -0.923689
420 430 -0.356023
420 520 -0.709674
421 422 -0.080338
421 431 0.302507
421 521 -1.604448
422 423 -0.141174
422 432 -1.410828
422 522 0.224019
423 424 -0.061758
423 433 -1.210681
423 523 -0.083346
424 425 0.105733
424 434 0.408277
424 524 1.525112
425 426 -0.046166
425 435 0.065655
425 525 -0.117544
426 427 1.864018
426 436 0.536051
426 526 0.359053
427 428 -0.395522
427 437 -1.903119
427 527 0.641762
428 429 -0.692194
428 438 0.740601
428 528 -0.426986
429 420 -0.611265
429 439 -0.493149
429 529 0.934828
430 431 -3.083173
430 440 2.229764
430 530 -1.048666
431 432 0.744989
431 441 -0.888185
431 531 0.004139
432 433 0.617892
432 442 0.364187
432 532 0.311023
433 434 -0.330883
433 443 -1.261600
433 533 1.509812
434 435 -0.390362
434 444 0.610230
434 534 0.928364
435 436 -0.602158
435 445 -1.744274
435 535 1.214323
436 437 -0.213044
436 446 0.529919
436 536 -1.822648
437 438 0.152254
437 447 -0.155172
437 537 1.127240
438 439 -2.366358
438 448 1.041480
438 538 0.731923
439 430 1.120848
439 449 0.774877
439 539 -1.835303
440 441 -1.314815
440 450 0.337233
440 540 -0.116784
441 442 -1.434460
441 451 0.359526
441 541 -1.183481
442 443 0.601349
442 452 -0.374785
442 542 0.314755
443 444 0.355466
443 453 -0.141820
443 543 -1.429991
444 445 -0.802996
444 454 0.540249
444 544 1.993248
445 446 0.052490
445 455 0.201834
445 545 -0.105862
446 447 0.147086
446 456 0.041556
446 546 0.935536
447 448 0.322774
447 457 0.548252
447 547 0.420495
448 449 2.181343
448 458 0.890632
448 548 -0.556351
449 440 -1.110999
449 459 0.019224
449 549 0.049193
450 451 -1.313219
450 460 1.236839
450 550 0.009064
451 452 0.825759
451 461 0.799360
451 551 0.518581
452 453 0.187846
452 462 1.760282
452 552 -0.675765
453 454 -1.552447
453 463 -0.337453
453 553 1.021975
454 455 -1.734756
454 464 -2.109469
454 554 0.808601
455 456 0.268523
455 465 -1.679048
455 555 -1.510883
456 457 2.861351
456 466 -0.896017
456 556 0.209146
457 458 1.506975
457 467 -0.185381
457 557 0.074076
458 459 -1.133599
458 468 0.432282
458 558 -0.661082
459 450 0.759117
459 469 -1.523470
459 559 -0.547099
460 461 1.491186
460 470 0.160580
460 560 -0.628118
461 462 0.982118
461 471 0.733310
461 561 0.183426
462 463 0.691229
462 472 -0.084475
462 562 0.338549
463 464 -0.720192
463 473 -0.710772
463 563 -2.011504
464 465 0.115502
464 474 0.957043
464 564 -0.167036
465 466 0.259642
465 475 0.615072
465 565 -0.992233
466 467 -0.065249
466 476 -0.350318
466 566 0.092755
467 468 -2.716381
467 477 1.648216
467 567 -0.366959
468 469 -1.719370
468 478 1.205501
468 568 -1.392838
469 460 -1.755735
469 479 -0.216187
469 569 -0.368128
470 471 -1.401093
470 480 -0.769920
470 570 0.013017
471 472 -0.210114
471 481 -1.509965
471 571 -0.061708
472 473 0.650227
472 482 -0.886414
472 572 -0.980642
473 474 0.280345
473 483 0.152962
473 573 0.154587
474 475 -1.600792
474 484 0.184011
474 574 0.322972
475 476 0.252542
475 485 -0.570144
475 575 -0.902475
476 477 1.194114
476 486 0.683104
476 576 1.177151
477 478 0.855636
477 487 -1.092895
477 577 0.516850
478 479 0.193882
478 488 1.109496
478 578 -0.932275
479 470 0.211624
479 489 -0.207650
479 579 -0.618765
480 481 0.695330
480 490 0.729550
480 580 -0.313428
481 482 0.046886
481 491 -0.313442
481 581 -1.797910
482 483 0.104005
482 492 0.403294
482 582 -0.456977
483 484 -0.076032
483 493 -1.014869
483 583 -1.291191
484 485 -0.060333
484 494 1.083403
484 584 0.494064
485 486 -1.716520
485 495 0.320059
485 585 -0.067051
486 487 -0.559197
486 496 -0.318426
486 586 0.215902
487 488 0.416314
487 497 -0.594953
487 587 1.519808
488 489 0.611823
488 498 -0.967285
488 588 -1.063097
489 480 -1.678753
489 499 -0.989089
489 589 -0.097296
490 491 0.167382
490 400 0.343990
490 590 -1.988259
491 492 -0.507210
491 401 0.909582
491 591 -1.375002
492 493 0.404913
492 402 1.224909
492 592 -0.503837
493 494 -0.450657
493 403 1.449566
493 593 0.003478
494 495 -1.694068
494 404 -0.348312
494 594 -0.180316
495 496 -0.225060
495 405 0.505404
495 595 -0.090804
496 497 -0.335935
496 406 -0.304486
496 596 -0.013968
497 498 -0.065877
497 407 0.795737
497 597 -0.025664
498 499 -0.041318
498 408 -0.558901
498 598 -0.691247
499 490 -0.630542
499 409 -0.266979
499 599 -1.186957
500 501 -1.490055
500 510 0.410625
500 600 -0.132648
501 502 -0.150094
501 511 -0.562817
501 601 2.203690
502 503 -1.132773
502 512 -0.007083
502 602 -0.343599
503 504 1.133687
503 513 0.433985
503 603 0.276166
504 505 0.654046
504 514 -0.994988
504 604 -0.070767
505 506 -0.264017
505 515 -0.371736
505 605 0.284120
506 507 -1.315016
506 516 -2.597399
506 606 0.735222
507 508 0.011075
507 517 1.749092
507 607 1.384208
508 509 -0.656938
508 518 -0.659930
508 608 0.408698
509 500 -0.937341
509 519 -0.092302
509 609 -0.216155
510 511 1.535155
510 520 -1.704313
510 610 0.295030
511 512 1.272532
511 521 1.039845
511 611 -0.484271
512 513 0.841167
512 522 -0.099758
512 612 0.447961
513 514 0.560329
513 523 0.174195
513 613 -0.365534
514 515 0.141374
514 524 0.434546
514 614 0.795861
515 516 0.944322
515 525 0.137268
515 615 -0.295260
516 517 0.887924
516 526 -1.456803
516 616 0.834595
517 518 -0.061158
517 527 -0.498922
517 617 0.848895
518 519 0.707772
518 528 -0.343606
518 618 -0.632165
519 510 0.383080
519 529 -0.173759
519 619 1.129264
520 521 0.677533
520 530 -0.015100
520 620 1.087343
521 522 0.503472
521 531 0.482801
521 621 -2.352455
522 523 0.248034
522 532 2.221382
522 622 -1.111072
523 524 -0.252950
523 533 0.328810
523 623 -0.182045
524 525 -0.448418
524 534 -0.630280
524 624 -1.028403
525 526 -0.150104
525 535 0.476200
525 625 -1.026459
526 527 -0.517755
526 536 -0.739981
526 626 -0.101731
527 528 -0.294044
527 537 0.630828
527 627 -2.756010
528 529 -0.242018
528 538 0.394523
528 628 2.968422
529 520 0.828039
529 539 0.327216
529 629 -0.754631
530 531 1.314791
530 540 -2.908369
530 630 -2.481510
531 532 2.826010
531 541 0.056499
531 631 -1.247114
532 533 -0.082468
532 542 -1.311491
532 632 -1.341556
533 534 -1.788813
533 543 0.700763
533 633 -0.851254
534 535 -0.593165
534 544 0.461285
534 634 0.401694
535 536 -0.361412
535 545 0.329362
535 635 0.860455
536 537 1.030576
536 546 2.412386
536 636 -0.482756
537 538 -0.470137
537 547 -0.647822
537 637 0.784970
538 539 -0.448514
538 548 0.476952
538 638 0.998641
539 530 -1.349982
539 549 0.365175
539 639 1.222901
540 541 0.886340
540 550 -0.669366
540 640 -0.636614
541 542 1.161076
541 551 -1.257742
541 641 0.494928
542 543 -0.914521
542 552 -0.790259
542 642 0.575051
543 544 0.581303
543 553 1.463493
543 643 -0.488106
544 545 -1.067482
544 554 1.147619
544 644 0.302679
545 546 0.002934
545 555 0.322215
545 645 0.416905
546 547 0.312168
546 556 0.414036
546 646 0.645779
547 548 -0.230468
547 557 0.265741
547 647 0.702877
548 549 -1.198522
548 558 -0.479257
548 648 0.821371
549 540 -1.029252
549 559 1.275922
549 649 0.244794
550 551 0.525263
550 560 0.519803
550 650 -0.203820
551 552 -0.027848
551 561 -0.063033
551 651 -0.788908
552 553 -0.593927
552 562 -1.233098
552 652 -0.932758
553 554 -1.291456
553 563 -0.648874
553 653 -0.792344
554 555 -0.433541
554 564 -0.857388
554 654 0.781982
555 556 -1.005522
555 565 1.542648
555 655 0.911181
556 557 -2.363244
556 566 -1.988806
556 656 0.624259
557 558 0.944192
557 567 -0.153316
557 657 1.378788
558 559 -0.445131
558 568 0.440931
558 658 -0.862189
559 550 1.411632
559 569 -0.021477
559 659 1.237299
560 561 -0.999257
560 570 -0.551270
560 660 0.461638
561 562 0.526870
561 571 1.011173
561 661 2.814121
562 563 -0.255076
562 572 1.907495
562 662 0.371979
563 564 -0.960521
563 573 -0.135966
563 663 0.764448
564 565 -0.586197
564 574 0.052940
564 664 -1.215405
565 566 -2.065036
565 575 -0.964365
565 665 1.048836
566 567 -0.618847
566 576 -0.522333
566 666 -0.878146
567 568 -1.258545
567 577 -0.194144
567 667 0.008903
568 569 -0.050320
568 578 -0.658109
568 668 -0.932713
569 560 -0.002226
569 579 -0.863370
569 669 -0.233920
570 571 1.281492
570 580 0.442707
570 670 0.008752
571 572 0.031425
571 581 -0.879510
571 671 0.422775
572 573 0.188036
572 582 0.927166
572 672 1.296508
573 574 -1.420277
573 583 -2.255789
573 673 -1.200849
574 575 -1.166477
574 584 -2.547636
574 674 -0.021012
575 576 -0.585882
575 585 -0.151180
575 675 0.182007
576 577 1.294057
576 586 1.566291
576 676 0.574629
577 578 0.767903
577 587 -0.785131
577 677 0.413883
578 579 0.330339
578 588 -1.594682
578 678 0.348795
579 570 -1.499598
579 589 -0.170229
579 679 0.028973
580 581 -1.223410
580 590 0.972697
580 680 -1.159027
581 582 -0.912892
581 591 0.539141
581 681 -0.053324
582 583 -1.362290
582 592 0.749595
582 682 -1.165143
583 584 0.202316
583 593 -0.357383
583 683 -1.533121
584 585 0.631853
584 594 1.087391
584 684 0.276446
585 586 -0.271311
585 595 0.516923
585 685 -0.312485
586 587 -1.173742
586 596 0.485820
586 686 1.221020
587 588 -0.143301
587 597 1.865403
587 687 0.742490
588 589 0.255028
588 598 -0.248109
588 688 -0.327022
589 580 -0.107034
589 599 -0.905242
589 689 -0.073080
590 591 -0.012901
590 500 -0.819501
590 690 -0.789624
591 592 -0.661258
591 501 2.221873
591 691 -0.851866
592 593 -1.572779
592 502 -0.549537
592 692 0.254156
593 594 -2.612727
593 503 -0.658916
593 693 0.498319
594 595 -1.505312
594 504 -0.923571
594 694 0.193725
595 596 -1.329815
595 505 0.346558
595 695 -1.359035
596 597 0.352451
596 506 -0.614117
596 696 -0.350092
597 598 1.792505
597 507 -0.615666
597 697 -0.426613
598 599 -0.148373
598 508 0.322088
598 698 0.694651
599 590 -0.199805
599 509 0.506813
599 699 1.391682
600 601 0.837897
600 610 0.437874
600 700 -0.403801
601 602 -2.598100
601 611 0.238161
601 701 0.477541
602 603 1.033379
602 612 -0.649393
602 702 -0.929722
603 604 0.538478
603 613 -0.091325
603 703 0.288188
604 605 0.002922
604 614 1.094201
604 704 1.001753
605 606 -0.281531
605 615 0.294576
605 705 0.979783
606 607 1.585277
606 616 0.858581
606 706 -0.038850
607 608 0.967666
607 617 -1.839034
607 707 -0.589126
608 609 1.619650
608 618 0.539027
608 708 0.831239
609 600 -0.467665
609 619 0.277060
609 709 -0.373203
610 611 -0.130539
610 620 -1.958380
610 710 0.276288
611 612 -0.784742
611 621 -0.062197
611 711 1.281411
612 613 0.283838
612 622 -1.177615
612 712 0.348408
613 614 -0.030558
613 623 0.764385
613 713 1.758848
614 615 -0.479961
614 624 0.189298
614 714 0.105115
615 616 -0.843604
615 625 -1.654945
615 715 0.073327
616 617 -0.489535
616 626 1.255981
616 716 -0.308549
617 618 -1.623181
617 627 -1.517451
617 717 0.221944
618 619 0.532198
618 628 -0.787188
618 718 0.309101
619 610 0.743504
619 629 -0.080140
619 719 -1.709439
620 621 -1.329453
620 630 0.829241
620 720 0.322880
621 622 0.953000
621 631 -1.643040
621 721 0.006376
622 623 1.551864
622 632 0.521848
622 722 0.149726
623 624 1.124537
623 633 0.452755
623 723 -0.590626
624 625 0.145912
624 634 -0.809605
624 724 0.185215
625 626 -1.041590
625 635 0.546588
625 725 0.154691
626 627 -0.579865
626 636 0.118254
626 726 0.574638
627 628 -0.509302
627 637 -0.341325
627 727 -0.857706
628 629 -0.554545
628 638 1.087236
628 728 1.223767
629 620 0.161152
629 639 -0.289823
629 729 0.479784
630 631 1.013232
630 640 0.155423
630 730 -1.800895
631 632 -0.149305
631 641 -0.039424
631 731 -0.948614
632 633 -0.149863
632 642 -1.126563
632 732 -1.398490
633 634 -2.106133
633 643 0.030624
633 733 1.649774
634 635 -1.684608
634 644 0.356867
634 734 -0.385221
635 636 -0.814281
635 645 0.518725
635 735 -0.430884
636 637 -0.243155
636 646 -0.456925
636 736 -0.203023
637 638 0.216081
637 647 1.085249
637 737 0.689133
638 639 -1.010373
638 648 -0.666099
638 738 0.694890
639 630 -1.292179
639 649 -0.880445
639 739 -0.255604
640 641 -0.306752
640 650 0.167439
640 740 0.463630
641 642 0.235048
641 651 0.092548
641 741 -0.545774
642 643 1.038246
642 652 -0.573992
642 742 -0.500526
643 644 0.745709
643 653 -0.652949
643 743 0.495207
644 645 -1.374383
644 654 1.414274
644 744 0.751572
645 646 -0.269044
645 655 2.009577
645 745 1.059684
646 647 -0.770672
646 656 -0.544830
646 746 -0.513788
647 648 0.312383
647 657 -0.504749
647 747 -1.134940
648 649 -1.163642
648 658 -0.206579
648 748 -0.680935
649 640 -1.287567
649 659 0.724831
649 749 0.854504
650 651 0.202804
650 660 -1.629081
650 750 0.774264
651 652 -0.656104
651 661 0.354736
651 751 -0.015765
652 653 0.040641
652 662 0.339406
652 752 -0.469847
653 654 -0.072904
653 663 -1.797944
653 753 2.080573
654 655 -1.531351
654 664 -1.052955
654 754 -0.392392
655 656 -0.352874
655 665 -0.600822
655 755 -0.476731
656 657 0.621929
656 666 0.403322
656 756 0.637835
657 658 1.006055
657 667 -1.909926
657 757 -0.989280
658 659 1.231482
658 668 -0.233762
658 758 1.755825
659 650 0.515954
659 669 1.895788
659 759 0.877122
660 661 0.111656
660 670 1.265472
660 760 -2.856096
661 662 -0.043249
661 671 0.954326
661 761 0.523646
662 663 -0.159764
662 672 0.033574
662 762 0.988347
663 664 -0.699095
663 673 1.339814
663 763 -0.221757
664 665 0.380137
664 674 -2.109569
664 764 0.345567
665 666 0.232456
665 675 0.894752
665 765 0.047105
666 667 1.243736
666 676 -0.720459
666 766 1.246441
667 668 -0.126838
667 677 -2.938375
667 767 0.095066
668 669 0.874647
668 678 -1.423413
668 768 0.828109
669 660 0.771767
669 679 -1.551250
669 769 2.169400
670 671 -0.001581
670 680 -1.226318
670 770 -1.091258
671 672 0.891189
671 681 0.908668
671 771 -0.760003
672 673 0.535051
672 682 -2.643501
672 772 0.782739
673 674 -2.006141
673 683 1.073176
673 773 1.287499
674 675 -1.093202
674 684 1.704576
674 774 -0.880812
675 676 1.222900
675 685 0.547626
675 775 0.873633
676 677 0.780677
676 686 -0.465237
676 776 -1.802276
677 678 0.213449
677 687 0.382598
677 777 -1.565647
678 679 -0.295558
678 688 0.994478
678 778 -0.165022
679 670 0.281640
679 689 0.394777
679 779 -1.281419
680 681 0.406704
680 690 0.144029
680 780 1.153646
681 682 0.345888
681 691 0.777614
681 781 0.319779
682 683 0.355263
682 692 0.196589
682 782 0.213334
683 684 2.246072
683 693 0.601948
683 783 1.073450
684 685 -0.058881
684 694 1.364195
684 784 -0.264631
685 686 -0.306301
685 695 -0.480948
685 785 -0.729717
686 687 0.150597
686 696 0.849465
686 786 1.614756
687 688 -1.180822
687 697 -0.052628
687 787 -1.512497
688 689 -0.170939
688 698 1.199242
688 788 1.679330
689 680 1.478660
689 699 0.257200
689 789 0.200280
690 691 0.908105
690 600 0.553434
690 790 -0.782053
691 692 -0.200899
691 601 -1.208506
691 791 -2.408872
692 693 -0.351284
692 602 -0.490316
692 792 -0.712257
693 694 1.777877
693 603 0.085146
693 793 0.133361
694 695 -0.239666
694 604 0.066755
694 794 0.179055
695 696 -0.911008
695 605 0.590246
695 795 0.055053
696 697 1.085047
696 606 -1.664056
696 796 -0.288673
697 698 0.291175
697 607 0.888808
697 797 0.097182
698 699 0.024700
698 608 -0.638839
698 798 -1.929445
699 690 -0.639859
699 609 0.483565
699 799 -1.821345
700 701 -0.477746
700 710 -1.128877
700 800 -0.844693
701 702 1.097802
701 711 1.053609
701 801 -0.963459
702 703 0.553483
702 712 0.188584
702 802 0.635421
703 704 -0.551356
703 713 0.828244
703 803 0.717243
704 705 1.476020
704 714 0.543551
704 804 -0.405284
705 706 0.588112
705 715 -1.667987
705 805 -0.000626
706 707 -0.177241
706 716 2.046264
706 806 -0.392169
707 708 -0.213824
707 717 2.056970
707 807 -0.172509
708 709 0.152611
708 718 -0.823131
708 808 0.204176
709 700 -0.500980
709 719 0.446009
709 809 -0.675507
710 711 -0.601358
710 720 -0.866377
710 810 0.875010
711 712 0.559189
711 721 -0.159205
711 811 1.264844
712 713 0.843004
712 722 0.732928
712 812 0.502943
713 714 1.341844
713 723 -0.099516
713 813 -0.550838
714 715 1.089547
714 724 0.158421
714 814 0.270597
715 716 0.955312
715 725 -1.720013
715 815 -1.522326
716 717 -2.243103
716 726 1.182058
716 816 -0.028144
717 718 -0.091705
717 727 -0.593159
717 817 1.203375
718 719 -0.235507
718 728 0.675543
718 818 0.450654
719 710 -1.110217
719 729 -1.240399
719 819 0.380046
720 721 -0.183685
720 730 0.639952
720 820 0.731080
721 722 1.387949
721 731 2.487373
721 821 -0.092790
722 723 0.478961
722 732 -0.061116
722 822 2.187813
723 724 -0.193802
723 733 0.913843
723 823 -1.230054
724 725 0.478535
724 734 -1.034706
724 824 0.865785
725 726 0.950488
725 735 -0.177106
725 825 0.818522
726 727 -1.200075
726 736 0.452728
726 826 0.604342
727 728 -0.195133
727 737 0.640966
727 827 -1.219700
728 729 -1.076774
728 738 -0.442422
728 828 -0.526291
729 720 -0.777472
729 739 -0.464604
729 829 -0.947203
730 731 2.108149
730 740 -0.408989
730 830 -0.376743
731 732 0.707153
731 741 -0.566858
731 831 -0.923739
732 733 1.217242
732 742 1.107160
732 832 -0.396709
733 734 -0.619305
733 743 -0.514324
733 833 0.480483
734 735 -1.466729
734 744 -0.047936
734 834 1.638220
735 736 -1.711484
735 745 -1.435172
735 835 -1.041993
736 737 -0.018425
736 746 -1.249907
736 836 1.220236
737 738 0.446753
737 747 0.250335
737 837 -0.737247
738 739 -0.001136
738 748 0.283727
738 838 -0.849964
739 730 0.002894
739 749 0.396674
739 839 1.028504
740 741 0.684228
740 750 -0.530600
740 840 0.001667
741 742 -0.084870
741 751 -0.256285
741 841 1.739487
742 743 -0.274516
742 752 0.586743
742 842 0.196742
743 744 0.008073
743 753 -1.799753
743 843 0.128815
744 745 1.518308
744 754 0.396956
744 844 -0.633642
745 746 0.402801
745 755 -2.156536
745 845 -0.008534
746 747 2.109288
746 756 1.728358
746 846 -2.247832
747 748 -0.244991
747 757 -0.879501
747 847 0.215844
748 749 -0.177816
748 758 -1.264680
748 848 -0.490716
749 740 1.509205
749 759 0.707362
749 849 0.951578
750 751 -1.120787
750 760 -0.276313
750 850 -1.676806
751 752 0.531673
751 761 1.252441
751 851 0.304267
752 753 -0.529130
752 762 -1.000864
752 852 0.673309
753 754 -2.390387
753 763 0.713087
753 853 -0.544613
754 755 0.751951
754 764 0.055374
754 854 -0.971532
755 756 0.963614
755 765 0.669420
755 855 0.324054
756 757 0.595365
756 766 -2.472778
756 856 0.499350
757 758 -0.553398
757 767 0.298459
757 857 2.379913
758 759 -0.668511
758 768 -0.807413
758 858 -0.598158
759 750 0.917991
759 769 -0.430757
759 859 -0.489807
760 761 -1.042828
760 770 -1.147732
760 860 0.025474
761 762 -0.006860
761 771 1.219691
761 861 0.145231
762 763 0.864319
762 772 0.145465
762 862 -1.825127
763 764 0.542665
763 773 -0.248544
763 863 -0.806281
764 765 1.270380
764 774 -0.152730
764 864 0.109902
765 766 0.111430
765 775 0.548076
765 865 -0.240393
766 767 -0.249763
766 776 0.886837
766 866 -1.171068
767 768 0.536952
767 777 1.692650
767 867 0.784869
768 769 0.138348
768 778 0.268433
768 868 -1.380905
769 760 1.103016
769 779 1.167392
769 869 -0.953083
770 771 0.349409
770 780 -0.419814
770 870 -1.302071
771 772 1.058333
771 781 1.346412
771 871 0.827113
772 773 -0.836556
772 782 1.192945
772 872 -0.324443
773 774 -0.660445
773 783 1.842542
773 873 0.598830
774 775 -0.918060
774 784 -1.007864
774 874 -1.521058
775 776 -0.328733
775 785 0.624659
775 875 -0.587654
776 777 -1.207894
776 786 1.211870
776 876 -0.563194
777 778 -0.951182
777 787 -0.024385
777 877 -0.339413
778 779 -0.575984
778 788 -0.323100
778 878 -0.287334
779 770 -0.218683
779 789 -0.795640
779 879 0.664346
780 781 0.518235
780 790 1.439561
780 880 0.142645
781 782 0.885362
781 791 -2.361298
781 881 -0.219080
782 783 -0.240805
782 792 0.353522
782 882 2.073582
783 784 0.480694
783 793 0.108428
783 883 -0.019637
784 785 1.639794
784 794 1.160871
784 884 0.408211
785 786 -1.017949
785 795 1.208619
785 885 0.914329
786 787 -1.219064
786 796 -0.740490
786 886 -0.276607
787 788 1.041340
787 797 -1.098062
787 887 -0.488196
788 789 -0.051078
788 798 1.362957
788 888 1.975357
789 780 -0.113030
789 799 0.409538
789 889 0.931647
790 791 0.755834
790 700 0.080639
790 890 0.407724
791 792 -0.246014
791 701 0.529099
791 891 -0.771282
792 793 -0.481763
792 702 0.554136
792 892 0.450689
793 794 0.789482
793 703 -1.084112
793 893 1.276906
794 795 -1.134035
794 704 0.995126
794 894 2.181698
795 796 -0.123892
795 705 -1.123686
795 895 -1.064779
796 797 -1.673390
796 706 0.514041
796 896 0.567924
797 798 0.943801
797 707 0.736092
797 897 0.463867
798 799 0.206003
798 708 0.202293
798 898 -0.306500
799 790 -1.208008
799 709 2.601215
799 899 0.463449
800 801 1.029874
800 810 0.233851
800 900 1.791380
801 802 -1.455612
801 811 -0.087455
801 901 1.842422
802 803 2.226089
802 812 -1.434154
802 902 0.913339
803 804 -0.467327
803 813 -0.731064
803 903 0.938160
804 805 -1.203156
804 814 -1.432419
804 904 -0.632238
805 806 0.046728
805 815 -1.128915
805 905 1.372357
806 807 0.504059
806 816 -0.158956
806 906 1.589791
807 808 0.732434
807 817 -0.412113
807 907 -0.948248
808 809 0.594628
808 818 -0.661382
808 908 1.567841
809 800 -0.300934
809 819 -1.443983
809 909 -1.456665
810 811 2.336749
810 820 -0.047492
810 910 1.228669
811 812 -1.536919
811 821 0.466947
811 911 -1.172736
812 813 -0.537871
812 822 -0.802228
812 912 -1.360673
813 814 -0.204520
813 823 -0.224015
813 913 0.371402
814 815 0.165941
814 824 -0.576833
814 914 -0.512711
815 816 -0.667318
815 825 -0.338085
815 915 -2.439801
816 817 -1.068545
816 826 -0.756939
816 916 1.700674
817 818 -1.470649
817 827 0.481746
817 917 1.939249
818 819 -0.122574
818 828 -0.811751
818 918 -0.877194
819 810 -1.118867
819 829 -1.338309
819 919 -1.180593
820 821 2.741127
820 830 1.173414
820 920 -1.690643
821 822 0.314674
821 831 -1.390133
821 921 -0.191966
822 823 0.978390
822 832 -2.170767
822 922 -0.909258
823 824 -0.343034
823 833 1.796717
823 923 -0.006113
824 825 -0.718142
824 834 -0.046102
824 924 0.376047
825 826 1.833570
825 835 0.041664
825 925 -0.658763
826 827 -1.233969
826 836 1.349074
826 926 -1.485599
827 828 -1.204834
827 837 0.056809
827 927 -0.545301
828 829 0.295857
828 838 1.459486
828 928 2.447944
829 820 -0.192081
829 839 0.811919
829 929 -0.064806
830 831 1.009324
830 840 0.471316
830 930 -0.982024
831 832 0.570450
831 841 0.363349
831 931 -1.065976
832 833 -1.848142
832 842 2.755556
832 932 0.511127
833 834 -1.257320
833 843 -0.468765
833 933 -0.400761
834 835 1.148850
834 844 1.499164
834 934 0.884480
835 836 0.237455
835 845 -0.228645
835 935 -0.212834
836 837 0.429332
836 846 0.749686
836 936 1.470117
837 838 0.036389
837 847 0.076458
837 937 0.768781
838 839 -1.015337
838 848 0.598424
838 938 -0.043280
839 830 -1.448050
839 849 -1.242753
839 939 0.913429
840 841 0.124186
840 850 -0.414262
840 940 0.551007
841 842 2.247677
841 851 -0.312457
841 941 0.264118
842 843 -0.866189
842 852 -1.339828
842 942 -1.092708
843 844 -0.296987
843 853 -0.124868
843 943 -1.004499
844 845 0.541083
844 854 0.282673
844 944 -0.678519
845 846 1.683104
845 855 0.019672
845 945 -1.654316
846 847 0.165919
846 856 0.082840
846 946 -0.236636
847 848 -1.265466
847 857 -0.706015
847 947 -0.502268
848 849 -0.886460
848 858 -1.323663
848 948 -0.180883
849 840 -1.536640
849 859 -0.439382
849 949 0.198099
850 851 0.671477
850 860 0.348449
850 950 -0.293955
851 852 -0.216837
851 861 0.397178
851 951 -1.006189
852 853 -0.049071
852 862 -0.497899
852 952 0.744837
853 854 -1.612358
853 863 0.336190
853 953 0.500691
854 855 -1.314939
854 864 -2.140105
854 954 -0.190116
855 856 -1.116829
855 865 0.654135
855 955 1.063375
856 857 1.004427
856 866 -0.035003
856 956 0.664554
857 858 -0.453762
857 867 -0.440686
857 957 0.378883
858 859 1.275947
858 868 0.988711
858 958 2.297033
859 850 0.123110
859 869 -0.523177
859 959 0.716497
860 861 -1.198131
860 870 1.018388
860 960 0.684726
861 862 1.094878
861 871 0.120162
861 961 -1.559419
862 863 -0.844407
862 872 1.968964
862 962 0.358899
863 864 0.827288
863 873 -0.476705
863 963 -0.987896
864 865 -1.517898
864 874 0.245141
864 964 -1.634462
865 866 -1.255894
865 875 -0.557472
865 965 0.373417
866 867 0.180907
866 876 -0.001461
866 966 1.681362
867 868 0.443488
867 877 -0.652232
867 967 2.162726
868 869 -1.128582
868 878 0.852206
868 968 -0.300024
869 860 -0.052351
869 879 -0.074675
869 969 0.194721
870 871 -1.047813
870 880 0.085887
870 970 0.164150
871 872 1.013678
871 881 -0.762768
871 971 -1.467543
872 873 -0.470781
872 882 -0.013515
872 972 -3.030796
873 874 -0.453127
873 883 -0.511385
873 973 0.360455
874 875 0.984055
874 884 -0.982001
874 974 2.685819
875 876 1.654276
875 885 1.709489
875 975 -0.919461
876 877 0.199130
876 886 -0.116644
876 976 -0.060615
877 878 0.095647
877 887 1.072203
877 977 -0.026408
878 879 -1.658970
878 888 -1.194810
878 978 -0.032917
879 870 -1.689070
879 889 0.709398
879 979 0.887856
880 881 0.233986
880 890 -1.627162
880 980 1.258178
881 882 0.692695
881 891 0.583767
881 981 -0.365181
882 883 1.908615
882 892 0.172476
882 982 1.506133
883 884 0.563423
883 893 0.305308
883 983 0.482304
884 885 -0.544032
884 894 3.081196
884 984 1.485765
885 886 -1.162373
885 895 -1.278938
885 985 -0.576236
886 887 -2.948371
886 896 0.860421
886 986 0.244178
887 888 -0.956966
887 897 0.596149
887 987 -0.635087
888 889 -1.101459
888 898 0.211386
888 988 0.532368
889 880 -0.502515
889 899 0.488929
889 989 -0.521488
890 891 0.707062
890 800 1.143561
890 990 1.837763
891 892 0.434517
891 801 0.573209
891 991 -1.591356
892 893 1.740453
892 802 0.192978
892 992 1.715047
893 894 -0.064699
893 803 0.869374
893 993 -0.174942
894 895 -0.036990
894 804 -1.184942
894 994 1.123777
895 896 -0.550196
895 805 -0.317888
895 995 -0.942855
896 897 -0.605916
896 806 -0.073581
896 996 0.186425
897 898 0.826027
897 807 -0.347774
897 997 -0.380676
898 899 -1.114707
898 808 0.553526
898 998 -0.649767
899 890 0.577004
899 809 -0.067078
899 999 0.075242
900 901 -0.552701
900 910 1.099711
900 0 -2.650794
901 902 0.796921
901 911 -1.052186
901 1 0.522651
902 903 0.916505
902 912 -0.001882
902 2 0.258149
903 904 -0.439481
903 913 0.816805
903 3 -0.437430
904 905 -0.079667
904 914 0.500923
904 4 -1.703265
905 906 -0.797275
905 915 -1.182703
905 5 0.417443
906 907 -0.058339
906 916 0.021411
906 6 -0.433526
907 908 0.007060
907 917 -0.324438
907 7 -1.629131
908 909 0.464781
908 918 0.220264
908 8 -0.161813
909 900 1.238456
909 919 -0.008120
909 9 -1.055225
910 911 -1.220921
910 920 0.313918
910 10 -0.886988
911 912 0.146303
911 921 0.263035
911 11 -0.053000
912 913 0.195503
912 922 -1.320410
912 12 0.688248
913 914 -1.022568
913 923 0.355526
913 13 -1.138969
914 915 0.070677
914 924 -0.110998
914 14 1.703403
915 916 -1.975045
915 925 -0.503247
915 15 0.979159
916 917 -0.769661
916 926 1.616251
916 16 -0.865921
917 918 -0.308643
917 927 -0.217565
917 17 0.032651
918 919 0.070331
918 928 0.542401
918 18 -0.573828
919 910 0.264405
919 929 0.757774
919 19 0.419787
920 921 0.960459
920 930 0.013221
920 20 2.192406
921 922 0.126184
921 931 -1.958813
921 21 0.160478
922 923 1.479677
922 932 0.822133
922 22 -1.540127
923 924 -0.393218
923 933 -0.057312
923 23 0.308749
924 925 1.153207
924 934 -0.240347
924 24 -0.390744
925 926 -0.995065
925 935 -0.143386
925 25 1.024195
926 927 1.773094
926 936 0.737885
926 26 1.063486
927 928 -1.810000
927 937 1.314938
927 27 -1.009174
928 929 -0.428910
928 938 -0.125987
928 28 0.998116
929 920 1.129800
929 939 0.057932
929 29 -0.594075
930 931 -1.218353
930 940 0.249600
930 30 -0.998632
931 932 0.369162
931 941 -0.518933
931 31 -0.456866
932 933 0.044489
932 942 0.472791
932 32 -0.997935
933 934 2.484437
933 943 2.729405
933 33 0.894702
934 935 2.933105
934 944 1.302875
934 34 0.820071
935 936 -0.033986
935 945 -0.166629
935 35 0.860818
936 937 -0.804628
936 946 1.004446
936 36 -0.762508
937 938 0.079046
937 947 -0.341929
937 37 -1.030567
938 939 -1.287165
938 948 0.142816
938 38 0.432395
939 930 1.032575
939 949 0.813670
939 39 0.598204
940 941 0.969525
940 950 -1.404920
940 40 -0.297305
941 942 -0.769339
941 951 -0.173453
941 41 0.074176
942 943 1.931400
942 952 -0.770405
942 42 -0.156971
943 944 -0.520043
943 953 -0.498531
943 43 1.193116
944 945 -2.032327
944 954 -0.146610
944 44 -0.603547
945 946 1.973376
945 955 1.258999
945 45 0.053367
946 947 -0.635678
946 956 -0.264786
946 46 0.922575
947 948 0.918441
947 957 -0.029697
947 47 -0.314300
948 949 -1.363456
948 958 0.108811
948 48 0.418397
949 940 0.210016
949 959 0.535540
949 49 -0.317434
950 951 0.762222
950 960 0.437948
950 50 0.137909
951 952 -0.143789
951 961 -2.002571
951 51 0.581022
952 953 0.148199
952 962 1.827417
952 52 0.370419
953 954 -0.467326
953 963 -1.072274
953 53 -0.869552
954 955 0.644900
954 964 -0.286497
954 54 -0.861478
955 956 0.936156
955 965 -2.645725
955 55 1.175054
956 957 0.672619
956 966 -0.412105
956 56 -1.176655
957 958 -0.262136
957 967 0.178411
957 57 2.974499
958 959 0.932663
958 968 1.325314
958 58 -0.112808
959 950 -0.374557
959 969 1.379806
959 59 1.055317
960 961 0.083424
960 970 0.851521
960 60 -0.771598
961 962 1.397352
961 971 -1.660683
961 61 0.171772
962 963 -0.272573
962 972 -0.583024
962 62 0.012483
963 964 0.852232
963 973 1.299705
963 63 0.546634
964 965 -0.246915
964 974 0.089171
964 64 0.137966
965 966 -0.935945
965 975 0.140546
965 65 0.379341
966 967 0.857127
966 976 -0.091677
966 66 -1.616469
967 968 0.446728
967 977 1.652731
967 67 -0.942591
968 969 -0.344539
968 978 -1.995780
968 68 0.983490
969 960 -1.096808
969 979 -1.574968
969 69 -0.161931
970 971 -0.209492
970 980 -1.604161
970 70 0.144373
971 972 0.133486
971 981 -0.407897
971 71 0.483748
972 973 0.363550
972 982 -0.540569
972 72 0.080070
973 974 1.047166
973 983 0.259823
973 73 -1.307762
974 975 0.530809
974 984 0.099615
974 74 -0.008485
975 976 -1.144896
975 985 -0.998050
975 75 -0.867936
976 977 -0.470985
976 986 -1.252612
976 76 -1.205079
977 978 0.913533
977 987 0.637667
977 77 -1.143474
978 979 -0.068388
978 988 0.393727
978 78 0.910602
979 970 2.224433
979 989 0.802864
979 79 1.485147
980 981 0.877929
980 990 -0.812848
980 80 -0.036385
981 982 -0.836463
981 991 1.598634
981 81 -0.816352
982 983 -0.882658
982 992 0.168332
982 82 1.331121
983 984 0.929679
983 993 1.289288
983 83 1.453297
984 985 -0.076068
984 994 0.319605
984 84 0.058841
985 986 -0.176362
985 995 -0.535194
985 85 0.631716
986 987 -0.057652
986 996 -0.295100
986 86 0.241116
987 988 -1.062886
987 997 0.120855
987 87 -0.683252
988 989 -0.186863
988 998 -1.618124
988 88 -0.541174
989 980 1.527816
989 999 -1.064180
989 89 0.282709
990 991 -2.161455
990 900 0.930158
990 90 0.355533
991 992 -0.252608
991 901 0.053651
991 91 1.834516
992 993 1.012500
992 902 0.184755
992 92 -0.805298
993 994 -0.063775
993 903 -0.187451
993 93 -0.312395
994 995 -0.109611
994 904 -0.524646
994 94 0.251645
995 996 0.054818
995 905 1.875596
995 95 -0.302579
996 997 -0.687544
996 906 0.296446
996 96 0.788576
997 998 0.968255
997 907 -0.338080
997 97 -0.491703
998 999 1.019262
998 908 -0.647029
998 98 -0.882809
999 990 0.487604
999 909 0.781942
999 99 -0.044081
