0 1 0.663486
0 10 1.071314
0 100 0.327267
1 2 0.002612
1 11 -0.600406
1 101 -0.015451
2 3 -0.755960
2 12 0.740485
2 102 -0.022088
3 4 -0.904417
3 13 -0.198510
3 103 0.954650
4 5 2.006862
4 14 -0.335390
4 104 0.029179
5 6 1.444895
5 15 -0.445459
5 105 -3.204780
6 7 -0.747547
6 16 0.232629
6 106 0.059127
7 8 1.090434
7 17 -0.619284
7 107 0.186292
8 9 0.211331
8 18 -0.276096
8 108 1.030549
9 0 -0.865539
9 19 0.510122
9 109 -0.157938
10 11 -0.664079
10 20 1.005227
10 110 -0.028468
11 12 -1.323125
11 21 0.436339
11 111 -0.289829
12 13 -0.887843
12 22 -0.874784
12 112 -0.218516
13 14 -0.493354
13 23 -0.005849
13 113 -1.059921
14 15 -0.430906
14 24 1.111086
14 114 0.134018
15 16 -1.005649
15 25 1.241663
15 115 -0.429821
16 17 -1.492463
16 26 -0.823828
16 116 1.120960
17 18 -0.437929
17 27 -2.282385
17 117 0.949244
18 19 0.203917
18 28 0.522287
18 118 -0.833799
19 10 -0.416823
19 29 -1.317441
19 119 1.860912
20 21 -0.266951
20 30 -0.174813
20 120 0.476886
21 22 0.556414
21 31 0.561473
21 121 -0.892932
22 23 0.166676
22 32 -0.428382
22 122 1.478731
23 24 0.418043
23 33 0.614813
23 123 1.473473
24 25 1.955422
24 34 -0.365409
24 124 -0.350759
25 26 -1.937727
25 35 1.068362
25 125 -0.749798
26 27 -0.207772
26 36 0.807289
26 126 1.463106
27 28 1.098276
27 37 1.123915
27 127 -0.199814
28 29 -1.251067
28 38 1.416921
28 128 0.730743
29 20 0.133293
29 39 -0.437850
29 129 -0.253464
30 31 -0.188370
30 40 0.958409
30 130 -0.084677
31 32 0.496051
31 41 -0.192740
31 131 0.441115
32 33 -0.134927
32 42 -1.471622
32 132 1.987337
33 34 -0.726313
33 43 -1.513112
33 133 -0.140972
34 35 -1.130752
34 44 -1.221529
34 134 -0.072581
35 36 1.073324
35 45 -0.922632
35 135 -0.335722
36 37 0.310625
36 46 0.958647
36 136 0.131783
37 38 0.583834
37 47 -0.549799
37 137 -0.288518
38 39 -0.594317
38 48 -0.378296
38 138 -0.145398
39 30 -0.258783
39 49 -0.815347
39 139 -0.954293
40 41 0.309225
40 50 0.880749
40 140 -1.267763
41 42 0.662669
41 51 -0.629281
41 141 0.336837
42 43 -2.370639
42 52 2.445137
42 142 0.206544
43 44 -0.497968
43 53 0.546612
43 143 0.336438
44 45 0.510605
44 54 0.154134
44 144 -0.933805
45 46 -0.172312
45 55 -0.922214
45 145 -0.542539
46 47 0.268633
46 56 0.715505
46 146 -0.466093
47 48 -0.527121
47 57 0.489907
47 147 -1.274052
48 49 -0.210920
48 58 -0.763787
48 148 -1.465626
49 40 0.123159
49 59 -1.716737
49 149 2.128453
50 51 0.962585
50 60 0.462584
50 150 -0.451189
51 52 -0.831754
51 61 0.823061
51 151 0.198916
52 53 0.892563
52 62 0.365892
52 152 -1.627374
53 54 -0.479663
53 63 -0.322270
53 153 0.532834
54 55 -2.198818
54 64 -1.915685
54 154 -2.213176
55 56 0.092459
55 65 -0.508685
55 155 0.906733
56 57 0.340549
56 66 -0.693430
56 156 -0.649638
57 58 -0.776269
57 67 -1.071040
57 157 0.240649
58 59 0.251881
58 68 2.196399
58 158 -2.160873
59 50 -1.588664
59 69 -1.446445
59 159 1.390096
60 61 0.810435
60 70 -0.139702
60 160 1.529184
61 62 -0.447647
61 71 -0.932705
61 161 1.669945
62 63 0.242463
62 72 -1.376719
62 162 -1.111521
63 64 -0.933556
63 73 0.520929
63 163 -0.735296
64 65 -0.890012
64 74 2.007853
64 164 -0.998325
65 66 -0.115533
65 75 -0.494794
65 165 -2.043740
66 67 -0.551753
66 76 -0.189079
66 166 -0.882354
67 68 -2.551874
67 77 -0.755147
67 167 2.508391
68 69 -0.275846
68 78 0.106310
68 168 0.543018
69 60 -0.816311
69 79 -2.189873
69 169 0.087451
70 71 0.770192
70 80 0.395429
70 170 -1.496990
71 72 0.936221
71 81 -0.231836
71 171 0.188323
72 73 -1.047643
72 82 0.617890
72 172 -0.463195
73 74 0.394802
73 83 -2.229855
73 173 -0.174906
74 75 2.194819
74 84 -0.275764
74 174 2.487983
75 76 0.181251
75 85 0.590339
75 175 1.164927
76 77 -0.342269
76 86 0.700742
76 176 -0.204539
77 78 -0.016282
77 87 1.600466
77 177 0.270212
78 79 -0.892875
78 88 -0.287316
78 178 0.910577
79 70 -1.270768
79 89 0.169190
79 179 0.144879
80 81 2.279916
80 90 0.221192
80 180 -0.945040
81 82 -0.445732
81 91 -0.409473
81 181 0.647134
82 83 0.395563
82 92 -1.245754
82 182 -0.078819
83 84 1.284614
83 93 1.054711
83 183 -0.960900
84 85 0.850250
84 94 0.149423
84 184 1.608398
85 86 0.025630
85 95 -0.968415
85 185 -0.172293
86 87 -1.737015
86 96 0.175830
86 186 -1.372106
87 88 0.186504
87 97 -1.049083
87 187 -1.698723
88 89 0.120481
88 98 -1.162101
88 188 0.443306
89 80 0.742181
89 99 -0.924504
89 189 -0.162780
90 91 -0.632462
90 0 -1.080939
90 190 -1.293608
91 92 -1.856830
91 1 1.755378
91 191 0.196577
92 93 -0.587024
92 2 0.100811
92 192 -0.624321
93 94 0.405667
93 3 -0.257367
93 193 1.360197
94 95 -1.538904
94 4 0.221378
94 194 0.593852
95 96 0.174323
95 5 -0.378209
95 195 0.631493
96 97 -0.022812
96 6 0.482718
96 196 -1.359394
97 98 -0.026990
97 7 0.790242
97 197 0.148963
98 99 0.067693
98 8 0.346098
98 198 1.558368
99 90 0.218025
99 9 0.356239
99 199 -0.098153
100 101 0.047286
100 110 -0.781674
100 200 -0.203017
101 102 -1.169963
101 111 0.684972
101 201 0.614405
102 103 0.795450
102 112 0.654096
102 202 -0.630830
103 104 -0.620261
103 113 0.444810
103 203 -1.097701
104 105 1.269098
104 114 -1.244599
104 204 0.405015
105 106 0.296008
105 115 1.277310
105 205 0.171828
106 107 1.142614
106 116 1.720437
106 206 -1.752602
107 108 -0.622817
107 117 0.611362
107 207 0.223383
108 109 1.313353
108 118 -1.611684
108 208 1.874282
109 100 -1.162430
109 119 -1.449961
109 209 1.524050
110 111 0.795745
110 120 1.618396
110 210 -0.722965
111 112 -1.654093
111 121 1.107837
111 211 -0.627092
112 113 -0.840790
112 122 1.330896
112 212 -1.257060
113 114 2.266521
113 123 0.619014
113 213 0.987977
114 115 -0.201247
114 124 -0.349443
114 214 0.277795
115 116 1.620802
115 125 0.314713
115 215 -0.055711
116 117 -0.278102
116 126 -1.589600
116 216 -0.641502
117 118 1.312423
117 127 -0.847330
117 217 -0.197798
118 119 -0.433202
118 128 0.417662
118 218 -0.218829
119 110 -1.054158
119 129 -0.693106
119 219 0.418885
120 121 -0.323559
120 130 1.157844
120 220 -0.795067
121 122 -0.315823
121 131 -0.445048
121 221 -0.963204
122 123 0.576161
122 132 0.602602
122 222 -0.282451
123 124 2.564726
123 133 -0.156873
123 223 -0.589712
124 125 -1.073535
124 134 0.272333
124 224 -1.442795
125 126 -1.166308
125 135 0.831030
125 225 0.342405
126 127 0.052075
126 136 0.871254
126 226 -2.186003
127 128 0.379235
127 137 0.704119
127 227 -0.174122
128 129 -0.711843
128 138 0.866507
128 228 0.594332
129 120 -0.854390
129 139 -1.374625
129 229 -0.351153
130 131 0.172754
130 140 -0.067422
130 230 -1.483034
131 132 -0.220709
131 141 -0.542828
131 231 -0.902911
132 133 -0.199118
132 142 3.315381
132 232 -0.007018
133 134 0.068905
133 143 -0.195023
133 233 1.340367
134 135 0.927806
134 144 0.480025
134 234 1.147930
135 136 -0.392205
135 145 0.131226
135 235 -1.452686
136 137 1.065715
136 146 -0.760207
136 236 -1.369932
137 138 0.302360
137 147 -0.945318
137 237 -1.336596
138 139 0.540195
138 148 -1.160310
138 238 1.551549
139 130 0.701751
139 149 -2.453014
139 239 0.840336
140 141 0.425972
140 150 0.022917
140 240 0.895866
141 142 -0.809293
141 151 1.228191
141 241 0.953600
142 143 0.542091
142 152 2.165677
142 242 -0.622590
143 144 -1.485730
143 153 0.091216
143 243 -1.007756
144 145 0.370771
144 154 -0.639140
144 244 -0.638308
145 146 -0.866460
145 155 0.436361
145 245 -0.885044
146 147 0.769811
146 156 0.502179
146 246 2.262896
147 148 -2.155142
147 157 -0.666580
147 247 -0.873036
148 149 -0.233977
148 158 -1.227574
148 248 -0.064852
149 140 0.085056
149 159 -0.267342
149 249 1.926872
150 151 0.469558
150 160 0.023338
150 250 -1.260168
151 152 -2.549008
151 161 1.174796
151 251 -0.972875
152 153 1.494189
152 162 1.130337
152 252 -1.528309
153 154 0.011544
153 163 1.154817
153 253 -1.699503
154 155 0.537227
154 164 -0.241682
154 254 -1.069482
155 156 -0.109058
155 165 -1.088682
155 255 -0.050408
156 157 0.336505
156 166 -0.983553
156 256 0.789859
157 158 0.209993
157 167 1.890670
157 257 2.562741
158 159 1.211710
158 168 -0.172948
158 258 -1.230851
159 150 0.959300
159 169 -0.138432
159 259 -1.258204
160 161 0.031370
160 170 -0.981105
160 260 0.629885
161 162 0.399560
161 171 0.867590
161 261 -0.906308
162 163 -1.625094
162 172 -0.795626
162 262 -0.418542
163 164 -0.040780
163 173 -0.676414
163 263 0.218708
164 165 -0.292207
164 174 0.481070
164 264 0.949010
165 166 0.546354
165 175 -0.525246
165 265 -1.749357
166 167 -2.012340
166 176 -0.444402
166 266 0.255852
167 168 -0.994018
167 177 0.333090
167 267 1.528827
168 169 1.710778
168 178 1.436050
168 268 -0.273202
169 160 0.621290
169 179 1.241222
169 269 1.147826
170 171 -2.164640
170 180 -2.046246
170 270 -1.950297
171 172 0.812703
171 181 0.878422
171 271 -1.307436
172 173 1.316436
172 182 0.995966
172 272 -0.500542
173 174 -0.313020
173 183 0.052029
173 273 1.029147
174 175 2.344917
174 184 1.442925
174 274 -0.100343
175 176 -0.017333
175 185 -0.279321
175 275 -0.774835
176 177 -1.799207
176 186 -0.029769
176 276 0.602127
177 178 0.826686
177 187 -2.675640
177 277 1.414495
178 179 -0.703077
178 188 0.750057
178 278 0.931950
179 170 0.375606
179 189 -0.675610
179 279 -0.040045
180 181 0.233235
180 190 1.265872
180 280 -1.628897
181 182 1.034224
181 191 -0.414451
181 281 0.995371
182 183 1.604218
182 192 -0.171559
182 282 0.933477
183 184 1.000540
183 193 0.376964
183 283 0.774042
184 185 1.050985
184 194 -1.465241
184 284 -0.730833
185 186 -0.375975
185 195 -0.535331
185 285 -0.029130
186 187 -1.425742
186 196 -0.036101
186 286 0.521283
187 188 -0.261415
187 197 1.551947
187 287 -0.431317
188 189 0.402476
188 198 -0.255689
188 288 -0.060000
189 180 0.735071
189 199 -0.135204
189 289 -1.048152
190 191 0.172502
190 100 -0.682322
190 290 0.343135
191 192 1.130421
191 101 -0.098727
191 291 0.151571
192 193 -0.577258
192 102 0.565537
192 292 -1.051139
193 194 0.806944
193 103 0.986442
193 293 0.205217
194 195 0.210807
194 104 0.920472
194 294 0.224953
195 196 -1.190580
195 105 -1.279556
195 295 -0.120158
196 197 -0.511502
196 106 2.001299
196 296 -1.860226
197 198 -0.651482
197 107 0.463410
197 297 1.477242
198 199 0.593933
198 108 -2.368109
198 298 -1.694019
199 190 -2.185571
199 109 -0.810445
199 299 -0.179475
200 201 0.328960
200 210 -0.569322
200 300 0.866512
201 202 0.914844
201 211 0.367439
201 301 0.247445
202 203 1.359361
202 212 -1.038190
202 302 -2.954862
203 204 0.806039
203 213 0.991894
203 303 -0.763509
204 205 0.122452
204 214 0.701061
204 304 -0.030240
205 206 -3.428291
205 215 0.035417
205 305 1.736882
206 207 -2.711309
206 216 -0.840414
206 306 0.091774
207 208 0.119859
207 217 -0.757434
207 307 -1.196354
208 209 -0.366723
208 218 -0.877359
208 308 -1.026687
209 200 -0.213646
209 219 -0.842540
209 309 -0.646116
210 211 1.061735
210 220 0.783094
210 310 0.310772
211 212 -0.092581
211 221 -1.560393
211 311 0.324618
212 213 0.585633
212 222 1.564369
212 312 -0.269298
213 214 0.547415
213 223 -0.076683
213 313 -0.810030
214 215 0.713096
214 224 2.281866
214 314 -0.773043
215 216 -0.244362
215 225 -0.701656
215 315 -0.204486
216 217 -0.617281
216 226 -0.454491
216 316 0.469037
217 218 0.948439
217 227 0.178073
217 317 0.992951
218 219 -1.347691
218 228 0.336431
218 318 0.610585
219 210 -0.555664
219 229 1.057238
219 319 -0.672928
220 221 -0.720694
220 230 -0.143110
220 320 0.318646
221 222 -0.058714
221 231 -1.234885
221 321 -1.925168
222 223 -0.519792
222 232 1.018413
222 322 0.238166
223 224 1.610736
223 233 -0.144833
223 323 -1.095401
224 225 -0.423720
224 234 0.271979
224 324 -0.005136
225 226 1.118932
225 235 -0.680237
225 325 0.003574
226 227 -1.215578
226 236 -0.880240
226 326 -1.325954
227 228 -0.186337
227 237 -1.800890
227 327 1.166106
228 229 -0.079016
228 238 -0.124003
228 328 0.564005
229 220 0.477295
229 239 0.026721
229 329 0.231854
230 231 0.225745
230 240 0.808349
230 330 2.415913
231 232 -1.152246
231 241 -0.430310
231 331 -1.100004
232 233 0.448867
232 242 -0.310187
232 332 1.223986
233 234 -0.154467
233 243 0.106019
233 333 -0.285292
234 235 -0.112650
234 244 -0.622573
234 334 0.984185
235 236 -0.784154
235 245 -1.455631
235 335 -1.183080
236 237 -0.092743
236 246 -0.643243
236 336 -1.071268
237 238 -0.868264
237 247 -0.554295
237 337 1.152450
238 239 -2.270967
238 248 -0.210683
238 338 0.337012
239 230 -0.601758
239 249 -0.731647
239 339 0.145891
240 241 -0.054084
240 250 -0.755341
240 340 0.432529
241 242 -0.422381
241 251 -0.451707
241 341 0.383445
242 243 -0.217077
242 252 1.756545
242 342 0.098433
243 244 -1.031402
243 253 -1.184547
243 343 -0.822912
244 245 -0.686473
244 254 0.572113
244 344 0.672537
245 246 0.538597
245 255 0.433560
245 345 -0.354613
246 247 0.068313
246 256 -1.370241
246 346 -0.382283
247 248 0.044183
247 257 0.167728
247 347 0.131066
248 249 -0.283822
248 258 0.103886
248 348 0.691437
249 240 -2.102041
249 259 1.762504
249 349 0.857538
250 251 -1.553868
250 260 -0.284772
250 350 -1.029386
251 252 1.260973
251 261 -1.396417
251 351 -1.248257
252 253 0.631446
252 262 0.061186
252 352 -0.778279
253 254 1.530142
253 263 -1.262537
253 353 0.170999
254 255 -0.549499
254 264 -0.533190
254 354 -0.325332
255 256 -0.116524
255 265 -3.079229
255 355 -0.579637
256 257 -1.163696
256 266 0.912818
256 356 -0.785230
257 258 0.726478
257 267 -0.587198
257 357 -0.134370
258 259 -1.441717
258 268 -1.514389
258 358 -0.247570
259 250 -0.665119
259 269 -1.089025
259 359 -0.138274
260 261 0.725570
260 270 0.772212
260 360 0.544090
261 262 0.454450
261 271 -0.489542
261 361 1.139026
262 263 0.412064
262 272 0.138609
262 362 -0.423403
263 264 0.206034
263 273 0.457208
263 363 1.191721
264 265 -0.883698
264 274 1.338083
264 364 2.007340
265 266 -0.896548
265 275 1.578350
265 365 -2.376685
266 267 0.907423
266 276 0.960779
266 366 1.030238
267 268 0.367109
267 277 -0.787724
267 367 1.460917
268 269 1.197782
268 278 -0.549083
268 368 1.038479
269 260 -0.475325
269 279 0.014470
269 369 -1.151307
270 271 1.727045
270 280 1.315328
270 370 0.192205
271 272 -0.525406
271 281 -1.248931
271 371 0.324825
272 273 1.691252
272 282 -0.683617
272 372 -1.362981
273 274 -0.395799
273 283 -0.201102
273 373 0.081355
274 275 0.393965
274 284 -0.998029
274 374 0.596186
275 276 1.354927
275 285 -0.788125
275 375 -0.307317
276 277 -0.021237
276 286 0.332210
276 376 -0.486940
277 278 1.577209
277 287 -0.585550
277 377 0.450756
278 279 -0.279604
278 288 -1.543704
278 378 -0.401116
279 270 -0.910057
279 289 -2.163831
279 379 -0.736738
280 281 1.007145
280 290 0.419429
280 380 -0.693142
281 282 0.366104
281 291 -0.325350
281 381 -0.391792
282 283 1.315173
282 292 0.646803
282 382 0.959190
283 284 1.059521
283 293 -0.615920
283 383 1.286546
284 285 -1.164525
284 294 -0.976737
284 384 0.389115
285 286 2.076991
285 295 -2.096313
285 385 0.065957
286 287 0.588080
286 296 0.316082
286 386 -1.456970
287 288 0.330138
287 297 -0.281767
287 387 -0.412669
288 289 0.305019
288 298 1.069681
288 388 -1.024000
289 280 1.405973
289 299 0.815067
289 389 1.332846
290 291 -0.566608
290 200 -2.106991
290 390 -0.525637
291 292 -0.836876
291 201 0.205458
291 391 0.268737
292 293 0.682425
292 202 -0.026868
292 392 0.667133
293 294 0.523731
293 203 0.723344
293 393 -0.179129
294 295 0.523586
294 204 2.832437
294 394 -0.590863
295 296 1.486035
295 205 -1.239878
295 395 -1.460014
296 297 0.642919
296 206 1.294733
296 396 0.873484
297 298 0.266290
297 207 -0.775572
297 397 -0.209423
298 299 -0.012827
298 208 0.793288
298 398 0.043783
299 290 -2.034944
299 209 0.956217
299 399 3.218791
300 301 -0.822462
300 310 0.026217
300 400 -0.740925
301 302 -0.703530
301 311 1.006626
301 401 -0.516068
302 303 2.463025
302 312 0.400888
302 402 -0.897572
303 304 -0.886926
303 313 -0.278922
303 403 0.361172
304 305 1.460112
304 314 -2.048609
304 404 0.882097
305 306 -0.863728
305 315 0.190992
305 405 -1.146950
306 307 0.072629
306 316 -0.361971
306 406 1.125743
307 308 0.089155
307 317 -1.596681
307 407 -0.367285
308 309 -2.124651
308 318 0.653781
308 408 -0.536678
309 300 0.200151
309 319 -1.160915
309 409 0.339987
310 311 0.599374
310 320 0.834000
310 410 0.055521
311 312 -1.004773
311 321 -0.084752
311 411 -1.425661
312 313 1.110106
312 322 0.474826
312 412 0.260206
313 314 -0.398786
313 323 0.199530
313 413 0.284662
314 315 0.323783
314 324 -1.541977
314 414 -0.004475
315 316 -1.504398
315 325 0.740994
315 415 0.276526
316 317 0.355049
316 326 0.043747
316 416 -0.886354
317 318 1.325462
317 327 0.112578
317 417 0.539628
318 319 0.594848
318 328 -1.478222
318 418 0.066321
319 310 -0.334093
319 329 -0.201337
319 419 1.639255
320 321 0.034550
320 330 0.482982
320 420 -0.110297
321 322 1.456403
321 331 -0.647273
321 421 -0.562435
322 323 -2.346616
322 332 -1.167374
322 422 -0.078981
323 324 1.275197
323 333 -1.668330
323 423 -0.347105
324 325 1.073421
324 334 -0.889208
324 424 0.203127
325 326 1.416720
325 335 -1.419897
325 425 -0.868727
326 327 0.667046
326 336 -0.521865
326 426 1.054794
327 328 -2.093603
327 337 -0.804887
327 427 1.024744
328 329 -0.898979
328 338 0.775367
328 428 0.016142
329 320 -1.585451
329 339 -0.136098
329 429 -0.015100
330 331 0.376842
330 340 0.062042
330 430 0.891337
331 332 0.796434
331 341 0.011349
331 431 0.557629
332 333 -0.037361
332 342 -1.361811
332 432 -0.178236
333 334 0.545454
333 343 1.435639
333 433 0.795906
334 335 -0.218529
334 344 0.947790
334 434 2.192014
335 336 0.372788
335 345 1.379952
335 435 -0.089277
336 337 1.767496
336 346 0.716573
336 436 -0.777415
337 338 -0.536051
337 347 1.405908
337 437 -2.188608
338 339 0.062989
338 348 -0.371399
338 438 0.448274
339 330 0.336035
339 349 -0.912250
339 439 -0.042101
340 341 1.920853
340 350 -0.588382
340 440 0.769385
341 342 -0.609129
341 351 -0.421206
341 441 -1.220591
342 343 -0.530716
342 352 -0.213391
342 442 0.600148
343 344 -0.310902
343 353 -1.174470
343 443 1.680899
344 345 1.254301
344 354 -0.148791
344 444 0.059984
345 346 -1.193715
345 355 -1.580578
345 445 -0.293132
346 347 -0.014656
346 356 -0.395854
346 446 -1.045221
347 348 1.265137
347 357 1.824141
347 447 -1.771228
348 349 0.447472
348 358 0.151509
348 448 0.233877
349 340 0.326515
349 359 -0.431099
349 449 0.045427
350 351 -0.629666
350 360 0.396478
350 450 -0.977360
351 352 1.167958
351 361 0.582857
351 451 -0.310183
352 353 -0.626149
352 362 1.916014
352 452 0.904951
353 354 0.775621
353 363 -0.809812
353 453 0.467106
354 355 -1.056151
354 364 -0.639596
354 454 -1.602694
355 356 0.463517
355 365 0.793748
355 455 0.274708
356 357 -0.596770
356 366 -0.050395
356 456 1.275743
357 358 -0.753585
357 367 0.761898
357 457 0.576496
358 359 -0.235612
358 368 -0.869277
358 458 -0.241864
359 350 -0.429820
359 369 0.346503
359 459 1.302539
360 361 -0.874892
360 370 0.049020
360 460 0.828541
361 362 -1.223395
361 371 -0.767756
361 461 0.250679
362 363 -0.756811
362 372 0.539322
362 462 -1.301888
363 364 -1.360696
363 373 0.424893
363 463 -0.798472
364 365 -1.075759
364 374 -0.612057
364 464 0.967100
365 366 -0.442080
365 375 0.475012
365 465 -0.948888
366 367 -0.843562
366 376 -0.244500
366 466 0.514885
367 368 -1.252775
367 377 0.702974
367 467 1.480228
368 369 1.388249
368 378 -1.409508
368 468 -0.714613
369 360 0.294412
369 379 -1.167719
369 469 0.429450
370 371 2.982327
370 380 1.274697
370 470 1.096429
371 372 -1.026233
371 381 -1.992852
371 471 1.099475
372 373 1.630665
372 382 -1.624857
372 472 -1.378789
373 374 -0.923862
373 383 0.014272
373 473 0.590306
374 375 0.086050
374 384 -0.169031
374 474 -1.849567
375 376 0.330488
375 385 -0.267482
375 475 0.249530
376 377 0.362755
376 386 2.682350
376 476 1.166146
377 378 -1.116103
377 387 -1.375862
377 477 -2.056622
378 379 1.194483
378 388 1.022558
378 478 1.366139
379 370 1.237211
379 389 0.902739
379 479 -0.652215
380 381 0.120012
380 390 1.071189
380 480 -0.399389
381 382 0.495272
381 391 -0.876712
381 481 0.156154
382 383 0.433733
382 392 -0.579709
382 482 -0.731460
383 384 0.979230
383 393 0.344473
383 483 2.453150
384 385 0.745912
384 394 -0.646867
384 484 1.358227
385 386 -1.184614
385 395 -0.959502
385 485 -0.121011
386 387 -0.859730
386 396 0.384509
386 486 0.694418
387 388 -0.068976
387 397 -0.115090
387 487 0.149190
388 389 0.687183
388 398 0.293959
388 488 -0.037391
389 380 -1.528594
389 399 -0.670391
389 489 -0.834544
390 391 -1.216788
390 300 1.032747
390 490 -0.328369
391 392 0.031684
391 301 -0.097596
391 491 -0.223304
392 393 0.706304
392 302 -0.443735
392 492 -0.689829
393 394 -0.660200
393 303 0.307650
393 493 1.104037
394 395 0.548205
394 304 0.326410
394 494 0.521357
395 396 0.035489
395 305 0.639685
395 495 0.437941
396 397 -0.328626
396 306 -0.986062
396 496 0.379568
397 398 -0.068100
397 307 1.001607
397 497 -0.780982
398 399 -0.960420
398 308 0.660604
398 498 0.186938
399 390 0.223131
399 309 0.972910
399 499 0.337644
400 401 0.945783
400 410 0.728183
400 500 -0.107235
401 402 2.725673
401 411 0.463192
401 501 -0.644503
402 403 1.241398
402 412 0.460855
402 502 0.914916
403 404 -0.038729
403 413 0.818456
403 503 -0.136429
404 405 -1.174534
404 414 0.652079
404 504 0.017435
405 406 -0.741181
405 415 2.143516
405 505 0.952074
406 407 0.779599
406 416 -0.069694
406 506 0.908307
407 408 1.089931
407 417 -0.405480
407 507 0.368752
408 409 -0.327388
408 418 -0.769773
408 508 -2.068463
409 400 -0.038381
409 419 1.357219
409 509 -0.091069
410 411 -0.558867
410 420 -1.972533
410 510 -0.438217
411 412 0.339862
411 421 0.382183
411 511 0.669493
412 413 1.922361
412 422 0.377799
412 512 -0.231168
413 414 -0.467881
413 423 1.491596
413 513 -0.111941
414 415 -0.622358
414 424 0.418105
414 514 0.753370
415 416 -1.084279
415 425 -2.523684
415 515 -0.933674
416 417 0.748526
416 426 0.604100
416 516 -0.633602
417 418 0.971810
417 427 -0.257957
417 517 -0.105540
418 419 0.988449
418 428 -1.083619
418 518 0.064752
419 410 -0.702836
419 429 -1.145702
419 519 0.424665
420 421 0.345011
420 430 -0.504566
420 520 -0.138711
421 422 -1.583291
421 431 0.044291
421 521 0.757329
422 423 -2.346620
422 432 0.980003
422 522 -0.280216
423 424 -0.774394
423 433 1.339971
423 523 -0.144249
424 425 1.105645
424 434 -0.026065
424 524 0.354189
425 426 1.184871
425 435 0.624742
425 525 1.055117
426 427 0.314256
426 436 -1.513921
426 526 -1.120015
427 428 -0.759422
427 437 -1.197391
427 527 -0.598273
428 429 -0.067479
428 438 1.030076
428 528 -0.633652
429 420 -0.151910
429 439 -0.481459
429 529 1.215912
430 431 -0.582884
430 440 -0.560604
430 530 0.474041
431 432 1.803196
431 441 1.400865
431 531 -0.351773
432 433 0.332431
432 442 1.023954
432 532 -1.827067
433 434 2.656763
433 443 1.334415
433 533 -2.079189
434 435 0.708782
434 444 0.430710
434 534 -0.704938
435 436 0.462156
435 445 0.000538
435 535 0.108267
436 437 0.044745
436 446 -2.794403
436 536 0.426071
437 438 -0.224050
437 447 -1.311903
437 537 1.194554
438 439 0.019658
438 448 -1.110223
438 538 -0.788503
439 430 -2.378734
439 449 1.703888
439 539 -0.659985
440 441 0.916667
440 450 -0.204045
440 540 2.168884
441 442 1.741767
441 451 0.260108
441 541 1.446797
442 443 -0.514213
442 452 -0.498880
442 542 0.856039
443 444 1.126802
443 453 -0.905381
443 543 -0.326404
444 445 -0.700666
444 454 -0.186899
444 544 1.309867
445 446 -0.489242
445 455 1.718671
445 545 0.495324
446 447 -0.239298
446 456 0.640522
446 546 0.041748
447 448 -0.145101
447 457 0.793613
447 547 -0.158578
448 449 1.633487
448 458 -0.373382
448 548 -0.575990
449 440 -1.502185
449 459 0.588496
449 549 -2.171014
450 451 -0.702669
450 460 -0.747043
450 550 -0.524819
451 452 -0.795739
451 461 -1.198289
451 551 1.325010
452 453 1.209336
452 462 0.462130
452 552 0.795980
453 454 0.092086
453 463 -0.750276
453 553 0.803636
454 455 -0.310981
454 464 0.760415
454 554 -1.898918
455 456 1.087544
455 465 -0.534154
455 555 0.149663
456 457 1.452629
456 466 -1.125388
456 556 -1.586678
457 458 -1.047561
457 467 -0.301382
457 557 0.428540
458 459 -0.482437
458 468 0.449704
458 558 -0.464067
459 450 1.091520
459 469 -2.443519
459 559 0.221232
460 461 -1.568013
460 470 -0.036806
460 560 -0.011148
461 462 0.869224
461 471 -0.230428
461 561 -0.825574
462 463 1.239269
462 472 1.260165
462 562 0.846320
463 464 -0.157097
463 473 -0.320751
463 563 -0.722949
464 465 -0.691140
464 474 1.104181
464 564 -1.143078
465 466 0.192465
465 475 -0.667245
465 565 0.201701
466 467 1.004320
466 476 -0.394622
466 566 -1.712591
467 468 -0.959302
467 477 3.262604
467 567 0.770659
468 469 -0.559000
468 478 1.647141
468 568 0.211749
469 460 0.897961
469 479 1.426501
469 569 -0.003748
470 471 -0.118980
470 480 1.747301
470 570 -0.096104
471 472 1.692704
471 481 -0.032901
471 571 -0.009081
472 473 -0.496528
472 482 -1.319157
472 572 0.793175
473 474 -1.064315
473 483 -0.425639
473 573 -0.594120
474 475 0.129532
474 484 -1.076420
474 574 1.160337
475 476 2.164234
475 485 -1.098309
475 575 0.021133
476 477 -0.947512
476 486 -0.667142
476 576 1.460543
477 478 -1.324211
477 487 -0.397072
477 577 -1.073263
478 479 -0.155905
478 488 -0.619409
478 578 1.532010
479 470 1.126575
479 489 0.308787
479 579 0.956610
480 481 -1.971722
480 490 -0.187299
480 580 -1.439006
481 482 -0.423401
481 491 -1.503530
481 581 0.710195
482 483 -0.429480
482 492 0.676458
482 582 1.007505
483 484 -0.882453
483 493 0.361869
483 583 0.783919
484 485 0.354782
484 494 0.746275
484 584 1.100264
485 486 1.435418
485 495 1.104008
485 585 -0.204342
486 487 -0.980120
486 496 0.126902
486 586 -0.098303
487 488 -0.166756
487 497 0.597798
487 587 0.549471
488 489 2.479584
488 498 -1.097056
488 588 1.516127
489 480 0.122906
489 499 0.133396
489 589 0.013586
490 491 -2.749224
490 400 1.896761
490 590 -0.755632
491 492 0.432993
491 401 -0.789325
491 591 1.382914
492 493 -0.196295
492 402 -0.285025
492 592 -0.279624
493 494 -1.378956
493 403 2.177449
493 593 -0.774382
494 495 -0.767613
494 404 -0.847313
494 594 -0.476225
495 496 0.082285
495 405 1.381380
495 595 -1.359053
496 497 -0.419100
496 406 -0.184131
496 596 -0.165965
497 498 -0.804085
497 407 0.227350
497 597 0.115936
498 499 0.578929
498 408 0.245812
498 598 0.689427
499 490 1.614645
499 409 -0.011144
499 599 0.619861
500 501 0.726453
500 510 1.424393
500 600 -2.015036
501 502 -1.395759
501 511 1.117512
501 601 -0.084367
502 503 -0.721938
502 512 -0.349461
502 602 0.748209
503 504 0.749080
503 513 0.599030
503 603 1.859399
504 505 -0.821823
504 514 -0.988076
504 604 -3.055146
505 506 0.829449
505 515 0.589800
505 605 1.955593
506 507 -0.216472
506 516 0.342952
506 606 -0.408726
507 508 -0.603905
507 517 0.333490
507 607 0.364177
508 509 -0.573263
508 518 -0.059773
508 608 -0.456448
509 500 2.142293
509 519 -0.557775
509 609 0.302163
510 511 -0.362359
510 520 0.650976
510 610 1.480128
511 512 -0.808693
511 521 0.069992
511 611 -2.692032
512 513 -0.108778
512 522 -0.922991
512 612 0.693946
513 514 -0.856305
513 523 0.369041
513 613 -0.568589
514 515 0.552941
514 524 0.588926
514 614 -0.317587
515 516 0.659844
515 525 0.327638
515 615 0.898065
516 517 1.260296
516 526 -0.018726
516 616 0.582159
517 518 0.603870
517 527 0.892394
517 617 -0.277415
518 519 0.810578
518 528 -1.612291
518 618 -0.965934
519 510 2.703107
519 529 -0.279625
519 619 -0.436152
520 521 0.784629
520 530 -0.366718
520 620 0.627582
521 522 -0.331167
521 531 -0.013766
521 621 0.419790
522 523 -0.971000
522 532 -0.467434
522 622 -0.102930
523 524 0.051676
523 533 -1.068293
523 623 -0.325437
524 525 -2.646013
524 534 -0.741234
524 624 -1.279897
525 526 -0.160799
525 535 0.157035
525 625 -0.808501
526 527 -1.733608
526 536 -1.504470
526 626 -0.874143
527 528 0.565840
527 537 -0.432389
527 627 0.284909
528 529 -0.743224
528 538 0.645003
528 628 -0.715700
529 520 -1.381286
529 539 -2.147753
529 629 -1.162606
530 531 -1.120905
530 540 -1.035109
530 630 -0.181892
531 532 -0.087988
531 541 0.640609
531 631 0.074309
532 533 -0.586942
532 542 -1.424331
532 632 -0.575351
533 534 0.382881
533 543 0.413972
533 633 0.410632
534 535 -0.764226
534 544 -0.355979
534 634 0.446236
535 536 -0.998516
535 545 0.899640
535 635 0.601436
536 537 -0.289803
536 546 0.797319
536 636 -0.317166
537 538 -1.699117
537 547 0.287017
537 637 -0.960163
538 539 0.588760
538 548 -0.134780
538 638 -1.382270
539 530 -2.085850
539 549 0.239086
539 639 0.121523
540 541 1.225802
540 550 -1.270143
540 640 -1.718641
541 542 0.173561
541 551 -1.122465
541 641 -0.930850
542 543 1.031248
542 552 0.399977
542 642 1.164702
543 544 -0.724706
543 553 -1.224761
543 643 0.847873
544 545 -0.630376
544 554 0.206180
544 644 0.679429
545 546 -0.463760
545 555 -2.093001
545 645 1.321901
546 547 2.433563
546 556 -0.883640
546 646 -1.191196
547 548 1.139965
547 557 1.078632
547 647 0.732368
548 549 0.478721
548 558 0.182689
548 648 -0.105898
549 540 0.765880
549 559 -1.587407
549 649 1.727724
550 551 0.225674
550 560 1.021327
550 650 -1.491016
551 552 1.548020
551 561 -1.336417
551 651 -1.650504
552 553 0.563282
552 562 -1.077615
552 652 -1.446655
553 554 1.165606
553 563 0.065352
553 653 1.783347
554 555 -0.960100
554 564 -0.438634
554 654 0.564144
555 556 0.369372
555 565 -0.347397
555 655 -0.831341
556 557 -0.701707
556 566 -0.988721
556 656 1.678967
557 558 0.836534
557 567 1.274770
557 657 2.182706
558 559 -0.087715
558 568 -0.475734
558 658 0.379420
559 550 -0.312773
559 569 -0.057247
559 659 -0.642403
560 561 -2.652938
560 570 -0.390933
560 660 -1.368209
561 562 -0.305323
561 571 0.322324
561 661 1.221470
562 563 1.090177
562 572 0.999216
562 662 0.801920
563 564 -1.628465
563 573 -0.296432
563 663 1.176028
564 565 1.352968
564 574 2.013622
564 664 -0.667264
565 566 1.518957
565 575 0.122451
565 665 -0.591028
566 567 0.486539
566 576 0.829133
566 666 0.719975
567 568 -0.323570
567 577 0.137064
567 667 0.538319
568 569 2.355007
568 578 -0.013238
568 668 -0.163692
569 560 -0.663063
569 579 -0.308839
569 669 -0.566372
570 571 -1.242464
570 580 -0.985061
570 670 0.169726
571 572 0.674682
571 581 1.572615
571 671 0.220381
572 573 -2.026830
572 582 -1.040929
572 672 -1.698091
573 574 -0.286946
573 583 1.332030
573 673 -0.922818
574 575 1.542357
574 584 -0.432646
574 674 1.808301
575 576 2.468581
575 585 1.096603
575 675 -0.156088
576 577 0.232005
576 586 -0.336642
576 676 -0.030562
577 578 0.386704
577 587 0.739577
577 677 -0.644764
578 579 0.147111
578 588 0.113750
578 678 0.682868
579 570 -0.672866
579 589 -0.412991
579 679 -1.033249
580 581 -2.401024
580 590 0.258405
580 680 0.119818
581 582 0.708335
581 591 -0.820740
581 681 -1.390713
582 583 -0.890668
582 592 -1.564801
582 682 0.434810
583 584 -0.925248
583 593 0.876532
583 683 0.866638
584 585 0.285134
584 594 0.701822
584 684 0.549493
585 586 -1.107005
585 595 0.215551
585 685 0.433450
586 587 -1.221481
586 596 0.183456
586 686 -1.104989
587 588 1.009696
587 597 0.501354
587 687 -0.465423
588 589 -0.037485
588 598 0.539211
588 688 -0.269103
589 580 0.055916
589 599 -0.245641
589 689 0.058977
590 591 1.192219
590 500 0.092164
590 690 1.405793
591 592 0.674930
591 501 -0.277470
591 691 -0.888562
592 593 -0.488436
592 502 -0.003508
592 692 1.236242
593 594 1.417953
593 503 -1.393289
593 693 0.938427
594 595 -0.345760
594 504 0.062499
594 694 -0.700561
595 596 1.943857
595 505 -0.551168
595 695 0.213032
596 597 -0.728489
596 506 1.114696
596 696 0.696791
597 598 -1.384398
597 507 0.187242
597 697 -1.081897
598 599 -1.149509
598 508 3.164774
598 698 -1.006305
599 590 0.365990
599 509 -1.217661
599 699 0.667217
600 601 0.095544
600 610 -1.322231
600 700 0.694372
601 602 -0.948784
601 611 1.005383
601 701 0.639700
602 603 0.470774
602 612 -0.325909
602 702 -0.508201
603 604 -1.729166
603 613 -0.520738
603 703 -0.054818
604 605 0.622555
604 614 -0.912784
604 704 -0.743635
605 606 0.412649
605 615 -1.554749
605 705 -0.518470
606 607 0.194636
606 616 0.079673
606 706 0.148071
607 608 -0.022599
607 617 0.850042
607 707 0.201562
608 609 -0.107626
608 618 -1.582792
608 708 -0.785276
609 600 0.683642
609 619 0.463055
609 709 -2.080883
610 611 0.905434
610 620 -0.777328
610 710 -0.046685
611 612 -0.167847
611 621 -0.085678
611 711 1.536114
612 613 1.922330
612 622 -1.039709
612 712 1.670400
613 614 -1.095302
613 623 -1.389832
613 713 -0.702218
614 615 -0.429380
614 624 -0.044113
614 714 0.257047
615 616 0.846419
615 625 1.142408
615 715 0.241428
616 617 2.314232
616 626 -0.075250
616 716 -1.997915
617 618 0.585458
617 627 0.033586
617 717 -0.561311
618 619 -0.602967
618 628 0.503753
618 718 0.090040
619 610 -1.390379
619 629 1.286561
619 719 0.243611
620 621 -1.176085
620 630 -0.215986
620 720 -1.941108
621 622 -0.428311
621 631 1.526739
621 721 -0.749155
622 623 0.188093
622 632 1.447458
622 722 1.455385
623 624 0.301768
623 633 -0.400153
623 723 -1.077395
624 625 -0.512679
624 634 -0.341365
624 724 -1.082677
625 626 0.668841
625 635 -0.025904
625 725 0.083838
626 627 -1.054738
626 636 -0.207095
626 726 -0.556833
627 628 0.721224
627 637 0.540304
627 727 -0.019981
628 629 -0.384748
628 638 -0.054724
628 728 0.174797
629 620 -0.050164
629 639 0.104941
629 729 1.253897
630 631 -0.518810
630 640 1.283398
630 730 -1.692676
631 632 -0.029598
631 641 -1.107327
631 731 -1.867239
632 633 1.083644
632 642 -0.040665
632 732 1.104383
633 634 0.138248
633 643 0.287784
633 733 1.165085
634 635 0.516012
634 644 -1.368597
634 734 2.791322
635 636 -0.552637
635 645 0.709430
635 735 -0.875174
636 637 0.118506
636 646 1.660331
636 736 0.659836
637 638 0.539804
637 647 0.869105
637 737 0.299075
638 639 0.876300
638 648 -0.104066
638 738 -0.671368
639 630 1.841502
639 649 -0.272474
639 739 -1.691332
640 641 0.011354
640 650 -1.465137
640 740 0.055840
641 642 -0.962184
641 651 0.956991
641 741 0.714766
642 643 1.183943
642 652 0.106324
642 742 0.819707
643 644 1.223866
643 653 0.112893
643 743 2.024421
644 645 -0.264919
644 654 0.392337
644 744 0.138378
645 646 0.848905
645 655 -0.628833
645 745 -2.083177
646 647 0.374962
646 656 0.051785
646 746 1.472659
647 648 0.659564
647 657 -0.609070
647 747 -0.158976
648 649 0.317158
648 658 -0.488036
648 748 -1.010581
649 640 -0.435765
649 659 0.897021
649 749 -0.450443
650 651 0.960059
650 660 0.739083
650 750 1.333127
651 652 -2.536063
651 661 -0.632720
651 751 0.128097
652 653 -0.373625
652 662 -1.007595
652 752 -0.422482
653 654 -0.521644
653 663 2.180794
653 753 -1.225925
654 655 0.757886
654 664 -1.194918
654 754 -0.495679
655 656 0.075415
655 665 -0.663838
655 755 -1.415525
656 657 0.415719
656 666 1.928369
656 756 -1.221017
657 658 -0.406039
657 667 1.395842
657 757 -0.292406
658 659 0.587083
658 668 0.796780
658 758 0.062675
659 650 -0.120361
659 669 0.518984
659 759 -0.481428
660 661 -0.051910
660 670 0.395360
660 760 -0.718331
661 662 -0.022034
661 671 -0.932096
661 761 0.318330
662 663 -0.802868
662 672 0.226843
662 762 0.217347
663 664 -0.769613
663 673 1.563717
663 763 0.487968
664 665 -0.963345
664 674 -0.302465
664 764 -0.190122
665 666 -1.213024
665 675 -0.297864
665 765 0.041508
666 667 0.105263
666 676 0.067747
666 766 0.483989
667 668 0.585150
667 677 0.936596
667 767 1.108073
668 669 0.228039
668 678 0.588992
668 768 0.511653
669 660 0.338478
669 679 0.540410
669 769 -0.489220
670 671 0.251346
670 680 0.068696
670 770 3.229110
671 672 -1.687550
671 681 -1.148256
671 771 1.178637
672 673 -2.345567
672 682 1.895562
672 772 -0.911385
673 674 1.010658
673 683 0.959893
673 773 -1.662075
674 675 -1.771068
674 684 -0.897240
674 774 0.228510
675 676 -0.345588
675 685 1.386821
675 775 0.756268
676 677 -0.064738
676 686 1.883524
676 776 0.611134
677 678 -0.110654
677 687 -1.712647
677 777 0.361081
678 679 0.956001
678 688 -0.662752
678 778 0.664893
679 670 -1.011083
679 689 -0.745693
679 779 -0.895579
680 681 -2.309621
680 690 0.919570
680 780 0.581721
681 682 0.292757
681 691 -0.500447
681 781 -0.862074
682 683 -0.056087
682 692 -0.888736
682 782 0.077202
683 684 0.644772
683 693 -0.528365
683 783 -2.838920
684 685 1.977637
684 694 0.133465
684 784 0.096151
685 686 0.814279
685 695 0.026398
685 785 1.361406
686 687 -1.786724
686 696 0.002389
686 786 -0.941715
687 688 1.196781
687 697 -0.965501
687 787 -0.146412
688 689 -0.717004
688 698 -0.362915
688 788 0.308240
689 680 0.944644
689 699 0.162680
689 789 0.287007
690 691 -0.568651
690 600 -0.256595
690 790 0.193131
691 692 0.734965
691 601 -0.919356
691 791 0.124430
692 693 -0.750331
692 602 1.277371
692 792 -0.953670
693 694 1.741684
693 603 -0.069303
693 793 0.122016
694 695 -0.685981
694 604 1.273719
694 794 0.223137
695 696 -1.040140
695 605 1.831851
695 795 -0.684940
696 697 1.360699
696 606 0.788949
696 796 -0.886504
697 698 0.750780
697 607 0.198809
697 797 -0.260154
698 699 -0.222116
698 608 1.279805
698 798 -0.756290
699 690 0.441633
699 609 -0.007243
699 799 -2.459135
700 701 -1.089358
700 710 1.288922
700 800 -1.891633
701 702 0.819236
701 711 2.578850
701 801 -0.311017
702 703 1.912501
702 712 -0.897463
702 802 0.622514
703 704 1.743642
703 713 -0.038972
703 803 -0.134758
704 705 -0.235473
704 714 -0.637441
704 804 0.474048
705 706 -0.026372
705 715 -0.056034
705 805 -1.733040
706 707 0.650483
706 716 -0.390010
706 806 0.673724
707 708 -1.499793
707 717 0.468663
707 807 -0.762756
708 709 0.522340
708 718 -1.898265
708 808 0.604023
709 700 -0.328479
709 719 -0.017792
709 809 0.192799
710 711 1.357867
710 720 -0.423418
710 810 0.576811
711 712 -0.409988
711 721 0.391310
711 811 1.648249
712 713 -0.450780
712 722 -0.783209
712 812 0.337411
713 714 -2.265810
713 723 0.346475
713 813 -0.482310
714 715 1.536327
714 724 -1.020201
714 814 0.011262
715 716 -0.248190
715 725 -2.619657
715 815 1.082459
716 717 -0.668145
716 726 -1.105726
716 816 -0.401656
717 718 -0.118555
717 727 -0.877600
717 817 -0.460272
718 719 0.758293
718 728 1.247677
718 818 0.241233
719 710 0.176911
719 729 -0.272816
719 819 -1.582745
720 721 0.513090
720 730 -0.052174
720 820 -1.207280
721 722 1.774233
721 731 -0.795361
721 821 0.518991
722 723 -1.374524
722 732 -0.004379
722 822 1.347804
723 724 -0.406547
723 733 -0.925622
723 823 1.802436
724 725 0.610362
724 734 -0.889106
724 824 0.628226
725 726 -1.573788
725 735 -1.615748
725 825 1.676390
726 727 -0.413143
726 736 0.147614
726 826 0.384090
727 728 1.116515
727 737 0.027798
727 827 0.004082
728 729 0.323465
728 738 -0.408387
728 828 -0.803233
729 720 -1.435777
729 739 -0.539303
729 829 -0.798846
730 731 0.934486
730 740 -0.622394
730 830 -1.859891
731 732 0.195218
731 741 0.130855
731 831 -1.490852
732 733 0.283639
732 742 -0.723137
732 832 -1.774351
733 734 1.076539
733 743 -1.115482
733 833 0.561090
734 735 0.476769
734 744 1.688459
734 834 -0.331818
735 736 -1.256139
735 745 -0.948383
735 835 0.705356
736 737 0.987061
736 746 0.570529
736 836 0.397795
737 738 -0.308904
737 747 1.273740
737 837 -1.461243
738 739 0.993914
738 748 -0.058200
738 838 0.004789
739 730 0.609986
739 749 -0.873191
739 839 0.875510
740 741 -0.861045
740 750 -0.385117
740 840 0.133057
741 742 1.378644
741 751 -0.215719
741 841 -1.299433
742 743 0.838018
742 752 2.619766
742 842 -0.909221
743 744 0.183481
743 753 1.062811
743 843 -0.619868
744 745 0.007430
744 754 -0.656727
744 844 -0.009088
745 746 -0.377523
745 755 1.049523
745 845 1.392207
746 747 -1.040538
746 756 0.666087
746 846 -0.053284
747 748 0.734282
747 757 2.210615
747 847 0.463240
748 749 -0.762680
748 758 -1.059256
748 848 1.488833
749 740 1.262691
749 759 1.821383
749 849 -0.339410
750 751 1.492936
750 760 -0.194904
750 850 0.426789
751 752 0.594432
751 761 -0.275590
751 851 -0.272411
752 753 -0.953806
752 762 0.571292
752 852 -0.855698
753 754 -0.376127
753 763 1.087422
753 853 -0.012836
754 755 -0.168400
754 764 -1.217351
754 854 -0.320524
755 756 -0.601215
755 765 0.700641
755 855 -0.656409
756 757 0.204666
756 766 -0.921433
756 856 -0.152872
757 758 -1.079684
757 767 1.032038
757 857 0.836424
758 759 0.796452
758 768 -0.919122
758 858 -0.778011
759 750 1.766935
759 769 -0.407662
759 859 0.486679
760 761 -0.315335
760 770 0.442009
760 860 -0.941464
761 762 0.311489
761 771 0.826610
761 861 0.046838
762 763 -0.363089
762 772 1.347418
762 862 -0.870686
763 764 1.224399
763 773 -0.146912
763 863 0.146378
764 765 0.271476
764 774 -0.523931
764 864 0.439526
765 766 -0.269044
765 775 -0.603481
765 865 -1.578278
766 767 -0.980860
766 776 -0.705136
766 866 1.469228
767 768 -1.984415
767 777 0.478831
767 867 -0.207451
768 769 1.412259
768 778 0.276584
768 868 1.860724
769 760 -0.440049
769 779 -0.397595
769 869 -1.538430
770 771 -0.514049
770 780 1.350343
770 870 -0.921545
771 772 -1.036941
771 781 -0.805150
771 871 1.401824
772 773 0.281520
772 782 -0.937386
772 872 -1.823926
773 774 -0.017448
773 783 0.009902
773 873 -0.627556
774 775 0.266525
774 784 1.072123
774 874 -1.771086
775 776 -0.365125
775 785 -0.070693
775 875 -0.882576
776 777 -0.737087
776 786 0.932664
776 876 2.765464
777 778 0.200423
777 787 -0.515399
777 877 0.502419
778 779 0.243455
778 788 -0.499607
778 878 0.507670
779 770 1.539163
779 789 0.176192
779 879 -2.740894
780 781 0.159942
780 790 -0.277698
780 880 0.775152
781 782 -0.339924
781 791 -0.313277
781 881 0.479794
782 783 -1.285239
782 792 -1.646243
782 882 0.860685
783 784 1.598298
783 793 0.359181
783 883 -0.460550
784 785 -0.534862
784 794 -0.596000
784 884 0.293026
785 786 -0.624756
785 795 0.653231
785 885 -1.419806
786 787 0.587203
786 796 -0.622488
786 886 1.575362
787 788 -1.545809
787 797 -0.705740
787 887 0.518698
788 789 -0.763533
788 798 -1.728896
788 888 1.527502
789 780 -2.641720
789 799 -1.064706
789 889 -0.177646
790 791 -1.664632
790 700 -0.095249
790 890 0.354182
791 792 2.181526
791 701 1.332225
791 891 1.454979
792 793 -0.220164
792 702 -0.464702
792 892 -0.198831
793 794 -0.510975
793 703 1.050652
793 893 1.332042
794 795 0.653678
794 704 -1.699688
794 894 -0.303630
795 796 -1.549098
795 705 -0.350382
795 895 1.880706
796 797 -0.791166
796 706 -1.058759
796 896 -1.063652
797 798 -0.809998
797 707 -1.641644
797 897 0.931637
798 799 0.327233
798 708 -0.372737
798 898 -0.463921
799 790 -0.000322
799 709 2.080663
799 899 -1.233399
800 801 1.267527
800 810 1.135373
800 900 0.600125
801 802 0.211711
801 811 0.936822
801 901 1.184126
802 803 0.215655
802 812 1.315377
802 902 0.260346
803 804 1.160838
803 813 -0.619466
803 903 0.472913
804 805 1.591295
804 814 1.516771
804 904 0.154752
805 806 0.920227
805 815 -1.159984
805 905 0.007222
806 807 -1.238400
806 816 0.647267
806 906 0.060015
807 808 -0.386429
807 817 0.528873
807 907 -0.690461
808 809 -0.304010
808 818 -0.162674
808 908 0.123169
809 800 -0.808658
809 819 -0.042939
809 909 0.836743
810 811 0.099205
810 820 0.405303
810 910 0.000602
811 812 -0.980820
811 821 0.751077
811 911 -1.456055
812 813 0.574616
812 822 0.115121
812 912 0.186651
813 814 0.783571
813 823 -0.077414
813 913 1.536117
814 815 -0.952311
814 824 -0.860884
814 914 1.216311
815 816 0.882319
815 825 -0.804818
815 915 -1.938229
816 817 -1.665281
816 826 -0.750327
816 916 -0.790219
817 818 0.216201
817 827 0.761657
817 917 -0.494606
818 819 -0.375192
818 828 -0.735071
818 918 0.162621
819 810 -1.778932
819 829 0.453699
819 919 0.797375
820 821 1.792428
820 830 -1.072498
820 920 0.674408
821 822 -1.332697
821 831 -0.374585
821 921 -1.047187
822 823 -0.415380
822 832 -0.369074
822 922 0.749389
823 824 1.330497
823 833 0.463225
823 923 0.080547
824 825 -0.982730
824 834 -0.001979
824 924 0.034995
825 826 0.105690
825 835 -1.456525
825 925 -0.828622
826 827 -1.665120
826 836 -0.067488
826 926 1.307667
827 828 0.518098
827 837 0.697698
827 927 1.175238
828 829 0.887107
828 838 -0.021581
828 928 1.742851
829 820 1.057503
829 839 0.877493
829 929 -0.740102
830 831 1.293635
830 840 -0.131220
830 930 -0.401511
831 832 1.054024
831 841 0.616010
831 931 -0.941415
832 833 -0.670751
832 842 0.296102
832 932 -0.770524
833 834 0.186525
833 843 0.705251
833 933 -0.214581
834 835 -1.132256
834 844 0.068286
834 934 0.500880
835 836 1.014211
835 845 -0.158608
835 935 -0.140197
836 837 -0.293084
836 846 -0.103132
836 936 0.273010
837 838 -0.183580
837 847 -1.872077
837 937 -1.603895
838 839 0.113576
838 848 0.591970
838 938 1.256831
839 830 -1.251037
839 849 0.446287
839 939 -0.456996
840 841 -0.721394
840 850 0.301170
840 940 -1.202042
841 842 0.216319
841 851 -0.217854
841 941 -0.373280
842 843 1.343220
842 852 -0.790158
842 942 0.260828
843 844 -0.950399
843 853 1.209695
843 943 -0.051054
844 845 0.596606
844 854 0.623119
844 944 1.216063
845 846 -0.662768
845 855 -0.793084
845 945 -0.582067
846 847 0.183745
846 856 0.160903
846 946 0.654201
847 848 -0.917136
847 857 0.260551
847 947 -0.525117
848 849 0.085377
848 858 1.106493
848 948 -0.586530
849 840 -1.334452
849 859 0.397561
849 949 0.134023
850 851 -0.312473
850 860 -1.106951
850 950 0.666497
851 852 0.184403
851 861 0.672756
851 951 0.452085
852 853 0.461800
852 862 -0.798853
852 952 0.483437
853 854 -1.582594
853 863 0.396236
853 953 1.571279
854 855 1.177179
854 864 0.426752
854 954 0.614254
855 856 0.339694
855 865 -1.889510
855 955 1.358262
856 857 -0.203096
856 866 0.230675
856 956 -0.825787
857 858 0.657722
857 867 -0.391635
857 957 -0.753235
858 859 -0.243527
858 868 1.243219
858 958 0.054999
859 850 -2.936622
859 869 -1.081228
859 959 0.161905
860 861 -0.128100
860 870 0.021426
860 960 -0.037388
861 862 -0.830363
861 871 0.311767
861 961 0.278502
862 863 0.494985
862 872 0.217538
862 962 -1.504413
863 864 0.930226
863 873 1.003891
863 963 1.016877
864 865 1.210750
864 874 -0.704877
864 964 -1.358652
865 866 1.660609
865 875 -0.947358
865 965 0.043244
866 867 -1.475657
866 876 0.463963
866 966 -0.159568
867 868 -1.121523
867 877 -1.036308
867 967 0.759361
868 869 -2.651379
868 878 0.928229
868 968 0.424300
869 860 -0.434292
869 879 0.776209
869 969 0.594912
870 871 -0.523944
870 880 0.170837
870 970 -0.226825
871 872 0.183778
871 881 -1.079384
871 971 -0.385194
872 873 0.045241
872 882 -0.813397
872 972 -0.211478
873 874 0.266058
873 883 -1.106999
873 973 1.766358
874 875 -0.151815
874 884 0.722301
874 974 -0.037882
875 876 -0.623287
875 885 -0.611500
875 975 -0.370588
876 877 -0.386273
876 886 -0.447304
876 976 0.474339
877 878 -0.133905
877 887 -1.131650
877 977 1.569591
878 879 0.114066
878 888 -0.005821
878 978 1.617512
879 870 0.309307
879 889 -0.148112
879 979 -0.497938
880 881 1.350132
880 890 0.009863
880 980 -0.439068
881 882 -0.058686
881 891 0.862629
881 981 1.474687
882 883 0.818736
882 892 1.330459
882 982 0.104919
883 884 -1.242701
883 893 -1.536455
883 983 0.606020
884 885 0.129705
884 894 -0.175843
884 984 1.498257
885 886 0.369462
885 895 0.270485
885 985 -1.195136
886 887 0.411823
886 896 0.519813
886 986 0.393071
887 888 1.072301
887 897 1.081147
887 987 -0.173205
888 889 -0.778642
888 898 -1.096584
888 988 0.320282
889 880 -0.624454
889 899 -2.291833
889 989 0.835671
890 891 0.385967
890 800 -0.784773
890 990 -0.730730
891 892 0.774209
891 801 0.915384
891 991 -0.958444
892 893 -0.756036
892 802 0.512110
892 992 0.448748
893 894 0.495503
893 803 -1.867309
893 993 -2.712951
894 895 -1.349062
894 804 0.625877
894 994 0.413785
895 896 0.759376
895 805 0.351460
895 995 -0.080922
896 897 -2.778804
896 806 -0.318023
896 996 -0.318198
897 898 1.612924
897 807 -1.028182
897 997 -0.316541
898 899 1.095696
898 808 0.880878
898 998 -0.724730
899 890 1.677285
899 809 -1.070694
899 999 -0.379876
900 901 0.601376
900 910 -0.035887
900 0 -0.408528
901 902 0.330054
901 911 -1.501573
901 1 -0.046717
902 903 -0.136003
902 912 1.231791
902 2 0.059367
903 904 1.531662
903 913 -0.547982
903 3 -0.953309
904 905 0.138154
904 914 -0.441420
904 4 -0.752852
905 906 0.447457
905 915 -0.419296
905 5 -0.577663
906 907 -0.053469
906 916 1.974751
906 6 0.536785
907 908 0.311484
907 917 0.354274
907 7 -0.185456
908 909 -0.288230
908 918 0.823956
908 8 0.141378
909 900 1.058883
909 919 -0.061113
909 9 0.498754
910 911 0.946101
910 920 -1.091577
910 10 -0.302724
911 912 0.867746
911 921 -1.494766
911 11 1.128131
912 913 0.533387
912 922 -0.007309
912 12 -0.900468
913 914 -0.955336
913 923 1.439908
913 13 -1.290976
914 915 0.310847
914 924 1.721544
914 14 0.821864
915 916 1.028977
915 925 -0.249443
915 15 -0.411508
916 917 -0.822032
916 926 -1.184646
916 16 -0.021577
917 918 3.121161
917 927 1.339349
917 17 -1.133640
918 919 -0.846586
918 928 -0.983244
918 18 0.336222
919 910 -0.932936
919 929 -0.412229
919 19 0.364057
920 921 0.818590
920 930 2.913769
920 20 0.131803
921 922 -1.518317
921 931 -1.479574
921 21 1.885455
922 923 0.146035
922 932 1.104532
922 22 0.706055
923 924 -0.178060
923 933 0.215144
923 23 1.406402
924 925 -1.973041
924 934 -0.295063
924 24 -0.981895
925 926 0.344016
925 935 0.871423
925 25 -0.105509
926 927 0.818023
926 936 -1.117046
926 26 0.139733
927 928 -0.731332
927 937 -0.876828
927 27 0.145108
928 929 -0.417764
928 938 -1.103183
928 28 -1.605728
929 920 1.384487
929 939 -0.490618
929 29 0.666462
930 931 0.588487
930 940 0.260870
930 30 -1.465943
931 932 -0.571305
931 941 0.674717
931 31 -0.627419
932 933 0.844876
932 942 -0.695544
932 32 0.039499
933 934 -0.316643
933 943 0.352708
933 33 -0.475177
934 935 -0.012871
934 944 0.050731
934 34 -0.373582
935 936 -1.152392
935 945 -1.582791
935 35 -1.451970
936 937 -0.938776
936 946 -3.264494
936 36 1.580765
937 938 -1.385210
937 947 -0.557419
937 37 -1.833389
938 939 0.208932
938 948 -2.024998
938 38 -0.142338
939 930 0.858522
939 949 0.611252
939 39 0.381570
940 941 1.046890
940 950 0.941640
940 40 0.678718
941 942 0.181508
941 951 -0.367093
941 41 0.330640
942 943 1.730296
942 952 -1.074579
942 42 1.046860
943 944 0.424395
943 953 -0.620764
943 43 0.539621
944 945 -1.507763
944 954 -1.620520
944 44 0.700053
945 946 -0.086751
945 955 -0.753559
945 45 -0.503407
946 947 0.128086
946 956 -1.521866
946 46 0.678001
947 948 0.452834
947 957 -0.434983
947 47 -0.604217
948 949 0.362392
948 958 -0.552424
948 48 1.105188
949 940 0.766695
949 959 -0.249946
949 49 1.926332
950 951 -0.693776
950 960 -0.791216
950 50 -0.754217
951 952 -0.401783
951 961 0.146172
951 51 -0.381071
952 953 0.272826
952 962 -1.154435
952 52 -0.578308
953 954 0.017847
953 963 -0.077327
953 53 0.569235
954 955 -0.022177
954 964 -1.318633
954 54 -0.187824
955 956 0.145748
955 965 1.380368
955 55 -2.268007
956 957 -0.906104
956 966 -0.961938
956 56 1.320345
957 958 0.255844
957 967 0.264441
957 57 -1.038544
958 959 -1.180232
958 968 2.067104
958 58 -0.025963
959 950 -1.923050
959 969 1.211907
959 59 0.033618
960 961 -2.264576
960 970 -2.174047
960 60 -1.362967
961 962 -1.416796
961 971 1.477449
961 61 -0.166804
962 963 0.138627
962 972 1.010922
962 62 -1.853161
963 964 -0.487151
963 973 -0.895157
963 63 -0.031475
964 965 -0.430053
964 974 -0.334714
964 64 1.517996
965 966 0.691161
965 975 -0.230986
965 65 -1.368978
966 967 -1.397772
966 976 0.166507
966 66 -0.559035
967 968 0.227289
967 977 0.574087
967 67 0.039485
968 969 0.031050
968 978 1.956506
968 68 -0.443549
969 960 0.276903
969 979 -1.763765
969 69 -0.040604
970 971 -0.048292
970 980 -0.486945
970 70 -0.491557
971 972 0.660419
971 981 -0.805609
971 71 0.050247
972 973 -0.484958
972 982 -0.339366
972 72 -0.618562
973 974 0.254760
973 983 -0.875519
973 73 -1.730234
974 975 0.199152
974 984 0.832678
974 74 0.991065
975 976 1.853176
975 985 -0.698434
975 75 -0.003758
976 977 0.123288
976 986 1.396483
976 76 2.272109
977 978 1.242689
977 987 1.708001
977 77 -1.051254
978 979 -0.883337
978 988 2.654828
978 78 0.716769
979 970 1.000630
979 989 1.156249
979 79 0.230619
980 981 -0.428415
980 990 -0.988344
980 80 1.911238
981 982 -2.656970
981 991 -0.137405
981 81 0.176384
982 983 -0.494382
982 992 -0.764569
982 82 -0.376388
983 984 0.108889
983 993 -1.112569
983 83 -0.770837
984 985 -0.123606
984 994 -2.770825
984 84 -0.810755
985 986 1.657345
985 995 -0.568617
985 85 -0.511741
986 987 -0.007750
986 996 -0.959480
986 86 -1.576371
987 988 -0.283393
987 997 0.264061
987 87 -1.501402
988 989 0.831201
988 998 -0.176068
988 88 0.249338
989 980 0.730993
989 999 -0.134551
989 89 -0.616396
990 991 0.064844
990 900 -0.221076
990 90 -0.928812
991 992 0.355839
991 901 -0.378804
991 91 1.849543
992 993 0.803734
992 902 -0.736371
992 92 -0.973151
993 994 0.527896
993 903 -0.825902
993 93 0.660923
994 995 -1.206956
994 904 -1.838460
994 94 -0.216017
995 996 2.191494
995 905 -1.017002
995 95 0.366394
996 997 0.261143
996 906 0.748461
996 96 -0.632116
997 998 -0.037547
997 907 -0.998118
997 97 -0.298377
998 999 -0.864977
998 908 -0.767770
998 98 -0.268457
999 990 -0.745487
999 909 -0.881410
999 99 -1.015592
