0 1 0.144396
0 10 -0.308116
0 100 0.506681
1 2 -1.025856
1 11 -1.245178
1 101 -0.536311
2 3 0.621186
2 12 0.111429
2 102 1.762249
3 4 0.638722
3 13 1.269811
3 103 1.396856
4 5 -0.149182
4 14 1.205280
4 104 0.164890
5 6 0.943632
5 15 0.724250
5 105 -0.868191
6 7 0.243500
6 16 1.284345
6 106 0.836491
7 8 0.467318
7 17 0.266811
7 107 1.612568
8 9 0.419656
8 18 -0.246995
8 108 0.888785
9 0 0.780082
9 19 -1.025613
9 109 -0.766038
10 11 -1.165617
10 20 1.494938
10 110 -0.570762
11 12 0.273862
11 21 2.101702
11 111 1.051757
12 13 -0.422780
12 22 1.102301
12 112 0.203899
13 14 0.652344
13 23 -0.789908
13 113 -1.222599
14 15 0.066176
14 24 0.081670
14 114 1.287409
15 16 -1.062816
15 25 1.711100
15 115 0.726502
16 17 0.122104
16 26 0.795106
16 116 -0.025463
17 18 -1.962283
17 27 -1.453351
17 117 1.948071
18 19 0.143081
18 28 -0.418256
18 118 -0.741133
19 10 0.396439
19 29 0.123661
19 119 0.795599
20 21 0.175363
20 30 0.935726
20 120 1.236608
21 22 -0.107502
21 31 -1.424698
21 121 -1.116260
22 23 -0.324327
22 32 -0.559963
22 122 0.805406
23 24 -2.020193
23 33 1.349435
23 123 -0.012027
24 25 1.103207
24 34 0.063138
24 124 0.526697
25 26 -1.394865
25 35 1.624835
25 125 1.886989
26 27 0.006453
26 36 -0.015833
26 126 -1.551191
27 28 0.801265
27 37 0.110766
27 127 -0.524614
28 29 0.711749
28 38 0.039545
28 128 0.236805
29 20 -0.100132
29 39 -0.956459
29 129 -0.195488
30 31 0.039096
30 40 -0.126706
30 130 0.495628
31 32 -0.751908
31 41 -1.342827
31 131 0.804500
32 33 0.142599
32 42 -0.033360
32 132 1.563525
33 34 -0.616059
33 43 0.110616
33 133 0.785661
34 35 -0.084464
34 44 -1.323377
34 134 -0.894738
35 36 0.822117
35 45 0.094780
35 135 -1.419750
36 37 0.105333
36 46 0.581462
36 136 0.423924
37 38 0.851801
37 47 -0.392102
37 137 0.229904
38 39 1.042125
38 48 1.038060
38 138 3.099090
39 30 -1.071085
39 49 -0.926110
39 139 -1.341465
40 41 0.338719
40 50 -1.094564
40 140 1.288020
41 42 0.903145
41 51 -0.275846
41 141 0.276077
42 43 0.524418
42 52 0.458273
42 142 -0.762386
43 44 0.396897
43 53 0.260928
43 143 0.225738
44 45 -0.484198
44 54 1.755130
44 144 0.534620
45 46 1.528686
45 55 -0.191805
45 145 1.931093
46 47 -2.129069
46 56 0.366639
46 146 0.557247
47 48 1.600136
47 57 -1.603796
47 147 1.115898
48 49 0.183672
48 58 0.636732
48 148 -0.576239
49 40 2.055167
49 59 0.074559
49 149 -1.406402
50 51 -1.054076
50 60 -1.407931
50 150 2.304665
51 52 -0.374087
51 61 0.683828
51 151 -0.033947
52 53 0.092322
52 62 0.526165
52 152 -0.322900
53 54 -0.601711
53 63 0.552872
53 153 -1.253831
54 55 -1.364745
54 64 -1.471382
54 154 -0.440831
55 56 -0.663277
55 65 1.416710
55 155 -1.534312
56 57 -1.408322
56 66 -0.796707
56 156 -1.936887
57 58 1.705198
57 67 -1.875147
57 157 -0.103813
58 59 -1.772975
58 68 0.963022
58 158 -0.234696
59 50 -0.150955
59 69 -1.293918
59 159 -0.626662
60 61 0.089465
60 70 0.465812
60 160 -1.357024
61 62 0.724463
61 71 0.274883
61 161 -0.432839
62 63 0.862871
62 72 0.554495
62 162 0.755232
63 64 0.840427
63 73 1.084591
63 163 -0.748222
64 65 1.062828
64 74 0.458202
64 164 -0.499413
65 66 -1.231686
65 75 0.697768
65 165 0.570127
66 67 -0.997207
66 76 -0.041753
66 166 1.217998
67 68 -1.628571
67 77 0.168808
67 167 -0.172824
68 69 0.123213
68 78 -1.026149
68 168 -0.043598
69 60 1.824147
69 79 -0.074478
69 169 0.327563
70 71 0.838493
70 80 1.015713
70 170 1.200299
71 72 0.571213
71 81 -0.232677
71 171 -1.650799
72 73 -1.103087
72 82 0.190592
72 172 0.495455
73 74 -0.221969
73 83 -1.176777
73 173 -0.279899
74 75 -2.213988
74 84 0.161381
74 174 0.085869
75 76 -1.388605
75 85 -0.969239
75 175 1.164861
76 77 -0.582707
76 86 -1.870581
76 176 -0.147229
77 78 1.425784
77 87 0.870042
77 177 -0.822878
78 79 -0.341384
78 88 -0.116090
78 178 2.055575
79 70 -0.991176
79 89 -0.239271
79 179 -0.755490
80 81 -1.714062
80 90 0.755257
80 180 -1.317946
81 82 -0.389840
81 91 -1.527066
81 181 -1.436120
82 83 -0.042243
82 92 -0.198798
82 182 -0.931352
83 84 0.842012
83 93 -1.332208
83 183 -0.506604
84 85 -0.191243
84 94 -0.963465
84 184 0.496646
85 86 0.299522
85 95 0.563442
85 185 -1.330537
86 87 -1.524851
86 96 1.112715
86 186 0.883391
87 88 1.979773
87 97 -0.274418
87 187 0.380656
88 89 -2.095275
88 98 -0.929989
88 188 0.445756
89 80 0.742439
89 99 -0.876245
89 189 -0.415835
90 91 0.563132
90 0 -0.133125
90 190 0.372600
91 92 -0.887066
91 1 -0.166965
91 191 0.625483
92 93 0.903136
92 2 -0.332623
92 192 1.893512
93 94 -0.129253
93 3 0.816133
93 193 1.605471
94 95 0.450775
94 4 1.073793
94 194 2.372860
95 96 -1.061788
95 5 -2.873483
95 195 -0.135659
96 97 0.136726
96 6 -1.207619
96 196 -1.496018
97 98 -0.627630
97 7 1.553988
97 197 1.245571
98 99 -1.116013
98 8 -0.147315
98 198 0.944310
99 90 -2.132708
99 9 0.723383
99 199 2.248165
100 101 -1.495522
100 110 0.198579
100 200 -1.115189
101 102 -1.148543
101 111 -0.950482
101 201 -1.295955
102 103 0.105587
102 112 -0.447422
102 202 0.169969
103 104 0.556100
103 113 -1.133874
103 203 0.959955
104 105 -1.431317
104 114 -0.232724
104 204 1.215483
105 106 -0.049623
105 115 -0.499907
105 205 -0.243037
106 107 0.576287
106 116 0.647022
106 206 -2.116684
107 108 1.514021
107 117 -1.321904
107 207 0.288762
108 109 -1.265243
108 118 -1.509355
108 208 -1.285565
109 100 -1.513169
109 119 -0.766895
109 209 2.292832
110 111 -1.247978
110 120 -1.586061
110 210 0.846615
111 112 -0.443513
111 121 -0.853043
111 211 0.056966
112 113 -1.274271
112 122 1.374589
112 212 0.366161
113 114 2.220899
113 123 1.619283
113 213 -0.779252
114 115 -0.720531
114 124 0.097315
114 214 -1.682646
115 116 0.608123
115 125 0.607146
115 215 -0.681308
116 117 -2.252839
116 126 -2.301342
116 216 0.656408
117 118 -0.784301
117 127 -0.519163
117 217 -0.777653
118 119 -0.380490
118 128 -0.351161
118 218 1.038552
119 110 0.776166
119 129 0.659820
119 219 -1.565275
120 121 0.788913
120 130 1.702955
120 220 2.358510
121 122 0.808262
121 131 -0.362225
121 221 0.169956
122 123 0.439839
122 132 1.235367
122 222 0.228167
123 124 -0.902873
123 133 0.470766
123 223 -0.294172
124 125 0.517261
124 134 0.546921
124 224 -0.991329
125 126 -0.992480
125 135 -0.372128
125 225 -0.261455
126 127 0.933017
126 136 -0.211401
126 226 -0.064280
127 128 1.198337
127 137 -1.329294
127 227 0.777779
128 129 -0.384622
128 138 -1.238638
128 228 -0.955592
129 120 -1.625711
129 139 -1.367485
129 229 0.636749
130 131 -1.571735
130 140 0.041111
130 230 0.936389
131 132 0.929002
131 141 -0.931126
131 231 0.810325
132 133 0.308023
132 142 -1.744397
132 232 0.852116
133 134 -0.553039
133 143 1.125406
133 233 0.799241
134 135 0.386737
134 144 -1.685877
134 234 1.497344
135 136 -0.407297
135 145 0.084376
135 235 -0.701202
136 137 -0.608141
136 146 -0.225336
136 236 -3.016041
137 138 0.153980
137 147 -0.694132
137 237 1.133742
138 139 -0.545467
138 148 0.464943
138 238 -1.256781
139 130 -0.135400
139 149 -1.108355
139 239 -0.446613
140 141 -0.279765
140 150 0.545256
140 240 -2.123312
141 142 0.218408
141 151 0.480173
141 241 -1.607771
142 143 -1.527621
142 152 1.040808
142 242 -0.160759
143 144 -1.083993
143 153 -1.187425
143 243 -0.342982
144 145 0.291958
144 154 1.095903
144 244 1.226166
145 146 -1.142374
145 155 -0.247857
145 245 0.370784
146 147 0.027626
146 156 -0.730976
146 246 -0.739004
147 148 1.082133
147 157 0.451908
147 247 0.561801
148 149 0.679742
148 158 -0.706632
148 248 0.361885
149 140 0.746276
149 159 2.944612
149 249 0.702234
150 151 -0.471256
150 160 -0.901134
150 250 -0.144514
151 152 -0.656405
151 161 -1.418267
151 251 -0.017666
152 153 0.357342
152 162 0.207397
152 252 0.093617
153 154 0.409866
153 163 -0.861243
153 253 1.445479
154 155 -0.020739
154 164 -0.383122
154 254 0.347083
155 156 -0.973894
155 165 0.051749
155 255 0.683287
156 157 0.333313
156 166 0.862486
156 256 1.544474
157 158 0.131367
157 167 -1.081865
157 257 -1.105052
158 159 1.978481
158 168 -0.474934
158 258 0.297183
159 150 0.112949
159 169 -0.744775
159 259 0.094924
160 161 0.763736
160 170 0.792738
160 260 1.103261
161 162 -0.721941
161 171 -0.861351
161 261 -1.330541
162 163 0.242250
162 172 0.221941
162 262 -0.585532
163 164 -0.759831
163 173 0.579357
163 263 -1.028610
164 165 -0.933142
164 174 -1.441482
164 264 0.470381
165 166 -0.583792
165 175 -1.559096
165 265 -0.864644
166 167 0.935371
166 176 -1.082274
166 266 -1.837435
167 168 0.457419
167 177 0.658792
167 267 -0.606750
168 169 -1.727278
168 178 1.138425
168 268 0.732680
169 160 -1.058180
169 179 -1.739362
169 269 -0.551093
170 171 0.052138
170 180 -0.044587
170 270 -0.670915
171 172 -1.197909
171 181 0.315943
171 271 -0.028279
172 173 -0.061514
172 182 -0.386716
172 272 -1.488396
173 174 0.108407
173 183 0.578734
173 273 -0.990584
174 175 -1.066865
174 184 1.074862
174 274 -0.223095
175 176 0.228767
175 185 0.736979
175 275 0.115779
176 177 -1.782162
176 186 -1.814710
176 276 -0.199599
177 178 -0.778504
177 187 -0.294825
177 277 -0.731061
178 179 -1.611266
178 188 0.695073
178 278 0.315472
179 170 0.053942
179 189 -0.849532
179 279 0.362614
180 181 0.226076
180 190 0.457341
180 280 -3.094292
181 182 1.112108
181 191 -0.382064
181 281 -1.044080
182 183 0.373966
182 192 0.942266
182 282 0.469908
183 184 2.207640
183 193 1.082865
183 283 0.837380
184 185 0.318172
184 194 -2.415822
184 284 0.944007
185 186 -0.207968
185 195 -0.303968
185 285 1.265089
186 187 0.269304
186 196 1.795902
186 286 -0.413771
187 188 -0.909980
187 197 -0.133410
187 287 -0.022611
188 189 -0.599009
188 198 -1.509068
188 288 0.258809
189 180 -0.149268
189 199 -0.416302
189 289 0.654519
190 191 0.105108
190 100 -0.885088
190 290 -1.679874
191 192 -2.066413
191 101 2.488314
191 291 0.443862
192 193 -0.827675
192 102 -1.718198
192 292 -1.978253
193 194 0.061218
193 103 -0.165393
193 293 0.898768
194 195 0.582412
194 104 1.058684
194 294 0.940893
195 196 -1.366766
195 105 -0.638510
195 295 0.319335
196 197 -1.778904
196 106 -2.548682
196 296 -1.058313
197 198 -1.140963
197 107 -0.087099
197 297 -0.951560
198 199 0.079237
198 108 -0.051118
198 298 -0.768408
199 190 0.813622
199 109 0.112864
199 299 0.448431
200 201 0.910011
200 210 0.242890
200 300 -1.183042
201 202 1.047994
201 211 0.609012
201 301 1.036001
202 203 0.055697
202 212 0.005084
202 302 0.503568
203 204 -1.205067
203 213 0.905317
203 303 -0.309543
204 205 -0.465237
204 214 0.622512
204 304 -0.361440
205 206 -0.092377
205 215 0.131225
205 305 0.340639
206 207 0.650191
206 216 -1.378139
206 306 0.254123
207 208 -0.208617
207 217 -0.409476
207 307 0.535370
208 209 -0.092803
208 218 0.076557
208 308 -0.084441
209 200 -0.744811
209 219 -1.305695
209 309 -1.472768
210 211 -1.074715
210 220 -0.200908
210 310 -0.189488
211 212 1.546911
211 221 -0.992808
211 311 -0.595815
212 213 0.245759
212 222 -0.856328
212 312 -0.991207
213 214 0.286002
213 223 -1.210718
213 313 -0.143687
214 215 0.282389
214 224 -0.219319
214 314 0.166783
215 216 1.162912
215 225 0.618354
215 315 -0.069003
216 217 -0.581801
216 226 1.717224
216 316 0.458941
217 218 1.288762
217 227 0.359771
217 317 1.915163
218 219 1.476099
218 228 0.888122
218 318 1.013513
219 210 0.416850
219 229 0.029487
219 319 0.406594
220 221 -0.061132
220 230 0.282280
220 320 0.760082
221 222 1.935148
221 231 -1.309252
221 321 0.136470
222 223 -1.339021
222 232 0.644086
222 322 -0.425146
223 224 0.724354
223 233 -1.578952
223 323 -1.813084
224 225 -1.448184
224 234 0.572429
224 324 -0.173951
225 226 0.597241
225 235 0.401248
225 325 -0.175180
226 227 0.507889
226 236 0.150870
226 326 0.043823
227 228 1.161722
227 237 3.211517
227 327 0.496211
228 229 -1.475201
228 238 -0.261882
228 328 -1.574880
229 220 -0.121101
229 239 -0.772573
229 329 -1.656447
230 231 -0.892929
230 240 0.048375
230 330 0.112254
231 232 0.638603
231 241 -0.792033
231 331 -1.075580
232 233 1.517084
232 242 0.943674
232 332 -0.358279
233 234 0.574418
233 243 -1.625416
233 333 0.415109
234 235 2.130052
234 244 0.707385
234 334 1.324497
235 236 2.222122
235 245 -0.615342
235 335 -0.890021
236 237 1.429181
236 246 1.276620
236 336 1.588666
237 238 -0.331713
237 247 -0.815843
237 337 0.135580
238 239 -0.956463
238 248 -0.749982
238 338 0.561403
239 230 -1.507496
239 249 1.171589
239 339 0.544342
240 241 0.642484
240 250 2.622446
240 340 -0.557739
241 242 0.744150
241 251 0.500056
241 341 0.587568
242 243 0.067923
242 252 -0.436054
242 342 -0.808393
243 244 -0.226392
243 253 0.571940
243 343 1.004029
244 245 1.760218
244 254 1.258881
244 344 0.432164
245 246 0.563821
245 255 0.745627
245 345 -0.123504
246 247 -0.805919
246 256 -2.044005
246 346 0.360555
247 248 -0.281835
247 257 0.156904
247 347 -0.807674
248 249 0.315889
248 258 -0.721069
248 348 -0.157866
249 240 -0.575801
249 259 -0.822140
249 349 -0.425808
250 251 -1.208923
250 260 -1.930962
250 350 0.635943
251 252 -0.155495
251 261 0.091931
251 351 -0.236087
252 253 -1.138397
252 262 1.175415
252 352 -0.749530
253 254 -1.807438
253 263 -1.152438
253 353 0.227830
254 255 -1.236817
254 264 0.301812
254 354 0.798170
255 256 -0.598524
255 265 -1.852331
255 355 1.368683
256 257 -2.011878
256 266 0.587019
256 356 -1.261326
257 258 0.309909
257 267 -0.831580
257 357 0.086749
258 259 0.261662
258 268 1.733164
258 358 0.156857
259 250 -0.377421
259 269 1.821636
259 359 -1.595776
260 261 2.253954
260 270 -2.225961
260 360 -1.030278
261 262 -0.116166
261 271 0.425094
261 361 1.902002
262 263 0.739877
262 272 1.356741
262 362 0.476449
263 264 -0.135304
263 273 -0.870458
263 363 -0.597532
264 265 -0.030424
264 274 1.656256
264 364 0.378405
265 266 1.314729
265 275 1.166926
265 365 -1.238405
266 267 -0.278181
266 276 -0.867361
266 366 0.935697
267 268 0.159973
267 277 0.242150
267 367 -0.406164
268 269 0.344001
268 278 -0.915366
268 368 0.986596
269 260 -1.912257
269 279 0.769763
269 369 0.727935
270 271 1.315244
270 280 -0.307413
270 370 0.559372
271 272 0.565161
271 281 -0.222936
271 371 -1.094722
272 273 -0.310547
272 282 0.905309
272 372 0.626385
273 274 -0.681480
273 283 -0.310030
273 373 -0.201357
274 275 1.812845
274 284 0.874796
274 374 2.086373
275 276 1.052853
275 285 -1.097679
275 375 -0.083022
276 277 -0.047823
276 286 -0.229176
276 376 -0.237864
277 278 1.454537
277 287 -0.774716
277 377 -0.910349
278 279 1.548834
278 288 0.764232
278 378 0.811318
279 270 -1.517333
279 289 0.106555
279 379 -1.042152
280 281 -1.326240
280 290 -1.905416
280 380 0.521879
281 282 0.102578
281 291 -0.739704
281 381 -1.850972
282 283 -0.261895
282 292 -0.103061
282 382 0.802589
283 284 0.917259
283 293 -0.124348
283 383 -0.009114
284 285 -1.269754
284 294 0.990790
284 384 -0.595365
285 286 1.057095
285 295 0.834518
285 385 -1.166749
286 287 -0.954374
286 296 0.317734
286 386 -0.501990
287 288 -0.774704
287 297 1.426099
287 387 -0.302994
288 289 0.202403
288 298 0.093794
288 388 0.779150
289 280 0.472468
289 299 0.045176
289 389 -0.026343
290 291 -1.758397
290 200 -1.265540
290 390 -1.824732
291 292 0.947623
291 201 -0.159596
291 391 -0.050749
292 293 1.405787
292 202 0.698497
292 392 0.208118
293 294 -0.964808
293 203 0.034300
293 393 -0.531045
294 295 -2.371098
294 204 0.284479
294 394 -1.055307
295 296 0.456156
295 205 -2.034661
295 395 -0.435859
296 297 1.457677
296 206 1.751949
296 396 1.611926
297 298 -0.919000
297 207 -1.173823
297 397 1.729210
298 299 0.397015
298 208 2.412278
298 398 0.254549
299 290 -0.869646
299 209 -1.090538
299 399 0.782451
300 301 0.588249
300 310 -0.343557
300 400 -0.533844
301 302 0.207116
301 311 -1.115197
301 401 0.032656
302 303 2.138359
302 312 0.919945
302 402 1.352182
303 304 -0.498237
303 313 -1.511740
303 403 1.277898
304 305 -0.241602
304 314 0.119040
304 404 -1.595598
305 306 0.766460
305 315 0.707772
305 405 1.385130
306 307 -1.847568
306 316 -0.698500
306 406 0.307606
307 308 0.879301
307 317 1.996164
307 407 -0.152883
308 309 0.861655
308 318 1.257300
308 408 0.157973
309 300 0.157059
309 319 0.488501
309 409 -0.513133
310 311 -0.378026
310 320 0.187395
310 410 0.843122
311 312 -1.013479
311 321 -1.523175
311 411 -2.147260
312 313 -0.111613
312 322 -0.586781
312 412 -0.468176
313 314 -1.783627
313 323 0.701459
313 413 0.667071
314 315 -0.445575
314 324 0.959294
314 414 -0.553228
315 316 -0.411710
315 325 1.440235
315 415 0.811353
316 317 1.165260
316 326 0.854685
316 416 -1.115565
317 318 -3.238246
317 327 2.413500
317 417 1.112497
318 319 0.065910
318 328 -2.615590
318 418 -1.724410
319 310 -0.213964
319 329 0.496742
319 419 -0.602027
320 321 -0.278405
320 330 -0.891809
320 420 -1.340350
321 322 -1.384959
321 331 2.922615
321 421 1.110919
322 323 0.171389
322 332 -0.552003
322 422 -1.083370
323 324 -0.036969
323 333 0.885292
323 423 -0.269201
324 325 0.083615
324 334 -1.547103
324 424 1.645379
325 326 -0.089270
325 335 -0.543361
325 425 -0.096957
326 327 -0.666288
326 336 1.469336
326 426 -0.696949
327 328 -0.454109
327 337 -2.520239
327 427 0.335087
328 329 1.115453
328 338 -0.787417
328 428 -0.206201
329 320 -2.407051
329 339 -0.208600
329 429 -0.823889
330 331 -0.263343
330 340 1.365504
330 430 -3.843475
331 332 1.030618
331 341 2.558677
331 431 2.438436
332 333 -0.081984
332 342 -0.383828
332 432 -0.182983
333 334 1.978346
333 343 -0.313427
333 433 -0.672134
334 335 0.144212
334 344 0.046773
334 434 1.437041
335 336 0.354353
335 345 0.587191
335 435 1.873391
336 337 0.806975
336 346 -0.144376
336 436 -0.337882
337 338 -0.291058
337 347 -0.154924
337 437 -0.497431
338 339 -0.191042
338 348 -0.254755
338 438 -1.048537
339 330 -1.832139
339 349 0.361334
339 439 -0.029148
340 341 -0.891594
340 350 -1.418233
340 440 0.435272
341 342 -1.272503
341 351 -0.843619
341 441 1.106564
342 343 -0.730626
342 352 0.899382
342 442 0.570633
343 344 -1.516642
343 353 0.697892
343 443 1.098493
344 345 -0.890011
344 354 -1.104885
344 444 0.407692
345 346 0.631241
345 355 -0.446138
345 445 -0.043879
346 347 0.612918
346 356 0.379573
346 446 -0.772370
347 348 -1.593864
347 357 0.225165
347 447 0.530717
348 349 -0.677226
348 358 1.052334
348 448 0.975558
349 340 -1.231696
349 359 -0.033309
349 449 0.538541
350 351 -1.801139
350 360 -0.375443
350 450 2.354467
351 352 0.624898
351 361 0.200515
351 451 0.140807
352 353 1.316933
352 362 -0.063249
352 452 -1.419943
353 354 -0.681412
353 363 0.076427
353 453 -0.378060
354 355 -0.934096
354 364 -0.781175
354 454 -0.238264
355 356 0.354285
355 365 0.076443
355 455 -0.632255
356 357 0.925756
356 366 -0.692180
356 456 -1.284614
357 358 -0.128912
357 367 -1.606553
357 457 1.787335
358 359 0.049605
358 368 1.368515
358 458 -0.823078
359 350 1.214994
359 369 -1.221004
359 459 0.280984
360 361 -0.525389
360 370 0.750312
360 460 0.310888
361 362 0.302985
361 371 1.390130
361 461 0.842979
362 363 -1.862757
362 372 -0.338483
362 462 0.271364
363 364 0.046643
363 373 -1.986114
363 463 0.104749
364 365 0.434635
364 374 1.240885
364 464 0.685242
365 366 1.767182
365 375 0.408575
365 465 0.909237
366 367 1.713850
366 376 -0.109456
366 466 -1.147817
367 368 -1.184802
367 377 -1.524683
367 467 -0.843518
368 369 0.908706
368 378 -1.246622
368 468 0.331922
369 360 -1.334550
369 379 -0.498346
369 469 -0.304462
370 371 0.511981
370 380 -1.248368
370 470 -1.017337
371 372 -0.626656
371 381 -1.183749
371 471 -0.787305
372 373 -0.490597
372 382 0.179296
372 472 0.532404
373 374 -0.676679
373 383 -1.369080
373 473 -1.193677
374 375 1.426432
374 384 -0.015416
374 474 -0.870825
375 376 -1.058815
375 385 -0.927350
375 475 1.723880
376 377 0.569435
376 386 1.540035
376 476 -0.472722
377 378 0.432570
377 387 -0.677604
377 477 0.756364
378 379 1.221570
378 388 1.197158
378 478 1.663483
379 370 -1.904184
379 389 1.802730
379 479 -1.499464
380 381 1.461368
380 390 0.223376
380 480 0.813021
381 382 -1.337756
381 391 -0.768834
381 481 -0.253743
382 383 1.319837
382 392 0.141729
382 482 1.649218
383 384 -1.351283
383 393 -0.191324
383 483 1.225386
384 385 0.381802
384 394 0.427755
384 484 3.294878
385 386 -0.726291
385 395 0.126164
385 485 0.438074
386 387 -0.600043
386 396 -0.390805
386 486 1.360829
387 388 0.672242
387 397 0.445051
387 487 1.372890
388 389 0.254349
388 398 2.224322
388 488 0.383944
389 380 -1.375408
389 399 -0.649625
389 489 0.548084
390 391 -0.143794
390 300 -0.490465
390 490 2.069395
391 392 -0.184611
391 301 1.303083
391 491 1.210676
392 393 -1.135437
392 302 -0.530166
392 492 -0.912228
393 394 0.343982
393 303 -0.716653
393 493 0.100406
394 395 -0.885348
394 304 -0.361112
394 494 0.617717
395 396 -0.922227
395 305 0.007710
395 495 -1.152963
396 397 -0.564955
396 306 -1.168195
396 496 -0.127508
397 398 0.655218
397 307 0.694020
397 497 -1.129000
398 399 0.367760
398 308 -0.922865
398 498 0.557650
399 390 -1.137289
399 309 0.096023
399 499 -2.547424
400 401 -0.390884
400 410 0.554576
400 500 0.442087
401 402 0.853300
401 411 -0.699483
401 501 1.399874
402 403 0.694041
402 412 0.463134
402 502 -0.676011
403 404 0.580189
403 413 -1.236892
403 503 -0.043950
404 405 0.321646
404 414 1.762608
404 504 -0.516762
405 406 1.403833
405 415 -0.258067
405 505 0.855378
406 407 0.631474
406 416 0.972257
406 506 0.040349
407 408 -0.788783
407 417 1.244807
407 507 0.403888
408 409 -0.523170
408 418 -0.924476
408 508 -0.556657
409 400 -0.022079
409 419 -1.225649
409 509 -0.229157
410 411 -1.413324
410 420 0.232662
410 510 0.228495
411 412 -1.146620
411 421 -1.534361
411 511 1.315863
412 413 0.605277
412 422 -0.850536
412 512 0.772670
413 414 0.110197
413 423 0.313932
413 513 -0.691667
414 415 0.848848
414 424 1.559563
414 514 0.549668
415 416 1.578437
415 425 0.318497
415 515 -1.830822
416 417 2.082645
416 426 1.137123
416 516 0.665953
417 418 -0.233858
417 427 -1.092952
417 517 -1.049387
418 419 -0.049017
418 428 1.020957
418 518 0.684855
419 410 0.929943
419 429 -0.085811
419 519 -0.117843
420 421 -0.825662
420 430 1.092681
420 520 1.628868
421 422 1.671398
421 431 1.337509
421 521 -0.152169
422 423 -0.646421
422 432 -1.541005
422 522 -0.786860
423 424 -0.289173
423 433 -0.262610
423 523 -0.684842
424 425 0.355720
424 434 0.558158
424 524 -0.814455
425 426 0.258849
425 435 0.085701
425 525 0.720705
426 427 -0.330211
426 436 -0.354643
426 526 0.661533
427 428 -0.922501
427 437 0.209721
427 527 0.555222
428 429 -2.283038
428 438 1.012228
428 528 0.056731
429 420 -0.951311
429 439 -0.713491
429 529 1.501808
430 431 0.616931
430 440 -0.140378
430 530 -1.456771
431 432 0.804615
431 441 -0.802931
431 531 -0.147342
432 433 1.590345
432 442 0.777201
432 532 0.621871
433 434 -0.324712
433 443 -0.939841
433 533 -0.055039
434 435 -2.395932
434 444 0.629863
434 534 -0.292523
435 436 -1.783036
435 445 0.204516
435 535 -1.014795
436 437 1.536498
436 446 0.162878
436 536 0.203732
437 438 0.291387
437 447 -0.324385
437 537 -0.293648
438 439 -1.532502
438 448 1.220809
438 538 -0.779615
439 430 0.570840
439 449 -0.447753
439 539 -0.662600
440 441 -1.131421
440 450 -1.222229
440 540 0.007644
441 442 -1.229028
441 451 1.048635
441 541 0.888220
442 443 1.066547
442 452 1.235322
442 542 0.270290
443 444 -0.020809
443 453 0.244477
443 543 1.258470
444 445 1.414285
444 454 -0.016444
444 544 0.588241
445 446 0.293446
445 455 0.244768
445 545 -0.474674
446 447 1.030496
446 456 0.323509
446 546 1.486648
447 448 1.015950
447 457 1.118114
447 547 -0.268913
448 449 0.423522
448 458 -0.468967
448 548 1.433435
449 440 -1.729876
449 459 0.549447
449 549 -0.069526
450 451 2.005514
450 460 0.531657
450 550 0.194275
451 452 1.309753
451 461 0.002182
451 551 1.033119
452 453 1.002640
452 462 0.573726
452 552 0.202528
453 454 0.472739
453 463 -0.819487
453 553 0.259956
454 455 0.379171
454 464 -0.177853
454 554 0.576998
455 456 1.551772
455 465 -0.112187
455 555 0.679438
456 457 0.163961
456 466 0.824950
456 556 0.339534
457 458 0.981259
457 467 0.667659
457 557 -1.707619
458 459 0.908243
458 468 -1.210640
458 558 0.504605
459 450 -0.731836
459 469 0.567216
459 559 -1.189406
460 461 0.607075
460 470 1.775890
460 560 -0.991956
461 462 0.857439
461 471 -0.278047
461 561 -0.254101
462 463 -0.314965
462 472 0.110237
462 562 0.734729
463 464 0.634182
463 473 -1.229741
463 563 1.626511
464 465 1.904624
464 474 1.159019
464 564 -0.272691
465 466 0.258234
465 475 -0.975243
465 565 -1.051407
466 467 0.559119
466 476 0.607550
466 566 1.692915
467 468 -0.179833
467 477 1.599773
467 567 0.306680
468 469 1.094167
468 478 0.442191
468 568 -0.846899
469 460 -0.779636
469 479 -0.520521
469 569 -0.692609
470 471 0.109765
470 480 -1.282241
470 570 -0.203485
471 472 -0.235248
471 481 -0.930546
471 571 0.155852
472 473 0.285627
472 482 -1.529048
472 572 -1.167273
473 474 -0.024442
473 483 0.093162
473 573 0.060857
474 475 0.331582
474 484 1.272198
474 574 0.407957
475 476 -1.365124
475 485 0.278849
475 575 0.628461
476 477 -1.311533
476 486 0.431425
476 576 -0.169892
477 478 -0.691355
477 487 -0.277285
477 577 2.250304
478 479 -1.072170
478 488 -0.033180
478 578 -0.602404
479 470 0.548326
479 489 0.668270
479 579 -2.257003
480 481 0.312455
480 490 0.208105
480 580 0.599733
481 482 -0.535475
481 491 -0.641073
481 581 -0.028285
482 483 1.337201
482 492 0.780149
482 582 0.912434
483 484 -0.840027
483 493 -1.918737
483 583 -1.342016
484 485 1.418595
484 494 -0.479570
484 584 -0.765993
485 486 -0.480511
485 495 -0.924648
485 585 -1.445001
486 487 -1.296021
486 496 -0.053594
486 586 0.131811
487 488 -1.671439
487 497 -0.502345
487 587 2.033214
488 489 2.245690
488 498 -0.401289
488 588 -2.101494
489 480 -0.420042
489 499 0.253349
489 589 -0.499883
490 491 -1.111586
490 400 -0.715623
490 590 0.020932
491 492 0.727221
491 401 0.981372
491 591 -0.378910
492 493 0.096919
492 402 0.150478
492 592 1.159794
493 494 0.070998
493 403 0.162986
493 593 -1.126219
494 495 -0.002020
494 404 1.385228
494 594 -0.460102
495 496 -1.623851
495 405 -0.871739
495 595 -0.664983
496 497 -1.058008
496 406 0.164100
496 596 -0.923796
497 498 -1.547282
497 407 1.131233
497 597 1.493711
498 499 0.636242
498 408 0.911212
498 598 -1.695648
499 490 1.667980
499 409 0.123092
499 599 -0.544397
500 501 0.200477
500 510 -1.154164
500 600 0.681701
501 502 0.514065
501 511 -0.516420
501 601 1.789727
502 503 -0.315992
502 512 0.592918
502 602 1.628535
503 504 -0.984421
503 513 -1.001639
503 603 -1.145432
504 505 0.994710
504 514 -0.034748
504 604 0.529697
505 506 1.354044
505 515 1.334188
505 605 1.684520
506 507 0.162194
506 516 -0.098098
506 606 -0.524642
507 508 0.164298
507 517 0.424269
507 607 -0.291539
508 509 0.798883
508 518 0.232444
508 608 -0.938719
509 500 1.538862
509 519 -1.086457
509 609 1.548317
510 511 -1.199617
510 520 -0.080807
510 610 0.160749
511 512 -0.890645
511 521 1.078286
511 611 -0.548027
512 513 0.623900
512 522 0.634572
512 612 0.171084
513 514 -0.176915
513 523 0.619729
513 613 -1.430973
514 515 1.167641
514 524 -0.665876
514 614 0.268333
515 516 0.197773
515 525 0.797442
515 615 0.279721
516 517 1.720494
516 526 -1.241464
516 616 -0.286310
517 518 -0.711976
517 527 -0.420148
517 617 0.423173
518 519 1.123751
518 528 1.509590
518 618 -1.283826
519 510 0.513234
519 529 -1.509444
519 619 -0.480614
520 521 -0.695545
520 530 -0.575529
520 620 -0.330734
521 522 -0.264730
521 531 0.779664
521 621 -1.186616
522 523 0.278788
522 532 -0.808510
522 622 0.017375
523 524 0.632832
523 533 -0.335754
523 623 -1.497718
524 525 -0.380390
524 534 1.625374
524 624 0.803560
525 526 -0.951810
525 535 -0.594639
525 625 -0.911711
526 527 -0.567403
526 536 0.956873
526 626 -1.264207
527 528 0.486963
527 537 0.632848
527 627 -1.151551
528 529 0.022359
528 538 -1.569863
528 628 0.509928
529 520 0.818573
529 539 -0.863257
529 629 -0.666061
530 531 -0.681083
530 540 -0.182350
530 630 -0.399911
531 532 -1.411689
531 541 -0.073665
531 631 -0.372088
532 533 0.236253
532 542 -1.489230
532 632 -0.143624
533 534 1.392239
533 543 0.088282
533 633 -0.481836
534 535 -1.465293
534 544 -3.208092
534 634 0.356419
535 536 -0.345570
535 545 1.111436
535 635 -0.551731
536 537 -1.902734
536 546 0.645268
536 636 -0.881987
537 538 0.318095
537 547 -1.295727
537 637 -0.044534
538 539 -1.380194
538 548 -1.003317
538 638 -1.940177
539 530 -1.438606
539 549 -0.808660
539 639 -1.253395
540 541 -0.440008
540 550 0.720402
540 640 -0.629928
541 542 0.863032
541 551 0.196008
541 641 0.872649
542 543 -0.333039
542 552 -1.582580
542 642 0.254573
543 544 -0.700079
543 553 -1.525759
543 643 0.301660
544 545 1.226999
544 554 0.720923
544 644 -0.154524
545 546 -1.010617
545 555 -0.793818
545 645 -0.815225
546 547 -0.442553
546 556 -0.113004
546 646 -0.730453
547 548 1.669334
547 557 -0.831417
547 647 1.353825
548 549 1.646713
548 558 -0.429717
548 648 0.400484
549 540 -0.082183
549 559 0.539605
549 649 -0.840507
550 551 0.693447
550 560 -0.219820
550 650 2.313888
551 552 -1.255097
551 561 -1.197573
551 651 0.117992
552 553 -1.015563
552 562 1.208252
552 652 -0.561363
553 554 -0.556196
553 563 0.108198
553 653 2.239456
554 555 -1.079397
554 564 0.725988
554 654 0.959163
555 556 -0.251396
555 565 0.130925
555 655 -0.624965
556 557 -0.854447
556 566 -0.236075
556 656 0.912708
557 558 -0.661181
557 567 -0.532561
557 657 0.219922
558 559 1.007384
558 568 -1.272251
558 658 1.330578
559 550 0.427857
559 569 -0.866760
559 659 -0.890190
560 561 2.020046
560 570 -0.307379
560 660 -0.749823
561 562 1.050443
561 571 0.573842
561 661 -0.977183
562 563 0.576068
562 572 0.864349
562 662 1.245220
563 564 1.723197
563 573 -1.798661
563 663 0.788927
564 565 -1.031217
564 574 0.904065
564 664 -1.395832
565 566 -1.328560
565 575 -0.829800
565 665 1.541141
566 567 -0.722402
566 576 -1.890421
566 666 -0.620091
567 568 0.023598
567 577 -0.295715
567 667 0.396186
568 569 0.613240
568 578 1.070560
568 668 0.398148
569 560 -0.289778
569 579 -1.355831
569 669 1.003972
570 571 0.903360
570 580 -0.590934
570 670 -1.234259
571 572 0.827640
571 581 1.422893
571 671 1.633064
572 573 -1.755378
572 582 1.495323
572 672 0.032945
573 574 -0.011826
573 583 0.083679
573 673 -0.745947
574 575 0.066170
574 584 -0.949166
574 674 -0.915425
575 576 0.375827
575 585 -1.343708
575 675 -1.060151
576 577 0.463422
576 586 -0.193234
576 676 -2.133574
577 578 0.587835
577 587 -1.373632
577 677 0.816598
578 579 -0.319171
578 588 -1.465445
578 678 0.282308
579 570 0.228257
579 589 -0.370983
579 679 -0.865187
580 581 -0.117883
580 590 1.372728
580 680 -0.919672
581 582 0.784786
581 591 0.180488
581 681 -0.946868
582 583 0.151827
582 592 1.789684
582 682 0.727092
583 584 -0.775308
583 593 1.572367
583 683 1.846858
584 585 0.860176
584 594 -1.373780
584 684 -0.692612
585 586 -1.061533
585 595 0.218972
585 685 0.640265
586 587 -0.954687
586 596 0.754122
586 686 0.999331
587 588 1.585488
587 597 0.971922
587 687 -2.353860
588 589 0.718535
588 598 0.659214
588 688 -0.240900
589 580 0.114029
589 599 -2.575324
589 689 -0.602164
590 591 0.458462
590 500 -1.421106
590 690 0.744710
591 592 -0.777808
591 501 0.419625
591 691 -0.464986
592 593 0.476128
592 502 -0.413521
592 692 -0.443066
593 594 -0.759509
593 503 -1.878676
593 693 -0.905305
594 595 3.343725
594 504 -0.241420
594 694 -1.556246
595 596 -0.200406
595 505 0.178016
595 695 1.334785
596 597 -0.152694
596 506 -0.741668
596 696 -1.291782
597 598 0.538802
597 507 1.196495
597 697 -0.084028
598 599 -0.085116
598 508 0.188216
598 698 1.015086
599 590 0.916358
599 509 0.277098
599 699 -0.331160
600 601 0.760995
600 610 -0.557388
600 700 -0.615433
601 602 -0.894328
601 611 -1.375266
601 701 -0.679968
602 603 0.215032
602 612 -0.905000
602 702 0.472380
603 604 -1.349066
603 613 0.238642
603 703 -0.427357
604 605 1.031423
604 614 0.024697
604 704 0.754148
605 606 -0.594247
605 615 -1.979537
605 705 -1.336573
606 607 0.300384
606 616 -1.683018
606 706 0.064480
607 608 0.821468
607 617 0.151059
607 707 1.104504
608 609 0.586302
608 618 -0.053289
608 708 0.303977
609 600 0.937628
609 619 0.500399
609 709 1.417537
610 611 -0.592260
610 620 -1.376108
610 710 0.037857
611 612 1.820751
611 621 0.455695
611 711 -1.054093
612 613 -2.238078
612 622 -1.221986
612 712 1.497595
613 614 1.153897
613 623 0.881282
613 713 -1.840195
614 615 -0.716176
614 624 0.017648
614 714 -1.815906
615 616 -0.674200
615 625 1.543982
615 715 0.453586
616 617 1.325312
616 626 -0.849099
616 716 -1.674332
617 618 -0.179979
617 627 -1.567530
617 717 0.191375
618 619 -1.001464
618 628 0.465327
618 718 0.196033
619 610 1.044419
619 629 0.187845
619 719 -0.659619
620 621 -1.147279
620 630 -0.828688
620 720 0.475974
621 622 0.208492
621 631 1.221730
621 721 0.847715
622 623 -0.153747
622 632 0.657976
622 722 -0.337323
623 624 -0.822911
623 633 0.112829
623 723 -1.329273
624 625 -1.326574
624 634 -0.153692
624 724 1.073646
625 626 0.771660
625 635 0.797021
625 725 -0.080428
626 627 -0.347575
626 636 0.878600
626 726 0.694696
627 628 0.975881
627 637 1.432653
627 727 0.758669
628 629 0.498413
628 638 -2.143084
628 728 1.165511
629 620 0.148310
629 639 0.440454
629 729 0.453622
630 631 0.667228
630 640 0.064683
630 730 0.988007
631 632 0.142650
631 641 -0.729092
631 731 2.577299
632 633 -0.166140
632 642 -0.806330
632 732 0.793779
633 634 0.185289
633 643 -2.037320
633 733 -0.447466
634 635 0.250345
634 644 0.003244
634 734 0.884365
635 636 0.767372
635 645 -1.069145
635 735 1.383922
636 637 -1.533644
636 646 -0.653360
636 736 -0.818817
637 638 -0.619204
637 647 -1.257767
637 737 0.157517
638 639 -1.323580
638 648 -1.250643
638 738 1.096863
639 630 1.487154
639 649 -1.009930
639 739 0.391659
640 641 -0.613933
640 650 0.684093
640 740 -1.707386
641 642 -1.012047
641 651 0.156519
641 741 -1.058969
642 643 -0.650374
642 652 -0.616012
642 742 0.119110
643 644 0.072068
643 653 0.076405
643 743 0.035611
644 645 0.399642
644 654 0.893757
644 744 0.078739
645 646 0.553420
645 655 -1.640224
645 745 -0.460896
646 647 0.860941
646 656 -0.343218
646 746 2.199740
647 648 0.520487
647 657 -0.285031
647 747 -2.009960
648 649 -0.086018
648 658 1.816294
648 748 1.917144
649 640 0.029839
649 659 -0.961807
649 749 -0.001083
650 651 -0.733268
650 660 -1.289730
650 750 0.431701
651 652 -0.752524
651 661 -1.062249
651 751 -2.140375
652 653 -0.873612
652 662 -0.201974
652 752 0.651836
653 654 0.379512
653 663 0.020150
653 753 -0.507899
654 655 -0.079906
654 664 -1.403397
654 754 0.327211
655 656 0.023880
655 665 -0.698871
655 755 -0.347696
656 657 -0.268352
656 666 -0.977290
656 756 -0.404452
657 658 -0.962905
657 667 -0.233809
657 757 1.379222
658 659 -0.776315
658 668 0.359906
658 758 -0.462090
659 650 0.727589
659 669 0.846955
659 759 -0.831324
660 661 -0.902248
660 670 -0.208726
660 760 0.182286
661 662 -0.382161
661 671 0.834113
661 761 -0.757929
662 663 0.033429
662 672 0.370044
662 762 -0.297980
663 664 1.107746
663 673 -1.286828
663 763 -1.317648
664 665 0.313546
664 674 -1.548185
664 764 -0.694341
665 666 -0.250498
665 675 -1.749812
665 765 1.541797
666 667 0.023667
666 676 1.786213
666 766 -1.163267
667 668 -1.831966
667 677 -0.143063
667 767 0.120091
668 669 -0.214287
668 678 0.530682
668 768 -0.582871
669 660 -0.048711
669 679 -0.538341
669 769 1.243660
670 671 0.213445
670 680 -0.950800
670 770 -0.846049
671 672 -1.475686
671 681 1.150317
671 771 1.716803
672 673 1.550049
672 682 1.372851
672 772 -0.095864
673 674 -1.259240
673 683 -0.269777
673 773 0.065600
674 675 -0.574208
674 684 -0.689495
674 774 0.110425
675 676 -0.062755
675 685 -0.247881
675 775 -0.140920
676 677 1.437823
676 686 -0.044572
676 776 0.230502
677 678 1.117341
677 687 0.612892
677 777 -0.893099
678 679 0.132192
678 688 -2.385909
678 778 1.352967
679 670 0.977750
679 689 2.109609
679 779 -0.666214
680 681 -0.275730
680 690 0.211442
680 780 0.165898
681 682 0.844547
681 691 -0.448097
681 781 -1.336034
682 683 -0.568369
682 692 1.020562
682 782 -0.073791
683 684 -0.610545
683 693 -1.190759
683 783 -0.761295
684 685 0.295020
684 694 -0.293240
684 784 -1.233169
685 686 -1.141432
685 695 -1.435276
685 785 2.160000
686 687 0.291519
686 696 -0.425892
686 786 -0.010058
687 688 0.216604
687 697 -0.486186
687 787 -1.521624
688 689 -0.958001
688 698 0.676819
688 788 0.772675
689 680 -0.230779
689 699 0.365899
689 789 1.091958
690 691 0.925531
690 600 2.439248
690 790 1.271936
691 692 -0.740434
691 601 0.881362
691 791 0.155879
692 693 0.597121
692 602 0.478663
692 792 0.852433
693 694 -1.062369
693 603 0.464321
693 793 0.130148
694 695 1.768164
694 604 1.373402
694 794 0.122126
695 696 -1.513529
695 605 0.183378
695 795 -0.222821
696 697 0.932363
696 606 0.740214
696 796 1.330688
697 698 1.274826
697 607 -0.466289
697 797 -0.209413
698 699 -0.905951
698 608 1.102503
698 798 -0.893201
699 690 -0.287471
699 609 -1.238524
699 799 -1.299554
700 701 -0.974256
700 710 -0.903532
700 800 -1.368788
701 702 0.240355
701 711 1.664429
701 801 -1.237628
702 703 1.445543
702 712 1.464661
702 802 0.156052
703 704 -2.057771
703 713 -0.590320
703 803 0.266804
704 705 1.595998
704 714 0.513550
704 804 -0.339264
705 706 -1.626190
705 715 -0.325386
705 805 1.544434
706 707 -0.312099
706 716 1.490108
706 806 0.846231
707 708 0.197212
707 717 1.689451
707 807 -0.849495
708 709 -0.070330
708 718 -0.800472
708 808 -0.244422
709 700 0.092312
709 719 -1.489733
709 809 0.752872
710 711 0.866290
710 720 -0.656257
710 810 0.203766
711 712 1.223263
711 721 -0.336113
711 811 0.823121
712 713 0.207659
712 722 1.152168
712 812 -1.860719
713 714 0.984250
713 723 -0.069150
713 813 1.037731
714 715 -0.285893
714 724 0.497993
714 814 1.350582
715 716 0.888930
715 725 -2.451215
715 815 0.711122
716 717 -0.758781
716 726 -0.799085
716 816 0.771424
717 718 -0.355102
717 727 0.475616
717 817 0.278388
718 719 -0.205937
718 728 0.081731
718 818 0.356499
719 710 0.598326
719 729 1.209723
719 819 -1.690959
720 721 0.160775
720 730 0.532341
720 820 -1.016544
721 722 0.189228
721 731 -0.695412
721 821 -1.592100
722 723 0.645142
722 732 -1.874667
722 822 -0.911687
723 724 0.132566
723 733 0.609722
723 823 0.414665
724 725 0.753618
724 734 -1.948725
724 824 0.137731
725 726 -0.070204
725 735 -0.823414
725 825 0.017018
726 727 0.669402
726 736 0.402610
726 826 1.482980
727 728 0.396383
727 737 -0.206563
727 827 -0.090935
728 729 0.020878
728 738 0.659901
728 828 1.853529
729 720 -2.045005
729 739 0.222949
729 829 1.656191
730 731 -1.037808
730 740 -0.434802
730 830 0.482264
731 732 0.020128
731 741 -0.793695
731 831 -0.899623
732 733 -0.963266
732 742 -1.212029
732 832 -0.341141
733 734 -0.655621
733 743 0.769375
733 833 -1.818213
734 735 -1.861770
734 744 0.973271
734 834 -0.715219
735 736 1.672877
735 745 -0.236389
735 835 1.201775
736 737 -0.996540
736 746 -0.106548
736 836 -0.384843
737 738 -0.569222
737 747 -0.486252
737 837 -0.157667
738 739 -0.482212
738 748 0.337283
738 838 -0.390040
739 730 -0.973576
739 749 -0.727800
739 839 0.404245
740 741 -0.317680
740 750 -0.829965
740 840 -0.215296
741 742 0.562128
741 751 -0.332634
741 841 -1.290025
742 743 0.148195
742 752 -0.477478
742 842 -0.363791
743 744 -0.837942
743 753 -1.268149
743 843 1.198590
744 745 0.417803
744 754 -0.610112
744 844 1.000805
745 746 0.396788
745 755 1.425997
745 845 -0.728028
746 747 0.198544
746 756 0.881248
746 846 -1.196566
747 748 0.841932
747 757 0.044079
747 847 0.000959
748 749 -0.503315
748 758 -0.660068
748 848 0.136449
749 740 0.195454
749 759 -1.474419
749 849 0.238448
750 751 1.326849
750 760 1.168444
750 850 -0.120217
751 752 -1.661823
751 761 -0.242172
751 851 0.698099
752 753 1.360970
752 762 -0.443286
752 852 -0.579026
753 754 -0.762178
753 763 0.615929
753 853 0.518134
754 755 -0.406095
754 764 1.313199
754 854 0.889897
755 756 -0.104589
755 765 -1.867169
755 855 -1.307530
756 757 -1.903103
756 766 1.040894
756 856 -1.049448
757 758 0.354372
757 767 0.043536
757 857 -0.835265
758 759 -0.026768
758 768 -0.305147
758 858 -0.426817
759 750 -0.284133
759 769 0.534353
759 859 -0.299277
760 761 1.044442
760 770 1.430852
760 860 2.133205
761 762 -0.442797
761 771 0.429912
761 861 -0.427361
762 763 0.643787
762 772 0.917174
762 862 0.084639
763 764 0.334659
763 773 -1.880012
763 863 -0.853371
764 765 0.543763
764 774 -1.901352
764 864 0.320266
765 766 -0.854553
765 775 0.044879
765 865 -0.594449
766 767 0.075178
766 776 0.940891
766 866 0.643327
767 768 -0.683072
767 777 -1.604862
767 867 0.407863
768 769 -1.095350
768 778 -0.783390
768 868 1.608723
769 760 -0.355894
769 779 -0.279485
769 869 -0.695766
770 771 0.242841
770 780 -0.891300
770 870 -2.834193
771 772 -0.151057
771 781 0.622834
771 871 -1.265877
772 773 0.548358
772 782 -1.674210
772 872 1.155442
773 774 0.811660
773 783 0.619677
773 873 0.893341
774 775 0.229347
774 784 -0.348592
774 874 -1.666083
775 776 0.633197
775 785 -0.044595
775 875 -1.390498
776 777 -0.364014
776 786 -0.255104
776 876 0.068891
777 778 -2.022216
777 787 0.130157
777 877 0.267945
778 779 -0.344604
778 788 0.560178
778 878 -1.002960
779 770 0.993883
779 789 -1.208303
779 879 0.591965
780 781 -0.624620
780 790 0.973790
780 880 0.577802
781 782 0.551493
781 791 -0.001847
781 881 0.025116
782 783 -0.827806
782 792 -0.264613
782 882 -0.245157
783 784 0.104224
783 793 -0.162889
783 883 0.038430
784 785 0.485585
784 794 0.256934
784 884 0.484548
785 786 1.211173
785 795 -0.743326
785 885 0.298771
786 787 -0.179319
786 796 -0.620252
786 886 0.358654
787 788 -0.388873
787 797 -0.160265
787 887 1.556531
788 789 -0.631280
788 798 -0.888798
788 888 0.887024
789 780 -1.156034
789 799 -0.429843
789 889 -1.591032
790 791 1.363425
790 700 0.587947
790 890 -1.771793
791 792 0.267438
791 701 0.244645
791 891 0.254970
792 793 0.287992
792 702 -0.711819
792 892 1.003635
793 794 -0.119993
793 703 0.198948
793 893 -0.322420
794 795 -0.536935
794 704 -0.301176
794 894 -1.063956
795 796 -0.873198
795 705 1.011069
795 895 -0.472969
796 797 -0.322778
796 706 1.984017
796 896 -1.374343
797 798 0.450010
797 707 -1.042639
797 897 0.277280
798 799 -0.207887
798 708 0.269539
798 898 0.127603
799 790 -0.981530
799 709 0.661756
799 899 0.279278
800 801 0.102474
800 810 -1.151973
800 900 0.756962
801 802 -0.710484
801 811 -1.452406
801 901 -0.672048
802 803 -1.720190
802 812 -0.176623
802 902 -1.853863
803 804 -0.302916
803 813 -0.446132
803 903 1.955199
804 805 -1.544241
804 814 0.297124
804 904 -0.669134
805 806 -0.457994
805 815 0.466428
805 905 -0.359593
806 807 0.145681
806 816 -0.407066
806 906 -0.875688
807 808 0.971474
807 817 1.717626
807 907 -1.549206
808 809 1.259866
808 818 -1.306118
808 908 0.981975
809 800 -0.982500
809 819 0.028344
809 909 -0.125602
810 811 0.711362
810 820 -2.033568
810 910 1.401113
811 812 1.731346
811 821 1.267827
811 911 -1.361855
812 813 -1.288391
812 822 -0.933676
812 912 2.118207
813 814 1.205212
813 823 -2.159076
813 913 -0.363381
814 815 0.690414
814 824 0.231136
814 914 -0.841749
815 816 0.177099
815 825 -0.463103
815 915 0.664339
816 817 1.768856
816 826 1.007362
816 916 0.464800
817 818 -0.411901
817 827 -0.709947
817 917 1.866413
818 819 -0.367416
818 828 -0.435802
818 918 -0.321232
819 810 -0.211775
819 829 1.266234
819 919 -0.742053
820 821 1.918944
820 830 0.532879
820 920 0.545453
821 822 0.181675
821 831 -1.639414
821 921 0.931475
822 823 -1.099096
822 832 -0.032628
822 922 -0.615819
823 824 -0.523285
823 833 3.266124
823 923 -1.165676
824 825 -0.744227
824 834 0.709581
824 924 1.020843
825 826 1.296277
825 835 0.027607
825 925 0.834589
826 827 2.387465
826 836 0.151332
826 926 -0.754770
827 828 0.910695
827 837 -0.584998
827 927 0.005627
828 829 -0.135032
828 838 1.228051
828 928 -0.291546
829 820 -1.323729
829 839 -0.343630
829 929 -0.833019
830 831 1.565088
830 840 -2.094212
830 930 1.004265
831 832 1.668634
831 841 -0.069257
831 931 -1.325639
832 833 -0.863585
832 842 -1.567669
832 932 0.604489
833 834 -1.579040
833 843 2.119544
833 933 -0.452411
834 835 -0.404420
834 844 -1.194154
834 934 0.134573
835 836 -0.049321
835 845 0.643732
835 935 -0.344896
836 837 -0.559962
836 846 -0.388712
836 936 -1.243587
837 838 -0.650111
837 847 0.089539
837 937 -1.508221
838 839 -1.663742
838 848 -0.741763
838 938 -1.472860
839 830 0.391194
839 849 0.098291
839 939 0.070310
840 841 1.193702
840 850 0.798925
840 940 0.695164
841 842 -0.187514
841 851 0.088567
841 941 -0.458680
842 843 -0.727880
842 852 0.906615
842 942 -0.905530
843 844 0.677018
843 853 2.055585
843 943 1.604651
844 845 -0.870920
844 854 -0.166071
844 944 2.129641
845 846 -0.472384
845 855 -0.507382
845 945 -0.820107
846 847 -0.428844
846 856 0.771801
846 946 -0.985403
847 848 1.180500
847 857 0.796884
847 947 1.104449
848 849 2.120026
848 858 -0.512935
848 948 1.302945
849 840 -0.071454
849 859 0.551687
849 949 -0.597480
850 851 -0.220135
850 860 -0.885743
850 950 -0.486802
851 852 0.405846
851 861 0.870598
851 951 -0.074931
852 853 -1.665340
852 862 1.129654
852 952 0.648465
853 854 0.185049
853 863 0.571483
853 953 -0.378970
854 855 -1.263712
854 864 1.741526
854 954 0.387186
855 856 0.914539
855 865 -0.095511
855 955 0.758730
856 857 0.267323
856 866 0.422880
856 956 1.016179
857 858 -0.291043
857 867 0.186140
857 957 0.886351
858 859 1.207934
858 868 -0.680985
858 958 -0.515778
859 850 -0.470307
859 869 1.052094
859 959 -0.064520
860 861 -0.295875
860 870 0.624202
860 960 -0.645538
861 862 0.106785
861 871 -1.999481
861 961 0.017581
862 863 -0.047779
862 872 -1.445341
862 962 -0.432942
863 864 1.490863
863 873 0.294923
863 963 -0.209897
864 865 0.907840
864 874 0.183948
864 964 0.590226
865 866 -0.250548
865 875 0.900699
865 965 -0.087704
866 867 0.637064
866 876 -0.070924
866 966 1.043177
867 868 -0.592076
867 877 -0.691750
867 967 -1.590737
868 869 0.684638
868 878 -1.161043
868 968 0.011828
869 860 -0.774398
869 879 0.647983
869 969 -0.744077
870 871 2.041019
870 880 -0.599251
870 970 1.894329
871 872 -0.312215
871 881 -0.562962
871 971 0.473630
872 873 -1.440280
872 882 -0.436499
872 972 -1.383044
873 874 0.047463
873 883 -0.077484
873 973 0.218415
874 875 1.063495
874 884 -0.488181
874 974 0.218414
875 876 1.774718
875 885 -0.673058
875 975 -1.146106
876 877 0.404808
876 886 0.872622
876 976 0.620445
877 878 -0.082545
877 887 0.256714
877 977 -0.063837
878 879 0.011765
878 888 1.865653
878 978 0.480805
879 870 -0.799580
879 889 -0.290611
879 979 -1.120894
880 881 2.111824
880 890 -0.505126
880 980 0.128298
881 882 -0.364024
881 891 1.277187
881 981 -0.858728
882 883 0.865028
882 892 0.348292
882 982 0.417216
883 884 0.715841
883 893 -0.605509
883 983 1.627739
884 885 1.423512
884 894 1.467670
884 984 0.498633
885 886 -1.392990
885 895 0.293787
885 985 1.117950
886 887 2.580139
886 896 -0.897037
886 986 2.332242
887 888 -0.780464
887 897 0.694241
887 987 0.595642
888 889 -0.025119
888 898 0.224292
888 988 -2.446227
889 880 0.406154
889 899 0.757452
889 989 -0.206167
890 891 -0.163406
890 800 2.041723
890 990 1.551768
891 892 -0.012982
891 801 -0.650411
891 991 0.248482
892 893 1.662123
892 802 -2.758709
892 992 -0.239268
893 894 0.719826
893 803 -1.446078
893 993 -0.445941
894 895 -0.276933
894 804 0.837325
894 994 -0.616524
895 896 -2.380321
895 805 0.993082
895 995 -0.221369
896 897 0.397978
896 806 1.036946
896 996 0.547279
897 898 -0.662104
897 807 0.039925
897 997 0.628515
898 899 0.315437
898 808 2.379765
898 998 -1.432825
899 890 -0.683664
899 809 1.695773
899 999 0.379384
900 901 -1.928585
900 910 0.315697
900 0 0.619332
901 902 1.055974
901 911 -0.777923
901 1 -0.561106
902 903 -0.562033
902 912 -0.981351
902 2 0.048186
903 904 0.730726
903 913 0.957686
903 3 0.019105
904 905 0.604934
904 914 -0.982526
904 4 0.649771
905 906 -0.181200
905 915 -0.749681
905 5 -0.425980
906 907 -0.772271
906 916 0.850708
906 6 -0.726583
907 908 -0.037620
907 917 1.607511
907 7 -0.204160
908 909 0.185783
908 918 -0.946081
908 8 0.706500
909 900 0.925221
909 919 -0.721632
909 9 -2.023997
910 911 -3.647155
910 920 -1.222913
910 10 -1.345615
911 912 3.185829
911 921 0.788985
911 11 1.111599
912 913 2.483392
912 922 -0.160296
912 12 -0.190796
913 914 -0.823265
913 923 -0.860077
913 13 0.141883
914 915 1.496490
914 924 -0.412647
914 14 -0.266001
915 916 0.230027
915 925 -1.221523
915 15 0.444205
916 917 0.118653
916 926 -0.646557
916 16 0.395891
917 918 -1.207211
917 927 1.481394
917 17 0.017867
918 919 -0.201239
918 928 0.150896
918 18 -1.958813
919 910 0.884670
919 929 0.903552
919 19 0.065160
920 921 1.222414
920 930 -0.241259
920 20 1.724764
921 922 -1.541335
921 931 1.740067
921 21 0.085259
922 923 0.252330
922 932 -1.016856
922 22 0.976356
923 924 0.801042
923 933 0.077940
923 23 -0.665318
924 925 -0.303570
924 934 1.349839
924 24 -0.445774
925 926 0.061666
925 935 -1.236952
925 25 0.513847
926 927 0.487423
926 936 0.748395
926 26 -0.604779
927 928 0.457260
927 937 -0.705108
927 27 1.575030
928 929 0.552473
928 938 -0.461364
928 28 -0.257337
929 920 -1.146805
929 939 0.872360
929 29 0.013431
930 931 0.838929
930 940 0.628068
930 30 2.106158
931 932 -1.556962
931 941 0.280359
931 31 -0.440046
932 933 0.295467
932 942 -1.071714
932 32 -0.385255
933 934 1.498941
933 943 -0.120384
933 33 1.901732
934 935 -1.138238
934 944 0.255721
934 34 -0.795046
935 936 0.343874
935 945 0.489947
935 35 0.220835
936 937 1.481977
936 946 0.991126
936 36 0.276374
937 938 0.862098
937 947 2.784554
937 37 1.304312
938 939 -0.645461
938 948 -0.890481
938 38 -1.225724
939 930 1.402880
939 949 0.797627
939 39 -0.568785
940 941 0.462174
940 950 0.581237
940 40 -2.181310
941 942 -0.949119
941 951 -0.909619
941 41 -0.710249
942 943 -0.115883
942 952 0.592231
942 42 1.640990
943 944 -0.721859
943 953 0.605824
943 43 0.579288
944 945 0.436277
944 954 -1.196296
944 44 -1.128209
945 946 -0.657743
945 955 1.237499
945 45 0.541491
946 947 -1.978151
946 956 1.015937
946 46 1.261568
947 948 1.330798
947 957 -0.434666
947 47 0.311911
948 949 -2.567208
948 958 0.237658
948 48 0.466011
949 940 -0.581470
949 959 -1.982052
949 49 0.079634
950 951 0.198869
950 960 0.510835
950 50 -0.112863
951 952 -1.049789
951 961 -0.638648
951 51 -0.964138
952 953 -1.082653
952 962 -2.039549
952 52 -1.117603
953 954 -0.560559
953 963 -1.922947
953 53 0.801188
954 955 -0.249072
954 964 -1.324702
954 54 -0.524070
955 956 0.753568
955 965 -0.722896
955 55 -2.888115
956 957 -0.675287
956 966 -0.655809
956 56 0.437823
957 958 -1.372102
957 967 -0.307512
957 57 0.495460
958 959 -1.189507
958 968 0.767428
958 58 -0.826567
959 950 -0.379931
959 969 0.769581
959 59 -1.226882
960 961 1.177160
960 970 -0.457488
960 60 -0.748296
961 962 0.930639
961 971 0.125157
961 61 0.989516
962 963 -0.473102
962 972 2.273642
962 62 -1.405375
963 964 0.466952
963 973 0.605697
963 63 1.886991
964 965 -0.501803
964 974 -0.087552
964 64 -0.990794
965 966 -1.350967
965 975 -0.245071
965 65 -1.295995
966 967 -0.360704
966 976 0.686595
966 66 -1.036427
967 968 -1.063365
967 977 -0.304344
967 67 0.393949
968 969 0.659626
968 978 0.242400
968 68 -1.843402
969 960 0.416610
969 979 1.227635
969 69 0.473362
970 971 1.092500
970 980 0.126364
970 70 1.066794
971 972 -0.918318
971 981 0.270227
971 71 1.025280
972 973 -0.953753
972 982 -1.218447
972 72 0.049245
973 974 -1.133734
973 983 1.221540
973 73 0.619149
974 975 -1.069434
974 984 -0.901512
974 74 -0.383629
975 976 -1.342040
975 985 0.770523
975 75 0.158743
976 977 1.787764
976 986 0.484164
976 76 0.529863
977 978 -0.069462
977 987 1.166091
977 77 1.463910
978 979 -0.267186
978 988 -0.265582
978 78 2.037725
979 970 -1.531145
979 989 0.334655
979 79 -0.098896
980 981 0.861638
980 990 0.661749
980 80 -1.072433
981 982 0.253849
981 991 1.993591
981 81 -0.227380
982 983 -0.520376
982 992 -0.759191
982 82 -0.210342
983 984 -0.244887
983 993 0.871564
983 83 -0.411805
984 985 -1.571362
984 994 0.925801
984 84 0.082587
985 986 1.208177
985 995 1.433513
985 85 0.370280
986 987 0.336664
986 996 0.134907
986 86 0.075307
987 988 0.618487
987 997 -0.266531
987 87 -0.270836
988 989 0.599650
988 998 2.615496
988 88 1.586658
989 980 0.294757
989 999 0.137248
989 89 0.183221
990 991 -1.165655
990 900 -1.565354
990 90 -0.965692
991 992 1.529106
991 901 1.449672
991 91 -1.028741
992 993 -0.325517
992 902 0.102977
992 92 0.308839
993 994 -0.547367
993 903 -0.016394
993 93 0.264298
994 995 -0.089448
994 904 -1.082545
994 94 -1.056079
995 996 -0.441018
995 905 -1.999954
995 95 -1.486120
996 997 -0.134120
996 906 0.655572
996 96 -0.712230
997 998 0.751574
997 907 -0.841881
997 97 -0.107003
998 999 -1.219836
998 908 0.238060
998 98 -0.146418
999 990 0.013921
999 909 0.604364
999 99 0.170893
