0 1 -0.440316
0 10 1.529924
0 100 1.705151
1 2 -0.185900
1 11 1.425370
1 101 0.883067
2 3 0.733542
2 12 -0.198412
2 102 -0.311594
3 4 -0.599163
3 13 0.706242
3 103 -0.709422
4 5 0.061696
4 14 1.429523
4 104 1.738412
5 6 -0.134128
5 15 0.262213
5 105 -0.459715
6 7 0.405014
6 16 0.110131
6 106 0.525411
7 8 0.089654
7 17 -1.754606
7 107 -0.752666
8 9 -1.202390
8 18 -3.266465
8 108 -0.107403
9 0 -1.396448
9 19 -0.698749
9 109 0.300112
10 11 -0.353104
10 20 1.832687
10 110 -0.876309
11 12 -1.102651
11 21 -0.690726
11 111 1.121753
12 13 -0.207441
12 22 0.657517
12 112 -1.014660
13 14 0.670888
13 23 0.923379
13 113 0.554290
14 15 0.732279
14 24 1.607208
14 114 1.424446
15 16 0.752272
15 25 1.257226
15 115 0.980888
16 17 0.731183
16 26 -0.826297
16 116 -2.119093
17 18 -1.535127
17 27 0.948246
17 117 0.787210
18 19 1.444417
18 28 0.126757
18 118 -0.191127
19 10 -0.867029
19 29 -0.055945
19 119 -0.740659
20 21 -0.624325
20 30 0.021823
20 120 0.131977
21 22 0.153226
21 31 -0.280106
21 121 0.761913
22 23 0.421175
22 32 -0.916723
22 122 0.379964
23 24 -1.294034
23 33 0.440257
23 123 -0.185334
24 25 -0.085982
24 34 -0.002793
24 124 0.159966
25 26 -0.844222
25 35 -0.472501
25 125 -0.517338
26 27 0.839025
26 36 0.804347
26 126 0.672729
27 28 -1.101065
27 37 -0.437926
27 127 0.063760
28 29 1.477024
28 38 -0.059133
28 128 -0.615877
29 20 -1.285910
29 39 -1.814222
29 129 0.662517
30 31 -1.585573
30 40 0.370066
30 130 -0.739810
31 32 1.575451
31 41 -1.493728
31 131 1.902680
32 33 -1.129822
32 42 0.233305
32 132 -0.285089
33 34 1.150949
33 43 0.191043
33 133 0.535778
34 35 0.207393
34 44 -0.057545
34 134 1.526890
35 36 0.952467
35 45 0.039132
35 135 -0.964333
36 37 0.409331
36 46 1.333247
36 136 0.294609
37 38 0.572463
37 47 0.220466
37 137 -0.283670
38 39 1.734481
38 48 0.972043
38 138 0.300159
39 30 2.790092
39 49 -0.941533
39 139 -0.749979
40 41 -0.739166
40 50 -0.986213
40 140 -0.354565
41 42 0.434501
41 51 -1.104290
41 141 0.038860
42 43 -0.473234
42 52 -0.368170
42 142 -1.369978
43 44 -0.241156
43 53 -0.554502
43 143 0.912836
44 45 1.277122
44 54 -0.450846
44 144 0.948514
45 46 -0.417446
45 55 -1.317251
45 145 -1.138592
46 47 1.770321
46 56 -0.768407
46 146 -0.997646
47 48 0.603572
47 57 -1.822165
47 147 -0.136989
48 49 -1.660039
48 58 0.018894
48 148 -0.900180
49 40 -0.637357
49 59 -0.725732
49 149 -0.821622
50 51 0.763929
50 60 0.471353
50 150 -0.654078
51 52 0.885554
51 61 1.122590
51 151 -0.955562
52 53 -0.816777
52 62 0.024874
52 152 -0.782939
53 54 -0.404877
53 63 2.315615
53 153 -0.215422
54 55 -0.228665
54 64 -0.381140
54 154 -0.630255
55 56 0.606592
55 65 0.827241
55 155 0.800560
56 57 -1.052838
56 66 -0.397528
56 156 -0.655524
57 58 1.340519
57 67 0.560521
57 157 0.885665
58 59 -0.134523
58 68 -0.039040
58 158 -1.651266
59 50 0.210546
59 69 -0.382181
59 159 -0.407673
60 61 0.791077
60 70 1.802370
60 160 0.265974
61 62 0.425205
61 71 -0.253620
61 161 -1.586291
62 63 0.692006
62 72 -1.459666
62 162 0.744261
63 64 0.959664
63 73 0.292556
63 163 0.280648
64 65 0.404437
64 74 -0.680114
64 164 -0.535092
65 66 1.082838
65 75 0.957802
65 165 -0.679642
66 67 -0.987542
66 76 -0.179022
66 166 -0.780461
67 68 -0.256760
67 77 -0.194510
67 167 1.400737
68 69 0.595948
68 78 -0.479335
68 168 0.367139
69 60 0.494061
69 79 -0.709654
69 169 -0.095950
70 71 -0.615641
70 80 -0.516275
70 170 0.352897
71 72 -0.131810
71 81 1.152339
71 171 -0.942760
72 73 -1.593419
72 82 -1.808096
72 172 1.450111
73 74 -1.398313
73 83 -0.023389
73 173 0.061486
74 75 -0.633653
74 84 1.047727
74 174 -0.982538
75 76 1.451905
75 85 -0.194196
75 175 0.494281
76 77 0.916323
76 86 0.581261
76 176 0.068485
77 78 -0.043947
77 87 1.307953
77 177 -1.064562
78 79 0.078513
78 88 0.481884
78 178 -2.431299
79 70 -0.834331
79 89 0.620975
79 179 -0.938792
80 81 0.136189
80 90 -0.254444
80 180 1.836041
81 82 -1.097924
81 91 0.142156
81 181 1.130512
82 83 -0.022486
82 92 0.908280
82 182 -1.562986
83 84 -0.681032
83 93 0.552401
83 183 0.673338
84 85 0.327829
84 94 1.545520
84 184 0.098261
85 86 0.601727
85 95 0.256441
85 185 1.842372
86 87 -0.830254
86 96 1.116322
86 186 -1.458813
87 88 -1.738603
87 97 1.856428
87 187 -0.565965
88 89 -0.369968
88 98 0.948327
88 188 1.449912
89 80 1.619288
89 99 -0.531373
89 189 -0.743617
90 91 0.755368
90 0 0.866387
90 190 0.852113
91 92 -2.045017
91 1 1.248259
91 191 -0.597520
92 93 -0.444094
92 2 -0.276124
92 192 0.454040
93 94 -0.082186
93 3 -0.473171
93 193 0.363684
94 95 -1.837745
94 4 0.545354
94 194 0.490962
95 96 0.258748
95 5 0.548470
95 195 -0.632546
96 97 -1.222819
96 6 0.807158
96 196 0.409525
97 98 0.570816
97 7 -1.386092
97 197 -0.446190
98 99 -0.995002
98 8 1.545370
98 198 -1.588422
99 90 1.484806
99 9 0.988576
99 199 -1.160036
100 101 0.583853
100 110 2.939353
100 200 -0.733003
101 102 -0.441279
101 111 1.697891
101 201 -1.073348
102 103 0.651869
102 112 -0.923628
102 202 1.536828
103 104 -2.238467
103 113 -0.328366
103 203 -0.177407
104 105 0.030041
104 114 -2.040184
104 204 0.423189
105 106 -0.372489
105 115 0.561379
105 205 -1.220475
106 107 -1.884084
106 116 -0.836447
106 206 1.715390
107 108 -0.674408
107 117 -0.288770
107 207 -0.738503
108 109 -1.375881
108 118 0.752063
108 208 -0.768652
109 100 1.377443
109 119 1.060732
109 209 0.388793
110 111 0.501840
110 120 2.117004
110 210 -0.692268
111 112 0.642817
111 121 0.024879
111 211 -0.891983
112 113 -0.240966
112 122 0.228667
112 212 -1.449275
113 114 1.065748
113 123 -1.568385
113 213 0.436489
114 115 -0.475023
114 124 0.589239
114 214 0.965065
115 116 -0.564917
115 125 0.496811
115 215 0.063743
116 117 -0.412878
116 126 -0.374026
116 216 -0.394914
117 118 -0.262247
117 127 -0.789499
117 217 -0.430285
118 119 -1.316891
118 128 -1.173537
118 218 0.356660
119 110 2.853575
119 129 -0.881841
119 219 0.145579
120 121 0.676394
120 130 0.828448
120 220 0.563035
121 122 -1.034674
121 131 -0.412590
121 221 1.357547
122 123 -0.485648
122 132 -1.247087
122 222 -0.230517
123 124 1.955003
123 133 -0.200621
123 223 -0.321302
124 125 0.622588
124 134 -2.925041
124 224 0.038753
125 126 1.513291
125 135 -0.054771
125 225 1.045997
126 127 -1.204318
126 136 0.612299
126 226 0.352830
127 128 -0.625180
127 137 0.026679
127 227 -0.577982
128 129 0.012290
128 138 0.623476
128 228 -0.089647
129 120 0.252375
129 139 2.536700
129 229 -0.146513
130 131 1.408432
130 140 -0.362545
130 230 0.328163
131 132 -0.428525
131 141 -0.068237
131 231 0.269098
132 133 1.307531
132 142 -0.860414
132 232 -0.718649
133 134 -0.653505
133 143 1.253719
133 233 0.944896
134 135 1.211201
134 144 -3.089460
134 234 -0.074827
135 136 -0.082634
135 145 -0.797932
135 235 0.057480
136 137 -0.497957
136 146 1.647634
136 236 0.786881
137 138 -2.385510
137 147 0.290345
137 237 1.004561
138 139 0.147427
138 148 -0.808744
138 238 -0.919426
139 130 -0.535919
139 149 -0.184766
139 239 0.704194
140 141 0.828125
140 150 -0.212240
140 240 0.023638
141 142 -1.722581
141 151 0.188523
141 241 0.664436
142 143 -0.397645
142 152 0.666429
142 242 0.608419
143 144 0.644132
143 153 -0.455745
143 243 0.690745
144 145 -0.174919
144 154 0.111248
144 244 0.417070
145 146 0.258887
145 155 -1.148180
145 245 0.938880
146 147 0.656034
146 156 -0.012433
146 246 1.225177
147 148 -0.331127
147 157 -0.148070
147 247 1.015030
148 149 -2.884316
148 158 -0.140381
148 248 0.261936
149 140 1.617660
149 159 -0.251313
149 249 -0.907922
150 151 -0.828407
150 160 1.149791
150 250 -0.929731
151 152 -0.184806
151 161 0.308285
151 251 1.824569
152 153 0.834302
152 162 -0.860471
152 252 0.622328
153 154 -0.416054
153 163 1.955289
153 253 -0.608738
154 155 3.713453
154 164 -0.783999
154 254 -0.613511
155 156 1.375733
155 165 1.781819
155 255 0.368560
156 157 2.388374
156 166 1.019294
156 256 0.037507
157 158 0.047517
157 167 -0.862635
157 257 0.709779
158 159 0.146538
158 168 0.603031
158 258 -1.229794
159 150 -0.316065
159 169 -0.556502
159 259 0.971912
160 161 -0.455101
160 170 -0.710722
160 260 -1.657706
161 162 1.176394
161 171 0.955444
161 261 0.417019
162 163 -0.569497
162 172 0.558295
162 262 -0.171695
163 164 0.637327
163 173 0.252402
163 263 0.941456
164 165 -0.994094
164 174 0.713095
164 264 1.428301
165 166 -0.713268
165 175 0.854826
165 265 1.072911
166 167 0.842190
166 176 0.204339
166 266 1.226510
167 168 -0.435782
167 177 0.870012
167 267 1.804963
168 169 0.176198
168 178 0.501023
168 268 0.372568
169 160 -0.527309
169 179 -0.557896
169 269 -2.191346
170 171 -0.679474
170 180 -2.314604
170 270 -0.056800
171 172 -1.348468
171 181 -0.754400
171 271 1.637187
172 173 0.606490
172 182 -0.234544
172 272 0.438674
173 174 -1.628604
173 183 -0.354507
173 273 0.286371
174 175 1.454091
174 184 0.470568
174 274 -0.856871
175 176 -0.877281
175 185 0.099590
175 275 -0.059308
176 177 -0.300019
176 186 0.099733
176 276 -0.375166
177 178 0.699220
177 187 0.551950
177 277 0.652981
178 179 -0.410792
178 188 -0.343638
178 278 -0.040619
179 170 -0.069897
179 189 -0.593501
179 279 -1.038830
180 181 0.739358
180 190 0.155275
180 280 -0.397424
181 182 1.897173
181 191 -1.600712
181 281 0.237407
182 183 1.061766
182 192 0.403358
182 282 0.557979
183 184 0.125481
183 193 0.608494
183 283 -3.662395
184 185 -0.989168
184 194 0.306032
184 284 -0.006596
185 186 0.660516
185 195 1.495159
185 285 -1.814223
186 187 0.575702
186 196 0.767247
186 286 1.043027
187 188 -1.652770
187 197 2.122257
187 287 -0.861327
188 189 -1.024501
188 198 1.067562
188 288 0.059224
189 180 0.562257
189 199 -0.358258
189 289 -0.973589
190 191 -0.640126
190 100 0.380544
190 290 -0.782878
191 192 -0.970330
191 101 -0.276587
191 291 -0.531942
192 193 -0.003934
192 102 -0.484557
192 292 0.192980
193 194 0.954236
193 103 0.637931
193 293 0.157674
194 195 0.522388
194 104 -1.694387
194 294 -0.749741
195 196 1.068978
195 105 -0.416780
195 295 1.466134
196 197 1.436985
196 106 -0.032787
196 296 2.121017
197 198 2.327409
197 107 -0.788150
197 297 0.641545
198 199 -0.612131
198 108 1.537113
198 298 0.617652
199 190 0.512390
199 109 -0.619623
199 299 0.572767
200 201 2.277677
200 210 0.573127
200 300 0.439675
201 202 -1.083019
201 211 -0.349278
201 301 2.423795
202 203 2.387955
202 212 -0.176912
202 302 1.654279
203 204 0.330946
203 213 -1.006854
203 303 -0.984238
204 205 0.953431
204 214 -0.776388
204 304 -1.458431
205 206 0.162106
205 215 0.398820
205 305 -0.766537
206 207 1.497131
206 216 -1.140838
206 306 0.952478
207 208 0.687887
207 217 -1.177585
207 307 1.192389
208 209 -1.025501
208 218 -0.037644
208 308 -0.464297
209 200 0.933156
209 219 -0.056074
209 309 0.838653
210 211 0.436362
210 220 0.855675
210 310 -0.330380
211 212 0.237678
211 221 -0.662823
211 311 1.298153
212 213 0.029171
212 222 1.395431
212 312 0.025527
213 214 -1.069892
213 223 1.720965
213 313 -0.261283
214 215 -1.846657
214 224 1.621336
214 314 0.156121
215 216 1.460434
215 225 0.664885
215 315 1.289491
216 217 -0.787689
216 226 -1.221275
216 316 0.668756
217 218 -1.279648
217 227 -1.427590
217 317 1.015971
218 219 -1.395461
218 228 -0.926437
218 318 -1.393864
219 210 -1.674372
219 229 -1.033399
219 319 -0.131202
220 221 0.564568
220 230 0.303260
220 320 -0.551330
221 222 0.909383
221 231 0.196444
221 321 1.037703
222 223 0.293100
222 232 -1.343350
222 322 -0.546156
223 224 -0.145972
223 233 -0.560249
223 323 -0.027747
224 225 -0.167168
224 234 -0.458862
224 324 1.214160
225 226 -0.974272
225 235 0.252155
225 325 -0.837928
226 227 -1.172076
226 236 -0.885348
226 326 0.659798
227 228 -1.657467
227 237 0.478554
227 327 -0.617068
228 229 -1.599732
228 238 1.786258
228 328 0.946695
229 220 -0.391630
229 239 -0.053970
229 329 -1.819106
230 231 0.443451
230 240 -0.245430
230 330 0.309640
231 232 -0.828356
231 241 -1.385367
231 331 0.166182
232 233 -0.371696
232 242 1.034552
232 332 -0.143090
233 234 -0.211880
233 243 -1.621499
233 333 1.173373
234 235 -0.490436
234 244 -0.029520
234 334 -1.444479
235 236 -0.445670
235 245 -0.597953
235 335 0.649640
236 237 0.086459
236 246 1.035677
236 336 0.852154
237 238 0.515931
237 247 0.805942
237 337 1.154684
238 239 0.174540
238 248 0.506577
238 338 -0.423530
239 230 -0.135415
239 249 -0.179988
239 339 -0.384757
240 241 0.082544
240 250 -0.827263
240 340 -0.165348
241 242 1.064690
241 251 -1.361653
241 341 -0.841830
242 243 -0.955335
242 252 1.321488
242 342 0.896909
243 244 -0.917359
243 253 -0.348262
243 343 -1.073934
244 245 -1.903248
244 254 -0.050890
244 344 0.327879
245 246 2.131313
245 255 -0.990519
245 345 1.605505
246 247 0.595762
246 256 -0.528059
246 346 -0.774663
247 248 -0.019851
247 257 1.284348
247 347 1.813385
248 249 -1.749621
248 258 2.116573
248 348 1.320728
249 240 -0.280317
249 259 -0.015777
249 349 0.316081
250 251 -0.523878
250 260 -1.060541
250 350 -0.463063
251 252 -1.908161
251 261 -0.214743
251 351 0.218230
252 253 1.204512
252 262 -0.846435
252 352 0.836959
253 254 -0.387899
253 263 0.415500
253 353 -0.910837
254 255 -1.117993
254 264 -1.131813
254 354 -0.043472
255 256 -0.070983
255 265 0.345063
255 355 0.035904
256 257 -1.210012
256 266 0.606224
256 356 0.226878
257 258 0.125363
257 267 0.297936
257 357 -0.022592
258 259 0.238161
258 268 0.174180
258 358 -0.420468
259 250 1.403650
259 269 -0.177263
259 359 0.693801
260 261 0.607121
260 270 1.347257
260 360 1.086802
261 262 -1.263051
261 271 -0.927109
261 361 -1.000014
262 263 -1.462202
262 272 -1.123353
262 362 1.144443
263 264 0.458426
263 273 1.622193
263 363 -0.857088
264 265 -1.377816
264 274 0.093306
264 364 -0.091509
265 266 -1.730672
265 275 -0.132767
265 365 -0.517952
266 267 -0.514140
266 276 1.048809
266 366 1.725588
267 268 0.771757
267 277 0.045343
267 367 -0.484644
268 269 -1.300065
268 278 -1.922350
268 368 -2.317996
269 260 0.826874
269 279 0.367338
269 369 1.410664
270 271 1.410934
270 280 -0.944570
270 370 -0.286110
271 272 2.181376
271 281 -0.957912
271 371 1.204175
272 273 0.125048
272 282 -2.634795
272 372 -0.008575
273 274 1.146584
273 283 1.067033
273 373 -0.943738
274 275 -1.608643
274 284 -1.727432
274 374 -0.008425
275 276 1.201409
275 285 -0.234465
275 375 0.981978
276 277 -0.010155
276 286 -0.437112
276 376 -1.955258
277 278 1.831589
277 287 0.558978
277 377 0.900034
278 279 -0.338739
278 288 1.851637
278 378 0.397805
279 270 -0.112706
279 289 0.046566
279 379 -1.332003
280 281 -0.123669
280 290 -1.338516
280 380 0.129654
281 282 1.082897
281 291 0.314212
281 381 1.459773
282 283 0.555166
282 292 0.915774
282 382 -0.080450
283 284 1.262308
283 293 1.262271
283 383 -1.379438
284 285 -0.228651
284 294 -0.963566
284 384 0.950622
285 286 1.135355
285 295 -0.885047
285 385 0.741380
286 287 0.025098
286 296 -0.723839
286 386 -1.311802
287 288 0.273415
287 297 0.691108
287 387 0.081546
288 289 -0.756616
288 298 0.998302
288 388 -1.260880
289 280 2.468420
289 299 0.103329
289 389 1.068042
290 291 -0.896457
290 200 -0.636362
290 390 1.621779
291 292 0.210631
291 201 -2.338539
291 391 0.270716
292 293 0.582447
292 202 -0.108269
292 392 -1.247735
293 294 -1.296156
293 203 0.696499
293 393 0.317485
294 295 0.539519
294 204 -0.525606
294 394 0.546612
295 296 -0.177678
295 205 -0.701667
295 395 -0.068179
296 297 -1.157313
296 206 0.641404
296 396 -0.856643
297 298 0.217401
297 207 1.352093
297 397 -0.657251
298 299 0.114130
298 208 -1.618114
298 398 -1.358683
299 290 1.558821
299 209 -0.731585
299 399 -0.827333
300 301 -0.379346
300 310 0.527603
300 400 -0.327082
301 302 0.620648
301 311 1.409910
301 401 -1.588153
302 303 0.753253
302 312 0.811941
302 402 0.758813
303 304 1.867048
303 313 1.237202
303 403 -0.434963
304 305 -1.639319
304 314 1.020344
304 404 -1.047615
305 306 0.342671
305 315 -1.088790
305 405 -2.028855
306 307 -0.435353
306 316 -0.194225
306 406 1.049807
307 308 0.811732
307 317 0.271788
307 407 -0.512901
308 309 2.549290
308 318 1.199896
308 408 0.762394
309 300 -0.029655
309 319 2.013068
309 409 0.038467
310 311 -0.150441
310 320 0.506470
310 410 0.671575
311 312 -2.565867
311 321 0.073041
311 411 0.121652
312 313 0.729908
312 322 -0.473827
312 412 0.030652
313 314 0.303344
313 323 -0.962964
313 413 -0.309310
314 315 -2.032619
314 324 0.702931
314 414 0.235591
315 316 -0.341919
315 325 -1.330413
315 415 -0.474365
316 317 0.569510
316 326 -0.347904
316 416 0.454434
317 318 -0.134481
317 327 1.379159
317 417 -0.756180
318 319 -0.097573
318 328 -0.702733
318 418 0.230119
319 310 -0.732631
319 329 -0.072969
319 419 3.455014
320 321 0.408048
320 330 0.132710
320 420 1.176445
321 322 -1.320011
321 331 0.323845
321 421 0.300376
322 323 -0.479306
322 332 -0.055162
322 422 -0.179046
323 324 1.461831
323 333 -0.335871
323 423 -0.423419
324 325 -0.247242
324 334 -0.170290
324 424 0.989389
325 326 1.493928
325 335 -1.030107
325 425 0.644785
326 327 1.776273
326 336 -2.513618
326 426 -0.035648
327 328 -0.198649
327 337 2.260296
327 427 -0.899873
328 329 0.680513
328 338 -0.900327
328 428 0.574526
329 320 0.201741
329 339 0.094415
329 429 -0.683917
330 331 -1.052213
330 340 1.575706
330 430 1.889065
331 332 -1.145230
331 341 2.399119
331 431 -0.258852
332 333 0.108263
332 342 3.099102
332 432 1.036870
333 334 1.594587
333 343 0.999825
333 433 1.225556
334 335 -0.615803
334 344 1.484078
334 434 -0.572991
335 336 -0.004370
335 345 -0.259007
335 435 -0.586403
336 337 1.391173
336 346 0.199235
336 436 1.331889
337 338 -0.172366
337 347 2.027485
337 437 -0.680834
338 339 1.735924
338 348 0.152063
338 438 1.425557
339 330 -1.236404
339 349 -0.447251
339 439 0.204882
340 341 -0.817030
340 350 1.481139
340 440 -1.908882
341 342 -1.578660
341 351 -0.078408
341 441 -1.099197
342 343 -1.085412
342 352 0.123568
342 442 1.435917
343 344 0.526222
343 353 -0.031139
343 443 0.710451
344 345 0.284672
344 354 -0.021726
344 444 -0.139115
345 346 0.278491
345 355 -0.708640
345 445 0.043762
346 347 0.139201
346 356 -0.685868
346 446 -0.048618
347 348 1.036130
347 357 1.214382
347 447 -0.773961
348 349 0.286854
348 358 -0.260241
348 448 0.076987
349 340 1.357953
349 359 -0.143349
349 449 0.616217
350 351 -1.403203
350 360 -0.575994
350 450 0.940348
351 352 0.784418
351 361 0.884729
351 451 -0.434786
352 353 0.115334
352 362 0.274765
352 452 0.433570
353 354 -0.370713
353 363 1.757053
353 453 0.616976
354 355 -0.151379
354 364 0.620134
354 454 0.170811
355 356 1.144026
355 365 -0.261172
355 455 0.427650
356 357 -0.566060
356 366 0.950548
356 456 -0.471519
357 358 -0.081203
357 367 1.013430
357 457 1.299970
358 359 -0.226375
358 368 0.075140
358 458 -0.482266
359 350 1.795308
359 369 0.721044
359 459 1.770019
360 361 -0.741565
360 370 0.007400
360 460 -0.185690
361 362 -0.842132
361 371 0.124857
361 461 0.430686
362 363 -0.090242
362 372 0.555087
362 462 -1.230220
363 364 -0.648940
363 373 1.595677
363 463 -0.071542
364 365 0.693141
364 374 -0.525469
364 464 0.006667
365 366 0.882045
365 375 0.093306
365 465 0.082180
366 367 -1.833124
366 376 -1.088759
366 466 -1.045133
367 368 1.518680
367 377 1.703258
367 467 0.427805
368 369 -1.481684
368 378 -0.846338
368 468 -0.414020
369 360 0.029540
369 379 0.469772
369 469 -0.125900
370 371 1.551117
370 380 1.127769
370 470 0.346571
371 372 1.568725
371 381 -1.357885
371 471 0.284437
372 373 -0.344953
372 382 -2.473546
372 472 -1.546435
373 374 1.191695
373 383 0.587667
373 473 -1.214940
374 375 -1.145422
374 384 0.405963
374 474 1.814217
375 376 0.588478
375 385 0.597066
375 475 1.184576
376 377 -0.377659
376 386 0.730871
376 476 -0.749428
377 378 -0.670151
377 387 0.572318
377 477 -0.959707
378 379 0.864759
378 388 -0.450522
378 478 -0.049686
379 370 -0.517338
379 389 -0.142597
379 479 -0.629710
380 381 -0.179773
380 390 0.218835
380 480 0.852562
381 382 -1.645359
381 391 -0.913411
381 481 -0.278670
382 383 0.772866
382 392 -0.703958
382 482 0.522392
383 384 0.122604
383 393 -0.421342
383 483 0.263380
384 385 0.786328
384 394 0.471559
384 484 0.449504
385 386 -1.086840
385 395 -1.967507
385 485 0.834743
386 387 -1.397134
386 396 -2.125124
386 486 -1.681203
387 388 -0.434792
387 397 -0.731489
387 487 1.715213
388 389 0.563328
388 398 -1.262213
388 488 0.167310
389 380 -0.159376
389 399 -1.418157
389 489 -0.307444
390 391 2.093929
390 300 0.918082
390 490 0.123308
391 392 1.513039
391 301 -0.863294
391 491 -0.121489
392 393 -1.823260
392 302 0.815954
392 492 1.628337
393 394 0.088680
393 303 -0.605989
393 493 -1.106763
394 395 0.149913
394 304 0.642262
394 494 -0.455080
395 396 0.403995
395 305 0.919204
395 495 -1.260566
396 397 -0.200518
396 306 -0.537617
396 496 -0.504177
397 398 0.504551
397 307 -0.803632
397 497 0.129040
398 399 0.784779
398 308 -1.727796
398 498 1.709735
399 390 1.261448
399 309 -0.506948
399 499 0.102236
400 401 0.132158
400 410 0.965780
400 500 -1.633103
401 402 0.546752
401 411 -1.514550
401 501 0.228822
402 403 1.561860
402 412 0.084628
402 502 -0.401719
403 404 -1.029914
403 413 0.469406
403 503 0.877992
404 405 -0.780375
404 414 -0.629633
404 504 0.173984
405 406 2.338915
405 415 -0.102376
405 505 -0.752702
406 407 -0.242163
406 416 -2.058037
406 506 0.095047
407 408 -1.184201
407 417 2.066741
407 507 -1.197474
408 409 0.317462
408 418 1.137766
408 508 0.767157
409 400 0.355934
409 419 1.040275
409 509 -1.829861
410 411 -0.437440
410 420 -0.595066
410 510 -1.579800
411 412 1.168858
411 421 -0.895785
411 511 0.707132
412 413 0.899980
412 422 -0.103479
412 512 -1.409894
413 414 0.926603
413 423 -1.498200
413 513 0.099126
414 415 1.448682
414 424 -1.632527
414 514 -2.245280
415 416 -0.968821
415 425 -0.697554
415 515 3.214621
416 417 1.951573
416 426 1.855810
416 516 -0.255463
417 418 -0.379535
417 427 0.669991
417 517 0.028535
418 419 0.475703
418 428 1.990477
418 518 0.280962
419 410 -0.769420
419 429 1.374351
419 519 -0.511230
420 421 -2.016726
420 430 1.477647
420 520 0.204683
421 422 -0.450394
421 431 0.375218
421 521 -0.931373
422 423 0.509488
422 432 -0.128647
422 522 -0.355566
423 424 0.455832
423 433 1.253194
423 523 0.713409
424 425 -1.705630
424 434 -0.997944
424 524 1.574268
425 426 1.356074
425 435 -1.678005
425 525 1.376818
426 427 0.077144
426 436 1.239224
426 526 0.266374
427 428 -0.780518
427 437 -1.365087
427 527 0.036585
428 429 1.367678
428 438 -0.459740
428 528 0.079257
429 420 0.462451
429 439 0.165391
429 529 -1.935833
430 431 -1.009624
430 440 0.320043
430 530 1.046387
431 432 1.289626
431 441 1.504492
431 531 -1.026202
432 433 0.184613
432 442 -1.169403
432 532 0.620233
433 434 -2.360211
433 443 -0.850964
433 533 -2.610419
434 435 0.148409
434 444 0.534534
434 534 -0.614235
435 436 0.088659
435 445 -2.136269
435 535 0.540914
436 437 -1.580066
436 446 -0.461534
436 536 1.102135
437 438 -0.750349
437 447 1.141129
437 537 -0.162697
438 439 0.332203
438 448 -2.817056
438 538 0.073699
439 430 -0.910182
439 449 -0.214783
439 539 -0.521455
440 441 0.148676
440 450 -1.107589
440 540 -1.937423
441 442 -1.325344
441 451 0.935411
441 541 0.514280
442 443 -0.627518
442 452 1.923850
442 542 -0.730356
443 444 -0.916759
443 453 -0.615360
443 543 0.527500
444 445 -1.614211
444 454 -0.749300
444 544 0.547354
445 446 0.812334
445 455 0.766751
445 545 -2.686963
446 447 -1.341542
446 456 0.583023
446 546 0.166114
447 448 -0.050808
447 457 1.451370
447 547 -0.545175
448 449 -0.434146
448 458 0.224688
448 548 0.739811
449 440 0.764121
449 459 1.306495
449 549 -1.582105
450 451 -1.255727
450 460 -1.418810
450 550 -0.334716
451 452 -0.688295
451 461 0.165323
451 551 -1.647854
452 453 -1.077210
452 462 -0.863191
452 552 -3.887687
453 454 -0.348435
453 463 -0.420312
453 553 0.622466
454 455 -0.554240
454 464 -0.838813
454 554 -0.375620
455 456 0.986654
455 465 -1.130741
455 555 1.189981
456 457 1.037809
456 466 -1.091014
456 556 0.897594
457 458 -1.323348
457 467 -0.296504
457 557 -0.755805
458 459 1.497730
458 468 -0.612508
458 558 0.967311
459 450 -0.743799
459 469 1.562023
459 559 0.343646
460 461 1.761187
460 470 -1.746663
460 560 -1.433318
461 462 2.611759
461 471 -0.280741
461 561 0.591717
462 463 -0.295989
462 472 -1.872089
462 562 -0.710536
463 464 -0.165425
463 473 2.352512
463 563 0.651134
464 465 -0.026456
464 474 1.017658
464 564 -0.142851
465 466 0.624108
465 475 1.338569
465 565 -0.782401
466 467 1.675994
466 476 0.955068
466 566 1.095511
467 468 0.253470
467 477 -0.019440
467 567 1.317079
468 469 -0.056125
468 478 1.291506
468 568 -0.337587
469 460 0.635184
469 479 -0.109069
469 569 0.820310
470 471 -1.767881
470 480 1.905566
470 570 -0.846073
471 472 -3.653335
471 481 1.137986
471 571 -0.359839
472 473 -1.264361
472 482 0.382654
472 572 0.525458
473 474 -0.608171
473 483 0.893905
473 573 1.455616
474 475 0.620377
474 484 -0.858748
474 574 -0.314808
475 476 0.432815
475 485 0.390268
475 575 -0.582613
476 477 0.168446
476 486 2.660759
476 576 -2.590655
477 478 0.694351
477 487 -0.668112
477 577 1.314112
478 479 -1.156289
478 488 -0.123205
478 578 1.171547
479 470 -0.782473
479 489 0.132172
479 579 0.455503
480 481 0.384819
480 490 0.092880
480 580 1.711386
481 482 2.069003
481 491 -0.226893
481 581 1.709606
482 483 0.718139
482 492 0.287154
482 582 -0.222257
483 484 -0.681160
483 493 0.690393
483 583 -1.140690
484 485 -0.725632
484 494 -1.065153
484 584 0.332318
485 486 -1.161618
485 495 -0.696701
485 585 -0.202078
486 487 -0.869095
486 496 0.349148
486 586 1.286491
487 488 -0.877940
487 497 -0.765635
487 587 -0.822059
488 489 -0.788064
488 498 -0.178054
488 588 -0.942617
489 480 1.247708
489 499 0.370049
489 589 -1.362338
490 491 -0.675006
490 400 1.355692
490 590 -2.174405
491 492 -0.231606
491 401 -1.555753
491 591 1.331349
492 493 0.418796
492 402 -0.704805
492 592 1.399796
493 494 1.101452
493 403 1.672293
493 593 -0.696242
494 495 0.317193
494 404 1.010020
494 594 -0.748061
495 496 -0.488892
495 405 1.334602
495 595 -0.750435
496 497 0.205339
496 406 0.465306
496 596 0.292618
497 498 -0.572099
497 407 0.245250
497 597 1.425192
498 499 1.126925
498 408 1.050205
498 598 0.534649
499 490 0.170434
499 409 0.453821
499 599 0.950016
500 501 -0.552572
500 510 0.798390
500 600 0.493499
501 502 0.540833
501 511 -1.331876
501 601 -1.138328
502 503 -1.385357
502 512 -1.489461
502 602 0.675195
503 504 0.460859
503 513 -0.245389
503 603 0.483745
504 505 -0.022905
504 514 -0.159440
504 604 0.167974
505 506 -0.453590
505 515 -0.872266
505 605 0.164948
506 507 -0.909756
506 516 -1.405913
506 606 -0.420968
507 508 -0.084439
507 517 2.026902
507 607 0.139799
508 509 0.215666
508 518 -2.151669
508 608 -0.077238
509 500 0.835828
509 519 1.648731
509 609 -0.691241
510 511 0.751679
510 520 -0.816564
510 610 -0.410008
511 512 0.487788
511 521 -0.756195
511 611 -1.109751
512 513 -0.703150
512 522 0.774441
512 612 -0.166822
513 514 -0.418116
513 523 -0.839556
513 613 0.776431
514 515 0.550170
514 524 -2.180692
514 614 0.305137
515 516 0.468993
515 525 -0.891420
515 615 -0.743006
516 517 0.039526
516 526 -0.437319
516 616 1.444911
517 518 0.000856
517 527 -2.134120
517 617 0.123479
518 519 -0.860271
518 528 0.069481
518 618 -0.995680
519 510 -0.735290
519 529 -0.707295
519 619 -0.736687
520 521 0.115756
520 530 -0.122086
520 620 -0.349504
521 522 0.742513
521 531 -0.472169
521 621 -0.551372
522 523 1.701424
522 532 0.521227
522 622 0.470960
523 524 -0.306724
523 533 2.529104
523 623 0.043012
524 525 0.935527
524 534 1.752906
524 624 -0.121092
525 526 0.660103
525 535 0.570568
525 625 -0.455332
526 527 0.393253
526 536 0.498748
526 626 1.297544
527 528 -0.604570
527 537 0.266857
527 627 -0.394207
528 529 0.224668
528 538 -1.706989
528 628 -0.329499
529 520 0.852276
529 539 0.232755
529 629 0.685171
530 531 -0.829245
530 540 0.213253
530 630 -3.121736
531 532 1.727072
531 541 -0.218110
531 631 0.397503
532 533 0.252200
532 542 0.956574
532 632 0.452653
533 534 -0.560804
533 543 1.207449
533 633 -0.387060
534 535 1.435268
534 544 -0.096247
534 634 2.302437
535 536 -0.057118
535 545 -0.190115
535 635 0.472646
536 537 -1.128081
536 546 -0.831773
536 636 -0.272772
537 538 -2.135026
537 547 -0.497370
537 637 -0.162147
538 539 -1.843626
538 548 0.944269
538 638 -1.705864
539 530 -1.193868
539 549 -0.913000
539 639 -1.329673
540 541 0.250185
540 550 -0.513090
540 640 0.461800
541 542 2.398541
541 551 -1.326206
541 641 -0.438707
542 543 1.805510
542 552 -0.455613
542 642 0.282940
543 544 -0.159999
543 553 -0.292195
543 643 0.722472
544 545 -0.529953
544 554 -0.343827
544 644 0.874518
545 546 -0.307156
545 555 1.068644
545 645 -0.312606
546 547 2.145925
546 556 0.469530
546 646 -1.142312
547 548 0.985049
547 557 -1.013447
547 647 -1.248922
548 549 0.822996
548 558 0.798250
548 648 1.226666
549 540 0.014022
549 559 0.450553
549 649 -0.618895
550 551 2.558084
550 560 0.220906
550 650 0.700861
551 552 -0.574032
551 561 0.165902
551 651 -1.035083
552 553 1.192973
552 562 1.156742
552 652 -0.332259
553 554 0.239477
553 563 1.292372
553 653 0.300280
554 555 1.336822
554 564 0.719839
554 654 0.992509
555 556 0.861070
555 565 -0.107413
555 655 0.876609
556 557 -1.758138
556 566 0.139309
556 656 -0.270886
557 558 -2.432752
557 567 -1.806563
557 657 -0.606677
558 559 -0.543226
558 568 0.094986
558 658 1.248629
559 550 -0.027374
559 569 -1.504013
559 659 -1.056443
560 561 -0.456070
560 570 0.589964
560 660 -0.669106
561 562 -0.736557
561 571 0.021512
561 661 -1.047043
562 563 0.687883
562 572 -1.097039
562 662 -0.810985
563 564 0.002637
563 573 -0.260340
563 663 -1.359026
564 565 -0.153388
564 574 0.247117
564 664 -0.274760
565 566 -0.031141
565 575 1.074061
565 665 -0.356154
566 567 0.586432
566 576 -1.395100
566 666 0.799959
567 568 -0.025905
567 577 0.482395
567 667 -0.667361
568 569 -0.128312
568 578 1.651964
568 668 1.280107
569 560 -0.353121
569 579 -1.062657
569 669 0.264918
570 571 1.106073
570 580 -0.181248
570 670 -0.813782
571 572 -1.226348
571 581 -1.597546
571 671 -0.493315
572 573 -0.473526
572 582 0.060744
572 672 -1.438465
573 574 1.308465
573 583 -0.209248
573 673 0.350069
574 575 -0.552738
574 584 -1.825994
574 674 -1.797946
575 576 -0.052510
575 585 -0.382502
575 675 0.730716
576 577 1.858800
576 586 -0.238367
576 676 1.611410
577 578 -0.568389
577 587 2.286312
577 677 1.716392
578 579 1.455588
578 588 -1.157538
578 678 -0.733301
579 570 0.840300
579 589 -1.089711
579 679 1.183804
580 581 -1.630737
580 590 0.889340
580 680 -0.327225
581 582 0.353016
581 591 0.767585
581 681 0.521876
582 583 -0.847610
582 592 0.573059
582 682 0.488105
583 584 -2.644255
583 593 -0.158083
583 683 0.908467
584 585 0.353765
584 594 -1.713884
584 684 0.104383
585 586 0.746006
585 595 1.505552
585 685 -1.244374
586 587 0.180830
586 596 -1.022841
586 686 0.246308
587 588 -0.324935
587 597 -0.076000
587 687 -1.326140
588 589 -0.003195
588 598 -0.987831
588 688 -0.636882
589 580 0.049028
589 599 0.117633
589 689 -0.263435
590 591 1.548149
590 500 -1.603451
590 690 -0.359352
591 592 -0.460102
591 501 1.956991
591 691 1.123421
592 593 0.789000
592 502 0.325063
592 692 0.667937
593 594 -0.025571
593 503 0.591428
593 693 1.978689
594 595 0.181278
594 504 0.406568
594 694 1.171340
595 596 1.665533
595 505 -0.711826
595 695 0.905689
596 597 -0.235184
596 506 -0.282172
596 696 0.018797
597 598 -0.421125
597 507 0.291342
597 697 0.498167
598 599 0.297506
598 508 0.025077
598 698 -0.404577
599 590 -1.486261
599 509 2.139844
599 699 0.541442
600 601 -0.379461
600 610 -0.244463
600 700 0.253205
601 602 1.534119
601 611 -0.679083
601 701 -0.836140
602 603 1.042317
602 612 0.670144
602 702 0.001929
603 604 -0.633772
603 613 1.603827
603 703 0.806464
604 605 0.719506
604 614 -0.772934
604 704 -1.224620
605 606 -0.436203
605 615 -1.870783
605 705 1.303231
606 607 -0.738977
606 616 -1.361312
606 706 -0.039714
607 608 -1.018735
607 617 -0.239225
607 707 1.284965
608 609 0.348879
608 618 -0.384505
608 708 0.125904
609 600 -0.216076
609 619 -1.879851
609 709 1.311361
610 611 -0.054526
610 620 2.267255
610 710 -1.127819
611 612 -1.225726
611 621 1.592108
611 711 -0.819600
612 613 -0.589851
612 622 0.964129
612 712 -1.469364
613 614 -0.981930
613 623 1.303944
613 713 0.168802
614 615 -1.732587
614 624 0.442142
614 714 1.585144
615 616 0.465822
615 625 -0.249123
615 715 -2.292376
616 617 -2.230741
616 626 -0.250318
616 716 -0.285672
617 618 -0.020819
617 627 -0.098879
617 717 -2.315632
618 619 -0.062294
618 628 0.760966
618 718 0.345227
619 610 -0.399723
619 629 0.289895
619 719 -0.680555
620 621 -0.441951
620 630 -0.387249
620 720 0.262741
621 622 1.192607
621 631 -0.680124
621 721 1.056058
622 623 -1.405198
622 632 0.993380
622 722 0.642212
623 624 0.601400
623 633 -1.024321
623 723 -1.409066
624 625 -0.638577
624 634 -0.716077
624 724 -0.673658
625 626 1.786291
625 635 1.155541
625 725 -0.960171
626 627 1.052599
626 636 0.112401
626 726 1.647561
627 628 1.380530
627 637 -0.754988
627 727 -0.100454
628 629 -0.969454
628 638 -0.565173
628 728 0.517265
629 620 1.826431
629 639 1.428999
629 729 0.596355
630 631 0.142874
630 640 0.971034
630 730 0.592267
631 632 -0.141986
631 641 -1.498123
631 731 -0.830673
632 633 1.240881
632 642 0.048319
632 732 1.427620
633 634 -0.375747
633 643 1.307734
633 733 -0.077269
634 635 -0.641923
634 644 0.542363
634 734 0.681291
635 636 0.160764
635 645 -1.843973
635 735 1.026159
636 637 -0.649513
636 646 -0.228532
636 736 0.719009
637 638 0.589976
637 647 -0.130360
637 737 0.334083
638 639 0.686912
638 648 0.375581
638 738 0.272355
639 630 -0.982096
639 649 0.906250
639 739 -0.393536
640 641 -1.031289
640 650 0.738260
640 740 -1.267832
641 642 0.624127
641 651 0.269569
641 741 0.370339
642 643 1.114257
642 652 -0.922976
642 742 -2.129394
643 644 -0.971697
643 653 0.391312
643 743 0.626302
644 645 -1.081377
644 654 -0.613542
644 744 0.784119
645 646 -0.478078
645 655 -0.305533
645 745 -1.111620
646 647 -0.767868
646 656 -0.270826
646 746 0.333357
647 648 -2.150720
647 657 0.256822
647 747 0.055839
648 649 1.307708
648 658 -1.777525
648 748 -0.720561
649 640 0.374094
649 659 0.844007
649 749 -1.130108
650 651 -0.558643
650 660 0.142016
650 750 -0.398687
651 652 0.150116
651 661 -0.783203
651 751 -0.264314
652 653 2.384406
652 662 0.848007
652 752 0.254273
653 654 1.656209
653 663 1.265557
653 753 0.381204
654 655 -1.430654
654 664 1.299316
654 754 2.167397
655 656 1.190177
655 665 1.660243
655 755 0.901000
656 657 0.012934
656 666 1.488964
656 756 0.615350
657 658 0.302786
657 667 0.597859
657 757 -1.654211
658 659 -0.697640
658 668 -1.197108
658 758 2.639880
659 650 -0.445342
659 669 0.882823
659 759 0.154551
660 661 0.977116
660 670 0.209310
660 760 0.178203
661 662 0.649500
661 671 -0.029942
661 761 1.071136
662 663 -0.929282
662 672 1.268882
662 762 -0.796192
663 664 0.792409
663 673 0.679018
663 763 -0.065528
664 665 0.896827
664 674 -0.831331
664 764 -0.478499
665 666 -0.924241
665 675 0.398337
665 765 -0.172396
666 667 0.371208
666 676 -1.700237
666 766 0.578800
667 668 2.217838
667 677 1.135627
667 767 -1.344999
668 669 -1.188223
668 678 1.140164
668 768 0.995864
669 660 0.299297
669 679 0.795292
669 769 1.132932
670 671 -1.491249
670 680 -0.027686
670 770 0.390456
671 672 0.678206
671 681 1.484661
671 771 -0.228969
672 673 -0.093214
672 682 -0.544049
672 772 0.102284
673 674 -1.684158
673 683 -0.299344
673 773 -0.685797
674 675 -1.379438
674 684 -0.046849
674 774 1.625387
675 676 0.213508
675 685 -1.146089
675 775 0.663591
676 677 1.271810
676 686 1.120317
676 776 0.018752
677 678 0.642787
677 687 -1.382490
677 777 0.109770
678 679 -1.094625
678 688 -1.591516
678 778 0.902140
679 670 0.875786
679 689 0.361705
679 779 2.825320
680 681 -1.072829
680 690 -0.315559
680 780 0.552430
681 682 0.755998
681 691 -1.694822
681 781 -0.817795
682 683 -0.238689
682 692 1.296701
682 782 1.436316
683 684 -0.143090
683 693 0.977148
683 783 -2.532871
684 685 0.461158
684 694 0.019075
684 784 0.093100
685 686 -1.072378
685 695 1.207386
685 785 1.626404
686 687 0.218677
686 696 0.574334
686 786 0.800751
687 688 -0.738582
687 697 -0.316519
687 787 -1.656086
688 689 -0.832311
688 698 0.501657
688 788 2.048005
689 680 -0.767722
689 699 -0.513493
689 789 1.473414
690 691 0.292387
690 600 1.475842
690 790 -1.271501
691 692 0.982696
691 601 -0.591183
691 791 -0.843058
692 693 0.207056
692 602 -0.029574
692 792 0.722687
693 694 -0.230469
693 603 -0.809133
693 793 0.895243
694 695 -1.824876
694 604 -0.390919
694 794 0.203331
695 696 0.172967
695 605 -0.106233
695 795 -0.754019
696 697 0.290302
696 606 -0.671755
696 796 1.253921
697 698 1.110027
697 607 1.677598
697 797 -0.595639
698 699 -0.274883
698 608 1.804036
698 798 -0.994496
699 690 0.866864
699 609 -0.878380
699 799 -0.961680
700 701 -0.638098
700 710 -0.280318
700 800 0.927719
701 702 1.413385
701 711 -0.022376
701 801 0.642845
702 703 0.447813
702 712 -1.925900
702 802 -0.947027
703 704 -0.728155
703 713 -1.259702
703 803 -2.223622
704 705 -0.180101
704 714 -1.247420
704 804 -0.569804
705 706 1.636562
705 715 0.427370
705 805 0.376595
706 707 1.119697
706 716 1.354262
706 806 0.877725
707 708 1.378626
707 717 -0.376539
707 807 -0.182040
708 709 1.368521
708 718 -1.161703
708 808 1.439204
709 700 -0.547420
709 719 1.007875
709 809 -0.566767
710 711 0.507743
710 720 1.052657
710 810 0.896670
711 712 2.045983
711 721 -0.236964
711 811 -0.007951
712 713 1.139143
712 722 -0.214311
712 812 0.814131
713 714 -1.158722
713 723 -0.139073
713 813 -0.758705
714 715 0.211427
714 724 0.330011
714 814 -1.550730
715 716 -0.401233
715 725 0.146553
715 815 1.242248
716 717 0.934708
716 726 0.459752
716 816 0.816422
717 718 -0.174047
717 727 -0.394987
717 817 -0.671533
718 719 1.327430
718 728 1.925244
718 818 0.186108
719 710 -1.248155
719 729 -0.097923
719 819 2.040513
720 721 -0.746256
720 730 -0.481707
720 820 0.386265
721 722 0.476549
721 731 -1.819499
721 821 -1.561032
722 723 0.719998
722 732 0.477234
722 822 0.754881
723 724 1.078114
723 733 1.372464
723 823 1.296437
724 725 -1.461020
724 734 0.595482
724 824 0.383294
725 726 0.330907
725 735 1.694182
725 825 1.434869
726 727 0.178176
726 736 0.355398
726 826 -1.577694
727 728 0.623332
727 737 -1.453373
727 827 -0.953906
728 729 -0.154542
728 738 -1.129612
728 828 -1.383203
729 720 -0.507202
729 739 0.435669
729 829 -0.292461
730 731 -1.232649
730 740 0.598067
730 830 0.275238
731 732 -1.094951
731 741 -0.827081
731 831 -0.314378
732 733 0.524702
732 742 1.426183
732 832 0.237801
733 734 -1.343272
733 743 0.348935
733 833 -0.189494
734 735 -0.455308
734 744 -0.158935
734 834 0.908925
735 736 -0.623031
735 745 0.454170
735 835 0.515417
736 737 -1.328016
736 746 -0.213954
736 836 -0.323763
737 738 1.673587
737 747 -0.471164
737 837 -0.756678
738 739 1.913642
738 748 -1.392466
738 838 -1.873861
739 730 0.413642
739 749 0.181676
739 839 1.172725
740 741 -0.234465
740 750 0.475195
740 840 0.531069
741 742 2.164500
741 751 -1.137668
741 841 -0.439216
742 743 -2.339041
742 752 -0.526233
742 842 0.632836
743 744 -0.192402
743 753 -0.858235
743 843 0.694221
744 745 0.983194
744 754 0.825897
744 844 -0.430452
745 746 0.312415
745 755 -0.352516
745 845 -0.245844
746 747 -0.006170
746 756 0.572332
746 846 -2.030972
747 748 -1.148489
747 757 1.671205
747 847 -0.132703
748 749 0.140197
748 758 -0.816047
748 848 1.568925
749 740 -0.386265
749 759 0.042586
749 849 -0.198040
750 751 -0.152864
750 760 0.748568
750 850 -0.306431
751 752 0.296932
751 761 -0.742820
751 851 1.248632
752 753 -0.383488
752 762 -0.280087
752 852 0.329475
753 754 -0.867956
753 763 -0.289609
753 853 1.039812
754 755 -0.519023
754 764 2.350277
754 854 0.155880
755 756 0.909411
755 765 -1.471376
755 855 0.210620
756 757 0.705887
756 766 1.507354
756 856 0.468774
757 758 -1.250475
757 767 -2.020431
757 857 -0.130311
758 759 -1.187230
758 768 0.408469
758 858 0.835326
759 750 1.925607
759 769 0.920304
759 859 -0.296254
760 761 -0.607693
760 770 1.060447
760 860 -1.355003
761 762 -0.463053
761 771 -0.880489
761 861 2.206238
762 763 0.684889
762 772 1.553400
762 862 0.138783
763 764 -0.303859
763 773 -0.673382
763 863 -0.494411
764 765 0.376406
764 774 0.071849
764 864 -0.902544
765 766 1.205970
765 775 0.518626
765 865 0.327712
766 767 1.616700
766 776 -1.203733
766 866 0.413443
767 768 1.575863
767 777 0.213026
767 867 0.285404
768 769 0.935909
768 778 0.389021
768 868 0.155998
769 760 1.612900
769 779 -0.128957
769 869 -0.764029
770 771 0.859592
770 780 -0.631327
770 870 -0.049830
771 772 -1.428985
771 781 -0.535714
771 871 -1.764900
772 773 -0.154734
772 782 -0.763278
772 872 -0.313489
773 774 -1.166953
773 783 0.784564
773 873 -1.433487
774 775 2.122572
774 784 -0.376348
774 874 -2.930416
775 776 -1.028836
775 785 -0.406772
775 875 1.112372
776 777 -0.289640
776 786 -0.748753
776 876 -1.149971
777 778 -0.750606
777 787 -0.568408
777 877 -0.568387
778 779 -0.560983
778 788 -1.264458
778 878 -1.195258
779 770 -1.535379
779 789 -0.603210
779 879 0.772660
780 781 -0.528788
780 790 -0.092584
780 880 0.167251
781 782 0.841170
781 791 -0.386796
781 881 0.126802
782 783 -1.052242
782 792 -0.874539
782 882 -0.301572
783 784 0.315040
783 793 -2.318378
783 883 -0.428663
784 785 -0.413147
784 794 0.716885
784 884 0.867541
785 786 0.375022
785 795 0.189778
785 885 2.329324
786 787 0.720715
786 796 0.827923
786 886 -0.431462
787 788 -0.420894
787 797 1.125676
787 887 -0.526394
788 789 0.453348
788 798 -0.080439
788 888 0.464628
789 780 -2.377435
789 799 -0.239574
789 889 0.121475
790 791 -1.667754
790 700 -0.037433
790 890 -0.997245
791 792 -0.531992
791 701 -1.413003
791 891 0.187717
792 793 -0.921018
792 702 1.832415
792 892 -0.406136
793 794 0.367985
793 703 -0.166005
793 893 0.539299
794 795 1.055878
794 704 0.333779
794 894 -0.734275
795 796 -0.091026
795 705 0.212856
795 895 -0.402185
796 797 1.558757
796 706 1.008918
796 896 0.956132
797 798 0.273659
797 707 -1.065674
797 897 0.186005
798 799 1.803539
798 708 -2.467463
798 898 0.722717
799 790 -0.359668
799 709 -0.868758
799 899 1.498233
800 801 -1.935205
800 810 -0.520124
800 900 -1.496153
801 802 0.159824
801 811 -1.172747
801 901 -2.014093
802 803 -0.188722
802 812 -0.330496
802 902 -0.444062
803 804 2.727319
803 813 0.334127
803 903 -1.225251
804 805 -1.185700
804 814 -1.872365
804 904 0.403475
805 806 -0.693656
805 815 -0.867170
805 905 -1.063367
806 807 -1.273699
806 816 0.125803
806 906 1.202319
807 808 -0.356420
807 817 -0.378993
807 907 1.583090
808 809 2.160934
808 818 -0.863703
808 908 0.798731
809 800 -0.401528
809 819 -0.002088
809 909 0.472626
810 811 -0.397839
810 820 -1.307345
810 910 -0.046683
811 812 -0.812475
811 821 0.965690
811 911 0.766710
812 813 1.665452
812 822 0.841525
812 912 -0.355897
813 814 1.549366
813 823 -1.467020
813 913 -0.945955
814 815 1.226226
814 824 0.680033
814 914 0.187222
815 816 -0.894460
815 825 0.552874
815 915 0.829725
816 817 0.598839
816 826 0.687946
816 916 2.517484
817 818 -0.418584
817 827 0.777866
817 917 0.289219
818 819 -0.754717
818 828 1.503501
818 918 -1.279294
819 810 0.734070
819 829 0.337401
819 919 0.306084
820 821 -1.382841
820 830 0.006468
820 920 0.749351
821 822 -0.704000
821 831 -1.603817
821 921 1.339388
822 823 -0.426063
822 832 -1.215800
822 922 0.264840
823 824 -0.355914
823 833 -1.347431
823 923 -1.365625
824 825 -0.641351
824 834 0.861498
824 924 -0.845669
825 826 -0.951812
825 835 -0.443678
825 925 0.698194
826 827 1.078748
826 836 0.227033
826 926 -0.699806
827 828 -1.186458
827 837 1.489946
827 927 -0.994851
828 829 -0.657276
828 838 -0.286171
828 928 -0.994845
829 820 0.451223
829 839 0.353193
829 929 0.120770
830 831 0.954910
830 840 1.646686
830 930 1.289754
831 832 1.934614
831 841 1.797759
831 931 -0.412191
832 833 -0.400179
832 842 -2.296452
832 932 1.415239
833 834 0.477370
833 843 0.844429
833 933 0.538467
834 835 -0.526963
834 844 0.223383
834 934 0.271229
835 836 -0.273824
835 845 0.595836
835 935 -0.605828
836 837 0.848774
836 846 0.869665
836 936 0.854472
837 838 -0.619121
837 847 0.081718
837 937 -0.648265
838 839 -2.593588
838 848 -1.765696
838 938 -0.069265
839 830 -1.014360
839 849 0.588819
839 939 2.548002
840 841 -1.673340
840 850 -0.370891
840 940 0.544508
841 842 -1.255901
841 851 -1.750810
841 941 -0.983873
842 843 -0.592705
842 852 -1.053721
842 942 0.769217
843 844 -0.251556
843 853 -0.609616
843 943 0.851553
844 845 -0.507847
844 854 -0.150091
844 944 0.714537
845 846 -1.452546
845 855 -1.529496
845 945 -1.577283
846 847 -0.715691
846 856 1.044411
846 946 0.771540
847 848 -0.173357
847 857 -0.511316
847 947 -1.030716
848 849 -0.149668
848 858 2.220005
848 948 -1.042277
849 840 0.917101
849 859 0.146877
849 949 0.792338
850 851 -0.178185
850 860 -0.002936
850 950 0.172013
851 852 -1.997585
851 861 0.439781
851 951 -2.241269
852 853 0.903457
852 862 1.173730
852 952 -1.596525
853 854 0.209708
853 863 -0.198621
853 953 -0.447661
854 855 0.151797
854 864 -0.485434
854 954 -1.277086
855 856 -1.416462
855 865 -0.420605
855 955 0.335548
856 857 1.410738
856 866 -0.375835
856 956 -2.249664
857 858 1.033553
857 867 -1.355508
857 957 -0.953123
858 859 -0.270868
858 868 3.060454
858 958 1.209177
859 850 1.611882
859 869 -1.559625
859 959 -0.511746
860 861 2.342853
860 870 -0.846617
860 960 2.261834
861 862 0.472193
861 871 0.420397
861 961 -1.182533
862 863 1.554573
862 872 -1.696654
862 962 -0.874323
863 864 1.119337
863 873 2.286685
863 963 -0.762992
864 865 0.351997
864 874 0.588024
864 964 -0.255090
865 866 -1.967494
865 875 0.464282
865 965 -1.538188
866 867 0.174156
866 876 -0.481677
866 966 0.034243
867 868 0.192525
867 877 0.022639
867 967 -0.593485
868 869 -0.469858
868 878 -1.471156
868 968 -2.361071
869 860 -0.330858
869 879 1.931362
869 969 -1.501808
870 871 -0.145586
870 880 0.575051
870 970 0.203861
871 872 1.661037
871 881 -0.316387
871 971 -0.611588
872 873 -0.056457
872 882 -0.127538
872 972 -0.521416
873 874 0.414859
873 883 1.331451
873 973 1.323242
874 875 0.096061
874 884 -0.174008
874 974 0.899510
875 876 0.401533
875 885 0.657911
875 975 1.368151
876 877 0.070566
876 886 0.602227
876 976 -2.024449
877 878 0.459638
877 887 0.271135
877 977 -0.540451
878 879 0.863414
878 888 -1.093709
878 978 -0.347041
879 870 0.169284
879 889 -0.482699
879 979 0.119532
880 881 -0.704449
880 890 0.205352
880 980 0.964998
881 882 -1.510372
881 891 0.063955
881 981 0.953858
882 883 -0.179818
882 892 -0.257336
882 982 1.296149
883 884 -0.134341
883 893 -0.678872
883 983 1.982265
884 885 -0.603020
884 894 0.743165
884 984 0.290391
885 886 -1.230273
885 895 -1.240046
885 985 -0.914501
886 887 2.337696
886 896 -1.501897
886 986 0.072473
887 888 1.916855
887 897 0.389741
887 987 0.462222
888 889 -0.894587
888 898 -0.692251
888 988 0.039516
889 880 -2.627477
889 899 1.389062
889 989 -0.822136
890 891 -0.379131
890 800 -3.067919
890 990 -1.593191
891 892 -0.816619
891 801 0.254121
891 991 -2.087924
892 893 0.174669
892 802 0.313072
892 992 0.278367
893 894 0.858363
893 803 0.338827
893 993 -0.226715
894 895 0.614866
894 804 2.650896
894 994 1.023177
895 896 -0.311814
895 805 -0.747266
895 995 0.929007
896 897 -1.447027
896 806 0.096252
896 996 -0.232917
897 898 -1.044675
897 807 0.613972
897 997 0.927073
898 899 -1.452528
898 808 -0.280023
898 998 1.536681
899 890 -0.515296
899 809 -1.550000
899 999 0.513186
900 901 -2.308093
900 910 0.379444
900 0 -0.005719
901 902 -0.073202
901 911 -0.174115
901 1 0.126833
902 903 -1.001877
902 912 -0.236562
902 2 0.743694
903 904 0.297306
903 913 0.141638
903 3 -0.833859
904 905 0.123023
904 914 0.021426
904 4 1.056225
905 906 1.393908
905 915 0.725342
905 5 1.697779
906 907 1.455253
906 916 -0.533377
906 6 -0.089780
907 908 -0.144073
907 917 1.842522
907 7 -2.262688
908 909 -0.219657
908 918 -1.224850
908 8 0.694490
909 900 -0.296822
909 919 0.154862
909 9 0.063282
910 911 1.258915
910 920 -0.096882
910 10 -0.765456
911 912 -0.115195
911 921 -1.510391
911 11 -0.968055
912 913 -1.399728
912 922 0.677918
912 12 -0.638726
913 914 -1.635627
913 923 0.100486
913 13 -1.277811
914 915 1.297100
914 924 -1.449973
914 14 -0.421425
915 916 -0.920052
915 925 -1.820604
915 15 -0.938018
916 917 1.412894
916 926 -1.266063
916 16 1.340085
917 918 -0.573910
917 927 -0.453362
917 17 0.543645
918 919 0.272089
918 928 1.133686
918 18 1.705927
919 910 0.954807
919 929 -0.528492
919 19 -1.144644
920 921 0.059800
920 930 2.136184
920 20 0.710920
921 922 -1.021205
921 931 -1.268241
921 21 -0.571927
922 923 -0.914032
922 932 -0.699454
922 22 -0.776448
923 924 -0.304070
923 933 1.779888
923 23 -0.009799
924 925 -0.250786
924 934 2.175490
924 24 0.646589
925 926 0.507950
925 935 0.539010
925 25 1.085614
926 927 0.803274
926 936 0.757841
926 26 0.654695
927 928 -1.798128
927 937 0.285420
927 27 -0.495826
928 929 -1.466687
928 938 1.441815
928 28 0.528470
929 920 0.000007
929 939 -1.333454
929 29 -0.172355
930 931 -0.232208
930 940 0.009724
930 30 -0.101814
931 932 -0.599896
931 941 1.425615
931 31 -0.558054
932 933 -0.283392
932 942 -1.297157
932 32 0.819392
933 934 -0.538091
933 943 0.283581
933 33 -0.525891
934 935 0.734178
934 944 1.427612
934 34 0.046924
935 936 -1.778267
935 945 -1.018197
935 35 -0.100656
936 937 1.518434
936 946 -2.274968
936 36 1.477693
937 938 0.623113
937 947 -0.324309
937 37 -1.899938
938 939 -0.563559
938 948 -0.226279
938 38 -1.177978
939 930 1.450391
939 949 0.708954
939 39 -0.569423
940 941 -1.530344
940 950 0.141035
940 40 1.045925
941 942 0.027514
941 951 0.622794
941 41 0.091481
942 943 2.053480
942 952 0.045502
942 42 0.244527
943 944 -1.723219
943 953 0.030831
943 43 -0.785162
944 945 0.599184
944 954 -0.905936
944 44 1.470915
945 946 0.973029
945 955 -1.195449
945 45 -1.109794
946 947 1.035151
946 956 -1.088475
946 46 -1.191858
947 948 -0.182114
947 957 0.542881
947 47 0.159298
948 949 1.112338
948 958 -0.239780
948 48 0.514084
949 940 -1.924845
949 959 -1.839971
949 49 0.519157
950 951 0.188935
950 960 -1.440218
950 50 0.274125
951 952 -0.291069
951 961 0.237011
951 51 -0.697845
952 953 -0.967260
952 962 0.493658
952 52 -0.245891
953 954 0.002144
953 963 1.016340
953 53 -0.914378
954 955 0.958855
954 964 -0.751156
954 54 1.222685
955 956 0.148818
955 965 -0.503626
955 55 -0.217848
956 957 -0.625927
956 966 1.364337
956 56 -0.563423
957 958 1.028342
957 967 0.858609
957 57 0.259878
958 959 -1.301231
958 968 -0.717702
958 58 -1.058450
959 950 -1.128021
959 969 -0.674210
959 59 -0.853857
960 961 0.255969
960 970 -0.899746
960 60 1.082667
961 962 -0.244376
961 971 -1.460583
961 61 -0.850860
962 963 0.273928
962 972 0.737510
962 62 0.014731
963 964 -0.495595
963 973 1.469024
963 63 0.100517
964 965 -0.009460
964 974 0.454310
964 64 0.520168
965 966 -0.976868
965 975 0.797562
965 65 -1.998511
966 967 0.130809
966 976 -0.967816
966 66 -0.479731
967 968 -0.759860
967 977 0.511214
967 67 0.079430
968 969 2.001803
968 978 -1.261505
968 68 1.402331
969 960 -0.370757
969 979 -1.154497
969 69 -1.465672
970 971 -0.106602
970 980 1.839662
970 70 2.036773
971 972 0.645084
971 981 1.355243
971 71 -0.741399
972 973 0.087720
972 982 -1.000257
972 72 -0.632129
973 974 -0.026118
973 983 -1.049542
973 73 0.489327
974 975 1.040148
974 984 0.478922
974 74 0.176480
975 976 -0.709924
975 985 1.317129
975 75 0.611585
976 977 -1.433522
976 986 1.222207
976 76 1.036843
977 978 -1.705398
977 987 1.689085
977 77 -0.115452
978 979 -1.206342
978 988 -0.313836
978 78 -0.201584
979 970 -0.678695
979 989 0.380571
979 79 -1.632681
980 981 0.463293
980 990 -0.283734
980 80 -0.703078
981 982 -0.849859
981 991 -0.758421
981 81 0.598689
982 983 -0.481035
982 992 -1.308750
982 82 1.122973
983 984 1.094153
983 993 0.536760
983 83 0.846358
984 985 0.688848
984 994 -0.931715
984 84 0.730233
985 986 -1.971316
985 995 -1.133574
985 85 -1.290849
986 987 0.874300
986 996 0.898953
986 86 -0.700294
987 988 1.665513
987 997 -0.566557
987 87 -0.476165
988 989 0.883896
988 998 -1.239979
988 88 0.952146
989 980 0.544569
989 999 0.518349
989 89 0.240216
990 991 -0.717225
990 900 -0.406730
990 90 -0.751317
991 992 1.011876
991 901 -0.175123
991 91 0.246642
992 993 2.044517
992 902 -0.750253
992 92 -0.028649
993 994 2.290636
993 903 -1.863002
993 93 -0.965643
994 995 0.064893
994 904 -0.585134
994 94 0.333913
995 996 0.664895
995 905 0.861931
995 95 0.469657
996 997 -0.146241
996 906 -0.702990
996 96 1.309350
997 998 -0.303313
997 907 -0.253370
997 97 1.992303
998 999 -0.029967
998 908 0.061273
998 98 -0.160786
999 990 0.275215
999 909 -0.447268
999 99 -0.762903
