0 1 -1.893352
0 10 2.080422
0 100 1.477962
1 2 1.374688
1 11 -0.747574
1 101 -0.151402
2 3 3.029516
2 12 1.617211
2 102 -0.760814
3 4 -1.618881
3 13 0.261746
3 103 0.264453
4 5 1.581052
4 14 -1.080458
4 104 1.352414
5 6 2.018975
5 15 0.272281
5 105 0.459276
6 7 -0.323989
6 16 -2.362386
6 106 2.321935
7 8 0.520796
7 17 0.779301
7 107 0.453848
8 9 -0.913008
8 18 -1.305904
8 108 0.856575
9 0 0.642558
9 19 -0.268514
9 109 -0.238290
10 11 -1.735341
10 20 1.437503
10 110 -0.499714
11 12 -0.288561
11 21 -0.460437
11 111 -1.574261
12 13 -1.529187
12 22 1.207293
12 112 0.490074
13 14 -1.136976
13 23 2.135218
13 113 -0.666558
14 15 1.878865
14 24 0.020984
14 114 0.013063
15 16 0.041412
15 25 0.712982
15 115 0.403721
16 17 0.236609
16 26 0.147097
16 116 -0.794718
17 18 0.586277
17 27 -0.683201
17 117 0.318217
18 19 -1.726602
18 28 -0.582304
18 118 -0.403441
19 10 -0.458757
19 29 0.326158
19 119 -0.880754
20 21 2.004162
20 30 0.458405
20 120 0.470965
21 22 -0.462353
21 31 -0.456565
21 121 0.117786
22 23 -0.464970
22 32 -2.191185
22 122 2.026224
23 24 0.131588
23 33 -0.767997
23 123 -0.771870
24 25 0.343765
24 34 0.189133
24 124 -1.335478
25 26 -0.666064
25 35 1.616238
25 125 0.434320
26 27 -1.155216
26 36 0.472073
26 126 -0.816502
27 28 -0.249977
27 37 -0.066564
27 127 0.182317
28 29 -1.029536
28 38 -1.282891
28 128 0.695826
29 20 0.968310
29 39 -0.094169
29 129 0.853825
30 31 0.023325
30 40 0.942574
30 130 0.562234
31 32 1.181201
31 41 -0.186270
31 131 -0.274912
32 33 -0.766753
32 42 0.304533
32 132 0.648715
33 34 -0.903392
33 43 2.013696
33 133 -0.548696
34 35 0.086232
34 44 0.096932
34 134 0.784672
35 36 1.070845
35 45 1.298451
35 135 0.209051
36 37 -0.478547
36 46 -1.515912
36 136 -0.372527
37 38 0.667338
37 47 -2.008270
37 137 1.860669
38 39 0.811926
38 48 -0.215188
38 138 -1.883745
39 30 0.486424
39 49 2.046622
39 139 -0.058197
40 41 -0.468132
40 50 -0.691852
40 140 0.618073
41 42 -1.627864
41 51 0.578783
41 141 0.250819
42 43 -1.710958
42 52 1.003734
42 142 -0.555121
43 44 0.615202
43 53 -1.386313
43 143 0.301197
44 45 -0.460875
44 54 -0.393347
44 144 -0.583179
45 46 -0.695962
45 55 -0.260662
45 145 -0.331449
46 47 0.213647
46 56 0.093861
46 146 -1.033086
47 48 -0.073786
47 57 1.308742
47 147 -0.589169
48 49 0.777639
48 58 0.578009
48 148 0.659357
49 40 -1.799869
49 59 1.462850
49 149 0.189963
50 51 0.691784
50 60 0.193426
50 150 0.034808
51 52 -0.650307
51 61 -0.983925
51 151 -0.689706
52 53 1.233546
52 62 0.796934
52 152 -0.359764
53 54 -1.579726
53 63 -0.367565
53 153 -1.887553
54 55 1.772718
54 64 1.048130
54 154 -0.714326
55 56 0.909258
55 65 0.580848
55 155 -1.510664
56 57 -0.047698
56 66 -1.455400
56 156 2.065576
57 58 0.561793
57 67 -0.193708
57 157 -0.852186
58 59 -0.981768
58 68 -0.879531
58 158 -0.951210
59 50 1.473664
59 69 0.584320
59 159 -0.001362
60 61 0.150866
60 70 0.255719
60 160 -0.014975
61 62 -1.050293
61 71 -0.299501
61 161 -1.758024
62 63 -0.557393
62 72 -0.567619
62 162 -0.076774
63 64 -0.063386
63 73 0.623221
63 163 2.183646
64 65 0.423332
64 74 1.237826
64 164 1.102554
65 66 0.670971
65 75 -2.735186
65 165 0.369880
66 67 2.450251
66 76 1.688136
66 166 0.114922
67 68 0.913312
67 77 -1.628021
67 167 0.052599
68 69 0.981205
68 78 0.367714
68 168 0.821299
69 60 -0.531165
69 79 -1.089719
69 169 0.399149
70 71 -0.483115
70 80 1.300778
70 170 -0.307764
71 72 -0.263355
71 81 -1.005957
71 171 0.032457
72 73 -1.517990
72 82 0.712093
72 172 0.225669
73 74 -1.956706
73 83 -1.277047
73 173 -0.979129
74 75 0.980307
74 84 0.842919
74 174 -2.238200
75 76 -0.446924
75 85 -0.452359
75 175 -1.143936
76 77 0.540951
76 86 -0.051712
76 176 0.206726
77 78 -0.426550
77 87 0.818612
77 177 -0.691910
78 79 -0.480845
78 88 1.982828
78 178 1.373273
79 70 -0.984314
79 89 0.206165
79 179 1.157451
80 81 -0.762381
80 90 -0.024707
80 180 0.734834
81 82 0.395219
81 91 0.981606
81 181 -2.526997
82 83 0.353713
82 92 -0.888203
82 182 -0.528867
83 84 0.800771
83 93 -0.656716
83 183 -1.467723
84 85 0.386698
84 94 0.675852
84 184 -0.606344
85 86 1.008125
85 95 -2.152514
85 185 0.612463
86 87 1.939643
86 96 -0.863445
86 186 -0.558750
87 88 -0.929651
87 97 -0.333683
87 187 0.898813
88 89 0.515949
88 98 0.388311
88 188 -0.721387
89 80 0.511199
89 99 -1.554633
89 189 0.086279
90 91 0.122697
90 0 0.194067
90 190 -0.204569
91 92 -2.924068
91 1 -0.611816
91 191 2.051926
92 93 -0.068515
92 2 1.220144
92 192 -1.026532
93 94 -1.631154
93 3 0.011089
93 193 -0.089319
94 95 -1.599708
94 4 -0.022403
94 194 -1.064271
95 96 -1.003660
95 5 2.811535
95 195 1.247734
96 97 0.529057
96 6 0.119288
96 196 1.561761
97 98 2.247120
97 7 1.239921
97 197 1.080774
98 99 -0.232163
98 8 -0.345722
98 198 2.841113
99 90 0.101995
99 9 -1.139559
99 199 -1.084931
100 101 -0.739503
100 110 0.115508
100 200 0.645947
101 102 -0.230480
101 111 -0.234380
101 201 -0.234349
102 103 1.683256
102 112 2.128082
102 202 -0.951952
103 104 -1.248406
103 113 0.565228
103 203 1.763904
104 105 0.628147
104 114 0.617926
104 204 -1.181280
105 106 1.811549
105 115 0.376418
105 205 -0.458587
106 107 0.237088
106 116 0.058353
106 206 0.891124
107 108 0.345522
107 117 -0.804913
107 207 -0.425652
108 109 -0.571466
108 118 -0.082003
108 208 1.223187
109 100 1.674874
109 119 0.638550
109 209 -1.178044
110 111 1.976285
110 120 0.649876
110 210 1.178488
111 112 -0.447963
111 121 -0.648793
111 211 1.578909
112 113 -0.437089
112 122 0.871598
112 212 -0.093779
113 114 -0.870875
113 123 0.562211
113 213 0.807308
114 115 0.577636
114 124 0.843930
114 214 0.698226
115 116 0.657852
115 125 0.215244
115 215 1.552063
116 117 0.659005
116 126 1.613686
116 216 -0.451908
117 118 -0.162393
117 127 0.079606
117 217 1.461993
118 119 -0.610864
118 128 0.054361
118 218 -0.936185
119 110 -0.354566
119 129 0.192155
119 219 -0.961615
120 121 0.020878
120 130 0.448962
120 220 0.458749
121 122 -1.359266
121 131 0.901838
121 221 -1.640134
122 123 0.789827
122 132 0.010800
122 222 0.455662
123 124 0.632208
123 133 -0.964199
123 223 0.211391
124 125 -2.837170
124 134 -0.822804
124 224 -0.717082
125 126 1.296565
125 135 -1.297633
125 225 1.017891
126 127 0.122312
126 136 0.389374
126 226 -0.775167
127 128 -0.104992
127 137 0.339627
127 227 -0.565639
128 129 -0.439767
128 138 2.287767
128 228 -0.117247
129 120 0.713548
129 139 -0.586436
129 229 0.331691
130 131 0.560542
130 140 1.238642
130 230 -1.574768
131 132 0.087149
131 141 -0.234885
131 231 -0.083899
132 133 0.281104
132 142 0.013995
132 232 0.162405
133 134 0.287112
133 143 0.795206
133 233 -0.831874
134 135 -1.155013
134 144 1.861241
134 234 0.807595
135 136 -0.161348
135 145 -0.551746
135 235 -1.255355
136 137 -1.555916
136 146 0.150477
136 236 0.552256
137 138 -0.258628
137 147 -0.121508
137 237 1.023154
138 139 -0.220363
138 148 1.037387
138 238 0.583084
139 130 0.275778
139 149 0.671802
139 239 -0.140709
140 141 -0.524628
140 150 1.087469
140 240 0.239647
141 142 -2.370013
141 151 -0.177649
141 241 1.937980
142 143 -0.069726
142 152 1.326430
142 242 -0.754732
143 144 0.687283
143 153 0.155320
143 243 -1.223905
144 145 -0.816533
144 154 0.583088
144 244 0.397458
145 146 0.332798
145 155 -0.980185
145 245 0.344710
146 147 -0.074259
146 156 0.003557
146 246 0.745390
147 148 -0.526207
147 157 0.701194
147 247 -0.711823
148 149 -0.014608
148 158 1.435495
148 248 -0.497792
149 140 1.033930
149 159 0.084799
149 249 -0.454390
150 151 -1.521035
150 160 -0.647521
150 250 -0.332160
151 152 -0.109807
151 161 -0.371707
151 251 -0.331486
152 153 -1.151259
152 162 0.090030
152 252 -0.950039
153 154 0.232738
153 163 1.565789
153 253 -0.238997
154 155 0.159302
154 164 0.894826
154 254 0.622266
155 156 1.816574
155 165 -2.264072
155 255 -0.780961
156 157 -0.350553
156 166 -0.192686
156 256 -1.893911
157 158 -0.863489
157 167 0.629580
157 257 -0.452952
158 159 -0.684491
158 168 0.126887
158 258 -0.460371
159 150 -0.276393
159 169 -0.159083
159 259 -0.459313
160 161 -0.747721
160 170 0.912686
160 260 -0.695712
161 162 0.944615
161 171 -0.307172
161 261 -0.433827
162 163 0.283775
162 172 -0.902004
162 262 0.534684
163 164 0.627328
163 173 0.407671
163 263 -1.187888
164 165 -1.730776
164 174 0.502480
164 264 0.903411
165 166 -0.420358
165 175 -0.207117
165 265 -0.503198
166 167 -0.291101
166 176 -0.292740
166 266 0.631524
167 168 0.233552
167 177 -0.462712
167 267 2.344046
168 169 0.398439
168 178 -1.048451
168 268 -0.870380
169 160 2.259680
169 179 0.194110
169 269 -0.918518
170 171 0.678557
170 180 -0.329667
170 270 0.920693
171 172 2.499672
171 181 -1.739300
171 271 -2.371399
172 173 -1.623286
172 182 -0.898008
172 272 -0.090472
173 174 0.369537
173 183 -0.422343
173 273 -1.394431
174 175 -1.089690
174 184 0.177350
174 274 0.357282
175 176 -0.775300
175 185 0.395851
175 275 0.652509
176 177 -0.204851
176 186 -0.220281
176 276 1.348078
177 178 -0.417092
177 187 -0.507135
177 277 1.850928
178 179 -0.931506
178 188 -0.273848
178 278 1.670942
179 170 0.970817
179 189 0.772563
179 279 0.168133
180 181 -0.275800
180 190 1.021903
180 280 -0.630184
181 182 -0.566874
181 191 0.143221
181 281 0.828179
182 183 -1.214174
182 192 -1.190543
182 282 0.369105
183 184 -0.251514
183 193 -0.154991
183 283 0.485552
184 185 0.547756
184 194 0.829377
184 284 -0.021751
185 186 0.522141
185 195 1.006738
185 285 -0.156697
186 187 0.124779
186 196 0.426103
186 286 0.468363
187 188 -1.835713
187 197 -0.517536
187 287 2.291602
188 189 -0.087352
188 198 -1.560417
188 288 1.591934
189 180 -0.456830
189 199 -0.931949
189 289 0.568115
190 191 -0.586072
190 100 -0.016326
190 290 -1.131463
191 192 -1.421301
191 101 -0.314315
191 291 -0.094897
192 193 0.525023
192 102 0.466460
192 292 0.139230
193 194 -0.260779
193 103 1.283068
193 293 0.652795
194 195 -0.133737
194 104 1.167697
194 294 1.660348
195 196 0.785106
195 105 1.479550
195 295 -0.785715
196 197 0.928426
196 106 -0.406852
196 296 -0.595959
197 198 -1.363423
197 107 -0.607133
197 297 -0.241536
198 199 -0.089398
198 108 1.180892
198 298 -0.324745
199 190 0.418279
199 109 -1.127144
199 299 1.505599
200 201 0.906467
200 210 1.543717
200 300 1.899531
201 202 0.766390
201 211 -0.041635
201 301 0.191737
202 203 -0.700259
202 212 0.401746
202 302 0.544632
203 204 0.097837
203 213 -1.449914
203 303 -0.750367
204 205 0.466886
204 214 2.001464
204 304 0.829430
205 206 0.056828
205 215 -0.918130
205 305 -0.473668
206 207 0.183178
206 216 0.878714
206 306 0.146453
207 208 -0.790209
207 217 0.696243
207 307 0.602770
208 209 1.689161
208 218 -0.364979
208 308 1.939146
209 200 0.287180
209 219 -0.060703
209 309 0.602738
210 211 0.138703
210 220 -0.980173
210 310 1.425053
211 212 0.208050
211 221 -0.269708
211 311 0.392542
212 213 1.851299
212 222 -0.132287
212 312 0.891334
213 214 0.955835
213 223 0.345080
213 313 0.109353
214 215 0.078257
214 224 -1.631017
214 314 -0.689854
215 216 0.586342
215 225 1.215590
215 315 -0.819157
216 217 0.519675
216 226 1.822745
216 316 -2.405345
217 218 0.883908
217 227 0.547691
217 317 -0.414778
218 219 0.542588
218 228 0.029120
218 318 0.379002
219 210 -0.674331
219 229 -1.884992
219 319 -1.115149
220 221 1.633829
220 230 -1.095773
220 320 -0.817753
221 222 0.838922
221 231 -0.220205
221 321 -0.228941
222 223 -0.365270
222 232 -0.439165
222 322 -0.156999
223 224 0.110504
223 233 1.278941
223 323 1.454828
224 225 0.941914
224 234 0.157852
224 324 -0.413254
225 226 -0.391230
225 235 -0.861141
225 325 -0.004423
226 227 -0.809678
226 236 1.709040
226 326 0.120957
227 228 1.095870
227 237 0.994672
227 327 1.503364
228 229 1.272188
228 238 1.579245
228 328 0.936886
229 220 -0.901760
229 239 -0.995831
229 329 1.470672
230 231 -1.229040
230 240 -1.294496
230 330 0.086443
231 232 -0.861455
231 241 1.113727
231 331 -0.193058
232 233 1.343131
232 242 1.543565
232 332 -0.212964
233 234 -0.984356
233 243 -0.294567
233 333 0.279224
234 235 -1.421668
234 244 -0.473701
234 334 -0.881333
235 236 0.303482
235 245 -0.737434
235 335 0.368865
236 237 -0.785616
236 246 0.291395
236 336 -1.670306
237 238 0.116626
237 247 -0.324376
237 337 -0.289579
238 239 -1.106097
238 248 1.193826
238 338 0.882721
239 230 -1.159694
239 249 -0.754850
239 339 -0.802839
240 241 0.533184
240 250 -0.973475
240 340 -0.025522
241 242 0.179094
241 251 -0.161759
241 341 -0.332439
242 243 0.206571
242 252 -1.041843
242 342 -0.834089
243 244 -0.883309
243 253 -1.223063
243 343 -0.393317
244 245 -0.049578
244 254 0.378106
244 344 -0.322346
245 246 1.784331
245 255 -1.439695
245 345 -2.065918
246 247 0.008043
246 256 -0.641550
246 346 -0.571680
247 248 -0.365022
247 257 0.511675
247 347 -0.653328
248 249 1.348005
248 258 -0.091317
248 348 -0.416370
249 240 0.385835
249 259 0.609076
249 349 0.299776
250 251 -0.667116
250 260 0.269314
250 350 0.099133
251 252 -0.535492
251 261 -0.950762
251 351 0.546251
252 253 0.373767
252 262 1.265038
252 352 -0.152863
253 254 0.337901
253 263 -0.368083
253 353 0.384961
254 255 0.500368
254 264 -1.279887
254 354 -0.405495
255 256 0.834492
255 265 -1.622865
255 355 -1.710819
256 257 0.423166
256 266 -0.430003
256 356 -1.220359
257 258 0.469583
257 267 1.404091
257 357 -0.569336
258 259 0.666510
258 268 -1.390276
258 358 -1.348863
259 250 -1.533621
259 269 0.253924
259 359 -0.650039
260 261 1.022784
260 270 0.499516
260 360 -0.508478
261 262 -1.168450
261 271 -1.301802
261 361 0.776525
262 263 1.066029
262 272 -0.572047
262 362 0.175643
263 264 -1.737775
263 273 0.167204
263 363 0.614814
264 265 -0.725162
264 274 1.501349
264 364 0.836237
265 266 -1.043575
265 275 -0.789987
265 365 0.719642
266 267 -1.977083
266 276 -0.961605
266 366 -0.179617
267 268 1.949293
267 277 -0.092706
267 367 -1.927660
268 269 -0.419566
268 278 -1.418544
268 368 2.216602
269 260 1.001314
269 279 -0.267928
269 369 2.607256
270 271 1.452595
270 280 0.547625
270 370 -0.316537
271 272 1.324952
271 281 0.203138
271 371 -0.491988
272 273 1.995185
272 282 0.763335
272 372 0.618544
273 274 -0.701974
273 283 0.889176
273 373 -1.068190
274 275 -0.408679
274 284 -0.272528
274 374 -0.702338
275 276 -0.993652
275 285 0.328158
275 375 -0.800890
276 277 2.413083
276 286 1.598403
276 376 0.083548
277 278 -0.235893
277 287 -0.762032
277 377 -1.822067
278 279 -1.054809
278 288 -1.038121
278 378 0.037390
279 270 0.560848
279 289 0.319789
279 379 0.206785
280 281 0.518303
280 290 0.063452
280 380 0.155006
281 282 1.261108
281 291 -1.277168
281 381 -0.157812
282 283 0.602486
282 292 -0.519182
282 382 -1.558090
283 284 0.034423
283 293 0.724499
283 383 0.514312
284 285 0.529705
284 294 -0.423762
284 384 -0.516872
285 286 0.075977
285 295 -0.604621
285 385 -2.520645
286 287 1.513815
286 296 0.883630
286 386 -0.165571
287 288 -0.299255
287 297 -1.496530
287 387 0.742037
288 289 -0.500773
288 298 -0.098224
288 388 -0.458496
289 280 0.377208
289 299 0.939263
289 389 -1.322754
290 291 0.694681
290 200 0.193564
290 390 0.161132
291 292 -0.274297
291 201 -0.822515
291 391 0.254073
292 293 0.147916
292 202 -0.658802
292 392 -1.239770
293 294 0.492636
293 203 0.870972
293 393 1.168142
294 295 2.448712
294 204 0.331752
294 394 -0.518831
295 296 0.629115
295 205 0.429050
295 395 -1.315391
296 297 -2.203346
296 206 0.945004
296 396 -1.911453
297 298 -0.336765
297 207 0.603004
297 397 0.035825
298 299 -0.463745
298 208 0.540724
298 398 -0.052213
299 290 1.251884
299 209 0.422070
299 399 0.766662
300 301 1.458988
300 310 2.907832
300 400 0.498729
301 302 1.467402
301 311 0.677507
301 401 0.017781
302 303 -1.252639
302 312 0.248587
302 402 -0.145241
303 304 0.460925
303 313 -0.523917
303 403 0.448137
304 305 -1.555288
304 314 -2.036066
304 404 -0.584938
305 306 -0.596263
305 315 1.760733
305 405 0.066441
306 307 -0.200044
306 316 -0.965966
306 406 -2.609227
307 308 1.203295
307 317 -0.264395
307 407 -0.638343
308 309 -0.466271
308 318 0.334681
308 408 0.226388
309 300 -1.333335
309 319 -0.601359
309 409 -0.474798
310 311 -0.396063
310 320 -0.139454
310 410 -0.556717
311 312 0.427866
311 321 -0.423088
311 411 -0.327913
312 313 0.699180
312 322 0.520663
312 412 -1.243690
313 314 -0.096631
313 323 -0.170059
313 413 -0.021936
314 315 0.266011
314 324 -0.037964
314 414 1.348234
315 316 -0.298153
315 325 0.236452
315 415 -0.842313
316 317 -0.932681
316 326 0.712086
316 416 0.867381
317 318 -1.664585
317 327 -0.238331
317 417 1.794076
318 319 -0.224547
318 328 1.563511
318 418 -1.401884
319 310 -1.309213
319 329 0.278934
319 419 0.470192
320 321 0.474182
320 330 -0.737727
320 420 -0.776677
321 322 0.335813
321 331 -2.146757
321 421 0.277449
322 323 -1.433411
322 332 -0.452171
322 422 -3.783407
323 324 -0.657307
323 333 -0.687571
323 423 -0.016705
324 325 0.264875
324 334 -0.071544
324 424 0.377776
325 326 -1.744874
325 335 -0.590194
325 425 0.130457
326 327 -0.694179
326 336 0.236195
326 426 1.419624
327 328 0.337065
327 337 -1.720242
327 427 0.190356
328 329 2.123465
328 338 -0.150961
328 428 -1.614740
329 320 0.732739
329 339 1.727090
329 429 -0.537077
330 331 -0.583832
330 340 0.378835
330 430 0.535401
331 332 -0.332933
331 341 -0.783835
331 431 0.671385
332 333 -0.094289
332 342 -0.124063
332 432 -0.597215
333 334 1.771050
333 343 -1.829327
333 433 2.109286
334 335 -0.725553
334 344 0.088793
334 434 0.516081
335 336 -0.899730
335 345 -0.537986
335 435 -0.196879
336 337 0.285490
336 346 1.745094
336 436 -0.740295
337 338 0.048290
337 347 0.492173
337 437 -0.417619
338 339 1.780567
338 348 0.165868
338 438 0.219051
339 330 1.857999
339 349 -0.095251
339 439 -1.733927
340 341 0.057989
340 350 0.967487
340 440 -0.099122
341 342 2.041220
341 351 3.109640
341 441 0.999079
342 343 0.682161
342 352 -1.289481
342 442 -0.731125
343 344 -0.284352
343 353 0.460209
343 443 1.264364
344 345 1.246008
344 354 -0.325973
344 444 0.080383
345 346 0.378237
345 355 0.552887
345 445 1.567756
346 347 0.388953
346 356 1.643474
346 446 0.890971
347 348 1.564661
347 357 -0.905018
347 447 0.847162
348 349 0.869250
348 358 0.518724
348 448 -0.962768
349 340 0.380283
349 359 -0.056786
349 449 -1.824714
350 351 0.113047
350 360 0.298848
350 450 0.590712
351 352 -1.165879
351 361 0.670412
351 451 0.022496
352 353 -0.168860
352 362 0.183885
352 452 -0.414366
353 354 -0.523714
353 363 -0.799865
353 453 -0.303123
354 355 -1.114103
354 364 0.289566
354 454 -0.544796
355 356 -1.922155
355 365 0.157582
355 455 -0.414082
356 357 -0.805491
356 366 -0.519705
356 456 1.005986
357 358 -0.958690
357 367 0.714975
357 457 0.794508
358 359 -0.117119
358 368 0.213078
358 458 0.271604
359 350 -1.490395
359 369 -0.338847
359 459 0.000997
360 361 -0.322471
360 370 0.635552
360 460 -0.193865
361 362 -0.956966
361 371 0.469474
361 461 -0.126739
362 363 0.300484
362 372 -0.596440
362 462 1.344907
363 364 -0.844973
363 373 1.154224
363 463 -2.247323
364 365 0.997859
364 374 0.161365
364 464 -2.130026
365 366 0.623743
365 375 0.281618
365 465 1.333778
366 367 -2.032328
366 376 1.865136
366 466 -0.494225
367 368 0.310841
367 377 0.651213
367 467 -0.802169
368 369 -0.328352
368 378 0.618232
368 468 -0.060143
369 360 1.491791
369 379 0.206099
369 469 1.211630
370 371 -1.060931
370 380 -0.530821
370 470 0.703106
371 372 -1.516830
371 381 -1.921994
371 471 -1.193284
372 373 0.086216
372 382 -0.647904
372 472 -0.322074
373 374 -0.770226
373 383 2.362495
373 473 -0.278499
374 375 0.498051
374 384 -1.423716
374 474 1.532942
375 376 -0.600707
375 385 0.350006
375 475 0.486858
376 377 -1.401459
376 386 1.035285
376 476 0.446930
377 378 0.839251
377 387 -1.898628
377 477 0.065793
378 379 -0.269349
378 388 -0.190122
378 478 0.331661
379 370 0.914154
379 389 -0.007625
379 479 0.951106
380 381 0.489159
380 390 -1.065571
380 480 -0.719931
381 382 0.086300
381 391 -0.056735
381 481 -2.375496
382 383 2.155746
382 392 -0.064137
382 482 0.143587
383 384 0.572581
383 393 -0.869026
383 483 -0.860014
384 385 -0.992016
384 394 0.918591
384 484 0.770574
385 386 0.404967
385 395 1.788585
385 485 -1.359264
386 387 -0.603515
386 396 -0.196226
386 486 1.246588
387 388 -1.217543
387 397 -1.585549
387 487 -0.358447
388 389 -2.197390
388 398 -0.762548
388 488 0.645064
389 380 -2.152671
389 399 -0.025571
389 489 2.416678
390 391 0.227201
390 300 -1.754276
390 490 -0.564006
391 392 -0.087971
391 301 -1.957937
391 491 1.862620
392 393 -0.073853
392 302 1.178920
392 492 0.546678
393 394 0.706371
393 303 -0.712196
393 493 0.369857
394 395 -0.113382
394 304 0.149346
394 494 -0.545415
395 396 0.120375
395 305 1.734675
395 495 -1.001126
396 397 -0.946399
396 306 0.305136
396 496 -1.057665
397 398 -0.537889
397 307 1.185445
397 497 0.329135
398 399 0.699823
398 308 -0.903558
398 498 1.504638
399 390 1.167494
399 309 -1.312665
399 499 1.383269
400 401 0.746757
400 410 -0.679992
400 500 -0.671507
401 402 -0.319163
401 411 -0.956789
401 501 -0.748186
402 403 0.121857
402 412 -1.535075
402 502 0.545656
403 404 0.203362
403 413 -0.204718
403 503 -0.001927
404 405 -0.020938
404 414 -0.515362
404 504 -0.991531
405 406 -0.430840
405 415 1.364247
405 505 -2.353192
406 407 2.010450
406 416 -0.140172
406 506 -0.730702
407 408 -1.206029
407 417 2.841484
407 507 -0.744006
408 409 0.956964
408 418 0.693589
408 508 -1.152094
409 400 -0.176538
409 419 -0.987036
409 509 -0.121612
410 411 -1.065073
410 420 -0.544405
410 510 0.098711
411 412 -0.239814
411 421 -0.132996
411 511 -0.272487
412 413 -0.466665
412 422 -0.196825
412 512 1.328949
413 414 -0.794881
413 423 -0.715065
413 513 -0.285511
414 415 -1.436416
414 424 0.066019
414 514 -0.676508
415 416 -0.754691
415 425 -0.085968
415 515 -0.826920
416 417 -0.758061
416 426 -1.291649
416 516 0.551494
417 418 0.743974
417 427 1.281046
417 517 0.348749
418 419 0.463085
418 428 1.552668
418 518 1.092081
419 410 -0.846232
419 429 -1.349149
419 519 0.970018
420 421 -0.251532
420 430 -0.858907
420 520 1.198525
421 422 -0.415714
421 431 0.929782
421 521 0.394172
422 423 -0.134554
422 432 -1.353307
422 522 -0.318461
423 424 -2.279394
423 433 1.368430
423 523 0.459089
424 425 -0.909402
424 434 0.650307
424 524 -1.466012
425 426 0.898988
425 435 -0.148972
425 525 -0.193206
426 427 -0.537012
426 436 0.987824
426 526 0.195404
427 428 -0.658914
427 437 -1.565763
427 527 -1.038164
428 429 -2.210198
428 438 0.345031
428 528 -0.073846
429 420 -1.795380
429 439 0.338699
429 529 -0.153499
430 431 1.075892
430 440 0.218388
430 530 0.210117
431 432 1.048485
431 441 0.098369
431 531 0.471600
432 433 1.848396
432 442 -0.467843
432 532 -0.227004
433 434 -0.055255
433 443 2.699396
433 533 -0.600454
434 435 -0.111817
434 444 1.230656
434 534 0.971245
435 436 -0.619066
435 445 1.471360
435 535 -0.157027
436 437 -2.521972
436 446 1.493331
436 536 -0.744552
437 438 -0.245130
437 447 1.046264
437 537 -1.917253
438 439 -0.098607
438 448 0.587462
438 538 -0.103828
439 430 -0.224884
439 449 0.595778
439 539 0.715782
440 441 1.217249
440 450 -0.384691
440 540 0.613063
441 442 -1.449016
441 451 -0.206769
441 541 -0.037970
442 443 -3.591663
442 452 1.312743
442 542 0.094753
443 444 -0.535060
443 453 0.275776
443 543 -1.623661
444 445 1.217478
444 454 0.832649
444 544 0.564955
445 446 0.996903
445 455 2.024596
445 545 2.046038
446 447 -0.011287
446 456 1.061260
446 546 0.305790
447 448 0.845749
447 457 0.199646
447 547 -2.062502
448 449 -0.206020
448 458 -0.129108
448 548 0.474607
449 440 -0.489806
449 459 0.120738
449 549 0.851830
450 451 -0.410319
450 460 -0.752594
450 550 -0.734461
451 452 -0.055823
451 461 -0.188166
451 551 1.104994
452 453 0.233134
452 462 -1.402272
452 552 1.358515
453 454 -0.623997
453 463 0.384787
453 553 0.276073
454 455 0.998952
454 464 0.920848
454 554 -0.148771
455 456 -0.035668
455 465 1.023055
455 555 1.871771
456 457 1.526710
456 466 -1.088813
456 556 1.585375
457 458 0.602127
457 467 -0.137887
457 557 0.102010
458 459 1.002096
458 468 -0.127957
458 558 -0.075756
459 450 -0.034643
459 469 0.075908
459 559 0.704420
460 461 1.442811
460 470 0.178341
460 560 0.160817
461 462 0.966901
461 471 0.602344
461 561 1.614998
462 463 -1.000631
462 472 -0.855807
462 562 -0.274616
463 464 2.953202
463 473 0.082697
463 563 1.038794
464 465 1.751145
464 474 0.291760
464 564 -0.080194
465 466 -0.320827
465 475 -0.514073
465 565 0.884704
466 467 0.837577
466 476 0.796337
466 566 0.822548
467 468 -0.308625
467 477 -0.640674
467 567 0.037116
468 469 -0.064354
468 478 -0.373157
468 568 1.812121
469 460 1.658524
469 479 -0.535959
469 569 -0.331613
470 471 -0.229341
470 480 0.421149
470 570 -1.301702
471 472 -0.370555
471 481 -2.108194
471 571 0.677126
472 473 -1.464750
472 482 -1.089031
472 572 -0.953822
473 474 1.482766
473 483 1.120270
473 573 -0.161453
474 475 -0.575003
474 484 1.558407
474 574 -1.055373
475 476 0.085411
475 485 0.439145
475 575 -0.793617
476 477 -0.389072
476 486 -0.766826
476 576 -1.062543
477 478 0.651804
477 487 1.029404
477 577 -0.030730
478 479 1.177947
478 488 -0.503946
478 578 0.296981
479 470 2.547556
479 489 0.645392
479 579 0.819770
480 481 0.684913
480 490 -0.223403
480 580 -0.623338
481 482 -0.016687
481 491 -0.747705
481 581 1.059250
482 483 -1.393055
482 492 -1.070571
482 582 -1.593840
483 484 0.630106
483 493 -0.046277
483 583 1.009639
484 485 -0.030785
484 494 -1.977770
484 584 -0.440842
485 486 0.541515
485 495 0.326410
485 585 -0.845555
486 487 -0.877680
486 496 1.096536
486 586 -0.317432
487 488 0.212828
487 497 -0.039777
487 587 0.058342
488 489 0.891547
488 498 -1.034831
488 588 0.416897
489 480 0.162789
489 499 0.866168
489 589 0.924583
490 491 1.152042
490 400 -0.881407
490 590 0.068942
491 492 0.008320
491 401 -0.138283
491 591 -1.028438
492 493 0.247982
492 402 0.553241
492 592 -0.753032
493 494 0.034993
493 403 -0.914768
493 593 -1.363239
494 495 2.101215
494 404 2.628627
494 594 0.437762
495 496 0.974273
495 405 0.415258
495 595 0.218720
496 497 -1.193958
496 406 0.752541
496 596 0.178748
497 498 -2.266471
497 407 -0.274622
497 597 0.759638
498 499 -0.236028
498 408 -0.488476
498 598 -0.079991
499 490 0.834447
499 409 0.077232
499 599 -1.046698
500 501 1.074936
500 510 -0.667714
500 600 0.897902
501 502 -0.598409
501 511 -0.649904
501 601 1.446068
502 503 -1.639984
502 512 1.096053
502 602 -1.619890
503 504 1.384785
503 513 -1.112519
503 603 0.538361
504 505 2.236479
504 514 -0.172008
504 604 0.270632
505 506 0.094784
505 515 0.796649
505 605 0.768121
506 507 0.476380
506 516 -0.653150
506 606 1.894781
507 508 0.037306
507 517 0.274035
507 607 0.143059
508 509 -0.380291
508 518 1.263314
508 608 -2.061562
509 500 -1.127275
509 519 -0.195115
509 609 0.236742
510 511 -0.902008
510 520 -1.354775
510 610 -1.150083
511 512 -0.874132
511 521 -0.872211
511 611 0.007935
512 513 -0.240878
512 522 1.204803
512 612 -0.955081
513 514 0.896494
513 523 -1.200909
513 613 0.074695
514 515 0.205081
514 524 0.018071
514 614 0.168976
515 516 0.732370
515 525 -0.432927
515 615 0.594626
516 517 -0.005634
516 526 -0.379788
516 616 0.866968
517 518 -1.895620
517 527 1.359220
517 617 -0.299219
518 519 0.025391
518 528 -0.488759
518 618 -1.650986
519 510 -0.340834
519 529 -1.812889
519 619 0.302559
520 521 -0.284559
520 530 -0.424086
520 620 -1.595111
521 522 -0.839147
521 531 0.616973
521 621 0.774035
522 523 -0.103903
522 532 0.995755
522 622 0.216092
523 524 1.086972
523 533 0.051478
523 623 -0.267462
524 525 1.969751
524 534 -0.449989
524 624 1.070248
525 526 -1.117800
525 535 -3.180433
525 625 0.470588
526 527 0.880526
526 536 -2.033513
526 626 1.505374
527 528 0.522647
527 537 -1.296742
527 627 0.369234
528 529 1.292556
528 538 0.701126
528 628 -0.232407
529 520 -1.537624
529 539 0.965297
529 629 -0.812402
530 531 2.219587
530 540 0.446441
530 630 0.140720
531 532 -1.077024
531 541 -0.912594
531 631 -0.243208
532 533 -0.249694
532 542 -0.354039
532 632 -0.518130
533 534 1.109118
533 543 -1.111470
533 633 0.341921
534 535 1.504069
534 544 0.653435
534 634 0.459909
535 536 -1.473003
535 545 1.959874
535 635 2.190073
536 537 0.655269
536 546 -0.406253
536 636 2.117139
537 538 -2.267866
537 547 0.737198
537 637 -1.302906
538 539 -1.237553
538 548 -0.856756
538 638 0.947105
539 530 -1.212959
539 549 0.784308
539 639 -1.062364
540 541 -1.215412
540 550 0.819349
540 640 -1.325701
541 542 -0.778753
541 551 -0.959175
541 641 -0.457632
542 543 -0.180782
542 552 0.186289
542 642 -1.782593
543 544 -0.534935
543 553 1.202967
543 643 -0.832108
544 545 -0.394337
544 554 -0.301435
544 644 2.213343
545 546 -0.245384
545 555 0.074997
545 645 1.358832
546 547 2.003120
546 556 -1.357978
546 646 -0.301888
547 548 0.381664
547 557 -0.368637
547 647 -0.674704
548 549 -1.520273
548 558 -0.021821
548 648 -1.579840
549 540 1.238023
549 559 -1.227692
549 649 -0.421404
550 551 0.703313
550 560 -0.666808
550 650 2.083179
551 552 -0.311469
551 561 -0.938925
551 651 -0.851715
552 553 -0.345720
552 562 -1.058801
552 652 1.037404
553 554 0.177695
553 563 0.253995
553 653 -0.979737
554 555 0.067043
554 564 -0.439540
554 654 0.326025
555 556 0.310342
555 565 0.630643
555 655 0.104679
556 557 -0.338132
556 566 0.909996
556 656 0.259901
557 558 -0.596456
557 567 -0.618736
557 657 0.245309
558 559 0.920770
558 568 0.483299
558 658 -1.173077
559 550 0.436203
559 569 -0.527796
559 659 1.221920
560 561 -0.729659
560 570 -0.054776
560 660 1.513360
561 562 0.166189
561 571 1.384881
561 661 -1.704880
562 563 0.909046
562 572 -0.481596
562 662 0.026491
563 564 -0.845131
563 573 -0.488556
563 663 0.167625
564 565 1.567243
564 574 -0.659120
564 664 0.933022
565 566 -0.402250
565 575 1.719522
565 665 0.368898
566 567 -0.161175
566 576 1.158313
566 666 -0.412270
567 568 -0.237907
567 577 0.028522
567 667 0.897906
568 569 -1.289699
568 578 0.042648
568 668 -0.037815
569 560 -0.695483
569 579 -0.687281
569 669 2.018553
570 571 0.782893
570 580 -0.456630
570 670 0.739934
571 572 -0.591892
571 581 1.413892
571 671 0.887650
572 573 0.067693
572 582 -1.832321
572 672 0.951357
573 574 -0.387445
573 583 -0.706844
573 673 -1.584714
574 575 0.665160
574 584 0.581509
574 674 0.281185
575 576 0.192031
575 585 -1.168258
575 675 0.344860
576 577 1.010785
576 586 -1.202827
576 676 0.741965
577 578 2.117692
577 587 0.183216
577 677 -2.435498
578 579 0.210181
578 588 -0.115216
578 678 -0.798766
579 570 0.054142
579 589 0.143925
579 679 0.024567
580 581 0.350074
580 590 0.873626
580 680 0.040167
581 582 -1.810030
581 591 -1.276592
581 681 -0.287471
582 583 1.282295
582 592 -0.734423
582 682 3.384695
583 584 2.179000
583 593 -0.109823
583 683 0.747421
584 585 -1.405761
584 594 0.509874
584 684 0.701638
585 586 0.799111
585 595 0.523266
585 685 -0.184169
586 587 0.782242
586 596 0.592480
586 686 -0.002990
587 588 0.469258
587 597 0.506601
587 687 -0.959594
588 589 0.082110
588 598 -1.017083
588 688 0.241858
589 580 1.851552
589 599 -0.786459
589 689 0.267339
590 591 -0.793208
590 500 -0.027307
590 690 0.398009
591 592 -0.888847
591 501 1.019392
591 691 -0.555928
592 593 -1.430305
592 502 -1.289491
592 692 -0.705583
593 594 -0.448026
593 503 -1.454379
593 693 -1.167616
594 595 -0.590364
594 504 0.081634
594 694 0.210719
595 596 -1.328432
595 505 0.680822
595 695 -1.206991
596 597 0.027529
596 506 0.008120
596 696 -2.027822
597 598 0.259437
597 507 0.403170
597 697 0.158598
598 599 0.098114
598 508 -0.610394
598 698 -0.717323
599 590 -0.286360
599 509 0.631179
599 699 0.532165
600 601 -0.455256
600 610 -0.239247
600 700 -1.227482
601 602 0.819288
601 611 -0.403346
601 701 -0.458102
602 603 -0.254083
602 612 1.631284
602 702 1.130907
603 604 0.237962
603 613 2.980234
603 703 -0.317415
604 605 0.072771
604 614 -0.199860
604 704 1.098817
605 606 0.891266
605 615 0.132125
605 705 0.787860
606 607 0.909071
606 616 1.004057
606 706 -0.322261
607 608 0.025828
607 617 0.777440
607 707 -0.073109
608 609 0.541919
608 618 0.613095
608 708 -1.096278
609 600 0.493888
609 619 -0.303287
609 709 -0.223675
610 611 0.106974
610 620 -0.207495
610 710 -0.567058
611 612 -1.388164
611 621 1.302421
611 711 -1.746552
612 613 -0.121818
612 622 0.979264
612 712 -0.927344
613 614 -1.063430
613 623 -1.808010
613 713 -2.041431
614 615 -1.581228
614 624 0.293501
614 714 0.900517
615 616 -0.224744
615 625 0.633800
615 715 1.502921
616 617 -1.556552
616 626 0.480427
616 716 2.152107
617 618 0.401821
617 627 -0.184706
617 717 -0.570765
618 619 -1.749679
618 628 1.927470
618 718 0.259020
619 610 1.209602
619 629 1.363712
619 719 0.940940
620 621 0.715424
620 630 -0.391140
620 720 -0.080294
621 622 0.232498
621 631 0.857299
621 721 0.114047
622 623 -0.371670
622 632 -0.359540
622 722 -0.037137
623 624 -0.813799
623 633 -1.182565
623 723 -1.656836
624 625 -1.024782
624 634 -1.180462
624 724 -0.561932
625 626 -1.276606
625 635 -0.611197
625 725 0.475044
626 627 -1.058058
626 636 0.937274
626 726 -0.648348
627 628 0.359822
627 637 0.584825
627 727 -0.238196
628 629 2.281991
628 638 -0.793323
628 728 -0.257775
629 620 0.376406
629 639 0.547822
629 729 1.034934
630 631 0.242236
630 640 0.250990
630 730 0.436295
631 632 0.578443
631 641 -1.489702
631 731 -0.543330
632 633 -1.001181
632 642 1.195233
632 732 1.322686
633 634 0.413363
633 643 -0.578145
633 733 -1.562725
634 635 1.969927
634 644 -0.385511
634 734 0.978297
635 636 -1.499157
635 645 -0.112035
635 735 -0.614718
636 637 -1.172072
636 646 1.337915
636 736 -0.714667
637 638 0.089909
637 647 -1.350049
637 737 1.420917
638 639 -0.433657
638 648 -0.672919
638 738 -0.256240
639 630 -0.394674
639 649 -0.548840
639 739 -1.055660
640 641 -0.343834
640 650 0.015541
640 740 -0.508080
641 642 0.594083
641 651 1.668141
641 741 0.753520
642 643 1.594547
642 652 0.376523
642 742 -0.002963
643 644 2.292288
643 653 1.722465
643 743 -0.844075
644 645 0.450667
644 654 1.334631
644 744 0.352470
645 646 -0.709668
645 655 1.064523
645 745 -1.834021
646 647 -1.151915
646 656 -1.926295
646 746 -0.954511
647 648 -1.060400
647 657 -1.092244
647 747 -2.090974
648 649 -1.656864
648 658 -0.988399
648 748 -0.053727
649 640 0.386232
649 659 0.003870
649 749 -1.673429
650 651 0.353384
650 660 1.541013
650 750 -1.022666
651 652 -1.004504
651 661 -0.012916
651 751 -1.498412
652 653 -0.016537
652 662 0.320390
652 752 -1.339248
653 654 -0.379852
653 663 0.882111
653 753 -0.294026
654 655 -1.243043
654 664 -0.652548
654 754 -0.299999
655 656 -0.286538
655 665 -0.027074
655 755 1.626045
656 657 1.188745
656 666 -1.048291
656 756 -0.640958
657 658 -0.253522
657 667 -1.911767
657 757 0.363334
658 659 1.658856
658 668 -0.891073
658 758 -0.966736
659 650 0.939214
659 669 -1.043754
659 759 0.214835
660 661 -2.171735
660 670 0.864743
660 760 0.254349
661 662 0.259562
661 671 -0.270476
661 761 -2.568290
662 663 0.103364
662 672 0.291149
662 762 0.297949
663 664 -0.640048
663 673 0.429737
663 763 -0.869103
664 665 0.205435
664 674 -0.139136
664 764 0.397984
665 666 -0.784812
665 675 0.130592
665 765 1.291478
666 667 -0.275349
666 676 0.493359
666 766 2.018748
667 668 -0.596505
667 677 -1.318691
667 767 -0.758554
668 669 -0.762659
668 678 0.712427
668 768 0.797769
669 660 -0.036944
669 679 1.364897
669 769 0.568333
670 671 0.890958
670 680 1.002939
670 770 -0.291903
671 672 -0.813785
671 681 0.651323
671 771 0.692410
672 673 0.781797
672 682 0.020752
672 772 -0.725562
673 674 -0.305652
673 683 0.701063
673 773 -0.496152
674 675 -1.622439
674 684 0.567527
674 774 -1.158447
675 676 0.712444
675 685 -0.727632
675 775 0.132332
676 677 -1.170367
676 686 1.496960
676 776 -0.934102
677 678 -0.168184
677 687 0.537300
677 777 -0.492468
678 679 -2.415694
678 688 -2.578672
678 778 1.973777
679 670 0.393541
679 689 -0.879244
679 779 -0.898993
680 681 -1.792621
680 690 -0.548541
680 780 0.091828
681 682 -0.124818
681 691 1.265105
681 781 -0.572339
682 683 -2.397908
682 692 1.070410
682 782 0.088953
683 684 0.981744
683 693 1.071555
683 783 1.143778
684 685 0.733451
684 694 -0.595632
684 784 0.398234
685 686 -0.311403
685 695 -1.016248
685 785 -0.478871
686 687 0.863405
686 696 -1.200076
686 786 -0.396312
687 688 -0.600808
687 697 -0.095072
687 787 0.815574
688 689 0.665613
688 698 0.254439
688 788 -0.329032
689 680 -0.414514
689 699 -1.596552
689 789 0.524077
690 691 1.223790
690 600 -1.621550
690 790 -0.370001
691 692 -1.532042
691 601 0.265127
691 791 1.476020
692 693 -1.778406
692 602 0.296748
692 792 -0.069834
693 694 -1.069303
693 603 -0.822986
693 793 -2.126096
694 695 -0.111305
694 604 -0.689829
694 794 0.152472
695 696 -0.586756
695 605 -1.060375
695 795 0.852356
696 697 -0.089273
696 606 -0.482670
696 796 -0.926168
697 698 1.490653
697 607 -1.878470
697 797 -0.871556
698 699 -0.085504
698 608 0.174291
698 798 -0.677470
699 690 2.017666
699 609 -0.255289
699 799 -2.145314
700 701 -1.821997
700 710 0.274099
700 800 -0.078508
701 702 -0.618877
701 711 -0.297967
701 801 -0.763755
702 703 1.265815
702 712 0.132937
702 802 -0.475362
703 704 0.337808
703 713 -0.391634
703 803 0.880751
704 705 0.125342
704 714 0.746965
704 804 -0.489741
705 706 -0.304305
705 715 1.118742
705 805 -0.501514
706 707 0.905320
706 716 0.783286
706 806 -0.267872
707 708 0.753427
707 717 0.912768
707 807 1.840110
708 709 0.263050
708 718 1.491337
708 808 0.334492
709 700 -0.097946
709 719 -1.088873
709 809 0.297128
710 711 -0.130966
710 720 -1.441602
710 810 2.172933
711 712 -0.628160
711 721 0.014595
711 811 -0.795054
712 713 -0.170287
712 722 0.630808
712 812 -0.934421
713 714 0.209098
713 723 -0.206304
713 813 -0.903559
714 715 2.196489
714 724 -0.631950
714 814 -0.649481
715 716 -1.291005
715 725 -2.507179
715 815 -0.732238
716 717 0.878334
716 726 0.701297
716 816 -0.077352
717 718 -0.376256
717 727 0.267274
717 817 0.109448
718 719 -0.254661
718 728 1.026477
718 818 -0.822784
719 710 -1.358504
719 729 -0.814761
719 819 0.082836
720 721 0.574884
720 730 -0.327961
720 820 -1.624573
721 722 -0.289294
721 731 -0.487978
721 821 -0.146043
722 723 0.340346
722 732 -0.196236
722 822 -0.580962
723 724 0.491087
723 733 -1.470708
723 823 -0.534301
724 725 0.574577
724 734 -0.148250
724 824 0.762987
725 726 0.415506
725 735 0.305048
725 825 -0.864244
726 727 -0.558340
726 736 0.196260
726 826 -0.929302
727 728 0.252100
727 737 -1.118248
727 827 -1.197609
728 729 -0.991565
728 738 -1.010419
728 828 0.096807
729 720 -1.119490
729 739 1.889629
729 829 -1.354022
730 731 -0.643273
730 740 0.237299
730 830 0.497183
731 732 -0.478538
731 741 1.631663
731 831 0.458300
732 733 0.484722
732 742 -0.366392
732 832 -1.950570
733 734 -0.640504
733 743 -0.300186
733 833 0.272747
734 735 -0.246316
734 744 0.597441
734 834 -1.146589
735 736 0.592366
735 745 -0.683644
735 835 1.650743
736 737 0.319292
736 746 -0.390060
736 836 -0.510049
737 738 -1.814236
737 747 -0.407256
737 837 0.969863
738 739 1.131868
738 748 -0.863681
738 838 2.558046
739 730 1.290767
739 749 1.358171
739 839 0.298283
740 741 0.223817
740 750 -1.508640
740 840 0.815723
741 742 -0.907305
741 751 0.845175
741 841 -2.143197
742 743 -0.921093
742 752 1.180659
742 842 1.023121
743 744 -0.952364
743 753 -0.769412
743 843 0.100200
744 745 0.175045
744 754 -1.847761
744 844 0.766371
745 746 2.033863
745 755 0.726493
745 845 0.591237
746 747 0.578490
746 756 0.736759
746 846 -1.176316
747 748 0.153822
747 757 1.498307
747 847 -1.289118
748 749 -0.560330
748 758 -1.591546
748 848 0.084475
749 740 -0.696109
749 759 -0.074519
749 849 -0.097333
750 751 0.236631
750 760 0.536814
750 850 2.731074
751 752 -1.192774
751 761 0.787645
751 851 -1.145289
752 753 -0.578012
752 762 2.075374
752 852 -0.046361
753 754 -0.928902
753 763 0.484320
753 853 0.563780
754 755 -2.031120
754 764 -1.521114
754 854 0.923043
755 756 -0.026525
755 765 1.507217
755 855 -2.701911
756 757 -0.050412
756 766 1.247254
756 856 0.764622
757 758 -1.711832
757 767 -0.273469
757 857 1.239408
758 759 0.589123
758 768 -0.371813
758 858 0.257019
759 750 0.177141
759 769 0.837723
759 859 1.583913
760 761 -0.438341
760 770 -0.365265
760 860 0.599423
761 762 0.992409
761 771 -0.257340
761 861 1.886160
762 763 -0.025030
762 772 0.806215
762 862 1.069395
763 764 -0.229139
763 773 1.396202
763 863 2.083343
764 765 0.298490
764 774 -0.120132
764 864 -1.391226
765 766 -1.033361
765 775 -0.462451
765 865 -1.096092
766 767 -1.670525
766 776 0.861422
766 866 0.122993
767 768 0.908836
767 777 -0.305467
767 867 0.726497
768 769 -0.022902
768 778 -1.125745
768 868 0.366489
769 760 -0.748623
769 779 -0.859274
769 869 -0.707873
770 771 -0.696391
770 780 0.358728
770 870 0.675584
771 772 -0.323172
771 781 0.188722
771 871 -1.137591
772 773 0.557007
772 782 0.054939
772 872 -0.573823
773 774 -0.299891
773 783 0.251963
773 873 -1.605954
774 775 -0.238746
774 784 0.087587
774 874 0.426954
775 776 0.526139
775 785 1.332945
775 875 -0.082393
776 777 -0.050740
776 786 0.620891
776 876 2.310033
777 778 0.002495
777 787 0.957605
777 877 1.421358
778 779 -0.298893
778 788 1.082263
778 878 0.877585
779 770 -0.851882
779 789 -0.520928
779 879 -0.538027
780 781 1.220569
780 790 -0.486782
780 880 0.760405
781 782 1.846336
781 791 -0.490015
781 881 -0.526165
782 783 1.417780
782 792 -0.119920
782 882 0.422394
783 784 0.339429
783 793 0.007891
783 883 1.645369
784 785 0.172266
784 794 0.291519
784 884 0.619962
785 786 0.430083
785 795 0.255230
785 885 -0.328628
786 787 0.698325
786 796 1.703447
786 886 0.968306
787 788 1.097039
787 797 -0.910416
787 887 -0.822218
788 789 -0.205726
788 798 0.026698
788 888 -1.352799
789 780 -0.626214
789 799 0.435585
789 889 1.510652
790 791 -0.932822
790 700 1.378532
790 890 1.127585
791 792 -0.444335
791 701 -1.662341
791 891 -0.764843
792 793 2.083484
792 702 -0.533072
792 892 0.989027
793 794 -0.053962
793 703 0.548655
793 893 -0.581529
794 795 1.559873
794 704 0.498080
794 894 0.904589
795 796 -0.912458
795 705 -0.759129
795 895 -1.234245
796 797 -0.620061
796 706 -2.997150
796 896 -0.910463
797 798 -1.405404
797 707 -1.061095
797 897 0.631512
798 799 -1.197326
798 708 -0.426534
798 898 0.224494
799 790 -0.161426
799 709 -0.432512
799 899 -0.122505
800 801 0.757180
800 810 -0.664402
800 900 -0.613608
801 802 0.051380
801 811 -0.897271
801 901 -0.738787
802 803 1.174227
802 812 0.648076
802 902 -0.187748
803 804 -1.121095
803 813 1.308977
803 903 0.377446
804 805 0.595825
804 814 0.060564
804 904 0.147761
805 806 -2.369197
805 815 0.990843
805 905 -0.642537
806 807 1.647010
806 816 -0.246975
806 906 -0.667875
807 808 -1.243769
807 817 -0.268502
807 907 0.698891
808 809 -0.601849
808 818 -0.168231
808 908 0.209974
809 800 0.363485
809 819 0.520913
809 909 0.256585
810 811 -0.289939
810 820 0.757112
810 910 0.149486
811 812 -0.985698
811 821 -0.500580
811 911 1.442689
812 813 -1.212191
812 822 -1.152616
812 912 1.123296
813 814 0.516612
813 823 0.204639
813 913 2.289283
814 815 0.874330
814 824 -0.894297
814 914 0.297631
815 816 1.527250
815 825 2.058499
815 915 0.083090
816 817 0.009044
816 826 0.925008
816 916 0.092950
817 818 0.175981
817 827 -1.644604
817 917 1.455700
818 819 0.205665
818 828 0.287425
818 918 -0.346759
819 810 -0.817539
819 829 -0.080554
819 919 0.550291
820 821 -0.508982
820 830 -0.694770
820 920 0.045122
821 822 -0.466542
821 831 -0.881634
821 921 -1.182891
822 823 0.167907
822 832 -0.928719
822 922 1.251079
823 824 0.259371
823 833 0.423812
823 923 0.521633
824 825 0.117358
824 834 -1.214158
824 924 1.421467
825 826 1.417255
825 835 0.004043
825 925 -1.603833
826 827 -0.723572
826 836 -1.821328
826 926 -1.216608
827 828 -0.474631
827 837 0.231578
827 927 2.072000
828 829 0.494554
828 838 -0.334620
828 928 -1.422905
829 820 0.330125
829 839 0.128902
829 929 1.682776
830 831 -1.620971
830 840 -1.923095
830 930 0.921005
831 832 -1.215589
831 841 -0.810953
831 931 -0.208252
832 833 0.513323
832 842 1.026519
832 932 0.907221
833 834 1.432482
833 843 -1.107806
833 933 0.522192
834 835 -0.220057
834 844 0.351046
834 934 0.246630
835 836 0.563842
835 845 -0.164799
835 935 1.634760
836 837 0.072976
836 846 -0.475237
836 936 -1.311724
837 838 -0.521234
837 847 0.867718
837 937 0.045911
838 839 0.745929
838 848 0.238995
838 938 0.290233
839 830 -0.440881
839 849 -2.186871
839 939 0.083544
840 841 3.073101
840 850 0.795799
840 940 -0.672669
841 842 -0.230119
841 851 -0.154093
841 941 -0.072791
842 843 0.183486
842 852 0.306862
842 942 -0.821137
843 844 0.306247
843 853 1.158086
843 943 -1.440045
844 845 -0.015605
844 854 -1.514361
844 944 -0.661359
845 846 -1.373380
845 855 -1.351056
845 945 -0.244343
846 847 -1.858113
846 856 0.425537
846 946 0.457098
847 848 -0.479755
847 857 1.737765
847 947 -0.871270
848 849 -1.295795
848 858 0.797596
848 948 -0.420219
849 840 1.975259
849 859 -0.138191
849 949 -1.054166
850 851 -0.768954
850 860 -1.090079
850 950 1.575943
851 852 1.297426
851 861 -0.962305
851 951 -0.664866
852 853 -0.182562
852 862 -1.919947
852 952 -0.131271
853 854 -1.266645
853 863 -0.252674
853 953 0.751450
854 855 -1.068910
854 864 -0.528531
854 954 -1.070414
855 856 1.655129
855 865 0.008206
855 955 -0.210398
856 857 -0.766415
856 866 -0.560694
856 956 -0.262593
857 858 0.151753
857 867 0.576182
857 957 0.191951
858 859 -1.305662
858 868 0.744677
858 958 -1.536105
859 850 -0.098448
859 869 1.525132
859 959 -1.348797
860 861 -0.167090
860 870 -0.351062
860 960 0.431220
861 862 -0.188295
861 871 1.088929
861 961 -1.368183
862 863 0.743484
862 872 -0.613657
862 962 -1.239672
863 864 0.664925
863 873 0.298549
863 963 0.289682
864 865 -1.313114
864 874 -0.146514
864 964 -1.064976
865 866 0.215408
865 875 1.185439
865 965 -2.015528
866 867 -0.496290
866 876 -0.361157
866 966 1.027572
867 868 -2.036853
867 877 -1.193400
867 967 -0.713711
868 869 0.002497
868 878 -0.237021
868 968 -0.400826
869 860 -0.310394
869 879 -0.121502
869 969 -0.353971
870 871 -0.684713
870 880 -0.099453
870 970 0.442434
871 872 -0.137083
871 881 2.044240
871 971 1.676667
872 873 -0.094586
872 882 -0.570229
872 972 -0.560448
873 874 -0.504632
873 883 -0.691694
873 973 -0.356271
874 875 -1.959717
874 884 0.501363
874 974 0.229300
875 876 -0.591132
875 885 -0.171305
875 975 -0.002405
876 877 1.285590
876 886 1.386251
876 976 -0.768057
877 878 -1.814809
877 887 -0.883735
877 977 -0.214680
878 879 -0.450875
878 888 0.154152
878 978 0.478955
879 870 1.739508
879 889 1.729872
879 979 1.620361
880 881 0.379927
880 890 0.670137
880 980 -2.790474
881 882 1.212555
881 891 -0.294910
881 981 0.388754
882 883 -0.364962
882 892 0.856591
882 982 0.805624
883 884 -0.041119
883 893 0.927197
883 983 -1.606802
884 885 -0.176972
884 894 1.629157
884 984 -1.479162
885 886 -0.015774
885 895 -0.977463
885 985 -0.115855
886 887 -1.591625
886 896 0.881166
886 986 -0.668460
887 888 -0.687572
887 897 0.489975
887 987 -1.626303
888 889 -0.821459
888 898 1.082712
888 988 -0.306897
889 880 0.920106
889 899 0.608066
889 989 -1.327604
890 891 2.239749
890 800 0.449612
890 990 -0.970894
891 892 0.630236
891 801 -1.020166
891 991 0.500162
892 893 -0.521358
892 802 -1.299365
892 992 -0.224039
893 894 -1.251264
893 803 1.764074
893 993 0.622618
894 895 0.303339
894 804 -0.973983
894 994 1.111642
895 896 -0.381234
895 805 -0.210984
895 995 -1.339222
896 897 -0.242514
896 806 0.577570
896 996 0.683024
897 898 0.442246
897 807 0.653813
897 997 0.522894
898 899 -1.005898
898 808 -0.080255
898 998 -0.521361
899 890 1.196038
899 809 -1.256113
899 999 -0.490989
900 901 -0.296732
900 910 -0.025915
900 0 0.973241
901 902 -0.016619
901 911 0.253143
901 1 -1.179930
902 903 -0.571347
902 912 -0.325775
902 2 -1.282168
903 904 0.254637
903 913 0.182403
903 3 -1.195636
904 905 -0.490849
904 914 2.377756
904 4 0.467280
905 906 0.836755
905 915 2.074497
905 5 0.080309
906 907 0.792427
906 916 0.852839
906 6 1.900009
907 908 -0.506059
907 917 -1.074854
907 7 0.375703
908 909 0.828761
908 918 -0.094800
908 8 -0.324759
909 900 0.801411
909 919 1.587295
909 9 -0.336400
910 911 2.260890
910 920 0.205910
910 10 -0.131840
911 912 1.546925
911 921 0.905968
911 11 -1.032578
912 913 -0.652916
912 922 -0.398686
912 12 1.961583
913 914 0.759352
913 923 -0.274302
913 13 -0.352471
914 915 -0.061488
914 924 -0.091152
914 14 0.851205
915 916 0.847589
915 925 0.286737
915 15 -0.758984
916 917 0.336717
916 926 2.345349
916 16 1.711503
917 918 -0.082980
917 927 -0.476252
917 17 0.008413
918 919 -2.184487
918 928 0.328180
918 18 0.598899
919 910 1.385418
919 929 -0.209132
919 19 -0.329419
920 921 -1.350337
920 930 0.191008
920 20 2.624326
921 922 0.433618
921 931 -0.001270
921 21 -1.285992
922 923 -1.953620
922 932 0.877191
922 22 -1.074005
923 924 -1.629356
923 933 -0.296476
923 23 -0.539102
924 925 0.610014
924 934 0.807172
924 24 0.121304
925 926 -0.310598
925 935 0.122853
925 25 -1.051124
926 927 -1.159340
926 936 -1.032880
926 26 1.652891
927 928 0.389396
927 937 0.429094
927 27 0.439270
928 929 -2.652280
928 938 0.759963
928 28 1.534641
929 920 -0.232394
929 939 0.454745
929 29 -1.039129
930 931 1.161866
930 940 -0.163136
930 30 0.657142
931 932 0.875766
931 941 -0.724811
931 31 0.257072
932 933 0.349616
932 942 -0.586086
932 32 -0.783877
933 934 -1.753669
933 943 -0.178670
933 33 -1.342846
934 935 -0.878447
934 944 0.158602
934 34 -0.592259
935 936 0.513802
935 945 0.627761
935 35 -1.814724
936 937 0.384396
936 946 0.021561
936 36 1.110444
937 938 -0.002295
937 947 -0.496170
937 37 1.521032
938 939 -0.953037
938 948 -0.389848
938 38 -1.471459
939 930 0.833523
939 949 0.441860
939 39 -2.413186
940 941 0.531307
940 950 0.282434
940 40 0.199561
941 942 1.764176
941 951 -1.136320
941 41 -1.006331
942 943 2.184167
942 952 -1.703052
942 42 1.281995
943 944 1.463292
943 953 0.480235
943 43 1.064182
944 945 -0.270467
944 954 -0.822394
944 44 0.654397
945 946 -1.285969
945 955 -0.403100
945 45 -1.452467
946 947 1.007215
946 956 1.416998
946 46 1.969982
947 948 -1.177565
947 957 -1.337983
947 47 0.043742
948 949 0.314746
948 958 -1.098692
948 48 -2.310537
949 940 -0.033299
949 959 -0.050895
949 49 1.630792
950 951 0.807568
950 960 -0.368441
950 50 -0.307066
951 952 0.080547
951 961 0.859833
951 51 -0.050763
952 953 1.561835
952 962 1.200160
952 52 0.766011
953 954 0.519128
953 963 2.195061
953 53 -0.654190
954 955 1.033919
954 964 -1.169775
954 54 1.291228
955 956 2.351245
955 965 0.288190
955 55 0.968557
956 957 0.806034
956 966 1.218514
956 56 -0.868002
957 958 0.019464
957 967 -1.742429
957 57 -1.778239
958 959 -0.750861
958 968 -0.533008
958 58 1.800433
959 950 -0.035994
959 969 1.209903
959 59 0.298120
960 961 -1.413157
960 970 -0.590267
960 60 0.524528
961 962 -0.901613
961 971 1.264913
961 61 -1.993356
962 963 -0.615921
962 972 -0.417106
962 62 -0.019655
963 964 0.258797
963 973 1.840587
963 63 1.126639
964 965 -0.753315
964 974 0.076060
964 64 -0.366229
965 966 0.709400
965 975 -2.724472
965 65 -1.437543
966 967 0.176664
966 976 -0.759042
966 66 -1.056238
967 968 -0.912371
967 977 0.559189
967 67 0.657782
968 969 0.532291
968 978 -0.770879
968 68 0.776801
969 960 1.466439
969 979 -0.769248
969 69 -0.338595
970 971 -0.846569
970 980 0.371844
970 70 1.727470
971 972 1.639329
971 981 -0.688150
971 71 -1.841249
972 973 1.118362
972 982 -0.943908
972 72 0.073716
973 974 0.823976
973 983 -0.623764
973 73 -0.603129
974 975 -0.541957
974 984 -2.183747
974 74 0.332909
975 976 0.336898
975 985 0.590467
975 75 -1.020799
976 977 0.607695
976 986 0.670651
976 76 -0.514108
977 978 -0.885860
977 987 1.611460
977 77 1.004014
978 979 0.375850
978 988 0.229807
978 78 1.316857
979 970 -0.358925
979 989 1.754137
979 79 1.803946
980 981 0.568788
980 990 1.089137
980 80 0.962404
981 982 1.098459
981 991 0.968445
981 81 -0.064866
982 983 0.078788
982 992 1.467484
982 82 0.643462
983 984 0.675420
983 993 0.398273
983 83 -0.245253
984 985 -0.454355
984 994 1.501102
984 84 1.561140
985 986 -0.694961
985 995 -0.780871
985 85 0.025219
986 987 0.756021
986 996 1.249970
986 86 -0.388614
987 988 0.235957
987 997 0.146932
987 87 0.441905
988 989 -0.103976
988 998 0.198765
988 88 -0.713350
989 980 -0.283291
989 999 0.038162
989 89 -1.580807
990 991 1.791531
990 900 -0.698939
990 90 0.147379
991 992 -0.785674
991 901 1.220932
991 91 -0.916182
992 993 0.534601
992 902 0.202922
992 92 -0.272165
993 994 0.535335
993 903 1.230954
993 93 -0.078277
994 995 -0.010507
994 904 1.251874
994 94 0.216386
995 996 0.659430
995 905 0.026570
995 95 0.197860
996 997 -0.129982
996 906 0.703794
996 96 -1.208322
997 998 -0.465677
997 907 1.107376
997 97 0.411993
998 999 0.133665
998 908 0.631976
998 98 -2.513745
999 990 0.341092
999 909 0.379877
999 99 0.273327
