0 1 -1.299084
0 10 -0.227529
0 100 -0.193006
1 2 -0.305891
1 11 0.561718
1 101 0.839569
2 3 0.581480
2 12 -0.620295
2 102 -0.186114
3 4 -0.867011
3 13 -1.468933
3 103 1.379756
4 5 -0.368913
4 14 0.658188
4 104 -0.186313
5 6 -0.064480
5 15 -0.792038
5 105 0.022115
6 7 0.093972
6 16 0.202672
6 106 0.534052
7 8 -0.447941
7 17 -0.937887
7 107 0.717495
8 9 -0.862054
8 18 -0.218009
8 108 0.636194
9 0 0.736917
9 19 -0.436446
9 109 -0.154487
10 11 -0.793273
10 20 2.193572
10 110 0.028349
11 12 -0.423128
11 21 1.313082
11 111 1.670715
12 13 -0.173952
12 22 0.119502
12 112 -0.767478
13 14 -0.396304
13 23 1.654179
13 113 -0.018700
14 15 -0.811055
14 24 0.586394
14 114 0.419731
15 16 -0.263858
15 25 1.136940
15 115 0.341580
16 17 -1.509833
16 26 -0.046155
16 116 -0.399956
17 18 2.346032
17 27 -0.423479
17 117 1.142442
18 19 1.439949
18 28 -0.166260
18 118 -1.239792
19 10 0.179758
19 29 -0.879173
19 119 1.958000
20 21 1.928529
20 30 -0.318863
20 120 -1.128801
21 22 0.424072
21 31 0.307619
21 121 -0.309007
22 23 0.780470
22 32 -0.634824
22 122 0.127060
23 24 1.054144
23 33 0.209741
23 123 -0.082094
24 25 -0.118055
24 34 -0.591826
24 124 -0.507280
25 26 -0.212672
25 35 -0.560114
25 125 -1.630530
26 27 1.145683
26 36 -0.757949
26 126 -0.640499
27 28 -0.780083
27 37 0.800095
27 127 -0.564052
28 29 0.252844
28 38 0.749925
28 128 -1.503688
29 20 1.202166
29 39 0.326078
29 129 -0.653344
30 31 -0.126889
30 40 0.459368
30 130 0.728292
31 32 -0.009230
31 41 0.270754
31 131 0.489870
32 33 -1.021030
32 42 0.064288
32 132 -1.919360
33 34 1.359512
33 43 -2.848843
33 133 -0.306385
34 35 1.027658
34 44 1.079747
34 134 -0.552516
35 36 -0.792827
35 45 1.321833
35 135 0.128246
36 37 0.359548
36 46 -0.056192
36 136 -1.068973
37 38 -0.314194
37 47 -0.759217
37 137 0.833315
38 39 -0.463696
38 48 -0.910047
38 138 -0.463659
39 30 -0.677705
39 49 0.571204
39 139 -0.059435
40 41 -0.055710
40 50 -0.222241
40 140 0.177708
41 42 1.261261
41 51 1.650507
41 141 -1.118766
42 43 -1.444419
42 52 -1.444330
42 142 -0.513313
43 44 -0.851369
43 53 -0.620515
43 143 0.043128
44 45 -1.117791
44 54 -0.938860
44 144 -1.205380
45 46 -0.044972
45 55 -0.599571
45 145 -0.309053
46 47 -0.393589
46 56 0.353550
46 146 1.203737
47 48 0.206428
47 57 -0.631034
47 147 3.271201
48 49 0.120502
48 58 0.342042
48 148 -0.788576
49 40 1.279054
49 59 -2.386492
49 149 -0.566059
50 51 0.982452
50 60 2.229789
50 150 1.000062
51 52 2.062820
51 61 1.225881
51 151 1.555993
52 53 1.223522
52 62 -1.066698
52 152 0.672460
53 54 0.313206
53 63 -0.275110
53 153 -0.102606
54 55 -0.228160
54 64 0.247153
54 154 1.246320
55 56 1.189208
55 65 -0.633242
55 155 0.651150
56 57 0.768087
56 66 2.023627
56 156 1.084012
57 58 -1.548440
57 67 0.464198
57 157 -0.694182
58 59 -0.702571
58 68 -1.323632
58 158 -0.691077
59 50 0.220786
59 69 0.195699
59 159 0.647951
60 61 -0.486867
60 70 -0.933534
60 160 0.265505
61 62 -0.790667
61 71 -1.730977
61 161 -0.409369
62 63 0.976616
62 72 0.187277
62 162 0.211994
63 64 1.641915
63 73 -0.015450
63 163 1.442258
64 65 0.208908
64 74 0.001150
64 164 -1.098564
65 66 0.035997
65 75 1.659548
65 165 0.891549
66 67 0.037115
66 76 -1.383241
66 166 0.791024
67 68 -2.120552
67 77 0.884472
67 167 0.787524
68 69 -0.942790
68 78 -0.222818
68 168 -0.881707
69 60 -1.040794
69 79 -0.335844
69 169 1.163926
70 71 0.256552
70 80 -1.050004
70 170 -0.656134
71 72 -1.174324
71 81 -1.010746
71 171 -3.430189
72 73 0.210898
72 82 -1.785759
72 172 -1.226393
73 74 -1.149322
73 83 -1.550536
73 173 0.802157
74 75 -1.202372
74 84 0.263650
74 174 -0.075257
75 76 -1.772501
75 85 0.496558
75 175 -1.587015
76 77 -0.094092
76 86 0.685293
76 176 2.667849
77 78 0.098009
77 87 0.540128
77 177 -1.050821
78 79 0.101365
78 88 -0.022911
78 178 -0.185064
79 70 -0.515229
79 89 -1.664891
79 179 -0.293697
80 81 -0.592841
80 90 0.602612
80 180 0.775706
81 82 1.522284
81 91 0.201329
81 181 0.679430
82 83 -3.339721
82 92 -0.507473
82 182 0.028615
83 84 0.602316
83 93 -1.172972
83 183 0.659744
84 85 -0.832915
84 94 -0.039743
84 184 -1.271533
85 86 -0.270574
85 95 -0.172708
85 185 1.065487
86 87 -0.704396
86 96 -0.105086
86 186 1.508241
87 88 0.621951
87 97 -0.888665
87 187 0.334592
88 89 -1.017803
88 98 1.004730
88 188 0.822891
89 80 2.074090
89 99 2.052803
89 189 0.243689
90 91 -0.396527
90 0 1.372343
90 190 1.742148
91 92 2.455411
91 1 0.480013
91 191 -0.037103
92 93 0.668617
92 2 -0.939059
92 192 0.388230
93 94 -0.431628
93 3 -0.799508
93 193 1.076811
94 95 -0.551717
94 4 -2.076159
94 194 -1.662868
95 96 -1.016386
95 5 1.566504
95 195 -1.378195
96 97 -0.785135
96 6 1.698879
96 196 -1.370275
97 98 -0.725548
97 7 -2.327151
97 197 -0.029640
98 99 -0.227495
98 8 -0.740416
98 198 0.686492
99 90 0.933606
99 9 0.794104
99 199 0.848175
100 101 1.530676
100 110 0.215206
100 200 1.055186
101 102 -1.130658
101 111 -2.248713
101 201 0.064692
102 103 -0.669361
102 112 0.815100
102 202 -0.146305
103 104 0.218382
103 113 -1.386103
103 203 -1.716298
104 105 0.433682
104 114 -0.576966
104 204 0.030241
105 106 -1.567247
105 115 -0.968384
105 205 2.945155
106 107 2.166366
106 116 -0.885109
106 206 0.405129
107 108 0.964379
107 117 2.053109
107 207 -0.037214
108 109 -0.291217
108 118 -0.950202
108 208 0.616336
109 100 -1.424969
109 119 2.143223
109 209 0.181578
110 111 0.774191
110 120 0.285118
110 210 -0.250901
111 112 -0.316754
111 121 0.661746
111 211 -0.121632
112 113 -1.523334
112 122 -0.883062
112 212 -0.163976
113 114 -0.844582
113 123 0.246469
113 213 -0.350891
114 115 1.314039
114 124 -0.794695
114 214 -0.619341
115 116 -1.422772
115 125 -0.765058
115 215 -1.134744
116 117 0.514809
116 126 -0.166217
116 216 0.136255
117 118 0.996378
117 127 0.810232
117 217 -0.830968
118 119 -0.571485
118 128 -0.634841
118 218 -0.880436
119 110 -0.930606
119 129 0.043555
119 219 0.415319
120 121 -0.202861
120 130 0.018640
120 220 0.359089
121 122 0.696301
121 131 -1.010581
121 221 -0.222664
122 123 -0.888396
122 132 -0.967803
122 222 -0.532432
123 124 1.360253
123 133 0.305110
123 223 1.584245
124 125 -1.759307
124 134 0.007354
124 224 0.083921
125 126 -0.489082
125 135 0.162149
125 225 0.233911
126 127 -1.016373
126 136 -2.658973
126 226 -0.728221
127 128 -0.902225
127 137 0.417522
127 227 -0.728863
128 129 0.653885
128 138 -1.192047
128 228 0.751076
129 120 -0.072081
129 139 0.910260
129 229 -0.043153
130 131 0.769747
130 140 -0.840764
130 230 -1.212301
131 132 -1.206908
131 141 -1.147103
131 231 -1.073955
132 133 -0.239289
132 142 -1.095209
132 232 1.230832
133 134 1.345129
133 143 -1.257262
133 233 -1.095541
134 135 -1.348293
134 144 0.931292
134 234 -0.864009
135 136 1.173475
135 145 0.072279
135 235 1.065453
136 137 -0.245233
136 146 -2.130515
136 236 0.305814
137 138 -0.113274
137 147 0.956753
137 237 -0.136938
138 139 -0.486162
138 148 0.234011
138 238 1.924975
139 130 0.203183
139 149 -0.919451
139 239 1.472395
140 141 -0.402946
140 150 -0.154880
140 240 1.589436
141 142 -1.564971
141 151 -0.718816
141 241 0.164391
142 143 -0.173695
142 152 -0.487821
142 242 -0.710065
143 144 0.814893
143 153 -0.752436
143 243 -0.365846
144 145 -0.058027
144 154 -0.477340
144 244 -1.846758
145 146 0.403193
145 155 -0.329614
145 245 1.262749
146 147 -0.369982
146 156 -0.051941
146 246 -0.837751
147 148 -0.742251
147 157 0.211644
147 247 -0.126947
148 149 0.397342
148 158 0.639440
148 248 -2.267126
149 140 0.846375
149 159 0.253821
149 249 1.426181
150 151 0.448173
150 160 -0.163354
150 250 0.359658
151 152 -2.036770
151 161 -1.074815
151 251 0.334548
152 153 -0.804540
152 162 -0.311652
152 252 -1.721630
153 154 0.470442
153 163 -0.640430
153 253 0.193769
154 155 -0.251307
154 164 -1.275742
154 254 -0.568544
155 156 -0.769026
155 165 0.075303
155 255 -2.319650
156 157 -0.391933
156 166 -1.287228
156 256 -0.252935
157 158 -1.065110
157 167 -0.885792
157 257 0.732981
158 159 1.286027
158 168 -0.770071
158 258 0.008090
159 150 -0.450321
159 169 -1.445721
159 259 0.699243
160 161 1.233641
160 170 0.257278
160 260 1.210387
161 162 -0.562550
161 171 0.162710
161 261 0.156730
162 163 -1.268757
162 172 -0.030498
162 262 0.415035
163 164 -0.964009
163 173 -0.793653
163 263 -0.481723
164 165 -1.525611
164 174 1.261462
164 264 -0.643582
165 166 0.154411
165 175 -1.369143
165 265 -0.113440
166 167 0.585076
166 176 1.226988
166 266 -0.249228
167 168 2.338314
167 177 0.452997
167 267 1.053022
168 169 -0.740623
168 178 0.152240
168 268 -0.861524
169 160 0.614707
169 179 -0.057389
169 269 -0.645696
170 171 1.157969
170 180 1.830952
170 270 -0.571533
171 172 -0.520302
171 181 -0.928134
171 271 0.566361
172 173 -0.820795
172 182 0.112449
172 272 -0.598377
173 174 -0.192711
173 183 -0.373433
173 273 -0.536264
174 175 -1.472142
174 184 -0.162988
174 274 -0.048066
175 176 -1.502573
175 185 -1.809317
175 275 0.095634
176 177 0.884716
176 186 -1.548847
176 276 -0.467424
177 178 0.312088
177 187 -1.097857
177 277 0.352458
178 179 -1.320958
178 188 0.961028
178 278 -0.375256
179 170 -0.088065
179 189 -0.187221
179 279 0.449820
180 181 -0.615613
180 190 -0.638364
180 280 -0.640144
181 182 -2.708659
181 191 0.456281
181 281 1.373386
182 183 -1.104419
182 192 0.934801
182 282 -1.656201
183 184 -0.829004
183 193 -1.032368
183 283 1.900465
184 185 -0.715836
184 194 -0.053095
184 284 -0.198683
185 186 0.411392
185 195 -0.903415
185 285 -0.693324
186 187 -0.493636
186 196 -0.402144
186 286 1.275698
187 188 -0.761934
187 197 -0.240726
187 287 -0.605426
188 189 0.818832
188 198 -1.048676
188 288 0.089411
189 180 -0.226870
189 199 -0.092308
189 289 -1.137954
190 191 -1.093432
190 100 0.179042
190 290 -1.341989
191 192 -0.057388
191 101 -0.856150
191 291 1.560945
192 193 -0.648879
192 102 -0.230176
192 292 -1.076282
193 194 -0.866714
193 103 0.021636
193 293 0.899340
194 195 -1.352574
194 104 1.612609
194 294 0.163831
195 196 1.494431
195 105 0.307659
195 295 -1.114309
196 197 -1.333478
196 106 0.918885
196 296 0.593362
197 198 0.469825
197 107 0.100285
197 297 0.562583
198 199 0.236370
198 108 0.820036
198 298 -1.117309
199 190 -1.052739
199 109 -0.200318
199 299 1.085255
200 201 -0.940891
200 210 1.022361
200 300 1.280467
201 202 1.871494
201 211 0.809258
201 301 -0.169196
202 203 0.179499
202 212 0.263816
202 302 1.541982
203 204 -0.450567
203 213 0.077775
203 303 0.560572
204 205 -0.532016
204 214 -0.149034
204 304 -0.058860
205 206 -1.600759
205 215 1.240657
205 305 0.899663
206 207 0.473618
206 216 -0.078771
206 306 1.423604
207 208 -0.314459
207 217 -0.049085
207 307 -1.473591
208 209 0.050002
208 218 1.322522
208 308 -0.259672
209 200 0.369432
209 219 1.463443
209 309 0.681714
210 211 2.623656
210 220 -0.100540
210 310 -1.028705
211 212 1.019259
211 221 0.526312
211 311 0.045840
212 213 1.045460
212 222 2.165232
212 312 -0.514102
213 214 -1.716504
213 223 -1.614080
213 313 0.488166
214 215 -0.468145
214 224 2.649376
214 314 0.481080
215 216 0.142220
215 225 -2.676333
215 315 -0.320848
216 217 -1.333369
216 226 -0.478393
216 316 0.924620
217 218 0.415809
217 227 -1.019679
217 317 1.518591
218 219 0.187963
218 228 1.854745
218 318 0.479593
219 210 1.101344
219 229 1.445731
219 319 -0.851976
220 221 1.515039
220 230 -0.562235
220 320 -0.768728
221 222 -0.125728
221 231 -0.944328
221 321 1.994739
222 223 1.713903
222 232 -0.918428
222 322 -1.255687
223 224 -0.125200
223 233 0.307561
223 323 -0.519038
224 225 -0.108748
224 234 0.407095
224 324 -0.597248
225 226 -0.912298
225 235 -1.068010
225 325 -1.286620
226 227 0.735337
226 236 -1.152431
226 326 -0.041521
227 228 1.323974
227 237 0.066889
227 327 -0.737777
228 229 0.419520
228 238 0.145602
228 328 -0.507052
229 220 1.832716
229 239 -0.754702
229 329 0.123440
230 231 -1.222981
230 240 -0.803737
230 330 -1.626800
231 232 -0.244408
231 241 0.908736
231 331 0.797796
232 233 -0.459854
232 242 -2.234034
232 332 0.023835
233 234 0.354857
233 243 0.154524
233 333 1.007824
234 235 0.808330
234 244 1.806596
234 334 -0.686591
235 236 -0.796760
235 245 -0.712040
235 335 -0.246418
236 237 -1.332827
236 246 -0.576785
236 336 0.758104
237 238 0.625418
237 247 -0.946119
237 337 0.992252
238 239 0.644894
238 248 -0.559688
238 338 2.055522
239 230 0.623184
239 249 -2.659676
239 339 -0.302039
240 241 0.232053
240 250 1.762697
240 340 -1.091643
241 242 0.398198
241 251 0.329334
241 341 0.586179
242 243 -1.733454
242 252 -1.490824
242 342 -1.062787
243 244 1.488668
243 253 -0.895327
243 343 -0.547257
244 245 -0.799865
244 254 -0.208887
244 344 -0.229794
245 246 1.256711
245 255 0.731844
245 345 -1.495231
246 247 -0.151004
246 256 -0.493311
246 346 1.043627
247 248 0.708844
247 257 -0.080614
247 347 0.600742
248 249 -1.036010
248 258 -0.521228
248 348 -0.808297
249 240 1.398203
249 259 1.519484
249 349 -2.187312
250 251 -0.863572
250 260 -1.621616
250 350 0.258844
251 252 0.526372
251 261 0.049009
251 351 -0.217867
252 253 0.359148
252 262 -0.413943
252 352 -2.166503
253 254 -1.509048
253 263 -0.572533
253 353 0.368352
254 255 -1.323432
254 264 0.139762
254 354 0.581373
255 256 0.159435
255 265 1.040569
255 355 1.123763
256 257 0.169595
256 266 -0.842617
256 356 0.140368
257 258 -0.982397
257 267 -0.063931
257 357 -0.052254
258 259 0.375829
258 268 -0.676346
258 358 2.205745
259 250 0.496131
259 269 0.009175
259 359 -0.183056
260 261 2.560668
260 270 -0.360732
260 360 0.296650
261 262 -0.861932
261 271 0.472615
261 361 1.375001
262 263 -1.095588
262 272 -0.171782
262 362 0.171313
263 264 -0.195383
263 273 -0.930836
263 363 -0.819685
264 265 -0.002072
264 274 -0.405795
264 364 0.100280
265 266 0.258406
265 275 0.309696
265 365 -1.467754
266 267 -1.283555
266 276 -2.165321
266 366 -0.231613
267 268 -1.448902
267 277 0.454934
267 367 0.658836
268 269 -0.070566
268 278 0.031268
268 368 0.172235
269 260 -0.118377
269 279 0.742395
269 369 -0.178395
270 271 0.160549
270 280 -0.938172
270 370 0.437914
271 272 0.219626
271 281 -0.649786
271 371 -0.639134
272 273 0.603370
272 282 -1.117485
272 372 -0.106883
273 274 -0.191223
273 283 -1.037262
273 373 0.352073
274 275 0.568572
274 284 1.342030
274 374 -0.681754
275 276 0.590004
275 285 0.055303
275 375 -0.520788
276 277 -1.380693
276 286 -0.832795
276 376 -1.226298
277 278 -0.262050
277 287 -0.651322
277 377 0.203800
278 279 1.289594
278 288 -0.040684
278 378 0.007944
279 270 -0.641439
279 289 -1.362687
279 379 -0.189266
280 281 -0.197772
280 290 -0.726595
280 380 -2.080979
281 282 0.829784
281 291 1.196745
281 381 -0.420380
282 283 0.388171
282 292 -0.217750
282 382 -0.902663
283 284 1.248804
283 293 0.549561
283 383 -0.371069
284 285 -0.496165
284 294 -1.829966
284 384 -0.051011
285 286 1.389988
285 295 0.308507
285 385 -1.132723
286 287 0.675076
286 296 0.299725
286 386 1.038127
287 288 0.466691
287 297 0.056288
287 387 1.345537
288 289 0.555904
288 298 0.415989
288 388 -0.988252
289 280 -1.680266
289 299 -1.645962
289 389 0.081315
290 291 -0.185854
290 200 0.114341
290 390 -0.574524
291 292 -0.110091
291 201 0.751147
291 391 0.978350
292 293 0.835468
292 202 0.169353
292 392 -1.045606
293 294 0.908248
293 203 1.006850
293 393 -0.434587
294 295 0.479932
294 204 0.278837
294 394 -0.427612
295 296 -0.957423
295 205 -1.635437
295 395 0.037230
296 297 -0.209744
296 206 -1.060687
296 396 0.272855
297 298 2.234970
297 207 -0.974569
297 397 0.176463
298 299 0.123036
298 208 -0.194727
298 398 -1.059133
299 290 0.545980
299 209 -1.190280
299 399 -0.544488
300 301 -1.591218
300 310 -0.654776
300 400 0.541451
301 302 -0.343895
301 311 -0.203197
301 401 -0.505022
302 303 -0.989930
302 312 -0.596400
302 402 1.027249
303 304 0.937331
303 313 -2.435715
303 403 -0.912511
304 305 -0.730214
304 314 0.577976
304 404 -0.134968
305 306 -0.860126
305 315 0.993223
305 405 -0.178884
306 307 1.188040
306 316 0.278061
306 406 -0.841370
307 308 0.494493
307 317 -0.004180
307 407 -0.665252
308 309 -1.120048
308 318 -0.332965
308 408 -1.172598
309 300 -0.370965
309 319 1.414313
309 409 0.978695
310 311 0.810012
310 320 -0.603710
310 410 -0.541681
311 312 -0.222665
311 321 -0.844759
311 411 0.855369
312 313 -0.672233
312 322 -1.848970
312 412 -0.302189
313 314 0.900713
313 323 -1.911706
313 413 1.286882
314 315 0.426529
314 324 -0.130030
314 414 0.152415
315 316 1.688791
315 325 -0.135231
315 415 0.228727
316 317 1.551266
316 326 0.987258
316 416 -1.100361
317 318 -0.148119
317 327 0.169532
317 417 -0.404143
318 319 -0.202988
318 328 -0.670517
318 418 0.018839
319 310 -0.729075
319 329 -0.228387
319 419 0.796423
320 321 -0.576463
320 330 -0.323489
320 420 0.100308
321 322 0.300586
321 331 1.948212
321 421 1.993671
322 323 0.030700
322 332 -0.368039
322 422 -0.830586
323 324 2.267636
323 333 -0.247568
323 423 0.603703
324 325 -0.116726
324 334 0.232450
324 424 1.462711
325 326 0.325068
325 335 -0.210220
325 425 -0.557018
326 327 -0.796168
326 336 0.640531
326 426 1.273366
327 328 -1.105499
327 337 0.061689
327 427 -0.374450
328 329 0.069948
328 338 0.091306
328 428 0.566098
329 320 -0.137517
329 339 0.938134
329 429 0.847022
330 331 0.705844
330 340 1.271572
330 430 1.861794
331 332 0.128128
331 341 -1.047834
331 431 -1.201454
332 333 0.284550
332 342 1.056448
332 432 0.195725
333 334 -0.618021
333 343 -1.071170
333 433 0.578775
334 335 -1.129213
334 344 -0.627252
334 434 0.669986
335 336 1.607195
335 345 -0.188823
335 435 -0.356456
336 337 0.425991
336 346 -2.016704
336 436 0.572509
337 338 0.134959
337 347 1.925485
337 437 -0.084370
338 339 0.410059
338 348 1.026608
338 438 0.354438
339 330 -1.392359
339 349 0.939617
339 439 -1.279461
340 341 0.971657
340 350 0.163927
340 440 -0.418849
341 342 -1.676503
341 351 -0.227890
341 441 -1.345499
342 343 -1.406553
342 352 1.071071
342 442 -2.164644
343 344 -1.681127
343 353 -0.387050
343 443 0.703141
344 345 1.194331
344 354 0.427701
344 444 -1.217612
345 346 -0.734324
345 355 -1.674183
345 445 2.247693
346 347 0.378990
346 356 0.972957
346 446 2.300339
347 348 0.514267
347 357 -1.158886
347 447 -1.513097
348 349 -0.538943
348 358 0.106846
348 448 -1.054411
349 340 2.005054
349 359 -0.209264
349 449 -0.451594
350 351 -0.080322
350 360 -1.517126
350 450 -1.107797
351 352 1.483070
351 361 0.697514
351 451 0.922184
352 353 -0.386985
352 362 0.575082
352 452 0.009273
353 354 -0.166255
353 363 -1.387713
353 453 0.608533
354 355 -0.739617
354 364 0.094201
354 454 -0.317648
355 356 0.187990
355 365 -1.540980
355 455 0.332788
356 357 0.512515
356 366 1.252425
356 456 0.384620
357 358 -1.347249
357 367 -1.092925
357 457 -0.343878
358 359 1.551162
358 368 -0.358239
358 458 0.602256
359 350 -0.865335
359 369 -0.918820
359 459 -0.689653
360 361 0.663524
360 370 0.568753
360 460 0.243348
361 362 0.126797
361 371 -0.328025
361 461 -0.314024
362 363 2.464077
362 372 0.883072
362 462 0.682606
363 364 0.647093
363 373 0.004895
363 463 0.621032
364 365 -0.177837
364 374 -0.980800
364 464 -1.309387
365 366 -0.665800
365 375 -0.358323
365 465 -0.356576
366 367 -0.036026
366 376 -0.601694
366 466 -0.827042
367 368 -0.509681
367 377 -1.437062
367 467 1.794409
368 369 -1.847733
368 378 0.652964
368 468 -1.270349
369 360 0.432021
369 379 0.268881
369 469 0.590403
370 371 1.118723
370 380 -0.522834
370 470 0.671776
371 372 -1.142516
371 381 1.410969
371 471 -2.481833
372 373 0.370964
372 382 0.587169
372 472 0.857355
373 374 -0.381734
373 383 -0.092212
373 473 -0.973719
374 375 0.088902
374 384 -0.964687
374 474 1.368819
375 376 0.097375
375 385 -0.007817
375 475 1.428451
376 377 -0.349637
376 386 1.605756
376 476 0.119357
377 378 2.138592
377 387 -1.040358
377 477 -0.636499
378 379 -0.459698
378 388 -0.409136
378 478 -0.740144
379 370 0.720288
379 389 -0.218939
379 479 -0.824727
380 381 0.897297
380 390 -0.132998
380 480 0.522236
381 382 1.444852
381 391 1.066214
381 481 -0.693417
382 383 0.551091
382 392 0.224999
382 482 -0.179749
383 384 -0.569950
383 393 0.567294
383 483 -0.845824
384 385 0.310273
384 394 0.835150
384 484 -1.616936
385 386 -0.519799
385 395 0.228353
385 485 0.021766
386 387 1.225138
386 396 -1.775545
386 486 0.274176
387 388 -2.377143
387 397 0.262104
387 487 0.725584
388 389 -0.320294
388 398 -1.617546
388 488 1.223441
389 380 -0.936130
389 399 1.030554
389 489 -0.340042
390 391 -2.450509
390 300 1.131187
390 490 0.557784
391 392 1.635784
391 301 -0.451804
391 491 1.154414
392 393 0.376013
392 302 -0.240152
392 492 -0.924094
393 394 -1.329287
393 303 0.673588
393 493 1.580798
394 395 1.086513
394 304 0.294459
394 494 -2.000645
395 396 0.187311
395 305 1.138485
395 495 0.600887
396 397 -0.375827
396 306 -1.278089
396 496 -1.963683
397 398 -1.137528
397 307 -0.679481
397 497 0.080002
398 399 -0.117359
398 308 0.576401
398 498 1.106597
399 390 0.940832
399 309 -1.607096
399 499 -1.622397
400 401 0.497370
400 410 -0.866914
400 500 0.020493
401 402 0.609199
401 411 -0.163500
401 501 1.634420
402 403 -0.221521
402 412 -0.328397
402 502 2.011787
403 404 -0.035690
403 413 0.331058
403 503 1.205774
404 405 0.596745
404 414 0.132973
404 504 -0.609792
405 406 0.722703
405 415 -0.181219
405 505 0.093128
406 407 -0.676241
406 416 -0.403159
406 506 2.227071
407 408 0.036555
407 417 0.311183
407 507 0.517163
408 409 -0.362631
408 418 -0.315894
408 508 -0.634322
409 400 -0.091035
409 419 0.200261
409 509 -0.203710
410 411 0.234986
410 420 0.337602
410 510 -1.436364
411 412 -0.352681
411 421 -1.136930
411 511 0.180901
412 413 -0.000033
412 422 0.267073
412 512 -1.424939
413 414 -1.080829
413 423 1.337633
413 513 -0.344148
414 415 0.161729
414 424 -0.887763
414 514 2.098293
415 416 -0.380921
415 425 0.917541
415 515 -1.019982
416 417 0.256825
416 426 -0.701426
416 516 -1.231600
417 418 -1.032507
417 427 -0.054094
417 517 -1.197116
418 419 -0.469010
418 428 -1.313524
418 518 1.057317
419 410 2.099900
419 429 -0.984053
419 519 0.333863
420 421 1.395683
420 430 0.963976
420 520 -1.319182
421 422 -0.409760
421 431 -1.301370
421 521 1.294762
422 423 1.505681
422 432 0.310598
422 522 0.597451
423 424 0.289766
423 433 0.966106
423 523 0.458430
424 425 0.238288
424 434 0.128393
424 524 1.197652
425 426 -0.435709
425 435 0.150950
425 525 -0.306557
426 427 -1.501335
426 436 1.230281
426 526 -0.567214
427 428 1.426077
427 437 -0.036889
427 527 0.177077
428 429 1.377264
428 438 -0.724202
428 528 -0.082312
429 420 0.199366
429 439 -1.554376
429 529 -1.919497
430 431 -1.803939
430 440 -0.109158
430 530 -0.750283
431 432 1.650711
431 441 1.085264
431 531 -0.589762
432 433 -0.155730
432 442 0.144998
432 532 1.373265
433 434 -0.641479
433 443 0.865186
433 533 2.040612
434 435 -1.336369
434 444 -1.636545
434 534 -0.572407
435 436 -1.505759
435 445 1.290625
435 535 -1.369457
436 437 0.387768
436 446 1.082116
436 536 0.183978
437 438 0.386689
437 447 0.404279
437 537 -1.817108
438 439 1.603993
438 448 1.019858
438 538 -1.036053
439 430 2.219923
439 449 0.581592
439 539 -0.395407
440 441 -0.370148
440 450 2.716239
440 540 0.149626
441 442 0.456123
441 451 -1.069390
441 541 1.263306
442 443 -0.349418
442 452 0.599550
442 542 -0.024513
443 444 -0.343747
443 453 -0.709583
443 543 0.103941
444 445 0.326851
444 454 -1.198111
444 544 -1.094349
445 446 0.125429
445 455 -0.760336
445 545 0.139221
446 447 -0.679069
446 456 -2.756493
446 546 -0.882708
447 448 -0.831442
447 457 -1.130610
447 547 0.943694
448 449 -1.356231
448 458 -0.126372
448 548 0.775132
449 440 0.541884
449 459 2.144906
449 549 -0.915169
450 451 -0.336380
450 460 1.091622
450 550 -0.736627
451 452 -1.176471
451 461 1.030439
451 551 -0.273788
452 453 -1.173969
452 462 -1.052511
452 552 -0.591083
453 454 0.875351
453 463 0.769307
453 553 -0.165242
454 455 1.592234
454 464 -0.961625
454 554 0.861082
455 456 0.213692
455 465 -0.545190
455 555 -0.112325
456 457 2.110055
456 466 0.007615
456 556 0.870678
457 458 -0.130844
457 467 0.319691
457 557 -1.308121
458 459 1.566693
458 468 -2.182099
458 558 -0.126680
459 450 -2.230865
459 469 1.280622
459 559 -0.137308
460 461 2.931379
460 470 1.133680
460 560 -1.821686
461 462 1.160683
461 471 1.150309
461 561 0.323007
462 463 -3.563715
462 472 -0.364063
462 562 1.611663
463 464 0.245282
463 473 1.377074
463 563 -0.118361
464 465 -0.020059
464 474 -0.769570
464 564 -0.274346
465 466 1.399286
465 475 -1.081514
465 565 0.153113
466 467 -1.229779
466 476 0.062032
466 566 1.028232
467 468 -0.409786
467 477 -1.504261
467 567 -0.202806
468 469 1.217051
468 478 -1.419563
468 568 0.470197
469 460 -1.429338
469 479 1.056228
469 569 -0.341896
470 471 0.754682
470 480 -0.243068
470 570 -0.001200
471 472 -0.239711
471 481 -0.210073
471 571 0.515494
472 473 -2.377298
472 482 1.320855
472 572 0.754607
473 474 -0.235199
473 483 0.077797
473 573 -1.690969
474 475 -0.411069
474 484 -0.871353
474 574 -1.529822
475 476 0.263607
475 485 -0.956041
475 575 0.090092
476 477 -1.036901
476 486 -1.262928
476 576 -0.395681
477 478 -0.898746
477 487 1.040170
477 577 -1.212149
478 479 0.136485
478 488 1.019556
478 578 0.750286
479 470 0.357812
479 489 0.578950
479 579 -3.102714
480 481 -0.908198
480 490 -1.015475
480 580 0.797083
481 482 -1.354431
481 491 0.618483
481 581 -0.308111
482 483 -0.680915
482 492 0.549156
482 582 0.637564
483 484 0.915793
483 493 1.254502
483 583 0.037593
484 485 -1.491805
484 494 -1.703635
484 584 -0.443556
485 486 1.214310
485 495 0.430822
485 585 0.255135
486 487 -0.309286
486 496 -0.029150
486 586 -0.389872
487 488 1.688819
487 497 -1.560697
487 587 -1.146504
488 489 0.301295
488 498 1.067778
488 588 1.048303
489 480 0.435028
489 499 -0.329289
489 589 1.055085
490 491 -0.988203
490 400 2.285889
490 590 -1.334522
491 492 -0.059712
491 401 0.271496
491 591 0.302960
492 493 -0.965059
492 402 1.721587
492 592 0.658697
493 494 -1.271643
493 403 2.074274
493 593 -0.681710
494 495 0.188541
494 404 0.058044
494 594 0.041114
495 496 0.504241
495 405 -0.350413
495 595 -0.246964
496 497 -0.483046
496 406 -0.274208
496 596 0.293295
497 498 0.983009
497 407 1.229645
497 597 0.499207
498 499 0.446429
498 408 0.385160
498 598 0.946545
499 490 -0.445553
499 409 -0.582342
499 599 -1.352283
500 501 0.394800
500 510 -1.698453
500 600 2.491145
501 502 -0.262693
501 511 0.691995
501 601 0.410257
502 503 -2.575428
502 512 0.678088
502 602 1.249531
503 504 1.052694
503 513 -1.984372
503 603 0.471174
504 505 0.617453
504 514 1.879324
504 604 0.310797
505 506 1.577303
505 515 0.062974
505 605 -1.861548
506 507 -0.057278
506 516 1.720943
506 606 -1.904425
507 508 0.257445
507 517 -1.259362
507 607 1.191497
508 509 -2.134666
508 518 -1.349200
508 608 2.047284
509 500 -0.937247
509 519 0.482322
509 609 1.271115
510 511 2.284901
510 520 0.102332
510 610 -0.844774
511 512 -1.653833
511 521 0.398415
511 611 0.293000
512 513 -0.080817
512 522 0.111661
512 612 0.797013
513 514 -0.315586
513 523 0.780939
513 613 -1.366147
514 515 -0.417169
514 524 -0.538805
514 614 -0.972294
515 516 -0.142097
515 525 0.640781
515 615 0.304268
516 517 -1.497376
516 526 1.628453
516 616 0.462573
517 518 -2.373461
517 527 0.532881
517 617 1.887932
518 519 0.023039
518 528 1.656610
518 618 0.546573
519 510 -0.678159
519 529 0.897649
519 619 -0.055576
520 521 0.106384
520 530 1.341745
520 620 -0.223901
521 522 0.490870
521 531 -0.994396
521 621 -1.221728
522 523 1.275392
522 532 -0.525367
522 622 0.624044
523 524 -0.725915
523 533 0.866663
523 623 -2.199135
524 525 -0.085977
524 534 0.674924
524 624 0.159199
525 526 -1.258166
525 535 0.410337
525 625 0.701883
526 527 -0.074739
526 536 0.436003
526 626 -0.384725
527 528 2.994598
527 537 1.120733
527 627 -0.686011
528 529 0.140276
528 538 1.606455
528 628 -1.111740
529 520 0.945763
529 539 -0.563229
529 629 0.411702
530 531 0.039351
530 540 -0.316894
530 630 -0.883457
531 532 0.100940
531 541 1.151220
531 631 -1.361562
532 533 -0.380725
532 542 0.119906
532 632 -0.764470
533 534 -0.334206
533 543 1.016336
533 633 0.173427
534 535 1.895442
534 544 0.506230
534 634 -0.113177
535 536 -1.422188
535 545 1.055846
535 635 -0.405448
536 537 -0.483154
536 546 0.102045
536 636 -1.501924
537 538 -1.302144
537 547 0.641074
537 637 0.188633
538 539 1.093815
538 548 -1.083758
538 638 0.864979
539 530 1.109096
539 549 0.358597
539 639 -1.271672
540 541 1.263070
540 550 -1.590060
540 640 0.698590
541 542 -0.446426
541 551 -1.673334
541 641 1.162823
542 543 2.240923
542 552 -0.744502
542 642 -0.236632
543 544 0.077905
543 553 1.359005
543 643 -1.057026
544 545 1.187257
544 554 0.273877
544 644 1.195161
545 546 0.931854
545 555 1.034547
545 645 -0.377751
546 547 -0.156080
546 556 0.124920
546 646 -1.275916
547 548 1.417233
547 557 0.179894
547 647 2.047033
548 549 -0.468480
548 558 -1.210403
548 648 -0.057022
549 540 0.479506
549 559 -1.453484
549 649 1.454263
550 551 0.172088
550 560 -0.385772
550 650 0.412364
551 552 2.362575
551 561 2.455310
551 651 0.707470
552 553 -0.568034
552 562 -0.351155
552 652 0.290487
553 554 -1.430484
553 563 1.331717
553 653 0.417200
554 555 -0.412538
554 564 0.053105
554 654 0.264044
555 556 0.208769
555 565 0.519128
555 655 -0.356942
556 557 0.386708
556 566 -0.027563
556 656 -0.493342
557 558 0.756271
557 567 -0.681261
557 657 0.340596
558 559 0.522916
558 568 1.085697
558 658 0.644211
559 550 1.476231
559 569 -0.956567
559 659 -0.489151
560 561 -0.972698
560 570 -0.955767
560 660 -1.855197
561 562 1.196023
561 571 -1.085554
561 661 0.233195
562 563 0.805819
562 572 0.705241
562 662 0.551169
563 564 1.736132
563 573 1.379208
563 663 -0.258424
564 565 0.547171
564 574 -0.227413
564 664 -0.046172
565 566 -1.906575
565 575 1.039553
565 665 -0.030973
566 567 0.580821
566 576 -0.505465
566 666 -1.005842
567 568 -1.208063
567 577 -1.541344
567 667 -3.131972
568 569 1.290794
568 578 0.675679
568 668 -0.592074
569 560 1.835368
569 579 0.981611
569 669 -0.766084
570 571 -0.271296
570 580 0.470841
570 670 -0.647128
571 572 0.270595
571 581 2.472439
571 671 -0.058097
572 573 1.557156
572 582 -0.328340
572 672 0.035943
573 574 0.248029
573 583 -0.931599
573 673 0.496069
574 575 0.578064
574 584 1.355208
574 674 1.563539
575 576 0.463044
575 585 -0.230338
575 675 -0.743598
576 577 0.383906
576 586 -0.880218
576 676 -0.366346
577 578 -2.543270
577 587 1.039304
577 677 1.241712
578 579 -1.132870
578 588 -0.546784
578 678 -0.548116
579 570 -0.161066
579 589 -0.671687
579 679 0.053120
580 581 1.085158
580 590 -0.243726
580 680 -0.376795
581 582 0.427468
581 591 0.252936
581 681 0.113022
582 583 -0.057043
582 592 -1.040410
582 682 0.318980
583 584 0.633024
583 593 -0.704662
583 683 1.435837
584 585 -1.765362
584 594 -0.080296
584 684 0.578792
585 586 -1.490362
585 595 -1.875643
585 685 0.405382
586 587 -0.598313
586 596 0.779691
586 686 0.975319
587 588 -0.604541
587 597 -0.649138
587 687 -0.818198
588 589 -0.249270
588 598 -0.652898
588 688 -0.624184
589 580 0.054433
589 599 0.327284
589 689 -0.040895
590 591 1.148651
590 500 0.656355
590 690 1.469778
591 592 0.480055
591 501 -0.574076
591 691 -0.224281
592 593 1.165284
592 502 2.433771
592 692 -1.158468
593 594 -0.074908
593 503 -0.843844
593 693 -1.062242
594 595 -0.800097
594 504 0.787072
594 694 -1.350639
595 596 -0.923968
595 505 1.777689
595 695 0.210660
596 597 -1.331998
596 506 -0.071740
596 696 -0.465493
597 598 0.060511
597 507 0.942270
597 697 0.041339
598 599 0.235417
598 508 1.003443
598 698 0.843086
599 590 -2.346155
599 509 0.132844
599 699 -0.059425
600 601 -1.033361
600 610 -0.278749
600 700 -1.518017
601 602 0.224883
601 611 0.109138
601 701 -0.678057
602 603 -0.280926
602 612 0.492756
602 702 0.585391
603 604 -0.174065
603 613 2.362436
603 703 -1.847758
604 605 -0.863224
604 614 1.057020
604 704 -1.003818
605 606 -0.492674
605 615 0.079282
605 705 0.674170
606 607 1.979608
606 616 -0.546398
606 706 -0.153449
607 608 -0.848793
607 617 -1.273944
607 707 -0.444203
608 609 0.102187
608 618 -0.259811
608 708 -0.057527
609 600 0.804255
609 619 -1.803054
609 709 0.587668
610 611 -1.006052
610 620 -0.533025
610 710 -1.036192
611 612 0.018860
611 621 0.102144
611 711 -0.595352
612 613 -0.215162
612 622 -0.975972
612 712 1.222003
613 614 -0.319649
613 623 -0.804402
613 713 -1.507703
614 615 -0.860658
614 624 -0.593951
614 714 1.943345
615 616 0.051049
615 625 0.009541
615 715 -0.708508
616 617 0.609112
616 626 -0.669923
616 716 -1.382466
617 618 -0.998237
617 627 0.101551
617 717 -0.266968
618 619 1.441541
618 628 1.290410
618 718 1.115272
619 610 -1.244566
619 629 1.007324
619 719 1.635118
620 621 0.556875
620 630 0.767497
620 720 2.975482
621 622 0.099716
621 631 -0.882227
621 721 -1.678489
622 623 -0.853807
622 632 -0.041527
622 722 -0.746729
623 624 -0.209181
623 633 -1.207114
623 723 0.203985
624 625 -1.223826
624 634 -0.191529
624 724 -0.954519
625 626 -0.253815
625 635 1.789919
625 725 1.061183
626 627 -0.672075
626 636 -1.149360
626 726 0.143763
627 628 -0.120711
627 637 0.061477
627 727 -1.460278
628 629 1.040128
628 638 1.499137
628 728 -0.236846
629 620 0.156237
629 639 -1.395385
629 729 -0.458338
630 631 0.100447
630 640 -0.583350
630 730 -0.376446
631 632 0.945046
631 641 -1.363837
631 731 1.028261
632 633 -0.629472
632 642 0.215827
632 732 -0.004906
633 634 -0.463940
633 643 0.606710
633 733 1.709459
634 635 1.060193
634 644 -2.291536
634 734 -0.853483
635 636 -0.704500
635 645 -0.669979
635 735 0.921644
636 637 1.455455
636 646 -0.809590
636 736 -0.470508
637 638 -0.414672
637 647 -0.498498
637 737 0.171135
638 639 0.558705
638 648 -0.483122
638 738 -0.318006
639 630 -0.812134
639 649 -0.834558
639 739 -0.286816
640 641 0.936136
640 650 -0.328248
640 740 0.952227
641 642 0.403342
641 651 0.588478
641 741 0.643206
642 643 -0.879147
642 652 -1.426811
642 742 0.663013
643 644 -0.523095
643 653 -0.895590
643 743 0.305751
644 645 -0.204967
644 654 -2.496054
644 744 0.418503
645 646 -1.247900
645 655 -2.410087
645 745 1.739972
646 647 -0.010436
646 656 0.166063
646 746 1.297432
647 648 1.192888
647 657 0.264093
647 747 0.190332
648 649 0.298757
648 658 0.098046
648 748 -0.966663
649 640 0.646281
649 659 -0.565040
649 749 0.181467
650 651 -0.665311
650 660 -2.380370
650 750 -0.286216
651 652 0.138209
651 661 -0.552083
651 751 0.650091
652 653 -0.465462
652 662 -0.910207
652 752 1.000177
653 654 -0.075420
653 663 1.923839
653 753 -0.661876
654 655 1.088781
654 664 0.537438
654 754 0.494604
655 656 -0.662843
655 665 -1.025935
655 755 -0.414658
656 657 -1.255744
656 666 1.161100
656 756 -0.330365
657 658 -1.341259
657 667 1.980556
657 757 1.097993
658 659 -1.470257
658 668 2.093635
658 758 1.514559
659 650 0.371544
659 669 -0.773452
659 759 1.816570
660 661 0.645716
660 670 0.775285
660 760 -0.193293
661 662 -1.050160
661 671 -0.213085
661 761 -0.326527
662 663 1.974674
662 672 0.164142
662 762 0.539406
663 664 -0.610481
663 673 1.077255
663 763 0.649396
664 665 0.645972
664 674 0.331134
664 764 0.214170
665 666 -0.153846
665 675 0.497097
665 765 -0.267933
666 667 -2.014180
666 676 -0.706839
666 766 -0.852755
667 668 0.658406
667 677 1.029814
667 767 -0.492274
668 669 -0.774839
668 678 0.498437
668 768 -0.525925
669 660 0.534931
669 679 -1.232326
669 769 0.179533
670 671 -1.363166
670 680 0.162411
670 770 -2.727625
671 672 -1.378969
671 681 0.428771
671 771 0.703304
672 673 -1.261941
672 682 0.334927
672 772 0.151365
673 674 1.729200
673 683 -0.709177
673 773 0.832483
674 675 -0.570227
674 684 0.032731
674 774 -0.513099
675 676 -1.289852
675 685 -0.329858
675 775 -1.779806
676 677 -0.691883
676 686 -1.015240
676 776 0.079784
677 678 -0.927238
677 687 0.584315
677 777 -1.524343
678 679 2.251553
678 688 0.224842
678 778 0.856614
679 670 -0.844935
679 689 0.346239
679 779 0.741949
680 681 -0.788013
680 690 0.659299
680 780 -1.729409
681 682 0.548894
681 691 0.328772
681 781 0.897694
682 683 0.386974
682 692 -0.308446
682 782 -0.467679
683 684 -1.056853
683 693 1.155660
683 783 0.367032
684 685 -1.194986
684 694 0.712652
684 784 -0.107619
685 686 -0.856894
685 695 0.784523
685 785 -0.954727
686 687 -0.791573
686 696 -0.360047
686 786 -0.383810
687 688 -0.402547
687 697 1.066098
687 787 1.266651
688 689 2.029477
688 698 0.072931
688 788 1.104136
689 680 -0.613653
689 699 2.000416
689 789 0.904076
690 691 -0.522078
690 600 -0.564415
690 790 -0.768079
691 692 -0.377993
691 601 0.034872
691 791 1.017089
692 693 0.000817
692 602 -1.927137
692 792 -0.760059
693 694 0.544426
693 603 0.371203
693 793 -0.788497
694 695 0.650719
694 604 -0.625477
694 794 -0.529841
695 696 -1.735949
695 605 0.307879
695 795 2.045380
696 697 -0.405361
696 606 0.029085
696 796 0.762426
697 698 0.745898
697 607 -0.797840
697 797 0.840185
698 699 -1.247756
698 608 1.604350
698 798 0.202996
699 690 -0.865693
699 609 0.383968
699 799 0.248214
700 701 -0.000495
700 710 1.239060
700 800 0.373196
701 702 2.102564
701 711 -0.601032
701 801 0.313772
702 703 -0.798410
702 712 1.627037
702 802 -2.323526
703 704 0.011671
703 713 1.988128
703 803 0.243365
704 705 -1.230154
704 714 0.164810
704 804 -0.254151
705 706 -0.953146
705 715 0.320268
705 805 0.374951
706 707 -0.806348
706 716 -0.805248
706 806 -0.303429
707 708 -0.765527
707 717 -0.189409
707 807 -0.433188
708 709 -0.429086
708 718 -0.569931
708 808 0.632779
709 700 0.096518
709 719 -0.001755
709 809 -2.158583
710 711 -1.084870
710 720 -0.818592
710 810 -0.443472
711 712 -0.671228
711 721 -1.076226
711 811 -0.758766
712 713 0.734186
712 722 -0.647645
712 812 0.185628
713 714 -2.695196
713 723 0.357615
713 813 1.269029
714 715 0.873262
714 724 -0.947663
714 814 0.753892
715 716 1.570049
715 725 -2.116054
715 815 1.151758
716 717 -0.222922
716 726 0.883268
716 816 0.457885
717 718 1.355900
717 727 -0.430633
717 817 0.492539
718 719 1.835643
718 728 -2.070587
718 818 -0.584449
719 710 1.014870
719 729 1.253986
719 819 -0.091291
720 721 -2.795909
720 730 -2.306198
720 820 2.010042
721 722 -0.946225
721 731 -0.160397
721 821 0.533555
722 723 -0.530786
722 732 1.209193
722 822 -0.545960
723 724 2.048810
723 733 0.203728
723 823 -0.370159
724 725 0.321069
724 734 -0.227312
724 824 -0.077826
725 726 -0.547544
725 735 0.544487
725 825 1.194135
726 727 -0.549448
726 736 -1.131601
726 826 -0.716481
727 728 -0.282808
727 737 0.299362
727 827 -0.180204
728 729 0.227199
728 738 -1.042082
728 828 0.606618
729 720 -0.875238
729 739 -0.862042
729 829 1.576326
730 731 1.431056
730 740 0.095507
730 830 -0.806767
731 732 1.224032
731 741 2.420026
731 831 -1.825370
732 733 -0.215372
732 742 0.372936
732 832 -0.151368
733 734 -1.262740
733 743 -0.979545
733 833 0.186812
734 735 -0.553435
734 744 -0.805977
734 834 -1.476988
735 736 -1.443312
735 745 -1.276896
735 835 1.255087
736 737 -0.758848
736 746 -0.537227
736 836 -1.456173
737 738 1.642873
737 747 0.927220
737 837 -0.210575
738 739 -1.031060
738 748 -1.641315
738 838 0.765381
739 730 -0.013513
739 749 1.338605
739 839 -0.926087
740 741 1.693453
740 750 -0.841259
740 840 -0.209116
741 742 0.252611
741 751 -0.779883
741 841 2.175284
742 743 -0.900105
742 752 0.434178
742 842 1.474149
743 744 -1.041869
743 753 -0.241332
743 843 -0.221571
744 745 0.344141
744 754 -1.483245
744 844 -0.862981
745 746 -0.523455
745 755 -0.406130
745 845 -0.280022
746 747 0.999027
746 756 0.051528
746 846 0.721560
747 748 -0.077860
747 757 -0.031819
747 847 1.496662
748 749 0.994685
748 758 0.876336
748 848 -0.064943
749 740 0.299450
749 759 -1.636696
749 849 -0.303291
750 751 -0.438622
750 760 -0.755165
750 850 -0.229243
751 752 -0.598111
751 761 0.059081
751 851 -0.474627
752 753 1.443167
752 762 -0.044943
752 852 0.709937
753 754 -1.042070
753 763 1.669314
753 853 1.613845
754 755 0.668599
754 764 1.001500
754 854 -1.806281
755 756 0.895288
755 765 -1.081617
755 855 0.078378
756 757 -0.189622
756 766 -0.120277
756 856 -0.217050
757 758 -0.970932
757 767 -1.725652
757 857 0.850189
758 759 0.152329
758 768 0.999931
758 858 -0.845974
759 750 -0.282746
759 769 0.358428
759 859 -0.263313
760 761 -0.095986
760 770 -0.105903
760 860 1.851312
761 762 0.001281
761 771 0.758589
761 861 -0.030256
762 763 -1.365503
762 772 0.871626
762 862 -1.201203
763 764 0.458015
763 773 0.329689
763 863 0.311858
764 765 -2.278996
764 774 0.306280
764 864 -0.498647
765 766 -1.518193
765 775 1.765163
765 865 -0.617335
766 767 -1.695654
766 776 -0.146058
766 866 0.375673
767 768 -0.566726
767 777 -0.317601
767 867 0.782717
768 769 1.316115
768 778 0.632347
768 868 0.192456
769 760 -0.649899
769 779 -1.562972
769 869 0.173167
770 771 -0.255940
770 780 0.066901
770 870 1.548250
771 772 -0.855312
771 781 0.552614
771 871 0.742965
772 773 0.619473
772 782 -1.290490
772 872 -0.212813
773 774 0.544560
773 783 1.789205
773 873 0.429413
774 775 0.611182
774 784 -0.549541
774 874 -0.517991
775 776 -0.509860
775 785 0.090462
775 875 0.411306
776 777 -0.955118
776 786 0.199733
776 876 -0.544002
777 778 1.341898
777 787 -0.551432
777 877 -0.357174
778 779 -1.536659
778 788 0.276381
778 878 -1.108233
779 770 -0.692762
779 789 0.503170
779 879 0.776010
780 781 -0.307375
780 790 -1.004017
780 880 -0.163337
781 782 -0.339928
781 791 -0.595183
781 881 -0.016239
782 783 0.277308
782 792 -0.218276
782 882 0.459036
783 784 -0.037526
783 793 -0.962265
783 883 -2.650425
784 785 0.615780
784 794 0.684706
784 884 1.117817
785 786 1.917005
785 795 0.038579
785 885 0.810284
786 787 1.045233
786 796 -1.441047
786 886 -0.901244
787 788 0.833048
787 797 0.395476
787 887 0.452904
788 789 -0.020139
788 798 2.921219
788 888 0.830448
789 780 0.988775
789 799 -0.921474
789 889 -0.175826
790 791 0.747609
790 700 -0.818903
790 890 1.161483
791 792 0.444120
791 701 -0.149818
791 891 1.293543
792 793 -0.143184
792 702 0.083433
792 892 -1.190753
793 794 0.554267
793 703 -0.213054
793 893 -0.252519
794 795 0.897906
794 704 2.471705
794 894 -0.270053
795 796 -1.183061
795 705 0.540345
795 895 -0.988891
796 797 1.008990
796 706 0.235588
796 896 1.407410
797 798 0.049301
797 707 1.584507
797 897 -0.580327
798 799 1.974969
798 708 0.518026
798 898 -0.701313
799 790 -1.038092
799 709 0.870527
799 899 0.152682
800 801 -0.173136
800 810 0.330828
800 900 -0.450570
801 802 -0.844727
801 811 3.174769
801 901 -0.118428
802 803 0.086978
802 812 -0.658732
802 902 -0.481784
803 804 1.611445
803 813 -0.834690
803 903 1.605625
804 805 0.584313
804 814 0.650220
804 904 0.077124
805 806 0.040684
805 815 -0.440184
805 905 1.296089
806 807 -1.434462
806 816 0.584638
806 906 1.233186
807 808 0.815495
807 817 0.432197
807 907 0.736170
808 809 -0.766093
808 818 -0.610294
808 908 -1.958972
809 800 -0.063099
809 819 0.433374
809 909 -0.928865
810 811 1.593617
810 820 -0.171415
810 910 -0.627525
811 812 -0.797718
811 821 -0.774946
811 911 0.018140
812 813 0.380603
812 822 -1.050538
812 912 -0.324012
813 814 0.383772
813 823 0.479505
813 913 -0.520704
814 815 -0.112707
814 824 1.461834
814 914 0.415008
815 816 -0.660562
815 825 0.018235
815 915 0.020251
816 817 1.364617
816 826 0.298325
816 916 1.080518
817 818 0.616992
817 827 2.302573
817 917 0.224104
818 819 1.889204
818 828 0.117312
818 918 0.254148
819 810 0.504156
819 829 -0.283740
819 919 0.404948
820 821 -0.758258
820 830 0.901714
820 920 1.275411
821 822 -1.129020
821 831 -1.806382
821 921 -0.570308
822 823 -0.468791
822 832 0.544341
822 922 -0.155619
823 824 0.719654
823 833 0.392299
823 923 -0.299658
824 825 -1.039254
824 834 0.255884
824 924 -1.141806
825 826 -0.053279
825 835 2.609412
825 925 0.100181
826 827 -1.132134
826 836 0.784743
826 926 0.976909
827 828 0.959425
827 837 0.563874
827 927 1.242662
828 829 0.051091
828 838 0.842099
828 928 0.540786
829 820 0.679611
829 839 -0.056548
829 929 -0.980429
830 831 0.250037
830 840 -1.593948
830 930 -0.020886
831 832 0.849141
831 841 1.532427
831 931 -1.186291
832 833 -0.130972
832 842 1.156734
832 932 0.488617
833 834 -0.817391
833 843 -0.633837
833 933 -0.879019
834 835 0.695508
834 844 1.469099
834 934 0.871232
835 836 -1.112245
835 845 0.882421
835 935 0.654425
836 837 0.402188
836 846 0.582584
836 936 0.001631
837 838 0.848218
837 847 0.663066
837 937 -0.302971
838 839 0.228933
838 848 0.056915
838 938 0.541892
839 830 1.260718
839 849 -0.447369
839 939 0.829804
840 841 0.275966
840 850 -0.306652
840 940 -0.632673
841 842 0.457247
841 851 -0.635577
841 941 -0.054289
842 843 0.192376
842 852 -0.062270
842 942 1.445302
843 844 0.456493
843 853 0.548877
843 943 0.570514
844 845 -0.092320
844 854 -0.096728
844 944 -0.686172
845 846 0.689398
845 855 0.548151
845 945 1.622697
846 847 -1.256828
846 856 -0.027731
846 946 -0.313992
847 848 1.469700
847 857 -0.199292
847 947 -0.224065
848 849 0.660429
848 858 -1.190408
848 948 0.631149
849 840 0.165551
849 859 0.996719
849 949 0.237783
850 851 0.867113
850 860 1.321936
850 950 -0.764190
851 852 0.806511
851 861 1.944939
851 951 0.664471
852 853 1.199323
852 862 -0.319135
852 952 1.073918
853 854 0.601862
853 863 -0.279418
853 953 -2.383917
854 855 -0.061344
854 864 1.812379
854 954 -0.992865
855 856 0.649855
855 865 0.439509
855 955 -0.122186
856 857 -0.422843
856 866 -0.019291
856 956 -0.614600
857 858 -0.346995
857 867 -1.051840
857 957 -0.602753
858 859 0.022777
858 868 -0.062584
858 958 0.954800
859 850 0.412108
859 869 0.781805
859 959 -1.101186
860 861 1.436357
860 870 -0.494130
860 960 -0.458228
861 862 1.561860
861 871 -0.144310
861 961 -2.342838
862 863 -1.159300
862 872 1.694847
862 962 1.168994
863 864 -0.468002
863 873 -0.227587
863 963 1.747344
864 865 -1.103632
864 874 -1.516509
864 964 -2.136377
865 866 0.638693
865 875 0.764764
865 965 -0.264625
866 867 1.254107
866 876 0.411492
866 966 -1.014637
867 868 1.558596
867 877 -0.125836
867 967 0.455827
868 869 0.912691
868 878 0.932647
868 968 -2.354540
869 860 0.118279
869 879 -0.097374
869 969 -0.116763
870 871 -0.726959
870 880 -0.618210
870 970 0.436526
871 872 -0.113701
871 881 0.008878
871 971 -0.009006
872 873 -0.922081
872 882 -0.239554
872 972 0.180589
873 874 -0.682406
873 883 0.533509
873 973 0.389614
874 875 0.290036
874 884 0.232111
874 974 -0.634651
875 876 -1.294637
875 885 0.504137
875 975 0.049467
876 877 0.195311
876 886 1.574541
876 976 -0.499287
877 878 -0.701146
877 887 1.978454
877 977 0.780522
878 879 -0.169794
878 888 0.975547
878 978 -0.145115
879 870 -0.581946
879 889 0.433148
879 979 -0.662832
880 881 1.133871
880 890 -1.864520
880 980 0.192238
881 882 -0.925123
881 891 0.960883
881 981 -0.071865
882 883 0.825799
882 892 0.871055
882 982 0.726515
883 884 1.322364
883 893 -0.870773
883 983 0.381267
884 885 2.302752
884 894 -1.165390
884 984 2.103851
885 886 -1.053389
885 895 -0.275741
885 985 -0.141006
886 887 0.434798
886 896 -0.093404
886 986 1.498651
887 888 -1.253282
887 897 0.948042
887 987 0.009323
888 889 1.421546
888 898 -0.962102
888 988 -0.420308
889 880 0.742325
889 899 -1.122401
889 989 1.480532
890 891 -0.694564
890 800 -0.609281
890 990 -0.675373
891 892 1.629077
891 801 -0.616680
891 991 -0.144665
892 893 -0.205016
892 802 1.117806
892 992 -1.494779
893 894 -0.382244
893 803 0.827646
893 993 0.278112
894 895 -0.721404
894 804 -0.001610
894 994 0.094253
895 896 -1.363606
895 805 -0.287815
895 995 0.099747
896 897 -0.318007
896 806 0.845075
896 996 -1.002348
897 898 -1.670166
897 807 0.639906
897 997 1.323379
898 899 0.075798
898 808 -0.923319
898 998 0.246051
899 890 1.235951
899 809 0.720245
899 999 1.569824
900 901 -0.393209
900 910 0.549643
900 0 -0.515368
901 902 0.882304
901 911 -0.031472
901 1 0.077495
902 903 0.352899
902 912 -0.131330
902 2 0.287861
903 904 -0.922092
903 913 0.463562
903 3 1.323132
904 905 2.391342
904 914 1.129720
904 4 -1.727015
905 906 -1.173887
905 915 0.747271
905 5 0.340039
906 907 0.042706
906 916 -1.329981
906 6 -0.641273
907 908 0.155879
907 917 0.749845
907 7 1.290828
908 909 0.854923
908 918 -0.381754
908 8 -1.053073
909 900 0.955145
909 919 0.462010
909 9 -0.407248
910 911 0.055516
910 920 0.618236
910 10 -0.021620
911 912 0.548640
911 921 -0.383563
911 11 -0.507371
912 913 1.103572
912 922 -0.837832
912 12 2.126228
913 914 0.276242
913 923 2.173294
913 13 2.376217
914 915 -1.097187
914 924 0.154848
914 14 -0.401711
915 916 -0.144968
915 925 1.221224
915 15 -0.106646
916 917 0.043085
916 926 -2.116840
916 16 0.629934
917 918 -1.234810
917 927 0.575649
917 17 -1.585766
918 919 0.641427
918 928 0.375709
918 18 -0.166973
919 910 -0.534524
919 929 -0.026047
919 19 0.715648
920 921 -0.866669
920 930 0.756811
920 20 0.640723
921 922 1.304132
921 931 -0.441771
921 21 -1.024924
922 923 -1.929456
922 932 -0.806737
922 22 -0.038147
923 924 -0.172909
923 933 -1.545555
923 23 0.251240
924 925 -1.323133
924 934 2.023358
924 24 1.459613
925 926 -0.103156
925 935 -0.319012
925 25 -0.538298
926 927 1.109325
926 936 0.266368
926 26 0.512760
927 928 1.588015
927 937 1.017362
927 27 -1.800233
928 929 0.788220
928 938 0.584057
928 28 1.077491
929 920 -0.466294
929 939 -0.072728
929 29 -0.350564
930 931 1.205837
930 940 -0.369539
930 30 -1.328811
931 932 1.203095
931 941 -0.662264
931 31 -0.070526
932 933 0.364605
932 942 0.424994
932 32 0.562019
933 934 -0.795348
933 943 -1.396836
933 33 0.497824
934 935 1.631712
934 944 0.524019
934 34 1.220924
935 936 0.639790
935 945 -0.611065
935 35 1.071859
936 937 -0.720236
936 946 0.605618
936 36 -1.442952
937 938 0.118624
937 947 -1.706315
937 37 -0.660837
938 939 2.503620
938 948 -0.013244
938 38 0.106117
939 930 -0.310678
939 949 -0.264932
939 39 -1.010265
940 941 0.239179
940 950 -0.839622
940 40 1.470983
941 942 -0.925972
941 951 2.979776
941 41 0.156206
942 943 0.079679
942 952 -0.561076
942 42 0.087833
943 944 -1.131074
943 953 -1.644258
943 43 -0.599970
944 945 2.010800
944 954 -0.179999
944 44 -0.902698
945 946 0.974332
945 955 0.266882
945 45 -0.615583
946 947 -0.355769
946 956 -1.905105
946 46 -0.301778
947 948 0.674174
947 957 -1.362258
947 47 1.269045
948 949 -0.270488
948 958 1.661104
948 48 1.033547
949 940 0.889937
949 959 -1.925925
949 49 0.307904
950 951 0.040717
950 960 1.253617
950 50 -0.122152
951 952 0.843011
951 961 0.605470
951 51 0.614900
952 953 0.381561
952 962 -0.651843
952 52 0.526938
953 954 -0.887719
953 963 -0.494346
953 53 1.018379
954 955 1.573429
954 964 0.474533
954 54 0.338252
955 956 -0.621749
955 965 -0.231910
955 55 1.479974
956 957 -1.158015
956 966 0.986388
956 56 -1.623687
957 958 1.100891
957 967 0.750677
957 57 1.293100
958 959 0.420362
958 968 -0.854743
958 58 -1.168896
959 950 -2.814717
959 969 0.220704
959 59 0.260930
960 961 0.077962
960 970 0.202106
960 60 -0.545959
961 962 0.573683
961 971 1.465415
961 61 -0.925638
962 963 0.554865
962 972 -1.372131
962 62 1.074158
963 964 -1.969395
963 973 -0.075983
963 63 -0.523839
964 965 -0.504269
964 974 0.273729
964 64 0.782009
965 966 0.047131
965 975 0.756717
965 65 0.672963
966 967 1.529714
966 976 -0.365625
966 66 -0.942256
967 968 -0.874672
967 977 -1.125852
967 67 -0.257772
968 969 -0.291496
968 978 -0.233542
968 68 -0.151153
969 960 0.566750
969 979 0.398653
969 69 1.047346
970 971 0.259435
970 980 1.325788
970 70 0.505027
971 972 -0.619257
971 981 -1.334310
971 71 -0.165891
972 973 -0.799458
972 982 -0.071656
972 72 0.193812
973 974 0.008146
973 983 1.009683
973 73 -0.567814
974 975 0.050987
974 984 0.533150
974 74 -1.072140
975 976 1.941835
975 985 1.032727
975 75 -1.360238
976 977 -1.131777
976 986 0.934933
976 76 0.576138
977 978 2.076957
977 987 -0.928948
977 77 -1.566658
978 979 -0.338363
978 988 0.932805
978 78 0.653775
979 970 -0.064211
979 989 -0.712806
979 79 0.129960
980 981 1.012847
980 990 -0.535498
980 80 0.312231
981 982 1.303145
981 991 -0.673622
981 81 -0.086057
982 983 1.301186
982 992 1.019861
982 82 -0.485478
983 984 -0.114251
983 993 1.598314
983 83 1.266956
984 985 -0.203137
984 994 0.478943
984 84 -0.917093
985 986 0.310483
985 995 -1.421280
985 85 1.559498
986 987 1.367460
986 996 1.542636
986 86 0.164806
987 988 -0.934598
987 997 -0.941563
987 87 1.544928
988 989 0.527991
988 998 -2.217969
988 88 0.488726
989 980 0.882885
989 999 -0.295132
989 89 1.474638
990 991 0.167219
990 900 -0.692334
990 90 2.303067
991 992 1.076852
991 901 -1.668972
991 91 1.222359
992 993 0.949192
992 902 -0.992282
992 92 -0.682225
993 994 0.431079
993 903 0.437197
993 93 1.389111
994 995 0.406664
994 904 -0.518890
994 94 0.611102
995 996 0.584081
995 905 2.003346
995 95 -0.059503
996 997 0.080366
996 906 0.158549
996 96 1.204528
997 998 0.282943
997 907 0.327774
997 97 -0.154009
998 999 0.971237
998 908 0.292335
998 98 1.752826
999 990 1.077431
999 909 -1.570354
999 99 -0.691964
