0 1 -1.913360
0 10 1.676587
0 100 -0.856223
1 2 0.116194
1 11 0.248470
1 101 0.033543
2 3 -0.963378
2 12 -0.196619
2 102 0.318861
3 4 0.817052
3 13 1.406515
3 103 0.268559
4 5 0.686355
4 14 0.765247
4 104 1.348604
5 6 -1.280901
5 15 -0.906516
5 105 0.034223
6 7 -0.754300
6 16 -1.067209
6 106 -0.438302
7 8 -0.362095
7 17 1.236417
7 107 -0.254836
8 9 0.889174
8 18 1.675474
8 108 0.528948
9 0 -1.669881
9 19 0.886401
9 109 0.077246
10 11 1.119024
10 20 0.472354
10 110 0.206481
11 12 -0.160843
11 21 1.308251
11 111 0.146440
12 13 0.048415
12 22 1.054766
12 112 -1.697380
13 14 -2.032051
13 23 1.146240
13 113 1.471457
14 15 1.387240
14 24 -0.320537
14 114 -0.682810
15 16 -1.875218
15 25 -0.228976
15 115 1.124446
16 17 -1.006696
16 26 1.004483
16 116 -1.568789
17 18 -1.442772
17 27 -0.794999
17 117 -0.086313
18 19 0.244633
18 28 0.710901
18 118 -1.243653
19 10 0.439585
19 29 1.236658
19 119 -0.963992
20 21 -1.235134
20 30 -0.708512
20 120 -1.041595
21 22 0.218216
21 31 -0.256925
21 121 -1.459215
22 23 0.428115
22 32 -0.726131
22 122 -0.509023
23 24 0.789190
23 33 -1.708420
23 123 -1.434975
24 25 1.694848
24 34 -0.090015
24 124 1.235570
25 26 0.608572
25 35 0.913310
25 125 -0.385124
26 27 1.147774
26 36 -1.183667
26 126 0.715225
27 28 -0.043163
27 37 2.161731
27 127 -0.949258
28 29 -0.046786
28 38 -1.326323
28 128 1.293483
29 20 0.600041
29 39 0.178088
29 129 1.449402
30 31 1.676258
30 40 -1.273320
30 130 -0.415291
31 32 2.129813
31 41 -2.964451
31 131 -2.169102
32 33 2.125587
32 42 -0.140462
32 132 0.924923
33 34 -0.016677
33 43 -0.167455
33 133 1.011643
34 35 1.455660
34 44 0.125947
34 134 -0.467422
35 36 0.645872
35 45 -0.078219
35 135 -0.593709
36 37 -0.798149
36 46 -0.508710
36 136 -1.654022
37 38 -0.655619
37 47 0.600960
37 137 1.418394
38 39 -0.578599
38 48 -0.483931
38 138 -0.741186
39 30 0.333339
39 49 0.562584
39 139 -0.801187
40 41 0.307361
40 50 -0.920262
40 140 0.272323
41 42 -1.462964
41 51 1.063816
41 141 0.487218
42 43 -0.909704
42 52 1.007132
42 142 -1.285166
43 44 -0.267219
43 53 1.017551
43 143 1.376819
44 45 -0.552934
44 54 -1.248387
44 144 1.959248
45 46 -1.902887
45 55 -0.830455
45 145 0.000454
46 47 0.091706
46 56 0.793209
46 146 1.052247
47 48 -0.497646
47 57 -0.496258
47 147 -0.580105
48 49 -0.561421
48 58 2.124739
48 148 0.048536
49 40 0.944184
49 59 0.562951
49 149 0.333105
50 51 -1.472065
50 60 -0.027311
50 150 0.317043
51 52 0.119827
51 61 -0.102010
51 151 -0.865170
52 53 0.489283
52 62 1.001696
52 152 1.127012
53 54 -0.773637
53 63 -0.592475
53 153 1.353566
54 55 -0.216363
54 64 -1.360523
54 154 -0.296969
55 56 0.150320
55 65 -1.126210
55 155 -0.821461
56 57 1.093635
56 66 -1.376396
56 156 -1.320681
57 58 0.398668
57 67 -1.703253
57 157 0.990574
58 59 -0.615854
58 68 0.549521
58 158 -1.748261
59 50 -0.872477
59 69 0.695366
59 159 0.699553
60 61 -0.125063
60 70 -0.898980
60 160 0.383799
61 62 2.227509
61 71 -1.358271
61 161 0.107466
62 63 1.061476
62 72 0.173963
62 162 1.716785
63 64 -0.480376
63 73 -0.402144
63 163 -0.758428
64 65 -1.079121
64 74 -2.089676
64 164 -0.255353
65 66 -0.814086
65 75 0.097774
65 165 1.386127
66 67 0.576895
66 76 -0.383680
66 166 0.910073
67 68 -1.134814
67 77 0.495311
67 167 -1.579631
68 69 0.178002
68 78 0.623331
68 168 -0.352062
69 60 -0.392191
69 79 0.160606
69 169 -0.634418
70 71 0.083474
70 80 -0.423243
70 170 -0.211331
71 72 -0.224386
71 81 0.245733
71 171 0.860801
72 73 -0.451652
72 82 -1.232785
72 172 -0.691910
73 74 -1.961860
73 83 -0.365754
73 173 0.411845
74 75 0.407380
74 84 -0.393825
74 174 -0.486870
75 76 0.684144
75 85 -0.509921
75 175 -0.141326
76 77 -1.000726
76 86 -0.761931
76 176 -0.271959
77 78 0.841614
77 87 -1.159526
77 177 0.297743
78 79 1.532047
78 88 -1.699537
78 178 -0.593767
79 70 0.416817
79 89 0.886874
79 179 2.358863
80 81 -0.007771
80 90 -0.372352
80 180 -0.814917
81 82 0.943813
81 91 -0.931774
81 181 -2.002922
82 83 1.352246
82 92 -0.713968
82 182 0.421740
83 84 -0.935477
83 93 -1.161746
83 183 0.527140
84 85 1.281392
84 94 0.369493
84 184 -0.592312
85 86 1.665730
85 95 -0.226523
85 185 -0.245354
86 87 -0.309567
86 96 0.126866
86 186 0.541073
87 88 1.067354
87 97 0.358448
87 187 -0.234620
88 89 0.287257
88 98 0.021858
88 188 -0.537050
89 80 -0.343979
89 99 0.337910
89 189 0.891242
90 91 1.004768
90 0 0.125814
90 190 0.388183
91 92 -1.389945
91 1 2.814976
91 191 -0.943483
92 93 -0.663754
92 2 -1.540315
92 192 0.429049
93 94 0.635628
93 3 -0.258029
93 193 -0.020689
94 95 -0.944491
94 4 -1.287950
94 194 -0.780252
95 96 -0.167738
95 5 -0.009395
95 195 0.707102
96 97 -0.243137
96 6 1.133325
96 196 0.500360
97 98 -0.500662
97 7 0.801702
97 197 1.070181
98 99 -1.356179
98 8 1.788566
98 198 1.038215
99 90 0.447171
99 9 -0.284726
99 199 0.710470
100 101 -1.509147
100 110 -0.527716
100 200 -1.436416
101 102 -0.048098
101 111 0.691912
101 201 -1.577176
102 103 -1.019706
102 112 -0.092075
102 202 0.421335
103 104 -0.911303
103 113 0.118182
103 203 -0.035368
104 105 0.105250
104 114 -0.781925
104 204 -0.398491
105 106 0.314910
105 115 -0.029287
105 205 -0.529365
106 107 1.512643
106 116 0.205647
106 206 -0.554927
107 108 -1.109718
107 117 -0.704176
107 207 0.582607
108 109 1.694315
108 118 0.874230
108 208 0.675870
109 100 1.970384
109 119 0.965382
109 209 -0.586237
110 111 -1.194555
110 120 -0.130865
110 210 0.250047
111 112 0.203053
111 121 0.139702
111 211 0.941047
112 113 -0.152616
112 122 -2.080269
112 212 -0.231647
113 114 -1.074910
113 123 -1.434068
113 213 -0.868542
114 115 -0.153851
114 124 -1.161567
114 214 -1.213403
115 116 0.794109
115 125 -0.126371
115 215 -1.623303
116 117 2.141139
116 126 1.840616
116 216 0.358496
117 118 -1.275713
117 127 -1.467013
117 217 0.686349
118 119 2.672366
118 128 0.458054
118 218 -0.204481
119 110 -1.258533
119 129 0.389517
119 219 0.085359
120 121 -0.208806
120 130 -1.208895
120 220 -0.722366
121 122 1.095191
121 131 -0.741836
121 221 0.743345
122 123 -1.017774
122 132 -0.780875
122 222 1.444911
123 124 1.357056
123 133 -1.037328
123 223 0.333835
124 125 -0.736660
124 134 -1.021828
124 224 0.877405
125 126 -0.663063
125 135 0.567553
125 225 -1.982817
126 127 0.254257
126 136 -1.118362
126 226 0.715240
127 128 1.038296
127 137 0.240761
127 227 -0.403893
128 129 -0.548760
128 138 -0.637113
128 228 0.076455
129 120 -0.670279
129 139 0.020432
129 229 0.495509
130 131 -0.870980
130 140 0.990609
130 230 0.839685
131 132 -0.532446
131 141 -0.329742
131 231 -0.502106
132 133 0.355594
132 142 0.547540
132 232 -0.257660
133 134 -1.533036
133 143 0.051707
133 233 -0.076262
134 135 0.602411
134 144 -0.292649
134 234 0.363551
135 136 1.371442
135 145 -1.207495
135 235 2.376693
136 137 -0.943335
136 146 -0.472458
136 236 -0.941349
137 138 1.260251
137 147 -0.217664
137 237 -0.601098
138 139 -0.315668
138 148 1.630389
138 238 -1.833389
139 130 -0.499118
139 149 0.460231
139 239 0.734504
140 141 0.512307
140 150 -0.859534
140 240 0.177864
141 142 -0.239459
141 151 1.574036
141 241 0.257634
142 143 -0.790154
142 152 1.485449
142 242 1.902183
143 144 1.059286
143 153 1.205464
143 243 1.904663
144 145 -0.176277
144 154 0.503030
144 244 -0.764287
145 146 -1.060428
145 155 0.424659
145 245 0.653589
146 147 -1.066877
146 156 -0.395859
146 246 -1.525930
147 148 -0.500464
147 157 0.124522
147 247 0.039552
148 149 -0.874471
148 158 -0.393028
148 248 0.708781
149 140 0.130087
149 159 -1.773285
149 249 -1.662550
150 151 -0.055695
150 160 -1.592737
150 250 0.884918
151 152 -0.321976
151 161 0.115161
151 251 1.615598
152 153 -0.384182
152 162 -0.439614
152 252 -0.480917
153 154 0.869474
153 163 0.122604
153 253 0.230060
154 155 1.405035
154 164 -0.935441
154 254 -1.476056
155 156 -0.115802
155 165 -0.014160
155 255 -0.441986
156 157 0.524828
156 166 -2.529818
156 256 -0.138309
157 158 -0.301717
157 167 0.131472
157 257 0.167406
158 159 -0.845146
158 168 0.236391
158 258 0.588575
159 150 -0.000639
159 169 -0.154153
159 259 -0.142752
160 161 0.698544
160 170 0.902730
160 260 -0.153314
161 162 -0.702563
161 171 -1.796404
161 261 0.522717
162 163 -1.181815
162 172 0.737730
162 262 -0.411106
163 164 -0.576252
163 173 -0.069246
163 263 -0.601791
164 165 0.630350
164 174 0.343613
164 264 0.095972
165 166 -1.031693
165 175 -0.017734
165 265 0.814700
166 167 0.249787
166 176 0.247614
166 266 0.230729
167 168 1.468761
167 177 1.470184
167 267 0.335610
168 169 0.814876
168 178 -0.109556
168 268 -0.149708
169 160 0.014938
169 179 -1.132186
169 269 0.092886
170 171 0.561675
170 180 0.736869
170 270 -0.507756
171 172 0.027428
171 181 -0.597555
171 271 0.708121
172 173 -1.405683
172 182 -0.673051
172 272 -0.490504
173 174 -1.271033
173 183 -0.012027
173 273 0.524387
174 175 0.882327
174 184 0.097563
174 274 0.571127
175 176 -0.176325
175 185 1.805936
175 275 -1.592475
176 177 2.067461
176 186 -0.694770
176 276 2.376264
177 178 -1.294582
177 187 0.182689
177 277 0.879204
178 179 1.358842
178 188 -0.265220
178 278 0.987096
179 170 -0.314847
179 189 0.241886
179 279 -1.215948
180 181 0.057165
180 190 0.949962
180 280 0.115018
181 182 1.606063
181 191 -0.314483
181 281 1.218826
182 183 0.483700
182 192 -0.230859
182 282 0.463900
183 184 -0.859693
183 193 0.281900
183 283 0.575721
184 185 -0.283131
184 194 0.795129
184 284 -0.316778
185 186 0.590405
185 195 -0.691348
185 285 -0.374991
186 187 0.817954
186 196 -1.121419
186 286 -1.232703
187 188 -0.372610
187 197 1.075650
187 287 1.045889
188 189 2.076075
188 198 2.371626
188 288 0.119522
189 180 0.109327
189 199 -0.520994
189 289 0.161510
190 191 -0.038524
190 100 -1.199626
190 290 -0.248110
191 192 0.324567
191 101 -0.403286
191 291 1.270405
192 193 1.688910
192 102 2.223252
192 292 0.274613
193 194 0.109052
193 103 0.418463
193 293 -0.363099
194 195 0.721827
194 104 0.419244
194 294 -0.291222
195 196 0.369391
195 105 -0.825566
195 295 -0.872677
196 197 -0.684341
196 106 0.173201
196 296 -0.494297
197 198 0.119574
197 107 -0.656189
197 297 -0.645462
198 199 1.874446
198 108 0.113624
198 298 -0.062983
199 190 0.310503
199 109 1.455567
199 299 0.448227
200 201 0.778592
200 210 0.236290
200 300 -0.614952
201 202 0.245923
201 211 -1.776437
201 301 0.416127
202 203 -0.622281
202 212 -1.231367
202 302 0.634530
203 204 -0.002215
203 213 0.665556
203 303 0.215297
204 205 0.333308
204 214 -1.179084
204 304 -1.869805
205 206 0.180447
205 215 0.360123
205 305 -0.152966
206 207 1.275908
206 216 -0.169907
206 306 0.363934
207 208 1.019202
207 217 0.476846
207 307 0.283391
208 209 0.392664
208 218 -0.393314
208 308 0.985393
209 200 0.201276
209 219 0.895737
209 309 -0.833618
210 211 -0.343540
210 220 -0.738985
210 310 -2.804732
211 212 0.971452
211 221 2.398427
211 311 0.757317
212 213 0.117691
212 222 -0.146722
212 312 -0.051726
213 214 -1.439485
213 223 -0.297581
213 313 -0.186762
214 215 1.211049
214 224 -0.718333
214 314 -0.813781
215 216 0.382406
215 225 0.287200
215 315 2.114275
216 217 -0.985752
216 226 0.444774
216 316 -0.663721
217 218 -0.444421
217 227 0.353951
217 317 -0.341430
218 219 0.791576
218 228 -0.241947
218 318 0.287065
219 210 2.162862
219 229 -0.108688
219 319 -0.293130
220 221 0.537202
220 230 0.012211
220 320 -0.075688
221 222 -1.519173
221 231 -1.029742
221 321 0.760949
222 223 0.195199
222 232 0.106889
222 322 0.863507
223 224 0.323790
223 233 -1.048721
223 323 0.326045
224 225 0.555416
224 234 -0.673832
224 324 0.230927
225 226 -0.104352
225 235 -0.692843
225 325 -0.952500
226 227 -1.088947
226 236 0.897951
226 326 -2.202247
227 228 0.582198
227 237 0.300162
227 327 1.490834
228 229 -0.926197
228 238 -2.513290
228 328 -0.229708
229 220 0.089180
229 239 -0.320978
229 329 -1.490810
230 231 0.718770
230 240 -2.619660
230 330 0.568072
231 232 0.804231
231 241 0.572072
231 331 0.636745
232 233 -0.722585
232 242 -1.370350
232 332 0.267066
233 234 -0.533234
233 243 -1.510446
233 333 -0.079307
234 235 -0.811070
234 244 1.018674
234 334 -0.581884
235 236 -0.011589
235 245 -0.026609
235 335 -2.134671
236 237 -1.686860
236 246 0.402348
236 336 -0.430415
237 238 -0.159689
237 247 -0.021497
237 337 0.700119
238 239 -0.527854
238 248 -0.389888
238 338 0.118583
239 230 -0.995899
239 249 0.144446
239 339 -1.609718
240 241 -0.255558
240 250 -1.325589
240 340 -0.338575
241 242 -0.380158
241 251 0.432205
241 341 1.049043
242 243 0.570814
242 252 -2.234394
242 342 -0.152043
243 244 1.250735
243 253 -0.047055
243 343 0.817338
244 245 0.617382
244 254 -0.043610
244 344 0.484355
245 246 -1.841397
245 255 0.865693
245 345 -1.805828
246 247 -0.840823
246 256 0.907857
246 346 0.183231
247 248 0.226249
247 257 0.290617
247 347 -0.980723
248 249 -0.221256
248 258 -0.857968
248 348 0.658998
249 240 0.716372
249 259 -1.050742
249 349 1.230538
250 251 0.530589
250 260 -0.143771
250 350 -0.410578
251 252 0.470340
251 261 -0.498608
251 351 -0.173453
252 253 -0.341892
252 262 0.925924
252 352 -1.679508
253 254 -0.632719
253 263 -0.833319
253 353 -2.106309
254 255 -1.255462
254 264 0.632362
254 354 -1.828896
255 256 -0.562388
255 265 -0.931293
255 355 0.599340
256 257 -0.410901
256 266 0.548551
256 356 0.086076
257 258 0.680517
257 267 1.291529
257 357 1.046625
258 259 0.792749
258 268 -0.953792
258 358 -0.276875
259 250 2.541307
259 269 -0.714638
259 359 -1.556252
260 261 -0.230054
260 270 -0.617262
260 360 -0.703193
261 262 0.029206
261 271 -0.555840
261 361 2.985439
262 263 -0.686333
262 272 1.178702
262 362 -0.162681
263 264 1.025692
263 273 -0.204282
263 363 0.676836
264 265 0.444911
264 274 -1.242303
264 364 -1.310613
265 266 -0.580087
265 275 -0.758936
265 365 -0.079131
266 267 0.357886
266 276 1.244323
266 366 -0.759693
267 268 1.286128
267 277 -1.105790
267 367 0.785850
268 269 -1.277510
268 278 2.118599
268 368 -0.240573
269 260 0.838013
269 279 -0.303764
269 369 -0.131438
270 271 -1.525869
270 280 1.293575
270 370 -0.441226
271 272 -0.034700
271 281 0.652466
271 371 -1.077494
272 273 -1.437877
272 282 0.881732
272 372 -0.857715
273 274 0.852974
273 283 0.114473
273 373 0.667658
274 275 2.162072
274 284 0.462614
274 374 0.802951
275 276 -3.595909
275 285 0.816569
275 375 0.159936
276 277 -0.036260
276 286 -1.113048
276 376 -0.766377
277 278 1.809731
277 287 -0.591617
277 377 -1.010826
278 279 2.826854
278 288 -1.386975
278 378 0.665942
279 270 0.686066
279 289 -0.075486
279 379 -0.101472
280 281 0.518835
280 290 0.776865
280 380 1.391335
281 282 -0.797112
281 291 -0.138857
281 381 0.269934
282 283 1.369601
282 292 1.294617
282 382 0.389847
283 284 0.827234
283 293 -0.457323
283 383 0.687286
284 285 1.417197
284 294 0.259674
284 384 0.846491
285 286 0.975455
285 295 0.529422
285 385 0.184214
286 287 -0.073857
286 296 1.767599
286 386 -0.298550
287 288 1.264693
287 297 -1.517448
287 387 0.265716
288 289 0.149566
288 298 3.001692
288 388 2.535111
289 280 0.484874
289 299 0.431769
289 389 2.372868
290 291 0.589431
290 200 0.170430
290 390 -0.409613
291 292 0.295586
291 201 0.285668
291 391 0.230318
292 293 -1.013873
292 202 -1.396498
292 392 -2.201492
293 294 -0.384536
293 203 -0.029039
293 393 -0.346272
294 295 -1.510230
294 204 0.130084
294 394 0.006508
295 296 -0.490739
295 205 0.565954
295 395 1.260764
296 297 0.258330
296 206 -0.538041
296 396 1.300254
297 298 1.109926
297 207 1.504269
297 397 0.136237
298 299 -0.332509
298 208 0.660741
298 398 1.648475
299 290 0.774661
299 209 0.482475
299 399 -0.838766
300 301 0.302043
300 310 -1.108226
300 400 2.132350
301 302 -0.303340
301 311 0.073622
301 401 0.839058
302 303 0.673688
302 312 0.972162
302 402 0.255305
303 304 0.860522
303 313 0.316512
303 403 0.181639
304 305 0.857685
304 314 1.490460
304 404 0.768499
305 306 -0.176012
305 315 1.024484
305 405 0.133976
306 307 0.412540
306 316 0.274451
306 406 0.046837
307 308 0.325272
307 317 0.846228
307 407 0.251032
308 309 -0.283312
308 318 -0.182608
308 408 1.943886
309 300 -0.443435
309 319 1.807309
309 409 0.325776
310 311 -0.536693
310 320 0.487760
310 410 -0.506990
311 312 0.090652
311 321 -1.039357
311 411 0.115710
312 313 0.495440
312 322 -1.417760
312 412 -1.871571
313 314 -0.582527
313 323 0.755866
313 413 0.220303
314 315 -0.952870
314 324 0.800543
314 414 -1.466266
315 316 -1.524690
315 325 -0.733411
315 415 1.327989
316 317 -1.557407
316 326 0.509574
316 416 -0.498235
317 318 -1.277112
317 327 -0.096625
317 417 0.316432
318 319 0.058271
318 328 -0.412068
318 418 0.851835
319 310 -0.518704
319 329 -0.232491
319 419 0.024300
320 321 -0.941892
320 330 -0.844505
320 420 0.126400
321 322 0.804945
321 331 3.011016
321 421 -1.520130
322 323 1.925728
322 332 0.382416
322 422 0.543737
323 324 -1.486656
323 333 0.885988
323 423 -0.022342
324 325 0.337782
324 334 -0.804198
324 424 -0.170978
325 326 0.885230
325 335 -0.585423
325 425 -0.204421
326 327 -0.389947
326 336 -1.118353
326 426 0.522983
327 328 -0.312539
327 337 1.853211
327 427 -1.384299
328 329 0.718608
328 338 -0.444206
328 428 -0.326517
329 320 -0.204061
329 339 -0.988995
329 429 -0.909021
330 331 -1.577305
330 340 0.932634
330 430 2.084029
331 332 -1.181743
331 341 -0.036189
331 431 1.139026
332 333 -0.745945
332 342 0.420248
332 432 -0.514607
333 334 1.162562
333 343 0.643438
333 433 1.274138
334 335 -0.012472
334 344 -0.972843
334 434 0.047107
335 336 1.119572
335 345 -0.400868
335 435 0.785321
336 337 -0.092888
336 346 -1.036486
336 436 -0.519201
337 338 0.733389
337 347 0.544612
337 437 0.237806
338 339 -0.662055
338 348 -2.371523
338 438 1.061714
339 330 0.480070
339 349 0.851759
339 439 0.860657
340 341 -0.474386
340 350 0.687371
340 440 1.156197
341 342 -0.633489
341 351 -0.464925
341 441 0.422593
342 343 0.565275
342 352 0.776928
342 442 1.128179
343 344 -0.421799
343 353 -1.262481
343 443 -0.012224
344 345 -0.753203
344 354 0.540530
344 444 -1.102187
345 346 0.353260
345 355 -2.277505
345 445 0.950715
346 347 -0.406379
346 356 -0.444146
346 446 1.200745
347 348 -0.027240
347 357 0.869440
347 447 0.247843
348 349 0.588449
348 358 0.155971
348 448 0.829962
349 340 2.410933
349 359 1.642800
349 449 1.232257
350 351 0.574012
350 360 -0.187536
350 450 0.249329
351 352 -0.329307
351 361 1.087102
351 451 0.684835
352 353 1.031482
352 362 0.272524
352 452 -1.432465
353 354 0.008288
353 363 0.558225
353 453 -0.198199
354 355 0.438097
354 364 -0.284443
354 454 0.525127
355 356 0.342915
355 365 -1.916725
355 455 -1.568558
356 357 1.428418
356 366 -0.808032
356 456 0.956017
357 358 1.522989
357 367 -1.017342
357 457 -1.240820
358 359 0.730664
358 368 0.461145
358 458 -0.938271
359 350 2.247330
359 369 0.050277
359 459 1.790791
360 361 1.005590
360 370 0.112562
360 460 0.433889
361 362 -0.046888
361 371 0.814954
361 461 0.451573
362 363 1.955299
362 372 -1.838317
362 462 0.630592
363 364 -0.868362
363 373 -1.299873
363 463 -0.068942
364 365 0.041615
364 374 -1.247161
364 464 -0.964264
365 366 -0.003525
365 375 1.719915
365 465 1.340404
366 367 1.499768
366 376 -0.246081
366 466 1.810224
367 368 -0.961955
367 377 0.255839
367 467 1.415882
368 369 0.621158
368 378 -1.540508
368 468 -0.522956
369 360 -0.073503
369 379 0.560027
369 469 0.126423
370 371 -0.408212
370 380 -0.780426
370 470 1.450789
371 372 0.177532
371 381 0.423160
371 471 -0.349417
372 373 0.412114
372 382 -0.386752
372 472 0.110252
373 374 -0.524747
373 383 -0.872756
373 473 -1.215688
374 375 0.281567
374 384 -0.879935
374 474 -0.709855
375 376 -0.113648
375 385 -0.609674
375 475 1.507286
376 377 0.573799
376 386 -0.304399
376 476 -0.162662
377 378 1.030597
377 387 1.433252
377 477 -1.781683
378 379 -0.742582
378 388 -1.421711
378 478 0.229288
379 370 -1.659933
379 389 0.499194
379 479 -0.923669
380 381 -0.483593
380 390 0.908722
380 480 -0.228157
381 382 1.379938
381 391 -0.497193
381 481 -0.621053
382 383 -0.901168
382 392 -0.769756
382 482 1.214746
383 384 -0.328331
383 393 -0.885806
383 483 0.066301
384 385 -1.199688
384 394 0.189539
384 484 0.832731
385 386 0.674124
385 395 0.673448
385 485 -1.400776
386 387 -0.010407
386 396 0.542551
386 486 -1.616390
387 388 0.293666
387 397 1.160581
387 487 1.889155
388 389 -0.584248
388 398 0.404780
388 488 0.473890
389 380 0.089319
389 399 1.116799
389 489 -0.476136
390 391 -0.498874
390 300 0.306982
390 490 1.644516
391 392 -0.705632
391 301 -1.637218
391 491 0.431927
392 393 -0.701592
392 302 -0.789844
392 492 0.191985
393 394 0.247881
393 303 -0.723379
393 493 -0.746073
394 395 -0.727169
394 304 -0.523574
394 494 -1.497436
395 396 0.057772
395 305 -0.485105
395 495 -1.304743
396 397 1.199823
396 306 -1.256073
396 496 0.585163
397 398 1.421680
397 307 0.520399
397 497 -0.514891
398 399 -0.822063
398 308 2.285691
398 498 -2.010520
399 390 -0.263022
399 309 0.577813
399 499 -0.440608
400 401 -0.637353
400 410 1.282279
400 500 1.515507
401 402 0.908783
401 411 1.017331
401 501 0.296103
402 403 -0.484855
402 412 0.117410
402 502 -0.404510
403 404 0.454294
403 413 0.926402
403 503 0.156820
404 405 0.285559
404 414 -0.089220
404 504 -0.013405
405 406 0.834772
405 415 0.642349
405 505 0.654435
406 407 -0.449473
406 416 -0.875274
406 506 -0.059094
407 408 -0.674849
407 417 -1.579792
407 507 0.403925
408 409 -0.930005
408 418 -0.949974
408 508 0.211838
409 400 2.341654
409 419 0.655999
409 509 0.227653
410 411 1.666598
410 420 -1.908728
410 510 -1.184892
411 412 1.861270
411 421 0.684806
411 511 -2.047085
412 413 -0.187938
412 422 -1.036218
412 512 -0.115468
413 414 -1.120515
413 423 -1.021856
413 513 -1.059225
414 415 1.364334
414 424 -0.021858
414 514 1.827057
415 416 -1.602299
415 425 -0.618401
415 515 0.418128
416 417 0.373543
416 426 -0.811564
416 516 0.848232
417 418 -0.462538
417 427 -1.673899
417 517 0.310258
418 419 0.934601
418 428 -1.484950
418 518 0.032100
419 410 0.857469
419 429 -0.442865
419 519 1.461428
420 421 -0.432072
420 430 0.428197
420 520 -1.195514
421 422 0.285686
421 431 -0.699357
421 521 -1.984172
422 423 -0.039312
422 432 1.144199
422 522 0.576247
423 424 0.771109
423 433 0.084006
423 523 -0.129047
424 425 -0.536833
424 434 -0.066560
424 524 0.796003
425 426 0.215818
425 435 -0.159462
425 525 -1.310702
426 427 0.388959
426 436 0.375745
426 526 0.222925
427 428 1.408556
427 437 0.860282
427 527 0.451783
428 429 -0.238855
428 438 0.486759
428 528 -0.186512
429 420 0.193263
429 439 -0.419219
429 529 -0.472182
430 431 -2.390840
430 440 -1.055179
430 530 -0.280190
431 432 -0.817084
431 441 -0.430416
431 531 1.214796
432 433 0.129877
432 442 0.810920
432 532 -0.198593
433 434 1.462201
433 443 2.109949
433 533 -0.724646
434 435 0.681257
434 444 -0.066752
434 534 -1.633892
435 436 -0.595937
435 445 0.746834
435 535 -2.824100
436 437 -0.398225
436 446 -0.119627
436 536 -0.536470
437 438 -1.905321
437 447 0.626459
437 537 0.448986
438 439 0.394112
438 448 -2.033156
438 538 1.592647
439 430 -0.019101
439 449 -0.733875
439 539 -1.693814
440 441 -0.853446
440 450 0.508326
440 540 1.823161
441 442 -0.531148
441 451 0.287557
441 541 1.357323
442 443 0.766162
442 452 0.877040
442 542 0.085147
443 444 1.385935
443 453 1.424091
443 543 -0.005142
444 445 1.176557
444 454 1.970108
444 544 -0.639480
445 446 0.287533
445 455 -0.145958
445 545 -0.919313
446 447 -0.279721
446 456 1.081356
446 546 -0.038945
447 448 -0.803252
447 457 0.090059
447 547 0.595040
448 449 -2.146284
448 458 0.989110
448 548 -1.693073
449 440 -0.529180
449 459 -1.127708
449 549 -1.391645
450 451 -1.376227
450 460 -0.718051
450 550 0.279424
451 452 -1.148423
451 461 0.102231
451 551 -0.222941
452 453 0.460516
452 462 0.103839
452 552 0.070397
453 454 2.302238
453 463 -0.128765
453 553 0.075393
454 455 -1.616064
454 464 0.356691
454 554 -0.311764
455 456 -1.090613
455 465 -0.161471
455 555 0.620119
456 457 0.746335
456 466 0.699203
456 556 -0.988276
457 458 -0.725190
457 467 -0.511731
457 557 -1.100865
458 459 -0.830902
458 468 -1.620802
458 558 -0.001321
459 450 0.524495
459 469 -0.245514
459 559 -1.195237
460 461 -2.043707
460 470 0.336641
460 560 -0.181254
461 462 -0.022172
461 471 -0.164229
461 561 -0.514253
462 463 1.567097
462 472 1.388274
462 562 -0.101930
463 464 -0.052750
463 473 0.546229
463 563 0.890607
464 465 1.148620
464 474 -0.157485
464 564 0.680626
465 466 0.619961
465 475 -0.086309
465 565 -1.055018
466 467 0.332981
466 476 -0.639230
466 566 0.219520
467 468 0.597641
467 477 -1.147981
467 567 0.212585
468 469 -1.332532
468 478 1.103384
468 568 1.035896
469 460 0.583445
469 479 -1.846056
469 569 -0.029905
470 471 1.060863
470 480 -0.955515
470 570 0.564324
471 472 -0.436295
471 481 0.239677
471 571 0.009058
472 473 0.845201
472 482 1.560648
472 572 -0.244247
473 474 -0.556775
473 483 0.224038
473 573 0.038458
474 475 0.260750
474 484 -1.074535
474 574 0.192282
475 476 0.394955
475 485 -0.767647
475 575 0.803267
476 477 -0.282460
476 486 -0.552095
476 576 0.293803
477 478 0.508796
477 487 0.082765
477 577 0.511153
478 479 0.483454
478 488 0.380153
478 578 -1.566053
479 470 1.920649
479 489 1.472523
479 579 0.320272
480 481 0.644354
480 490 0.301983
480 580 -1.071537
481 482 -0.269139
481 491 -0.277808
481 581 -0.517562
482 483 -1.112444
482 492 1.291483
482 582 0.660230
483 484 0.385964
483 493 -0.267861
483 583 0.617904
484 485 -0.160934
484 494 1.357963
484 584 1.004813
485 486 0.409459
485 495 -0.605173
485 585 -0.467229
486 487 -0.236592
486 496 -0.233648
486 586 -1.261588
487 488 1.922812
487 497 -1.682978
487 587 0.705873
488 489 1.626746
488 498 0.792892
488 588 -0.423782
489 480 2.061548
489 499 0.712977
489 589 0.367700
490 491 0.453854
490 400 -0.837031
490 590 -2.122741
491 492 -1.618659
491 401 0.492624
491 591 -0.513799
492 493 0.736956
492 402 -1.571252
492 592 -0.992923
493 494 0.520697
493 403 -0.416153
493 593 -1.156021
494 495 0.257646
494 404 -1.814684
494 594 -0.588444
495 496 -1.056092
495 405 -0.102864
495 595 0.296958
496 497 -0.069238
496 406 -1.940604
496 596 -0.400049
497 498 0.329266
497 407 0.562325
497 597 -2.513791
498 499 -0.735026
498 408 0.129867
498 598 0.622349
499 490 0.951811
499 409 -1.502968
499 599 0.369369
500 501 -1.635294
500 510 -1.143842
500 600 0.180440
501 502 -0.879800
501 511 1.018970
501 601 1.284877
502 503 -0.172799
502 512 1.184884
502 602 -0.524240
503 504 -0.276811
503 513 -0.084459
503 603 1.066230
504 505 1.426407
504 514 -1.101436
504 604 1.574429
505 506 -1.075877
505 515 1.909309
505 605 0.462572
506 507 -0.975503
506 516 -0.568326
506 606 0.989577
507 508 -0.404852
507 517 -0.643624
507 607 -0.525178
508 509 0.204138
508 518 0.108122
508 608 0.418843
509 500 -2.447533
509 519 -1.612720
509 609 0.668479
510 511 -0.393069
510 520 -1.461609
510 610 0.102880
511 512 1.375466
511 521 0.278059
511 611 -0.225305
512 513 -0.001100
512 522 0.913120
512 612 0.469911
513 514 -1.366215
513 523 -1.046072
513 613 1.554931
514 515 -0.558466
514 524 0.954001
514 614 -1.067786
515 516 0.499123
515 525 1.344214
515 615 -0.092905
516 517 -0.080739
516 526 -0.823836
516 616 0.957093
517 518 0.746282
517 527 0.644189
517 617 1.073207
518 519 -0.528111
518 528 -1.157751
518 618 -0.154527
519 510 -0.132105
519 529 -0.504118
519 619 -0.204571
520 521 0.754688
520 530 0.009817
520 620 0.317328
521 522 1.540651
521 531 0.601199
521 621 -0.408746
522 523 -0.812573
522 532 2.612530
522 622 -2.850331
523 524 0.370593
523 533 0.415757
523 623 1.650264
524 525 -0.838410
524 534 0.444817
524 624 0.276585
525 526 -0.626929
525 535 -0.270991
525 625 -0.135452
526 527 -1.014583
526 536 1.694270
526 626 0.200304
527 528 0.159097
527 537 -0.373953
527 627 -0.883933
528 529 1.470606
528 538 0.452482
528 628 -1.218068
529 520 0.150054
529 539 -1.850051
529 629 1.079086
530 531 0.528062
530 540 -0.381395
530 630 -0.777662
531 532 -0.626779
531 541 0.719565
531 631 0.348889
532 533 -0.338859
532 542 -1.252154
532 632 0.258552
533 534 0.502135
533 543 -0.221362
533 633 1.483974
534 535 0.329234
534 544 -0.511204
534 634 0.980245
535 536 0.078735
535 545 0.898729
535 635 -0.088700
536 537 -0.349747
536 546 -1.483504
536 636 -1.121162
537 538 -0.234306
537 547 1.084383
537 637 -0.687690
538 539 1.006792
538 548 0.030443
538 638 2.123400
539 530 -0.051660
539 549 0.119876
539 639 0.779241
540 541 -0.161262
540 550 0.336739
540 640 -0.684546
541 542 -0.236492
541 551 -1.668265
541 641 -0.943554
542 543 1.774033
542 552 -0.291599
542 642 0.237835
543 544 1.987210
543 553 -0.585653
543 643 -0.720503
544 545 2.237462
544 554 -0.875465
544 644 -0.846526
545 546 0.364040
545 555 -0.178285
545 645 -1.222691
546 547 -2.130910
546 556 -1.268704
546 646 -0.641530
547 548 1.489610
547 557 0.454929
547 647 -0.578227
548 549 -0.134752
548 558 -0.521601
548 648 -0.920296
549 540 -0.252965
549 559 0.297517
549 649 1.347859
550 551 0.847246
550 560 1.157525
550 650 0.374638
551 552 0.978498
551 561 2.362429
551 651 0.841978
552 553 0.290447
552 562 -0.338444
552 652 0.859867
553 554 -0.015820
553 563 0.854253
553 653 -0.426787
554 555 0.919733
554 564 -0.136974
554 654 -0.785514
555 556 -0.098929
555 565 0.381972
555 655 0.025986
556 557 -0.344916
556 566 -0.395675
556 656 -1.892343
557 558 0.475494
557 567 -0.371610
557 657 -0.599119
558 559 0.705199
558 568 -0.477831
558 658 0.118871
559 550 -0.811575
559 569 0.744190
559 659 -1.549233
560 561 -0.208471
560 570 0.646971
560 660 -0.105858
561 562 0.680297
561 571 0.915614
561 661 0.888791
562 563 -1.243749
562 572 0.035042
562 662 -0.405801
563 564 -0.274135
563 573 0.656125
563 663 1.438117
564 565 0.973227
564 574 0.370086
564 664 2.207920
565 566 -0.549193
565 575 -1.764157
565 665 -0.455978
566 567 -0.190536
566 576 0.302720
566 666 -1.423340
567 568 0.619929
567 577 -1.038454
567 667 0.900777
568 569 -0.686094
568 578 -0.163174
568 668 -1.074967
569 560 0.457165
569 579 -0.323907
569 669 0.395053
570 571 -0.314341
570 580 -0.937501
570 670 -0.122672
571 572 -2.260010
571 581 -1.425637
571 671 -0.119271
572 573 2.163361
572 582 2.206739
572 672 -0.102729
573 574 1.226071
573 583 -0.009553
573 673 1.795857
574 575 1.109685
574 584 -0.006555
574 674 -1.045450
575 576 0.636082
575 585 0.373132
575 675 0.090532
576 577 -0.456386
576 586 0.726995
576 676 0.895463
577 578 0.917907
577 587 -0.922196
577 677 -0.533741
578 579 -1.270964
578 588 2.786489
578 678 -1.294523
579 570 -1.159594
579 589 -0.170907
579 679 0.635209
580 581 -0.342172
580 590 -0.122105
580 680 0.845912
581 582 -1.593487
581 591 0.329343
581 681 -1.725526
582 583 0.739629
582 592 -0.482905
582 682 -0.333217
583 584 -1.733786
583 593 -1.132093
583 683 1.067779
584 585 -2.408505
584 594 0.134726
584 684 0.836437
585 586 -1.155422
585 595 1.222406
585 685 0.253936
586 587 -1.159809
586 596 -1.377820
586 686 0.355248
587 588 -1.240736
587 597 0.107684
587 687 -1.569301
588 589 2.081454
588 598 -0.534009
588 688 0.926028
589 580 -0.001198
589 599 0.828974
589 689 -0.298397
590 591 -0.732375
590 500 0.911549
590 690 -0.796133
591 592 -1.179653
591 501 0.030106
591 691 2.532018
592 593 1.684083
592 502 -0.314233
592 692 -0.121168
593 594 -0.757922
593 503 1.165424
593 693 -0.350110
594 595 -0.590928
594 504 -1.647765
594 694 -0.457733
595 596 1.179039
595 505 -0.606113
595 695 -0.206510
596 597 0.375206
596 506 -0.382622
596 696 0.838446
597 598 0.013618
597 507 0.809462
597 697 -0.516810
598 599 -1.563206
598 508 0.746852
598 698 1.024258
599 590 -0.640854
599 509 1.515729
599 699 1.420239
600 601 -1.477241
600 610 0.930358
600 700 0.514227
601 602 -0.964530
601 611 -0.189287
601 701 -0.960443
602 603 0.335100
602 612 0.272025
602 702 0.917747
603 604 0.645357
603 613 -1.453373
603 703 -0.508281
604 605 0.055375
604 614 -0.741895
604 704 0.946731
605 606 -0.998453
605 615 -0.956122
605 705 -0.712556
606 607 -1.900872
606 616 -0.281332
606 706 -1.144760
607 608 2.255607
607 617 0.239618
607 707 -1.551552
608 609 -0.297946
608 618 -1.242654
608 708 -0.201800
609 600 -1.650616
609 619 -1.757931
609 709 -0.523257
610 611 -0.114658
610 620 -2.179125
610 710 0.493298
611 612 1.538994
611 621 -0.407304
611 711 -0.683240
612 613 2.348357
612 622 0.780633
612 712 1.654700
613 614 1.521669
613 623 1.284125
613 713 -0.622456
614 615 0.293531
614 624 -0.047365
614 714 -1.221930
615 616 1.697818
615 625 0.334999
615 715 -0.809504
616 617 -0.490288
616 626 0.309377
616 716 2.165139
617 618 -0.970721
617 627 -1.491528
617 717 -1.269544
618 619 0.383551
618 628 2.460161
618 718 0.669235
619 610 -0.750996
619 629 1.598630
619 719 0.607424
620 621 -0.371435
620 630 0.290743
620 720 -0.959109
621 622 -1.574090
621 631 0.790509
621 721 -1.096912
622 623 0.810285
622 632 -0.709116
622 722 1.828891
623 624 0.547927
623 633 0.075971
623 723 -1.328317
624 625 -1.023447
624 634 0.230076
624 724 0.525511
625 626 -1.877391
625 635 0.719654
625 725 0.609896
626 627 0.060016
626 636 -0.749190
626 726 -3.123667
627 628 -0.138270
627 637 1.445909
627 727 -1.242696
628 629 -1.487959
628 638 1.746544
628 728 0.048400
629 620 -0.324714
629 639 -1.095530
629 729 0.166184
630 631 -0.244634
630 640 -0.163298
630 730 0.757697
631 632 1.126222
631 641 0.296118
631 731 1.359750
632 633 -1.112300
632 642 -1.552572
632 732 -0.282473
633 634 -0.645301
633 643 -0.250315
633 733 -1.555044
634 635 -1.117466
634 644 -1.836959
634 734 0.230325
635 636 0.451068
635 645 -0.966561
635 735 -1.673028
636 637 -0.021687
636 646 2.049958
636 736 -0.708289
637 638 0.414374
637 647 -1.599251
637 737 -0.752760
638 639 -2.177423
638 648 0.994870
638 738 -0.221241
639 630 0.034045
639 649 -0.906727
639 739 -0.623694
640 641 0.392153
640 650 -0.848140
640 740 0.462465
641 642 1.197333
641 651 -0.592347
641 741 -0.172878
642 643 0.901449
642 652 0.233799
642 742 -0.669778
643 644 1.992963
643 653 -1.323316
643 743 1.221318
644 645 0.343220
644 654 -0.324330
644 744 -0.482300
645 646 -0.313863
645 655 -0.970165
645 745 0.038485
646 647 0.045157
646 656 -0.056295
646 746 0.206619
647 648 -0.642921
647 657 0.758625
647 747 -0.388131
648 649 0.075180
648 658 0.663132
648 748 -0.491840
649 640 -0.809705
649 659 0.614903
649 749 0.649363
650 651 0.451272
650 660 1.813944
650 750 -0.802189
651 652 0.102744
651 661 0.318656
651 751 1.434546
652 653 -1.278875
652 662 0.229056
652 752 0.319804
653 654 -0.815174
653 663 -0.088210
653 753 1.166665
654 655 -0.387410
654 664 0.710113
654 754 -2.036876
655 656 -0.273455
655 665 0.893960
655 755 0.134587
656 657 -1.603262
656 666 1.495813
656 756 0.800083
657 658 -0.915012
657 667 -1.236929
657 757 1.217045
658 659 0.225081
658 668 -0.046270
658 758 0.132322
659 650 0.622219
659 669 -0.437170
659 759 0.082613
660 661 0.842864
660 670 -0.261271
660 760 0.774091
661 662 -1.144666
661 671 0.603769
661 761 -1.980849
662 663 -0.376897
662 672 -1.006030
662 762 1.961655
663 664 -0.355973
663 673 -0.888140
663 763 -0.424710
664 665 0.776250
664 674 0.465582
664 764 0.331035
665 666 -1.191998
665 675 -0.292356
665 765 -0.050924
666 667 0.828068
666 676 -0.441847
666 766 0.226617
667 668 0.084889
667 677 -0.960473
667 767 -1.210479
668 669 -1.450054
668 678 0.068877
668 768 -0.148593
669 660 0.906628
669 679 -0.321886
669 769 0.464775
670 671 -0.828774
670 680 -0.707962
670 770 0.109048
671 672 1.500174
671 681 1.295482
671 771 0.948220
672 673 0.618450
672 682 0.698584
672 772 -0.683341
673 674 -1.745254
673 683 -0.353213
673 773 0.178134
674 675 -0.802178
674 684 -0.467244
674 774 -0.717490
675 676 0.188419
675 685 -2.084242
675 775 -0.431520
676 677 0.250406
676 686 0.880751
676 776 -0.899304
677 678 0.223132
677 687 0.387940
677 777 -0.793006
678 679 0.624939
678 688 -1.465771
678 778 -1.044358
679 670 -1.193150
679 689 0.575685
679 779 0.088926
680 681 1.872576
680 690 -0.692603
680 780 -1.147941
681 682 1.721906
681 691 -0.498355
681 781 1.560853
682 683 0.907262
682 692 0.283812
682 782 1.010133
683 684 0.775865
683 693 -2.104419
683 783 1.319122
684 685 -1.256728
684 694 -0.758535
684 784 1.064055
685 686 0.292358
685 695 -1.162204
685 785 -0.023724
686 687 1.246490
686 696 -0.050260
686 786 0.354498
687 688 0.622688
687 697 -1.766804
687 787 0.025644
688 689 1.594771
688 698 1.162024
688 788 -0.955147
689 680 -1.251555
689 699 -0.659677
689 789 -0.504232
690 691 0.744838
690 600 0.964899
690 790 1.206894
691 692 -0.292557
691 601 -0.082609
691 791 0.164148
692 693 -0.247465
692 602 0.207212
692 792 -0.394146
693 694 -0.196695
693 603 -1.039169
693 793 1.857855
694 695 -0.644102
694 604 0.166456
694 794 0.482610
695 696 0.653214
695 605 -0.117170
695 795 -0.199788
696 697 -0.858090
696 606 -1.393124
696 796 -1.307298
697 698 -0.869522
697 607 -1.129907
697 797 1.296528
698 699 0.628548
698 608 0.746160
698 798 0.012768
699 690 -1.039389
699 609 -1.826748
699 799 1.746908
700 701 0.642159
700 710 0.164465
700 800 0.277279
701 702 0.419279
701 711 -1.271938
701 801 -1.710186
702 703 -0.700942
702 712 -1.158934
702 802 0.198189
703 704 1.023446
703 713 -1.267092
703 803 0.431344
704 705 -1.796239
704 714 -1.131153
704 804 0.197526
705 706 0.339417
705 715 0.565823
705 805 -1.114453
706 707 -1.039045
706 716 -0.102058
706 806 -1.674287
707 708 1.239279
707 717 -0.126852
707 807 0.960138
708 709 3.198010
708 718 -0.283955
708 808 0.418979
709 700 -0.338779
709 719 -0.869770
709 809 1.363520
710 711 -0.045972
710 720 0.084725
710 810 1.091978
711 712 0.117194
711 721 -0.070579
711 811 0.122692
712 713 -0.368598
712 722 0.414749
712 812 -0.157588
713 714 0.412800
713 723 1.077551
713 813 0.128359
714 715 0.894109
714 724 0.055612
714 814 -0.802992
715 716 0.886220
715 725 1.133807
715 815 -1.448217
716 717 0.409830
716 726 -0.291277
716 816 -1.923939
717 718 1.797005
717 727 -0.497456
717 817 -1.291757
718 719 -0.797740
718 728 0.182240
718 818 0.729269
719 710 1.201792
719 729 -1.713115
719 819 0.103476
720 721 0.307918
720 730 -1.422778
720 820 0.199182
721 722 0.077664
721 731 2.074037
721 821 0.776751
722 723 0.134675
722 732 -1.601485
722 822 1.016162
723 724 -1.270052
723 733 1.165546
723 823 -0.026010
724 725 -0.389335
724 734 -3.091518
724 824 -0.443413
725 726 0.121384
725 735 0.659924
725 825 -2.398865
726 727 -0.173753
726 736 -0.482189
726 826 -1.065854
727 728 -0.358522
727 737 -0.208364
727 827 -0.664968
728 729 -0.851910
728 738 -0.107465
728 828 -0.376477
729 720 -3.002255
729 739 -1.038567
729 829 -0.031465
730 731 1.753517
730 740 -0.357663
730 830 1.072160
731 732 0.039653
731 741 -0.229451
731 831 -1.144052
732 733 0.085803
732 742 1.204996
732 832 0.150750
733 734 -0.055911
733 743 1.492031
733 833 1.036720
734 735 0.087839
734 744 -0.373705
734 834 0.375406
735 736 0.432993
735 745 -2.223573
735 835 0.337130
736 737 0.898456
736 746 0.270149
736 836 0.050157
737 738 1.765430
737 747 0.566945
737 837 -2.122339
738 739 0.979032
738 748 -0.582358
738 838 1.367369
739 730 -0.099757
739 749 0.577527
739 839 2.191622
740 741 -3.153178
740 750 -0.769748
740 840 0.601269
741 742 0.218313
741 751 0.903182
741 841 0.153455
742 743 -0.688266
742 752 -0.574547
742 842 -2.378844
743 744 -0.906846
743 753 1.530932
743 843 -0.351340
744 745 -0.411126
744 754 -0.288298
744 844 0.335423
745 746 0.200289
745 755 1.049114
745 845 -0.735761
746 747 -0.109658
746 756 1.844382
746 846 0.001004
747 748 0.097523
747 757 0.649934
747 847 0.968703
748 749 1.983025
748 758 0.131874
748 848 -0.133417
749 740 -0.297313
749 759 -0.228968
749 849 -0.183303
750 751 -0.322676
750 760 -0.437912
750 850 0.211421
751 752 0.972205
751 761 0.269810
751 851 -0.589760
752 753 1.480659
752 762 0.290741
752 852 0.437292
753 754 -0.864158
753 763 0.101078
753 853 -0.197704
754 755 2.305559
754 764 0.043478
754 854 1.600385
755 756 0.787597
755 765 -1.236846
755 855 -0.283149
756 757 0.104263
756 766 0.188029
756 856 -0.247132
757 758 2.355988
757 767 0.365161
757 857 0.182199
758 759 -0.290069
758 768 1.487832
758 858 -0.339263
759 750 1.476667
759 769 0.683152
759 859 -1.917201
760 761 -0.779896
760 770 0.390360
760 860 -0.888766
761 762 0.496330
761 771 -0.489782
761 861 1.765013
762 763 0.142954
762 772 0.008915
762 862 0.677630
763 764 -1.246138
763 773 -0.670843
763 863 0.565298
764 765 -2.179453
764 774 -0.809591
764 864 -1.404541
765 766 -1.140519
765 775 -0.225381
765 865 -2.669971
766 767 -0.124829
766 776 0.936858
766 866 1.111736
767 768 0.521412
767 777 1.452421
767 867 0.258033
768 769 -0.495556
768 778 0.183954
768 868 0.126929
769 760 -0.247283
769 779 0.290137
769 869 1.299774
770 771 -1.386308
770 780 0.480267
770 870 -2.448716
771 772 0.740726
771 781 -1.229496
771 871 0.141791
772 773 1.139142
772 782 1.056928
772 872 -1.055113
773 774 -2.286681
773 783 -0.436706
773 873 -0.774775
774 775 -0.257306
774 784 -0.722646
774 874 0.341884
775 776 -1.042032
775 785 0.029357
775 875 2.427941
776 777 1.076946
776 786 0.766447
776 876 -2.788100
777 778 0.648663
777 787 0.316416
777 877 0.754896
778 779 -0.786092
778 788 0.535811
778 878 -2.714190
779 770 -0.142217
779 789 0.285944
779 879 0.523137
780 781 0.006115
780 790 -1.755184
780 880 -1.795984
781 782 0.385922
781 791 -0.953825
781 881 -0.785478
782 783 0.239416
782 792 -1.210685
782 882 -1.323118
783 784 -1.121568
783 793 0.871695
783 883 -0.228849
784 785 1.288502
784 794 -0.207357
784 884 1.342912
785 786 -1.114893
785 795 -1.382229
785 885 1.175268
786 787 0.191486
786 796 -0.716644
786 886 0.369820
787 788 -1.403296
787 797 -0.703238
787 887 -0.574534
788 789 1.810360
788 798 -1.913042
788 888 -1.293979
789 780 0.138803
789 799 -0.155967
789 889 -1.240180
790 791 -0.188186
790 700 -0.395386
790 890 0.377649
791 792 -0.278368
791 701 0.242736
791 891 0.458102
792 793 -1.982161
792 702 1.343617
792 892 0.010068
793 794 0.216705
793 703 -2.078464
793 893 0.464967
794 795 -0.351767
794 704 -1.362220
794 894 -0.366727
795 796 -1.291758
795 705 0.026112
795 895 -0.201460
796 797 0.245054
796 706 0.242940
796 896 -0.603775
797 798 -0.117918
797 707 -0.147401
797 897 -0.840687
798 799 -0.728775
798 708 0.246316
798 898 -0.600288
799 790 1.274146
799 709 1.626307
799 899 0.896799
800 801 -0.010570
800 810 -0.440213
800 900 -1.636920
801 802 0.227333
801 811 0.128874
801 901 -0.650857
802 803 0.062328
802 812 -1.366550
802 902 0.497327
803 804 0.028010
803 813 -0.504966
803 903 0.400113
804 805 -1.214977
804 814 -0.002978
804 904 -0.760634
805 806 -0.089931
805 815 -1.365459
805 905 -0.229180
806 807 0.087169
806 816 -0.214977
806 906 -0.575509
807 808 0.638619
807 817 -1.250692
807 907 -1.975064
808 809 -0.284944
808 818 -0.622887
808 908 0.046430
809 800 -0.832509
809 819 0.988017
809 909 1.500625
810 811 -0.791063
810 820 -0.549507
810 910 1.516502
811 812 1.408408
811 821 -2.113171
811 911 -0.053087
812 813 -1.769427
812 822 -0.058126
812 912 1.347831
813 814 0.741417
813 823 -0.095350
813 913 1.508544
814 815 -0.195462
814 824 -1.182170
814 914 0.928568
815 816 -0.808119
815 825 -0.238981
815 915 -0.989361
816 817 -0.735737
816 826 0.640944
816 916 -0.300867
817 818 0.593325
817 827 -0.006232
817 917 -0.506241
818 819 -0.549918
818 828 -1.156072
818 918 0.347578
819 810 -0.483940
819 829 1.403836
819 919 -0.105822
820 821 -0.261217
820 830 1.497598
820 920 -0.612561
821 822 -0.743531
821 831 -1.458821
821 921 0.752199
822 823 -1.740451
822 832 1.158960
822 922 -0.083334
823 824 0.243407
823 833 0.300556
823 923 1.273537
824 825 1.878373
824 834 -0.007270
824 924 1.223901
825 826 -2.392474
825 835 -1.535616
825 925 1.007257
826 827 -0.515767
826 836 -0.296010
826 926 -0.644696
827 828 -1.230347
827 837 -0.129400
827 927 0.023710
828 829 -0.641849
828 838 0.561117
828 928 -1.159184
829 820 -0.734707
829 839 0.207998
829 929 2.371229
830 831 -1.419716
830 840 0.143705
830 930 -1.967480
831 832 -0.380485
831 841 0.210367
831 931 2.693816
832 833 1.123798
832 842 0.017797
832 932 -0.582296
833 834 -0.239726
833 843 -1.439133
833 933 1.776443
834 835 0.152086
834 844 -1.462770
834 934 1.824247
835 836 -0.521759
835 845 -0.279206
835 935 0.591956
836 837 1.310665
836 846 -0.911289
836 936 0.729289
837 838 1.845562
837 847 -0.409626
837 937 0.369299
838 839 -0.984898
838 848 -0.659101
838 938 -1.319905
839 830 0.736394
839 849 -2.191231
839 939 0.347144
840 841 -0.458049
840 850 0.436686
840 940 -0.522999
841 842 1.796655
841 851 0.275390
841 941 -0.207078
842 843 -0.889559
842 852 1.035650
842 942 0.294382
843 844 -0.598816
843 853 -1.187820
843 943 0.519224
844 845 -1.903085
844 854 1.413571
844 944 -1.117925
845 846 1.194534
845 855 0.527566
845 945 1.348114
846 847 -1.025878
846 856 -0.073103
846 946 0.341425
847 848 -0.626948
847 857 -0.306147
847 947 1.187200
848 849 0.821619
848 858 -0.057728
848 948 -0.014146
849 840 1.784223
849 859 0.548993
849 949 -1.124293
850 851 0.863483
850 860 -0.015632
850 950 0.919861
851 852 0.484232
851 861 0.427175
851 951 0.570953
852 853 0.622330
852 862 -0.027007
852 952 1.999188
853 854 -0.293390
853 863 -1.009907
853 953 0.240856
854 855 -1.432008
854 864 0.639954
854 954 0.790654
855 856 0.416894
855 865 0.974399
855 955 -0.863524
856 857 -0.932148
856 866 0.394378
856 956 1.443239
857 858 0.704549
857 867 -1.616200
857 957 -0.384524
858 859 -0.322141
858 868 1.234843
858 958 0.080352
859 850 0.873243
859 869 -0.257857
859 959 -1.050373
860 861 1.612566
860 870 -0.558155
860 960 -0.434490
861 862 -1.126232
861 871 0.661802
861 961 0.514953
862 863 0.285384
862 872 0.304189
862 962 -0.436860
863 864 -0.127763
863 873 -1.342993
863 963 -0.590280
864 865 -1.167817
864 874 -1.844294
864 964 -0.183633
865 866 -1.153169
865 875 -0.491384
865 965 -1.042614
866 867 -0.804513
866 876 -1.293844
866 966 0.172011
867 868 0.211151
867 877 0.061423
867 967 -0.633267
868 869 -1.262015
868 878 0.109890
868 968 0.891672
869 860 -1.741402
869 879 0.200029
869 969 -1.408169
870 871 -1.401826
870 880 -2.140465
870 970 -0.235325
871 872 -0.462925
871 881 0.743640
871 971 -0.683667
872 873 -1.274587
872 882 0.751339
872 972 -0.407641
873 874 0.269924
873 883 0.585167
873 973 1.013314
874 875 -0.964999
874 884 0.380900
874 974 0.705760
875 876 -2.101639
875 885 -0.213198
875 975 -2.869594
876 877 -0.941022
876 886 2.111896
876 976 -0.282400
877 878 0.746974
877 887 -0.272715
877 977 -0.323177
878 879 2.547084
878 888 -0.649712
878 978 -0.369361
879 870 0.396693
879 889 -0.137268
879 979 -0.371141
880 881 0.110046
880 890 0.401133
880 980 1.555629
881 882 1.177740
881 891 0.786795
881 981 0.619658
882 883 -0.705107
882 892 0.701693
882 982 1.330331
883 884 0.970062
883 893 -0.148596
883 983 0.154094
884 885 -0.088197
884 894 -0.741667
884 984 -1.082373
885 886 -0.309166
885 895 0.690915
885 985 0.042086
886 887 0.084563
886 896 -0.743909
886 986 -0.081649
887 888 -0.491092
887 897 -0.620813
887 987 0.013360
888 889 -1.161676
888 898 -1.514863
888 988 -0.711854
889 880 0.527012
889 899 1.113607
889 989 -0.545252
890 891 -2.332874
890 800 1.210902
890 990 -0.940204
891 892 -1.321586
891 801 -0.012573
891 991 0.419508
892 893 0.488182
892 802 0.268656
892 992 1.118446
893 894 -1.827435
893 803 1.561520
893 993 1.524421
894 895 -0.019838
894 804 -0.134369
894 994 -1.968478
895 896 1.665334
895 805 0.846733
895 995 1.302102
896 897 1.979581
896 806 0.081993
896 996 -0.392290
897 898 -0.054026
897 807 0.562605
897 997 0.906729
898 899 -1.872956
898 808 -0.053359
898 998 -0.006390
899 890 -1.776612
899 809 -0.605245
899 999 0.279365
900 901 -0.165143
900 910 0.688915
900 0 0.206946
901 902 -0.643141
901 911 -0.237652
901 1 -0.290191
902 903 -0.489085
902 912 -1.524440
902 2 0.750922
903 904 1.397415
903 913 -0.066695
903 3 -0.853230
904 905 -0.850923
904 914 -0.729982
904 4 -1.713247
905 906 0.128136
905 915 -0.617951
905 5 0.438259
906 907 -2.996658
906 916 -0.188614
906 6 -0.437185
907 908 0.692500
907 917 -1.551475
907 7 -0.895994
908 909 0.003834
908 918 0.227382
908 8 -0.480870
909 900 -1.337487
909 919 -0.027273
909 9 -1.448549
910 911 -0.175081
910 920 1.178684
910 10 0.877406
911 912 -0.789561
911 921 -2.199356
911 11 0.382311
912 913 0.106903
912 922 1.095337
912 12 0.716923
913 914 0.326543
913 923 0.063640
913 13 -0.742175
914 915 0.182037
914 924 -0.313184
914 14 0.932361
915 916 -0.703812
915 925 0.270098
915 15 0.045994
916 917 0.259506
916 926 -0.588926
916 16 0.888556
917 918 -0.958753
917 927 0.027210
917 17 0.505862
918 919 0.919920
918 928 -0.634073
918 18 0.290350
919 910 1.872772
919 929 0.436108
919 19 1.054362
920 921 -0.436490
920 930 -0.598266
920 20 -0.710275
921 922 1.712908
921 931 -0.446042
921 21 -0.210481
922 923 -0.495217
922 932 0.172187
922 22 -0.239337
923 924 0.033247
923 933 -0.759755
923 23 -2.236726
924 925 -1.265993
924 934 0.272669
924 24 -0.258968
925 926 0.281248
925 935 -0.274067
925 25 0.056965
926 927 -0.267123
926 936 0.481897
926 26 -2.170268
927 928 -1.926574
927 937 0.473454
927 27 1.180464
928 929 -1.476910
928 938 -0.407007
928 28 0.162435
929 920 -1.276490
929 939 1.295926
929 29 0.499620
930 931 -0.718819
930 940 -0.260017
930 30 -0.030567
931 932 -0.449926
931 941 1.651511
931 31 0.487506
932 933 -0.815647
932 942 -0.401181
932 32 -0.201125
933 934 -0.018147
933 943 -0.674318
933 33 -0.123643
934 935 0.853833
934 944 -0.552665
934 34 -0.527345
935 936 0.270705
935 945 0.642916
935 35 -2.051992
936 937 -0.057233
936 946 -0.395795
936 36 -0.009456
937 938 -0.696875
937 947 -1.504638
937 37 0.840038
938 939 -0.764428
938 948 -0.395059
938 38 -1.350171
939 930 -0.139128
939 949 0.219742
939 39 0.734146
940 941 -0.740813
940 950 0.100666
940 40 0.149363
941 942 -2.334226
941 951 -0.686544
941 41 1.192462
942 943 0.076905
942 952 -0.948640
942 42 1.515301
943 944 -1.089335
943 953 0.681225
943 43 0.473289
944 945 -0.908303
944 954 -0.702842
944 44 -0.113214
945 946 -1.530839
945 955 -0.176941
945 45 1.086568
946 947 -0.316938
946 956 -1.011334
946 46 -0.323958
947 948 0.157859
947 957 -0.890322
947 47 0.073259
948 949 0.047446
948 958 0.058995
948 48 0.337426
949 940 1.281699
949 959 1.584035
949 49 0.753364
950 951 -0.475969
950 960 -1.535424
950 50 -0.088927
951 952 0.882607
951 961 0.775524
951 51 -1.447790
952 953 0.739021
952 962 -0.582403
952 52 0.699163
953 954 -0.164617
953 963 -0.247491
953 53 0.451906
954 955 1.082000
954 964 0.910844
954 54 -0.518653
955 956 0.947747
955 965 1.257151
955 55 -0.173977
956 957 0.078271
956 966 1.648806
956 56 0.886362
957 958 -0.690014
957 967 1.229860
957 57 1.454308
958 959 2.156952
958 968 -0.380537
958 58 -1.606650
959 950 0.749492
959 969 1.875320
959 59 -0.031583
960 961 -1.904817
960 970 -0.120616
960 60 -0.349885
961 962 0.920842
961 971 -1.136973
961 61 -1.686107
962 963 -2.194887
962 972 0.860640
962 62 -0.869258
963 964 -0.551376
963 973 -1.234731
963 63 -1.340397
964 965 -0.189816
964 974 1.081146
964 64 -0.484702
965 966 0.299561
965 975 0.608911
965 65 0.339868
966 967 -0.108263
966 976 1.177882
966 66 -0.547543
967 968 0.756171
967 977 0.893705
967 67 1.885896
968 969 1.571056
968 978 -0.267055
968 68 -0.084565
969 960 -0.772275
969 979 0.830784
969 69 1.041439
970 971 -0.181945
970 980 0.025808
970 70 -1.388725
971 972 -0.480571
971 981 -0.690389
971 71 -1.570658
972 973 -0.104863
972 982 0.854157
972 72 -0.814150
973 974 -1.231738
973 983 0.183007
973 73 -1.652223
974 975 -0.015514
974 984 0.976739
974 74 1.076326
975 976 -0.237627
975 985 -0.293390
975 75 1.593005
976 977 -0.479715
976 986 1.812096
976 76 0.742129
977 978 -1.752558
977 987 2.456377
977 77 -0.251837
978 979 -0.771699
978 988 0.264597
978 78 0.732904
979 970 2.508737
979 989 0.161796
979 79 0.515401
980 981 -0.436490
980 990 -0.036272
980 80 1.096661
981 982 -0.372334
981 991 -1.612528
981 81 1.240733
982 983 0.191360
982 992 -0.231490
982 82 1.064289
983 984 -0.358533
983 993 -1.155317
983 83 -1.128975
984 985 -0.341512
984 994 1.061159
984 84 0.356504
985 986 -0.106820
985 995 0.979876
985 85 -1.107851
986 987 -0.660061
986 996 0.959076
986 86 -1.858742
987 988 2.363347
987 997 -1.953017
987 87 -0.549312
988 989 -1.399322
988 998 -0.336255
988 88 -0.376248
989 980 1.253291
989 999 0.700516
989 89 0.557348
990 991 1.043684
990 900 -0.312617
990 90 -0.786725
991 992 -0.715877
991 901 0.242093
991 91 -0.994348
992 993 -1.045263
992 902 -0.090960
992 92 0.747103
993 994 -0.857771
993 903 0.982981
993 93 -2.357899
994 995 -1.492610
994 904 -0.549130
994 94 0.278282
995 996 3.052573
995 905 1.264589
995 95 0.545444
996 997 0.456143
996 906 -0.285277
996 96 -1.846204
997 998 -1.560200
997 907 0.050197
997 97 -0.780253
998 999 -0.642680
998 908 1.103507
998 98 0.219683
999 990 0.581549
999 909 -0.399927
999 99 -0.131140
