0 1 1.141028
0 10 -0.074626
0 100 -2.258005
1 2 -1.654941
1 11 -1.273638
1 101 -0.836268
2 3 -0.277716
2 12 -0.534133
2 102 1.360238
3 4 1.391012
3 13 1.639955
3 103 0.033737
4 5 -0.920589
4 14 2.609623
4 104 0.262911
5 6 0.206553
5 15 -0.360040
5 105 0.949608
6 7 -0.126390
6 16 -0.411814
6 106 -1.259007
7 8 0.684131
7 17 -0.215505
7 107 1.932667
8 9 -0.736966
8 18 -1.259751
8 108 -0.337303
9 0 -0.198763
9 19 -0.764527
9 109 0.203231
10 11 0.555575
10 20 0.368736
10 110 0.615061
11 12 -0.648409
11 21 0.590334
11 111 0.055972
12 13 -0.523548
12 22 -1.296194
12 112 -0.746452
13 14 -0.520984
13 23 0.918422
13 113 -0.630637
14 15 -0.746138
14 24 0.064152
14 114 -3.388785
15 16 -0.467086
15 25 -0.102892
15 115 -0.986355
16 17 0.292204
16 26 -0.112284
16 116 -0.741838
17 18 -0.323189
17 27 0.484368
17 117 -0.374131
18 19 0.487935
18 28 -1.119758
18 118 0.945433
19 10 0.864619
19 29 1.876778
19 119 0.809622
20 21 0.037009
20 30 -0.086548
20 120 0.100484
21 22 -0.185393
21 31 0.062300
21 121 1.522822
22 23 -0.641404
22 32 1.073338
22 122 0.516140
23 24 1.748633
23 33 0.842811
23 123 0.351688
24 25 -1.034341
24 34 -1.222509
24 124 -0.907177
25 26 0.610729
25 35 1.703070
25 125 -1.572484
26 27 1.204058
26 36 0.443223
26 126 0.627699
27 28 1.450714
27 37 -0.707784
27 127 1.056950
28 29 -1.408066
28 38 2.124938
28 128 -0.783398
29 20 0.881854
29 39 0.465253
29 129 1.465848
30 31 0.303701
30 40 -0.731777
30 130 0.111636
31 32 1.391342
31 41 -1.608270
31 131 -0.416811
32 33 0.329731
32 42 1.181212
32 132 1.701762
33 34 0.720545
33 43 0.266585
33 133 1.028004
34 35 0.252688
34 44 -0.712903
34 134 -0.654675
35 36 -0.018982
35 45 -1.634117
35 135 -1.257483
36 37 1.476357
36 46 0.808305
36 136 0.562994
37 38 -0.025574
37 47 -1.610914
37 137 -0.232023
38 39 0.104718
38 48 -0.668091
38 138 -0.292527
39 30 -2.311069
39 49 -1.095288
39 139 -0.034692
40 41 -0.815772
40 50 -0.683446
40 140 1.627352
41 42 0.170923
41 51 1.178775
41 141 -0.017630
42 43 -1.114906
42 52 -0.340363
42 142 -0.959606
43 44 0.966213
43 53 -1.747132
43 143 1.078236
44 45 1.009430
44 54 -0.681018
44 144 2.252433
45 46 2.199621
45 55 -1.487037
45 145 -1.774612
46 47 -0.448801
46 56 0.330440
46 146 1.493979
47 48 1.155177
47 57 -0.952914
47 147 -0.517850
48 49 1.151877
48 58 -0.666400
48 148 0.272598
49 40 -0.714890
49 59 0.212503
49 149 1.620801
50 51 -0.154693
50 60 1.239490
50 150 2.443610
51 52 1.152548
51 61 -0.305114
51 151 -1.381572
52 53 -0.792143
52 62 -0.882910
52 152 0.776611
53 54 -0.157530
53 63 0.558783
53 153 -1.179773
54 55 2.463594
54 64 -0.783246
54 154 0.899784
55 56 -0.043117
55 65 1.423033
55 155 0.558366
56 57 0.260382
56 66 2.224111
56 156 0.117486
57 58 -1.436747
57 67 -0.263236
57 157 0.294170
58 59 1.169819
58 68 -0.002638
58 158 0.251963
59 50 2.527005
59 69 -0.609341
59 159 2.460464
60 61 -1.673786
60 70 -0.300013
60 160 0.598843
61 62 0.384038
61 71 0.806492
61 161 0.028928
62 63 0.095247
62 72 -0.813599
62 162 -0.590273
63 64 0.652437
63 73 0.129740
63 163 1.143008
64 65 0.336498
64 74 0.383241
64 164 -0.223375
65 66 0.127548
65 75 -0.432519
65 165 -0.301041
66 67 2.581491
66 76 -1.653059
66 166 0.136535
67 68 0.035275
67 77 1.197180
67 167 0.962322
68 69 1.432858
68 78 -1.140845
68 168 -0.738892
69 60 0.561856
69 79 0.199895
69 169 0.746782
70 71 1.335924
70 80 -0.587064
70 170 0.031373
71 72 0.856536
71 81 -0.317553
71 171 0.086934
72 73 -0.767784
72 82 1.973418
72 172 0.546917
73 74 -0.753977
73 83 1.128741
73 173 1.544819
74 75 0.045640
74 84 0.344941
74 174 -1.129188
75 76 0.902335
75 85 -0.504995
75 175 -0.339702
76 77 0.066299
76 86 -0.838016
76 176 0.290050
77 78 -1.077970
77 87 -0.914174
77 177 0.611142
78 79 -1.966075
78 88 -1.681811
78 178 -0.000799
79 70 -0.881230
79 89 -1.326851
79 179 0.336632
80 81 1.706416
80 90 -0.565534
80 180 0.178538
81 82 -0.166337
81 91 1.139403
81 181 -0.891047
82 83 0.213498
82 92 0.399542
82 182 -1.006730
83 84 0.562861
83 93 -0.543476
83 183 -0.755911
84 85 0.542667
84 94 0.786300
84 184 0.598955
85 86 -0.551306
85 95 0.244918
85 185 -0.272060
86 87 0.217268
86 96 -0.797753
86 186 -0.869534
87 88 0.288177
87 97 1.665218
87 187 0.694474
88 89 -0.821896
88 98 -1.272450
88 188 1.518032
89 80 -0.371129
89 99 0.637296
89 189 -1.149345
90 91 -0.871156
90 0 0.184319
90 190 -1.363095
91 92 0.408256
91 1 -0.461741
91 191 0.486860
92 93 -0.773334
92 2 0.058720
92 192 0.495523
93 94 -1.222987
93 3 -0.167790
93 193 -2.459831
94 95 -1.011765
94 4 0.505810
94 194 -0.984880
95 96 0.739186
95 5 -0.897337
95 195 0.756134
96 97 0.329001
96 6 -1.139572
96 196 0.211392
97 98 0.862518
97 7 -1.413316
97 197 -0.337538
98 99 0.737851
98 8 1.650386
98 198 0.787207
99 90 0.405668
99 9 -1.622789
99 199 -0.137311
100 101 -0.339815
100 110 -0.351537
100 200 0.796232
101 102 -0.933481
101 111 1.135591
101 201 -1.157479
102 103 -0.472866
102 112 -0.280420
102 202 0.931049
103 104 -0.511034
103 113 -0.412240
103 203 -0.967482
104 105 0.132063
104 114 0.721524
104 204 -0.671949
105 106 0.989415
105 115 -1.427196
105 205 -2.047846
106 107 0.755671
106 116 1.119725
106 206 -0.875321
107 108 -0.440081
107 117 -0.778496
107 207 1.441896
108 109 -1.630188
108 118 0.594759
108 208 -1.409503
109 100 -0.638449
109 119 -0.233670
109 209 0.133238
110 111 -0.279557
110 120 -0.772138
110 210 0.681227
111 112 -2.483031
111 121 1.516760
111 211 -0.725547
112 113 1.913502
112 122 0.134410
112 212 1.048251
113 114 0.568678
113 123 0.521301
113 213 1.063688
114 115 0.021497
114 124 -2.098689
114 214 0.412144
115 116 0.496373
115 125 1.333210
115 215 -0.305627
116 117 0.620513
116 126 0.144779
116 216 0.920562
117 118 1.202145
117 127 0.317001
117 217 0.131077
118 119 0.424498
118 128 -0.915149
118 218 -0.189821
119 110 0.210800
119 129 -0.415288
119 219 -0.190894
120 121 -0.512954
120 130 -1.667471
120 220 1.890372
121 122 -0.674102
121 131 -0.211097
121 221 1.107089
122 123 0.532406
122 132 1.773973
122 222 -1.539772
123 124 0.136156
123 133 -1.359762
123 223 -1.371852
124 125 0.198385
124 134 -0.162363
124 224 -0.689648
125 126 -2.565373
125 135 -1.403038
125 225 1.258306
126 127 -0.502270
126 136 0.168686
126 226 0.583691
127 128 0.976855
127 137 0.223176
127 227 -0.694160
128 129 -0.447616
128 138 -0.102564
128 228 0.717839
129 120 -1.201935
129 139 -1.478755
129 229 -0.886001
130 131 -0.268286
130 140 -0.794494
130 230 -0.027950
131 132 -0.190088
131 141 0.809836
131 231 -1.586675
132 133 -0.749379
132 142 0.098778
132 232 -0.703795
133 134 0.513856
133 143 -1.583445
133 233 0.057705
134 135 0.532613
134 144 0.292381
134 234 -1.255560
135 136 -0.064333
135 145 0.787181
135 235 0.267293
136 137 0.347590
136 146 1.661596
136 236 -0.787963
137 138 0.821988
137 147 -0.466938
137 237 1.874821
138 139 1.964836
138 148 0.424326
138 238 -0.955145
139 130 1.269944
139 149 0.828426
139 239 0.065853
140 141 1.625305
140 150 -0.542417
140 240 -0.186565
141 142 -0.205935
141 151 -0.843772
141 241 0.624457
142 143 -3.426740
142 152 0.159216
142 242 0.049033
143 144 0.235682
143 153 -0.387129
143 243 -1.357843
144 145 1.431081
144 154 -1.097025
144 244 0.445499
145 146 1.043189
145 155 1.005862
145 245 -0.374437
146 147 -0.285540
146 156 -0.798956
146 246 0.667052
147 148 -0.005101
147 157 0.295119
147 247 2.267428
148 149 -0.124665
148 158 1.385284
148 248 -0.410266
149 140 -1.528758
149 159 0.265310
149 249 0.313736
150 151 1.143739
150 160 -0.594812
150 250 0.797248
151 152 -1.343274
151 161 -1.241026
151 251 -0.545321
152 153 0.491046
152 162 -0.938420
152 252 -1.719902
153 154 1.645651
153 163 -0.297665
153 253 0.111934
154 155 -0.607314
154 164 -1.032575
154 254 1.241919
155 156 -1.355304
155 165 1.112645
155 255 0.101699
156 157 0.183882
156 166 0.445584
156 256 -0.986782
157 158 0.800948
157 167 0.192303
157 257 -0.547203
158 159 2.365020
158 168 0.494177
158 258 0.315108
159 150 -0.517072
159 169 -1.564613
159 259 0.212604
160 161 -0.336212
160 170 -0.626186
160 260 -0.864439
161 162 2.880062
161 171 0.631543
161 261 0.823827
162 163 -2.327440
162 172 -0.769380
162 262 0.511077
163 164 -0.745391
163 173 -1.422249
163 263 1.070672
164 165 -0.484802
164 174 -1.371088
164 264 0.111043
165 166 -0.764618
165 175 -0.268605
165 265 0.288365
166 167 1.651380
166 176 1.381968
166 266 -0.708250
167 168 0.079297
167 177 1.226332
167 267 -1.244175
168 169 -1.216000
168 178 -0.883691
168 268 -0.811732
169 160 -0.511799
169 179 -0.859957
169 269 1.126430
170 171 1.074184
170 180 -0.866643
170 270 0.778456
171 172 0.376886
171 181 -1.025967
171 271 -0.831799
172 173 -1.694608
172 182 0.294037
172 272 0.531743
173 174 1.327984
173 183 -2.221996
173 273 0.649787
174 175 -0.270384
174 184 -1.806311
174 274 -0.877552
175 176 -0.931719
175 185 0.458158
175 275 -1.167196
176 177 0.056656
176 186 -0.521655
176 276 -0.788678
177 178 -0.660459
177 187 0.393739
177 277 -0.716483
178 179 0.159723
178 188 -0.674991
178 278 0.115504
179 170 -1.294824
179 189 -0.682557
179 279 -0.680737
180 181 -0.712324
180 190 -0.774479
180 280 0.248995
181 182 -0.537906
181 191 1.589508
181 281 -0.673932
182 183 1.954686
182 192 1.020157
182 282 0.369237
183 184 1.012945
183 193 -0.015299
183 283 1.986909
184 185 -0.651935
184 194 -0.221620
184 284 1.865966
185 186 0.432517
185 195 1.008855
185 285 0.272642
186 187 0.496642
186 196 0.157068
186 286 0.547441
187 188 1.174476
187 197 0.117206
187 287 1.311870
188 189 -0.070589
188 198 -1.165512
188 288 -1.582742
189 180 -0.934921
189 199 -0.119852
189 289 -0.464637
190 191 1.605989
190 100 0.259216
190 290 0.741517
191 192 3.045076
191 101 -1.470543
191 291 -0.732285
192 193 0.917269
192 102 0.680330
192 292 1.030730
193 194 2.269768
193 103 -0.871126
193 293 0.684380
194 195 0.758750
194 104 -2.044200
194 294 -1.230278
195 196 -3.556815
195 105 -2.028553
195 295 -0.914789
196 197 1.010231
196 106 1.478580
196 296 0.839837
197 198 1.783366
197 107 1.427692
197 297 1.962146
198 199 -1.585598
198 108 -1.627812
198 298 0.130128
199 190 0.897341
199 109 1.059044
199 299 -0.531638
200 201 -0.715478
200 210 -0.862580
200 300 1.230308
201 202 0.013587
201 211 -0.297982
201 301 1.212189
202 203 0.501362
202 212 -0.203976
202 302 1.044100
203 204 -1.602498
203 213 0.393460
203 303 -0.500598
204 205 -0.592256
204 214 -0.533381
204 304 -0.069500
205 206 -0.350873
205 215 -0.175434
205 305 2.146258
206 207 -0.227104
206 216 -1.252694
206 306 0.892718
207 208 -0.830989
207 217 -1.616821
207 307 0.860218
208 209 0.089619
208 218 -1.048072
208 308 1.551102
209 200 -0.086073
209 219 -1.329044
209 309 1.086431
210 211 0.411009
210 220 0.498151
210 310 1.311340
211 212 -1.657381
211 221 0.324370
211 311 1.025284
212 213 0.149292
212 222 -0.123718
212 312 1.456325
213 214 2.264479
213 223 -0.426417
213 313 -2.363497
214 215 0.624939
214 224 1.052450
214 314 0.012912
215 216 0.620826
215 225 0.546645
215 315 0.600441
216 217 -1.446493
216 226 -0.901981
216 316 1.751303
217 218 -2.608122
217 227 1.425928
217 317 1.605855
218 219 -0.937200
218 228 -0.112144
218 318 0.197375
219 210 -0.649397
219 229 -0.372143
219 319 2.110183
220 221 0.899167
220 230 1.394285
220 320 1.638466
221 222 1.986320
221 231 0.633232
221 321 -1.015285
222 223 -0.339491
222 232 -1.357831
222 322 -0.560371
223 224 0.272805
223 233 0.812739
223 323 0.990311
224 225 0.840423
224 234 -1.429940
224 324 -0.310343
225 226 -0.640165
225 235 -0.827805
225 325 0.556382
226 227 -0.116618
226 236 0.541819
226 326 -0.613890
227 228 0.344234
227 237 -0.072898
227 327 1.513420
228 229 0.458716
228 238 -0.946096
228 328 -1.500971
229 220 -1.562617
229 239 -0.583342
229 329 -1.036469
230 231 0.130289
230 240 0.314189
230 330 0.447399
231 232 -0.949031
231 241 1.764882
231 331 -2.009731
232 233 0.668065
232 242 0.693962
232 332 0.432713
233 234 1.660702
233 243 -0.792648
233 333 0.316960
234 235 0.203841
234 244 -0.706837
234 334 0.597328
235 236 0.122863
235 245 0.673611
235 335 -0.727881
236 237 -0.979197
236 246 0.911655
236 336 -0.128346
237 238 2.333378
237 247 1.038782
237 337 -0.530486
238 239 0.001416
238 248 1.383388
238 338 0.780589
239 230 0.549720
239 249 0.779686
239 339 0.353539
240 241 0.583725
240 250 -0.345633
240 340 -0.306756
241 242 -0.780405
241 251 -1.144528
241 341 -0.882794
242 243 0.913274
242 252 -1.158949
242 342 -1.412776
243 244 1.473423
243 253 -0.134392
243 343 0.625706
244 245 0.163386
244 254 -0.787539
244 344 0.375178
245 246 -1.552430
245 255 0.017747
245 345 0.429641
246 247 -0.519607
246 256 -0.506345
246 346 -1.391535
247 248 -1.513128
247 257 -0.162889
247 347 0.879442
248 249 0.952812
248 258 0.331762
248 348 -1.194899
249 240 -1.169847
249 259 -1.962774
249 349 -1.410195
250 251 0.633698
250 260 0.855631
250 350 0.073776
251 252 -0.699547
251 261 -1.003982
251 351 -1.291328
252 253 0.253548
252 262 0.236644
252 352 -0.635566
253 254 -1.174988
253 263 1.133564
253 353 0.391258
254 255 1.654684
254 264 0.163862
254 354 -1.368624
255 256 -0.388478
255 265 2.083990
255 355 -0.710928
256 257 -0.115206
256 266 0.496815
256 356 0.220526
257 258 -1.934514
257 267 -0.604622
257 357 -1.234801
258 259 0.760570
258 268 0.635224
258 358 -0.035747
259 250 -1.453424
259 269 0.844778
259 359 -1.287768
260 261 -1.816927
260 270 0.366680
260 360 -2.293588
261 262 0.028005
261 271 0.479057
261 361 0.191130
262 263 -1.021941
262 272 -2.642665
262 362 0.543491
263 264 0.623338
263 273 -1.803573
263 363 -1.143663
264 265 1.217094
264 274 -0.853115
264 364 -1.206220
265 266 -0.840868
265 275 -1.164578
265 365 -0.601603
266 267 -0.925039
266 276 -0.543699
266 366 0.409682
267 268 -0.379399
267 277 -0.625903
267 367 0.638578
268 269 -0.000469
268 278 0.436480
268 368 2.087622
269 260 0.329762
269 279 0.922445
269 369 -0.034734
270 271 -0.813116
270 280 -1.374093
270 370 -0.088573
271 272 -1.559113
271 281 -0.235574
271 371 -0.864400
272 273 0.412214
272 282 -0.848342
272 372 0.071647
273 274 -1.247718
273 283 0.477764
273 373 -0.732284
274 275 -0.933862
274 284 1.329996
274 374 -1.007169
275 276 0.178062
275 285 1.139895
275 375 -1.565176
276 277 -0.477054
276 286 1.350762
276 376 0.098642
277 278 0.428655
277 287 -0.315865
277 377 0.473424
278 279 0.778876
278 288 -0.053779
278 378 0.263257
279 270 -2.096433
279 289 1.441094
279 379 0.580974
280 281 -0.309662
280 290 0.808244
280 380 -0.779009
281 282 -1.170186
281 291 -1.022426
281 381 -1.079040
282 283 -0.126848
282 292 -0.514239
282 382 -0.202940
283 284 0.529300
283 293 -0.689358
283 383 -0.560980
284 285 0.437158
284 294 0.437688
284 384 0.407896
285 286 1.362134
285 295 1.335693
285 385 -0.786669
286 287 -0.157299
286 296 0.249448
286 386 -0.051734
287 288 0.304094
287 297 0.782630
287 387 -0.736150
288 289 0.895055
288 298 0.174999
288 388 0.113598
289 280 0.553024
289 299 0.925241
289 389 -0.240881
290 291 0.691132
290 200 -0.345196
290 390 -0.524472
291 292 2.013454
291 201 0.476910
291 391 -2.569391
292 293 1.386157
292 202 0.540199
292 392 0.565221
293 294 -0.243806
293 203 0.652102
293 393 0.188063
294 295 0.344030
294 204 0.342151
294 394 0.061511
295 296 0.976858
295 205 0.341596
295 395 -0.838464
296 297 -1.058650
296 206 1.588710
296 396 1.351408
297 298 0.554231
297 207 -0.032572
297 397 0.339992
298 299 -1.347309
298 208 0.016848
298 398 -0.103989
299 290 0.350956
299 209 0.888314
299 399 0.276846
300 301 1.099935
300 310 1.956609
300 400 -0.145185
301 302 -0.291230
301 311 0.134750
301 401 1.049627
302 303 -0.510172
302 312 1.060050
302 402 -0.586832
303 304 0.707180
303 313 0.228012
303 403 0.037485
304 305 -0.673832
304 314 0.002543
304 404 -0.912340
305 306 -1.021083
305 315 0.522317
305 405 0.795505
306 307 1.488009
306 316 -0.159783
306 406 -0.705769
307 308 -0.436812
307 317 0.549476
307 407 0.055834
308 309 -1.303292
308 318 0.188458
308 408 -0.291125
309 300 0.440938
309 319 0.775081
309 409 0.363966
310 311 -0.011337
310 320 0.494719
310 410 1.475567
311 312 -1.000539
311 321 -0.675295
311 411 -1.061695
312 313 0.092390
312 322 0.694727
312 412 -0.731798
313 314 1.144092
313 323 -0.419751
313 413 -1.072842
314 315 -0.052566
314 324 -0.217466
314 414 1.610622
315 316 0.771767
315 325 0.240160
315 415 -1.832824
316 317 0.015574
316 326 1.033375
316 416 -0.539758
317 318 -0.901372
317 327 -0.646203
317 417 -0.025382
318 319 0.878748
318 328 -0.117674
318 418 -1.060462
319 310 -0.769953
319 329 -0.261837
319 419 1.222840
320 321 -1.929254
320 330 -0.397189
320 420 -1.102452
321 322 -1.491978
321 331 0.956154
321 421 1.007884
322 323 -0.641540
322 332 0.603747
322 422 -0.592697
323 324 0.327636
323 333 -1.881466
323 423 0.800581
324 325 -0.368748
324 334 0.099851
324 424 0.144534
325 326 -0.202075
325 335 0.181619
325 425 1.671409
326 327 0.151227
326 336 0.060667
326 426 -0.198928
327 328 -0.242452
327 337 0.213324
327 427 -0.312750
328 329 1.143596
328 338 0.756499
328 428 -0.150224
329 320 0.782107
329 339 -0.670268
329 429 1.919873
330 331 0.125418
330 340 -2.549098
330 430 0.185820
331 332 -1.030113
331 341 0.399515
331 431 -0.745386
332 333 -0.832955
332 342 0.635872
332 432 0.667321
333 334 -0.339678
333 343 -1.275661
333 433 1.309564
334 335 0.572558
334 344 0.923114
334 434 0.825979
335 336 0.549287
335 345 1.496048
335 435 -0.726856
336 337 2.052171
336 346 0.162491
336 436 0.692487
337 338 -0.121750
337 347 -0.164070
337 437 -0.880030
338 339 0.631535
338 348 -1.228380
338 438 -0.445589
339 330 -0.719287
339 349 0.796572
339 439 -1.209330
340 341 0.243146
340 350 -1.214151
340 440 -0.273482
341 342 -0.109291
341 351 1.381730
341 441 0.842248
342 343 -0.268896
342 352 0.882133
342 442 -0.621540
343 344 -0.479827
343 353 -0.811169
343 443 0.050945
344 345 -0.004700
344 354 -1.701257
344 444 -0.787155
345 346 0.023215
345 355 0.682797
345 445 -1.301172
346 347 0.166000
346 356 -0.369393
346 446 0.315112
347 348 -0.935118
347 357 -1.107954
347 447 -0.985563
348 349 -0.299870
348 358 -1.585073
348 448 -1.993101
349 340 -0.446762
349 359 -0.195499
349 449 -2.698586
350 351 0.311422
350 360 -0.787590
350 450 -0.184977
351 352 0.075723
351 361 -0.213872
351 451 -1.727158
352 353 1.486702
352 362 0.353764
352 452 -1.503431
353 354 -0.060138
353 363 0.478336
353 453 -0.747119
354 355 -1.314043
354 364 -2.609965
354 454 0.240739
355 356 -1.185170
355 365 -0.662285
355 455 -1.636258
356 357 -0.394433
356 366 1.830483
356 456 -0.873738
357 358 1.555443
357 367 0.713246
357 457 1.147429
358 359 -0.309623
358 368 1.189381
358 458 0.493775
359 350 1.628796
359 369 -0.055547
359 459 0.403403
360 361 0.166977
360 370 -0.873646
360 460 0.213195
361 362 -1.883663
361 371 0.115963
361 461 -0.619091
362 363 1.196846
362 372 1.906665
362 462 0.048771
363 364 -0.869442
363 373 0.326048
363 463 -0.042717
364 365 2.062393
364 374 0.029136
364 464 -1.032445
365 366 1.917461
365 375 0.440789
365 465 2.649671
366 367 0.127863
366 376 -0.934687
366 466 0.956313
367 368 0.251110
367 377 -1.164947
367 467 -0.196742
368 369 -1.018801
368 378 -0.405895
368 468 0.437767
369 360 -1.768585
369 379 0.671256
369 469 0.898401
370 371 -1.703926
370 380 -0.580778
370 470 2.984005
371 372 -0.469047
371 381 -2.010426
371 471 -0.816628
372 373 0.506235
372 382 0.529957
372 472 0.811250
373 374 1.458446
373 383 0.191336
373 473 -0.909145
374 375 -0.298341
374 384 -0.738430
374 474 -0.912136
375 376 0.442340
375 385 -0.339203
375 475 1.016096
376 377 -0.588357
376 386 0.540398
376 476 2.265450
377 378 0.226249
377 387 -0.996989
377 477 1.290893
378 379 0.307361
378 388 -0.706167
378 478 0.277309
379 370 0.465496
379 389 -0.943955
379 479 0.335447
380 381 0.833077
380 390 -0.640941
380 480 -0.571023
381 382 1.819393
381 391 0.778758
381 481 -0.419026
382 383 0.399656
382 392 0.197733
382 482 -0.139849
383 384 -0.291927
383 393 1.793289
383 483 0.417780
384 385 1.510715
384 394 0.062706
384 484 -0.284440
385 386 -1.620159
385 395 -0.812668
385 485 -0.528796
386 387 -0.236044
386 396 -0.321443
386 486 1.229554
387 388 -0.859334
387 397 0.161850
387 487 -0.085413
388 389 -0.589857
388 398 1.054356
388 488 0.511098
389 380 0.823788
389 399 -0.514420
389 489 0.961569
390 391 -0.130587
390 300 -0.307874
390 490 -0.697508
391 392 -0.435565
391 301 -1.496845
391 491 -1.887774
392 393 -0.031150
392 302 -0.299296
392 492 0.535036
393 394 -1.488804
393 303 -1.284126
393 493 0.123499
394 395 1.123996
394 304 1.453089
394 494 -0.858785
395 396 0.716183
395 305 -0.274406
395 495 1.303004
396 397 1.833220
396 306 0.172897
396 496 -1.962542
397 398 0.234470
397 307 -1.074281
397 497 0.154712
398 399 -1.039141
398 308 -1.540298
398 498 2.185310
399 390 -0.345553
399 309 0.171890
399 499 0.002460
400 401 -0.227936
400 410 -1.189543
400 500 1.000198
401 402 -0.051092
401 411 -0.958254
401 501 0.427551
402 403 0.767091
402 412 -0.048303
402 502 0.227599
403 404 1.696269
403 413 0.706783
403 503 1.671908
404 405 0.145513
404 414 -0.746519
404 504 -0.222932
405 406 0.350225
405 415 1.102922
405 505 1.032466
406 407 0.626952
406 416 -2.024796
406 506 -0.208613
407 408 -1.414023
407 417 -0.677064
407 507 -1.453768
408 409 -1.392275
408 418 -0.908871
408 508 -0.384778
409 400 -1.344689
409 419 -0.200499
409 509 -0.653091
410 411 -0.603351
410 420 -0.002982
410 510 -0.590000
411 412 -1.779847
411 421 -0.581904
411 511 0.484146
412 413 -1.546427
412 422 1.624121
412 512 -1.542988
413 414 -0.424137
413 423 -2.181420
413 513 -0.509410
414 415 1.217902
414 424 -0.200617
414 514 0.777343
415 416 -0.059777
415 425 1.710744
415 515 -0.687783
416 417 -0.372589
416 426 -0.451429
416 516 0.270856
417 418 -0.346710
417 427 0.590743
417 517 -0.151870
418 419 -0.421459
418 428 -0.029090
418 518 0.679799
419 410 0.585406
419 429 0.976894
419 519 -0.145727
420 421 0.782942
420 430 0.401624
420 520 2.332086
421 422 2.292662
421 431 -2.104496
421 521 -1.109777
422 423 -1.260210
422 432 0.143101
422 522 0.765983
423 424 1.689954
423 433 1.134260
423 523 0.814085
424 425 -0.028432
424 434 -1.067615
424 524 1.235451
425 426 -0.530544
425 435 -0.212482
425 525 1.481689
426 427 -0.758229
426 436 0.964780
426 526 -0.855431
427 428 0.595362
427 437 0.813853
427 527 -0.563090
428 429 0.089905
428 438 -0.446026
428 528 -0.419067
429 420 -0.490382
429 439 0.879197
429 529 1.796787
430 431 -0.090969
430 440 0.225579
430 530 -1.502121
431 432 1.283089
431 441 -1.927725
431 531 1.093004
432 433 1.200806
432 442 -0.230979
432 532 0.567485
433 434 -0.143272
433 443 0.832730
433 533 -0.612927
434 435 0.114514
434 444 -0.444157
434 534 0.883343
435 436 0.351609
435 445 0.487825
435 535 -0.216416
436 437 -1.597074
436 446 -0.148452
436 536 -0.768395
437 438 0.258286
437 447 0.622805
437 537 -0.056258
438 439 0.755597
438 448 0.451385
438 538 0.485796
439 430 0.147735
439 449 -0.568913
439 539 1.919422
440 441 -0.109628
440 450 2.642805
440 540 -1.576235
441 442 -0.351444
441 451 -0.592164
441 541 -0.559365
442 443 0.661838
442 452 0.094646
442 542 -1.495051
443 444 0.799391
443 453 0.274169
443 543 2.013498
444 445 0.598767
444 454 -1.168035
444 544 0.121125
445 446 1.405198
445 455 -0.398244
445 545 -1.422457
446 447 -0.821720
446 456 -1.937020
446 546 -1.310943
447 448 -0.784354
447 457 -0.294914
447 547 0.662801
448 449 -0.051072
448 458 -0.849480
448 548 -0.684548
449 440 -0.281800
449 459 1.045900
449 549 0.118383
450 451 1.142337
450 460 0.909340
450 550 -0.644798
451 452 1.302299
451 461 -0.300565
451 551 0.836063
452 453 0.067833
452 462 -1.151232
452 552 0.030961
453 454 -1.431901
453 463 0.090495
453 553 0.450614
454 455 -0.477427
454 464 -0.302483
454 554 -0.096331
455 456 -1.131893
455 465 -0.072307
455 555 -0.457087
456 457 0.925133
456 466 -0.753701
456 556 0.006784
457 458 -0.522022
457 467 1.103205
457 557 -2.411173
458 459 -0.520140
458 468 0.900113
458 558 -0.996926
459 450 0.323629
459 469 1.711207
459 559 0.260599
460 461 -0.165191
460 470 0.444911
460 560 1.993033
461 462 -0.233097
461 471 1.148352
461 561 -0.450082
462 463 -0.143169
462 472 -1.566421
462 562 0.106637
463 464 -1.701981
463 473 1.198129
463 563 0.334739
464 465 -2.129905
464 474 0.221353
464 564 0.159168
465 466 -0.207795
465 475 0.466496
465 565 0.467303
466 467 1.224854
466 476 -0.247298
466 566 -0.754898
467 468 -0.133589
467 477 0.930820
467 567 -0.517734
468 469 0.615334
468 478 -0.492203
468 568 -1.163905
469 460 0.158420
469 479 -0.859411
469 569 -0.146117
470 471 0.154989
470 480 1.125579
470 570 0.338886
471 472 -1.693551
471 481 0.932962
471 571 -0.438675
472 473 -1.429104
472 482 -0.291971
472 572 0.884560
473 474 1.307973
473 483 0.081048
473 573 0.526948
474 475 -0.435561
474 484 0.099518
474 574 -0.117517
475 476 1.039053
475 485 0.699632
475 575 -1.153845
476 477 1.676016
476 486 -0.172686
476 576 -0.550418
477 478 -0.016190
477 487 -1.467940
477 577 2.098767
478 479 0.091069
478 488 -1.314011
478 578 -0.661261
479 470 1.479530
479 489 0.717169
479 579 0.445270
480 481 -0.217797
480 490 0.948950
480 580 0.598093
481 482 0.774126
481 491 -2.328081
481 581 -0.649399
482 483 -0.979158
482 492 -0.604460
482 582 -1.055886
483 484 0.140143
483 493 -0.513944
483 583 1.391451
484 485 -0.158317
484 494 -0.053865
484 584 -0.316639
485 486 -0.919545
485 495 -0.439327
485 585 0.999469
486 487 1.259728
486 496 -1.644517
486 586 2.207942
487 488 0.517341
487 497 0.715634
487 587 -1.194528
488 489 0.381339
488 498 1.346431
488 588 1.499741
489 480 0.252693
489 499 1.185996
489 589 -0.087315
490 491 1.114044
490 400 -1.283647
490 590 -0.051298
491 492 -0.260050
491 401 -0.410675
491 591 1.352815
492 493 3.109014
492 402 0.012630
492 592 -0.692089
493 494 0.963282
493 403 -0.534283
493 593 1.474298
494 495 0.078145
494 404 2.403803
494 594 -1.885160
495 496 0.506164
495 405 -0.250422
495 595 -1.178737
496 497 -0.542666
496 406 -0.138264
496 596 -0.821661
497 498 -1.607392
497 407 -0.433830
497 597 -1.501501
498 499 2.237174
498 408 -0.779683
498 598 0.399343
499 490 -0.043550
499 409 0.778798
499 599 -0.732742
500 501 0.027169
500 510 -0.407713
500 600 0.020792
501 502 1.036012
501 511 2.568240
501 601 -0.054560
502 503 1.438775
502 512 1.907508
502 602 -0.422186
503 504 1.054871
503 513 2.279096
503 603 0.229521
504 505 -0.070270
504 514 -0.516407
504 604 -0.681738
505 506 -0.505465
505 515 -1.683943
505 605 -0.122641
506 507 -0.019343
506 516 -0.620976
506 606 -0.516983
507 508 0.509844
507 517 -0.243782
507 607 0.281489
508 509 0.858368
508 518 -0.181181
508 608 -0.088182
509 500 0.174145
509 519 -1.346067
509 609 0.424041
510 511 -0.268844
510 520 0.957654
510 610 -0.723398
511 512 1.077693
511 521 -0.968682
511 611 0.394444
512 513 -0.868985
512 522 -0.280030
512 612 0.161197
513 514 0.129405
513 523 0.038210
513 613 -0.895814
514 515 -0.123813
514 524 1.363270
514 614 2.169004
515 516 1.462988
515 525 0.672725
515 615 -0.406532
516 517 0.697735
516 526 0.376143
516 616 1.444409
517 518 0.238287
517 527 -0.169326
517 617 0.560665
518 519 1.549844
518 528 -0.821975
518 618 0.132668
519 510 0.885776
519 529 1.460643
519 619 0.846460
520 521 1.615986
520 530 1.959060
520 620 -1.213301
521 522 -0.329492
521 531 1.586347
521 621 -0.994824
522 523 1.559729
522 532 -0.799382
522 622 -1.893321
523 524 -1.495594
523 533 -0.953066
523 623 -0.112775
524 525 0.315468
524 534 -0.675511
524 624 -0.601916
525 526 0.722395
525 535 -1.575085
525 625 0.526082
526 527 1.067393
526 536 0.677522
526 626 0.844089
527 528 -0.805188
527 537 2.546731
527 627 0.040208
528 529 -0.409824
528 538 0.697739
528 628 1.818346
529 520 1.059822
529 539 -0.069646
529 629 1.079300
530 531 -0.189273
530 540 0.099225
530 630 -0.997085
531 532 -1.023316
531 541 2.147972
531 631 1.690286
532 533 0.226264
532 542 0.723062
532 632 -0.783790
533 534 1.199504
533 543 -1.375554
533 633 -1.510754
534 535 0.824719
534 544 0.790053
534 634 0.064029
535 536 0.812127
535 545 -0.376367
535 635 0.211431
536 537 -1.387928
536 546 -0.621092
536 636 1.215776
537 538 -0.017913
537 547 2.142896
537 637 -3.252118
538 539 1.570463
538 548 1.562972
538 638 1.291395
539 530 0.322130
539 549 -0.205264
539 639 0.572330
540 541 0.434864
540 550 -0.885849
540 640 0.383936
541 542 -2.255356
541 551 1.078539
541 641 -0.376107
542 543 0.378881
542 552 -1.249684
542 642 -1.411564
543 544 -0.846813
543 553 0.264306
543 643 -0.642724
544 545 1.287960
544 554 0.575304
544 644 -1.396536
545 546 -1.229291
545 555 1.458799
545 645 -0.260198
546 547 -1.564819
546 556 -0.839610
546 646 0.671857
547 548 -0.482571
547 557 -0.471755
547 647 0.234904
548 549 1.740678
548 558 0.979712
548 648 -0.207393
549 540 1.190200
549 559 -0.068327
549 649 0.379199
550 551 -0.657851
550 560 1.484105
550 650 -0.862810
551 552 0.108175
551 561 -1.684358
551 651 -1.559539
552 553 0.294252
552 562 -1.127869
552 652 -2.331987
553 554 -1.131289
553 563 -0.782579
553 653 -1.306476
554 555 -0.667958
554 564 -0.346730
554 654 0.315794
555 556 -0.651610
555 565 0.387000
555 655 0.831081
556 557 -1.674885
556 566 0.769503
556 656 1.086734
557 558 -0.515983
557 567 -1.852498
557 657 1.144268
558 559 0.223073
558 568 0.867751
558 658 0.197708
559 550 -1.250284
559 569 -0.578672
559 659 -0.456632
560 561 -0.492290
560 570 0.394393
560 660 -0.704749
561 562 -0.120982
561 571 0.636860
561 661 1.534753
562 563 1.200600
562 572 0.900347
562 662 -2.111131
563 564 0.022081
563 573 1.986223
563 663 -1.661182
564 565 1.556826
564 574 0.248616
564 664 -1.083095
565 566 -0.458215
565 575 -0.488969
565 665 -0.489031
566 567 -0.111068
566 576 -0.350830
566 666 2.466212
567 568 -0.766599
567 577 -0.867618
567 667 -2.984556
568 569 0.180488
568 578 -1.804909
568 668 -1.098199
569 560 1.156300
569 579 2.946945
569 669 0.034521
570 571 -0.022810
570 580 1.471785
570 670 1.673263
571 572 -0.122578
571 581 -1.112155
571 671 1.703917
572 573 -0.972947
572 582 -0.431595
572 672 0.984115
573 574 0.743901
573 583 0.486793
573 673 -0.643547
574 575 0.260646
574 584 -0.706559
574 674 1.120284
575 576 -1.853976
575 585 0.292405
575 675 0.192109
576 577 -0.019746
576 586 -0.145495
576 676 -0.121129
577 578 1.493368
577 587 -0.207094
577 677 -0.464678
578 579 0.711007
578 588 -1.589749
578 678 0.713300
579 570 0.649281
579 589 -0.909340
579 679 1.199510
580 581 -0.979533
580 590 2.065458
580 680 1.966290
581 582 0.128228
581 591 -0.241805
581 681 0.989123
582 583 -0.629470
582 592 0.862104
582 682 1.684462
583 584 -0.677749
583 593 -0.961338
583 683 0.016008
584 585 0.774151
584 594 1.192431
584 684 -0.078855
585 586 -1.520177
585 595 -0.870225
585 685 0.518482
586 587 0.241438
586 596 -1.141143
586 686 1.978079
587 588 0.666742
587 597 0.877091
587 687 2.395536
588 589 -1.353529
588 598 1.418930
588 688 -0.652859
589 580 0.193538
589 599 -0.354125
589 689 0.277508
590 591 0.078807
590 500 -0.486635
590 690 1.776094
591 592 -0.033717
591 501 0.420419
591 691 -0.657706
592 593 0.231982
592 502 -0.187858
592 692 1.210484
593 594 -0.956700
593 503 0.532742
593 693 1.742808
594 595 -1.427512
594 504 1.715903
594 694 0.927424
595 596 -1.088566
595 505 0.155577
595 695 0.314947
596 597 -1.426239
596 506 0.567849
596 696 -0.903013
597 598 -0.983097
597 507 0.898895
597 697 -0.623631
598 599 -1.964593
598 508 1.297084
598 698 -0.378271
599 590 -1.830921
599 509 0.083444
599 699 1.444550
600 601 0.247278
600 610 -0.913658
600 700 -1.348274
601 602 -0.988630
601 611 0.385136
601 701 0.511159
602 603 1.118633
602 612 -0.230311
602 702 -0.446057
603 604 0.623678
603 613 -0.826014
603 703 -0.908072
604 605 0.937057
604 614 -2.379448
604 704 1.076325
605 606 -0.343141
605 615 0.387561
605 705 -0.892810
606 607 0.354413
606 616 0.585668
606 706 0.156980
607 608 -1.374366
607 617 0.425824
607 707 2.686711
608 609 -0.551361
608 618 2.194090
608 708 0.587236
609 600 -0.608380
609 619 1.024745
609 709 1.452229
610 611 -0.306182
610 620 -0.697154
610 710 -1.582282
611 612 1.004302
611 621 -1.202376
611 711 -1.990271
612 613 -0.681856
612 622 0.135834
612 712 -1.385032
613 614 0.142108
613 623 1.168216
613 713 0.266568
614 615 -2.946943
614 624 -1.267309
614 714 -0.509032
615 616 -0.319912
615 625 -0.579475
615 715 1.786771
616 617 -0.286043
616 626 2.020985
616 716 0.457233
617 618 0.582600
617 627 -0.178993
617 717 0.060130
618 619 1.439016
618 628 -1.003345
618 718 -1.021186
619 610 1.008856
619 629 -0.835385
619 719 0.627256
620 621 -2.936358
620 630 1.489975
620 720 -1.955253
621 622 0.921015
621 631 -2.078928
621 721 -1.602217
622 623 -1.172286
622 632 -1.059975
622 722 0.651200
623 624 0.287848
623 633 -1.591776
623 723 -1.363030
624 625 0.800844
624 634 -1.187746
624 724 1.162319
625 626 -0.481397
625 635 0.102873
625 725 -0.721593
626 627 -0.107562
626 636 1.422066
626 726 0.958646
627 628 -0.275834
627 637 0.720054
627 727 -0.123198
628 629 0.710075
628 638 2.313177
628 728 -2.102692
629 620 -1.115226
629 639 -1.331585
629 729 -0.981823
630 631 -2.510869
630 640 -0.933880
630 730 0.377626
631 632 -1.159450
631 641 -1.411907
631 731 -0.945988
632 633 2.381183
632 642 0.741810
632 732 1.480127
633 634 -0.603256
633 643 0.095978
633 733 0.779358
634 635 0.582665
634 644 0.193293
634 734 2.132960
635 636 1.553501
635 645 -0.163136
635 735 1.550931
636 637 -0.137855
636 646 -0.339728
636 736 0.255713
637 638 1.790631
637 647 0.032347
637 737 -1.462188
638 639 0.407208
638 648 -0.664317
638 738 0.092529
639 630 -0.117578
639 649 0.536776
639 739 0.647198
640 641 1.067287
640 650 0.766513
640 740 -0.477184
641 642 0.024346
641 651 0.628140
641 741 1.732958
642 643 0.689610
642 652 -0.094686
642 742 0.868553
643 644 0.095671
643 653 1.719039
643 743 -1.756275
644 645 -1.090975
644 654 1.031593
644 744 -1.500806
645 646 -2.569550
645 655 1.538910
645 745 -0.551738
646 647 -1.371409
646 656 1.728405
646 746 -1.795909
647 648 -1.179031
647 657 0.305779
647 747 0.263506
648 649 -2.384841
648 658 -1.497453
648 748 1.375945
649 640 -0.735334
649 659 -0.411235
649 749 0.331740
650 651 0.001481
650 660 -0.527713
650 750 -0.466258
651 652 1.624247
651 661 0.970877
651 751 3.077850
652 653 -0.710740
652 662 0.704841
652 752 1.840814
653 654 -0.997964
653 663 0.421428
653 753 0.592685
654 655 -0.091063
654 664 0.069907
654 754 -0.942139
655 656 0.758099
655 665 1.087370
655 755 0.024462
656 657 -0.122272
656 666 -0.177920
656 756 0.208062
657 658 -0.489702
657 667 0.916426
657 757 -0.832326
658 659 -0.574197
658 668 1.944615
658 758 0.236454
659 650 1.332907
659 669 0.459273
659 759 0.448384
660 661 -1.340497
660 670 1.758567
660 760 0.510486
661 662 1.295842
661 671 1.486440
661 761 1.113795
662 663 2.679603
662 672 -0.587595
662 762 -0.167337
663 664 0.820198
663 673 -2.497158
663 763 0.719503
664 665 -1.967511
664 674 0.700727
664 764 0.731015
665 666 -1.050405
665 675 0.239084
665 765 0.954002
666 667 1.087246
666 676 -0.772113
666 766 -1.142430
667 668 -1.363929
667 677 -0.351058
667 767 -0.213861
668 669 0.584607
668 678 -0.122073
668 768 -0.622353
669 660 0.773643
669 679 -1.325948
669 769 1.369434
670 671 -0.005080
670 680 0.222297
670 770 -1.793130
671 672 1.394916
671 681 -0.084369
671 771 0.520356
672 673 0.781243
672 682 0.717090
672 772 0.545988
673 674 0.640537
673 683 0.439628
673 773 1.202201
674 675 -0.675119
674 684 0.140671
674 774 -1.165610
675 676 0.011885
675 685 0.922915
675 775 0.021377
676 677 0.204737
676 686 -0.265932
676 776 1.090708
677 678 2.081008
677 687 0.694441
677 777 -0.600724
678 679 -0.760437
678 688 -0.075252
678 778 1.170505
679 670 1.023184
679 689 -0.491469
679 779 -1.175328
680 681 -0.384534
680 690 -1.678410
680 780 -0.352165
681 682 -0.008775
681 691 0.042422
681 781 -0.472267
682 683 0.347222
682 692 0.459793
682 782 -0.730088
683 684 1.833595
683 693 -1.532855
683 783 0.204901
684 685 -0.216419
684 694 -0.941672
684 784 0.670859
685 686 -0.086269
685 695 0.437464
685 785 -0.095636
686 687 -0.548745
686 696 -0.178039
686 786 -2.004027
687 688 0.092039
687 697 -1.354266
687 787 0.184555
688 689 0.611615
688 698 -0.680925
688 788 0.324836
689 680 0.605618
689 699 0.326622
689 789 1.147719
690 691 -0.454135
690 600 -1.333580
690 790 -0.957716
691 692 0.500038
691 601 -1.370508
691 791 -2.508958
692 693 -1.198108
692 602 0.155108
692 792 0.451216
693 694 0.062588
693 603 -1.517534
693 793 0.248526
694 695 -1.049780
694 604 1.761227
694 794 1.941280
695 696 0.219794
695 605 1.064831
695 795 1.132334
696 697 -1.246622
696 606 1.958709
696 796 0.607263
697 698 0.195030
697 607 -2.166471
697 797 0.319393
698 699 -0.147673
698 608 -0.928190
698 798 -0.798173
699 690 -0.296685
699 609 2.876913
699 799 0.975354
700 701 1.242703
700 710 -0.067988
700 800 -0.909955
701 702 -0.787348
701 711 -0.428876
701 801 0.814699
702 703 -0.536975
702 712 1.173260
702 802 1.961089
703 704 0.207195
703 713 -0.425432
703 803 -0.849994
704 705 1.694143
704 714 -0.799357
704 804 0.220000
705 706 0.113066
705 715 0.374675
705 805 0.456937
706 707 -0.218186
706 716 -0.105080
706 806 -0.644629
707 708 -1.257966
707 717 1.945630
707 807 -0.544086
708 709 1.720920
708 718 1.571994
708 808 0.007560
709 700 0.875228
709 719 -0.077581
709 809 0.323088
710 711 -1.111897
710 720 -0.826443
710 810 -0.226799
711 712 0.326232
711 721 -1.112284
711 811 0.983824
712 713 -0.278964
712 722 1.661321
712 812 0.639254
713 714 0.706037
713 723 -2.816401
713 813 0.355283
714 715 -1.278726
714 724 0.253871
714 814 -2.030758
715 716 -2.141866
715 725 1.613010
715 815 -0.329273
716 717 -0.451386
716 726 2.211586
716 816 0.084248
717 718 1.610635
717 727 -0.912378
717 817 -0.124086
718 719 -0.681282
718 728 -0.272660
718 818 0.601530
719 710 -1.297255
719 729 0.664367
719 819 0.129189
720 721 0.523337
720 730 -0.026755
720 820 -1.275237
721 722 1.057269
721 731 0.768756
721 821 2.167687
722 723 0.430117
722 732 0.563778
722 822 1.572959
723 724 -0.719483
723 733 -0.266592
723 823 0.800600
724 725 -1.246996
724 734 0.344171
724 824 1.759775
725 726 1.123167
725 735 -0.654790
725 825 -0.596328
726 727 -1.469420
726 736 1.156857
726 826 1.058418
727 728 -0.159263
727 737 -0.001472
727 827 -2.371528
728 729 -0.143547
728 738 0.537888
728 828 0.827398
729 720 0.663866
729 739 -0.497817
729 829 -1.764806
730 731 0.528326
730 740 1.524052
730 830 -0.010352
731 732 -1.377296
731 741 -0.688593
731 831 0.024395
732 733 1.253165
732 742 -1.418215
732 832 -0.076100
733 734 0.599338
733 743 -1.322697
733 833 1.936774
734 735 0.429444
734 744 -1.051371
734 834 1.012368
735 736 -0.260478
735 745 -0.544091
735 835 -1.729814
736 737 0.004552
736 746 -0.807734
736 836 0.732534
737 738 -0.489732
737 747 -0.606324
737 837 -0.750850
738 739 -0.301374
738 748 -0.054630
738 838 0.079428
739 730 -1.207679
739 749 -2.395400
739 839 0.428995
740 741 -0.425043
740 750 -0.348738
740 840 1.448171
741 742 0.287976
741 751 -0.583914
741 841 -1.304160
742 743 0.343662
742 752 -1.061086
742 842 0.101425
743 744 0.021929
743 753 0.103228
743 843 0.484753
744 745 0.691086
744 754 0.210433
744 844 -1.517375
745 746 1.570905
745 755 -0.024103
745 845 -1.326763
746 747 -1.313311
746 756 1.350170
746 846 -0.251303
747 748 2.569872
747 757 0.399786
747 847 -0.596207
748 749 0.146649
748 758 -1.264072
748 848 0.174321
749 740 -1.580650
749 759 -0.909221
749 849 2.043327
750 751 1.163084
750 760 -0.805197
750 850 -1.095207
751 752 1.255025
751 761 0.577222
751 851 -1.402080
752 753 1.202806
752 762 -0.308047
752 852 -0.332926
753 754 -0.553758
753 763 -0.417849
753 853 -0.861130
754 755 1.183015
754 764 2.372195
754 854 0.457332
755 756 0.178704
755 765 1.448351
755 855 -0.310600
756 757 0.951167
756 766 -0.020934
756 856 -0.299908
757 758 -0.580617
757 767 1.870212
757 857 -2.111961
758 759 0.373647
758 768 1.627006
758 858 -1.726861
759 750 1.850997
759 769 -0.244534
759 859 0.120594
760 761 0.698306
760 770 1.291381
760 860 1.137563
761 762 0.100871
761 771 1.334039
761 861 0.940155
762 763 0.707746
762 772 -0.740724
762 862 -0.082731
763 764 -0.467815
763 773 -0.816707
763 863 0.041872
764 765 0.645285
764 774 -0.837411
764 864 0.002664
765 766 -2.014754
765 775 -0.660847
765 865 -2.371929
766 767 1.123064
766 776 0.364326
766 866 -1.133652
767 768 0.786536
767 777 0.117388
767 867 -0.890172
768 769 0.970314
768 778 0.793227
768 868 0.537236
769 760 0.693460
769 779 0.217562
769 869 0.342088
770 771 -1.268144
770 780 -0.794092
770 870 -1.333643
771 772 -1.541854
771 781 -0.220988
771 871 -1.217829
772 773 -1.589020
772 782 0.628873
772 872 -0.834234
773 774 -1.983607
773 783 0.690852
773 873 2.237892
774 775 0.666280
774 784 -0.104092
774 874 0.749790
775 776 0.616925
775 785 -0.366606
775 875 0.264742
776 777 -0.005724
776 786 1.689466
776 876 -1.102329
777 778 -0.371765
777 787 -1.813894
777 877 -1.021499
778 779 -0.042762
778 788 0.652583
778 878 1.118309
779 770 0.865175
779 789 -1.778772
779 879 -2.155211
780 781 0.945238
780 790 0.801815
780 880 -0.128116
781 782 -0.650076
781 791 -1.606663
781 881 -0.685861
782 783 -1.586468
782 792 -0.007475
782 882 1.946970
783 784 -0.941049
783 793 -0.805176
783 883 -0.084929
784 785 -1.406289
784 794 1.241606
784 884 1.576713
785 786 -1.495228
785 795 -0.653520
785 885 -0.415421
786 787 -0.300091
786 796 -0.196692
786 886 1.999037
787 788 0.688583
787 797 0.441614
787 887 2.354692
788 789 -0.450946
788 798 -0.371204
788 888 -0.218670
789 780 1.825514
789 799 1.091735
789 889 0.278059
790 791 1.667007
790 700 0.608913
790 890 1.976444
791 792 0.947510
791 701 -0.620793
791 891 1.019403
792 793 0.678148
792 702 1.682003
792 892 0.272559
793 794 0.285449
793 703 -2.002357
793 893 -0.503129
794 795 0.338271
794 704 0.125951
794 894 0.429479
795 796 -1.008607
795 705 0.209866
795 895 -0.609021
796 797 -1.229456
796 706 -0.338396
796 896 -0.072749
797 798 -1.068260
797 707 -0.259051
797 897 0.296230
798 799 -0.199025
798 708 -0.073422
798 898 -1.627230
799 790 0.020604
799 709 -0.418025
799 899 1.878672
800 801 0.206343
800 810 1.188275
800 900 -1.159825
801 802 -0.777727
801 811 0.071945
801 901 -0.746894
802 803 1.047400
802 812 1.145405
802 902 -0.770845
803 804 0.698908
803 813 0.642864
803 903 0.014209
804 805 1.263902
804 814 -0.433759
804 904 0.159285
805 806 1.083529
805 815 -0.332406
805 905 1.468156
806 807 0.201838
806 816 1.159449
806 906 1.956698
807 808 0.268113
807 817 -0.578356
807 907 1.229136
808 809 0.131878
808 818 0.485838
808 908 0.392160
809 800 0.316995
809 819 -0.326830
809 909 0.026391
810 811 1.533139
810 820 0.072224
810 910 0.560377
811 812 0.129198
811 821 -0.845982
811 911 0.401967
812 813 2.073142
812 822 -0.051688
812 912 0.588848
813 814 0.889018
813 823 0.602405
813 913 1.494110
814 815 -0.404597
814 824 1.530273
814 914 -1.749961
815 816 2.130232
815 825 -0.755936
815 915 1.461456
816 817 0.043047
816 826 -0.445217
816 916 0.794610
817 818 -0.996542
817 827 0.576420
817 917 -1.526999
818 819 -0.924282
818 828 -0.225285
818 918 1.345090
819 810 -0.264624
819 829 0.974283
819 919 0.123994
820 821 0.677740
820 830 0.032816
820 920 -0.889005
821 822 0.080310
821 831 -0.375902
821 921 0.093600
822 823 1.061631
822 832 0.236277
822 922 -1.486658
823 824 0.705135
823 833 2.334490
823 923 -0.390187
824 825 2.085276
824 834 0.614124
824 924 0.922788
825 826 -1.533505
825 835 -0.930851
825 925 -0.892725
826 827 3.134414
826 836 -0.335801
826 926 -1.993684
827 828 -0.906703
827 837 -0.029199
827 927 -0.770319
828 829 -1.092290
828 838 -0.344716
828 928 -0.667545
829 820 -0.018845
829 839 -0.193881
829 929 -0.762202
830 831 -0.039687
830 840 0.857649
830 930 0.374287
831 832 -1.745440
831 841 -1.515963
831 931 -1.937233
832 833 0.458100
832 842 -1.131432
832 932 0.993717
833 834 -2.022599
833 843 2.811724
833 933 0.811597
834 835 0.461401
834 844 0.358360
834 934 -2.822357
835 836 -0.873693
835 845 -1.149673
835 935 -2.104521
836 837 0.012427
836 846 -0.897234
836 936 -1.099085
837 838 -1.710081
837 847 -1.057816
837 937 -1.496600
838 839 -2.432687
838 848 -1.225987
838 938 -0.044785
839 830 -2.363888
839 849 0.009423
839 939 -2.271032
840 841 0.002093
840 850 -0.431801
840 940 -0.707179
841 842 -0.401693
841 851 0.485899
841 941 -0.630276
842 843 1.283504
842 852 -1.144059
842 942 -0.005928
843 844 -0.481090
843 853 0.882315
843 943 0.429725
844 845 -0.702123
844 854 1.822070
844 944 1.828650
845 846 0.579934
845 855 0.029586
845 945 -0.175854
846 847 -0.540301
846 856 1.247249
846 946 -0.996725
847 848 -1.527751
847 857 -1.551092
847 947 1.037931
848 849 -0.471089
848 858 -1.047106
848 948 -1.111220
849 840 -0.452243
849 859 0.864888
849 949 0.828854
850 851 -1.328171
850 860 -0.795496
850 950 0.663527
851 852 1.755957
851 861 -2.162529
851 951 -0.330151
852 853 -0.276563
852 862 2.217252
852 952 0.244281
853 854 1.066031
853 863 -0.532055
853 953 0.750974
854 855 -0.123041
854 864 -2.160390
854 954 0.649347
855 856 -0.556409
855 865 0.334058
855 955 0.666829
856 857 0.148522
856 866 -0.066623
856 956 -0.497159
857 858 -0.837756
857 867 -2.332912
857 957 -0.985135
858 859 -1.052277
858 868 -0.891202
858 958 1.735852
859 850 -0.188860
859 869 0.555409
859 959 0.520535
860 861 0.007524
860 870 0.794816
860 960 0.150583
861 862 0.086935
861 871 0.747574
861 961 -0.236831
862 863 -0.437158
862 872 -0.056339
862 962 -1.099321
863 864 -0.555308
863 873 -0.730427
863 963 0.367162
864 865 1.514075
864 874 -0.645704
864 964 0.749453
865 866 -0.656721
865 875 -0.095151
865 965 -2.372725
866 867 -0.792474
866 876 -1.741905
866 966 -1.505583
867 868 -1.542849
867 877 -1.393027
867 967 -1.251114
868 869 0.962036
868 878 0.421718
868 968 -0.891717
869 860 -2.884425
869 879 0.221882
869 969 1.612090
870 871 -1.017102
870 880 0.550879
870 970 1.515496
871 872 0.861283
871 881 0.077925
871 971 0.035576
872 873 -1.436093
872 882 -2.788497
872 972 0.991035
873 874 -1.020180
873 883 -0.435589
873 973 -0.560818
874 875 1.231195
874 884 -0.973659
874 974 0.627891
875 876 -1.073532
875 885 -0.438522
875 975 -0.560351
876 877 0.713333
876 886 -0.210182
876 976 -0.630382
877 878 -0.087160
877 887 -0.141395
877 977 -0.751617
878 879 -0.082611
878 888 -0.068449
878 978 1.291310
879 870 -1.052726
879 889 0.210556
879 979 -1.127463
880 881 0.989408
880 890 1.142007
880 980 0.011279
881 882 0.911004
881 891 -0.279170
881 981 1.317706
882 883 -0.769846
882 892 -0.035126
882 982 -0.061713
883 884 1.491516
883 893 -0.669715
883 983 0.353057
884 885 -0.214957
884 894 -0.697080
884 984 -0.199377
885 886 -1.117356
885 895 -0.600275
885 985 0.877503
886 887 1.059616
886 896 0.153573
886 986 -0.629124
887 888 1.319365
887 897 0.651122
887 987 0.024337
888 889 -0.427640
888 898 -1.019803
888 988 0.003835
889 880 0.139988
889 899 -0.712993
889 989 -0.684271
890 891 -0.724039
890 800 -0.389854
890 990 2.312365
891 892 0.795901
891 801 -0.865148
891 991 -1.803508
892 893 -1.980252
892 802 0.391964
892 992 -0.198921
893 894 -0.208633
893 803 -0.526110
893 993 0.200598
894 895 -0.574540
894 804 0.588382
894 994 0.426776
895 896 0.191612
895 805 0.407724
895 995 -0.330227
896 897 -1.022830
896 806 -0.399852
896 996 0.057940
897 898 -0.812466
897 807 -0.201464
897 997 0.137082
898 899 -0.232198
898 808 0.142708
898 998 -3.122312
899 890 0.174867
899 809 0.948003
899 999 -0.312064
900 901 0.681620
900 910 -0.021902
900 0 -0.455445
901 902 -0.260810
901 911 0.959241
901 1 -0.426296
902 903 -1.302719
902 912 -0.188432
902 2 -1.659483
903 904 1.067278
903 913 0.814100
903 3 -0.045794
904 905 0.015267
904 914 -0.562475
904 4 0.711576
905 906 -0.711087
905 915 -1.107322
905 5 -0.057484
906 907 0.666688
906 916 -0.570132
906 6 0.568833
907 908 -0.912042
907 917 -0.272879
907 7 -0.033417
908 909 0.762291
908 918 -0.276814
908 8 -1.673726
909 900 -1.195920
909 919 -0.170366
909 9 1.428453
910 911 0.331408
910 920 -0.598234
910 10 -0.322282
911 912 1.046335
911 921 0.048041
911 11 -0.184473
912 913 -0.642880
912 922 0.139867
912 12 1.333926
913 914 -2.237901
913 923 -0.466002
913 13 -1.341948
914 915 -0.039604
914 924 0.976608
914 14 -0.722146
915 916 0.271655
915 925 -0.605812
915 15 0.662335
916 917 1.715735
916 926 -0.812522
916 16 1.661305
917 918 -0.935614
917 927 -1.381906
917 17 0.452061
918 919 -0.557373
918 928 2.323811
918 18 -1.524175
919 910 0.043900
919 929 -0.551865
919 19 -0.533526
920 921 -0.805332
920 930 -0.058633
920 20 -0.464567
921 922 1.155997
921 931 2.302360
921 21 -0.382031
922 923 0.437973
922 932 -0.854472
922 22 -0.149350
923 924 -2.875000
923 933 0.419968
923 23 -2.321531
924 925 0.027375
924 934 0.588384
924 24 -0.155913
925 926 0.996856
925 935 -1.172666
925 25 1.105903
926 927 1.070447
926 936 -1.467097
926 26 -0.131267
927 928 -1.632506
927 937 -0.468356
927 27 0.862057
928 929 -1.078572
928 938 -0.185647
928 28 -0.492990
929 920 -1.968228
929 939 2.829206
929 29 0.199467
930 931 -1.318088
930 940 -0.208049
930 30 -0.555474
931 932 -0.378267
931 941 0.758941
931 31 -0.544378
932 933 1.398282
932 942 -0.527822
932 32 -0.807723
933 934 -0.409756
933 943 0.191026
933 33 -0.063399
934 935 0.414306
934 944 0.514933
934 34 -0.479862
935 936 -2.819575
935 945 1.257189
935 35 0.463268
936 937 -1.267724
936 946 -0.377165
936 36 -0.705837
937 938 -2.317868
937 947 1.001652
937 37 -0.370247
938 939 -1.237169
938 948 -1.217902
938 38 0.022494
939 930 -1.535198
939 949 -0.141164
939 39 -0.730821
940 941 -0.764627
940 950 2.022520
940 40 0.925212
941 942 -1.115590
941 951 -0.927078
941 41 0.026285
942 943 1.531835
942 952 -1.700403
942 42 0.419135
943 944 -0.497231
943 953 0.285943
943 43 0.731005
944 945 -1.745326
944 954 0.242153
944 44 0.976746
945 946 0.718215
945 955 -2.563335
945 45 -0.958418
946 947 0.359809
946 956 1.059742
946 46 -0.439901
947 948 0.514083
947 957 -0.025771
947 47 -3.339669
948 949 0.560337
948 958 0.859376
948 48 -0.456313
949 940 1.468802
949 959 -0.695067
949 49 -1.597490
950 951 -0.431672
950 960 -1.390530
950 50 0.564060
951 952 -0.039280
951 961 0.560472
951 51 -0.893649
952 953 -1.407353
952 962 0.350732
952 52 0.310780
953 954 1.323228
953 963 -0.728754
953 53 -0.303557
954 955 -0.952270
954 964 -0.967126
954 54 -0.826895
955 956 1.985213
955 965 0.260530
955 55 0.387544
956 957 -0.348130
956 966 0.629114
956 56 -0.465122
957 958 0.564045
957 967 -0.306880
957 57 -0.907085
958 959 0.205394
958 968 1.143726
958 58 1.626754
959 950 0.934727
959 969 -0.271719
959 59 0.603793
960 961 -0.595009
960 970 1.431031
960 60 -2.822919
961 962 0.664480
961 971 -0.755509
961 61 1.130411
962 963 0.255631
962 972 0.555992
962 62 1.443065
963 964 -0.518921
963 973 -0.045999
963 63 -0.428076
964 965 1.060922
964 974 0.283974
964 64 0.179726
965 966 0.107226
965 975 -0.983237
965 65 -0.135670
966 967 1.665950
966 976 -0.869450
966 66 -0.173868
967 968 1.005780
967 977 -1.017177
967 67 0.697906
968 969 0.730290
968 978 1.181146
968 68 0.506996
969 960 -0.092562
969 979 -0.734543
969 69 -1.150689
970 971 -1.312410
970 980 -2.095522
970 70 0.612833
971 972 0.648564
971 981 -1.386469
971 71 1.327649
972 973 -0.807671
972 982 -0.054013
972 72 -0.593097
973 974 -0.755795
973 983 0.785025
973 73 0.677678
974 975 -1.120538
974 984 0.339810
974 74 1.392879
975 976 0.175036
975 985 -2.335095
975 75 0.920728
976 977 0.706183
976 986 -1.310371
976 76 -0.712584
977 978 1.024174
977 987 -1.986488
977 77 -0.375478
978 979 -0.150028
978 988 -0.129101
978 78 0.150953
979 970 -0.493969
979 989 0.830615
979 79 0.116389
980 981 -0.630659
980 990 0.000165
980 80 1.511830
981 982 1.237102
981 991 3.574903
981 81 -0.008118
982 983 -0.221976
982 992 1.179181
982 82 0.390997
983 984 -0.584867
983 993 0.436538
983 83 -0.801936
984 985 -0.533309
984 994 -1.841555
984 84 1.317778
985 986 -0.615844
985 995 -0.904995
985 85 1.691634
986 987 -0.457720
986 996 -1.238977
986 86 0.584522
987 988 0.229130
987 997 1.644067
987 87 -1.261126
988 989 -0.258303
988 998 -1.471039
988 88 0.647231
989 980 0.079730
989 999 0.238440
989 89 -1.376027
990 991 -0.468541
990 900 -0.656083
990 90 0.256397
991 992 0.560220
991 901 -0.186920
991 91 0.259057
992 993 -0.390204
992 902 -0.497429
992 92 0.636693
993 994 -0.510959
993 903 -0.521594
993 93 -2.126515
994 995 -0.206548
994 904 1.594908
994 94 -0.446992
995 996 -0.574000
995 905 0.409822
995 95 0.868061
996 997 -0.349554
996 906 0.653454
996 96 0.058548
997 998 -0.123241
997 907 -0.577830
997 97 0.274234
998 999 -0.649110
998 908 -1.126788
998 98 0.715828
999 990 -0.682724
999 909 -0.825199
999 99 -0.075846
