0 1 0.685646
0 10 1.741536
0 100 0.389954
1 2 -0.024863
1 11 -0.306651
1 101 0.951132
2 3 0.279983
2 12 0.609788
2 102 -0.722901
3 4 1.298708
3 13 -0.065880
3 103 -0.905692
4 5 -1.080724
4 14 -1.872291
4 104 0.767185
5 6 1.483993
5 15 -0.433204
5 105 -0.923636
6 7 1.152476
6 16 0.693229
6 106 0.937113
7 8 -1.509894
7 17 -0.279695
7 107 -0.384044
8 9 1.150581
8 18 -0.916180
8 108 2.215017
9 0 0.055395
9 19 -0.646486
9 109 -0.442083
10 11 0.212043
10 20 0.580881
10 110 1.100083
11 12 0.365937
11 21 1.344924
11 111 -0.126711
12 13 -1.253173
12 22 1.118333
12 112 -0.503730
13 14 0.125807
13 23 -1.648199
13 113 -0.428114
14 15 0.666681
14 24 -1.315982
14 114 1.271325
15 16 0.304039
15 25 -0.319108
15 115 0.311663
16 17 -0.504909
16 26 -2.427069
16 116 0.453547
17 18 -0.602741
17 27 0.538571
17 117 0.944902
18 19 -1.185950
18 28 -0.052868
18 118 -1.540936
19 10 1.661197
19 29 0.491474
19 119 -0.342183
20 21 -1.546174
20 30 0.064519
20 120 0.544235
21 22 -1.933177
21 31 0.014188
21 121 0.862628
22 23 0.151026
22 32 0.272111
22 122 0.783572
23 24 -1.009102
23 33 -1.737085
23 123 -0.095465
24 25 -1.336202
24 34 0.481614
24 124 0.352528
25 26 -0.006636
25 35 -1.307182
25 125 -0.160222
26 27 -1.061735
26 36 1.159285
26 126 0.106058
27 28 -0.286087
27 37 0.678693
27 127 0.636601
28 29 1.132158
28 38 -0.426667
28 128 2.705648
29 20 0.719355
29 39 -0.240394
29 129 -1.564858
30 31 -0.304533
30 40 -0.540285
30 130 -1.043453
31 32 1.184184
31 41 0.239817
31 131 -0.348378
32 33 -0.642860
32 42 0.660749
32 132 0.136367
33 34 -0.532744
33 43 0.743448
33 133 1.089000
34 35 1.416983
34 44 0.315350
34 134 0.054291
35 36 1.604026
35 45 2.065961
35 135 -0.048700
36 37 0.031973
36 46 0.701022
36 136 -0.525844
37 38 2.132348
37 47 -1.396894
37 137 -1.380667
38 39 0.654283
38 48 -1.181611
38 138 -1.351887
39 30 -0.957719
39 49 0.773989
39 139 0.301757
40 41 1.151562
40 50 1.445623
40 140 -1.982346
41 42 1.372224
41 51 1.028246
41 141 -0.237499
42 43 2.114866
42 52 0.326029
42 142 0.907208
43 44 1.557457
43 53 -0.923043
43 143 -1.378774
44 45 0.767133
44 54 -1.236525
44 144 -0.843022
45 46 0.858748
45 55 0.741707
45 145 1.768501
46 47 0.652931
46 56 1.276404
46 146 0.954954
47 48 -0.697505
47 57 1.106510
47 147 1.146922
48 49 1.406372
48 58 -0.428087
48 148 -2.538127
49 40 0.933271
49 59 -1.895050
49 149 -0.008641
50 51 1.495203
50 60 0.724374
50 150 0.139330
51 52 0.820993
51 61 -0.777143
51 151 0.356044
52 53 -0.650172
52 62 -1.588550
52 152 0.228733
53 54 -0.617323
53 63 1.626393
53 153 0.036244
54 55 -0.933994
54 64 0.513988
54 154 0.939940
55 56 -1.131863
55 65 0.305298
55 155 -0.307470
56 57 -1.350947
56 66 -0.565151
56 156 1.537464
57 58 -0.278764
57 67 -0.309144
57 157 -0.917457
58 59 0.194040
58 68 0.098830
58 158 -0.089448
59 50 0.946798
59 69 -0.697808
59 159 0.918187
60 61 0.493913
60 70 0.098513
60 160 0.312636
61 62 0.159647
61 71 -0.653447
61 161 1.241834
62 63 0.403059
62 72 -0.962787
62 162 -2.156034
63 64 -1.333355
63 73 -2.125768
63 163 -1.610048
64 65 1.671235
64 74 -0.641605
64 164 0.653225
65 66 1.082045
65 75 -0.050371
65 165 0.417149
66 67 1.166668
66 76 0.793289
66 166 0.068754
67 68 -0.083974
67 77 0.120186
67 167 -0.765448
68 69 -0.811985
68 78 0.176252
68 168 1.774774
69 60 -1.405038
69 79 -1.351180
69 169 -0.204424
70 71 0.190115
70 80 1.480061
70 170 -0.089697
71 72 -0.490968
71 81 -0.235602
71 171 0.926200
72 73 -0.319513
72 82 -0.527178
72 172 0.671875
73 74 -1.910560
73 83 -1.068019
73 173 -1.165847
74 75 -0.930482
74 84 0.162235
74 174 0.391985
75 76 -1.599111
75 85 0.623985
75 175 -2.492781
76 77 1.302689
76 86 1.791345
76 176 0.830774
77 78 0.414952
77 87 1.427272
77 177 0.349925
78 79 1.123667
78 88 -0.021767
78 178 -0.911689
79 70 -0.257132
79 89 0.985808
79 179 -2.161061
80 81 -1.292994
80 90 -1.307249
80 180 -1.182279
81 82 -0.348074
81 91 1.087352
81 181 -0.119256
82 83 -1.292491
82 92 2.363408
82 182 0.581783
83 84 0.403434
83 93 -0.674537
83 183 0.877715
84 85 -0.081755
84 94 -0.767805
84 184 0.925003
85 86 -0.537279
85 95 -0.653263
85 185 2.545801
86 87 0.287061
86 96 0.451581
86 186 -0.900918
87 88 1.554901
87 97 0.829980
87 187 -0.405510
88 89 -0.307920
88 98 0.012288
88 188 0.980106
89 80 0.907600
89 99 -0.042448
89 189 0.974953
90 91 1.694048
90 0 -0.560263
90 190 1.120870
91 92 -0.665790
91 1 -0.643053
91 191 0.981195
92 93 1.460198
92 2 1.193284
92 192 -0.127072
93 94 0.550264
93 3 0.671939
93 193 1.130919
94 95 -0.812762
94 4 -0.206682
94 194 -2.454657
95 96 -0.698385
95 5 0.450175
95 195 0.517660
96 97 0.468981
96 6 -0.483070
96 196 0.694731
97 98 0.225350
97 7 -0.440739
97 197 1.525486
98 99 0.905656
98 8 -1.314596
98 198 -1.078865
99 90 -0.351671
99 9 0.984897
99 199 -0.871010
100 101 -0.989778
100 110 0.556370
100 200 1.356459
101 102 1.329537
101 111 0.046440
101 201 -0.600708
102 103 -0.092985
102 112 0.183519
102 202 0.635749
103 104 -0.326107
103 113 0.171766
103 203 1.228989
104 105 -2.108736
104 114 0.915368
104 204 -0.085929
105 106 0.982236
105 115 -0.095980
105 205 -0.801717
106 107 0.997394
106 116 -0.196893
106 206 -2.078235
107 108 -0.561346
107 117 -1.078340
107 207 0.985520
108 109 0.159627
108 118 -0.759485
108 208 -0.031960
109 100 -1.013386
109 119 -1.005046
109 209 0.798777
110 111 0.077127
110 120 0.200610
110 210 -1.301073
111 112 -1.441090
111 121 -1.053530
111 211 1.125648
112 113 -1.099140
112 122 2.516731
112 212 0.916892
113 114 0.470634
113 123 -0.445795
113 213 0.422656
114 115 -0.817146
114 124 1.105896
114 214 0.333542
115 116 -0.242884
115 125 -0.475526
115 215 -0.962668
116 117 0.328879
116 126 -1.171885
116 216 -0.465310
117 118 0.195917
117 127 1.513842
117 217 -0.605129
118 119 0.523666
118 128 2.409058
118 218 -1.722791
119 110 1.221363
119 129 -1.916336
119 219 0.396006
120 121 -0.084947
120 130 0.243769
120 220 -0.548322
121 122 0.110786
121 131 -0.234682
121 221 2.197978
122 123 0.003341
122 132 0.407719
122 222 1.097382
123 124 -0.448161
123 133 1.177177
123 223 -1.206402
124 125 -1.727674
124 134 0.316104
124 224 -0.643744
125 126 -1.374715
125 135 -1.721413
125 225 -0.808771
126 127 -0.846796
126 136 0.448409
126 226 -1.415948
127 128 -0.155072
127 137 0.672061
127 227 0.818206
128 129 -0.957399
128 138 -0.711726
128 228 1.142701
129 120 -0.251907
129 139 -0.354308
129 229 -0.953577
130 131 -0.426435
130 140 0.994833
130 230 -0.952835
131 132 1.213499
131 141 -0.632332
131 231 -0.740481
132 133 -0.225124
132 142 1.219280
132 232 0.584676
133 134 0.482793
133 143 -0.818294
133 233 0.231765
134 135 0.392994
134 144 0.067966
134 234 0.774897
135 136 0.790695
135 145 -0.172698
135 235 0.192781
136 137 -1.495220
136 146 0.453334
136 236 0.386735
137 138 -0.059573
137 147 -0.274213
137 237 0.613993
138 139 -0.298114
138 148 -0.551702
138 238 -0.309118
139 130 0.915842
139 149 -0.702553
139 239 0.761402
140 141 0.357641
140 150 -0.162263
140 240 -0.428717
141 142 0.083689
141 151 -0.156822
141 241 -0.655619
142 143 -0.270761
142 152 -0.782835
142 242 -0.722508
143 144 -1.396055
143 153 -0.396342
143 243 -0.102813
144 145 1.734855
144 154 -0.222871
144 244 -0.148400
145 146 0.534939
145 155 -1.885210
145 245 -0.705502
146 147 0.970846
146 156 -0.892131
146 246 -0.034600
147 148 -0.130030
147 157 0.460801
147 247 -0.325960
148 149 0.308709
148 158 0.112619
148 248 1.432340
149 140 -0.341067
149 159 -0.573150
149 249 -1.528994
150 151 -1.097152
150 160 0.294368
150 250 -0.150617
151 152 -0.565767
151 161 -0.839627
151 251 -0.498039
152 153 0.022779
152 162 -0.335313
152 252 -0.868749
153 154 -0.109298
153 163 0.153173
153 253 1.524808
154 155 -1.308935
154 164 0.205667
154 254 0.583296
155 156 0.223467
155 165 0.663790
155 255 -0.705250
156 157 0.818626
156 166 -0.844698
156 256 0.766211
157 158 0.891225
157 167 0.775570
157 257 -0.292312
158 159 1.003078
158 168 1.109464
158 258 -0.325722
159 150 -1.145965
159 169 1.680745
159 259 -0.125454
160 161 -0.849718
160 170 0.436147
160 260 -0.372661
161 162 -0.011659
161 171 -0.110115
161 261 0.509452
162 163 -0.048022
162 172 0.724702
162 262 0.307120
163 164 0.926993
163 173 -0.298340
163 263 -0.909294
164 165 -1.245396
164 174 1.888769
164 264 1.888125
165 166 -0.737340
165 175 -0.245770
165 265 -0.727059
166 167 1.962145
166 176 0.339150
166 266 0.821299
167 168 -0.259343
167 177 0.268608
167 267 -0.379575
168 169 0.475371
168 178 1.265988
168 268 1.520299
169 160 0.169080
169 179 -0.354689
169 269 -0.551943
170 171 -0.499285
170 180 -2.098741
170 270 -0.698175
171 172 0.016941
171 181 0.058393
171 271 -0.460553
172 173 0.283510
172 182 1.429038
172 272 0.171481
173 174 -0.002697
173 183 -1.675234
173 273 -0.098972
174 175 -0.708539
174 184 0.965662
174 274 -0.402049
175 176 -0.290244
175 185 -0.361516
175 275 0.730574
176 177 0.267691
176 186 -0.700241
176 276 0.206413
177 178 -0.570477
177 187 3.248029
177 277 -0.436754
178 179 -0.315648
178 188 0.725427
178 278 -1.412042
179 170 0.107685
179 189 1.029949
179 279 -1.386554
180 181 -1.724546
180 190 0.402313
180 280 1.414334
181 182 0.589344
181 191 -0.203353
181 281 -0.049189
182 183 -0.741636
182 192 -0.074942
182 282 1.265036
183 184 0.064181
183 193 0.741161
183 283 -0.228424
184 185 -0.382233
184 194 1.154181
184 284 0.504312
185 186 1.094080
185 195 -1.981948
185 285 0.457765
186 187 0.804410
186 196 0.119831
186 286 0.266200
187 188 -2.006099
187 197 0.547947
187 287 -0.051210
188 189 -0.619394
188 198 -1.209583
188 288 1.358201
189 180 0.311344
189 199 0.358115
189 289 -0.599617
190 191 -0.657323
190 100 1.385809
190 290 -1.436751
191 192 -1.166063
191 101 0.146422
191 291 -0.197725
192 193 -0.809023
192 102 0.395312
192 292 0.863164
193 194 -0.797364
193 103 1.862093
193 293 0.134642
194 195 -1.312794
194 104 0.270909
194 294 -1.689657
195 196 1.486711
195 105 -0.474556
195 295 0.596274
196 197 -0.649206
196 106 1.024525
196 296 0.010108
197 198 -1.079377
197 107 0.163723
197 297 -1.622829
198 199 -0.056033
198 108 -0.609513
198 298 2.031397
199 190 1.119438
199 109 -0.827459
199 299 0.321157
200 201 -0.723454
200 210 -0.129127
200 300 -0.807419
201 202 0.976951
201 211 1.191779
201 301 -0.191963
202 203 0.543383
202 212 1.316968
202 302 0.207506
203 204 0.459968
203 213 -0.793611
203 303 -0.189954
204 205 1.397762
204 214 0.453487
204 304 0.005138
205 206 -0.677518
205 215 -0.593648
205 305 -0.184818
206 207 2.089497
206 216 -0.052701
206 306 -0.435506
207 208 -0.913452
207 217 -1.041567
207 307 -0.906094
208 209 -0.747963
208 218 -0.228118
208 308 -0.056297
209 200 0.573601
209 219 -2.224182
209 309 0.773359
210 211 0.348243
210 220 0.189350
210 310 -0.562820
211 212 -0.246218
211 221 -0.241575
211 311 0.160394
212 213 0.108881
212 222 0.986294
212 312 0.191433
213 214 0.734909
213 223 0.395050
213 313 0.973550
214 215 -0.498539
214 224 -0.119622
214 314 0.520284
215 216 -0.514051
215 225 0.085746
215 315 1.751836
216 217 -0.294258
216 226 -0.883458
216 316 0.173336
217 218 -1.452258
217 227 2.184527
217 317 -0.729235
218 219 0.785251
218 228 -0.586789
218 318 0.049752
219 210 0.553671
219 229 1.104084
219 319 -0.750028
220 221 -0.365815
220 230 1.027249
220 320 -1.085986
221 222 -0.857917
221 231 0.195869
221 321 -0.059620
222 223 1.498443
222 232 -0.998027
222 322 -0.255300
223 224 -0.179728
223 233 0.748848
223 323 -0.625756
224 225 2.164804
224 234 0.242217
224 324 0.132822
225 226 0.915501
225 235 -0.117838
225 325 0.424171
226 227 0.412899
226 236 -0.177611
226 326 1.748308
227 228 -0.509956
227 237 0.094599
227 327 1.500808
228 229 -1.409544
228 238 -0.517376
228 328 0.169137
229 220 -0.302223
229 239 -1.500109
229 329 -0.094317
230 231 -2.153129
230 240 -0.053606
230 330 0.386294
231 232 0.441729
231 241 -0.952689
231 331 -0.150796
232 233 -0.728462
232 242 -0.768396
232 332 0.854872
233 234 0.082876
233 243 0.264786
233 333 -0.218045
234 235 -0.883893
234 244 -1.337041
234 334 -0.509866
235 236 0.125360
235 245 -0.322698
235 335 -2.109728
236 237 0.438217
236 246 0.224889
236 336 1.213031
237 238 -0.498397
237 247 -1.837480
237 337 0.842855
238 239 -0.488698
238 248 0.861498
238 338 1.629953
239 230 1.276741
239 249 1.566725
239 339 0.090715
240 241 0.343801
240 250 0.932054
240 340 0.661477
241 242 -0.134002
241 251 0.127379
241 341 0.054139
242 243 0.536075
242 252 0.784424
242 342 -0.860261
243 244 -2.906435
243 253 0.119680
243 343 1.018756
244 245 -0.983322
244 254 -0.952674
244 344 0.658525
245 246 -0.832673
245 255 -0.698606
245 345 -0.785644
246 247 0.155477
246 256 -0.157963
246 346 -0.677521
247 248 -0.156255
247 257 0.894968
247 347 -1.253535
248 249 -0.583166
248 258 1.185493
248 348 1.505765
249 240 0.206145
249 259 0.774520
249 349 0.148750
250 251 0.346711
250 260 1.447847
250 350 -0.358984
251 252 0.233320
251 261 0.482159
251 351 -1.295969
252 253 0.386149
252 262 -1.608918
252 352 0.568311
253 254 -0.214795
253 263 -1.179787
253 353 -0.088055
254 255 -1.978688
254 264 0.053496
254 354 -0.521399
255 256 -0.155100
255 265 -2.116691
255 355 0.985600
256 257 -1.026015
256 266 -0.879261
256 356 -0.953660
257 258 1.305136
257 267 -0.560436
257 357 1.178622
258 259 -0.820642
258 268 0.408453
258 358 -0.946631
259 250 0.248414
259 269 1.069788
259 359 0.219468
260 261 0.142540
260 270 -0.717452
260 360 -0.619028
261 262 -0.409284
261 271 -0.000026
261 361 -0.006014
262 263 1.186967
262 272 -1.323230
262 362 0.107596
263 264 -0.986425
263 273 -1.070337
263 363 -1.031832
264 265 -1.694750
264 274 1.193994
264 364 -0.536414
265 266 0.347879
265 275 -0.384181
265 365 -0.616778
266 267 -0.841501
266 276 0.889596
266 366 -0.687698
267 268 1.353135
267 277 -0.285142
267 367 0.382121
268 269 -0.031628
268 278 -0.570731
268 368 1.735800
269 260 0.869281
269 279 0.027171
269 369 1.140050
270 271 -0.125622
270 280 -1.396964
270 370 0.709671
271 272 0.389869
271 281 0.156154
271 371 -2.157437
272 273 -0.570779
272 282 -0.371050
272 372 -0.760491
273 274 -0.308963
273 283 0.576998
273 373 1.470438
274 275 -0.427354
274 284 -0.492950
274 374 -1.229980
275 276 -0.885447
275 285 0.436566
275 375 0.293257
276 277 -0.244638
276 286 -1.952251
276 376 -0.709688
277 278 0.805782
277 287 -0.622233
277 377 -0.047234
278 279 0.040555
278 288 -0.704573
278 378 0.928996
279 270 -0.842918
279 289 -0.063462
279 379 -0.851836
280 281 1.255189
280 290 -0.564245
280 380 0.131140
281 282 0.304536
281 291 0.806209
281 381 -0.608380
282 283 -0.125343
282 292 -1.069092
282 382 1.826975
283 284 0.153324
283 293 -0.271896
283 383 -0.601019
284 285 -0.895679
284 294 -0.417495
284 384 0.031700
285 286 -1.581647
285 295 0.512337
285 385 -0.893952
286 287 0.083040
286 296 1.611655
286 386 0.715536
287 288 -1.507066
287 297 0.596591
287 387 1.493674
288 289 0.166961
288 298 -0.427067
288 388 0.100566
289 280 -0.078434
289 299 -0.132038
289 389 -0.365888
290 291 -0.373867
290 200 0.722207
290 390 1.034012
291 292 1.139903
291 201 0.310790
291 391 -0.648251
292 293 -0.274162
292 202 -0.071647
292 392 1.300769
293 294 -0.557871
293 203 -1.898491
293 393 0.186762
294 295 -0.812307
294 204 0.343418
294 394 1.448325
295 296 1.180876
295 205 -0.737185
295 395 0.689328
296 297 0.518295
296 206 0.501066
296 396 -1.153752
297 298 -0.084245
297 207 -1.685547
297 397 -0.402634
298 299 0.308207
298 208 -0.515278
298 398 0.138162
299 290 -0.745039
299 209 2.519752
299 399 -0.556121
300 301 0.804379
300 310 -1.041794
300 400 -0.068501
301 302 1.416470
301 311 -1.685870
301 401 0.573061
302 303 0.066462
302 312 -0.550866
302 402 -0.918332
303 304 -0.870201
303 313 -0.663847
303 403 -0.690282
304 305 -1.923045
304 314 0.166370
304 404 0.743632
305 306 0.748869
305 315 1.243098
305 405 -0.520077
306 307 -0.013066
306 316 0.469393
306 406 -1.909258
307 308 -1.034053
307 317 -0.090558
307 407 -1.060571
308 309 -1.570058
308 318 1.220906
308 408 0.874363
309 300 0.653034
309 319 0.555992
309 409 0.090375
310 311 -0.439568
310 320 0.971344
310 410 0.659943
311 312 0.971900
311 321 -0.147987
311 411 0.649297
312 313 2.042552
312 322 -0.122661
312 412 -0.237952
313 314 -0.799737
313 323 -1.179692
313 413 0.291804
314 315 -1.602971
314 324 0.404520
314 414 -0.843441
315 316 -2.142978
315 325 -0.179884
315 415 0.789926
316 317 -0.844035
316 326 -0.241965
316 416 -0.149716
317 318 -0.442938
317 327 0.752056
317 417 0.353174
318 319 -0.118248
318 328 -2.718778
318 418 0.705992
319 310 -1.417827
319 329 -0.588110
319 419 0.132894
320 321 1.364660
320 330 -0.114199
320 420 1.067739
321 322 -1.000126
321 331 0.315052
321 421 -1.049255
322 323 -1.747285
322 332 -0.860280
322 422 -0.037273
323 324 1.015321
323 333 0.504220
323 423 1.103986
324 325 0.272192
324 334 1.072538
324 424 1.542270
325 326 -0.638483
325 335 -0.670183
325 425 -0.187646
326 327 -1.242280
326 336 -0.557043
326 426 0.497812
327 328 -1.158578
327 337 -0.108933
327 427 -0.355748
328 329 -0.335761
328 338 -0.437333
328 428 0.740190
329 320 0.513384
329 339 0.748091
329 429 0.416842
330 331 0.166496
330 340 0.964857
330 430 -0.899416
331 332 0.583280
331 341 0.568325
331 431 0.393682
332 333 -0.335646
332 342 0.826938
332 432 -0.327971
333 334 1.553444
333 343 1.611218
333 433 0.591682
334 335 0.608460
334 344 1.709141
334 434 -0.533125
335 336 0.132687
335 345 -0.929798
335 435 0.306246
336 337 -0.205731
336 346 -1.452274
336 436 -0.324094
337 338 1.180407
337 347 1.393853
337 437 -1.696240
338 339 0.140498
338 348 0.722736
338 438 -0.753635
339 330 -0.292352
339 349 0.096552
339 439 -1.114520
340 341 0.175632
340 350 -0.930160
340 440 -0.027325
341 342 -0.630376
341 351 -0.386654
341 441 -1.120858
342 343 -1.045885
342 352 1.482460
342 442 0.840154
343 344 -0.821112
343 353 -0.315914
343 443 -0.366074
344 345 -1.396748
344 354 0.745239
344 444 0.755879
345 346 0.865264
345 355 1.458309
345 445 -1.027282
346 347 -0.980990
346 356 -0.386211
346 446 0.625528
347 348 -0.685198
347 357 -0.750737
347 447 -0.257169
348 349 2.361165
348 358 0.193954
348 448 0.250170
349 340 0.672612
349 359 -0.343717
349 449 -0.336877
350 351 1.064951
350 360 -0.490831
350 450 -0.365735
351 352 -1.110582
351 361 -1.641603
351 451 -0.309699
352 353 0.269458
352 362 0.605405
352 452 -0.745472
353 354 0.746085
353 363 0.078746
353 453 0.169090
354 355 1.042276
354 364 1.135070
354 454 -1.231830
355 356 0.570040
355 365 1.406445
355 455 1.984730
356 357 0.077862
356 366 0.397950
356 456 0.744357
357 358 -0.204473
357 367 -0.744869
357 457 0.423162
358 359 -1.779363
358 368 0.438303
358 458 -0.353627
359 350 1.593301
359 369 0.421949
359 459 -0.971490
360 361 -0.277391
360 370 0.528979
360 460 -1.102586
361 362 0.402921
361 371 1.978118
361 461 0.266271
362 363 -0.525969
362 372 0.611284
362 462 -1.562485
363 364 0.196656
363 373 -1.502495
363 463 0.723580
364 365 -0.755301
364 374 -0.539713
364 464 0.071717
365 366 0.689099
365 375 1.597187
365 465 0.024138
366 367 -0.583780
366 376 0.625470
366 466 0.254872
367 368 0.102567
367 377 0.571523
367 467 -0.486509
368 369 0.292821
368 378 -0.655361
368 468 0.687757
369 360 1.058603
369 379 0.031862
369 469 0.707545
370 371 0.024554
370 380 -0.168160
370 470 -1.049344
371 372 1.531994
371 381 -0.809762
371 471 0.726808
372 373 -1.336669
372 382 -1.867844
372 472 1.003549
373 374 -0.361709
373 383 0.735993
373 473 0.603228
374 375 0.484871
374 384 0.235995
374 474 0.378023
375 376 -0.372813
375 385 -1.200763
375 475 -0.055333
376 377 -0.618502
376 386 -1.001492
376 476 0.165292
377 378 -0.048880
377 387 0.923342
377 477 0.526713
378 379 1.017307
378 388 0.885452
378 478 -0.193237
379 370 -1.883732
379 389 2.324954
379 479 0.201919
380 381 -0.041663
380 390 -1.098298
380 480 0.255082
381 382 -0.281133
381 391 0.117098
381 481 0.116962
382 383 1.150024
382 392 -0.637464
382 482 0.337686
383 384 -0.031173
383 393 1.096870
383 483 -0.798567
384 385 1.228308
384 394 -0.209524
384 484 -0.833937
385 386 -0.478428
385 395 1.476099
385 485 -1.259153
386 387 -0.401721
386 396 0.736400
386 486 -0.496889
387 388 -0.700756
387 397 -0.272768
387 487 2.637243
388 389 0.318472
388 398 -0.065205
388 488 0.435674
389 380 -1.016123
389 399 -0.686260
389 489 0.781034
390 391 0.635345
390 300 -1.396764
390 490 1.321540
391 392 0.155649
391 301 -0.617666
391 491 -0.181847
392 393 -0.596251
392 302 0.133500
392 492 -0.364590
393 394 -0.094479
393 303 0.493562
393 493 -0.234878
394 395 0.622609
394 304 -0.380521
394 494 -1.326435
395 396 -0.399510
395 305 -0.150395
395 495 0.582884
396 397 0.359811
396 306 -0.178810
396 496 -0.321405
397 398 0.061961
397 307 1.060407
397 497 0.963113
398 399 -0.171437
398 308 0.041337
398 498 0.562681
399 390 0.156650
399 309 -0.337137
399 499 1.095269
400 401 0.807612
400 410 1.348034
400 500 -0.767264
401 402 2.680935
401 411 0.075270
401 501 2.428378
402 403 -0.452879
402 412 -0.194846
402 502 -0.851630
403 404 -0.515500
403 413 -0.424210
403 503 0.779865
404 405 0.568227
404 414 0.286199
404 504 -0.196209
405 406 -0.518541
405 415 0.606482
405 505 0.770655
406 407 0.053698
406 416 1.637254
406 506 1.432715
407 408 -2.165681
407 417 -0.009118
407 507 1.711497
408 409 0.466829
408 418 0.118943
408 508 0.501753
409 400 -0.545652
409 419 0.291953
409 509 -0.674287
410 411 -0.146523
410 420 0.272512
410 510 -0.659725
411 412 -0.324649
411 421 -2.467623
411 511 0.717246
412 413 -0.039609
412 422 -1.174793
412 512 -1.810793
413 414 -0.862862
413 423 -0.275165
413 513 -1.550138
414 415 -0.458082
414 424 0.718591
414 514 0.058233
415 416 0.220621
415 425 -1.225654
415 515 0.521268
416 417 -0.780788
416 426 -1.262281
416 516 0.460773
417 418 -0.115522
417 427 0.617957
417 517 -1.017580
418 419 -0.027298
418 428 -0.844153
418 518 1.038551
419 410 0.292748
419 429 -1.944503
419 519 -2.032433
420 421 -0.996781
420 430 0.871823
420 520 -0.621849
421 422 1.548678
421 431 -0.549076
421 521 2.813226
422 423 -3.510466
422 432 -0.665876
422 522 1.246348
423 424 -0.646455
423 433 -0.489294
423 523 -1.243922
424 425 0.785013
424 434 -1.991157
424 524 -1.098275
425 426 -0.353205
425 435 1.186033
425 525 -0.237794
426 427 -0.147655
426 436 -0.400324
426 526 -0.575683
427 428 1.627808
427 437 -1.864804
427 527 -0.379916
428 429 -1.610432
428 438 2.456283
428 528 -1.692741
429 420 1.165752
429 439 0.175704
429 529 0.732958
430 431 -0.433596
430 440 0.101445
430 530 -0.136898
431 432 -0.738173
431 441 -0.501118
431 531 -0.266797
432 433 2.568421
432 442 0.383379
432 532 0.536474
433 434 0.220005
433 443 0.208129
433 533 -2.241485
434 435 0.881137
434 444 0.906241
434 534 -0.093483
435 436 0.410874
435 445 -0.477017
435 535 -1.277284
436 437 1.179463
436 446 0.400139
436 536 0.444824
437 438 0.742381
437 447 -0.343896
437 537 0.129060
438 439 2.293837
438 448 -0.987456
438 538 -0.497766
439 430 0.644442
439 449 0.539128
439 539 -2.166091
440 441 0.908626
440 450 0.690655
440 540 0.345313
441 442 -1.416226
441 451 0.758155
441 541 -1.247989
442 443 0.068236
442 452 -2.137937
442 542 -0.658772
443 444 0.043905
443 453 1.485338
443 543 0.933343
444 445 0.962660
444 454 -1.449870
444 544 0.931288
445 446 0.419785
445 455 -0.628610
445 545 -0.369162
446 447 0.044010
446 456 0.871514
446 546 -1.617934
447 448 -1.863238
447 457 -0.223252
447 547 -1.822217
448 449 -1.537433
448 458 0.305608
448 548 -2.205972
449 440 -0.712229
449 459 0.794568
449 549 -0.182608
450 451 -0.235078
450 460 -1.244632
450 550 1.315938
451 452 -2.706975
451 461 -0.113658
451 551 1.263210
452 453 -0.691388
452 462 -1.225501
452 552 -0.576989
453 454 0.232100
453 463 1.474218
453 553 -1.535630
454 455 1.580390
454 464 0.456355
454 554 -1.129142
455 456 -0.607920
455 465 -1.222522
455 555 0.927247
456 457 0.944771
456 466 -0.822627
456 556 -0.687448
457 458 -0.950865
457 467 -0.644937
457 557 0.328273
458 459 0.932714
458 468 1.157792
458 558 0.072804
459 450 -0.544354
459 469 1.361557
459 559 -1.316091
460 461 -1.060314
460 470 0.293618
460 560 0.548538
461 462 -2.263139
461 471 1.673965
461 561 -0.566934
462 463 -1.793671
462 472 -0.449094
462 562 0.305878
463 464 0.145684
463 473 -0.083151
463 563 -0.736956
464 465 0.487841
464 474 -0.400663
464 564 0.668944
465 466 -0.096902
465 475 -1.414680
465 565 0.780798
466 467 0.310526
466 476 0.866290
466 566 -2.309017
467 468 -0.758925
467 477 -0.834502
467 567 -1.570352
468 469 0.572368
468 478 -0.004524
468 568 0.762159
469 460 -0.569558
469 479 1.018240
469 569 1.724831
470 471 1.429096
470 480 -0.450417
470 570 -1.069413
471 472 0.635876
471 481 1.399508
471 571 -0.786918
472 473 -0.742811
472 482 -0.586307
472 572 0.439029
473 474 0.350479
473 483 -0.248145
473 573 -0.278295
474 475 -0.786032
474 484 1.839757
474 574 0.540718
475 476 0.849498
475 485 -0.412977
475 575 -1.652083
476 477 0.974816
476 486 -1.079147
476 576 1.302444
477 478 0.807627
477 487 0.250750
477 577 0.352122
478 479 0.280136
478 488 0.375775
478 578 0.846432
479 470 0.698738
479 489 -0.450251
479 579 1.631296
480 481 0.586337
480 490 0.716496
480 580 1.174376
481 482 0.923496
481 491 0.378351
481 581 0.591263
482 483 -1.748530
482 492 -0.152447
482 582 -0.150763
483 484 0.559678
483 493 -0.510508
483 583 -1.034204
484 485 0.871539
484 494 0.662725
484 584 0.236972
485 486 0.025051
485 495 -0.454472
485 585 -0.430142
486 487 0.231801
486 496 -1.764167
486 586 -0.198026
487 488 1.511084
487 497 -0.774591
487 587 2.037053
488 489 -1.008623
488 498 0.782546
488 588 -0.652091
489 480 -0.977024
489 499 -0.681443
489 589 1.370504
490 491 -0.377074
490 400 0.588381
490 590 -0.539965
491 492 0.068347
491 401 0.810512
491 591 -1.528541
492 493 -0.901120
492 402 -1.759238
492 592 -0.280830
493 494 -1.300294
493 403 -0.137770
493 593 0.914997
494 495 1.815241
494 404 -0.693619
494 594 -0.042591
495 496 -0.564432
495 405 0.031382
495 595 -0.562353
496 497 0.716685
496 406 -0.010115
496 596 -1.432056
497 498 -0.777254
497 407 0.017174
497 597 -0.328086
498 499 0.698743
498 408 0.782082
498 598 0.722263
499 490 0.195415
499 409 -0.562064
499 599 0.312777
500 501 -0.289933
500 510 0.544736
500 600 -1.707249
501 502 -0.024627
501 511 -1.671779
501 601 -0.826433
502 503 -0.255490
502 512 0.806782
502 602 -0.010083
503 504 -0.333046
503 513 -0.004701
503 603 1.683699
504 505 -0.016917
504 514 -0.103239
504 604 -0.168690
505 506 -0.515058
505 515 -0.621647
505 605 -0.135138
506 507 -1.433824
506 516 -0.268731
506 606 0.848071
507 508 -0.027105
507 517 1.286428
507 607 -0.906923
508 509 0.128469
508 518 0.740253
508 608 1.531310
509 500 -0.805734
509 519 -2.035003
509 609 1.882864
510 511 0.556873
510 520 -0.030655
510 610 -0.948806
511 512 0.486001
511 521 0.860577
511 611 -0.512735
512 513 2.092100
512 522 0.483254
512 612 -1.257043
513 514 0.711633
513 523 0.700191
513 613 0.945510
514 515 1.637905
514 524 0.548158
514 614 1.312799
515 516 -0.678568
515 525 0.662000
515 615 -0.127245
516 517 -0.351571
516 526 0.086633
516 616 0.560555
517 518 0.909940
517 527 2.137506
517 617 1.435092
518 519 1.073554
518 528 -0.178637
518 618 0.037295
519 510 0.579663
519 529 1.035965
519 619 1.022292
520 521 1.006823
520 530 -0.878601
520 620 1.197297
521 522 0.276861
521 531 0.367190
521 621 -0.707392
522 523 -0.051733
522 532 -0.613203
522 622 -0.686654
523 524 -0.752610
523 533 -0.521294
523 623 -2.026644
524 525 0.955769
524 534 0.087285
524 624 0.927765
525 526 -2.301845
525 535 -1.200734
525 625 -0.283348
526 527 -1.211693
526 536 -0.368360
526 626 -1.109117
527 528 -0.593117
527 537 -0.534415
527 627 -0.826995
528 529 -1.291951
528 538 -0.753173
528 628 0.126341
529 520 0.508976
529 539 -0.673819
529 629 0.264704
530 531 0.646979
530 540 0.112938
530 630 -0.026659
531 532 0.871318
531 541 0.896368
531 631 0.078159
532 533 1.465160
532 542 0.589792
532 632 0.412932
533 534 0.247119
533 543 1.641718
533 633 1.203183
534 535 -0.485291
534 544 -1.281264
534 634 -1.543481
535 536 -0.197354
535 545 0.144367
535 635 0.815733
536 537 1.563060
536 546 2.383532
536 636 1.334300
537 538 -0.530578
537 547 1.130430
537 637 -0.429085
538 539 -0.754153
538 548 0.352613
538 638 -1.328133
539 530 1.300016
539 549 0.534176
539 639 -0.999591
540 541 0.573953
540 550 0.157412
540 640 -1.930771
541 542 -0.499799
541 551 -1.000464
541 641 0.212051
542 543 0.397907
542 552 -0.240736
542 642 -0.166469
543 544 0.089256
543 553 -0.687553
543 643 0.041069
544 545 0.999795
544 554 -0.130949
544 644 1.644353
545 546 -0.114800
545 555 0.630228
545 645 -0.624887
546 547 0.508735
546 556 -1.903779
546 646 0.326445
547 548 0.334220
547 557 -2.479733
547 647 -0.558806
548 549 -0.036247
548 558 1.117661
548 648 -0.111593
549 540 -1.329571
549 559 1.524105
549 649 1.337027
550 551 0.353058
550 560 -1.484102
550 650 0.864805
551 552 0.048870
551 561 -1.490807
551 651 -1.262875
552 553 1.614368
552 562 0.308497
552 652 1.504697
553 554 1.094115
553 563 1.754998
553 653 0.869860
554 555 0.311082
554 564 -0.081096
554 654 -0.991431
555 556 -0.001966
555 565 -0.142001
555 655 -2.107816
556 557 1.330836
556 566 -0.804755
556 656 1.155123
557 558 -1.463088
557 567 0.273272
557 657 -0.381680
558 559 0.379203
558 568 -0.256918
558 658 0.084575
559 550 -0.228282
559 569 0.438746
559 659 -0.550537
560 561 -0.217203
560 570 0.159709
560 660 -0.693614
561 562 -1.657402
561 571 0.630660
561 661 -0.814050
562 563 -0.287864
562 572 0.360181
562 662 -0.056125
563 564 1.289544
563 573 0.314841
563 663 -0.401199
564 565 0.493019
564 574 0.557277
564 664 -0.870415
565 566 -0.494572
565 575 0.756272
565 665 -1.660220
566 567 -0.004216
566 576 -1.357468
566 666 -0.419550
567 568 -0.538197
567 577 0.086526
567 667 -1.050033
568 569 -0.527002
568 578 -3.087874
568 668 -1.062853
569 560 0.541789
569 579 -0.368224
569 669 0.324491
570 571 -0.018277
570 580 -0.738965
570 670 0.997481
571 572 0.652704
571 581 -0.727219
571 671 1.436862
572 573 -1.144245
572 582 -0.742553
572 672 -1.360478
573 574 0.068341
573 583 -1.603023
573 673 -0.079126
574 575 1.810030
574 584 1.517754
574 674 -0.712704
575 576 0.016210
575 585 0.295393
575 675 -0.740677
576 577 -0.256385
576 586 2.513416
576 676 0.091420
577 578 -0.795489
577 587 0.097841
577 677 -0.777437
578 579 0.860217
578 588 0.473389
578 678 0.685184
579 570 -0.789244
579 589 -1.367115
579 679 0.318621
580 581 -0.050164
580 590 1.250445
580 680 0.127118
581 582 -0.744588
581 591 -0.921289
581 681 0.417168
582 583 0.213659
582 592 -0.331377
582 682 -0.432278
583 584 0.453034
583 593 0.780507
583 683 0.294020
584 585 0.235601
584 594 -1.704103
584 684 -1.525314
585 586 1.383158
585 595 -1.847987
585 685 0.351818
586 587 -1.009421
586 596 -0.519893
586 686 -2.506867
587 588 1.767460
587 597 -0.913864
587 687 0.365623
588 589 0.052289
588 598 -1.092502
588 688 -0.772911
589 580 1.936417
589 599 0.186323
589 689 -0.636128
590 591 -0.055638
590 500 0.633639
590 690 -0.678186
591 592 -0.255555
591 501 0.355014
591 691 -0.100604
592 593 0.120726
592 502 0.436064
592 692 0.018250
593 594 -1.663330
593 503 0.984457
593 693 -1.475906
594 595 -0.021035
594 504 0.682440
594 694 1.352372
595 596 0.520021
595 505 -0.367163
595 695 1.018549
596 597 -0.639525
596 506 0.343005
596 696 0.093770
597 598 0.820227
597 507 0.307493
597 697 -0.007956
598 599 -0.450389
598 508 1.325605
598 698 1.012663
599 590 0.093125
599 509 -1.656192
599 699 -0.892906
600 601 1.431427
600 610 0.772293
600 700 0.871011
601 602 -0.819974
601 611 -0.086601
601 701 1.383198
602 603 1.112366
602 612 0.265660
602 702 0.182095
603 604 -0.417818
603 613 0.799845
603 703 -0.262189
604 605 0.098906
604 614 -1.657208
604 704 0.631132
605 606 -0.021584
605 615 -0.394618
605 705 -0.287293
606 607 1.072801
606 616 0.713791
606 706 -0.018836
607 608 2.103768
607 617 0.180104
607 707 -0.251607
608 609 0.241258
608 618 0.020765
608 708 1.278586
609 600 0.179511
609 619 -0.750134
609 709 0.438380
610 611 -0.233900
610 620 -1.377560
610 710 -0.142984
611 612 1.061974
611 621 -0.883863
611 711 0.111839
612 613 0.006990
612 622 1.565795
612 712 -2.522385
613 614 0.630177
613 623 0.394177
613 713 -0.360185
614 615 -0.689017
614 624 0.016240
614 714 0.309357
615 616 -0.063482
615 625 0.413069
615 715 0.504007
616 617 1.229575
616 626 -0.444887
616 716 0.014102
617 618 -0.488855
617 627 -0.141947
617 717 -0.712533
618 619 -1.158138
618 628 -0.319507
618 718 0.989598
619 610 -0.195845
619 629 1.855984
619 719 0.411192
620 621 1.681771
620 630 0.328909
620 720 -0.654677
621 622 1.084284
621 631 0.060542
621 721 2.381892
622 623 0.280362
622 632 -2.198072
622 722 -1.129759
623 624 2.678613
623 633 0.975367
623 723 -0.006030
624 625 0.197208
624 634 0.451080
624 724 0.829570
625 626 0.359246
625 635 -1.979555
625 725 -0.086651
626 627 0.124647
626 636 -0.539468
626 726 -0.631440
627 628 0.595707
627 637 1.810898
627 727 0.401577
628 629 -0.768030
628 638 2.051145
628 728 -0.611260
629 620 0.361881
629 639 -0.331177
629 729 1.212273
630 631 0.807320
630 640 -2.259852
630 730 0.175801
631 632 0.168741
631 641 -0.675482
631 731 -0.816626
632 633 0.431648
632 642 0.067244
632 732 -0.765509
633 634 0.089285
633 643 -1.387953
633 733 -2.596505
634 635 0.286020
634 644 1.252880
634 734 1.186100
635 636 1.509563
635 645 0.597286
635 735 0.511456
636 637 -1.074355
636 646 -0.200716
636 736 -0.230681
637 638 0.185663
637 647 -0.231978
637 737 -1.091956
638 639 -0.077821
638 648 -1.552276
638 738 -0.251416
639 630 0.499779
639 649 2.379055
639 739 -0.752657
640 641 -1.144188
640 650 -0.743327
640 740 1.334543
641 642 0.710717
641 651 -0.295818
641 741 0.463405
642 643 0.054321
642 652 -0.452337
642 742 -0.506338
643 644 2.184683
643 653 -2.373827
643 743 -1.601250
644 645 0.724311
644 654 1.235334
644 744 -0.384375
645 646 0.426281
645 655 -1.367121
645 745 -0.040500
646 647 1.340751
646 656 -0.959219
646 746 1.732348
647 648 0.493863
647 657 1.279809
647 747 0.730370
648 649 -0.506018
648 658 -0.573520
648 748 -1.183906
649 640 0.773581
649 659 1.150191
649 749 0.861692
650 651 0.367640
650 660 0.446435
650 750 0.286909
651 652 1.596464
651 661 -0.938994
651 751 0.649109
652 653 0.039109
652 662 -0.707696
652 752 -0.406188
653 654 0.305940
653 663 -1.203733
653 753 0.927171
654 655 -0.080353
654 664 0.627188
654 754 1.728793
655 656 0.349053
655 665 -0.253888
655 755 -0.341956
656 657 -0.229533
656 666 0.915875
656 756 1.476648
657 658 -0.137082
657 667 -0.748174
657 757 0.059724
658 659 -0.536389
658 668 -0.451758
658 758 0.910427
659 650 1.984410
659 669 -0.070385
659 759 0.251130
660 661 1.203807
660 670 -0.442481
660 760 1.686855
661 662 0.164872
661 671 0.508211
661 761 -0.597394
662 663 0.533655
662 672 0.202720
662 762 0.093089
663 664 1.005540
663 673 -0.488190
663 763 0.914317
664 665 0.592555
664 674 -0.887047
664 764 1.413461
665 666 0.076388
665 675 0.346921
665 765 -0.046005
666 667 -0.818614
666 676 0.244413
666 766 0.014717
667 668 0.496301
667 677 -1.774476
667 767 0.220454
668 669 0.365808
668 678 1.056831
668 768 0.317892
669 660 -1.832837
669 679 -1.263501
669 769 -0.626918
670 671 -0.498247
670 680 -0.298646
670 770 -1.034172
671 672 0.617286
671 681 -0.267471
671 771 1.531946
672 673 1.431931
672 682 0.317862
672 772 0.647057
673 674 0.729618
673 683 -1.811803
673 773 0.275926
674 675 -0.258826
674 684 1.358480
674 774 0.730743
675 676 -0.236065
675 685 -1.121226
675 775 1.743765
676 677 0.168250
676 686 -1.165349
676 776 -0.629256
677 678 -0.434602
677 687 0.273121
677 777 0.637177
678 679 -0.058205
678 688 -1.780112
678 778 -1.460040
679 670 1.845745
679 689 2.025340
679 779 -0.312696
680 681 0.692480
680 690 -0.622942
680 780 1.690572
681 682 -0.913817
681 691 -0.834847
681 781 -1.008208
682 683 -2.220185
682 692 0.808026
682 782 0.264942
683 684 -1.160544
683 693 0.450025
683 783 -0.779410
684 685 -0.228153
684 694 -0.299588
684 784 -1.038703
685 686 1.026516
685 695 0.243180
685 785 0.498681
686 687 -0.087222
686 696 -0.531318
686 786 0.042298
687 688 -1.464094
687 697 1.629266
687 787 1.251348
688 689 0.141923
688 698 0.863767
688 788 -1.288400
689 680 -1.308801
689 699 -2.047243
689 789 0.202069
690 691 0.006829
690 600 0.185405
690 790 0.290669
691 692 -0.562743
691 601 -1.030632
691 791 0.592969
692 693 -0.242267
692 602 0.913190
692 792 -1.512327
693 694 -0.485747
693 603 2.319032
693 793 -0.481967
694 695 1.232475
694 604 -0.367069
694 794 1.030527
695 696 -1.073056
695 605 -0.004182
695 795 -0.263665
696 697 0.753113
696 606 1.537255
696 796 0.572540
697 698 0.247914
697 607 -0.540753
697 797 -1.376565
698 699 1.546832
698 608 -1.068406
698 798 0.486538
699 690 -1.755241
699 609 0.938654
699 799 -0.911213
700 701 1.077967
700 710 0.078896
700 800 0.464844
701 702 1.089887
701 711 -0.642627
701 801 -0.440159
702 703 0.389228
702 712 -2.660326
702 802 0.336564
703 704 0.223167
703 713 0.442520
703 803 -0.867505
704 705 0.407798
704 714 0.589281
704 804 -1.675222
705 706 -1.182444
705 715 0.098660
705 805 -0.407898
706 707 -0.515759
706 716 1.508486
706 806 -0.910092
707 708 1.284565
707 717 0.513798
707 807 0.841514
708 709 -0.248285
708 718 -2.543948
708 808 -0.761858
709 700 -1.397709
709 719 1.781926
709 809 0.660816
710 711 -1.057532
710 720 1.291006
710 810 -0.538798
711 712 0.328417
711 721 1.142075
711 811 -1.783349
712 713 0.163545
712 722 -1.293357
712 812 -0.144827
713 714 0.901262
713 723 -1.975022
713 813 0.462144
714 715 -1.880223
714 724 0.862366
714 814 -1.274768
715 716 0.921013
715 725 -1.640042
715 815 -1.074925
716 717 0.390635
716 726 0.341182
716 816 0.772458
717 718 -1.300255
717 727 0.347097
717 817 0.834374
718 719 0.203095
718 728 1.122357
718 818 0.524448
719 710 -0.951397
719 729 1.770194
719 819 0.943425
720 721 0.327105
720 730 -2.461471
720 820 1.448624
721 722 -0.574564
721 731 -0.962536
721 821 -0.812897
722 723 0.083167
722 732 1.994301
722 822 0.742494
723 724 -1.111834
723 733 0.598325
723 823 -1.882252
724 725 -1.241613
724 734 -1.430693
724 824 -0.091278
725 726 0.654396
725 735 -0.512154
725 825 -2.187011
726 727 1.334849
726 736 -0.633629
726 826 -1.259786
727 728 1.290514
727 737 0.016015
727 827 0.484099
728 729 1.596900
728 738 0.065339
728 828 -1.721869
729 720 -0.504471
729 739 -1.655075
729 829 1.753414
730 731 -0.091174
730 740 0.634180
730 830 1.852394
731 732 -0.111251
731 741 1.103233
731 831 0.194144
732 733 -0.237127
732 742 -0.491602
732 832 0.145094
733 734 -0.215847
733 743 -0.293917
733 833 -1.378680
734 735 2.361658
734 744 0.252236
734 834 -0.568250
735 736 -2.395166
735 745 -0.105284
735 835 0.087959
736 737 0.027091
736 746 1.115278
736 836 -2.122738
737 738 -1.399704
737 747 -0.820312
737 837 -0.589982
738 739 0.090863
738 748 0.850401
738 838 1.231744
739 730 -0.125965
739 749 -0.461285
739 839 -1.438931
740 741 0.681216
740 750 -1.909717
740 840 -1.271333
741 742 0.630093
741 751 1.077786
741 841 -0.275852
742 743 -0.306427
742 752 0.152187
742 842 -0.035420
743 744 -0.082505
743 753 -0.550094
743 843 -0.494514
744 745 0.247319
744 754 0.475458
744 844 -0.146592
745 746 -0.362660
745 755 2.028882
745 845 0.956570
746 747 -0.674933
746 756 1.242204
746 846 -1.040059
747 748 1.639821
747 757 0.692238
747 847 -0.268683
748 749 -0.164191
748 758 1.136510
748 848 0.531637
749 740 0.799292
749 759 -0.126072
749 849 0.196917
750 751 0.652190
750 760 0.982533
750 850 -0.627613
751 752 0.598276
751 761 -0.215741
751 851 -0.634218
752 753 0.333933
752 762 1.253096
752 852 -0.948864
753 754 -2.627774
753 763 -0.645005
753 853 -0.082457
754 755 0.416607
754 764 -0.323292
754 854 0.392443
755 756 -1.627081
755 765 -1.224552
755 855 -0.227107
756 757 0.032936
756 766 -1.944072
756 856 -1.970900
757 758 -0.765141
757 767 -0.082499
757 857 0.075388
758 759 -0.393107
758 768 0.701080
758 858 0.435927
759 750 0.175449
759 769 -0.853754
759 859 0.058008
760 761 -0.017120
760 770 -0.015985
760 860 1.512219
761 762 1.279218
761 771 -1.700847
761 861 1.653312
762 763 0.774342
762 772 0.551568
762 862 0.985832
763 764 -0.028651
763 773 0.860679
763 863 -0.655144
764 765 0.478552
764 774 0.993350
764 864 -0.004238
765 766 0.010326
765 775 -0.488136
765 865 -0.717116
766 767 0.662767
766 776 1.036171
766 866 -0.120881
767 768 0.879016
767 777 -0.231896
767 867 0.819295
768 769 -1.208663
768 778 -1.275592
768 868 1.994468
769 760 -1.793624
769 779 1.382394
769 869 0.047324
770 771 0.220331
770 780 -1.386286
770 870 0.140689
771 772 -0.261372
771 781 -0.306992
771 871 0.010389
772 773 0.148030
772 782 -0.651864
772 872 0.262639
773 774 0.570329
773 783 0.167871
773 873 0.508891
774 775 0.118909
774 784 1.274333
774 874 0.044140
775 776 -1.216149
775 785 0.112525
775 875 0.230677
776 777 -1.674403
776 786 -1.101079
776 876 -1.714065
777 778 0.955790
777 787 -0.692844
777 877 -0.386642
778 779 0.334689
778 788 -1.042955
778 878 0.097118
779 770 0.067730
779 789 1.097797
779 879 1.129210
780 781 0.246538
780 790 -0.209121
780 880 0.518994
781 782 0.669614
781 791 -1.018820
781 881 -1.940559
782 783 -0.978039
782 792 -0.154911
782 882 -0.270956
783 784 -1.670271
783 793 0.161317
783 883 0.174285
784 785 0.459740
784 794 2.114737
784 884 1.177889
785 786 2.239554
785 795 0.503283
785 885 0.574068
786 787 -0.302931
786 796 -0.362131
786 886 -0.300177
787 788 0.579153
787 797 0.378183
787 887 -0.521638
788 789 3.070371
788 798 -0.057158
788 888 0.341811
789 780 0.077527
789 799 0.016929
789 889 0.321971
790 791 -0.344968
790 700 0.902942
790 890 1.759916
791 792 -0.565987
791 701 -1.329572
791 891 -0.467229
792 793 -2.057189
792 702 1.883731
792 892 0.467920
793 794 -0.954309
793 703 -0.997028
793 893 -0.649695
794 795 -1.046183
794 704 -0.490155
794 894 -0.074552
795 796 0.192963
795 705 1.006295
795 895 -1.168996
796 797 -0.880533
796 706 -2.174899
796 896 2.207819
797 798 0.144273
797 707 1.666866
797 897 0.578544
798 799 -0.728331
798 708 -1.657506
798 898 0.159601
799 790 1.191762
799 709 -0.567947
799 899 -1.197799
800 801 -0.526883
800 810 -0.525055
800 900 -0.916637
801 802 -0.345064
801 811 -0.623961
801 901 -0.640229
802 803 0.252082
802 812 0.883147
802 902 0.354233
803 804 -0.935533
803 813 -1.087953
803 903 -0.179364
804 805 -0.485059
804 814 -1.484771
804 904 0.923008
805 806 0.101898
805 815 1.812087
805 905 0.233394
806 807 -0.420835
806 816 -1.184111
806 906 0.158437
807 808 0.768044
807 817 0.846697
807 907 -0.003002
808 809 -1.001120
808 818 -0.974817
808 908 0.256256
809 800 -0.098486
809 819 -1.159470
809 909 -1.970057
810 811 1.012097
810 820 -0.747406
810 910 2.890703
811 812 0.588504
811 821 -1.297238
811 911 0.010612
812 813 -0.481772
812 822 -1.077044
812 912 0.881114
813 814 1.100949
813 823 0.349336
813 913 -0.924038
814 815 0.081290
814 824 0.176307
814 914 0.779058
815 816 -0.044138
815 825 -0.722566
815 915 -0.208028
816 817 1.654166
816 826 1.968873
816 916 -1.108026
817 818 -0.865428
817 827 -0.406907
817 917 0.354358
818 819 -0.958114
818 828 0.486781
818 918 -0.765547
819 810 0.341644
819 829 -2.551485
819 919 0.575620
820 821 -0.219303
820 830 -2.192357
820 920 0.245222
821 822 2.453787
821 831 -1.054441
821 921 -0.938522
822 823 1.189669
822 832 -0.028385
822 922 -1.182484
823 824 -0.494239
823 833 -0.801792
823 923 0.300216
824 825 0.465869
824 834 0.738978
824 924 -0.863640
825 826 1.196527
825 835 1.216003
825 925 1.638175
826 827 -0.259203
826 836 0.130843
826 926 -0.893132
827 828 -1.749076
827 837 -1.023851
827 927 -2.665511
828 829 -1.097148
828 838 -0.300154
828 928 -1.426106
829 820 1.478178
829 839 1.783093
829 929 -1.284466
830 831 -0.912120
830 840 -1.262841
830 930 0.926305
831 832 0.648712
831 841 2.151094
831 931 -0.593525
832 833 -0.517547
832 842 -2.441636
832 932 -0.242174
833 834 1.003342
833 843 -0.773861
833 933 -0.019970
834 835 0.218650
834 844 1.206438
834 934 0.462529
835 836 0.807244
835 845 -0.927395
835 935 0.141592
836 837 -0.499787
836 846 0.523982
836 936 -0.040446
837 838 -0.629989
837 847 0.241560
837 937 1.408766
838 839 -0.247307
838 848 1.243646
838 938 -1.361120
839 830 -0.124514
839 849 1.056324
839 939 -1.222710
840 841 0.015455
840 850 -1.490871
840 940 -0.741632
841 842 -0.244895
841 851 -1.326302
841 941 1.539317
842 843 0.941061
842 852 -1.057720
842 942 0.663305
843 844 0.449797
843 853 0.040822
843 943 0.719043
844 845 -0.465392
844 854 1.605473
844 944 0.822672
845 846 1.230098
845 855 1.709531
845 945 0.096534
846 847 -0.627275
846 856 -0.113007
846 946 -0.157995
847 848 2.032751
847 857 0.560473
847 947 0.676868
848 849 -1.054208
848 858 1.093451
848 948 0.318152
849 840 -0.148241
849 859 0.592187
849 949 -2.461729
850 851 0.944341
850 860 -0.091773
850 950 -0.141990
851 852 1.020052
851 861 2.183271
851 951 0.144343
852 853 0.388846
852 862 0.136376
852 952 -2.151374
853 854 1.632383
853 863 0.101514
853 953 -0.159824
854 855 0.840326
854 864 -1.832766
854 954 1.349574
855 856 0.566081
855 865 0.214983
855 955 -0.370545
856 857 -0.006463
856 866 0.038404
856 956 -0.290565
857 858 1.416230
857 867 -1.909535
857 957 0.239775
858 859 1.246134
858 868 1.091692
858 958 0.645408
859 850 1.654861
859 869 0.385264
859 959 -0.738347
860 861 -1.673240
860 870 0.945893
860 960 -1.225275
861 862 0.241526
861 871 -0.541590
861 961 -1.177542
862 863 -0.314507
862 872 2.166760
862 962 -0.496050
863 864 1.919383
863 873 1.094912
863 963 -0.549836
864 865 -0.170141
864 874 -0.894810
864 964 -0.723168
865 866 -0.680431
865 875 -0.884037
865 965 0.373411
866 867 2.717249
866 876 0.687364
866 966 -0.786447
867 868 -0.110331
867 877 -0.848091
867 967 0.052767
868 869 1.381409
868 878 0.175186
868 968 0.722601
869 860 0.563155
869 879 -0.530808
869 969 -0.648551
870 871 -0.561817
870 880 -0.498761
870 970 -0.055278
871 872 -0.325628
871 881 1.273912
871 971 0.409372
872 873 0.219538
872 882 -1.007436
872 972 -0.618171
873 874 0.332154
873 883 1.270641
873 973 -1.365206
874 875 -0.884814
874 884 -0.793925
874 974 0.733849
875 876 -0.130914
875 885 -0.247517
875 975 -0.478995
876 877 1.695468
876 886 0.498904
876 976 -0.454869
877 878 -1.169665
877 887 1.108616
877 977 0.646449
878 879 -0.200001
878 888 0.660178
878 978 0.801929
879 870 0.667845
879 889 0.123772
879 979 -0.158289
880 881 0.145543
880 890 0.658428
880 980 0.049292
881 882 -0.953999
881 891 -0.429737
881 981 -1.398639
882 883 1.929695
882 892 1.431429
882 982 0.130132
883 884 -0.995470
883 893 0.188571
883 983 0.302035
884 885 0.667186
884 894 0.951338
884 984 -0.466330
885 886 0.648643
885 895 -0.101882
885 985 -1.205731
886 887 1.535512
886 896 -0.926508
886 986 0.443400
887 888 -0.226398
887 897 -0.734443
887 987 0.294886
888 889 0.691412
888 898 0.143588
888 988 -1.037623
889 880 -0.355299
889 899 1.632839
889 989 -0.117242
890 891 0.961679
890 800 0.674712
890 990 0.902930
891 892 0.573537
891 801 0.901225
891 991 1.378242
892 893 -0.511898
892 802 1.216222
892 992 0.422733
893 894 -0.761451
893 803 0.037235
893 993 -0.369145
894 895 -0.329813
894 804 -0.908373
894 994 -1.152023
895 896 1.286172
895 805 0.368499
895 995 -0.098094
896 897 0.616466
896 806 -0.262952
896 996 -2.113464
897 898 0.093898
897 807 -1.657085
897 997 -0.736201
898 899 -0.354046
898 808 -1.208747
898 998 -0.774051
899 890 -0.977966
899 809 1.810865
899 999 1.365793
900 901 -1.110685
900 910 1.093748
900 0 1.468482
901 902 -0.258400
901 911 -1.103391
901 1 -2.655549
902 903 0.082982
902 912 2.517971
902 2 -0.184778
903 904 0.496527
903 913 0.224723
903 3 -0.151818
904 905 0.014530
904 914 1.261387
904 4 -0.359829
905 906 0.471543
905 915 1.107408
905 5 0.097412
906 907 -0.716316
906 916 0.883594
906 6 -0.138671
907 908 0.551940
907 917 1.012994
907 7 -0.722246
908 909 -0.101162
908 918 -0.661464
908 8 0.762198
909 900 -0.088686
909 919 -0.826551
909 9 0.121831
910 911 0.178143
910 920 0.975507
910 10 -0.951907
911 912 -0.519043
911 921 1.525219
911 11 1.341495
912 913 -0.857942
912 922 -1.758028
912 12 0.112446
913 914 -0.437852
913 923 0.689950
913 13 -0.340547
914 915 0.862503
914 924 1.044483
914 14 -1.168717
915 916 0.785087
915 925 -1.186312
915 15 -1.471917
916 917 0.383823
916 926 0.919048
916 16 -1.511302
917 918 1.166119
917 927 0.738449
917 17 0.790126
918 919 1.666965
918 928 -0.331001
918 18 0.129474
919 910 0.994867
919 929 -0.143128
919 19 0.511322
920 921 0.779967
920 930 0.565536
920 20 -1.912740
921 922 -1.005524
921 931 0.963512
921 21 2.083096
922 923 -0.674546
922 932 0.606640
922 22 -2.329539
923 924 -0.065852
923 933 -1.267197
923 23 -0.143770
924 925 0.898278
924 934 -0.741874
924 24 1.615636
925 926 -0.550574
925 935 -1.243743
925 25 1.638247
926 927 -0.750160
926 936 0.707965
926 26 -0.407000
927 928 -1.016723
927 937 1.072149
927 27 -0.667746
928 929 -1.170305
928 938 0.481477
928 28 -0.741647
929 920 0.867983
929 939 0.713889
929 29 0.069479
930 931 0.735667
930 940 0.720607
930 30 1.395841
931 932 -0.408720
931 941 1.314414
931 31 2.010682
932 933 0.623849
932 942 -0.499593
932 32 -0.846222
933 934 0.534356
933 943 0.583164
933 33 -1.797880
934 935 0.291143
934 944 1.048130
934 34 0.327561
935 936 -1.148214
935 945 -0.084131
935 35 -0.568589
936 937 -0.876294
936 946 -0.277305
936 36 1.253102
937 938 0.931359
937 947 0.842895
937 37 0.641879
938 939 -0.601200
938 948 -0.061557
938 38 0.275838
939 930 -0.885425
939 949 -1.286978
939 39 0.443304
940 941 -0.127910
940 950 1.295435
940 40 2.051476
941 942 0.485541
941 951 1.558318
941 41 -1.845243
942 943 2.551152
942 952 1.438740
942 42 -0.644720
943 944 0.452798
943 953 2.509213
943 43 1.300603
944 945 -0.705297
944 954 1.427480
944 44 -0.664817
945 946 -0.435758
945 955 0.431287
945 45 -0.859911
946 947 -0.820211
946 956 0.797008
946 46 -1.064438
947 948 -0.007118
947 957 0.712199
947 47 -0.944378
948 949 0.607757
948 958 0.177294
948 48 0.038737
949 940 -1.909747
949 959 0.288356
949 49 -1.494428
950 951 -0.825223
950 960 -0.665345
950 50 0.612127
951 952 0.189410
951 961 -1.335960
951 51 -0.418958
952 953 0.031328
952 962 -2.394614
952 52 -0.582964
953 954 -0.590828
953 963 0.203078
953 53 -0.521427
954 955 -0.461677
954 964 0.579398
954 54 -0.742840
955 956 0.124487
955 965 -0.599934
955 55 1.749521
956 957 -1.015166
956 966 1.566919
956 56 0.636873
957 958 1.017283
957 967 -2.038120
957 57 1.313994
958 959 -0.793596
958 968 -0.816812
958 58 1.055530
959 950 2.269467
959 969 0.834579
959 59 0.497828
960 961 0.526952
960 970 -0.784586
960 60 -0.511102
961 962 0.326776
961 971 1.072315
961 61 -0.931700
962 963 1.659896
962 972 -2.114643
962 62 -0.129121
963 964 0.069466
963 973 0.414477
963 63 -0.371301
964 965 1.748904
964 974 -0.066228
964 64 -2.608208
965 966 -1.030432
965 975 -0.861992
965 65 -0.421925
966 967 2.138451
966 976 0.040033
966 66 -0.589071
967 968 0.605015
967 977 -0.211820
967 67 0.346551
968 969 0.667170
968 978 0.037211
968 68 1.680466
969 960 -3.138233
969 979 0.942164
969 69 0.295768
970 971 0.039049
970 980 -0.455575
970 70 -1.957129
971 972 2.417574
971 981 2.639778
971 71 -1.369367
972 973 -0.774798
972 982 0.377332
972 72 0.107939
973 974 -0.496419
973 983 0.704530
973 73 0.317331
974 975 0.192628
974 984 0.604213
974 74 -0.527576
975 976 -0.139078
975 985 0.143703
975 75 0.067015
976 977 -2.198360
976 986 -0.484084
976 76 0.318735
977 978 1.177820
977 987 0.401115
977 77 0.738553
978 979 -0.584729
978 988 -1.112666
978 78 0.501890
979 970 0.030912
979 989 0.379975
979 79 0.184159
980 981 0.408957
980 990 1.366642
980 80 -1.841425
981 982 -0.375994
981 991 0.362120
981 81 -0.587778
982 983 -0.363393
982 992 0.527795
982 82 -0.778294
983 984 -0.853077
983 993 -0.490963
983 83 -0.795872
984 985 1.642186
984 994 -0.983609
984 84 1.440596
985 986 -0.451311
985 995 -0.211534
985 85 -0.846733
986 987 1.144871
986 996 -0.173942
986 86 0.241568
987 988 0.062628
987 997 -0.166843
987 87 0.535150
988 989 -0.264819
988 998 0.772357
988 88 -1.971410
989 980 0.856402
989 999 0.084523
989 89 -2.388086
990 991 0.416069
990 900 0.285319
990 90 -0.147499
991 992 -1.501316
991 901 1.175774
991 91 -1.502657
992 993 -1.485759
992 902 -0.491354
992 92 1.507471
993 994 0.247893
993 903 1.224008
993 93 -0.237253
994 995 -0.517911
994 904 0.628993
994 94 0.324159
995 996 -1.818245
995 905 -0.260983
995 95 1.049192
996 997 -1.248004
996 906 -0.002181
996 96 0.867930
997 998 0.857936
997 907 -0.268413
997 97 -0.231453
998 999 -1.036952
998 908 1.364165
998 98 0.200209
999 990 1.137923
999 909 1.608599
999 99 -2.293284
