0 1 -0.548498
0 10 0.621584
0 100 0.270970
1 2 -0.422868
1 11 -0.315767
1 101 1.351269
2 3 -0.034851
2 12 1.114694
2 102 1.066935
3 4 -1.099048
3 13 0.123719
3 103 -0.174955
4 5 0.508009
4 14 -0.256826
4 104 -0.219931
5 6 -0.528819
5 15 -1.411104
5 105 -0.806906
6 7 0.150882
6 16 -0.678621
6 106 -1.806323
7 8 -0.927928
7 17 0.298439
7 107 -1.061679
8 9 0.224899
8 18 1.027143
8 108 -0.191386
9 0 -0.500171
9 19 0.198465
9 109 -0.343110
10 11 1.190513
10 20 0.535298
10 110 0.176400
11 12 0.732746
11 21 0.741297
11 111 -0.108991
12 13 -1.973650
12 22 -0.097700
12 112 -0.979291
13 14 -2.626587
13 23 1.189992
13 113 -0.834088
14 15 0.186125
14 24 0.327224
14 114 -0.322768
15 16 -0.065746
15 25 -0.848862
15 115 -1.237496
16 17 0.583555
16 26 0.384766
16 116 0.256876
17 18 -0.186332
17 27 -0.209060
17 117 -0.200415
18 19 0.643692
18 28 -0.316864
18 118 -0.060922
19 10 0.835127
19 29 -1.271920
19 119 0.485930
20 21 -0.094168
20 30 -0.058376
20 120 -0.628843
21 22 -1.797633
21 31 0.315884
21 121 -0.676357
22 23 -1.151950
22 32 -0.407538
22 122 0.096711
23 24 2.407820
23 33 -0.918623
23 123 -0.326669
24 25 0.820133
24 34 0.919163
24 124 -1.744955
25 26 1.840390
25 35 -1.484651
25 125 0.369909
26 27 0.535770
26 36 0.753509
26 126 -1.816526
27 28 1.009136
27 37 -1.017993
27 127 -1.159557
28 29 1.791317
28 38 -1.347234
28 128 0.016592
29 20 0.283224
29 39 -0.770415
29 129 -1.488026
30 31 0.787274
30 40 1.621755
30 130 -1.257840
31 32 0.082630
31 41 -0.926397
31 131 1.548568
32 33 0.816585
32 42 -0.075349
32 132 0.726110
33 34 0.389890
33 43 -0.650228
33 133 0.124284
34 35 -0.215667
34 44 -1.819171
34 134 1.031394
35 36 -1.814069
35 45 -2.138257
35 135 0.270973
36 37 -0.771108
36 46 -0.027305
36 136 0.647994
37 38 0.248639
37 47 0.170748
37 137 0.421057
38 39 -1.362277
38 48 0.667264
38 138 1.489032
39 30 0.328323
39 49 1.763666
39 139 -0.594595
40 41 -0.701080
40 50 -0.570154
40 140 0.851921
41 42 0.293911
41 51 0.435016
41 141 0.200050
42 43 0.248597
42 52 0.617134
42 142 -2.205707
43 44 -0.721890
43 53 -0.142701
43 143 -0.092267
44 45 1.260717
44 54 -1.190114
44 144 1.061323
45 46 -0.165521
45 55 0.394889
45 145 0.674897
46 47 -0.212385
46 56 0.174309
46 146 0.131978
47 48 -0.237019
47 57 0.620781
47 147 -0.702597
48 49 -0.052673
48 58 0.476807
48 148 -0.738522
49 40 -0.667612
49 59 -0.316896
49 149 -0.970766
50 51 -0.678310
50 60 -0.096521
50 150 2.010232
51 52 -0.851054
51 61 0.471014
51 151 2.085632
52 53 -0.098757
52 62 2.020527
52 152 -0.644374
53 54 -2.089454
53 63 0.097483
53 153 0.976237
54 55 -0.145913
54 64 -0.318847
54 154 0.058294
55 56 1.457686
55 65 0.346263
55 155 0.011130
56 57 1.085142
56 66 -0.551101
56 156 -0.366172
57 58 -0.344327
57 67 0.847919
57 157 -0.499663
58 59 -0.361958
58 68 0.415038
58 158 0.339982
59 50 1.374093
59 69 0.333348
59 159 -0.289646
60 61 0.980825
60 70 -0.085419
60 160 -0.686487
61 62 -0.174219
61 71 0.023178
61 161 0.617506
62 63 1.106026
62 72 -1.098961
62 162 -0.538897
63 64 -1.771779
63 73 -1.068698
63 163 1.695237
64 65 -0.066669
64 74 -0.658679
64 164 3.181430
65 66 -0.565765
65 75 -0.088586
65 165 -1.066726
66 67 -0.189570
66 76 0.808633
66 166 -0.048865
67 68 1.020590
67 77 1.145205
67 167 -1.533331
68 69 0.412785
68 78 0.494400
68 168 -0.614200
69 60 1.001148
69 79 0.972764
69 169 -0.788372
70 71 0.617688
70 80 2.831307
70 170 -1.726879
71 72 0.911535
71 81 1.032561
71 171 0.328866
72 73 -0.466178
72 82 -0.835667
72 172 1.925522
73 74 0.675982
73 83 0.151251
73 173 -0.639714
74 75 -1.138668
74 84 0.253699
74 174 0.911338
75 76 0.202759
75 85 -1.102162
75 175 0.922395
76 77 -0.649629
76 86 -1.149827
76 176 -0.666745
77 78 1.229728
77 87 -0.133800
77 177 0.023286
78 79 -0.607581
78 88 1.142692
78 178 -1.184786
79 70 1.745015
79 89 -0.202955
79 179 1.301432
80 81 -0.104535
80 90 0.642721
80 180 -1.779114
81 82 1.364247
81 91 -0.067836
81 181 -0.374569
82 83 -0.791559
82 92 -1.444415
82 182 1.066705
83 84 -0.156856
83 93 -2.107021
83 183 0.883775
84 85 -1.775883
84 94 0.507820
84 184 -1.016277
85 86 -0.634872
85 95 -0.578100
85 185 0.507068
86 87 0.001076
86 96 0.697659
86 186 0.077892
87 88 0.291417
87 97 0.293870
87 187 -0.011210
88 89 -0.480008
88 98 -0.762396
88 188 0.630261
89 80 -1.268861
89 99 0.461901
89 189 -1.659521
90 91 -0.431153
90 0 -0.843833
90 190 0.103809
91 92 -0.575532
91 1 -0.591412
91 191 1.041128
92 93 -1.603584
92 2 -0.961312
92 192 0.897779
93 94 -1.519657
93 3 0.541796
93 193 -0.975298
94 95 1.563203
94 4 1.331970
94 194 0.751173
95 96 -0.398456
95 5 0.540672
95 195 0.702001
96 97 0.154297
96 6 -1.204489
96 196 0.287358
97 98 0.703116
97 7 -0.815406
97 197 -2.466922
98 99 1.719546
98 8 0.788931
98 198 1.089248
99 90 -0.054814
99 9 -0.212615
99 199 0.002755
100 101 0.556554
100 110 -0.982508
100 200 0.967258
101 102 -0.176952
101 111 0.188332
101 201 -0.328079
102 103 -1.371172
102 112 0.394391
102 202 0.949280
103 104 0.952157
103 113 -0.555451
103 203 -0.209515
104 105 -0.438661
104 114 -0.292114
104 204 -0.802058
105 106 -1.802225
105 115 0.492245
105 205 0.289229
106 107 -1.101511
106 116 1.016791
106 206 0.092605
107 108 1.287966
107 117 0.973462
107 207 -0.257378
108 109 1.160614
108 118 -0.415554
108 208 -2.090017
109 100 1.545477
109 119 -0.293160
109 209 1.970545
110 111 -0.058037
110 120 0.668358
110 210 0.189043
111 112 0.345295
111 121 -0.712274
111 211 1.972363
112 113 0.337142
112 122 -0.951084
112 212 0.203137
113 114 0.714677
113 123 0.739173
113 213 0.989083
114 115 0.381716
114 124 -0.182118
114 214 0.030338
115 116 1.048657
115 125 1.008465
115 215 1.515202
116 117 0.411313
116 126 -1.083045
116 216 -0.955839
117 118 -0.880235
117 127 -1.050074
117 217 -0.746367
118 119 -1.126132
118 128 0.066394
118 218 1.851471
119 110 -0.192459
119 129 -1.699459
119 219 -0.724014
120 121 -0.974354
120 130 0.038920
120 220 -0.381451
121 122 -0.323228
121 131 -0.549319
121 221 -0.129558
122 123 -0.278514
122 132 -0.545159
122 222 2.236733
123 124 0.724989
123 133 -0.141553
123 223 -0.210992
124 125 0.207458
124 134 -0.165495
124 224 -0.389450
125 126 1.019542
125 135 0.740721
125 225 0.913543
126 127 -0.060289
126 136 -0.037355
126 226 -0.403072
127 128 0.457055
127 137 0.161678
127 227 1.076606
128 129 1.503016
128 138 0.102034
128 228 0.238506
129 120 2.070311
129 139 -2.292839
129 229 0.020104
130 131 1.480103
130 140 0.172754
130 230 0.801884
131 132 0.462180
131 141 1.199453
131 231 -0.289345
132 133 0.831376
132 142 -0.663761
132 232 -0.609716
133 134 0.252801
133 143 0.354520
133 233 -0.895183
134 135 -1.000934
134 144 -2.443934
134 234 -1.290514
135 136 -0.515198
135 145 0.149267
135 235 0.641497
136 137 -0.065544
136 146 -0.627547
136 236 -0.787589
137 138 0.219734
137 147 -0.019205
137 237 -0.539436
138 139 1.278813
138 148 -0.340768
138 238 -0.363945
139 130 -0.524056
139 149 -0.300137
139 239 -0.541290
140 141 -2.106321
140 150 0.890906
140 240 0.271991
141 142 -0.279053
141 151 0.580580
141 241 -2.009163
142 143 -0.080479
142 152 -0.694935
142 242 0.071655
143 144 -0.406428
143 153 -3.032490
143 243 0.050279
144 145 1.906537
144 154 -0.088267
144 244 0.657969
145 146 0.030786
145 155 1.448424
145 245 -0.336960
146 147 -0.526370
146 156 -0.313595
146 246 -0.406276
147 148 -0.296584
147 157 0.301732
147 247 0.674456
148 149 -0.137012
148 158 1.536813
148 248 1.146409
149 140 0.840299
149 159 -0.362198
149 249 -0.843261
150 151 0.176588
150 160 -0.721298
150 250 0.272023
151 152 -0.079602
151 161 -2.034256
151 251 -1.847938
152 153 -0.080701
152 162 0.102922
152 252 -0.309896
153 154 -1.025251
153 163 1.286430
153 253 -0.221547
154 155 0.903582
154 164 -1.370259
154 254 -0.393701
155 156 -1.601818
155 165 0.682711
155 255 -0.755611
156 157 0.033587
156 166 -0.128557
156 256 -1.604988
157 158 -0.282561
157 167 0.528520
157 257 -1.549974
158 159 1.064649
158 168 0.686611
158 258 1.477654
159 150 0.995589
159 169 -0.948489
159 259 -0.892202
160 161 -0.053333
160 170 3.067307
160 260 0.752393
161 162 0.395631
161 171 -0.292253
161 261 0.788659
162 163 -1.371812
162 172 0.510392
162 262 -1.021059
163 164 -1.211464
163 173 0.172168
163 263 -0.395835
164 165 1.129665
164 174 -0.685794
164 264 -1.154478
165 166 0.252456
165 175 0.494699
165 265 0.983431
166 167 1.667048
166 176 -0.979259
166 266 2.149301
167 168 -0.978493
167 177 -0.134583
167 267 -0.492274
168 169 -0.653431
168 178 -0.652232
168 268 1.684402
169 160 -0.746796
169 179 1.095144
169 269 -0.245866
170 171 1.322716
170 180 -0.939038
170 270 -0.597612
171 172 0.992779
171 181 -0.671654
171 271 0.541464
172 173 -1.124611
172 182 -1.121666
172 272 -0.002613
173 174 -0.019742
173 183 0.112193
173 273 1.276989
174 175 1.246694
174 184 -0.115649
174 274 -1.124471
175 176 -0.101760
175 185 -0.213507
175 275 -0.512851
176 177 0.399521
176 186 1.539683
176 276 -0.825735
177 178 -0.082572
177 187 0.188376
177 277 0.003132
178 179 -0.102122
178 188 0.078345
178 278 -0.752032
179 170 -0.434032
179 189 0.827047
179 279 -0.743179
180 181 -1.329894
180 190 -0.697323
180 280 0.695265
181 182 -1.754435
181 191 1.347449
181 281 1.002883
182 183 -0.293750
182 192 -1.498477
182 282 0.196843
183 184 0.639062
183 193 1.276146
183 283 -0.093676
184 185 1.402531
184 194 -0.615104
184 284 0.453685
185 186 -2.213341
185 195 0.872436
185 285 0.430827
186 187 -1.248514
186 196 0.589510
186 286 -0.741064
187 188 -1.543040
187 197 0.213770
187 287 -1.233390
188 189 -0.325818
188 198 -0.117300
188 288 0.456618
189 180 0.862789
189 199 -2.049379
189 289 -0.290293
190 191 0.203204
190 100 -0.407198
190 290 0.221555
191 192 -1.035194
191 101 -1.422504
191 291 -0.007587
192 193 -0.438552
192 102 -1.033453
192 292 -1.811087
193 194 1.097364
193 103 0.429000
193 293 -0.847932
194 195 -1.433552
194 104 1.660593
194 294 0.896342
195 196 -0.736494
195 105 -0.648328
195 295 1.569945
196 197 -1.042913
196 106 -0.463564
196 296 -0.043257
197 198 0.126852
197 107 1.531776
197 297 0.291220
198 199 0.173270
198 108 -0.623888
198 298 0.804189
199 190 -0.405940
199 109 -1.976804
199 299 -0.459169
200 201 -0.481928
200 210 -0.803806
200 300 0.163079
201 202 -0.454849
201 211 -2.300915
201 301 2.306278
202 203 0.956668
202 212 0.235892
202 302 2.396643
203 204 0.365735
203 213 -1.528563
203 303 0.665056
204 205 -1.882092
204 214 -0.673592
204 304 -0.071459
205 206 -0.112739
205 215 -1.385353
205 305 2.535801
206 207 1.315804
206 216 0.300772
206 306 -0.011295
207 208 0.790437
207 217 0.672826
207 307 0.550119
208 209 -0.087731
208 218 0.827461
208 308 0.430626
209 200 -1.301240
209 219 0.235649
209 309 -1.677195
210 211 0.816332
210 220 0.566266
210 310 1.067986
211 212 0.854013
211 221 -0.531932
211 311 1.808136
212 213 -0.404146
212 222 0.538891
212 312 -0.951725
213 214 0.015397
213 223 -0.080271
213 313 -0.918051
214 215 1.408083
214 224 -0.623546
214 314 -0.082432
215 216 -1.076350
215 225 0.699973
215 315 -0.390045
216 217 -0.609423
216 226 0.169838
216 316 -0.041235
217 218 -1.114323
217 227 -0.898268
217 317 -0.725873
218 219 -1.712376
218 228 -0.802577
218 318 0.271492
219 210 -0.146404
219 229 -1.148856
219 319 -0.765775
220 221 -0.802135
220 230 0.349329
220 320 -0.244757
221 222 -0.392050
221 231 -1.065397
221 321 -0.973610
222 223 -1.153049
222 232 -0.880372
222 322 -0.807347
223 224 0.689484
223 233 -0.896517
223 323 -0.687203
224 225 -0.249592
224 234 0.353701
224 324 -0.144776
225 226 -0.490807
225 235 0.343163
225 325 0.035797
226 227 -0.800817
226 236 -0.375683
226 326 -1.815185
227 228 0.080228
227 237 -2.179025
227 327 -0.472518
228 229 -0.923579
228 238 -0.697654
228 328 0.602746
229 220 -1.310358
229 239 -0.471958
229 329 -0.559627
230 231 0.809884
230 240 0.418704
230 330 -0.392851
231 232 0.576280
231 241 -1.093425
231 331 -0.264566
232 233 1.144027
232 242 0.720648
232 332 -0.512455
233 234 0.215051
233 243 0.397391
233 333 1.478075
234 235 -0.253821
234 244 -1.644566
234 334 -1.268317
235 236 -1.686770
235 245 0.290707
235 335 -0.701719
236 237 0.292485
236 246 1.440516
236 336 -0.686687
237 238 0.885680
237 247 -0.924853
237 337 -1.873799
238 239 0.297569
238 248 0.707926
238 338 -0.360243
239 230 0.107675
239 249 -1.045665
239 339 -0.524228
240 241 -0.407485
240 250 1.738624
240 340 -0.753883
241 242 -0.922481
241 251 0.929138
241 341 0.434766
242 243 -1.104150
242 252 -0.531013
242 342 0.675615
243 244 0.080147
243 253 -0.322928
243 343 1.653951
244 245 1.358456
244 254 -0.392337
244 344 0.380717
245 246 -0.234863
245 255 0.348151
245 345 0.227739
246 247 -0.385275
246 256 -0.830123
246 346 -0.241770
247 248 0.048178
247 257 -0.007275
247 347 -0.375583
248 249 -0.279724
248 258 -0.695016
248 348 1.678113
249 240 -0.655342
249 259 -0.488080
249 349 0.266401
250 251 0.131113
250 260 -0.524696
250 350 -1.329852
251 252 -0.707117
251 261 0.199207
251 351 -1.450432
252 253 1.350413
252 262 0.889545
252 352 0.556454
253 254 0.395436
253 263 1.510441
253 353 -0.032304
254 255 0.735051
254 264 0.199807
254 354 -1.461723
255 256 -0.537140
255 265 -1.060602
255 355 -0.578767
256 257 0.168335
256 266 0.727710
256 356 -0.868081
257 258 0.152326
257 267 1.547351
257 357 -0.370635
258 259 -0.527971
258 268 -1.180511
258 358 1.454951
259 250 0.030015
259 269 -0.877627
259 359 1.499456
260 261 1.451362
260 270 1.025637
260 360 -0.325360
261 262 0.229136
261 271 -0.515280
261 361 -0.210186
262 263 2.126776
262 272 -0.428996
262 362 0.629919
263 264 -1.738206
263 273 -0.952942
263 363 1.813803
264 265 0.450930
264 274 0.033978
264 364 -0.279164
265 266 -1.439609
265 275 -1.386575
265 365 1.379169
266 267 -0.433851
266 276 -0.442632
266 366 0.681719
267 268 1.094858
267 277 0.554802
267 367 -1.869577
268 269 1.476994
268 278 0.791740
268 368 -0.542159
269 260 0.251136
269 279 -0.723704
269 369 0.728156
270 271 -1.029803
270 280 0.298125
270 370 -0.781663
271 272 -0.167314
271 281 0.177251
271 371 -0.140629
272 273 1.124296
272 282 0.174711
272 372 -1.450978
273 274 -0.371460
273 283 0.836851
273 373 -1.057960
274 275 -0.394303
274 284 -0.336338
274 374 0.286754
275 276 1.768484
275 285 1.841427
275 375 -0.903301
276 277 -1.506471
276 286 -1.699608
276 376 0.632900
277 278 0.025129
277 287 -0.239641
277 377 0.660001
278 279 1.271124
278 288 -1.254009
278 378 0.232454
279 270 0.228960
279 289 1.088218
279 379 -1.623181
280 281 -0.993635
280 290 -0.116159
280 380 -0.307050
281 282 -0.633522
281 291 -1.741385
281 381 -1.773228
282 283 0.287623
282 292 0.553435
282 382 0.037413
283 284 -2.020132
283 293 0.166161
283 383 1.159682
284 285 0.443983
284 294 0.850927
284 384 0.491626
285 286 -0.194316
285 295 1.014450
285 385 -1.044039
286 287 0.129266
286 296 -0.559363
286 386 -0.382097
287 288 0.111995
287 297 -1.338281
287 387 -1.560075
288 289 -1.771861
288 298 1.575915
288 388 1.179290
289 280 -1.785832
289 299 0.215482
289 389 -0.564540
290 291 1.383541
290 200 0.914432
290 390 0.200564
291 292 0.087002
291 201 -0.562109
291 391 0.023778
292 293 0.252311
292 202 0.382302
292 392 0.684271
293 294 1.380715
293 203 0.389376
293 393 -0.414406
294 295 -0.557132
294 204 0.168123
294 394 0.134480
295 296 0.238878
295 205 -1.039632
295 395 -0.275558
296 297 -0.540127
296 206 0.221221
296 396 1.023437
297 298 -0.746866
297 207 0.387124
297 397 -0.988632
298 299 1.131526
298 208 0.157335
298 398 1.008878
299 290 0.643523
299 209 0.855464
299 399 0.555527
300 301 1.153736
300 310 -0.883340
300 400 -0.782302
301 302 0.285322
301 311 -0.755421
301 401 -0.400222
302 303 2.491131
302 312 0.102993
302 402 0.449407
303 304 0.016396
303 313 -2.260130
303 403 0.540225
304 305 -0.252141
304 314 0.140378
304 404 -0.219406
305 306 0.526436
305 315 1.417229
305 405 -0.526074
306 307 -0.975111
306 316 0.527408
306 406 -0.792829
307 308 0.560384
307 317 0.897426
307 407 -0.698838
308 309 -1.183807
308 318 0.553922
308 408 0.408703
309 300 -0.539853
309 319 0.050098
309 409 0.514709
310 311 -0.112393
310 320 0.707175
310 410 -0.841247
311 312 -0.398923
311 321 1.404842
311 411 0.641228
312 313 -2.114116
312 322 1.434490
312 412 -1.084397
313 314 0.491947
313 323 -0.255192
313 413 -0.504972
314 315 2.084062
314 324 -0.218208
314 414 0.605285
315 316 1.058223
315 325 0.607924
315 415 -1.269133
316 317 -0.006579
316 326 0.466539
316 416 -1.140190
317 318 -0.539969
317 327 -0.800083
317 417 0.092049
318 319 0.947062
318 328 1.766295
318 418 -0.865160
319 310 1.752250
319 329 0.666319
319 419 -1.231933
320 321 0.348340
320 330 1.709799
320 420 -0.540115
321 322 -0.865536
321 331 0.043538
321 421 -1.331675
322 323 1.064126
322 332 -1.379182
322 422 -0.634572
323 324 -0.335553
323 333 -1.001580
323 423 1.363482
324 325 -0.991991
324 334 0.814774
324 424 -0.146919
325 326 -0.153178
325 335 -0.111117
325 425 -0.299941
326 327 -1.435127
326 336 -0.805156
326 426 1.147513
327 328 -0.395871
327 337 1.685142
327 427 -0.944916
328 329 -0.137809
328 338 0.532836
328 428 -0.076921
329 320 0.965851
329 339 1.134355
329 429 -0.573796
330 331 -1.313492
330 340 -2.967815
330 430 0.484676
331 332 -0.308449
331 341 0.143934
331 431 0.289630
332 333 0.830421
332 342 -1.021851
332 432 -2.324082
333 334 0.187161
333 343 -0.651835
333 433 -0.995422
334 335 1.016692
334 344 0.131868
334 434 -0.734752
335 336 0.714737
335 345 0.690485
335 435 -0.489673
336 337 0.562430
336 346 0.558890
336 436 -0.153085
337 338 -0.531337
337 347 -0.352354
337 437 0.354596
338 339 0.275431
338 348 0.027906
338 438 0.494725
339 330 -0.206555
339 349 0.474337
339 439 0.699860
340 341 -0.575058
340 350 1.269309
340 440 0.259476
341 342 -0.310551
341 351 -1.355578
341 441 0.593709
342 343 0.752474
342 352 0.846703
342 442 -0.365249
343 344 0.966295
343 353 -0.389159
343 443 0.952893
344 345 -1.540594
344 354 0.070237
344 444 -1.198096
345 346 0.407231
345 355 1.524019
345 445 0.603342
346 347 -1.083630
346 356 0.890825
346 446 1.001382
347 348 -0.236402
347 357 -0.861791
347 447 0.095123
348 349 -0.414932
348 358 -0.910588
348 448 -2.027368
349 340 1.011999
349 359 0.202522
349 449 1.801879
350 351 -0.302136
350 360 0.852281
350 450 1.648477
351 352 1.965536
351 361 -0.536356
351 451 -0.708932
352 353 -0.470876
352 362 -0.764046
352 452 -0.017182
353 354 -0.350531
353 363 1.466611
353 453 -1.107010
354 355 0.446164
354 364 -0.806538
354 454 -1.455812
355 356 0.015024
355 365 0.044418
355 455 0.238555
356 357 -0.929225
356 366 -0.050932
356 456 0.552315
357 358 -1.130326
357 367 -1.327256
357 457 -0.032727
358 359 -0.932465
358 368 -1.071408
358 458 1.378941
359 350 -1.594384
359 369 -0.595969
359 459 -0.120730
360 361 0.063988
360 370 0.070896
360 460 -1.063895
361 362 -0.245520
361 371 0.877063
361 461 -0.570521
362 363 -0.520270
362 372 -1.692174
362 462 -0.600521
363 364 1.969698
363 373 -0.004981
363 463 -0.130620
364 365 1.842272
364 374 0.687194
364 464 0.023601
365 366 1.177284
365 375 -0.181459
365 465 -0.787729
366 367 -1.098647
366 376 1.209654
366 466 0.572589
367 368 0.151759
367 377 -0.165240
367 467 0.803748
368 369 0.060711
368 378 0.516044
368 468 0.928233
369 360 0.143130
369 379 1.817608
369 469 -1.903466
370 371 -1.180709
370 380 -0.267780
370 470 0.068893
371 372 0.676246
371 381 0.622300
371 471 -0.715984
372 373 -0.885063
372 382 1.738145
372 472 -0.709055
373 374 -1.051081
373 383 -0.318987
373 473 1.163001
374 375 -0.582613
374 384 -0.154827
374 474 0.595511
375 376 1.034060
375 385 -0.496231
375 475 1.618694
376 377 0.976113
376 386 0.033869
376 476 1.396478
377 378 0.973571
377 387 0.926809
377 477 -0.095535
378 379 2.077979
378 388 0.688072
378 478 0.246250
379 370 -1.712541
379 389 1.790754
379 479 -0.252268
380 381 0.581863
380 390 0.416679
380 480 0.760466
381 382 1.860312
381 391 0.043206
381 481 0.394370
382 383 -0.818057
382 392 -1.494509
382 482 -0.621801
383 384 0.806542
383 393 -0.931272
383 483 0.178420
384 385 1.389898
384 394 -0.983410
384 484 0.089903
385 386 1.052133
385 395 -0.697681
385 485 1.057802
386 387 -0.800780
386 396 -0.860526
386 486 0.150256
387 388 -1.194545
387 397 -1.550567
387 487 -2.694139
388 389 -0.709428
388 398 1.782910
388 488 0.931713
389 380 0.994423
389 399 1.235583
389 489 -0.878730
390 391 -1.260208
390 300 -1.344127
390 490 0.664191
391 392 -0.153865
391 301 -0.434160
391 491 1.340216
392 393 -0.490004
392 302 -1.088422
392 492 -0.442752
393 394 0.891095
393 303 0.000481
393 493 -0.625060
394 395 -2.373325
394 304 -0.208358
394 494 0.352316
395 396 0.586812
395 305 -0.301604
395 495 -0.566996
396 397 -0.106770
396 306 0.841116
396 496 -1.546845
397 398 -0.166173
397 307 -0.526458
397 497 0.373516
398 399 0.580781
398 308 0.201346
398 498 -0.632501
399 390 -0.926249
399 309 1.493710
399 499 -0.090647
400 401 0.101485
400 410 -0.301856
400 500 -1.063728
401 402 -0.710060
401 411 0.644752
401 501 -0.564707
402 403 -0.107386
402 412 -0.642319
402 502 -1.775501
403 404 -1.633248
403 413 0.311238
403 503 -0.304198
404 405 -1.221200
404 414 1.066824
404 504 0.333389
405 406 0.949741
405 415 0.638126
405 505 -0.176277
406 407 0.978617
406 416 0.148255
406 506 -0.819994
407 408 -0.687512
407 417 -0.994435
407 507 0.749825
408 409 0.822340
408 418 0.237412
408 508 1.758634
409 400 -0.275904
409 419 0.527406
409 509 0.112108
410 411 -0.049087
410 420 -1.111208
410 510 1.020620
411 412 -0.893245
411 421 0.142634
411 511 0.636808
412 413 0.161391
412 422 0.416688
412 512 -0.557508
413 414 1.332985
413 423 0.123356
413 513 -0.845762
414 415 -0.915135
414 424 -0.023891
414 514 -0.421618
415 416 -0.463579
415 425 0.731750
415 515 0.880819
416 417 1.327031
416 426 0.685262
416 516 -0.118596
417 418 -2.444335
417 427 -0.103003
417 517 -0.657194
418 419 1.770203
418 428 -0.170693
418 518 0.355321
419 410 -1.413546
419 429 0.843771
419 519 -0.113766
420 421 -1.372836
420 430 -1.991191
420 520 -0.016260
421 422 -0.876355
421 431 -0.157666
421 521 -1.202676
422 423 0.019963
422 432 0.343898
422 522 -1.487493
423 424 0.841279
423 433 -0.642669
423 523 -0.219726
424 425 1.016364
424 434 0.533470
424 524 0.044507
425 426 -0.074179
425 435 -0.214841
425 525 0.105539
426 427 1.203678
426 436 0.048034
426 526 0.193386
427 428 -0.248979
427 437 0.997610
427 527 0.571024
428 429 -0.647205
428 438 -0.214384
428 528 0.121660
429 420 0.926723
429 439 -0.906107
429 529 1.045326
430 431 0.114088
430 440 -2.010951
430 530 3.229967
431 432 0.680839
431 441 0.678114
431 531 -1.381716
432 433 -0.541642
432 442 0.934168
432 532 0.140200
433 434 0.991759
433 443 -0.346802
433 533 0.125230
434 435 0.587050
434 444 1.032338
434 534 -0.926679
435 436 -0.882770
435 445 -0.880403
435 535 0.219845
436 437 -0.424745
436 446 -0.706311
436 536 -0.332196
437 438 0.248126
437 447 -1.309416
437 537 1.126941
438 439 -0.295367
438 448 1.402964
438 538 0.615669
439 430 2.065737
439 449 0.372465
439 539 0.104994
440 441 0.125390
440 450 -1.455343
440 540 -1.576002
441 442 0.905475
441 451 0.786635
441 541 1.830213
442 443 -0.507356
442 452 -0.449163
442 542 1.168133
443 444 1.220997
443 453 -0.211593
443 543 -0.482673
444 445 -0.007521
444 454 -0.889527
444 544 -0.548107
445 446 -2.453408
445 455 0.408783
445 545 1.060203
446 447 1.900202
446 456 0.742117
446 546 1.765375
447 448 1.377225
447 457 -0.145003
447 547 -0.596006
448 449 -0.430711
448 458 0.882732
448 548 0.624523
449 440 0.173897
449 459 1.797501
449 549 0.181532
450 451 0.140120
450 460 -1.326755
450 550 0.526558
451 452 0.169403
451 461 -0.748375
451 551 -0.758394
452 453 -0.266490
452 462 0.210311
452 552 -1.148749
453 454 -0.056618
453 463 0.568995
453 553 0.941633
454 455 1.081914
454 464 -0.143440
454 554 0.163031
455 456 -0.970815
455 465 0.456845
455 555 0.142329
456 457 -0.556092
456 466 -1.860253
456 556 0.269916
457 458 -1.353653
457 467 0.243005
457 557 -0.434494
458 459 0.179309
458 468 -0.921840
458 558 2.853133
459 450 0.412553
459 469 0.566480
459 559 0.466769
460 461 -0.617806
460 470 -1.698634
460 560 -0.849374
461 462 1.632743
461 471 -0.537403
461 561 -0.582383
462 463 -1.461225
462 472 -0.087188
462 562 0.388542
463 464 0.227641
463 473 -1.240635
463 563 0.571785
464 465 -1.685192
464 474 -1.185513
464 564 -1.344389
465 466 -0.112483
465 475 0.089314
465 565 -1.191591
466 467 -0.310905
466 476 -1.524982
466 566 0.045924
467 468 0.125573
467 477 -1.578848
467 567 0.015918
468 469 -0.402508
468 478 -0.213777
468 568 -0.384914
469 460 -0.225314
469 479 -1.679640
469 569 -0.394016
470 471 -0.899993
470 480 0.843366
470 570 1.465314
471 472 0.888658
471 481 -0.009245
471 571 -3.078211
472 473 0.067398
472 482 1.187608
472 572 -0.289297
473 474 1.497111
473 483 -1.444341
473 573 -0.477482
474 475 0.999732
474 484 -0.379095
474 574 0.529750
475 476 -0.111698
475 485 1.971374
475 575 0.107638
476 477 -0.980500
476 486 1.318754
476 576 0.950958
477 478 1.085288
477 487 -2.792843
477 577 1.085220
478 479 0.316202
478 488 0.220790
478 578 -1.965073
479 470 -0.211232
479 489 1.506191
479 579 0.820286
480 481 -0.421629
480 490 1.342845
480 580 -0.455165
481 482 -1.013532
481 491 -0.670687
481 581 0.467333
482 483 -0.478481
482 492 2.066859
482 582 0.158094
483 484 -1.262838
483 493 -0.093665
483 583 -1.127820
484 485 0.435842
484 494 -1.302298
484 584 -0.740715
485 486 1.299115
485 495 0.419614
485 585 0.488923
486 487 -1.219300
486 496 2.375667
486 586 -0.549566
487 488 0.107194
487 497 0.964098
487 587 1.634588
488 489 -0.171635
488 498 -0.785051
488 588 1.001045
489 480 0.091843
489 499 0.852728
489 589 0.663862
490 491 -0.476806
490 400 -1.118522
490 590 -0.097916
491 492 -0.576174
491 401 1.437894
491 591 -0.303931
492 493 0.178892
492 402 -0.277009
492 592 -0.881864
493 494 1.436317
493 403 0.477230
493 593 -0.284875
494 495 -0.198160
494 404 1.034949
494 594 -0.296351
495 496 0.030859
495 405 0.409644
495 595 3.351504
496 497 -0.498349
496 406 0.390448
496 596 0.245877
497 498 -0.362645
497 407 1.381012
497 597 -0.273595
498 499 1.061403
498 408 1.173249
498 598 0.290309
499 490 0.626393
499 409 0.196813
499 599 -0.492820
500 501 -1.015021
500 510 0.262832
500 600 1.617589
501 502 0.355407
501 511 -0.491962
501 601 0.945960
502 503 0.705359
502 512 -0.187302
502 602 -0.687722
503 504 0.563113
503 513 0.171658
503 603 -0.546191
504 505 0.254058
504 514 -1.380065
504 604 -0.058484
505 506 -0.591885
505 515 -2.123833
505 605 0.734209
506 507 -0.360150
506 516 1.041414
506 606 0.918357
507 508 0.958285
507 517 -0.477582
507 607 -0.507526
508 509 -0.839859
508 518 -2.107221
508 608 1.412611
509 500 0.023467
509 519 1.944112
509 609 -0.172271
510 511 -0.311791
510 520 0.289014
510 610 2.108892
511 512 -0.453019
511 521 -0.356078
511 611 -0.929852
512 513 -1.709489
512 522 -0.731130
512 612 -0.507779
513 514 -0.742442
513 523 -0.374247
513 613 -0.598746
514 515 -0.081616
514 524 0.388084
514 614 -1.003811
515 516 0.426366
515 525 -0.698944
515 615 -0.224318
516 517 1.725266
516 526 -1.703945
516 616 -0.312697
517 518 -0.181144
517 527 -0.769258
517 617 0.201375
518 519 2.822154
518 528 -0.240925
518 618 -0.876592
519 510 -0.632326
519 529 -0.681077
519 619 -1.032654
520 521 1.142804
520 530 1.132068
520 620 -1.334980
521 522 -0.964757
521 531 -0.048984
521 621 -0.058539
522 523 -0.889597
522 532 -0.098964
522 622 1.162371
523 524 -0.585323
523 533 0.185073
523 623 -1.621856
524 525 1.148020
524 534 0.295634
524 624 1.311710
525 526 -0.466830
525 535 0.630590
525 625 0.559254
526 527 -1.041079
526 536 1.207275
526 626 1.183381
527 528 0.468449
527 537 0.278699
527 627 1.591013
528 529 1.889548
528 538 -1.460110
528 628 -1.299341
529 520 0.234051
529 539 0.383032
529 629 0.367199
530 531 -0.403264
530 540 -0.216386
530 630 0.206117
531 532 -2.756394
531 541 0.433437
531 631 -1.734063
532 533 -0.419579
532 542 -0.803906
532 632 1.441358
533 534 0.535587
533 543 -0.661559
533 633 0.026396
534 535 -0.621329
534 544 -0.868341
534 634 1.106198
535 536 0.090544
535 545 1.748247
535 635 1.275126
536 537 -2.659831
536 546 -1.211337
536 636 1.051818
537 538 0.558841
537 547 -0.864546
537 637 -1.679498
538 539 -0.510757
538 548 -0.803142
538 638 -0.506051
539 530 0.044731
539 549 0.973885
539 639 -0.422039
540 541 0.921313
540 550 0.434414
540 640 1.173312
541 542 0.010406
541 551 -0.527012
541 641 -0.296201
542 543 2.179667
542 552 0.141130
542 642 -1.190919
543 544 0.533431
543 553 0.619346
543 643 2.144727
544 545 0.063075
544 554 -0.774469
544 644 1.062346
545 546 -1.113514
545 555 0.463885
545 645 -1.476097
546 547 -0.150411
546 556 -2.127693
546 646 0.312883
547 548 -0.739049
547 557 -0.470905
547 647 -0.040919
548 549 0.633454
548 558 -0.681969
548 648 -0.226740
549 540 2.159294
549 559 -1.581287
549 649 -1.012869
550 551 0.609566
550 560 -3.212026
550 650 1.095724
551 552 0.250783
551 561 -0.001466
551 651 0.154048
552 553 0.771451
552 562 -0.181984
552 652 1.875977
553 554 -0.175329
553 563 -0.450005
553 653 -0.207855
554 555 1.361913
554 564 -0.233998
554 654 0.730793
555 556 -0.164801
555 565 0.958099
555 655 -0.911508
556 557 -1.067999
556 566 0.235847
556 656 1.739025
557 558 -1.507010
557 567 -0.691823
557 657 1.050588
558 559 -2.003009
558 568 0.436445
558 658 0.865283
559 550 1.021746
559 569 -0.176341
559 659 1.932832
560 561 1.834382
560 570 0.728277
560 660 0.883962
561 562 2.304707
561 571 -1.222851
561 661 0.375096
562 563 1.792390
562 572 -0.701167
562 662 -1.023344
563 564 -0.566199
563 573 -1.191014
563 663 -1.312389
564 565 -1.418375
564 574 -1.584360
564 664 -0.259120
565 566 -1.235527
565 575 -0.305631
565 665 1.734144
566 567 0.277560
566 576 -0.418736
566 666 -1.311985
567 568 0.749981
567 577 -0.059439
567 667 2.225777
568 569 -1.852030
568 578 -0.276457
568 668 0.607055
569 560 -0.737096
569 579 0.053050
569 669 0.073983
570 571 0.637574
570 580 0.683410
570 670 0.594290
571 572 -0.208128
571 581 -0.699488
571 671 0.174425
572 573 -0.371868
572 582 1.190471
572 672 0.840355
573 574 0.534328
573 583 0.083804
573 673 -0.165538
574 575 0.714224
574 584 0.194729
574 674 0.507202
575 576 -2.147760
575 585 -0.432647
575 675 -0.110462
576 577 -2.559818
576 586 0.318684
576 676 0.945771
577 578 1.349952
577 587 -0.804699
577 677 -0.003083
578 579 -1.263917
578 588 0.389300
578 678 -0.781691
579 570 0.737626
579 589 0.836061
579 679 0.860308
580 581 0.491759
580 590 -2.821738
580 680 -0.219877
581 582 -0.331817
581 591 1.729932
581 681 0.294890
582 583 1.698415
582 592 -0.187552
582 682 0.355563
583 584 1.186530
583 593 -0.562134
583 683 -1.070906
584 585 0.770310
584 594 -0.207498
584 684 -2.010678
585 586 0.814379
585 595 -0.325838
585 685 -0.510408
586 587 -1.189521
586 596 -0.346973
586 686 1.105599
587 588 -0.903484
587 597 2.594100
587 687 0.096090
588 589 0.945672
588 598 1.066651
588 688 -3.457967
589 580 -0.663097
589 599 0.124049
589 689 2.627728
590 591 0.546245
590 500 0.504871
590 690 1.695257
591 592 1.141232
591 501 1.850648
591 691 1.303481
592 593 0.033086
592 502 -0.130601
592 692 0.347903
593 594 0.888751
593 503 -1.253484
593 693 0.488739
594 595 -0.162618
594 504 -0.328677
594 694 -0.006471
595 596 1.447708
595 505 -0.018881
595 695 1.109549
596 597 -0.227686
596 506 0.140630
596 696 -1.669179
597 598 0.782912
597 507 -0.412183
597 697 -0.686732
598 599 -0.954586
598 508 -0.974221
598 698 0.775146
599 590 -0.698635
599 509 0.192400
599 699 1.090720
600 601 1.928964
600 610 1.005818
600 700 -0.330636
601 602 2.056864
601 611 -0.456354
601 701 -1.753497
602 603 -0.130037
602 612 -1.900676
602 702 -0.106722
603 604 -0.883848
603 613 -0.786089
603 703 -0.631247
604 605 -0.439262
604 614 -0.176100
604 704 -0.127242
605 606 0.603032
605 615 -0.205661
605 705 -0.495376
606 607 -0.566522
606 616 0.415262
606 706 -0.343255
607 608 1.584941
607 617 1.170008
607 707 -1.509900
608 609 0.873228
608 618 0.826203
608 708 -0.533055
609 600 -0.719928
609 619 -0.432695
609 709 -0.012364
610 611 -0.248626
610 620 -0.602196
610 710 0.149059
611 612 0.069530
611 621 -0.536372
611 711 0.925079
612 613 0.744681
612 622 0.300932
612 712 0.066917
613 614 -0.261603
613 623 1.146677
613 713 -0.212877
614 615 0.813976
614 624 -0.791558
614 714 0.024680
615 616 -1.421768
615 625 0.287855
615 715 0.898975
616 617 0.371281
616 626 0.801745
616 716 0.647194
617 618 0.628430
617 627 -1.445852
617 717 -2.039345
618 619 1.243411
618 628 0.034767
618 718 -0.867239
619 610 -0.389290
619 629 0.001169
619 719 0.408341
620 621 -0.887876
620 630 -0.993737
620 720 0.097409
621 622 -0.919395
621 631 -1.702501
621 721 -1.703989
622 623 -0.180256
622 632 -0.674134
622 722 -0.509228
623 624 -0.777962
623 633 -0.391071
623 723 2.083397
624 625 -1.039455
624 634 2.016731
624 724 0.179147
625 626 0.541421
625 635 -1.289170
625 725 0.077408
626 627 -2.025540
626 636 -0.087881
626 726 -1.173864
627 628 0.515146
627 637 1.275939
627 727 0.063894
628 629 1.642081
628 638 0.898618
628 728 0.186451
629 620 -0.733902
629 639 -1.484776
629 729 0.331648
630 631 -0.671364
630 640 -0.878961
630 730 0.695475
631 632 -0.355594
631 641 0.871247
631 731 0.070090
632 633 -0.668863
632 642 -0.268802
632 732 0.543248
633 634 -1.218939
633 643 -0.655225
633 733 0.732021
634 635 1.039051
634 644 1.167277
634 734 1.179011
635 636 -1.234202
635 645 -1.924931
635 735 1.631304
636 637 -0.112237
636 646 -1.357711
636 736 1.320692
637 638 0.153764
637 647 0.987705
637 737 1.087648
638 639 -1.799638
638 648 0.637413
638 738 -0.916998
639 630 -0.393632
639 649 -0.846110
639 739 -0.673515
640 641 -1.487992
640 650 0.787740
640 740 1.115981
641 642 -1.156682
641 651 -0.441575
641 741 -0.069670
642 643 0.687740
642 652 0.182039
642 742 2.424864
643 644 -0.116440
643 653 -0.506753
643 743 1.676824
644 645 0.818148
644 654 1.063967
644 744 -0.216579
645 646 0.678035
645 655 -0.243712
645 745 -0.347247
646 647 -0.138941
646 656 1.099012
646 746 -1.708585
647 648 -0.568686
647 657 1.081357
647 747 -0.484003
648 649 -0.007688
648 658 1.264160
648 748 -0.211878
649 640 -1.086266
649 659 -0.359777
649 749 -0.227710
650 651 -0.137949
650 660 -1.037421
650 750 -0.414001
651 652 -0.817469
651 661 -0.884375
651 751 0.543863
652 653 0.154775
652 662 -1.399435
652 752 -1.895698
653 654 0.237340
653 663 -0.202854
653 753 0.623552
654 655 -0.629926
654 664 0.372362
654 754 0.581502
655 656 -0.077545
655 665 -1.076038
655 755 -0.324264
656 657 0.543946
656 666 -1.009022
656 756 0.306405
657 658 -0.048010
657 667 -1.473732
657 757 0.897581
658 659 0.098500
658 668 -0.424443
658 758 1.789372
659 650 -0.305673
659 669 1.497046
659 759 0.687243
660 661 -1.341531
660 670 -0.794744
660 760 -0.826320
661 662 0.192842
661 671 -0.859323
661 761 -0.561492
662 663 -0.467693
662 672 -0.088261
662 762 0.208481
663 664 1.509480
663 673 -0.845571
663 763 -0.303602
664 665 1.298929
664 674 -0.935604
664 764 -0.625263
665 666 -2.346723
665 675 -0.712051
665 765 -0.392585
666 667 1.006930
666 676 2.481347
666 766 -0.338835
667 668 -1.382667
667 677 -1.060469
667 767 -1.015939
668 669 0.094763
668 678 0.452368
668 768 -0.253039
669 660 0.711246
669 679 -0.387235
669 769 -1.048736
670 671 0.102674
670 680 0.955905
670 770 0.122930
671 672 0.872547
671 681 -0.010329
671 771 -0.913391
672 673 -0.221931
672 682 -0.857775
672 772 0.163230
673 674 -2.373491
673 683 -0.121770
673 773 1.178578
674 675 -0.587969
674 684 0.211621
674 774 -0.879414
675 676 0.362409
675 685 -0.844989
675 775 -2.240011
676 677 -1.310851
676 686 -0.626936
676 776 0.691069
677 678 -2.797287
677 687 -1.446074
677 777 0.582246
678 679 -1.038038
678 688 -0.282015
678 778 0.203134
679 670 -0.065253
679 689 -2.035824
679 779 2.014859
680 681 0.607417
680 690 1.622529
680 780 -0.961622
681 682 0.435033
681 691 0.788383
681 781 1.900506
682 683 -0.519104
682 692 0.243767
682 782 -0.541837
683 684 0.548805
683 693 0.128279
683 783 -0.537254
684 685 -0.328117
684 694 -0.041254
684 784 -0.701374
685 686 0.123336
685 695 0.541812
685 785 0.463636
686 687 -0.961465
686 696 -0.936582
686 786 -0.214559
687 688 1.063061
687 697 -1.106738
687 787 0.448832
688 689 0.773639
688 698 -0.789642
688 788 -0.886197
689 680 1.217281
689 699 -0.382735
689 789 -0.896395
690 691 -0.401935
690 600 0.237445
690 790 -0.191332
691 692 0.119566
691 601 2.542962
691 791 0.598228
692 693 -1.054063
692 602 -0.398579
692 792 -0.777904
693 694 0.310388
693 603 0.635638
693 793 0.133363
694 695 1.093343
694 604 -0.464441
694 794 1.020553
695 696 0.330448
695 605 1.122733
695 795 0.350583
696 697 -1.098954
696 606 -0.013723
696 796 -2.762262
697 698 -0.298398
697 607 -1.446416
697 797 -1.470802
698 699 2.293449
698 608 -0.501350
698 798 1.249780
699 690 -0.786804
699 609 -0.425575
699 799 0.120523
700 701 0.773238
700 710 0.106973
700 800 0.851117
701 702 -0.066066
701 711 0.493428
701 801 -0.729798
702 703 -0.964339
702 712 -0.825847
702 802 -0.325000
703 704 -0.504656
703 713 0.742447
703 803 0.592350
704 705 0.575929
704 714 2.496432
704 804 -0.245191
705 706 0.387721
705 715 -1.459859
705 805 -1.114087
706 707 0.281998
706 716 -0.876665
706 806 0.625934
707 708 0.847300
707 717 2.699521
707 807 -0.195677
708 709 0.673668
708 718 0.079637
708 808 -1.590210
709 700 1.108611
709 719 0.627051
709 809 1.485725
710 711 -1.590385
710 720 -0.650427
710 810 0.816500
711 712 -0.945864
711 721 1.578424
711 811 -0.867911
712 713 -0.868878
712 722 -0.157813
712 812 -0.475358
713 714 0.142587
713 723 -0.728535
713 813 -0.309009
714 715 1.728125
714 724 0.929207
714 814 -1.100447
715 716 -0.245638
715 725 -0.073404
715 815 -0.720411
716 717 0.388732
716 726 -1.705181
716 816 -0.167400
717 718 1.412401
717 727 0.142205
717 817 -1.357321
718 719 0.471728
718 728 -1.992813
718 818 0.931957
719 710 1.434825
719 729 -1.461094
719 819 0.253487
720 721 -0.636995
720 730 0.626997
720 820 0.172476
721 722 -0.163624
721 731 -0.435685
721 821 -0.000615
722 723 -0.733785
722 732 -0.559528
722 822 -0.166559
723 724 0.082639
723 733 -2.581584
723 823 0.770800
724 725 -0.719110
724 734 -2.123070
724 824 0.056877
725 726 -0.764072
725 735 0.581844
725 825 0.584945
726 727 0.940632
726 736 -0.530837
726 826 0.535181
727 728 2.092174
727 737 -0.759327
727 827 0.594846
728 729 -0.858651
728 738 0.625544
728 828 -1.230501
729 720 1.237253
729 739 2.202441
729 829 -1.453473
730 731 0.211615
730 740 0.131162
730 830 -0.997848
731 732 0.454125
731 741 0.285332
731 831 -0.741548
732 733 -0.195166
732 742 -1.227598
732 832 -0.399938
733 734 -0.468538
733 743 -1.069519
733 833 1.485637
734 735 -0.158794
734 744 -0.094965
734 834 -0.068440
735 736 -1.162965
735 745 0.905636
735 835 -0.413327
736 737 0.833748
736 746 -1.852681
736 836 1.173147
737 738 0.012678
737 747 -0.708364
737 837 1.535794
738 739 1.596790
738 748 -1.982392
738 838 1.476804
739 730 -0.324565
739 749 0.733923
739 839 0.023372
740 741 -1.280873
740 750 -1.314097
740 840 0.405186
741 742 1.279011
741 751 -0.195611
741 841 1.163455
742 743 2.098133
742 752 0.065419
742 842 -1.795619
743 744 0.297292
743 753 -0.565502
743 843 -1.455651
744 745 0.011027
744 754 -0.118155
744 844 0.417443
745 746 -0.749040
745 755 0.586588
745 845 0.150558
746 747 0.489934
746 756 -0.799517
746 846 -1.525896
747 748 0.711629
747 757 -1.752209
747 847 0.135876
748 749 -0.587744
748 758 0.809703
748 848 0.506331
749 740 -0.642835
749 759 -1.282684
749 849 -0.140831
750 751 1.270030
750 760 0.394145
750 850 -1.065910
751 752 -0.456382
751 761 -0.370899
751 851 0.463705
752 753 0.064708
752 762 -1.279645
752 852 0.418448
753 754 -0.529660
753 763 -0.576525
753 853 1.299009
754 755 -0.370494
754 764 1.013055
754 854 -0.596583
755 756 0.241813
755 765 1.360935
755 855 -0.954425
756 757 -1.833485
756 766 0.104507
756 856 -1.334559
757 758 1.027252
757 767 0.286975
757 857 0.274081
758 759 0.273755
758 768 0.232358
758 858 2.011398
759 750 -0.890971
759 769 -0.161567
759 859 -0.146862
760 761 -1.722125
760 770 0.311723
760 860 1.189271
761 762 0.309365
761 771 0.968194
761 861 -1.575941
762 763 1.733459
762 772 -0.646318
762 862 0.631856
763 764 -0.132204
763 773 -0.809358
763 863 -1.271247
764 765 -1.802599
764 774 0.246632
764 864 1.055459
765 766 -1.440640
765 775 0.016612
765 865 0.614046
766 767 -0.233703
766 776 0.256035
766 866 -0.738154
767 768 1.203342
767 777 -0.004279
767 867 -0.712931
768 769 1.291677
768 778 1.202109
768 868 -1.782330
769 760 0.918132
769 779 0.848571
769 869 0.153769
770 771 -1.177661
770 780 0.792464
770 870 -0.483434
771 772 0.539675
771 781 1.195564
771 871 0.014968
772 773 -0.129197
772 782 0.631969
772 872 -1.530536
773 774 0.001573
773 783 0.172468
773 873 0.241325
774 775 1.020359
774 784 0.967949
774 874 -0.969492
775 776 1.483650
775 785 0.514956
775 875 -0.043670
776 777 1.418590
776 786 0.512978
776 876 -0.394581
777 778 -0.723992
777 787 0.000867
777 877 2.075292
778 779 1.009450
778 788 -0.249367
778 878 0.064340
779 770 0.152210
779 789 0.327612
779 879 0.383643
780 781 -0.138258
780 790 -0.469602
780 880 -0.103652
781 782 0.314294
781 791 0.027408
781 881 -0.454249
782 783 0.642687
782 792 0.272159
782 882 1.399569
783 784 1.375983
783 793 0.370250
783 883 0.125818
784 785 0.240302
784 794 2.106661
784 884 -0.853033
785 786 0.618934
785 795 0.563183
785 885 0.357873
786 787 -0.254251
786 796 0.203249
786 886 -0.370645
787 788 0.049421
787 797 1.389429
787 887 -0.645551
788 789 -0.971835
788 798 0.283173
788 888 -1.973200
789 780 0.101601
789 799 -0.784300
789 889 -0.368342
790 791 2.478619
790 700 -0.828166
790 890 0.292857
791 792 0.217016
791 701 -0.988357
791 891 0.592252
792 793 0.826110
792 702 0.780991
792 892 -0.619041
793 794 -1.971091
793 703 0.491440
793 893 0.237688
794 795 -2.263385
794 704 0.647040
794 894 -1.404588
795 796 -0.098896
795 705 0.952862
795 895 1.081949
796 797 0.298492
796 706 1.030111
796 896 0.007535
797 798 0.620755
797 707 -1.300021
797 897 1.856907
798 799 -0.160972
798 708 1.197614
798 898 -1.015837
799 790 -1.862632
799 709 0.214799
799 899 -0.487564
800 801 -0.264532
800 810 -0.708769
800 900 -0.729665
801 802 -0.540339
801 811 -2.289954
801 901 -0.928376
802 803 -0.866466
802 812 0.910890
802 902 -1.464319
803 804 -0.075385
803 813 -0.242670
803 903 0.383185
804 805 -0.613640
804 814 -2.505148
804 904 0.688687
805 806 0.607548
805 815 -0.009307
805 905 0.313252
806 807 -0.215886
806 816 -0.427311
806 906 -0.326891
807 808 -0.268624
807 817 1.139383
807 907 1.792001
808 809 2.026487
808 818 -1.129093
808 908 0.918206
809 800 0.144178
809 819 -1.815419
809 909 0.706094
810 811 -0.135206
810 820 0.239470
810 910 -1.156501
811 812 0.308593
811 821 0.593438
811 911 0.440120
812 813 0.124650
812 822 0.021636
812 912 -0.111428
813 814 -0.667281
813 823 1.235045
813 913 -1.365625
814 815 0.268489
814 824 0.654853
814 914 1.486894
815 816 -0.702987
815 825 -0.015977
815 915 -1.264162
816 817 -0.621357
816 826 1.135483
816 916 0.001894
817 818 0.019926
817 827 1.112869
817 917 1.058858
818 819 -0.213636
818 828 0.208091
818 918 -0.519508
819 810 -0.416094
819 829 0.096679
819 919 0.702943
820 821 -0.059491
820 830 3.321584
820 920 -0.892929
821 822 -1.343981
821 831 0.233020
821 921 -1.374504
822 823 1.202422
822 832 -0.744988
822 922 1.141143
823 824 -1.858677
823 833 0.043585
823 923 0.873901
824 825 0.912888
824 834 -0.800385
824 924 1.740619
825 826 1.991957
825 835 -0.747911
825 925 1.124462
826 827 -1.056852
826 836 0.483170
826 926 0.622067
827 828 -2.245979
827 837 -1.711509
827 927 -0.030697
828 829 0.792014
828 838 0.456780
828 928 0.758658
829 820 -1.211945
829 839 -0.663961
829 929 1.859224
830 831 0.434175
830 840 0.645282
830 930 -0.070845
831 832 0.238568
831 841 0.618039
831 931 -0.961941
832 833 -1.253731
832 842 -0.059280
832 932 -0.316031
833 834 -0.675129
833 843 1.732506
833 933 1.242579
834 835 -1.038459
834 844 -0.694829
834 934 -0.702860
835 836 1.387490
835 845 0.896790
835 935 0.226416
836 837 0.852212
836 846 0.351511
836 936 0.234213
837 838 -0.971881
837 847 -0.390670
837 937 0.406680
838 839 -1.864686
838 848 0.371708
838 938 -0.299308
839 830 0.921231
839 849 -2.349459
839 939 -0.193918
840 841 2.492291
840 850 0.261216
840 940 -0.145556
841 842 0.396602
841 851 0.518953
841 941 1.347119
842 843 -0.553719
842 852 2.545119
842 942 -0.264868
843 844 1.559375
843 853 0.242572
843 943 0.314427
844 845 0.992205
844 854 -1.193050
844 944 -2.011634
845 846 -0.099864
845 855 -0.271667
845 945 1.647218
846 847 -0.059168
846 856 -0.533546
846 946 -0.144567
847 848 1.062746
847 857 -1.246860
847 947 -0.744241
848 849 -1.075089
848 858 -1.438020
848 948 -1.034272
849 840 -0.689040
849 859 -0.338223
849 949 0.108739
850 851 0.395776
850 860 -0.632219
850 950 1.397313
851 852 -1.273248
851 861 -1.623616
851 951 0.389762
852 853 -0.503050
852 862 -0.534991
852 952 -0.189834
853 854 0.325295
853 863 1.802753
853 953 -1.138249
854 855 -0.514159
854 864 -0.079748
854 954 0.164253
855 856 1.228448
855 865 -2.273654
855 955 0.406507
856 857 0.884111
856 866 0.161282
856 956 -0.219559
857 858 -1.017302
857 867 -1.169097
857 957 1.210948
858 859 -0.656627
858 868 0.323813
858 958 0.650985
859 850 -1.346937
859 869 -0.189735
859 959 1.917647
860 861 -1.761437
860 870 -1.709964
860 960 -0.534952
861 862 -1.579510
861 871 0.668179
861 961 1.297623
862 863 -0.503632
862 872 -1.518360
862 962 0.454464
863 864 -0.710485
863 873 0.486891
863 963 -0.129119
864 865 -0.516467
864 874 0.868995
864 964 -0.741123
865 866 0.279052
865 875 0.905346
865 965 -0.324057
866 867 -0.798212
866 876 0.351546
866 966 -1.116856
867 868 -0.326789
867 877 -0.674770
867 967 -0.691710
868 869 1.115921
868 878 1.229765
868 968 -0.822951
869 860 -0.192650
869 879 -1.960923
869 969 -0.230720
870 871 -0.624302
870 880 0.974948
870 970 -0.319146
871 872 1.335689
871 881 -0.566829
871 971 -0.507268
872 873 -0.097677
872 882 0.900353
872 972 -1.356674
873 874 -0.383384
873 883 0.470338
873 973 -0.441415
874 875 0.095398
874 884 -0.577991
874 974 0.062771
875 876 -1.182355
875 885 0.972914
875 975 0.374375
876 877 0.182588
876 886 -0.547499
876 976 1.937240
877 878 -0.120624
877 887 0.958696
877 977 0.166417
878 879 0.619790
878 888 -0.974050
878 978 -1.011509
879 870 -0.321814
879 889 -0.001653
879 979 1.337014
880 881 0.626194
880 890 0.440836
880 980 2.738469
881 882 0.473005
881 891 -2.959259
881 981 -0.023609
882 883 1.695588
882 892 0.372381
882 982 1.213720
883 884 -0.591501
883 893 0.018551
883 983 0.740158
884 885 -1.503640
884 894 0.949377
884 984 0.673709
885 886 -0.813143
885 895 -1.775397
885 985 0.156864
886 887 0.897990
886 896 -1.468840
886 986 -0.437874
887 888 0.946754
887 897 0.564333
887 987 0.801505
888 889 2.838034
888 898 -0.208211
888 988 0.917532
889 880 1.326315
889 899 1.227460
889 989 1.030272
890 891 -2.356177
890 800 0.417363
890 990 -1.020276
891 892 0.668051
891 801 -0.769486
891 991 -0.663251
892 893 1.669131
892 802 0.215615
892 992 -1.091196
893 894 0.311246
893 803 0.977583
893 993 1.504098
894 895 1.427198
894 804 -0.008822
894 994 0.719024
895 896 0.310300
895 805 0.095113
895 995 -1.205144
896 897 0.118709
896 806 -1.796223
896 996 0.455024
897 898 -0.650973
897 807 -1.389511
897 997 1.412058
898 899 -0.855725
898 808 -0.548677
898 998 1.366189
899 890 -0.401527
899 809 0.180719
899 999 1.920096
900 901 -0.050308
900 910 -1.894227
900 0 -0.973743
901 902 -0.077659
901 911 0.576373
901 1 -0.684277
902 903 -1.837181
902 912 -0.219349
902 2 0.051618
903 904 -0.212245
903 913 1.157135
903 3 0.280565
904 905 -0.358834
904 914 -0.085904
904 4 -0.924355
905 906 -0.041432
905 915 -0.202514
905 5 0.444457
906 907 1.264801
906 916 0.778981
906 6 1.301703
907 908 0.261598
907 917 0.922075
907 7 -0.572494
908 909 0.288391
908 918 0.348829
908 8 0.417977
909 900 0.553777
909 919 -0.511197
909 9 0.328291
910 911 2.275811
910 920 0.901696
910 10 -0.696319
911 912 1.153612
911 921 0.321729
911 11 0.871463
912 913 -1.323680
912 922 0.946115
912 12 0.616699
913 914 -1.034792
913 923 1.061674
913 13 1.490029
914 915 -0.184925
914 924 0.382158
914 14 -0.323984
915 916 0.942766
915 925 -1.120618
915 15 0.451578
916 917 0.950526
916 926 0.087524
916 16 -1.330583
917 918 0.970723
917 927 0.228316
917 17 -0.376334
918 919 -0.177172
918 928 1.087620
918 18 -2.104090
919 910 0.134693
919 929 -0.558085
919 19 0.385182
920 921 1.348737
920 930 1.930064
920 20 -0.927822
921 922 1.108101
921 931 0.392270
921 21 -0.561738
922 923 0.376444
922 932 0.059035
922 22 -0.211834
923 924 -0.231352
923 933 1.208460
923 23 -0.517042
924 925 0.320202
924 934 -0.003007
924 24 -1.218425
925 926 -0.349485
925 935 0.076103
925 25 -0.718804
926 927 0.935246
926 936 -0.878208
926 26 -1.125582
927 928 -1.610094
927 937 0.737951
927 27 1.083012
928 929 -0.817871
928 938 0.135861
928 28 1.455468
929 920 1.738974
929 939 -1.581604
929 29 -0.126473
930 931 0.703608
930 940 0.741168
930 30 -0.098502
931 932 -0.633743
931 941 0.611189
931 31 -0.167978
932 933 -0.184439
932 942 0.371016
932 32 0.983735
933 934 -0.465548
933 943 1.419569
933 33 -0.956340
934 935 -1.033546
934 944 -0.098634
934 34 -1.606693
935 936 -0.261279
935 945 2.235197
935 35 -0.791957
936 937 -0.013684
936 946 -1.357525
936 36 0.039953
937 938 0.960596
937 947 -2.222680
937 37 0.449510
938 939 1.238766
938 948 -1.068167
938 38 0.016797
939 930 -1.409254
939 949 1.327819
939 39 1.285956
940 941 -0.323491
940 950 -0.938864
940 40 -0.929064
941 942 -1.250077
941 951 -2.282427
941 41 -0.026209
942 943 1.462896
942 952 0.193992
942 42 0.476381
943 944 -0.584011
943 953 -0.030332
943 43 0.722576
944 945 0.345980
944 954 0.905892
944 44 1.301188
945 946 -0.323284
945 955 -1.019706
945 45 0.712894
946 947 -0.572530
946 956 -0.625191
946 46 2.443739
947 948 0.563048
947 957 0.365981
947 47 -0.388591
948 949 -1.556482
948 958 1.198390
948 48 -1.127287
949 940 0.944002
949 959 -1.231157
949 49 -1.465593
950 951 -1.226555
950 960 1.020415
950 50 1.421688
951 952 -0.849546
951 961 -0.733429
951 51 0.075475
952 953 -0.562715
952 962 -1.075766
952 52 -0.233594
953 954 2.080764
953 963 -1.120344
953 53 0.474541
954 955 -0.183329
954 964 -0.036891
954 54 2.045400
955 956 -0.195456
955 965 0.677179
955 55 0.297120
956 957 -1.883936
956 966 1.304484
956 56 -1.529374
957 958 -1.455513
957 967 -1.231086
957 57 -1.157244
958 959 0.290003
958 968 -0.337784
958 58 -0.455665
959 950 -0.569085
959 969 0.382066
959 59 0.349601
960 961 0.441693
960 970 0.517946
960 60 -0.393469
961 962 -0.913223
961 971 0.857109
961 61 -0.547478
962 963 -0.236085
962 972 0.671828
962 62 0.781592
963 964 -0.408310
963 973 0.484720
963 63 0.646552
964 965 -0.964129
964 974 -0.902715
964 64 -0.409448
965 966 1.578260
965 975 -2.386709
965 65 -0.380734
966 967 -1.730175
966 976 -0.233807
966 66 1.012957
967 968 -0.213944
967 977 0.140926
967 67 -0.656344
968 969 0.675749
968 978 -1.398357
968 68 -0.865853
969 960 0.460039
969 979 0.122650
969 69 0.765023
970 971 0.371827
970 980 0.417219
970 70 1.343541
971 972 0.848140
971 981 0.487385
971 71 0.134470
972 973 -0.491894
972 982 0.773644
972 72 -0.773022
973 974 0.191903
973 983 0.608961
973 73 -1.630316
974 975 0.361790
974 984 0.620061
974 74 -0.934084
975 976 -1.423313
975 985 0.138287
975 75 0.665309
976 977 0.654845
976 986 0.555762
976 76 -0.077617
977 978 -1.064637
977 987 -1.233105
977 77 -0.479641
978 979 -2.661312
978 988 -0.479220
978 78 -0.486043
979 970 0.051104
979 989 -0.453982
979 79 0.268252
980 981 -0.271834
980 990 -0.921047
980 80 -1.470456
981 982 0.447580
981 991 -0.180319
981 81 1.754575
982 983 0.208802
982 992 2.977318
982 82 0.903626
983 984 -0.166940
983 993 -1.468562
983 83 0.493259
984 985 -1.997185
984 994 0.573079
984 84 0.735269
985 986 2.359121
985 995 0.300549
985 85 -2.963770
986 987 -0.644643
986 996 1.908434
986 86 0.152029
987 988 0.186662
987 997 -1.335015
987 87 0.531615
988 989 -1.175657
988 998 0.447494
988 88 0.995296
989 980 1.578774
989 999 0.388449
989 89 -0.081399
990 991 -0.282536
990 900 1.307765
990 90 -0.696788
991 992 -0.625958
991 901 1.117010
991 91 2.436191
992 993 0.714812
992 902 0.008903
992 92 -1.022603
993 994 -0.909368
993 903 -0.484298
993 93 -0.180376
994 995 -0.243967
994 904 -0.354762
994 94 0.034386
995 996 1.474510
995 905 -0.396239
995 95 -0.298240
996 997 -0.616436
996 906 -0.357323
996 96 0.205681
997 998 -1.389744
997 907 -0.819619
997 97 -0.256900
998 999 0.768787
998 908 -0.352454
998 98 0.011963
999 990 -0.310297
999 909 0.023038
999 99 -0.319167
