0 1 -0.573883
0 10 -0.396645
0 100 -0.117718
1 2 -0.183253
1 11 -0.999046
1 101 -0.713069
2 3 -0.995793
2 12 1.967472
2 102 -0.063855
3 4 0.571284
3 13 1.022223
3 103 0.196631
4 5 -0.335241
4 14 0.455617
4 104 -1.330643
5 6 -0.716967
5 15 0.422140
5 105 0.068954
6 7 -0.031992
6 16 -1.121006
6 106 0.697336
7 8 -0.468775
7 17 -0.694736
7 107 -1.418678
8 9 -1.151465
8 18 0.306038
8 108 1.301630
9 0 -0.853531
9 19 1.529521
9 109 1.171327
10 11 0.348908
10 20 -0.553667
10 110 -0.476195
11 12 -0.716595
11 21 -0.623532
11 111 0.463205
12 13 1.657312
12 22 0.028458
12 112 -0.879753
13 14 -0.487956
13 23 -2.411189
13 113 -0.726103
14 15 0.825378
14 24 -0.159884
14 114 -0.178112
15 16 1.125152
15 25 -1.976397
15 115 -0.708706
16 17 -0.381881
16 26 -0.798224
16 116 -0.334475
17 18 0.836486
17 27 1.497541
17 117 -0.230986
18 19 -1.275026
18 28 0.535903
18 118 0.865488
19 10 0.271195
19 29 1.512501
19 119 -0.256109
20 21 -1.272432
20 30 -1.211967
20 120 -1.839246
21 22 0.392060
21 31 -0.818135
21 121 -0.679446
22 23 -1.544005
22 32 0.398598
22 122 -0.744189
23 24 -0.911228
23 33 -0.680767
23 123 1.316644
24 25 0.724193
24 34 -1.832440
24 124 -0.874969
25 26 -0.142209
25 35 -0.619056
25 125 0.678314
26 27 1.245803
26 36 -0.235377
26 126 -0.917121
27 28 -1.745797
27 37 0.418570
27 127 0.182947
28 29 -1.275170
28 38 -0.854698
28 128 -0.132056
29 20 -1.357595
29 39 -1.548036
29 129 -0.006475
30 31 0.423947
30 40 -0.769801
30 130 1.147322
31 32 -0.308317
31 41 0.843157
31 131 -1.103377
32 33 0.221445
32 42 -0.436720
32 132 0.550540
33 34 0.696398
33 43 0.923049
33 133 -1.476936
34 35 -1.954366
34 44 -0.447718
34 134 0.571236
35 36 -0.829960
35 45 0.407806
35 135 -0.399528
36 37 -0.977059
36 46 -1.997230
36 136 -0.626360
37 38 0.726522
37 47 0.260209
37 137 -2.030093
38 39 -0.815742
38 48 -0.924429
38 138 -1.009116
39 30 1.105480
39 49 0.609321
39 139 -0.765124
40 41 -0.288605
40 50 -0.450849
40 140 0.209532
41 42 -1.064530
41 51 -1.106361
41 141 -0.836922
42 43 -1.358368
42 52 1.993481
42 142 0.722210
43 44 1.056587
43 53 0.440624
43 143 -0.007761
44 45 -1.340776
44 54 -1.549682
44 144 -0.659934
45 46 -0.556262
45 55 0.063192
45 145 0.529152
46 47 0.959217
46 56 0.321490
46 146 2.708170
47 48 -0.223166
47 57 -1.084941
47 147 -0.407489
48 49 1.372043
48 58 -1.551724
48 148 -1.701947
49 40 -0.089933
49 59 0.238540
49 149 0.027470
50 51 0.525415
50 60 0.557134
50 150 0.585363
51 52 -0.046501
51 61 0.938017
51 151 -0.104460
52 53 -1.295828
52 62 -0.626553
52 152 0.062911
53 54 2.171711
53 63 -0.342936
53 153 -0.573178
54 55 0.042290
54 64 -0.565269
54 154 -0.606700
55 56 0.795335
55 65 -1.842013
55 155 -0.653439
56 57 1.354583
56 66 -0.548774
56 156 -0.832489
57 58 1.390855
57 67 0.974404
57 157 -1.283476
58 59 -0.550820
58 68 -0.493137
58 158 -2.360083
59 50 -0.831069
59 69 -0.154551
59 159 0.009728
60 61 0.372899
60 70 0.265331
60 160 1.555944
61 62 -2.665179
61 71 0.791967
61 161 1.665364
62 63 -2.058604
62 72 -1.811007
62 162 -0.932803
63 64 0.747282
63 73 -0.885981
63 163 -0.199709
64 65 0.036556
64 74 -1.004774
64 164 0.103647
65 66 -0.675431
65 75 -0.116168
65 165 0.921938
66 67 1.194957
66 76 0.924327
66 166 1.374674
67 68 -0.439536
67 77 1.045562
67 167 -0.623129
68 69 -1.618723
68 78 -0.430974
68 168 0.292438
69 60 -1.793487
69 79 0.582218
69 169 -1.885029
70 71 0.894106
70 80 1.327085
70 170 1.702518
71 72 1.875783
71 81 -1.484709
71 171 2.317533
72 73 -1.846107
72 82 -0.317925
72 172 -1.461867
73 74 0.827309
73 83 -0.633327
73 173 0.817463
74 75 -1.203307
74 84 1.638866
74 174 -0.355423
75 76 0.884213
75 85 -1.343945
75 175 -1.880287
76 77 -0.407385
76 86 0.287577
76 176 -0.334688
77 78 -0.598295
77 87 -1.293879
77 177 0.403488
78 79 0.846037
78 88 0.106531
78 178 0.116712
79 70 -0.533520
79 89 -0.839908
79 179 0.310680
80 81 -0.383864
80 90 -0.954122
80 180 0.607974
81 82 -0.627416
81 91 1.077593
81 181 0.320950
82 83 -0.216502
82 92 1.443915
82 182 0.445894
83 84 0.655923
83 93 0.614540
83 183 0.283939
84 85 0.968059
84 94 -0.250966
84 184 0.408909
85 86 -0.080915
85 95 -0.127052
85 185 -2.037354
86 87 -1.643474
86 96 -1.552867
86 186 -1.225128
87 88 -1.101769
87 97 -1.073206
87 187 -0.030657
88 89 -1.412574
88 98 -0.585161
88 188 1.256209
89 80 -0.924465
89 99 -0.194637
89 189 -0.642632
90 91 0.728021
90 0 0.556674
90 190 0.081992
91 92 -0.718384
91 1 -0.396323
91 191 0.542557
92 93 0.426744
92 2 -0.073064
92 192 1.457486
93 94 0.551696
93 3 -1.053030
93 193 -1.582934
94 95 -1.279117
94 4 1.515024
94 194 1.415663
95 96 -0.886556
95 5 -2.112471
95 195 -0.116650
96 97 -0.340248
96 6 -0.479134
96 196 1.135805
97 98 -0.870404
97 7 -0.140709
97 197 0.020287
98 99 0.483370
98 8 0.145732
98 198 -0.189088
99 90 0.641887
99 9 -0.622508
99 199 1.750245
100 101 0.847996
100 110 2.617777
100 200 1.301641
101 102 -0.462340
101 111 0.647539
101 201 -0.476494
102 103 -3.058526
102 112 0.450056
102 202 0.100098
103 104 -0.827603
103 113 -0.616653
103 203 -0.817092
104 105 -1.711767
104 114 1.366522
104 204 1.620857
105 106 0.834557
105 115 0.753961
105 205 -1.754313
106 107 1.114241
106 116 -0.147474
106 206 0.361271
107 108 -0.607261
107 117 0.966317
107 207 1.846801
108 109 0.969005
108 118 -0.926772
108 208 1.061060
109 100 -0.677476
109 119 -0.020994
109 209 2.358522
110 111 -0.017286
110 120 -0.786220
110 210 -0.322247
111 112 -0.711146
111 121 1.023337
111 211 -0.912203
112 113 -1.198310
112 122 0.054206
112 212 -0.771684
113 114 -0.783336
113 123 -0.567007
113 213 1.046285
114 115 -0.585087
114 124 -0.814991
114 214 1.760188
115 116 0.814189
115 125 -0.245544
115 215 -0.478006
116 117 -0.895309
116 126 0.255090
116 216 0.125377
117 118 1.247640
117 127 -0.766457
117 217 1.831947
118 119 0.803334
118 128 -0.580237
118 218 -1.343857
119 110 1.766804
119 129 0.714543
119 219 -2.690759
120 121 0.455534
120 130 0.574264
120 220 -0.663111
121 122 1.518707
121 131 0.256310
121 221 -0.160637
122 123 0.349697
122 132 -0.354332
122 222 0.154258
123 124 0.128934
123 133 -1.282032
123 223 0.647857
124 125 0.428920
124 134 -0.519889
124 224 0.988080
125 126 -0.175842
125 135 -1.040830
125 225 -0.453839
126 127 -0.141302
126 136 1.165176
126 226 -0.606573
127 128 -0.916853
127 137 0.472503
127 227 -1.349743
128 129 0.713517
128 138 1.321075
128 228 -0.662868
129 120 -0.522659
129 139 0.772348
129 229 -1.563831
130 131 0.293330
130 140 0.643048
130 230 0.486316
131 132 1.336784
131 141 -0.645310
131 231 0.821350
132 133 0.688454
132 142 -0.180702
132 232 -0.086322
133 134 -2.049949
133 143 -0.826958
133 233 -0.047055
134 135 -1.479135
134 144 -1.772471
134 234 0.215187
135 136 -1.034528
135 145 0.012165
135 235 -0.356901
136 137 2.466879
136 146 -1.154948
136 236 0.542169
137 138 1.045641
137 147 0.850822
137 237 -0.878379
138 139 -1.523633
138 148 -0.913773
138 238 1.109150
139 130 -0.396217
139 149 0.329053
139 239 -0.574135
140 141 0.748802
140 150 1.037856
140 240 0.698368
141 142 0.870379
141 151 -0.242038
141 241 -0.507899
142 143 -0.755755
142 152 0.588914
142 242 0.059829
143 144 0.562564
143 153 -1.617595
143 243 0.847628
144 145 -0.591293
144 154 0.706646
144 244 0.687091
145 146 0.576195
145 155 -1.320589
145 245 -1.820802
146 147 -0.345760
146 156 0.350495
146 246 0.799292
147 148 0.301013
147 157 -0.004504
147 247 0.022368
148 149 0.841699
148 158 -2.118518
148 248 1.938874
149 140 0.050406
149 159 -1.085578
149 249 0.533141
150 151 -0.817402
150 160 1.058019
150 250 2.155553
151 152 -0.073190
151 161 0.011757
151 251 -0.513698
152 153 -0.836664
152 162 -0.724000
152 252 2.070761
153 154 -0.574432
153 163 -0.624332
153 253 0.192019
154 155 1.528926
154 164 0.475879
154 254 1.227144
155 156 1.803156
155 165 0.922586
155 255 1.028542
156 157 0.117883
156 166 0.021402
156 256 0.467809
157 158 -0.316039
157 167 1.044999
157 257 0.590570
158 159 0.032437
158 168 1.945429
158 258 0.008981
159 150 -0.480933
159 169 -0.932397
159 259 -1.485592
160 161 -0.688524
160 170 0.294190
160 260 -0.039074
161 162 1.086848
161 171 -0.575674
161 261 -0.152048
162 163 1.077706
162 172 -0.794976
162 262 0.727147
163 164 -0.515585
163 173 0.773259
163 263 0.057711
164 165 -1.047333
164 174 0.758723
164 264 0.614452
165 166 2.015707
165 175 -1.835700
165 265 -1.843977
166 167 -0.541082
166 176 0.197983
166 266 -1.475116
167 168 0.654945
167 177 1.091942
167 267 1.515404
168 169 -1.082568
168 178 1.390157
168 268 0.322340
169 160 0.047696
169 179 -0.989361
169 269 1.080328
170 171 1.485211
170 180 -0.648700
170 270 0.111090
171 172 1.693129
171 181 -1.345451
171 271 0.412451
172 173 -0.165587
172 182 -1.600419
172 272 0.043600
173 174 -1.951760
173 183 0.566643
173 273 -1.663463
174 175 1.054338
174 184 -1.293634
174 274 2.407723
175 176 -0.303749
175 185 0.433857
175 275 -0.392355
176 177 2.134877
176 186 -0.800019
176 276 -0.317083
177 178 0.607413
177 187 0.335358
177 277 -0.195363
178 179 -1.037042
178 188 0.052193
178 278 -0.230947
179 170 -1.028551
179 189 0.990501
179 279 -1.611991
180 181 -1.139373
180 190 -0.573811
180 280 2.064341
181 182 -0.264782
181 191 0.320896
181 281 1.161086
182 183 -0.885268
182 192 1.548110
182 282 -0.576404
183 184 -0.021399
183 193 -0.469833
183 283 -0.063786
184 185 -1.668414
184 194 -1.051007
184 284 0.157873
185 186 0.975721
185 195 -1.890432
185 285 1.373164
186 187 0.939535
186 196 -1.775178
186 286 -0.075479
187 188 0.750460
187 197 -1.062114
187 287 0.697721
188 189 0.056286
188 198 -1.547558
188 288 0.591964
189 180 -1.101771
189 199 -0.842539
189 289 1.417091
190 191 -1.127843
190 100 -0.290816
190 290 2.185858
191 192 -0.087320
191 101 0.339044
191 291 1.989691
192 193 -0.045044
192 102 -0.514567
192 292 -1.358135
193 194 1.417185
193 103 2.375569
193 293 0.187950
194 195 -1.454417
194 104 2.258285
194 294 0.159314
195 196 -0.190675
195 105 0.418369
195 295 1.085597
196 197 -0.462257
196 106 -0.313752
196 296 -1.233030
197 198 0.662720
197 107 -0.932337
197 297 -0.068067
198 199 -2.471918
198 108 -2.211426
198 298 2.126231
199 190 2.122336
199 109 -0.157791
199 299 -0.241088
200 201 0.146812
200 210 0.601941
200 300 0.571247
201 202 -0.055024
201 211 0.388710
201 301 0.869667
202 203 -1.227250
202 212 0.189963
202 302 0.010060
203 204 -0.133363
203 213 -0.073675
203 303 -1.113201
204 205 -1.432655
204 214 0.819031
204 304 -1.607993
205 206 -0.489416
205 215 -1.088566
205 305 -0.689435
206 207 -0.914985
206 216 -0.549233
206 306 0.556524
207 208 0.640692
207 217 -0.158474
207 307 -3.472912
208 209 -2.471057
208 218 -0.943336
208 308 0.843126
209 200 1.495587
209 219 1.201055
209 309 1.109548
210 211 0.424664
210 220 1.566594
210 310 -0.994501
211 212 -0.787570
211 221 0.928575
211 311 1.240333
212 213 0.787866
212 222 -0.569591
212 312 -0.307091
213 214 -1.673164
213 223 -0.034539
213 313 -0.766353
214 215 -2.230418
214 224 -0.652836
214 314 -0.287237
215 216 -1.342466
215 225 -0.893405
215 315 -0.054378
216 217 0.934420
216 226 -0.375846
216 316 0.164225
217 218 -0.833342
217 227 -1.003700
217 317 -1.126440
218 219 1.403931
218 228 0.318333
218 318 -0.348814
219 210 -0.124598
219 229 -0.391611
219 319 0.805919
220 221 -0.180063
220 230 -0.413646
220 320 -0.409117
221 222 -0.247953
221 231 1.401469
221 321 0.091427
222 223 -1.266279
222 232 -1.058745
222 322 2.291370
223 224 0.403928
223 233 -0.122181
223 323 -0.188660
224 225 1.031560
224 234 1.742257
224 324 0.632678
225 226 -1.023773
225 235 -1.413293
225 325 -1.980401
226 227 -0.780774
226 236 0.375768
226 326 1.933279
227 228 -0.438790
227 237 -0.153965
227 327 0.199471
228 229 -1.320194
228 238 -0.428930
228 328 -0.137954
229 220 -1.380827
229 239 -0.561376
229 329 -0.080978
230 231 0.663662
230 240 -0.653662
230 330 0.987899
231 232 -1.522603
231 241 -0.965328
231 331 -0.131469
232 233 0.189336
232 242 0.806831
232 332 1.324623
233 234 -0.657375
233 243 -0.497889
233 333 0.758200
234 235 -1.639604
234 244 0.626493
234 334 -1.881418
235 236 -0.464730
235 245 -0.805458
235 335 -0.639627
236 237 0.304994
236 246 1.428148
236 336 -0.279316
237 238 -0.319099
237 247 0.943166
237 337 0.773414
238 239 0.201439
238 248 1.397551
238 338 -0.851069
239 230 0.637654
239 249 0.130901
239 339 -0.823221
240 241 -0.113944
240 250 -1.041127
240 340 0.252292
241 242 -0.955047
241 251 0.157860
241 341 -0.438895
242 243 -1.417175
242 252 1.138162
242 342 0.563952
243 244 -1.551693
243 253 1.183234
243 343 -0.290967
244 245 0.039417
244 254 -1.319545
244 344 0.401228
245 246 -0.511511
245 255 1.664345
245 345 -0.423349
246 247 -1.114208
246 256 -0.505441
246 346 0.133786
247 248 1.216850
247 257 1.588765
247 347 0.889038
248 249 0.323783
248 258 -1.160562
248 348 -0.570401
249 240 0.273556
249 259 1.057206
249 349 -1.170656
250 251 -1.949990
250 260 -1.715350
250 350 -2.135816
251 252 -0.111106
251 261 -0.037232
251 351 -1.291444
252 253 0.488331
252 262 0.513726
252 352 -1.343244
253 254 -0.296719
253 263 -0.106841
253 353 -0.121820
254 255 -0.054497
254 264 0.670665
254 354 -2.206336
255 256 0.596989
255 265 -1.566731
255 355 0.374524
256 257 1.349999
256 266 -1.215339
256 356 0.351931
257 258 0.032712
257 267 -0.505961
257 357 -1.284305
258 259 -3.169395
258 268 -1.174109
258 358 -1.082932
259 250 0.056288
259 269 0.935965
259 359 -0.607664
260 261 1.049330
260 270 0.113517
260 360 0.452550
261 262 1.815255
261 271 -0.757356
261 361 -0.379850
262 263 1.233939
262 272 0.762927
262 362 -0.388302
263 264 -2.172737
263 273 -2.512990
263 363 -0.399214
264 265 -0.755731
264 274 1.036953
264 364 -2.073412
265 266 -0.573727
265 275 -0.438409
265 365 0.213534
266 267 -0.475110
266 276 -0.099552
266 366 1.486518
267 268 -2.357829
267 277 -1.494777
267 367 1.138800
268 269 -1.791938
268 278 -0.552362
268 368 0.465529
269 260 -0.376779
269 279 1.137341
269 369 1.069908
270 271 -0.829265
270 280 -1.096027
270 370 -1.125859
271 272 0.239413
271 281 -0.864272
271 371 0.717042
272 273 1.150706
272 282 -1.372929
272 372 0.882013
273 274 -0.843263
273 283 -0.078806
273 373 1.214157
274 275 -0.715630
274 284 0.469122
274 374 -0.515943
275 276 0.951751
275 285 1.530043
275 375 -0.071540
276 277 -0.593098
276 286 1.217623
276 376 2.123639
277 278 0.642208
277 287 0.434600
277 377 2.510593
278 279 -0.448591
278 288 0.895824
278 378 -0.799569
279 270 -1.266961
279 289 0.454233
279 379 -0.369162
280 281 -0.465234
280 290 -0.471385
280 380 0.601926
281 282 -0.259401
281 291 -0.068371
281 381 1.010431
282 283 0.230076
282 292 -0.167014
282 382 1.047492
283 284 -0.490157
283 293 0.818436
283 383 -1.307072
284 285 -0.135816
284 294 -0.475369
284 384 -0.000052
285 286 0.246630
285 295 0.946339
285 385 0.319890
286 287 -2.470983
286 296 0.271972
286 386 -1.398194
287 288 -0.307705
287 297 0.188547
287 387 -0.801705
288 289 -0.071223
288 298 -0.665653
288 388 0.588378
289 280 1.608689
289 299 -0.370992
289 389 0.688335
290 291 0.212477
290 200 1.533077
290 390 -0.168672
291 292 -0.155557
291 201 0.860838
291 391 0.436764
292 293 0.124177
292 202 -1.412197
292 392 1.076447
293 294 0.385701
293 203 0.370329
293 393 1.745989
294 295 -1.519097
294 204 -0.844204
294 394 1.023535
295 296 -1.134386
295 205 1.335137
295 395 0.121778
296 297 1.894010
296 206 0.766235
296 396 0.448194
297 298 -0.192380
297 207 -0.815185
297 397 0.356010
298 299 -2.463976
298 208 -0.300069
298 398 1.929451
299 290 -1.633146
299 209 0.231602
299 399 0.584610
300 301 1.204931
300 310 -0.380976
300 400 -0.677931
301 302 0.077300
301 311 1.992952
301 401 1.214529
302 303 2.095971
302 312 1.510630
302 402 -1.030360
303 304 -1.098959
303 313 -1.037582
303 403 -0.079766
304 305 -0.752788
304 314 0.503402
304 404 1.568652
305 306 1.886547
305 315 0.806023
305 405 -1.069352
306 307 -1.185679
306 316 -1.067400
306 406 -0.646235
307 308 0.999422
307 317 2.794545
307 407 -0.289697
308 309 -0.138027
308 318 0.028259
308 408 0.227031
309 300 0.235028
309 319 -0.547393
309 409 -1.334536
310 311 1.390192
310 320 -0.263081
310 410 0.198449
311 312 1.215769
311 321 1.006593
311 411 -0.016023
312 313 1.120253
312 322 -1.141495
312 412 0.210753
313 314 0.001638
313 323 0.673621
313 413 0.266697
314 315 0.261013
314 324 -0.842113
314 414 0.144745
315 316 -1.933987
315 325 0.923773
315 415 0.699849
316 317 -0.072652
316 326 0.950640
316 416 -0.359062
317 318 -1.106318
317 327 -1.036324
317 417 1.275136
318 319 -0.863514
318 328 0.388552
318 418 1.164437
319 310 -0.436665
319 329 -0.826319
319 419 0.119199
320 321 0.358254
320 330 0.349684
320 420 0.145916
321 322 -0.029748
321 331 0.796136
321 421 -0.762433
322 323 -0.501361
322 332 0.107191
322 422 -0.779830
323 324 0.734198
323 333 0.528780
323 423 0.168292
324 325 -0.258711
324 334 1.802477
324 424 -0.853610
325 326 0.756982
325 335 -1.373917
325 425 0.413153
326 327 0.074459
326 336 1.555438
326 426 1.072903
327 328 -1.002682
327 337 1.121642
327 427 0.493280
328 329 -0.786097
328 338 -1.177281
328 428 -0.090838
329 320 -2.033458
329 339 1.750970
329 429 -1.096133
330 331 -1.209616
330 340 -3.235568
330 430 1.290627
331 332 0.680955
331 341 0.086654
331 431 -0.468139
332 333 0.278984
332 342 -1.044409
332 432 -0.631888
333 334 -0.635020
333 343 3.106503
333 433 -0.368468
334 335 -1.052083
334 344 0.426813
334 434 -1.289080
335 336 -1.117241
335 345 -0.026843
335 435 0.311189
336 337 0.555746
336 346 0.550274
336 436 1.460042
337 338 0.995054
337 347 0.458914
337 437 -0.584106
338 339 0.189905
338 348 0.374798
338 438 -1.386542
339 330 -0.316856
339 349 -0.199794
339 439 -0.278400
340 341 -0.557852
340 350 0.454757
340 440 -0.325126
341 342 1.381212
341 351 1.584160
341 441 0.693580
342 343 -1.139108
342 352 0.570510
342 442 -2.916570
343 344 2.362205
343 353 1.596779
343 443 -0.843278
344 345 0.187619
344 354 -0.042306
344 444 0.259637
345 346 -0.024177
345 355 0.524978
345 445 -1.277771
346 347 0.084417
346 356 -0.258434
346 446 -0.466151
347 348 0.227400
347 357 -0.244959
347 447 -0.277055
348 349 0.201587
348 358 1.805115
348 448 0.865815
349 340 0.786466
349 359 -0.449693
349 449 1.289909
350 351 0.010644
350 360 0.441600
350 450 0.480809
351 352 0.829503
351 361 0.086128
351 451 -0.958681
352 353 0.269505
352 362 1.635106
352 452 0.083210
353 354 1.248435
353 363 1.439880
353 453 -1.272402
354 355 0.908959
354 364 -0.028956
354 454 -0.324274
355 356 -1.299597
355 365 -1.480375
355 455 -0.545939
356 357 0.344017
356 366 -0.440355
356 456 -0.013491
357 358 -0.812603
357 367 0.551627
357 457 0.317767
358 359 -0.535734
358 368 0.517976
358 458 -1.396144
359 350 0.620960
359 369 -0.428325
359 459 0.092559
360 361 0.248670
360 370 -1.001949
360 460 -1.721513
361 362 0.158458
361 371 0.020085
361 461 0.627174
362 363 0.578971
362 372 -1.050417
362 462 -1.795903
363 364 -0.041609
363 373 1.017905
363 463 1.234364
364 365 0.045566
364 374 -0.776922
364 464 0.433363
365 366 -0.218762
365 375 -0.175127
365 465 -0.585903
366 367 1.271914
366 376 1.308058
366 466 1.723809
367 368 -1.046337
367 377 0.455452
367 467 0.186278
368 369 0.938922
368 378 -0.107109
368 468 -1.044152
369 360 0.272435
369 379 -1.126465
369 469 -1.321395
370 371 0.093822
370 380 0.266479
370 470 0.700368
371 372 1.395602
371 381 0.013612
371 471 -1.063116
372 373 0.791613
372 382 -0.782154
372 472 1.035259
373 374 -1.096383
373 383 -0.755769
373 473 -0.750877
374 375 1.659677
374 384 -1.457147
374 474 -0.213038
375 376 1.242040
375 385 0.635070
375 475 -2.231913
376 377 0.519840
376 386 0.557086
376 476 0.067627
377 378 -0.617875
377 387 -0.669104
377 477 -1.121767
378 379 0.651614
378 388 -1.116380
378 478 0.340460
379 370 -2.603802
379 389 -1.461859
379 479 -1.636810
380 381 0.158571
380 390 0.425037
380 480 0.939024
381 382 0.264582
381 391 0.602430
381 481 -0.552270
382 383 -1.940469
382 392 0.384115
382 482 1.848263
383 384 -0.578567
383 393 -0.661617
383 483 0.711849
384 385 0.481483
384 394 0.752441
384 484 -0.126640
385 386 -1.803309
385 395 -0.022853
385 485 0.276805
386 387 0.492474
386 396 0.484604
386 486 0.389276
387 388 -1.351257
387 397 0.838654
387 487 -1.021526
388 389 -0.175730
388 398 -0.408671
388 488 0.622353
389 380 -0.245393
389 399 -0.832256
389 489 -0.639799
390 391 0.999399
390 300 0.475886
390 490 0.226359
391 392 -0.873493
391 301 0.948645
391 491 0.731770
392 393 1.461523
392 302 1.398306
392 492 -0.573083
393 394 0.549792
393 303 -0.845975
393 493 -0.883577
394 395 -0.532000
394 304 1.213355
394 494 0.484396
395 396 1.349622
395 305 -0.561745
395 495 -0.743651
396 397 -0.400368
396 306 -0.172845
396 496 -0.295421
397 398 -0.171224
397 307 -0.559001
397 497 0.298041
398 399 1.440412
398 308 -0.623804
398 498 1.941742
399 390 0.281162
399 309 -0.872329
399 499 -0.665835
400 401 1.810009
400 410 0.321286
400 500 -1.046156
401 402 -0.900525
401 411 0.247264
401 501 0.764895
402 403 -1.363151
402 412 0.344798
402 502 -0.038490
403 404 -0.114896
403 413 -0.705921
403 503 -1.403646
404 405 -0.939991
404 414 -0.359559
404 504 -0.819651
405 406 -0.976718
405 415 -0.122516
405 505 0.089547
406 407 -0.090870
406 416 -1.406007
406 506 0.780427
407 408 -1.030761
407 417 -0.970194
407 507 -1.575679
408 409 1.474242
408 418 1.365348
408 508 1.738293
409 400 0.347850
409 419 1.117030
409 509 0.212663
410 411 1.518863
410 420 0.331067
410 510 0.727841
411 412 -1.349398
411 421 -0.573186
411 511 -1.193567
412 413 0.408115
412 422 0.252230
412 512 -0.701714
413 414 0.390660
413 423 1.565838
413 513 0.623473
414 415 -2.471683
414 424 -1.518361
414 514 0.526013
415 416 -0.575609
415 425 2.385260
415 515 0.517578
416 417 -0.218421
416 426 0.002869
416 516 2.284770
417 418 -1.756777
417 427 -0.991606
417 517 -0.433466
418 419 0.723298
418 428 -2.210070
418 518 -1.783443
419 410 1.228114
419 429 0.585655
419 519 -1.956968
420 421 1.124430
420 430 -0.888535
420 520 -1.517339
421 422 2.545858
421 431 -0.014231
421 521 -0.712912
422 423 -1.427632
422 432 -0.116060
422 522 0.995050
423 424 -0.172777
423 433 -0.130357
423 523 0.717812
424 425 1.218650
424 434 -1.126231
424 524 -2.732467
425 426 -0.598226
425 435 0.551073
425 525 -0.767703
426 427 0.010350
426 436 0.272329
426 526 0.664996
427 428 1.823685
427 437 0.427111
427 527 1.387505
428 429 0.046662
428 438 0.045785
428 528 -0.089644
429 420 0.708136
429 439 0.154785
429 529 0.147524
430 431 -0.118850
430 440 0.925199
430 530 -1.312814
431 432 0.918046
431 441 0.638952
431 531 1.810045
432 433 -1.262355
432 442 -2.064345
432 532 1.109191
433 434 0.728420
433 443 -0.856340
433 533 -0.076417
434 435 0.254498
434 444 -1.490108
434 534 2.006842
435 436 1.184123
435 445 -0.992999
435 535 0.336828
436 437 -0.467549
436 446 -0.465549
436 536 2.940905
437 438 -0.967614
437 447 0.075974
437 537 -0.647437
438 439 1.490968
438 448 1.273709
438 538 0.251031
439 430 0.716045
439 449 -0.059637
439 539 -1.131880
440 441 0.618729
440 450 -0.129174
440 540 -1.203907
441 442 0.686500
441 451 1.880760
441 541 0.572332
442 443 -0.404435
442 452 -0.792620
442 542 0.870033
443 444 0.946294
443 453 -1.067837
443 543 -0.246970
444 445 4.025998
444 454 1.275143
444 544 1.431475
445 446 -0.645602
445 455 1.007185
445 545 0.316161
446 447 1.602698
446 456 -1.751896
446 546 -0.689069
447 448 -0.380080
447 457 0.348462
447 547 0.443481
448 449 -1.558327
448 458 0.540564
448 548 0.503703
449 440 -1.405690
449 459 1.533203
449 549 -0.288633
450 451 -0.306793
450 460 0.407075
450 550 -0.910675
451 452 -0.627433
451 461 2.318874
451 551 -1.570117
452 453 -1.722913
452 462 0.302555
452 552 0.659857
453 454 3.135239
453 463 1.651874
453 553 0.658584
454 455 0.502805
454 464 -0.506367
454 554 1.111069
455 456 -0.404606
455 465 -0.099481
455 555 -2.103605
456 457 -1.699139
456 466 -0.671209
456 556 -1.489263
457 458 -0.539806
457 467 -0.192659
457 557 -1.681426
458 459 -1.350217
458 468 0.935174
458 558 -0.829510
459 450 -0.628168
459 469 0.643624
459 559 -0.389277
460 461 -0.517309
460 470 -1.710206
460 560 -0.204090
461 462 -0.223840
461 471 1.748815
461 561 -1.214007
462 463 1.786599
462 472 -1.272796
462 562 -1.542090
463 464 0.904310
463 473 0.409707
463 563 -2.102788
464 465 0.356527
464 474 -0.097723
464 564 0.866869
465 466 0.481597
465 475 -1.523732
465 565 0.096605
466 467 1.204943
466 476 -0.785391
466 566 0.406424
467 468 0.489056
467 477 0.308109
467 567 -0.041587
468 469 -0.781638
468 478 -0.194771
468 568 -1.111663
469 460 -1.088096
469 479 0.724048
469 569 -0.212796
470 471 0.059661
470 480 1.639829
470 570 -0.498541
471 472 0.251967
471 481 1.903428
471 571 1.096860
472 473 0.008624
472 482 -0.630762
472 572 -0.261940
473 474 0.535638
473 483 -1.260627
473 573 0.855363
474 475 -0.880916
474 484 0.472239
474 574 1.606071
475 476 0.395535
475 485 -1.546559
475 575 0.042629
476 477 -0.984952
476 486 1.638223
476 576 -0.693566
477 478 -0.260559
477 487 -0.143960
477 577 -0.209553
478 479 0.426547
478 488 1.334966
478 578 -0.634270
479 470 -0.534811
479 489 -1.088637
479 579 0.688271
480 481 0.130877
480 490 -0.456069
480 580 -1.656234
481 482 -0.762866
481 491 1.025959
481 581 1.137236
482 483 -0.081285
482 492 -1.474891
482 582 -0.863281
483 484 -1.125230
483 493 1.112282
483 583 -1.756012
484 485 -0.253268
484 494 0.161797
484 584 0.449005
485 486 -0.697121
485 495 -2.065873
485 585 0.634225
486 487 -0.216145
486 496 1.307935
486 586 1.512010
487 488 1.890491
487 497 -0.484312
487 587 0.464896
488 489 0.103983
488 498 0.223741
488 588 -1.853323
489 480 1.440478
489 499 0.733501
489 589 0.232075
490 491 -1.257651
490 400 1.454913
490 590 -0.474486
491 492 -1.881520
491 401 1.622598
491 591 0.371978
492 493 0.531516
492 402 0.820615
492 592 1.529148
493 494 0.757023
493 403 1.131116
493 593 1.397066
494 495 0.478947
494 404 -0.252904
494 594 -1.909014
495 496 0.121398
495 405 0.303147
495 595 0.551150
496 497 0.149761
496 406 -0.438015
496 596 0.612853
497 498 0.868268
497 407 1.673108
497 597 -0.236731
498 499 -0.452276
498 408 0.310954
498 598 0.122606
499 490 1.802933
499 409 0.882884
499 599 1.828150
500 501 -0.500090
500 510 -1.017284
500 600 -1.205025
501 502 1.934161
501 511 -0.969410
501 601 -0.413314
502 503 1.788874
502 512 0.296594
502 602 -0.083562
503 504 -0.363294
503 513 -1.037870
503 603 1.565033
504 505 -0.292923
504 514 0.536699
504 604 -0.594488
505 506 -0.395036
505 515 -2.128335
505 605 0.724486
506 507 0.392003
506 516 -1.209842
506 606 -0.153102
507 508 -0.694311
507 517 0.579648
507 607 1.027525
508 509 0.561668
508 518 -0.943698
508 608 1.352155
509 500 -2.024382
509 519 -1.101178
509 609 -0.458865
510 511 2.159855
510 520 -0.067035
510 610 -0.473888
511 512 0.406907
511 521 -0.860932
511 611 0.853096
512 513 -0.891331
512 522 -0.824648
512 612 -1.453719
513 514 0.224800
513 523 -0.902263
513 613 -0.831197
514 515 0.977584
514 524 2.019144
514 614 -1.537977
515 516 -0.744865
515 525 0.233970
515 615 -0.058532
516 517 -0.884585
516 526 0.270313
516 616 1.260627
517 518 -0.879421
517 527 0.002372
517 617 1.621590
518 519 -0.297492
518 528 0.505373
518 618 -1.184025
519 510 -0.338263
519 529 1.120732
519 619 0.238520
520 521 -0.619462
520 530 -0.358164
520 620 1.903354
521 522 1.091852
521 531 0.218274
521 621 -0.285488
522 523 -1.484979
522 532 0.931440
522 622 1.240834
523 524 -0.639818
523 533 0.544632
523 623 1.285907
524 525 1.313797
524 534 -0.630844
524 624 1.730647
525 526 0.013042
525 535 -1.619816
525 625 -0.912080
526 527 0.674227
526 536 -2.103491
526 626 0.541886
527 528 -0.717977
527 537 -1.377605
527 627 -1.031859
528 529 0.032730
528 538 -0.331701
528 628 -0.236340
529 520 0.034900
529 539 -0.270762
529 629 -0.614847
530 531 -0.457097
530 540 -0.582146
530 630 1.232534
531 532 -1.058206
531 541 -0.582714
531 631 1.713875
532 533 1.298228
532 542 -1.017822
532 632 0.996813
533 534 -1.919334
533 543 -0.608781
533 633 -0.159902
534 535 1.462527
534 544 -0.177420
534 634 -0.298688
535 536 0.396041
535 545 -0.668819
535 635 -0.400151
536 537 -0.066513
536 546 -0.546844
536 636 0.602982
537 538 -0.864226
537 547 0.447323
537 637 0.529340
538 539 -0.890652
538 548 -0.221415
538 638 -1.341143
539 530 1.701342
539 549 1.608958
539 639 1.405240
540 541 -0.887849
540 550 -0.955673
540 640 -0.378895
541 542 -0.806302
541 551 -0.732829
541 641 -2.003408
542 543 -0.036414
542 552 -0.901722
542 642 -0.685353
543 544 -0.554653
543 553 1.981049
543 643 -0.566247
544 545 0.705259
544 554 0.480551
544 644 -0.268922
545 546 -2.169093
545 555 -2.111543
545 645 3.119650
546 547 0.124964
546 556 -0.140396
546 646 0.701139
547 548 -2.054887
547 557 2.143991
547 647 -0.209143
548 549 0.268634
548 558 0.759538
548 648 -1.502898
549 540 -0.116433
549 559 0.103775
549 649 -0.621594
550 551 2.010715
550 560 0.276368
550 650 0.557804
551 552 -1.631945
551 561 0.294923
551 651 0.925837
552 553 1.144403
552 562 -0.004099
552 652 1.200507
553 554 1.531018
553 563 -1.379786
553 653 -1.291213
554 555 0.038223
554 564 0.223951
554 654 0.114755
555 556 -0.414096
555 565 1.246617
555 655 -0.799767
556 557 1.672603
556 566 -0.114760
556 656 0.755507
557 558 -0.621152
557 567 0.072444
557 657 -1.366822
558 559 -1.687650
558 568 0.318625
558 658 -0.433886
559 550 -0.159504
559 569 -0.869548
559 659 -0.862192
560 561 0.088325
560 570 1.379169
560 660 2.315516
561 562 -0.329826
561 571 0.251958
561 661 -0.211085
562 563 0.892695
562 572 -0.990226
562 662 -0.813103
563 564 2.134321
563 573 -0.098321
563 663 -0.758856
564 565 -0.491724
564 574 -0.536285
564 664 -0.641052
565 566 -1.778286
565 575 0.815880
565 665 -1.342394
566 567 -1.450728
566 576 -0.846767
566 666 0.079161
567 568 -0.540102
567 577 -0.046262
567 667 0.420676
568 569 0.746340
568 578 -0.084855
568 668 -0.199504
569 560 -0.025886
569 579 1.039989
569 669 0.282006
570 571 1.699315
570 580 0.466395
570 670 0.520056
571 572 1.247340
571 581 -0.271800
571 671 -1.378112
572 573 -0.087155
572 582 -0.587789
572 672 -0.770617
573 574 0.002639
573 583 0.798230
573 673 -0.889207
574 575 -0.143678
574 584 0.580838
574 674 0.140455
575 576 0.462715
575 585 1.729691
575 675 0.330715
576 577 -0.195714
576 586 -0.976531
576 676 -0.455195
577 578 -1.231883
577 587 1.387727
577 677 -1.979113
578 579 -0.126763
578 588 1.178377
578 678 0.329042
579 570 -1.402342
579 589 -1.942517
579 679 -0.613455
580 581 -1.080771
580 590 0.667491
580 680 -0.054376
581 582 1.220808
581 591 -0.498087
581 681 -0.561642
582 583 -0.675790
582 592 -0.456286
582 682 0.557348
583 584 -0.265812
583 593 -1.295099
583 683 -0.024036
584 585 0.234475
584 594 -1.204930
584 684 0.378513
585 586 -0.772683
585 595 1.206040
585 685 -1.109829
586 587 0.903759
586 596 -1.888536
586 686 1.048923
587 588 0.065787
587 597 -0.172796
587 687 -0.074069
588 589 -1.714398
588 598 1.757354
588 688 -0.874949
589 580 0.607350
589 599 -0.599336
589 689 0.596021
590 591 -0.228053
590 500 0.839929
590 690 0.058349
591 592 -0.572366
591 501 -1.255619
591 691 0.367066
592 593 0.309941
592 502 -0.233747
592 692 0.580544
593 594 0.028223
593 503 0.548294
593 693 1.634691
594 595 -1.346104
594 504 -0.155032
594 694 -0.008654
595 596 1.285736
595 505 0.781471
595 695 -1.804521
596 597 0.198443
596 506 -1.534522
596 696 1.139425
597 598 -0.436488
597 507 -0.637137
597 697 -0.726945
598 599 0.748099
598 508 0.105728
598 698 1.672599
599 590 -0.038391
599 509 -1.223828
599 699 1.788447
600 601 -1.460161
600 610 0.393544
600 700 0.316892
601 602 -1.207567
601 611 -1.290162
601 701 -0.500154
602 603 1.003055
602 612 1.399743
602 702 0.445774
603 604 0.712169
603 613 -0.421208
603 703 0.447890
604 605 -0.031971
604 614 -0.040222
604 704 -0.625434
605 606 1.152091
605 615 0.767470
605 705 1.640713
606 607 -0.737874
606 616 0.660651
606 706 0.624186
607 608 -0.535583
607 617 -1.821178
607 707 -0.414723
608 609 1.604708
608 618 0.827536
608 708 -2.781090
609 600 0.522841
609 619 -0.333111
609 709 0.721698
610 611 -0.210859
610 620 1.573854
610 710 1.481829
611 612 -0.979947
611 621 0.226306
611 711 0.210917
612 613 0.658982
612 622 0.700816
612 712 0.562989
613 614 -1.686963
613 623 -0.350209
613 713 1.667643
614 615 0.557228
614 624 1.572412
614 714 0.515255
615 616 -0.134262
615 625 -0.595684
615 715 -0.642089
616 617 -1.096661
616 626 1.887447
616 716 0.336044
617 618 2.269649
617 627 0.109979
617 717 -0.569599
618 619 0.693959
618 628 -1.835037
618 718 0.106544
619 610 0.574452
619 629 -1.434283
619 719 -0.086703
620 621 0.063361
620 630 -0.254640
620 720 -0.679100
621 622 -0.668954
621 631 0.444079
621 721 0.637040
622 623 -0.440015
622 632 1.093823
622 722 -1.677656
623 624 0.933936
623 633 0.059357
623 723 -1.426122
624 625 0.611336
624 634 -2.138782
624 724 -0.544619
625 626 0.940132
625 635 -0.864281
625 725 -0.079401
626 627 -0.249332
626 636 0.156102
626 726 -0.078516
627 628 -0.617823
627 637 0.683803
627 727 1.342786
628 629 -0.855379
628 638 -0.785246
628 728 0.512260
629 620 -0.761007
629 639 -0.139493
629 729 0.094433
630 631 0.510426
630 640 0.667082
630 730 0.786130
631 632 -0.827308
631 641 0.671702
631 731 -0.439221
632 633 -0.407872
632 642 0.640056
632 732 -0.850693
633 634 1.331502
633 643 0.109645
633 733 0.481596
634 635 0.366797
634 644 0.226969
634 734 0.993154
635 636 0.276774
635 645 1.427173
635 735 0.661166
636 637 0.915679
636 646 -1.126051
636 736 0.410785
637 638 -0.244270
637 647 0.398816
637 737 1.282618
638 639 1.111081
638 648 0.506602
638 738 0.068008
639 630 -1.993558
639 649 -1.898956
639 739 1.337325
640 641 0.085718
640 650 -2.028979
640 740 0.622790
641 642 0.622859
641 651 -0.899832
641 741 0.047456
642 643 -1.057866
642 652 -0.488591
642 742 0.758763
643 644 -0.394178
643 653 0.351266
643 743 -0.384462
644 645 0.730501
644 654 -0.764548
644 744 0.109741
645 646 -0.251492
645 655 1.689632
645 745 -0.678458
646 647 -1.052474
646 656 -0.826319
646 746 0.363429
647 648 -0.505527
647 657 -0.762008
647 747 1.056721
648 649 1.010391
648 658 -0.034463
648 748 -1.170958
649 640 0.376620
649 659 -0.854310
649 749 0.762085
650 651 -1.022940
650 660 -0.043034
650 750 0.837486
651 652 1.409243
651 661 1.613628
651 751 0.829994
652 653 0.923854
652 662 0.743445
652 752 0.632147
653 654 -0.187516
653 663 1.084575
653 753 -0.048694
654 655 -1.211054
654 664 1.175081
654 754 -3.051975
655 656 0.726033
655 665 -0.847208
655 755 -0.018688
656 657 -1.471766
656 666 0.294594
656 756 -1.128206
657 658 -0.994047
657 667 1.278834
657 757 0.550597
658 659 0.582421
658 668 1.211664
658 758 2.200499
659 650 1.440094
659 669 0.665051
659 759 0.671530
660 661 -0.049292
660 670 -1.879172
660 760 0.439642
661 662 0.189094
661 671 0.080275
661 761 -0.191000
662 663 0.865170
662 672 -0.909203
662 762 -1.563732
663 664 -0.415555
663 673 0.996841
663 763 -0.024896
664 665 0.597413
664 674 -0.733269
664 764 0.750336
665 666 -0.473776
665 675 0.475917
665 765 -1.369060
666 667 1.059529
666 676 0.686907
666 766 0.054501
667 668 0.414698
667 677 -1.150321
667 767 -1.755281
668 669 -0.286440
668 678 1.400605
668 768 -0.150619
669 660 -0.368534
669 679 -2.078942
669 769 0.862891
670 671 1.620688
670 680 0.460195
670 770 0.533851
671 672 -1.946159
671 681 0.494034
671 771 0.589115
672 673 -0.664003
672 682 -1.109436
672 772 0.542917
673 674 -1.780146
673 683 -0.870867
673 773 -0.494198
674 675 0.576760
674 684 -0.219426
674 774 -1.275265
675 676 -1.042063
675 685 -0.417512
675 775 -0.318861
676 677 0.545198
676 686 -1.181583
676 776 2.018900
677 678 0.420238
677 687 0.110340
677 777 -0.444337
678 679 -1.145020
678 688 -0.845261
678 778 1.644985
679 670 -1.186206
679 689 -0.446956
679 779 0.448840
680 681 -0.700372
680 690 1.016643
680 780 -0.034571
681 682 -1.465643
681 691 0.488140
681 781 1.001455
682 683 -0.066893
682 692 -0.869450
682 782 0.023903
683 684 0.824413
683 693 -0.058062
683 783 0.189061
684 685 -0.063887
684 694 -0.565869
684 784 1.227998
685 686 -0.111103
685 695 -0.049009
685 785 -2.538745
686 687 1.359514
686 696 0.595379
686 786 -2.087558
687 688 0.334155
687 697 1.485767
687 787 0.314591
688 689 0.509139
688 698 0.023579
688 788 0.132643
689 680 0.988046
689 699 2.292285
689 789 -0.214452
690 691 -1.668331
690 600 0.650386
690 790 -0.019966
691 692 0.392142
691 601 0.706032
691 791 -0.978059
692 693 -3.114290
692 602 1.214489
692 792 0.101276
693 694 -0.048678
693 603 1.105263
693 793 0.523989
694 695 2.318030
694 604 0.822079
694 794 1.346677
695 696 0.583089
695 605 0.700494
695 795 -0.922926
696 697 2.390995
696 606 0.998144
696 796 1.488553
697 698 -2.268136
697 607 -1.071560
697 797 0.433123
698 699 1.158901
698 608 -0.862548
698 798 2.059039
699 690 2.065522
699 609 -0.579687
699 799 1.120439
700 701 1.225079
700 710 1.436396
700 800 -0.200862
701 702 0.163039
701 711 -2.261943
701 801 -0.955448
702 703 -0.108778
702 712 -1.685138
702 802 -1.874024
703 704 0.249592
703 713 -0.046193
703 803 0.477697
704 705 0.869177
704 714 -0.711059
704 804 0.402703
705 706 0.741475
705 715 -0.071392
705 805 0.765286
706 707 0.638508
706 716 -0.397476
706 806 -1.270961
707 708 0.221698
707 717 0.405820
707 807 -0.767984
708 709 0.856158
708 718 -0.372598
708 808 -0.348180
709 700 -0.290765
709 719 -0.957279
709 809 0.754058
710 711 -0.128674
710 720 -0.169565
710 810 -1.016872
711 712 -0.481967
711 721 1.244036
711 811 -0.057206
712 713 0.225490
712 722 0.679911
712 812 0.595268
713 714 1.347779
713 723 -0.026572
713 813 -0.543222
714 715 0.417048
714 724 0.290897
714 814 1.387157
715 716 1.533603
715 725 0.349284
715 815 0.503845
716 717 1.114055
716 726 0.223668
716 816 -1.000974
717 718 -0.664829
717 727 -1.493968
717 817 0.924776
718 719 -0.767441
718 728 -0.086014
718 818 -1.390004
719 710 1.190456
719 729 1.277432
719 819 0.152096
720 721 0.492988
720 730 -0.933701
720 820 1.368166
721 722 0.474487
721 731 0.133548
721 821 -0.504441
722 723 -0.223063
722 732 0.667095
722 822 0.630731
723 724 0.572752
723 733 0.413694
723 823 -0.598931
724 725 0.172713
724 734 -0.385138
724 824 -2.562479
725 726 -0.689389
725 735 1.830720
725 825 -0.016848
726 727 -0.937584
726 736 0.399859
726 826 -0.817151
727 728 -1.543171
727 737 -0.002722
727 827 -2.290873
728 729 0.198579
728 738 -1.709094
728 828 0.067204
729 720 -1.870062
729 739 1.419666
729 829 0.046017
730 731 0.081048
730 740 -0.831438
730 830 0.239204
731 732 -0.604639
731 741 0.637479
731 831 -0.531329
732 733 -0.979190
732 742 0.699866
732 832 -0.712492
733 734 1.072615
733 743 0.968324
733 833 -0.100836
734 735 0.320704
734 744 0.121648
734 834 0.887202
735 736 -1.182883
735 745 0.036238
735 835 2.160886
736 737 0.269740
736 746 -2.069461
736 836 -0.332370
737 738 0.407568
737 747 0.903284
737 837 -0.948510
738 739 -0.041802
738 748 0.470614
738 838 0.005498
739 730 -0.513928
739 749 -0.073161
739 839 -0.969726
740 741 1.755969
740 750 0.548235
740 840 -0.796588
741 742 -0.881608
741 751 1.368536
741 841 0.281182
742 743 -0.296338
742 752 1.121327
742 842 -0.984677
743 744 0.268998
743 753 1.599488
743 843 0.423779
744 745 0.567327
744 754 0.617247
744 844 -0.410932
745 746 -0.215370
745 755 -0.114314
745 845 0.840140
746 747 -1.412756
746 756 0.028410
746 846 -0.999244
747 748 -0.008898
747 757 0.176797
747 847 1.108590
748 749 -1.366003
748 758 -0.882447
748 848 0.808059
749 740 -2.093712
749 759 1.098887
749 849 -0.509889
750 751 -0.413129
750 760 -0.539637
750 850 -1.637970
751 752 1.664442
751 761 1.822515
751 851 0.950007
752 753 -0.459840
752 762 1.114397
752 852 0.532187
753 754 -0.368020
753 763 0.349511
753 853 0.772776
754 755 -0.854985
754 764 -0.330176
754 854 0.071639
755 756 1.064522
755 765 0.154211
755 855 -0.542464
756 757 -0.421008
756 766 -0.788640
756 856 0.146466
757 758 -0.966590
757 767 1.285436
757 857 -0.012566
758 759 -0.152968
758 768 1.953549
758 858 -1.020483
759 750 0.314821
759 769 0.243942
759 859 -1.096553
760 761 -0.157231
760 770 -1.279338
760 860 -0.506674
761 762 -0.190121
761 771 0.410615
761 861 0.350972
762 763 -0.352134
762 772 0.547948
762 862 -1.347583
763 764 -0.300896
763 773 0.973314
763 863 1.070802
764 765 0.002405
764 774 2.629858
764 864 -0.763364
765 766 -0.880094
765 775 -0.601204
765 865 1.377175
766 767 0.952943
766 776 -0.877692
766 866 -1.189156
767 768 -0.488276
767 777 -1.304362
767 867 1.976235
768 769 0.100956
768 778 1.432840
768 868 -0.347598
769 760 -1.393489
769 779 0.692875
769 869 -0.181058
770 771 0.970368
770 780 -0.885962
770 870 0.385586
771 772 0.543311
771 781 -0.369103
771 871 0.152920
772 773 0.097214
772 782 0.116062
772 872 -0.203314
773 774 0.369629
773 783 0.088606
773 873 -0.564569
774 775 0.423242
774 784 -1.576874
774 874 0.568954
775 776 1.975545
775 785 -0.825928
775 875 0.341262
776 777 1.162253
776 786 0.536100
776 876 -1.206988
777 778 0.062909
777 787 0.490249
777 877 0.672579
778 779 -0.295419
778 788 0.116788
778 878 0.087387
779 770 -0.683230
779 789 -0.992838
779 879 -1.136970
780 781 -0.134712
780 790 -0.152198
780 880 0.429772
781 782 1.437398
781 791 -1.058434
781 881 0.024271
782 783 0.381077
782 792 1.196436
782 882 1.450052
783 784 0.032465
783 793 0.869995
783 883 0.550183
784 785 -0.784452
784 794 1.202636
784 884 0.680798
785 786 -0.131668
785 795 -0.981362
785 885 -1.575273
786 787 0.276151
786 796 -0.327392
786 886 -0.100649
787 788 0.963525
787 797 0.042122
787 887 0.979920
788 789 0.927435
788 798 0.647790
788 888 0.387544
789 780 -1.660861
789 799 -1.241918
789 889 -0.470446
790 791 -0.317731
790 700 -0.335824
790 890 0.195059
791 792 -1.327888
791 701 1.122707
791 891 0.989995
792 793 0.269939
792 702 0.160771
792 892 -0.350502
793 794 0.098831
793 703 -1.005622
793 893 0.573846
794 795 0.408637
794 704 0.184852
794 894 -0.600707
795 796 0.993532
795 705 -0.725784
795 895 -0.298467
796 797 0.339220
796 706 -0.429754
796 896 0.665827
797 798 -1.402817
797 707 0.477251
797 897 0.672283
798 799 0.230113
798 708 1.036086
798 898 2.228131
799 790 -0.879725
799 709 -1.616385
799 899 -0.747330
800 801 -1.099640
800 810 -0.565959
800 900 -0.339720
801 802 1.034747
801 811 0.110418
801 901 1.384727
802 803 1.961382
802 812 0.541036
802 902 0.227926
803 804 -1.509289
803 813 0.758128
803 903 -1.811449
804 805 0.678358
804 814 -1.281884
804 904 -0.246364
805 806 -0.881247
805 815 -0.721187
805 905 0.637635
806 807 -0.093654
806 816 -2.341019
806 906 1.501690
807 808 0.441361
807 817 -0.418383
807 907 2.049029
808 809 -0.012084
808 818 0.063628
808 908 0.972028
809 800 -0.022574
809 819 -1.105151
809 909 -0.903590
810 811 -0.165035
810 820 -0.616947
810 910 0.568217
811 812 0.729141
811 821 1.681614
811 911 0.554902
812 813 -1.014929
812 822 -0.346972
812 912 0.563165
813 814 0.087247
813 823 1.020164
813 913 -0.695273
814 815 -1.545628
814 824 -1.720934
814 914 0.447968
815 816 1.554430
815 825 -1.424826
815 915 1.480024
816 817 0.679943
816 826 0.277797
816 916 0.225844
817 818 0.342786
817 827 0.901680
817 917 -0.908870
818 819 0.819364
818 828 0.299905
818 918 -0.278022
819 810 -0.551358
819 829 -1.079375
819 919 -0.457038
820 821 -0.592475
820 830 -1.351540
820 920 0.186008
821 822 0.821117
821 831 -1.020071
821 921 -0.037697
822 823 -1.997522
822 832 -1.327989
822 922 -0.595975
823 824 1.787787
823 833 -2.509190
823 923 -0.968107
824 825 0.411498
824 834 0.423231
824 924 0.225577
825 826 0.179253
825 835 -1.259564
825 925 -0.415292
826 827 -0.534133
826 836 0.057425
826 926 -0.262712
827 828 -0.590380
827 837 1.077455
827 927 0.173022
828 829 -0.634555
828 838 0.799606
828 928 -1.184025
829 820 1.578678
829 839 0.430959
829 929 1.502672
830 831 -1.708724
830 840 0.020042
830 930 -1.646618
831 832 -0.473794
831 841 1.212617
831 931 -0.748375
832 833 -0.517639
832 842 0.496270
832 932 -0.247186
833 834 -0.148266
833 843 0.996912
833 933 -0.362091
834 835 -1.217628
834 844 -2.335797
834 934 0.865814
835 836 -1.655767
835 845 0.446714
835 935 0.187302
836 837 -0.119459
836 846 -0.477320
836 936 0.660073
837 838 0.381234
837 847 1.917943
837 937 0.385414
838 839 2.247731
838 848 -2.463538
838 938 0.118239
839 830 -0.954676
839 849 -1.985170
839 939 1.172816
840 841 -0.248200
840 850 -1.434408
840 940 -0.939442
841 842 0.887050
841 851 -0.113895
841 941 2.004419
842 843 0.260328
842 852 -2.275004
842 942 2.574245
843 844 0.387585
843 853 0.465661
843 943 -1.642325
844 845 1.236634
844 854 0.465146
844 944 2.808553
845 846 -1.711216
845 855 1.276738
845 945 0.581529
846 847 -1.551095
846 856 0.875055
846 946 0.047462
847 848 -0.622630
847 857 -0.697075
847 947 -0.290057
848 849 1.162736
848 858 0.115569
848 948 0.913450
849 840 -0.031112
849 859 -1.448691
849 949 0.440166
850 851 -0.729822
850 860 1.543458
850 950 -0.722464
851 852 0.094060
851 861 -0.623927
851 951 1.028008
852 853 -0.496102
852 862 1.116697
852 952 -0.025675
853 854 -0.117008
853 863 1.489579
853 953 0.899810
854 855 -0.339899
854 864 0.004009
854 954 -0.296672
855 856 1.462323
855 865 0.184639
855 955 -0.750029
856 857 -1.623794
856 866 -0.275015
856 956 -0.822385
857 858 -1.910866
857 867 0.249693
857 957 -0.752882
858 859 0.663651
858 868 0.615747
858 958 0.217515
859 850 0.569195
859 869 -1.043698
859 959 0.201625
860 861 -1.154982
860 870 1.876754
860 960 0.164550
861 862 -2.162087
861 871 -0.188351
861 961 0.612595
862 863 -0.386259
862 872 0.817965
862 962 0.581770
863 864 0.026348
863 873 0.348166
863 963 -0.909038
864 865 1.554601
864 874 -1.211099
864 964 0.656090
865 866 -1.073803
865 875 -0.889877
865 965 -1.294456
866 867 1.394741
866 876 -1.538358
866 966 -0.173886
867 868 -0.663964
867 877 0.987941
867 967 1.350183
868 869 -0.988647
868 878 0.104878
868 968 -0.459317
869 860 0.951309
869 879 0.367865
869 969 -1.179788
870 871 -1.695597
870 880 0.466384
870 970 -1.601089
871 872 0.255131
871 881 0.740056
871 971 -2.619130
872 873 0.206034
872 882 0.044636
872 972 -1.213105
873 874 2.142842
873 883 1.169643
873 973 0.320596
874 875 0.171326
874 884 1.098474
874 974 -0.114966
875 876 -0.621532
875 885 0.276344
875 975 -1.061162
876 877 2.014196
876 886 -0.159150
876 976 -0.806585
877 878 -0.582485
877 887 -1.197819
877 977 -1.794100
878 879 0.490775
878 888 -1.148352
878 978 0.929347
879 870 -0.572754
879 889 -0.157080
879 979 -0.454807
880 881 -1.793515
880 890 -1.300092
880 980 0.012911
881 882 0.150767
881 891 -1.550546
881 981 0.517294
882 883 0.342514
882 892 2.058578
882 982 0.514328
883 884 0.903523
883 893 -0.129412
883 983 -0.937548
884 885 -0.952457
884 894 -1.229108
884 984 -1.928583
885 886 0.326172
885 895 1.277233
885 985 -1.477695
886 887 -0.577453
886 896 1.309796
886 986 0.738929
887 888 1.865080
887 897 0.509666
887 987 0.078068
888 889 0.556223
888 898 -0.393910
888 988 2.271837
889 880 0.543112
889 899 -0.633768
889 989 0.548300
890 891 -0.045689
890 800 1.469264
890 990 -0.960487
891 892 0.098546
891 801 -0.717954
891 991 -1.238040
892 893 -1.382053
892 802 -1.468203
892 992 -0.791141
893 894 -0.419245
893 803 -0.360073
893 993 0.317597
894 895 0.021510
894 804 -0.732072
894 994 0.577893
895 896 1.754687
895 805 -0.665120
895 995 0.332571
896 897 0.320821
896 806 -0.768831
896 996 -0.420918
897 898 -0.113439
897 807 -0.339939
897 997 0.681801
898 899 0.413789
898 808 -0.895207
898 998 -0.890668
899 890 -1.094377
899 809 0.445690
899 999 -0.565934
900 901 -0.894627
900 910 -0.101311
900 0 -0.123110
901 902 -0.290674
901 911 0.208602
901 1 -0.908072
902 903 0.930493
902 912 0.608268
902 2 -1.261506
903 904 0.450897
903 913 -0.812139
903 3 0.849611
904 905 0.742326
904 914 0.180759
904 4 0.448530
905 906 -0.809604
905 915 0.486452
905 5 0.652382
906 907 -1.093385
906 916 -1.680650
906 6 -0.340545
907 908 0.246123
907 917 0.823627
907 7 -0.227052
908 909 1.175787
908 918 -0.053319
908 8 0.624586
909 900 1.439791
909 919 -0.876749
909 9 1.238410
910 911 1.063268
910 920 1.459443
910 10 -0.330347
911 912 -0.360870
911 921 1.992238
911 11 -0.402214
912 913 0.436956
912 922 2.118830
912 12 -0.831996
913 914 0.378104
913 923 1.556342
913 13 1.437531
914 915 0.386286
914 924 0.609632
914 14 -2.178242
915 916 -1.522592
915 925 0.397486
915 15 0.094221
916 917 -1.255472
916 926 0.249301
916 16 0.552265
917 918 -0.275814
917 927 1.965816
917 17 0.646850
918 919 -0.549634
918 928 -0.298961
918 18 -1.195330
919 910 0.493484
919 929 0.039785
919 19 -0.476141
920 921 -0.399704
920 930 -1.983449
920 20 0.898927
921 922 1.874074
921 931 -0.195183
921 21 -0.491437
922 923 0.273491
922 932 -0.331134
922 22 -1.658779
923 924 -0.098158
923 933 -0.120316
923 23 0.217924
924 925 0.462729
924 934 0.537810
924 24 0.138086
925 926 -0.448900
925 935 -0.444861
925 25 -0.226083
926 927 0.782979
926 936 0.309020
926 26 -0.528546
927 928 2.192211
927 937 0.356359
927 27 1.269985
928 929 0.380715
928 938 0.821776
928 28 0.701297
929 920 0.785471
929 939 -0.323410
929 29 -1.210038
930 931 0.555447
930 940 -0.048452
930 30 -1.547441
931 932 2.167956
931 941 1.657271
931 31 -0.001001
932 933 -0.371302
932 942 1.418237
932 32 1.087917
933 934 0.749024
933 943 1.114836
933 33 0.574561
934 935 1.441851
934 944 0.612623
934 34 1.100842
935 936 0.174956
935 945 1.075551
935 35 0.959908
936 937 0.067459
936 946 0.711726
936 36 0.362976
937 938 1.263178
937 947 0.210339
937 37 -0.980027
938 939 -0.497777
938 948 -0.859041
938 38 -0.039185
939 930 -1.040768
939 949 -0.760035
939 39 -1.465126
940 941 0.902175
940 950 0.344284
940 40 -0.671251
941 942 -0.725546
941 951 0.609817
941 41 -1.708225
942 943 0.519217
942 952 1.409349
942 42 -0.010711
943 944 0.922647
943 953 -0.685163
943 43 -0.495225
944 945 0.413692
944 954 -0.539517
944 44 -0.297083
945 946 0.246914
945 955 -0.168531
945 45 0.060400
946 947 1.322432
946 956 -0.939910
946 46 2.812438
947 948 0.766184
947 957 -0.583022
947 47 0.785158
948 949 -0.586075
948 958 -1.490487
948 48 -1.253665
949 940 0.435686
949 959 0.869094
949 49 0.094390
950 951 -1.041821
950 960 -0.065744
950 50 -0.509735
951 952 -1.119886
951 961 1.271174
951 51 0.398492
952 953 0.183896
952 962 -0.326882
952 52 -1.272391
953 954 -0.076127
953 963 -0.943718
953 53 0.785693
954 955 0.423788
954 964 -1.346454
954 54 0.620473
955 956 0.133036
955 965 -1.107944
955 55 -0.143473
956 957 -0.382494
956 966 -1.563027
956 56 0.247503
957 958 -0.539694
957 967 -0.035921
957 57 0.651522
958 959 0.189838
958 968 -0.291125
958 58 -0.295582
959 950 -1.357602
959 969 -1.100027
959 59 -0.343930
960 961 0.391854
960 970 1.335574
960 60 -1.290205
961 962 -1.072742
961 971 -0.256695
961 61 -1.380111
962 963 1.255327
962 972 -0.546697
962 62 1.896908
963 964 2.451216
963 973 0.557411
963 63 0.420001
964 965 0.798907
964 974 0.786470
964 64 0.970734
965 966 0.304983
965 975 -0.911417
965 65 -0.151151
966 967 0.272821
966 976 -0.964618
966 66 1.945937
967 968 -1.517678
967 977 -1.931621
967 67 0.610122
968 969 -1.607528
968 978 -0.497072
968 68 0.518452
969 960 0.614986
969 979 2.008890
969 69 0.872635
970 971 -1.206752
970 980 0.107044
970 70 0.660402
971 972 -0.270426
971 981 -1.466518
971 71 -1.363820
972 973 -1.517443
972 982 1.524260
972 72 0.547525
973 974 -1.317122
973 983 2.723448
973 73 -0.007129
974 975 0.526650
974 984 0.787113
974 74 1.791818
975 976 1.686336
975 985 0.878216
975 75 -0.131178
976 977 -1.230407
976 986 0.485094
976 76 0.270605
977 978 -0.357996
977 987 -1.377816
977 77 -2.009522
978 979 -0.525615
978 988 -1.051764
978 78 -0.893433
979 970 0.540910
979 989 0.980223
979 79 -0.661091
980 981 0.799812
980 990 1.591570
980 80 -1.648696
981 982 0.452104
981 991 -0.588353
981 81 0.274441
982 983 -0.370018
982 992 -0.314400
982 82 1.574679
983 984 -0.366743
983 993 -0.486912
983 83 0.679427
984 985 0.316648
984 994 0.137731
984 84 0.249731
985 986 0.136745
985 995 1.107481
985 85 -1.275389
986 987 0.258474
986 996 0.936489
986 86 -0.448469
987 988 -0.134638
987 997 1.070059
987 87 1.541760
988 989 0.851472
988 998 -0.937217
988 88 -0.901603
989 980 -1.107607
989 999 -0.365579
989 89 -0.837649
990 991 1.155677
990 900 0.284242
990 90 0.479418
991 992 -0.212242
991 901 0.179477
991 91 -1.351879
992 993 0.134276
992 902 -0.905750
992 92 0.340673
993 994 0.141469
993 903 -0.544654
993 93 0.467129
994 995 -0.164861
994 904 -1.867326
994 94 -0.013435
995 996 -1.073549
995 905 1.270659
995 95 1.482777
996 997 0.304952
996 906 0.457313
996 96 0.697081
997 998 1.917785
997 907 3.681465
997 97 0.220238
998 999 0.856146
998 908 0.470356
998 98 0.622483
999 990 -1.333615
999 909 0.358868
999 99 0.191144
