0 1 -0.956488
0 10 -2.274961
0 100 -1.529067
1 2 2.092916
1 11 0.207895
1 101 0.470745
2 3 1.489364
2 12 -0.122666
2 102 0.226871
3 4 1.385843
3 13 -0.275718
3 103 0.617993
4 5 0.193135
4 14 -0.897883
4 104 1.245801
5 6 0.241082
5 15 -0.198519
5 105 0.021646
6 7 0.177995
6 16 1.050462
6 106 1.431102
7 8 -0.917280
7 17 -0.014858
7 107 1.402859
8 9 -0.545898
8 18 1.948344
8 108 -1.139268
9 0 0.683578
9 19 -0.152481
9 109 0.174810
10 11 0.109678
10 20 0.369199
10 110 -0.279453
11 12 -0.389431
11 21 0.190392
11 111 -0.649042
12 13 1.422791
12 22 -1.046801
12 112 -0.444450
13 14 -1.140423
13 23 0.515436
13 113 -1.043753
14 15 -0.089730
14 24 0.104529
14 114 -0.081631
15 16 -0.514930
15 25 0.851041
15 115 0.151316
16 17 -0.028352
16 26 -0.961402
16 116 1.802126
17 18 0.367975
17 27 -1.598620
17 117 -0.335686
18 19 -0.730484
18 28 -0.790846
18 118 0.401878
19 10 0.442816
19 29 0.645908
19 119 -1.920416
20 21 0.105770
20 30 -2.240350
20 120 -0.423868
21 22 -0.182892
21 31 0.466238
21 121 1.113022
22 23 0.050168
22 32 -1.962131
22 122 0.554199
23 24 -0.434233
23 33 0.899386
23 123 0.354518
24 25 2.306644
24 34 -1.259342
24 124 1.244470
25 26 -0.641421
25 35 0.216140
25 125 0.792835
26 27 -0.483896
26 36 1.345557
26 126 0.067483
27 28 1.066843
27 37 1.483181
27 127 -1.037284
28 29 -2.301192
28 38 0.910452
28 128 0.453323
29 20 -1.413619
29 39 0.541171
29 129 -0.790422
30 31 1.183983
30 40 0.527723
30 130 0.921062
31 32 0.571686
31 41 0.994031
31 131 1.066195
32 33 -1.582318
32 42 -1.064449
32 132 -1.612166
33 34 -0.013454
33 43 1.228605
33 133 1.655786
34 35 0.269034
34 44 1.176883
34 134 0.018329
35 36 0.241830
35 45 -0.184581
35 135 -0.956844
36 37 0.292524
36 46 0.291307
36 136 -1.203848
37 38 1.476193
37 47 -0.240559
37 137 1.607313
38 39 -0.148529
38 48 -0.282472
38 138 -0.088869
39 30 -0.557862
39 49 -1.263740
39 139 0.882621
40 41 1.872468
40 50 0.172537
40 140 1.227254
41 42 0.727971
41 51 0.578954
41 141 1.283292
42 43 0.256211
42 52 -1.044911
42 142 0.232168
43 44 -0.709365
43 53 1.496675
43 143 -1.197819
44 45 1.571475
44 54 1.526948
44 144 1.220378
45 46 0.271549
45 55 -2.214527
45 145 2.341180
46 47 1.004753
46 56 0.248874
46 146 0.168858
47 48 -0.106267
47 57 -0.023961
47 147 -1.254610
48 49 1.760256
48 58 -1.700367
48 148 -1.581517
49 40 0.754425
49 59 -2.096464
49 149 1.019404
50 51 -1.905482
50 60 -2.968729
50 150 0.202392
51 52 -0.919724
51 61 -0.215002
51 151 0.710482
52 53 0.734640
52 62 0.307553
52 152 0.376823
53 54 -0.769568
53 63 -1.316697
53 153 -0.195891
54 55 1.658231
54 64 0.542631
54 154 2.057416
55 56 1.871129
55 65 -1.576196
55 155 -1.164776
56 57 -1.250470
56 66 -0.114760
56 156 1.105264
57 58 -0.100804
57 67 -0.870378
57 157 2.097506
58 59 -1.213714
58 68 1.462836
58 158 -1.495416
59 50 -0.873596
59 69 -1.615792
59 159 -0.408994
60 61 0.255181
60 70 1.525816
60 160 -0.607479
61 62 -1.626656
61 71 2.366340
61 161 0.646294
62 63 0.045148
62 72 -0.533729
62 162 0.405627
63 64 1.323657
63 73 -1.054432
63 163 -0.133589
64 65 1.793160
64 74 0.611879
64 164 -3.174983
65 66 0.406359
65 75 0.120862
65 165 -1.190708
66 67 0.221439
66 76 -0.321899
66 166 0.486954
67 68 0.711041
67 77 -0.570700
67 167 -0.044841
68 69 -0.176989
68 78 -0.223968
68 168 0.736964
69 60 -2.769833
69 79 -0.514108
69 169 0.395369
70 71 2.035596
70 80 2.266419
70 170 -0.380715
71 72 -0.401126
71 81 0.995562
71 171 0.731851
72 73 0.732809
72 82 -1.967411
72 172 -1.133261
73 74 0.824355
73 83 -0.211872
73 173 0.574755
74 75 -0.996327
74 84 0.969307
74 174 -0.408473
75 76 0.191148
75 85 1.075131
75 175 -0.950483
76 77 1.456317
76 86 -0.971807
76 176 -1.499312
77 78 0.630378
77 87 0.417993
77 177 -0.242086
78 79 -0.709964
78 88 -0.496412
78 178 -0.443465
79 70 -1.169180
79 89 -1.764238
79 179 0.363310
80 81 -1.680095
80 90 0.726317
80 180 1.561225
81 82 0.397941
81 91 -0.431886
81 181 0.403288
82 83 -0.635942
82 92 -0.647594
82 182 2.567991
83 84 -0.561147
83 93 -0.220382
83 183 -1.868017
84 85 0.673920
84 94 0.020356
84 184 -0.307228
85 86 0.246658
85 95 -1.313781
85 185 0.758187
86 87 -1.376322
86 96 0.516291
86 186 0.054232
87 88 1.409708
87 97 -1.409676
87 187 -0.609218
88 89 -2.937130
88 98 -0.258758
88 188 -0.834175
89 80 -0.844438
89 99 0.241788
89 189 0.231979
90 91 -1.534781
90 0 -0.251398
90 190 0.351093
91 92 -2.086900
91 1 0.391983
91 191 0.566524
92 93 0.841822
92 2 -0.165281
92 192 0.376583
93 94 2.015172
93 3 0.836381
93 193 0.562016
94 95 1.601565
94 4 0.432271
94 194 0.822490
95 96 0.231534
95 5 0.825873
95 195 -0.026089
96 97 -0.452388
96 6 -1.063440
96 196 -0.884552
97 98 0.724497
97 7 0.658445
97 197 -0.040285
98 99 -0.221143
98 8 -0.498827
98 198 1.222457
99 90 -1.811686
99 9 1.818789
99 199 0.363574
100 101 2.470283
100 110 0.302555
100 200 0.569994
101 102 2.063465
101 111 1.658515
101 201 1.493358
102 103 0.962745
102 112 0.004729
102 202 -0.429140
103 104 -0.759586
103 113 -0.965384
103 203 0.817416
104 105 0.839496
104 114 0.013217
104 204 0.676838
105 106 -0.249680
105 115 0.252014
105 205 1.278460
106 107 0.995574
106 116 0.224215
106 206 0.039919
107 108 -1.174741
107 117 -0.352403
107 207 -1.052411
108 109 -0.707353
108 118 -0.575658
108 208 1.439572
109 100 0.595360
109 119 0.832895
109 209 0.826793
110 111 0.456930
110 120 -0.245636
110 210 0.543755
111 112 0.348934
111 121 0.952525
111 211 0.975795
112 113 0.648263
112 122 -0.376122
112 212 0.070869
113 114 -1.634287
113 123 -0.512126
113 213 1.697654
114 115 -0.314475
114 124 0.079270
114 214 0.600547
115 116 1.341018
115 125 -0.224143
115 215 0.078393
116 117 -0.309766
116 126 -1.498029
116 216 0.186525
117 118 0.457829
117 127 -1.000563
117 217 0.065963
118 119 0.248186
118 128 -0.531959
118 218 -0.812105
119 110 1.388762
119 129 0.274493
119 219 0.557536
120 121 -0.677804
120 130 -2.167436
120 220 -0.547799
121 122 1.643815
121 131 -0.522067
121 221 -0.446644
122 123 -1.262688
122 132 1.218627
122 222 -0.054074
123 124 0.295917
123 133 0.794413
123 223 -0.364265
124 125 -1.425703
124 134 -0.595448
124 224 0.551763
125 126 -1.483781
125 135 0.430302
125 225 0.267354
126 127 0.119117
126 136 0.130065
126 226 1.821833
127 128 1.264845
127 137 -1.166785
127 227 1.545249
128 129 -0.910866
128 138 1.875454
128 228 -1.019492
129 120 -0.265778
129 139 0.963633
129 229 0.092344
130 131 0.115813
130 140 -1.261834
130 230 -0.450570
131 132 -0.435850
131 141 -0.303496
131 231 0.593092
132 133 1.307934
132 142 -0.434370
132 232 -1.727670
133 134 -0.062990
133 143 -1.836643
133 233 -0.333463
134 135 0.771242
134 144 -0.876848
134 234 -0.172843
135 136 0.210049
135 145 0.573250
135 235 -1.606709
136 137 -0.375311
136 146 -0.645308
136 236 -0.187463
137 138 -1.282019
137 147 0.242708
137 237 -1.146430
138 139 -2.753139
138 148 0.664020
138 238 0.016594
139 130 0.609695
139 149 0.639428
139 239 0.165735
140 141 1.161711
140 150 0.143319
140 240 0.083601
141 142 0.705780
141 151 0.838014
141 241 0.885599
142 143 1.030527
142 152 -0.276498
142 242 -0.418623
143 144 0.063307
143 153 0.249390
143 243 0.674686
144 145 -0.721732
144 154 -1.663383
144 244 1.349947
145 146 -1.943442
145 155 2.539944
145 245 0.073271
146 147 -3.202505
146 156 0.327235
146 246 0.453404
147 148 -0.756739
147 157 -0.543290
147 247 0.909858
148 149 0.225926
148 158 0.566487
148 248 0.796927
149 140 0.774815
149 159 0.708512
149 249 -0.027164
150 151 0.425136
150 160 0.065825
150 250 -1.026957
151 152 -0.260007
151 161 0.518650
151 251 0.906627
152 153 -0.180539
152 162 0.599483
152 252 1.719405
153 154 -0.727410
153 163 1.726750
153 253 -0.736995
154 155 -1.968773
154 164 -0.211056
154 254 -0.138750
155 156 -0.063618
155 165 0.087761
155 255 0.116422
156 157 2.189938
156 166 0.665980
156 256 1.025510
157 158 -0.428421
157 167 -1.612936
157 257 0.430912
158 159 1.157941
158 168 -1.381006
158 258 0.728568
159 150 -0.217310
159 169 -0.893780
159 259 1.680985
160 161 0.908949
160 170 -0.318192
160 260 -0.936723
161 162 -0.286438
161 171 1.495760
161 261 0.637698
162 163 0.007385
162 172 2.158919
162 262 0.085221
163 164 -0.250923
163 173 0.574295
163 263 -1.219896
164 165 2.089131
164 174 -0.326902
164 264 0.768698
165 166 1.285478
165 175 -1.075167
165 265 -0.443662
166 167 -0.266800
166 176 0.424645
166 266 0.447250
167 168 -0.202099
167 177 -1.456260
167 267 -1.038286
168 169 1.008238
168 178 -0.002468
168 268 -1.340941
169 160 0.958447
169 179 -0.461028
169 269 -0.449539
170 171 -0.597104
170 180 -1.116187
170 270 0.598970
171 172 -0.301599
171 181 1.135978
171 271 0.115030
172 173 1.004086
172 182 0.069748
172 272 0.615873
173 174 0.591561
173 183 0.394129
173 273 -0.893584
174 175 1.429939
174 184 -1.930253
174 274 1.245744
175 176 -1.210668
175 185 -1.352371
175 275 -0.654120
176 177 0.122289
176 186 -1.084093
176 276 -0.500683
177 178 3.112852
177 187 0.070237
177 277 -0.385833
178 179 -0.514285
178 188 0.348785
178 278 0.641205
179 170 -1.061636
179 189 -0.447661
179 279 0.050265
180 181 0.968313
180 190 1.128307
180 280 0.267980
181 182 -0.493505
181 191 0.449112
181 281 -1.660018
182 183 0.789003
182 192 0.187011
182 282 0.272670
183 184 -0.609300
183 193 -0.601243
183 283 0.247332
184 185 -0.691439
184 194 -0.047890
184 284 -0.147833
185 186 -0.307674
185 195 0.784528
185 285 -0.532222
186 187 0.826133
186 196 -1.112894
186 286 1.891808
187 188 0.131350
187 197 -0.980605
187 287 0.392402
188 189 -2.332406
188 198 -1.555683
188 288 -1.019570
189 180 -2.393964
189 199 -0.782855
189 289 -0.591133
190 191 0.777990
190 100 -1.139149
190 290 0.112141
191 192 2.006534
191 101 0.358666
191 291 -0.448759
192 193 -1.462307
192 102 -1.087281
192 292 2.155043
193 194 -2.589162
193 103 -0.715469
193 293 -2.243756
194 195 1.023284
194 104 0.081844
194 294 -0.390435
195 196 1.821439
195 105 1.093860
195 295 0.165368
196 197 1.625791
196 106 -0.864356
196 296 0.400298
197 198 0.736334
197 107 0.381332
197 297 -0.065462
198 199 -1.235377
198 108 1.003464
198 298 -0.532312
199 190 1.416683
199 109 -1.239681
199 299 0.031627
200 201 0.438408
200 210 0.852827
200 300 0.326813
201 202 0.226000
201 211 1.073100
201 301 0.107157
202 203 0.410938
202 212 -0.558438
202 302 0.144086
203 204 -0.012919
203 213 -0.951938
203 303 0.273081
204 205 1.271164
204 214 -0.619072
204 304 -1.772135
205 206 0.015137
205 215 1.833386
205 305 0.131308
206 207 1.707829
206 216 -0.994270
206 306 0.850848
207 208 -1.068219
207 217 0.084720
207 307 -0.865822
208 209 -0.559492
208 218 -0.323978
208 308 -0.134472
209 200 0.077658
209 219 -1.556834
209 309 -0.053107
210 211 0.883972
210 220 0.621997
210 310 0.171745
211 212 0.732038
211 221 -0.384599
211 311 1.237053
212 213 1.211761
212 222 0.018161
212 312 -2.200032
213 214 -1.603697
213 223 -1.001585
213 313 0.719535
214 215 0.318671
214 224 -0.183390
214 314 -0.447640
215 216 0.657323
215 225 0.218200
215 315 -2.215392
216 217 0.429164
216 226 0.481323
216 316 0.460387
217 218 1.046722
217 227 0.554364
217 317 0.327774
218 219 1.154401
218 228 -1.997930
218 318 -0.527758
219 210 1.171928
219 229 1.379115
219 319 -0.408125
220 221 1.897021
220 230 -0.029584
220 320 1.454675
221 222 1.095440
221 231 -0.703941
221 321 0.173663
222 223 0.903801
222 232 -0.383500
222 322 0.027970
223 224 -1.407661
223 233 -0.430398
223 323 -0.708466
224 225 0.583543
224 234 1.573027
224 324 -1.900576
225 226 -0.473599
225 235 0.353036
225 325 -0.634906
226 227 0.289519
226 236 -0.510353
226 326 0.972740
227 228 0.970971
227 237 -0.680889
227 327 -0.624399
228 229 -0.814907
228 238 -1.210781
228 328 -0.741719
229 220 1.842421
229 239 0.806076
229 329 0.799112
230 231 -0.868889
230 240 0.667858
230 330 -0.643466
231 232 0.322564
231 241 0.446116
231 331 -0.378563
232 233 -0.543567
232 242 -1.407927
232 332 0.137426
233 234 0.256605
233 243 -0.273420
233 333 1.836523
234 235 -0.751304
234 244 -0.271608
234 334 -1.304387
235 236 0.288446
235 245 -0.062971
235 335 0.072950
236 237 -0.459192
236 246 -0.825120
236 336 -1.021987
237 238 -1.529094
237 247 0.169152
237 337 1.314581
238 239 1.729052
238 248 0.353718
238 338 -0.166863
239 230 -1.080120
239 249 -0.550337
239 339 0.783763
240 241 0.197659
240 250 0.448228
240 340 -1.129922
241 242 0.202215
241 251 -0.374318
241 341 -0.619990
242 243 0.385557
242 252 -0.187880
242 342 0.198832
243 244 0.923960
243 253 0.387540
243 343 -0.026334
244 245 3.346314
244 254 -0.117033
244 344 0.903742
245 246 0.539077
245 255 -0.032691
245 345 -0.298156
246 247 0.326330
246 256 -0.857389
246 346 0.752259
247 248 0.642707
247 257 -0.333903
247 347 0.727841
248 249 -0.357450
248 258 -0.521294
248 348 -1.224183
249 240 1.733201
249 259 -0.059025
249 349 0.645148
250 251 0.278499
250 260 0.914222
250 350 1.119377
251 252 1.176726
251 261 0.603827
251 351 -0.061926
252 253 -0.327677
252 262 -0.886926
252 352 -0.196857
253 254 1.610390
253 263 0.506644
253 353 0.130002
254 255 0.045637
254 264 0.298798
254 354 -0.249771
255 256 1.230036
255 265 -1.155614
255 355 -0.649626
256 257 0.682440
256 266 1.118987
256 356 0.582829
257 258 -0.017429
257 267 0.152671
257 357 0.832509
258 259 -0.351723
258 268 0.851454
258 358 0.567927
259 250 -0.598893
259 269 0.115745
259 359 1.388450
260 261 -1.586421
260 270 -0.122630
260 360 -0.338010
261 262 -0.738739
261 271 0.413990
261 361 -0.835298
262 263 1.007574
262 272 0.454696
262 362 0.485440
263 264 1.045399
263 273 0.314053
263 363 -0.310695
264 265 0.468181
264 274 1.570332
264 364 0.497338
265 266 -0.149843
265 275 -0.345394
265 365 0.502058
266 267 0.724234
266 276 0.217138
266 366 -0.386560
267 268 0.286841
267 277 -1.548082
267 367 -1.625914
268 269 0.622764
268 278 -1.073483
268 368 0.240726
269 260 -0.832015
269 279 0.465349
269 369 -1.024028
270 271 1.763699
270 280 -0.327036
270 370 -1.015291
271 272 -1.428615
271 281 -1.198773
271 371 -0.830896
272 273 -0.499027
272 282 0.007677
272 372 0.722477
273 274 0.499991
273 283 0.784894
273 373 0.445308
274 275 0.881293
274 284 -0.590371
274 374 0.495020
275 276 0.987269
275 285 0.918499
275 375 -0.540379
276 277 0.113616
276 286 -0.239811
276 376 -1.432827
277 278 -2.000271
277 287 0.481622
277 377 -0.048681
278 279 -0.304654
278 288 -1.207917
278 378 -0.971818
279 270 -0.595578
279 289 -1.989182
279 379 -0.887245
280 281 -0.311319
280 290 -1.042509
280 380 -1.193491
281 282 -0.118859
281 291 -0.110726
281 381 1.878137
282 283 -0.429005
282 292 -0.877984
282 382 0.356089
283 284 1.547684
283 293 -2.573498
283 383 -0.831582
284 285 0.619917
284 294 0.112938
284 384 0.283735
285 286 -0.054946
285 295 1.326926
285 385 0.381995
286 287 0.876822
286 296 -0.193852
286 386 0.188231
287 288 0.783031
287 297 0.382594
287 387 -0.525350
288 289 1.934832
288 298 0.379050
288 388 -2.030261
289 280 0.602630
289 299 -0.757411
289 389 -0.227287
290 291 -0.925565
290 200 -0.790635
290 390 2.109262
291 292 -1.433533
291 201 0.250029
291 391 -1.920855
292 293 -0.651475
292 202 -0.952552
292 392 -0.000063
293 294 0.081455
293 203 -2.855526
293 393 -1.042598
294 295 -0.996707
294 204 1.485107
294 394 -0.278004
295 296 0.232939
295 205 -0.782299
295 395 0.828594
296 297 -0.119887
296 206 0.226585
296 396 -0.420270
297 298 0.168755
297 207 -0.128622
297 397 -1.785065
298 299 -0.000216
298 208 -0.845099
298 398 -0.947193
299 290 0.563881
299 209 0.092837
299 399 -0.841705
300 301 1.229528
300 310 0.174956
300 400 -0.230777
301 302 2.605547
301 311 1.405730
301 401 0.341329
302 303 0.483654
302 312 -1.335139
302 402 -0.527685
303 304 0.708253
303 313 0.619578
303 403 0.342574
304 305 0.762268
304 314 -0.773033
304 404 -1.314219
305 306 -0.705660
305 315 0.506631
305 405 1.020766
306 307 -0.545574
306 316 0.037957
306 406 -1.209800
307 308 -1.327892
307 317 -0.799288
307 407 -0.048428
308 309 -1.919809
308 318 -0.625137
308 408 -0.830979
309 300 -0.370159
309 319 -0.886622
309 409 -0.036948
310 311 0.002551
310 320 -0.018939
310 410 -1.718344
311 312 0.399281
311 321 0.055877
311 411 -0.044215
312 313 -0.698666
312 322 0.786037
312 412 -1.331803
313 314 -1.446591
313 323 0.631255
313 413 -0.182945
314 315 -0.454563
314 324 2.704065
314 414 -0.231862
315 316 0.202014
315 325 -0.259267
315 415 0.419538
316 317 0.333306
316 326 0.858025
316 416 -0.083031
317 318 0.761734
317 327 -1.225307
317 417 -1.416316
318 319 1.014298
318 328 0.674614
318 418 0.279142
319 310 -0.813339
319 329 -1.664031
319 419 -0.719103
320 321 -0.268262
320 330 1.561257
320 420 0.822155
321 322 -0.430712
321 331 0.131225
321 421 0.937879
322 323 1.236415
322 332 -0.438455
322 422 -0.567192
323 324 0.156081
323 333 0.341828
323 423 -0.981542
324 325 -1.025502
324 334 -0.749150
324 424 1.402884
325 326 -0.078520
325 335 1.830177
325 425 -0.352749
326 327 0.327844
326 336 0.350569
326 426 1.697754
327 328 1.893901
327 337 -0.551874
327 427 1.045189
328 329 -0.091360
328 338 -0.088751
328 428 -0.927168
329 320 -0.375438
329 339 -1.135220
329 429 -0.436030
330 331 -1.783080
330 340 -2.653463
330 430 -0.745142
331 332 0.012101
331 341 -0.385963
331 431 1.528820
332 333 0.351135
332 342 0.604051
332 432 -1.101515
333 334 -1.447056
333 343 0.752570
333 433 0.534983
334 335 1.421474
334 344 -1.285686
334 434 0.284027
335 336 0.384763
335 345 1.312738
335 435 0.210118
336 337 0.863090
336 346 0.115336
336 436 0.534260
337 338 0.142592
337 347 1.881312
337 437 -0.223095
338 339 -0.255121
338 348 0.797729
338 438 0.754250
339 330 2.191717
339 349 -1.239587
339 439 1.106419
340 341 -0.583205
340 350 0.654356
340 440 0.523906
341 342 -0.503178
341 351 -1.371220
341 441 -1.844300
342 343 0.219909
342 352 0.134263
342 442 -0.885317
343 344 0.133372
343 353 0.730871
343 443 -1.897599
344 345 -0.946226
344 354 0.008665
344 444 -0.569713
345 346 -1.021240
345 355 0.879825
345 445 -0.174181
346 347 -1.407779
346 356 0.134605
346 446 1.149961
347 348 -0.015360
347 357 -0.758801
347 447 0.286112
348 349 -1.016080
348 358 0.363798
348 448 0.562176
349 340 1.573904
349 359 0.972521
349 449 -0.113204
350 351 0.271921
350 360 1.054228
350 450 0.479355
351 352 -0.795922
351 361 -1.387108
351 451 -1.845514
352 353 2.730705
352 362 -0.712098
352 452 -0.153395
353 354 1.176697
353 363 -0.354597
353 453 -0.084136
354 355 2.171354
354 364 -0.279546
354 454 -0.054957
355 356 -0.838876
355 365 -0.547876
355 455 -1.593542
356 357 -0.367394
356 366 -0.417263
356 456 1.898628
357 358 -0.881275
357 367 0.472534
357 457 -0.656085
358 359 -0.195488
358 368 -0.486308
358 458 -0.440529
359 350 0.863448
359 369 0.325603
359 459 -1.188597
360 361 0.657906
360 370 -0.492803
360 460 -0.578726
361 362 -1.528825
361 371 -0.734133
361 461 -0.507421
362 363 1.113465
362 372 0.876426
362 462 0.236164
363 364 -2.466454
363 373 1.413484
363 463 -0.355994
364 365 1.424867
364 374 -0.026592
364 464 -0.841406
365 366 1.298737
365 375 1.104463
365 465 -1.873576
366 367 -0.173276
366 376 -1.543491
366 466 0.746192
367 368 1.193671
367 377 0.504359
367 467 0.344370
368 369 0.319769
368 378 0.920385
368 468 -0.738430
369 360 -1.681144
369 379 1.307674
369 469 -0.460885
370 371 -0.630945
370 380 0.953010
370 470 1.469841
371 372 -1.569354
371 381 -0.944217
371 471 -0.704785
372 373 0.920126
372 382 -0.199210
372 472 -0.473974
373 374 0.503865
373 383 -1.634311
373 473 -1.343345
374 375 0.340946
374 384 -0.420982
374 474 0.100357
375 376 -0.719105
375 385 0.137688
375 475 2.022530
376 377 0.308759
376 386 0.647714
376 476 0.090239
377 378 1.018546
377 387 -0.606344
377 477 -0.572036
378 379 0.283548
378 388 -0.104918
378 478 1.871768
379 370 -0.781816
379 389 -1.746143
379 479 1.924315
380 381 -0.271722
380 390 0.157472
380 480 1.650656
381 382 -0.747423
381 391 1.162452
381 481 0.598294
382 383 1.656451
382 392 0.438038
382 482 3.315228
383 384 -0.263170
383 393 1.203359
383 483 0.590750
384 385 1.250276
384 394 0.540231
384 484 1.317281
385 386 -1.706445
385 395 -0.559457
385 485 -0.724199
386 387 0.003880
386 396 0.171218
386 486 2.144962
387 388 0.052123
387 397 0.196388
387 487 0.016783
388 389 -0.215940
388 398 1.376504
388 488 0.286508
389 380 0.917026
389 399 0.286150
389 489 0.925023
390 391 -0.313132
390 300 -0.390714
390 490 -1.195736
391 392 0.983531
391 301 -2.066483
391 491 0.861830
392 393 -0.614554
392 302 -0.387048
392 492 -0.302349
393 394 -0.296822
393 303 1.294726
393 493 -0.772670
394 395 -0.127405
394 304 -0.558229
394 494 -0.133081
395 396 -1.080735
395 305 -0.965946
395 495 1.553185
396 397 -0.717768
396 306 1.714734
396 496 2.561093
397 398 0.136485
397 307 0.167983
397 497 1.143778
398 399 0.174680
398 308 -0.679767
398 498 -0.635361
399 390 0.704025
399 309 -1.347932
399 499 2.009189
400 401 -0.036314
400 410 -0.041518
400 500 -0.616110
401 402 -0.986559
401 411 -1.724250
401 501 2.270651
402 403 1.315304
402 412 -1.007718
402 502 1.834998
403 404 0.472299
403 413 -0.022798
403 503 -1.956488
404 405 1.000051
404 414 1.446883
404 504 -1.618335
405 406 -0.932703
405 415 -0.221877
405 505 1.007435
406 407 0.367204
406 416 -0.295422
406 506 -0.794075
407 408 -0.078631
407 417 -1.934913
407 507 -0.387359
408 409 1.581475
408 418 -0.185301
408 508 -0.577582
409 400 -0.594007
409 419 0.532314
409 509 -0.771586
410 411 0.388427
410 420 0.889756
410 510 0.122849
411 412 -0.284816
411 421 -0.634427
411 511 -0.132484
412 413 -0.479898
412 422 -0.857498
412 512 0.127911
413 414 -0.481256
413 423 1.236792
413 513 -0.561601
414 415 0.030848
414 424 0.276669
414 514 0.993920
415 416 1.144809
415 425 -0.226830
415 515 -1.102634
416 417 -0.239606
416 426 -0.216582
416 516 -0.440835
417 418 -0.813842
417 427 -0.905882
417 517 -0.307905
418 419 0.891313
418 428 2.179917
418 518 -0.756940
419 410 0.933661
419 429 -1.855448
419 519 -0.181392
420 421 -1.956042
420 430 -0.481833
420 520 -0.534951
421 422 -1.523821
421 431 -0.615208
421 521 2.478969
422 423 0.924026
422 432 1.501269
422 522 -0.067212
423 424 0.353946
423 433 -1.564017
423 523 0.723183
424 425 -0.715508
424 434 -0.919985
424 524 0.547567
425 426 0.427536
425 435 -0.146175
425 525 -0.261607
426 427 -0.474207
426 436 -0.156977
426 526 -1.401932
427 428 -0.774872
427 437 0.797295
427 527 0.309011
428 429 -0.190272
428 438 -0.269320
428 528 -0.543233
429 420 -0.778783
429 439 0.858524
429 529 -1.288910
430 431 1.589787
430 440 1.370091
430 530 -1.078998
431 432 -0.168067
431 441 -0.406105
431 531 0.483869
432 433 -0.277841
432 442 -0.667205
432 532 -0.202454
433 434 -1.444130
433 443 0.044386
433 533 -1.365958
434 435 0.189440
434 444 0.600012
434 534 1.796946
435 436 -1.126911
435 445 -1.039196
435 535 0.564869
436 437 -0.176939
436 446 -0.398524
436 536 -1.200342
437 438 0.439491
437 447 1.002274
437 537 -0.990675
438 439 -0.686767
438 448 1.324377
438 538 -0.584263
439 430 0.019787
439 449 -1.144032
439 539 -0.751091
440 441 -0.749971
440 450 -1.602627
440 540 1.134191
441 442 -0.607850
441 451 -0.115458
441 541 -1.057292
442 443 -0.368549
442 452 -2.022189
442 542 1.243994
443 444 -0.124051
443 453 -0.616605
443 543 0.845737
444 445 1.289460
444 454 -0.993074
444 544 0.881382
445 446 1.014515
445 455 1.240490
445 545 -0.413614
446 447 0.217181
446 456 1.425128
446 546 0.448242
447 448 0.065042
447 457 1.160162
447 547 0.745232
448 449 -0.695331
448 458 0.535110
448 548 -0.344946
449 440 -0.325957
449 459 0.658819
449 549 0.058670
450 451 -0.236830
450 460 -0.339067
450 550 1.322020
451 452 -0.552969
451 461 0.782508
451 551 0.499590
452 453 0.043392
452 462 -0.426511
452 552 -0.519629
453 454 -0.119316
453 463 -0.548784
453 553 1.465839
454 455 -1.272917
454 464 -0.698222
454 554 -0.801730
455 456 0.097083
455 465 -0.841799
455 555 -1.052639
456 457 -0.577854
456 466 -0.312828
456 556 -0.011021
457 458 -1.159499
457 467 -0.457456
457 557 -0.023974
458 459 1.612149
458 468 -0.968635
458 558 0.620231
459 450 0.912587
459 469 -0.459755
459 559 -1.156610
460 461 0.300784
460 470 0.088855
460 560 -0.266300
461 462 -0.572376
461 471 -1.262868
461 561 2.197662
462 463 -1.284864
462 472 -0.487394
462 562 -0.093264
463 464 -0.795574
463 473 1.017567
463 563 0.235691
464 465 1.196502
464 474 0.347362
464 564 -1.458424
465 466 0.406606
465 475 1.260458
465 565 -0.778992
466 467 -0.624962
466 476 -0.061115
466 566 -0.410698
467 468 -0.340545
467 477 -1.807769
467 567 -1.274593
468 469 0.463433
468 478 2.011960
468 568 0.206692
469 460 0.427636
469 479 -0.394457
469 569 0.587954
470 471 1.882095
470 480 -0.338104
470 570 1.211571
471 472 0.786565
471 481 -0.860527
471 571 1.312799
472 473 0.038820
472 482 0.317963
472 572 0.826583
473 474 0.165086
473 483 -0.979507
473 573 -1.130003
474 475 0.488562
474 484 0.573499
474 574 -1.601907
475 476 0.880846
475 485 -1.076903
475 575 -1.151014
476 477 0.342896
476 486 0.562977
476 576 -0.738480
477 478 1.579128
477 487 -0.829234
477 577 -0.044357
478 479 -0.025930
478 488 -0.950634
478 578 -1.571096
479 470 0.567379
479 489 0.035998
479 579 0.405975
480 481 -0.221874
480 490 -0.331512
480 580 1.515967
481 482 0.887984
481 491 0.732219
481 581 1.024455
482 483 1.869951
482 492 0.951903
482 582 -1.005484
483 484 -1.157165
483 493 0.302248
483 583 1.189404
484 485 -0.466325
484 494 -0.443243
484 584 -1.197972
485 486 0.478081
485 495 0.536500
485 585 0.736361
486 487 -0.575319
486 496 -0.204053
486 586 0.533999
487 488 1.094911
487 497 1.127420
487 587 -1.215167
488 489 -0.402927
488 498 -1.348755
488 588 0.283258
489 480 -0.187616
489 499 -2.306917
489 589 -1.338700
490 491 0.544524
490 400 1.433207
490 590 -2.164504
491 492 -0.008277
491 401 0.456012
491 591 0.502636
492 493 0.847143
492 402 -0.466819
492 592 -1.132109
493 494 -0.094812
493 403 -0.375268
493 593 0.714475
494 495 -2.208222
494 404 -0.531920
494 594 0.852157
495 496 0.112510
495 405 0.068820
495 595 -0.102747
496 497 -0.083356
496 406 -0.355590
496 596 -0.454922
497 498 0.577583
497 407 -1.239333
497 597 1.172310
498 499 0.314235
498 408 -0.772999
498 598 -0.004938
499 490 -0.944820
499 409 -0.842197
499 599 1.109521
500 501 -0.970002
500 510 2.022202
500 600 -0.550220
501 502 -0.079105
501 511 1.178439
501 601 0.851924
502 503 0.544029
502 512 0.395933
502 602 0.579523
503 504 -0.788945
503 513 0.047535
503 603 0.866627
504 505 -1.083217
504 514 -1.295946
504 604 -0.725736
505 506 0.419493
505 515 0.661140
505 605 -0.232952
506 507 -0.435255
506 516 0.351877
506 606 -1.084554
507 508 -0.599146
507 517 1.240363
507 607 0.875530
508 509 -1.120151
508 518 -1.402011
508 608 -0.332253
509 500 -1.207079
509 519 1.302401
509 609 0.758649
510 511 0.457946
510 520 -0.933239
510 610 1.048544
511 512 -1.415057
511 521 -0.966585
511 611 -0.674214
512 513 0.702465
512 522 -1.121131
512 612 -0.794419
513 514 0.183934
513 523 2.156619
513 613 -0.443461
514 515 0.174550
514 524 1.214323
514 614 0.488956
515 516 -0.488841
515 525 0.322389
515 615 -0.199713
516 517 0.048525
516 526 -1.671332
516 616 -1.386776
517 518 -1.294516
517 527 -2.459439
517 617 -0.947890
518 519 0.326944
518 528 0.610669
518 618 -0.449068
519 510 -0.263037
519 529 -1.592971
519 619 0.013007
520 521 -0.620909
520 530 0.968301
520 620 1.997268
521 522 -0.481475
521 531 0.610959
521 621 -1.474096
522 523 -0.095081
522 532 -1.747242
522 622 1.160939
523 524 0.383163
523 533 0.345594
523 623 -0.188688
524 525 1.602672
524 534 0.089687
524 624 1.353755
525 526 -0.091948
525 535 -0.312392
525 625 -0.303620
526 527 -0.643067
526 536 -1.529127
526 626 0.308826
527 528 -1.011007
527 537 0.364047
527 627 0.038604
528 529 0.148043
528 538 -1.856015
528 628 -0.824900
529 520 -0.481968
529 539 0.768250
529 629 1.076728
530 531 -0.849707
530 540 0.142506
530 630 -0.688023
531 532 -0.658352
531 541 1.254351
531 631 0.320189
532 533 0.074639
532 542 -0.667027
532 632 -1.658137
533 534 1.403149
533 543 -0.353931
533 633 -0.715216
534 535 -0.337370
534 544 -0.157380
534 634 0.758735
535 536 0.910302
535 545 -0.891778
535 635 -0.200065
536 537 -0.314004
536 546 -0.440336
536 636 0.139619
537 538 -0.047381
537 547 -0.264561
537 637 0.324044
538 539 0.220127
538 548 1.741461
538 638 -0.655334
539 530 -0.340445
539 549 0.846284
539 639 -1.598622
540 541 0.736257
540 550 -1.610969
540 640 -1.625593
541 542 0.504632
541 551 -0.988289
541 641 0.102880
542 543 -0.225239
542 552 0.437313
542 642 0.188161
543 544 0.098268
543 553 -0.815724
543 643 0.142342
544 545 1.564418
544 554 -0.274004
544 644 -0.400653
545 546 -1.054249
545 555 -0.085325
545 645 -0.321363
546 547 -0.053517
546 556 -1.422785
546 646 0.437514
547 548 -1.557335
547 557 1.402918
547 647 -0.184290
548 549 0.903793
548 558 0.566422
548 648 0.170814
549 540 0.992438
549 559 -0.633547
549 649 1.552028
550 551 1.623448
550 560 -0.823723
550 650 -0.380618
551 552 0.752184
551 561 -0.775522
551 651 -0.396627
552 553 0.783770
552 562 -2.210762
552 652 0.473038
553 554 -0.672506
553 563 0.369844
553 653 -1.521408
554 555 0.540555
554 564 -1.679582
554 654 -1.543818
555 556 0.729959
555 565 1.098554
555 655 -0.485637
556 557 -0.125496
556 566 2.548575
556 656 0.082708
557 558 0.242856
557 567 0.652058
557 657 -1.254421
558 559 0.510963
558 568 -0.425866
558 658 1.089185
559 550 0.727628
559 569 0.629043
559 659 -1.022924
560 561 -0.066948
560 570 -0.834253
560 660 1.072591
561 562 0.392002
561 571 -0.117200
561 661 -0.453360
562 563 -0.493208
562 572 0.767743
562 662 -0.066997
563 564 -1.672358
563 573 -0.172383
563 663 -1.122012
564 565 -0.109240
564 574 1.064161
564 664 0.314854
565 566 -0.894713
565 575 -0.384672
565 665 0.920716
566 567 0.244821
566 576 0.843825
566 666 1.309590
567 568 0.396350
567 577 -0.739172
567 667 -1.726978
568 569 0.885448
568 578 1.435662
568 668 -0.434618
569 560 -0.509839
569 579 0.937951
569 669 -0.586294
570 571 -0.006901
570 580 -0.874907
570 670 0.319946
571 572 0.709322
571 581 -2.125080
571 671 0.196653
572 573 0.164652
572 582 -0.501011
572 672 0.016437
573 574 -0.996855
573 583 -0.355054
573 673 0.020409
574 575 0.162494
574 584 -0.675831
574 674 0.092534
575 576 0.178983
575 585 0.180438
575 675 0.144807
576 577 0.661478
576 586 1.966786
576 676 2.114776
577 578 1.035175
577 587 -0.314399
577 677 0.125654
578 579 -0.645134
578 588 -0.647943
578 678 -0.206011
579 570 -0.558735
579 589 0.251828
579 679 0.543832
580 581 -1.394342
580 590 -1.622911
580 680 0.925191
581 582 0.007853
581 591 -0.138709
581 681 0.689659
582 583 1.649845
582 592 -1.160343
582 682 -0.046241
583 584 0.796957
583 593 -0.969562
583 683 -0.050970
584 585 -1.635054
584 594 -0.495534
584 684 -0.724791
585 586 -0.194043
585 595 0.013052
585 685 0.758387
586 587 -0.755307
586 596 -1.713203
586 686 -1.279842
587 588 1.108049
587 597 1.349122
587 687 0.919468
588 589 -1.429845
588 598 -0.105913
588 688 0.234993
589 580 -0.890089
589 599 -0.907336
589 689 0.789858
590 591 0.484684
590 500 0.791948
590 690 0.608956
591 592 -1.657487
591 501 -1.061131
591 691 0.694724
592 593 0.606184
592 502 -0.363086
592 692 -0.922308
593 594 -0.725606
593 503 -0.338107
593 693 0.225838
594 595 -1.140484
594 504 0.092668
594 694 0.532285
595 596 -0.652751
595 505 -0.860248
595 695 -0.732623
596 597 -0.753172
596 506 0.692635
596 696 0.574908
597 598 0.478256
597 507 0.867735
597 697 -0.086506
598 599 0.111725
598 508 -0.474003
598 698 -0.003452
599 590 -0.610679
599 509 -0.600835
599 699 -1.105879
600 601 -0.219681
600 610 -0.185772
600 700 -0.277191
601 602 0.614757
601 611 1.279015
601 701 -2.322469
602 603 -0.544251
602 612 -2.085593
602 702 0.323673
603 604 -0.119360
603 613 0.907961
603 703 -0.265120
604 605 0.869379
604 614 0.775019
604 704 1.819642
605 606 -0.071526
605 615 -0.859418
605 705 -0.206860
606 607 -1.604037
606 616 0.612355
606 706 -1.061747
607 608 -0.372386
607 617 1.392753
607 707 -1.289056
608 609 1.630388
608 618 0.912845
608 708 0.594512
609 600 -0.202946
609 619 -0.760462
609 709 -2.179410
610 611 0.410854
610 620 -1.627192
610 710 1.307123
611 612 0.710073
611 621 2.157839
611 711 -0.677394
612 613 0.084396
612 622 -0.499703
612 712 -0.325925
613 614 -0.270738
613 623 -1.246570
613 713 -0.795744
614 615 1.100982
614 624 -1.722455
614 714 -1.659222
615 616 -0.252988
615 625 -1.608880
615 715 -0.754321
616 617 -0.906326
616 626 1.072271
616 716 -0.600406
617 618 -0.984080
617 627 1.091297
617 717 -1.030359
618 619 -0.878746
618 628 0.728972
618 718 -0.234683
619 610 -0.234423
619 629 0.021508
619 719 -0.594013
620 621 -0.273593
620 630 -0.128954
620 720 0.002468
621 622 -0.616294
621 631 0.213666
621 721 -1.584201
622 623 -0.742480
622 632 -0.769655
622 722 1.122674
623 624 0.197341
623 633 1.184000
623 723 1.087756
624 625 -0.538681
624 634 -1.013965
624 724 -0.123433
625 626 0.998422
625 635 -0.281878
625 725 -0.782526
626 627 0.358005
626 636 -2.007914
626 726 0.354694
627 628 -2.165855
627 637 -0.511430
627 727 2.911712
628 629 -2.121232
628 638 0.696171
628 728 0.943196
629 620 0.486958
629 639 0.103898
629 729 1.130843
630 631 -2.188184
630 640 1.046099
630 730 -0.101003
631 632 0.930734
631 641 0.763847
631 731 0.244976
632 633 1.573452
632 642 -0.907595
632 732 -0.053323
633 634 -0.075425
633 643 3.175824
633 733 -0.886812
634 635 -0.125380
634 644 -0.996601
634 734 -1.092626
635 636 0.211362
635 645 -0.684589
635 735 -2.246344
636 637 -0.937215
636 646 -1.338550
636 736 1.082397
637 638 -0.511062
637 647 0.318692
637 737 0.195336
638 639 0.143175
638 648 0.450799
638 738 0.279194
639 630 -2.146507
639 649 -0.020259
639 739 -1.567474
640 641 0.654559
640 650 -0.249103
640 740 0.114796
641 642 -1.758827
641 651 -1.107090
641 741 1.004885
642 643 -0.525006
642 652 0.504174
642 742 -0.473490
643 644 0.611917
643 653 2.194265
643 743 0.714434
644 645 -1.168341
644 654 -0.939545
644 744 -0.549409
645 646 0.904279
645 655 0.261311
645 745 -0.566473
646 647 -0.286081
646 656 -0.808057
646 746 -0.563299
647 648 0.521988
647 657 0.184093
647 747 -0.549291
648 649 -0.930957
648 658 -0.982600
648 748 -1.377349
649 640 0.955467
649 659 1.560395
649 749 1.357906
650 651 -0.159907
650 660 -0.957997
650 750 0.857209
651 652 0.180574
651 661 1.117747
651 751 -0.202250
652 653 1.025656
652 662 1.587561
652 752 -1.341545
653 654 -0.358896
653 663 1.657805
653 753 0.095052
654 655 0.290151
654 664 0.935558
654 754 1.311408
655 656 0.857154
655 665 -0.167721
655 755 1.845354
656 657 0.400749
656 666 0.418065
656 756 -0.307006
657 658 -0.408846
657 667 1.766114
657 757 -0.561611
658 659 0.264552
658 668 1.798401
658 758 1.714902
659 650 -1.369561
659 669 -0.952891
659 759 1.344783
660 661 -0.619415
660 670 0.043532
660 760 -1.869038
661 662 -2.009244
661 671 -1.544382
661 761 -0.989172
662 663 2.368348
662 672 0.794787
662 762 -1.397819
663 664 -1.419283
663 673 -0.153244
663 763 0.488534
664 665 -1.125734
664 674 -1.243940
664 764 -1.220969
665 666 0.772658
665 675 -1.229949
665 765 -0.552666
666 667 -0.653873
666 676 -1.237727
666 766 -0.022803
667 668 -0.576303
667 677 0.784198
667 767 0.294593
668 669 0.922820
668 678 0.544451
668 768 -0.008376
669 660 1.006557
669 679 0.334220
669 769 -0.173884
670 671 -0.475225
670 680 -1.800859
670 770 -1.494166
671 672 0.226563
671 681 -1.408124
671 771 -0.212514
672 673 -0.436050
672 682 0.011247
672 772 -0.830017
673 674 -0.305686
673 683 -0.616473
673 773 -0.381115
674 675 -0.552108
674 684 -0.547493
674 774 1.593139
675 676 -0.103154
675 685 -0.275169
675 775 -0.523345
676 677 -0.946347
676 686 -0.395053
676 776 0.437586
677 678 -0.681991
677 687 0.305819
677 777 -0.161750
678 679 0.484278
678 688 1.361674
678 778 -0.311407
679 670 0.315310
679 689 -0.738623
679 779 0.447272
680 681 -0.276779
680 690 -0.606970
680 780 -0.889073
681 682 -1.231295
681 691 -0.003791
681 781 -2.221327
682 683 -0.343142
682 692 0.628328
682 782 -0.332938
683 684 -0.017664
683 693 0.845381
683 783 -0.180829
684 685 1.170676
684 694 0.433445
684 784 0.152160
685 686 1.695072
685 695 -0.592290
685 785 -1.755521
686 687 0.782062
686 696 2.299075
686 786 -0.504215
687 688 0.002611
687 697 0.851835
687 787 -0.426379
688 689 -0.293847
688 698 -0.853144
688 788 -1.802031
689 680 0.175017
689 699 -0.100933
689 789 0.929917
690 691 1.208822
690 600 0.154756
690 790 1.120380
691 692 -2.022319
691 601 0.685600
691 791 -0.212265
692 693 -0.479148
692 602 -1.409669
692 792 1.919602
693 694 -0.540786
693 603 -0.295465
693 793 0.533125
694 695 0.125231
694 604 0.017522
694 794 -0.573620
695 696 1.331345
695 605 -0.714608
695 795 -1.425608
696 697 -1.150484
696 606 -0.683208
696 796 1.270983
697 698 -0.135175
697 607 0.330454
697 797 -1.809054
698 699 0.722047
698 608 0.789914
698 798 0.222475
699 690 -0.910309
699 609 0.570178
699 799 -2.312286
700 701 0.583753
700 710 -1.454595
700 800 0.128849
701 702 0.562914
701 711 0.038430
701 801 -0.417370
702 703 1.533733
702 712 1.517826
702 802 0.664125
703 704 -0.305037
703 713 -0.835949
703 803 -0.032784
704 705 -0.000061
704 714 -1.734717
704 804 -0.624686
705 706 2.300695
705 715 1.095249
705 805 -1.185313
706 707 -0.666691
706 716 -0.843500
706 806 0.151629
707 708 -0.622746
707 717 1.266921
707 807 1.314545
708 709 0.214432
708 718 1.049476
708 808 -1.006914
709 700 -1.047382
709 719 -0.020133
709 809 -1.469036
710 711 -1.046103
710 720 -0.574335
710 810 -0.764401
711 712 0.897901
711 721 -0.033201
711 811 -2.169678
712 713 -1.192438
712 722 0.095720
712 812 -0.226791
713 714 0.653126
713 723 0.936972
713 813 0.978126
714 715 -1.700430
714 724 0.297165
714 814 1.855937
715 716 1.064651
715 725 0.153903
715 815 0.200959
716 717 -1.191994
716 726 -0.853097
716 816 0.948358
717 718 -1.816669
717 727 0.361535
717 817 -0.526588
718 719 -0.332938
718 728 1.252668
718 818 0.988817
719 710 -0.819939
719 729 0.192996
719 819 0.025019
720 721 1.280885
720 730 0.320165
720 820 -1.138948
721 722 2.018919
721 731 -0.382721
721 821 0.140464
722 723 0.129086
722 732 -0.010082
722 822 2.474922
723 724 1.121796
723 733 0.077214
723 823 0.478609
724 725 -0.553543
724 734 -0.338108
724 824 0.514364
725 726 -0.017187
725 735 -0.376041
725 825 -0.349913
726 727 1.312906
726 736 0.695110
726 826 0.094532
727 728 0.936920
727 737 -0.119835
727 827 0.569422
728 729 0.177475
728 738 -0.559637
728 828 0.076498
729 720 -0.010450
729 739 -0.618610
729 829 1.172312
730 731 1.377159
730 740 -0.350575
730 830 2.050298
731 732 0.034108
731 741 -1.065906
731 831 -0.747908
732 733 -0.372911
732 742 -0.152360
732 832 0.869992
733 734 -1.068032
733 743 -0.144885
733 833 -1.188958
734 735 -0.139278
734 744 -1.128589
734 834 1.727475
735 736 0.937112
735 745 2.020145
735 835 -1.767586
736 737 0.400895
736 746 1.448297
736 836 -1.391297
737 738 0.075165
737 747 0.318969
737 837 -1.538028
738 739 -1.274951
738 748 -1.718011
738 838 -1.262200
739 730 0.262906
739 749 0.321183
739 839 0.910514
740 741 0.586758
740 750 -1.159124
740 840 0.456638
741 742 1.265062
741 751 -0.376073
741 841 0.957479
742 743 -1.073133
742 752 0.386797
742 842 0.668751
743 744 -1.050490
743 753 -1.703812
743 843 -0.187110
744 745 -1.715065
744 754 -0.660505
744 844 0.756614
745 746 -1.275706
745 755 0.203519
745 845 0.127528
746 747 1.897312
746 756 -0.114368
746 846 0.271985
747 748 -1.218491
747 757 -0.168647
747 847 0.991083
748 749 1.694387
748 758 0.679743
748 848 -1.698165
749 740 0.384789
749 759 0.569995
749 849 0.589263
750 751 1.293942
750 760 0.986878
750 850 -1.495341
751 752 0.732254
751 761 1.702843
751 851 0.268853
752 753 0.255468
752 762 3.084795
752 852 0.566108
753 754 0.878692
753 763 -0.937202
753 853 0.792949
754 755 -0.588159
754 764 0.155562
754 854 0.238224
755 756 -0.111302
755 765 -0.546578
755 855 1.064396
756 757 -1.923318
756 766 1.532634
756 856 -0.796044
757 758 -0.931888
757 767 0.961988
757 857 0.460498
758 759 2.033747
758 768 0.348769
758 858 -0.276557
759 750 1.488071
759 769 1.940104
759 859 1.410291
760 761 -1.589443
760 770 0.820471
760 860 1.154328
761 762 0.009258
761 771 0.730235
761 861 0.024956
762 763 0.431173
762 772 -1.574123
762 862 -0.726742
763 764 -1.206336
763 773 -0.199739
763 863 -0.188059
764 765 -0.825134
764 774 -0.539966
764 864 0.427439
765 766 -0.016743
765 775 -1.550896
765 865 0.273450
766 767 0.114381
766 776 -0.732396
766 866 1.058075
767 768 -0.582925
767 777 0.562477
767 867 0.943779
768 769 1.099498
768 778 -0.128949
768 868 -2.305010
769 760 -1.055623
769 779 -0.381277
769 869 0.678047
770 771 -1.397168
770 780 0.910180
770 870 -0.071718
771 772 0.123079
771 781 0.433000
771 871 1.506908
772 773 -0.812169
772 782 0.628890
772 872 1.171952
773 774 2.254589
773 783 -0.395582
773 873 1.504680
774 775 -0.946239
774 784 -0.226337
774 874 0.225314
775 776 0.850603
775 785 -0.784299
775 875 -0.505726
776 777 -0.058895
776 786 -0.940103
776 876 0.775771
777 778 -0.191032
777 787 1.241071
777 877 -0.476242
778 779 -0.223268
778 788 -2.182121
778 878 1.200963
779 770 -0.992049
779 789 0.016314
779 879 0.192265
780 781 -0.538287
780 790 -0.804436
780 880 0.927720
781 782 -1.063232
781 791 -0.800390
781 881 -0.729682
782 783 -0.364186
782 792 0.288629
782 882 -1.040937
783 784 -1.090563
783 793 0.273403
783 883 0.692407
784 785 0.579942
784 794 1.299074
784 884 -1.689014
785 786 -0.256145
785 795 0.014110
785 885 1.225640
786 787 0.657445
786 796 -0.046934
786 886 0.557627
787 788 2.068769
787 797 -0.665957
787 887 1.544214
788 789 0.910234
788 798 -1.017267
788 888 0.364341
789 780 -0.672792
789 799 1.746552
789 889 0.101002
790 791 -0.689951
790 700 -0.311059
790 890 1.355341
791 792 0.716242
791 701 -0.716789
791 891 -0.847687
792 793 0.117621
792 702 0.537586
792 892 -0.652733
793 794 -1.153284
793 703 0.291258
793 893 -1.026291
794 795 -1.054208
794 704 -0.205266
794 894 1.456348
795 796 0.471727
795 705 0.972489
795 895 0.272125
796 797 -0.278957
796 706 0.430009
796 896 1.849645
797 798 0.305413
797 707 1.842052
797 897 -0.080806
798 799 2.087246
798 708 1.661528
798 898 -0.524308
799 790 -0.040816
799 709 0.624652
799 899 -0.049722
800 801 -0.012514
800 810 -0.455405
800 900 -0.585649
801 802 0.429229
801 811 -0.881169
801 901 -1.037092
802 803 -0.444984
802 812 0.787126
802 902 0.468779
803 804 0.137508
803 813 0.986859
803 903 -1.110828
804 805 0.257043
804 814 -0.772346
804 904 -0.215995
805 806 -0.711421
805 815 -0.970111
805 905 1.732209
806 807 -0.551527
806 816 0.055045
806 906 -0.968617
807 808 -1.111355
807 817 -0.559034
807 907 0.398038
808 809 0.746588
808 818 -0.768160
808 908 -1.474941
809 800 -1.006680
809 819 0.013368
809 909 -2.394517
810 811 0.225577
810 820 -1.337183
810 910 0.459317
811 812 0.364419
811 821 -1.019220
811 911 1.489048
812 813 0.307627
812 822 -0.851858
812 912 -0.129694
813 814 0.590810
813 823 1.110631
813 913 1.287804
814 815 -0.274358
814 824 0.726398
814 914 -0.859692
815 816 -1.002147
815 825 0.039567
815 915 -0.068188
816 817 -0.914830
816 826 -0.215482
816 916 0.793419
817 818 0.956258
817 827 -0.418209
817 917 0.122155
818 819 -1.267591
818 828 -0.630848
818 918 -0.104130
819 810 0.541534
819 829 -1.341422
819 919 2.801710
820 821 -0.630570
820 830 -0.439232
820 920 1.058203
821 822 0.383212
821 831 -0.933284
821 921 -1.817052
822 823 0.400745
822 832 2.237202
822 922 1.385351
823 824 0.065716
823 833 0.017822
823 923 -0.323298
824 825 -0.106363
824 834 1.357583
824 924 0.555595
825 826 1.669035
825 835 -0.310386
825 925 -1.270857
826 827 0.390087
826 836 0.842266
826 926 -1.079151
827 828 1.542448
827 837 -0.073404
827 927 0.593452
828 829 2.072333
828 838 -0.449342
828 928 0.174588
829 820 0.040773
829 839 0.395784
829 929 -0.832777
830 831 0.284733
830 840 0.213245
830 930 0.086405
831 832 -0.342287
831 841 0.669677
831 931 -1.020085
832 833 -0.824445
832 842 1.058632
832 932 0.409238
833 834 -0.821965
833 843 -0.122616
833 933 -0.324784
834 835 -0.096099
834 844 0.431488
834 934 0.949940
835 836 1.402611
835 845 0.495690
835 935 0.208742
836 837 0.155699
836 846 -0.248899
836 936 1.782659
837 838 2.362017
837 847 1.405663
837 937 0.419373
838 839 0.515226
838 848 -1.388506
838 938 0.745338
839 830 -0.886133
839 849 -0.117986
839 939 1.651185
840 841 0.423797
840 850 -0.374829
840 940 0.389652
841 842 -0.592951
841 851 -1.122753
841 941 -1.581324
842 843 1.084733
842 852 -0.554777
842 942 0.189953
843 844 1.532156
843 853 -0.996847
843 943 1.097744
844 845 -1.019392
844 854 1.143657
844 944 -1.460934
845 846 0.015361
845 855 -1.364112
845 945 -0.135588
846 847 1.202125
846 856 -0.535935
846 946 0.024794
847 848 -1.404811
847 857 0.044467
847 947 -0.310331
848 849 -1.208670
848 858 -1.200685
848 948 0.149066
849 840 -0.069470
849 859 1.545104
849 949 -0.241463
850 851 0.053075
850 860 -0.013756
850 950 1.191074
851 852 0.623153
851 861 0.737536
851 951 1.898946
852 853 -0.339149
852 862 1.142935
852 952 -1.216968
853 854 -1.896926
853 863 -0.182112
853 953 0.865671
854 855 1.830583
854 864 -0.180843
854 954 0.934838
855 856 0.856139
855 865 -1.039639
855 955 -0.263619
856 857 -2.828912
856 866 0.658532
856 956 0.095407
857 858 -1.963963
857 867 -1.207973
857 957 0.119331
858 859 0.497466
858 868 -1.269601
858 958 1.298915
859 850 2.823830
859 869 -1.454274
859 959 -0.027386
860 861 0.991957
860 870 -0.889991
860 960 -1.262494
861 862 -0.304392
861 871 1.273197
861 961 0.478698
862 863 0.355106
862 872 0.085219
862 962 -0.947493
863 864 -0.619584
863 873 0.443283
863 963 -0.661885
864 865 -1.002244
864 874 1.042051
864 964 0.787549
865 866 1.217919
865 875 0.889689
865 965 0.183499
866 867 1.489735
866 876 -0.336091
866 966 0.880925
867 868 -0.283298
867 877 -0.851905
867 967 0.474748
868 869 -1.185234
868 878 0.078326
868 968 0.633961
869 860 0.188587
869 879 -0.193780
869 969 0.642597
870 871 0.334914
870 880 1.690690
870 970 0.399571
871 872 -0.043180
871 881 -1.294968
871 971 -0.986776
872 873 -1.485364
872 882 1.106344
872 972 0.072242
873 874 -2.979301
873 883 0.300240
873 973 0.280755
874 875 1.298190
874 884 0.096464
874 974 -0.284447
875 876 0.198764
875 885 0.790388
875 975 -0.931504
876 877 0.619648
876 886 0.467958
876 976 0.824861
877 878 -1.058340
877 887 -0.700535
877 977 0.672892
878 879 -0.094113
878 888 0.156210
878 978 1.597453
879 870 -1.823872
879 889 -1.108255
879 979 1.680408
880 881 -0.940267
880 890 0.059810
880 980 0.031810
881 882 1.422350
881 891 -0.581853
881 981 0.750394
882 883 0.605701
882 892 0.572358
882 982 0.119390
883 884 0.681805
883 893 -1.921955
883 983 1.561062
884 885 1.676528
884 894 -0.198803
884 984 2.833602
885 886 -0.114043
885 895 0.434508
885 985 0.080595
886 887 -0.136654
886 896 -0.682592
886 986 1.134014
887 888 -0.206242
887 897 0.833731
887 987 -1.700350
888 889 -0.731220
888 898 0.597851
888 988 0.462969
889 880 0.435019
889 899 -0.220217
889 989 -1.216112
890 891 0.575737
890 800 -0.806132
890 990 1.470372
891 892 1.631729
891 801 -0.774836
891 991 -0.462641
892 893 -0.016721
892 802 -0.944348
892 992 -0.011921
893 894 -1.047085
893 803 0.301345
893 993 -0.710622
894 895 0.284623
894 804 -1.135487
894 994 -2.203964
895 896 0.601617
895 805 0.509201
895 995 -0.053297
896 897 -2.683917
896 806 -1.835813
896 996 -0.050259
897 898 -0.464255
897 807 -0.033778
897 997 -0.112295
898 899 -1.419018
898 808 -0.131055
898 998 -0.468970
899 890 -1.374515
899 809 0.742400
899 999 -0.277113
900 901 0.908759
900 910 0.260809
900 0 -0.205455
901 902 -1.061504
901 911 0.124973
901 1 -0.962151
902 903 -0.727359
902 912 -0.007543
902 2 0.522812
903 904 -1.553813
903 913 -0.266120
903 3 0.244826
904 905 1.952343
904 914 0.871112
904 4 -1.753178
905 906 0.294211
905 915 1.072486
905 5 -0.304377
906 907 0.557841
906 916 -0.494410
906 6 -0.239529
907 908 -0.947787
907 917 -2.426740
907 7 0.008607
908 909 0.959994
908 918 0.571970
908 8 0.466093
909 900 0.327197
909 919 -1.823798
909 9 1.085363
910 911 -0.565696
910 920 -0.010973
910 10 0.758671
911 912 -0.722751
911 921 1.910162
911 11 0.769555
912 913 -0.642555
912 922 0.893181
912 12 -0.774849
913 914 0.390115
913 923 0.199869
913 13 0.401641
914 915 0.175805
914 924 -0.387142
914 14 -0.156731
915 916 -0.489726
915 925 -0.660076
915 15 -0.231745
916 917 -0.164354
916 926 1.889164
916 16 0.952478
917 918 0.465572
917 927 1.301486
917 17 0.923362
918 919 0.770346
918 928 0.351915
918 18 -1.320695
919 910 -0.859229
919 929 -0.855136
919 19 -1.034205
920 921 -0.579449
920 930 1.701247
920 20 -0.435499
921 922 0.467821
921 931 1.373664
921 21 -0.959002
922 923 1.648346
922 932 0.157163
922 22 -0.623991
923 924 0.017791
923 933 -1.632684
923 23 0.158302
924 925 -0.411479
924 934 -0.977243
924 24 0.604750
925 926 -0.050021
925 935 -0.595191
925 25 0.550370
926 927 -0.618284
926 936 -1.112939
926 26 0.667083
927 928 -0.522849
927 937 0.268748
927 27 -0.030430
928 929 0.995502
928 938 -0.361293
928 28 -0.330983
929 920 -0.972393
929 939 -0.288770
929 29 -0.710844
930 931 0.006178
930 940 -0.590702
930 30 1.336430
931 932 -0.346638
931 941 0.493257
931 31 -0.903325
932 933 0.883993
932 942 -2.269849
932 32 -0.845495
933 934 -0.441622
933 943 1.770588
933 33 -1.485431
934 935 0.104890
934 944 -0.326323
934 34 -0.272771
935 936 -0.581697
935 945 -2.235343
935 35 -0.651172
936 937 0.942351
936 946 1.495914
936 36 -1.804843
937 938 0.544772
937 947 1.922965
937 37 -0.126212
938 939 0.562112
938 948 -0.943161
938 38 1.213963
939 930 0.972358
939 949 -0.895064
939 39 -0.436099
940 941 -0.028528
940 950 -0.782366
940 40 0.164625
941 942 1.046315
941 951 1.090736
941 41 -1.748276
942 943 -0.933720
942 952 -0.220436
942 42 0.746426
943 944 -0.563299
943 953 1.307912
943 43 -0.187047
944 945 -0.057178
944 954 0.616834
944 44 -0.948336
945 946 0.690038
945 955 -0.573203
945 45 1.953088
946 947 0.713126
946 956 1.473359
946 46 -0.421633
947 948 1.888718
947 957 -1.805801
947 47 0.354660
948 949 0.345314
948 958 -0.399297
948 48 -1.788666
949 940 -0.386906
949 959 0.252631
949 49 0.389283
950 951 0.475536
950 960 0.801517
950 50 -1.299325
951 952 -1.499200
951 961 1.634452
951 51 1.287545
952 953 -0.928068
952 962 -0.260476
952 52 1.511277
953 954 0.382619
953 963 -2.124779
953 53 -0.534655
954 955 0.043423
954 964 -1.082313
954 54 0.495349
955 956 -1.032349
955 965 0.382244
955 55 0.593184
956 957 -0.639414
956 966 0.857503
956 56 -0.944402
957 958 1.558262
957 967 -0.884435
957 57 -0.181434
958 959 -0.463388
958 968 -0.070081
958 58 -0.497458
959 950 -1.697610
959 969 -0.920765
959 59 -1.524530
960 961 0.532743
960 970 0.634106
960 60 -0.058580
961 962 1.771910
961 971 0.771739
961 61 -1.115968
962 963 0.139984
962 972 -0.182777
962 62 0.027531
963 964 0.264810
963 973 0.373367
963 63 0.960900
964 965 0.471867
964 974 1.727985
964 64 -2.200341
965 966 0.337900
965 975 -0.701282
965 65 -2.801216
966 967 0.701019
966 976 0.971858
966 66 0.565888
967 968 2.212848
967 977 0.391757
967 67 0.215859
968 969 -0.978850
968 978 0.438399
968 68 -0.937922
969 960 0.675737
969 979 -0.734197
969 69 -0.028408
970 971 2.454992
970 980 -0.375617
970 70 -0.075127
971 972 0.387273
971 981 0.020358
971 71 1.214367
972 973 0.595833
972 982 0.441782
972 72 -1.126320
973 974 -1.447967
973 983 -0.627642
973 73 0.524665
974 975 -0.236363
974 984 1.876583
974 74 0.206144
975 976 0.947084
975 985 -0.832891
975 75 -1.816652
976 977 0.142284
976 986 -0.873303
976 76 0.166779
977 978 -0.174937
977 987 0.346102
977 77 -1.541365
978 979 0.694386
978 988 0.185946
978 78 -2.341904
979 970 0.846418
979 989 -0.059907
979 79 0.354272
980 981 1.427385
980 990 0.839300
980 80 -2.390022
981 982 0.636642
981 991 -0.512487
981 81 -0.536840
982 983 -0.541495
982 992 -2.008375
982 82 -0.966536
983 984 -1.442272
983 993 -0.368773
983 83 -1.554250
984 985 -0.222119
984 994 0.971009
984 84 0.546919
985 986 0.487927
985 995 -0.865529
985 85 2.181752
986 987 0.221499
986 996 -0.551560
986 86 0.216443
987 988 0.758813
987 997 -1.461146
987 87 0.823025
988 989 0.604783
988 998 -0.032669
988 88 1.863638
989 980 -0.275984
989 999 -0.999202
989 89 -0.110232
990 991 0.256426
990 900 -0.396085
990 90 1.048611
991 992 -0.117588
991 901 -1.236261
991 91 -0.690677
992 993 -0.375612
992 902 0.374989
992 92 0.002234
993 994 0.418781
993 903 -0.092279
993 93 -1.016447
994 995 0.184638
994 904 0.494601
994 94 1.957789
995 996 3.126463
995 905 -1.120011
995 95 1.485087
996 997 -0.175558
996 906 0.673391
996 96 1.739474
997 998 -0.544151
997 907 1.671992
997 97 0.067123
998 999 -1.476141
998 908 -0.918868
998 98 -2.001022
999 990 1.043012
999 909 0.567866
999 99 0.896662
