0 1 -0.116486
0 10 1.343378
0 100 -0.140063
1 2 0.656034
1 11 -1.351993
1 101 -1.171940
2 3 0.070868
2 12 -0.610687
2 102 0.949175
3 4 -1.276704
3 13 0.255807
3 103 0.921325
4 5 -0.746722
4 14 -0.681065
4 104 1.136074
5 6 -2.176683
5 15 -0.776385
5 105 -0.135765
6 7 0.598883
6 16 -0.575365
6 106 -0.471159
7 8 -1.974750
7 17 2.279273
7 107 0.121247
8 9 0.801959
8 18 -2.449066
8 108 -0.816117
9 0 0.758568
9 19 -1.357129
9 109 0.185407
10 11 -0.720260
10 20 1.298918
10 110 2.496604
11 12 -1.505286
11 21 -0.104454
11 111 0.103746
12 13 -0.141789
12 22 -0.892408
12 112 0.972853
13 14 -1.820613
13 23 -1.238854
13 113 0.287251
14 15 0.951372
14 24 -1.247867
14 114 -0.254802
15 16 0.746425
15 25 0.361788
15 115 -0.422122
16 17 0.908635
16 26 0.810192
16 116 0.863538
17 18 -2.833804
17 27 0.063746
17 117 -1.606948
18 19 1.089628
18 28 1.920507
18 118 -0.506174
19 10 -1.521776
19 29 -0.570267
19 119 -0.384433
20 21 1.752924
20 30 -0.387796
20 120 0.467990
21 22 2.549765
21 31 -2.078448
21 121 1.672282
22 23 1.232522
22 32 -0.217507
22 122 -0.729751
23 24 -0.860457
23 33 0.223430
23 123 -0.481420
24 25 0.151708
24 34 0.308632
24 124 0.379601
25 26 0.989356
25 35 -1.307571
25 125 -0.457317
26 27 0.360103
26 36 0.208500
26 126 1.970328
27 28 0.378562
27 37 -0.058376
27 127 -0.100293
28 29 0.199945
28 38 -0.655398
28 128 1.089961
29 20 -0.346135
29 39 0.661010
29 129 1.129487
30 31 0.602870
30 40 -3.262790
30 130 -1.070525
31 32 0.460067
31 41 -0.204316
31 131 -0.132817
32 33 -0.738236
32 42 0.365812
32 132 -0.128687
33 34 -1.076367
33 43 -0.477322
33 133 -1.020098
34 35 0.310457
34 44 1.528977
34 134 1.229924
35 36 -0.775704
35 45 -0.087984
35 135 0.620767
36 37 0.014672
36 46 0.799334
36 136 1.311966
37 38 -0.220094
37 47 0.063526
37 137 -0.340224
38 39 -1.036740
38 48 -0.577365
38 138 3.433084
39 30 1.226728
39 49 0.406613
39 139 0.785470
40 41 1.127774
40 50 -1.014499
40 140 1.067207
41 42 -2.348214
41 51 0.281962
41 141 0.707630
42 43 1.221839
42 52 -1.195141
42 142 -1.193180
43 44 -0.113692
43 53 -0.254136
43 143 -0.444153
44 45 0.172864
44 54 0.939167
44 144 1.178561
45 46 -0.339510
45 55 0.242321
45 145 0.030084
46 47 1.045670
46 56 0.254524
46 146 1.012605
47 48 0.683968
47 57 -1.523324
47 147 -0.070914
48 49 -0.374282
48 58 -0.138014
48 148 0.069648
49 40 0.029357
49 59 -0.436760
49 149 -1.419427
50 51 1.858033
50 60 -0.347589
50 150 -0.017536
51 52 0.306349
51 61 1.523390
51 151 0.555118
52 53 0.767707
52 62 1.244424
52 152 -0.136158
53 54 -1.460387
53 63 0.265585
53 153 -0.015785
54 55 -0.607200
54 64 -0.312744
54 154 -0.803762
55 56 -0.965170
55 65 -0.371114
55 155 0.871258
56 57 -0.623368
56 66 1.351804
56 156 0.476735
57 58 -0.666939
57 67 0.593533
57 157 0.490081
58 59 0.921728
58 68 0.935692
58 158 -1.546009
59 50 0.175765
59 69 -1.719584
59 159 0.727380
60 61 -0.836278
60 70 0.393454
60 160 -0.755544
61 62 -0.054015
61 71 1.556158
61 161 -0.813262
62 63 0.303975
62 72 -1.273245
62 162 0.252548
63 64 -0.639016
63 73 -1.637327
63 163 0.800971
64 65 -1.566493
64 74 -0.131039
64 164 0.425986
65 66 0.483030
65 75 0.661545
65 165 -0.963315
66 67 0.927279
66 76 -0.645923
66 166 1.527901
67 68 0.243058
67 77 2.028227
67 167 0.741524
68 69 0.735963
68 78 1.003102
68 168 0.164081
69 60 0.075273
69 79 1.853094
69 169 1.148973
70 71 -0.120673
70 80 -0.110029
70 170 -0.929027
71 72 -0.335416
71 81 0.536363
71 171 2.561759
72 73 0.338408
72 82 -0.820663
72 172 -0.991547
73 74 -1.438144
73 83 0.209878
73 173 -0.299433
74 75 -1.698126
74 84 -0.242715
74 174 -0.005389
75 76 1.486611
75 85 -1.083494
75 175 -1.052148
76 77 -0.019427
76 86 1.118955
76 176 -1.232428
77 78 0.150205
77 87 -0.008901
77 177 0.737441
78 79 0.176088
78 88 -0.540779
78 178 -0.475213
79 70 -0.712899
79 89 0.923211
79 179 -1.956216
80 81 -2.327590
80 90 0.713746
80 180 -0.611447
81 82 -2.001059
81 91 1.057974
81 181 -0.134252
82 83 -2.037167
82 92 -0.804278
82 182 0.639105
83 84 0.964751
83 93 0.663048
83 183 -2.113480
84 85 -0.472285
84 94 0.393210
84 184 -0.443366
85 86 -0.708267
85 95 -1.477341
85 185 1.085058
86 87 -0.351807
86 96 -0.576987
86 186 -1.544268
87 88 -0.718491
87 97 1.818150
87 187 0.121307
88 89 -1.265743
88 98 -0.685686
88 188 -1.901793
89 80 -0.316132
89 99 0.373200
89 189 0.809498
90 91 0.272094
90 0 -1.258704
90 190 0.585096
91 92 0.905214
91 1 0.716703
91 191 -0.026992
92 93 0.091297
92 2 0.143926
92 192 -0.609771
93 94 1.037705
93 3 1.675140
93 193 -0.489132
94 95 -0.255654
94 4 0.874648
94 194 0.353997
95 96 1.670978
95 5 -1.818259
95 195 0.996318
96 97 -2.049686
96 6 0.786120
96 196 0.830944
97 98 0.330456
97 7 -1.068290
97 197 -0.012281
98 99 -0.565773
98 8 -0.610098
98 198 -1.962870
99 90 -0.201927
99 9 1.137701
99 199 -0.891978
100 101 -1.262485
100 110 1.770168
100 200 0.723515
101 102 0.421773
101 111 -1.149718
101 201 0.909297
102 103 -1.147288
102 112 0.930770
102 202 -0.669765
103 104 -0.491357
103 113 -0.481881
103 203 -0.409552
104 105 0.187848
104 114 -0.128258
104 204 0.786919
105 106 2.942572
105 115 -0.419750
105 205 0.131308
106 107 -0.407605
106 116 -0.340417
106 206 0.293027
107 108 0.611639
107 117 0.213712
107 207 1.439588
108 109 -1.021677
108 118 0.639909
108 208 -0.186100
109 100 -1.150415
109 119 1.212395
109 209 -0.390601
110 111 -0.529560
110 120 0.704118
110 210 0.462234
111 112 0.648257
111 121 0.001847
111 211 1.748335
112 113 -1.761887
112 122 -0.289763
112 212 0.402406
113 114 -0.347072
113 123 1.410287
113 213 0.936412
114 115 0.107422
114 124 -0.217447
114 214 0.302152
115 116 0.214076
115 125 1.434545
115 215 -0.661317
116 117 -0.518054
116 126 -1.477670
116 216 0.897416
117 118 1.429386
117 127 -0.852024
117 217 -0.475182
118 119 -0.687267
118 128 -2.157300
118 218 -1.622396
119 110 0.036948
119 129 0.274644
119 219 -0.141131
120 121 0.128082
120 130 0.757891
120 220 0.726944
121 122 -2.269742
121 131 0.815671
121 221 0.319510
122 123 -1.732243
122 132 -0.945812
122 222 -0.416571
123 124 0.021542
123 133 -0.113595
123 223 -0.724555
124 125 -0.147435
124 134 1.326841
124 224 -0.176690
125 126 -0.239218
125 135 0.101259
125 225 -0.014404
126 127 2.194018
126 136 -1.233638
126 226 0.183910
127 128 0.212745
127 137 -0.214131
127 227 -1.020101
128 129 -1.859063
128 138 -0.381981
128 228 -0.766191
129 120 2.249147
129 139 -0.459757
129 229 0.717268
130 131 -0.259195
130 140 1.267758
130 230 -1.857899
131 132 0.804986
131 141 0.155752
131 231 -2.810090
132 133 -0.738617
132 142 -0.085977
132 232 -0.309564
133 134 -0.238675
133 143 1.339567
133 233 -1.354498
134 135 0.921747
134 144 0.127197
134 234 -0.052561
135 136 -0.493351
135 145 0.797848
135 235 -0.813193
136 137 -0.832919
136 146 -0.042189
136 236 0.126676
137 138 -0.051396
137 147 -1.373400
137 237 1.598995
138 139 0.655565
138 148 -0.879060
138 238 0.590867
139 130 -1.177508
139 149 1.305813
139 239 -0.175289
140 141 -0.780421
140 150 -0.019961
140 240 -0.702657
141 142 1.497846
141 151 0.687894
141 241 -0.988677
142 143 -0.363905
142 152 0.921833
142 242 -0.685367
143 144 0.378190
143 153 0.391966
143 243 -1.291423
144 145 0.240056
144 154 1.385413
144 244 -0.920017
145 146 -0.561990
145 155 -0.642350
145 245 0.672242
146 147 0.283204
146 156 -0.776568
146 246 0.322069
147 148 -0.491281
147 157 -0.528930
147 247 0.064753
148 149 -1.188195
148 158 0.285765
148 248 0.442961
149 140 -1.164111
149 159 -1.179168
149 249 1.062888
150 151 -0.241891
150 160 0.321219
150 250 -0.217046
151 152 0.184242
151 161 -0.202144
151 251 -0.126503
152 153 -0.001796
152 162 -1.014352
152 252 -0.750095
153 154 2.276531
153 163 -0.846867
153 253 0.216340
154 155 -0.945324
154 164 -1.110095
154 254 1.616449
155 156 1.125796
155 165 -0.797754
155 255 0.788679
156 157 -1.390360
156 166 -1.420791
156 256 0.394106
157 158 0.795812
157 167 -0.599057
157 257 -0.030318
158 159 0.957582
158 168 -0.852064
158 258 0.082193
159 150 -0.839263
159 169 -0.303216
159 259 -0.327056
160 161 1.022736
160 170 1.056534
160 260 -0.067797
161 162 -0.307910
161 171 -1.445316
161 261 0.588133
162 163 0.246035
162 172 1.352124
162 262 0.151766
163 164 -1.485405
163 173 0.006926
163 263 0.340121
164 165 -0.411510
164 174 1.159383
164 264 1.170678
165 166 -0.984559
165 175 -2.167285
165 265 1.945852
166 167 0.180413
166 176 -0.927389
166 266 1.187472
167 168 0.593355
167 177 -0.310628
167 267 -0.302176
168 169 -0.606654
168 178 0.209822
168 268 0.554328
169 160 0.169202
169 179 1.485043
169 269 0.248937
170 171 1.964879
170 180 -0.932575
170 270 -0.975391
171 172 -0.606548
171 181 -0.922799
171 271 0.122682
172 173 -0.711814
172 182 0.652162
172 272 -2.260040
173 174 -1.328206
173 183 -0.940255
173 273 1.229066
174 175 -1.048780
174 184 -0.429408
174 274 -0.604763
175 176 1.333371
175 185 -1.683135
175 275 -0.355934
176 177 2.135547
176 186 0.387982
176 276 0.153601
177 178 -1.106481
177 187 -0.978626
177 277 -0.347814
178 179 -0.533585
178 188 -0.422054
178 278 -0.072441
179 170 -0.084549
179 189 -1.339963
179 279 1.297060
180 181 0.004241
180 190 -1.099645
180 280 0.385872
181 182 -0.402400
181 191 1.024072
181 281 -1.321336
182 183 -0.302119
182 192 -0.685505
182 282 -2.208284
183 184 0.365890
183 193 -0.677028
183 283 0.450227
184 185 -1.266070
184 194 0.702257
184 284 0.428378
185 186 -0.337585
185 195 -1.708684
185 285 -0.546200
186 187 1.061014
186 196 -1.586011
186 286 2.235430
187 188 -0.153438
187 197 1.673449
187 287 0.664771
188 189 0.596483
188 198 0.097196
188 288 0.740511
189 180 1.972522
189 199 1.162391
189 289 -0.493204
190 191 -0.563703
190 100 -0.370460
190 290 -0.178824
191 192 -1.243334
191 101 -0.389260
191 291 1.618521
192 193 2.575924
192 102 -1.478311
192 292 0.268181
193 194 -0.845200
193 103 0.876925
193 293 0.019106
194 195 -1.177711
194 104 -1.070501
194 294 -0.885627
195 196 -1.096893
195 105 -0.687770
195 295 0.516427
196 197 0.751812
196 106 0.050364
196 296 -0.170196
197 198 0.689318
197 107 0.024921
197 297 1.809046
198 199 1.248718
198 108 -1.003585
198 298 0.564140
199 190 -0.312942
199 109 -0.705624
199 299 0.075684
200 201 0.554593
200 210 0.092506
200 300 0.833592
201 202 0.248066
201 211 1.898062
201 301 -0.870734
202 203 -1.117319
202 212 -0.972489
202 302 0.270206
203 204 0.791702
203 213 -0.406509
203 303 -0.441236
204 205 1.840401
204 214 0.135692
204 304 -1.418261
205 206 0.137965
205 215 0.701016
205 305 0.547229
206 207 0.741794
206 216 0.229265
206 306 1.129284
207 208 -0.492185
207 217 -1.238376
207 307 -0.341433
208 209 -0.396181
208 218 0.297087
208 308 -0.299628
209 200 0.363943
209 219 -0.354359
209 309 0.120439
210 211 -0.534108
210 220 -1.246448
210 310 -0.852941
211 212 1.232805
211 221 0.626495
211 311 0.915338
212 213 0.017861
212 222 -0.556918
212 312 -0.674315
213 214 1.555807
213 223 0.106444
213 313 0.627016
214 215 1.542018
214 224 -0.718225
214 314 -0.981921
215 216 -0.385523
215 225 0.291241
215 315 -0.154765
216 217 -0.476220
216 226 -1.076114
216 316 0.362390
217 218 -1.039257
217 227 -0.094081
217 317 0.134737
218 219 -1.377714
218 228 -1.188154
218 318 0.212213
219 210 -1.671163
219 229 -1.235919
219 319 -0.527006
220 221 -1.109695
220 230 -0.250133
220 320 -0.170607
221 222 0.103926
221 231 0.388831
221 321 -0.345659
222 223 -2.237948
222 232 -2.304125
222 322 -1.110650
223 224 -1.158322
223 233 0.185787
223 323 0.512016
224 225 -0.298800
224 234 -0.998611
224 324 0.481071
225 226 1.312445
225 235 1.966966
225 325 -0.326130
226 227 -0.510321
226 236 0.752303
226 326 1.482798
227 228 0.700292
227 237 0.256970
227 327 -1.033460
228 229 -0.977737
228 238 0.668158
228 328 0.669449
229 220 -0.568294
229 239 0.286997
229 329 -0.406720
230 231 0.689247
230 240 0.855072
230 330 -0.597658
231 232 -0.514396
231 241 -0.575631
231 331 -0.336902
232 233 1.393325
232 242 0.638622
232 332 -0.156298
233 234 -0.506024
233 243 0.897614
233 333 -0.982060
234 235 0.848122
234 244 -1.764523
234 334 1.569355
235 236 1.628541
235 245 0.044930
235 335 1.203905
236 237 0.641192
236 246 1.039815
236 336 -0.524242
237 238 0.472703
237 247 -1.034234
237 337 -0.133750
238 239 0.312537
238 248 0.539377
238 338 0.376624
239 230 -1.180442
239 249 -0.798061
239 339 0.000699
240 241 -0.654780
240 250 1.769561
240 340 -0.902029
241 242 -1.276915
241 251 0.065803
241 341 -0.488432
242 243 -1.065156
242 252 0.426315
242 342 -0.690123
243 244 0.873005
243 253 -1.345815
243 343 -0.302930
244 245 -0.901776
244 254 1.869273
244 344 1.184000
245 246 -0.713614
245 255 1.197117
245 345 0.845609
246 247 -0.667182
246 256 0.837287
246 346 -0.308602
247 248 0.632968
247 257 0.780035
247 347 1.174681
248 249 -0.762332
248 258 -0.210067
248 348 -0.509415
249 240 -2.100227
249 259 -0.380104
249 349 -0.528787
250 251 -0.123833
250 260 1.072088
250 350 -0.324647
251 252 -0.178956
251 261 0.003264
251 351 -0.972738
252 253 0.558415
252 262 -1.488448
252 352 1.057241
253 254 0.100605
253 263 -0.591367
253 353 1.228792
254 255 -0.117008
254 264 -2.123801
254 354 -1.340183
255 256 1.116979
255 265 -0.442666
255 355 0.530749
256 257 -1.258572
256 266 -1.536549
256 356 0.053044
257 258 -0.343981
257 267 0.702498
257 357 0.990593
258 259 1.204117
258 268 -0.210828
258 358 -0.279966
259 250 0.544275
259 269 -1.223308
259 359 0.056065
260 261 -0.566118
260 270 0.903671
260 360 -1.017231
261 262 0.679629
261 271 0.191336
261 361 0.215870
262 263 0.446326
262 272 -0.774326
262 362 -0.538646
263 264 0.217684
263 273 0.936708
263 363 -1.402062
264 265 -1.073813
264 274 0.846702
264 364 0.323367
265 266 -0.406907
265 275 0.624559
265 365 0.457130
266 267 1.060319
266 276 1.371827
266 366 -0.225965
267 268 1.099276
267 277 -0.372783
267 367 -0.433433
268 269 0.800855
268 278 0.451744
268 368 0.345060
269 260 0.210135
269 279 0.648208
269 369 -0.979918
270 271 1.072249
270 280 -0.813668
270 370 0.793611
271 272 0.684938
271 281 0.744648
271 371 -1.166702
272 273 0.761712
272 282 0.802040
272 372 -0.428187
273 274 -1.096761
273 283 -0.856728
273 373 1.046911
274 275 -0.716155
274 284 -0.203667
274 374 0.480637
275 276 -0.008929
275 285 -0.534856
275 375 -0.016351
276 277 -0.814593
276 286 1.458609
276 376 0.783833
277 278 1.671825
277 287 -1.086343
277 377 0.718853
278 279 0.692212
278 288 -0.988138
278 378 -0.311611
279 270 -0.262495
279 289 0.679859
279 379 0.387800
280 281 0.204571
280 290 -0.767327
280 380 -0.794091
281 282 0.299886
281 291 0.559186
281 381 -1.455767
282 283 -0.667479
282 292 0.955431
282 382 1.031007
283 284 -2.072439
283 293 0.147226
283 383 -0.870509
284 285 0.067082
284 294 -1.107810
284 384 -1.141479
285 286 -0.838232
285 295 0.247959
285 385 -0.920929
286 287 0.563070
286 296 1.638341
286 386 0.586626
287 288 1.346270
287 297 -0.293626
287 387 -0.203266
288 289 0.438498
288 298 1.047660
288 388 -0.570803
289 280 0.466939
289 299 -0.260079
289 389 0.524901
290 291 -0.849325
290 200 -0.318899
290 390 -0.863536
291 292 -0.237880
291 201 0.839173
291 391 0.877254
292 293 0.007955
292 202 -0.298521
292 392 -1.024137
293 294 -1.882835
293 203 0.904095
293 393 0.796839
294 295 -0.115480
294 204 -1.463524
294 394 0.745493
295 296 1.241136
295 205 -1.325566
295 395 0.023251
296 297 -0.803436
296 206 -1.847840
296 396 0.039990
297 298 0.183197
297 207 -1.060542
297 397 0.309602
298 299 -0.951391
298 208 -0.121442
298 398 1.016773
299 290 0.010605
299 209 -0.589163
299 399 0.125251
300 301 1.013807
300 310 2.033400
300 400 1.948594
301 302 0.039602
301 311 -0.409186
301 401 -0.586304
302 303 -0.611087
302 312 -0.890703
302 402 -1.018693
303 304 -0.711170
303 313 0.264160
303 403 -0.021042
304 305 -0.543962
304 314 -1.857308
304 404 -0.413069
305 306 -0.774852
305 315 1.415492
305 405 -0.005607
306 307 -0.651065
306 316 0.567855
306 406 0.793163
307 308 1.843995
307 317 -0.626408
307 407 -1.182947
308 309 1.091673
308 318 -0.648035
308 408 0.389328
309 300 2.162846
309 319 -0.240989
309 409 1.617923
310 311 0.703288
310 320 0.101924
310 410 1.222996
311 312 -0.928393
311 321 0.988279
311 411 0.509714
312 313 1.502702
312 322 0.099451
312 412 2.166209
313 314 -1.322462
313 323 -0.705403
313 413 0.768261
314 315 1.153459
314 324 -1.272725
314 414 0.806721
315 316 2.071091
315 325 0.874760
315 415 -0.266304
316 317 0.610584
316 326 0.170804
316 416 1.255459
317 318 -0.456559
317 327 0.605089
317 417 1.273119
318 319 -2.509686
318 328 -1.348289
318 418 0.861861
319 310 1.050345
319 329 -1.077020
319 419 -1.507028
320 321 0.161794
320 330 0.745219
320 420 1.081400
321 322 -0.251607
321 331 0.051685
321 421 1.003991
322 323 -2.416821
322 332 -0.679524
322 422 -1.187598
323 324 -0.799337
323 333 -0.794157
323 423 -0.239594
324 325 -0.620134
324 334 -1.147952
324 424 -1.029331
325 326 0.029816
325 335 -1.038286
325 425 -0.184009
326 327 0.753204
326 336 -0.941064
326 426 -1.229795
327 328 0.361682
327 337 1.620474
327 427 -0.149443
328 329 0.404464
328 338 0.138780
328 428 -0.266991
329 320 -1.513976
329 339 -0.527330
329 429 -1.178562
330 331 0.760204
330 340 -0.475563
330 430 -0.031026
331 332 -1.608221
331 341 0.379803
331 431 0.158363
332 333 -0.236849
332 342 1.588093
332 432 -0.109329
333 334 -1.173964
333 343 -0.711106
333 433 0.082911
334 335 1.371341
334 344 1.343675
334 434 0.304211
335 336 0.174092
335 345 -1.350973
335 435 -0.685238
336 337 2.473927
336 346 -0.886659
336 436 -0.627272
337 338 -0.410840
337 347 0.115712
337 437 -1.289488
338 339 0.190098
338 348 0.201756
338 438 -0.731467
339 330 0.315232
339 349 1.149842
339 439 -0.678491
340 341 0.544281
340 350 0.194025
340 440 -0.902474
341 342 0.827754
341 351 0.486359
341 441 0.802776
342 343 -0.091328
342 352 0.214928
342 442 0.032554
343 344 0.348379
343 353 -0.004367
343 443 -0.409485
344 345 1.434334
344 354 -1.666741
344 444 -0.604722
345 346 -1.301716
345 355 0.149457
345 445 0.306617
346 347 0.326894
346 356 -0.517924
346 446 1.518596
347 348 -0.116416
347 357 -1.873489
347 447 -1.783087
348 349 0.479833
348 358 0.415942
348 448 -0.771584
349 340 -0.503681
349 359 0.482250
349 449 0.898096
350 351 0.036169
350 360 0.127156
350 450 0.082899
351 352 -1.612341
351 361 0.792848
351 451 0.135769
352 353 0.105902
352 362 -1.745878
352 452 -2.191534
353 354 -0.014978
353 363 -1.424176
353 453 0.075111
354 355 -0.086838
354 364 -0.293888
354 454 -1.081222
355 356 0.989746
355 365 -0.073438
355 455 1.887379
356 357 0.397590
356 366 1.391042
356 456 -0.378431
357 358 -0.329827
357 367 0.509996
357 457 0.067582
358 359 0.263103
358 368 -0.170420
358 458 -1.190836
359 350 0.104530
359 369 0.147255
359 459 -0.351522
360 361 0.587900
360 370 -0.457518
360 460 -0.943470
361 362 -1.600912
361 371 -0.165795
361 461 0.191437
362 363 0.357069
362 372 -2.581564
362 462 -1.788329
363 364 0.148731
363 373 -0.928094
363 463 0.688402
364 365 1.090025
364 374 1.164119
364 464 0.117604
365 366 -0.211615
365 375 -0.848938
365 465 -0.646087
366 367 0.133608
366 376 -1.717566
366 466 -0.219336
367 368 2.638395
367 377 -0.415650
367 467 0.490240
368 369 -0.349147
368 378 0.457306
368 468 0.212151
369 360 -0.777788
369 379 -1.681649
369 469 -0.292818
370 371 0.277251
370 380 -1.135611
370 470 0.433693
371 372 -0.917584
371 381 1.336840
371 471 0.740842
372 373 -0.694530
372 382 -0.585407
372 472 -0.877748
373 374 -0.102660
373 383 -0.005535
373 473 0.825626
374 375 -1.092601
374 384 0.187800
374 474 -0.597678
375 376 1.674862
375 385 -0.549804
375 475 -1.253105
376 377 0.995761
376 386 0.039289
376 476 0.321147
377 378 0.369689
377 387 -2.400010
377 477 -0.030535
378 379 0.387502
378 388 0.568938
378 478 0.634833
379 370 0.511285
379 389 1.317974
379 479 -0.106393
380 381 -1.209833
380 390 0.870688
380 480 -0.517640
381 382 -0.608990
381 391 -0.514246
381 481 -0.265105
382 383 0.227835
382 392 -1.318047
382 482 -1.255469
383 384 0.378174
383 393 1.126764
383 483 0.553761
384 385 -0.364037
384 394 -1.924139
384 484 -0.200834
385 386 1.390479
385 395 0.278916
385 485 -0.287288
386 387 -1.287420
386 396 -1.072547
386 486 0.544209
387 388 -0.786251
387 397 -0.130749
387 487 -0.862656
388 389 0.107245
388 398 1.261761
388 488 -1.659542
389 380 0.321542
389 399 0.962689
389 489 0.693786
390 391 -0.546035
390 300 -1.036265
390 490 -1.700331
391 392 0.534557
391 301 0.565599
391 491 1.199437
392 393 0.161216
392 302 1.826530
392 492 1.669984
393 394 -0.547870
393 303 1.584265
393 493 0.325662
394 395 0.668181
394 304 -1.021783
394 494 0.326667
395 396 0.670845
395 305 0.057024
395 495 0.505412
396 397 1.205573
396 306 1.655726
396 496 2.216926
397 398 -0.764427
397 307 -0.235618
397 497 -0.324345
398 399 0.027360
398 308 -0.238461
398 498 1.443975
399 390 0.061410
399 309 0.401417
399 499 -0.607403
400 401 0.174490
400 410 1.324871
400 500 0.218008
401 402 1.270925
401 411 0.796231
401 501 -1.052548
402 403 0.115338
402 412 0.612519
402 502 -0.261814
403 404 1.036845
403 413 -2.026073
403 503 -0.180674
404 405 0.409911
404 414 1.369301
404 504 1.772170
405 406 -0.758275
405 415 -0.682622
405 505 -0.188243
406 407 0.417879
406 416 0.829812
406 506 1.655218
407 408 -1.147674
407 417 1.258145
407 507 1.059222
408 409 0.293908
408 418 0.491817
408 508 0.918033
409 400 0.526893
409 419 -0.602089
409 509 0.056623
410 411 -0.293016
410 420 -0.721929
410 510 -0.922970
411 412 -1.410428
411 421 1.265747
411 511 1.913124
412 413 0.464820
412 422 -1.004343
412 512 -0.813817
413 414 -0.616547
413 423 0.658501
413 513 -1.784693
414 415 -1.303163
414 424 -1.709165
414 514 -0.566825
415 416 -0.548273
415 425 -0.199125
415 515 0.027150
416 417 -0.791967
416 426 -0.178284
416 516 0.406696
417 418 1.222898
417 427 -0.240149
417 517 0.408623
418 419 0.131429
418 428 -0.141015
418 518 0.730480
419 410 0.386913
419 429 -1.362879
419 519 0.885295
420 421 0.328084
420 430 0.224188
420 520 0.289287
421 422 0.585502
421 431 0.375011
421 521 0.663995
422 423 -0.400337
422 432 0.841550
422 522 -0.461383
423 424 -0.911944
423 433 -1.683879
423 523 1.912379
424 425 -0.147144
424 434 -1.202067
424 524 0.911450
425 426 -2.220388
425 435 1.974175
425 525 -0.165007
426 427 0.607436
426 436 -1.444374
426 526 0.779613
427 428 -1.772662
427 437 0.118729
427 527 -0.401452
428 429 -0.314169
428 438 0.400385
428 528 -0.097105
429 420 -1.903409
429 439 -0.019028
429 529 -1.362109
430 431 0.234129
430 440 1.186901
430 530 -0.649577
431 432 -1.027464
431 441 0.009799
431 531 0.083233
432 433 0.731315
432 442 -0.295857
432 532 -2.656751
433 434 -0.033340
433 443 1.621231
433 533 0.477065
434 435 -1.469008
434 444 -0.147435
434 534 1.094019
435 436 -0.177838
435 445 -0.142452
435 535 -0.967558
436 437 1.237337
436 446 -0.721485
436 536 -0.163758
437 438 1.703950
437 447 0.267869
437 537 0.025352
438 439 -0.936645
438 448 -0.571948
438 538 -1.578670
439 430 -0.567527
439 449 0.048809
439 539 1.606660
440 441 -1.646277
440 450 3.092030
440 540 -0.291574
441 442 1.341594
441 451 3.406543
441 541 -0.334105
442 443 0.357664
442 452 -1.616295
442 542 -1.379573
443 444 -0.429948
443 453 -0.028367
443 543 -0.122800
444 445 -1.067302
444 454 1.119431
444 544 0.319929
445 446 0.805400
445 455 -0.331803
445 545 1.483201
446 447 -0.018610
446 456 -1.130338
446 546 1.535564
447 448 0.520592
447 457 -0.807080
447 547 -0.368555
448 449 0.815094
448 458 0.360820
448 548 -1.417085
449 440 0.497992
449 459 -0.056930
449 549 -1.846634
450 451 -1.159528
450 460 -0.009534
450 550 -0.001001
451 452 0.244908
451 461 -0.015399
451 551 -0.822988
452 453 0.075640
452 462 0.766080
452 552 -0.410955
453 454 -0.124341
453 463 1.360581
453 553 -1.057591
454 455 1.036535
454 464 -0.678960
454 554 -1.019634
455 456 0.355795
455 465 -0.486908
455 555 -0.136712
456 457 0.750424
456 466 -0.856006
456 556 -1.442416
457 458 1.518248
457 467 0.580745
457 557 0.936334
458 459 -0.797778
458 468 0.567940
458 558 -0.256070
459 450 1.917319
459 469 1.224092
459 559 1.658702
460 461 0.166761
460 470 1.263684
460 560 0.930776
461 462 0.609420
461 471 0.027624
461 561 -0.615996
462 463 -0.476593
462 472 0.847744
462 562 -0.634936
463 464 -1.345439
463 473 0.018988
463 563 0.478702
464 465 -2.724908
464 474 -0.060077
464 564 0.073964
465 466 0.961451
465 475 -0.684535
465 565 -0.431807
466 467 -1.100399
466 476 -1.128270
466 566 -1.541865
467 468 0.649679
467 477 -0.977796
467 567 0.502656
468 469 1.020040
468 478 -1.819295
468 568 0.193051
469 460 -1.862981
469 479 -0.711931
469 569 -0.910488
470 471 0.052238
470 480 -0.256496
470 570 1.292854
471 472 -0.802199
471 481 -2.507673
471 571 -0.291454
472 473 0.140062
472 482 0.342959
472 572 -1.378227
473 474 -2.388365
473 483 -0.425062
473 573 0.096351
474 475 0.500491
474 484 1.670776
474 574 0.033274
475 476 -0.179092
475 485 -0.188486
475 575 -0.099221
476 477 -0.152407
476 486 -0.206496
476 576 0.161587
477 478 0.204393
477 487 -0.201107
477 577 -1.986205
478 479 -1.192937
478 488 0.208782
478 578 -1.763537
479 470 1.390237
479 489 -1.994391
479 579 -0.539188
480 481 -0.714808
480 490 0.116054
480 580 -0.076356
481 482 0.292359
481 491 0.175258
481 581 -0.005761
482 483 0.213624
482 492 -0.109851
482 582 0.157552
483 484 1.057371
483 493 0.262451
483 583 -1.350638
484 485 -1.003692
484 494 -0.066104
484 584 -0.430338
485 486 2.167242
485 495 -0.410801
485 585 -0.373853
486 487 0.427256
486 496 1.446473
486 586 0.850539
487 488 0.611389
487 497 0.484964
487 587 2.054309
488 489 -1.125746
488 498 1.646363
488 588 -0.514062
489 480 0.418681
489 499 1.322536
489 589 3.190720
490 491 0.172624
490 400 -0.579090
490 590 0.288954
491 492 0.717664
491 401 -0.306710
491 591 0.544571
492 493 0.955677
492 402 -0.599716
492 592 -0.932148
493 494 0.222422
493 403 -1.665696
493 593 -0.666865
494 495 0.419113
494 404 1.293974
494 594 1.156192
495 496 -1.236067
495 405 1.291223
495 595 0.880311
496 497 0.028015
496 406 -0.072404
496 596 2.250264
497 498 -0.865326
497 407 0.677971
497 597 -0.944737
498 499 -1.150636
498 408 0.685069
498 598 -0.005328
499 490 0.342189
499 409 -0.563488
499 599 0.509811
500 501 -0.942228
500 510 -1.266517
500 600 0.880021
501 502 -1.770791
501 511 -0.833156
501 601 1.541388
502 503 -0.474371
502 512 -1.210678
502 602 0.232581
503 504 0.258856
503 513 1.338070
503 603 0.409389
504 505 -1.949313
504 514 -0.124976
504 604 -0.236256
505 506 0.940259
505 515 1.673588
505 605 0.484169
506 507 -0.494206
506 516 0.704124
506 606 0.181008
507 508 1.629720
507 517 -0.278581
507 607 -0.789881
508 509 0.250866
508 518 -0.584454
508 608 0.244806
509 500 -1.410360
509 519 -1.626614
509 609 -1.689492
510 511 -0.430870
510 520 -0.911683
510 610 -0.619054
511 512 -1.089971
511 521 0.783740
511 611 1.143596
512 513 -0.863168
512 522 -0.663861
512 612 -0.910676
513 514 -0.860392
513 523 -1.308840
513 613 0.006034
514 515 -0.773415
514 524 0.128764
514 614 -0.432831
515 516 0.746663
515 525 0.142257
515 615 -0.501554
516 517 1.977898
516 526 -1.338865
516 616 1.627880
517 518 1.549123
517 527 -1.270652
517 617 1.224050
518 519 0.942769
518 528 0.939868
518 618 -0.580419
519 510 0.010732
519 529 1.895819
519 619 -1.013906
520 521 0.018449
520 530 -0.110140
520 620 -0.807936
521 522 -0.043926
521 531 -1.004373
521 621 -0.061551
522 523 0.759185
522 532 0.907918
522 622 1.016497
523 524 -0.962118
523 533 -1.311050
523 623 1.064307
524 525 1.917003
524 534 0.003001
524 624 0.109245
525 526 -0.536615
525 535 0.842568
525 625 1.369760
526 527 0.241115
526 536 0.812111
526 626 -0.236284
527 528 0.023745
527 537 -0.905111
527 627 0.309146
528 529 -2.070459
528 538 -1.523859
528 628 2.121475
529 520 0.866483
529 539 -0.056288
529 629 -0.275756
530 531 1.354027
530 540 0.105083
530 630 1.314068
531 532 -0.470602
531 541 -1.155671
531 631 -1.494335
532 533 -0.953117
532 542 -0.336854
532 632 -0.907107
533 534 -0.554971
533 543 -0.251414
533 633 -0.066761
534 535 -1.188427
534 544 -1.727401
534 634 1.101987
535 536 1.214712
535 545 0.330252
535 635 -1.425216
536 537 -0.209784
536 546 -0.018185
536 636 -0.314617
537 538 1.301370
537 547 -0.146613
537 637 0.971087
538 539 1.118576
538 548 -0.097998
538 638 1.433178
539 530 -0.677702
539 549 -2.101237
539 639 0.316441
540 541 1.240251
540 550 -0.075064
540 640 -0.005373
541 542 -0.595350
541 551 -0.047131
541 641 1.806163
542 543 0.069126
542 552 -0.327798
542 642 0.938461
543 544 1.436250
543 553 0.130859
543 643 -0.239658
544 545 0.336322
544 554 -1.229326
544 644 0.244408
545 546 0.157849
545 555 0.879614
545 645 1.198313
546 547 0.635334
546 556 -0.609586
546 646 1.136424
547 548 -0.087337
547 557 -0.700268
547 647 -0.492933
548 549 -1.384522
548 558 -2.262549
548 648 0.280937
549 540 0.264165
549 559 0.517459
549 649 -1.233514
550 551 -1.364557
550 560 0.097318
550 650 0.021047
551 552 2.091180
551 561 -0.263902
551 651 -1.242842
552 553 -1.009721
552 562 1.913542
552 652 -0.203327
553 554 -0.383173
553 563 0.481165
553 653 -0.196060
554 555 1.690827
554 564 -0.283877
554 654 0.530004
555 556 0.839090
555 565 -0.943163
555 655 0.759116
556 557 -0.522948
556 566 -0.615006
556 656 -0.641429
557 558 0.917278
557 567 -0.676908
557 657 -0.521963
558 559 -0.305040
558 568 0.195823
558 658 0.392789
559 550 -1.839901
559 569 -0.546730
559 659 0.250072
560 561 0.939755
560 570 -2.492665
560 660 -0.172869
561 562 -0.821059
561 571 0.353892
561 661 -1.444597
562 563 1.059956
562 572 0.689382
562 662 0.510955
563 564 -1.483377
563 573 0.032009
563 663 0.070994
564 565 -0.635151
564 574 -1.016487
564 664 1.456952
565 566 0.812281
565 575 -0.306727
565 665 -1.338918
566 567 -0.058524
566 576 1.030730
566 666 0.194703
567 568 0.225431
567 577 -0.696555
567 667 0.220004
568 569 -2.334136
568 578 -1.124947
568 668 1.206902
569 560 0.327544
569 579 0.755867
569 669 -1.640695
570 571 -0.345217
570 580 0.076349
570 670 -0.932655
571 572 1.274608
571 581 0.386308
571 671 -0.925885
572 573 1.234269
572 582 0.111278
572 672 -0.927762
573 574 -1.683477
573 583 0.902273
573 673 1.608839
574 575 -0.431646
574 584 -0.440152
574 674 1.659906
575 576 1.358940
575 585 0.012663
575 675 -0.400959
576 577 1.415213
576 586 -0.398423
576 676 -1.173836
577 578 0.602218
577 587 1.812439
577 677 -0.783963
578 579 0.718437
578 588 -0.010078
578 678 -0.654092
579 570 -0.293233
579 589 -0.841672
579 679 -0.651656
580 581 0.179326
580 590 0.409236
580 680 0.226499
581 582 -0.001089
581 591 -0.138173
581 681 0.658053
582 583 -0.262581
582 592 -0.915886
582 682 -0.892402
583 584 0.843806
583 593 0.437375
583 683 0.678570
584 585 1.224790
584 594 1.931507
584 684 0.530755
585 586 0.778726
585 595 -1.483793
585 685 1.332248
586 587 0.415971
586 596 0.358478
586 686 -0.728989
587 588 -0.035894
587 597 0.066494
587 687 -0.067076
588 589 -1.477876
588 598 0.681192
588 688 1.967536
589 580 0.203187
589 599 0.440885
589 689 -0.190373
590 591 0.285057
590 500 -0.347540
590 690 0.035007
591 592 0.127186
591 501 -0.745371
591 691 2.386523
592 593 -0.947361
592 502 0.690237
592 692 1.871830
593 594 0.703726
593 503 -0.076057
593 693 0.170337
594 595 -0.034758
594 504 -0.107160
594 694 0.627050
595 596 1.052303
595 505 2.141091
595 695 -0.262516
596 597 -0.383583
596 506 -1.270217
596 696 0.686134
597 598 1.666441
597 507 -0.627871
597 697 0.473608
598 599 0.174854
598 508 -1.320667
598 698 0.626992
599 590 -0.742845
599 509 -0.833914
599 699 -0.556536
600 601 0.702386
600 610 -0.285794
600 700 2.065755
601 602 -0.646799
601 611 -0.407658
601 701 0.785246
602 603 -0.690815
602 612 0.571344
602 702 -1.364658
603 604 1.203399
603 613 -1.179322
603 703 -1.080503
604 605 1.768497
604 614 -0.810438
604 704 0.739464
605 606 0.879117
605 615 1.380803
605 705 1.556527
606 607 -0.822244
606 616 0.139194
606 706 2.562079
607 608 -0.013983
607 617 -2.935112
607 707 -1.726161
608 609 -0.059338
608 618 -0.912584
608 708 -0.167986
609 600 0.142436
609 619 -1.019998
609 709 1.612559
610 611 0.398542
610 620 1.862853
610 710 -1.266488
611 612 0.477634
611 621 1.032994
611 711 -1.860722
612 613 -0.858303
612 622 -1.046856
612 712 0.818812
613 614 -0.063947
613 623 -2.279454
613 713 0.496682
614 615 0.190010
614 624 1.117720
614 714 -0.416974
615 616 0.148490
615 625 0.516518
615 715 0.027112
616 617 1.356357
616 626 -0.272917
616 716 1.397352
617 618 0.313831
617 627 -0.265208
617 717 -0.667729
618 619 -0.322279
618 628 0.922059
618 718 -0.402386
619 610 0.775791
619 629 0.888094
619 719 0.390763
620 621 2.042732
620 630 -0.984344
620 720 0.076358
621 622 -1.608128
621 631 -0.454217
621 721 0.131258
622 623 -0.553505
622 632 0.399345
622 722 0.232351
623 624 0.301771
623 633 1.134771
623 723 -0.438444
624 625 0.245332
624 634 0.648589
624 724 -1.310227
625 626 -2.150678
625 635 0.523214
625 725 -0.613786
626 627 -0.726106
626 636 0.333808
626 726 -2.575857
627 628 1.120797
627 637 -0.519939
627 727 -2.904393
628 629 -0.266600
628 638 -0.285499
628 728 2.324976
629 620 1.133367
629 639 0.025952
629 729 -0.133385
630 631 -0.786541
630 640 0.637453
630 730 2.124777
631 632 -0.124792
631 641 0.844561
631 731 -1.699752
632 633 -0.668878
632 642 0.171520
632 732 -1.371256
633 634 0.314177
633 643 0.880339
633 733 -0.734860
634 635 0.795462
634 644 1.837723
634 734 -0.767300
635 636 -0.391262
635 645 -1.246638
635 735 1.440798
636 637 -0.757494
636 646 -0.245532
636 736 0.403075
637 638 0.363894
637 647 2.111114
637 737 -2.284412
638 639 -1.064730
638 648 -1.166578
638 738 -1.466171
639 630 0.274533
639 649 -0.597896
639 739 0.505440
640 641 0.280224
640 650 -1.254759
640 740 -1.353779
641 642 -1.299624
641 651 0.139353
641 741 0.957066
642 643 0.932561
642 652 0.861097
642 742 -1.464493
643 644 0.747387
643 653 -0.407112
643 743 -1.503412
644 645 -0.654571
644 654 2.222550
644 744 -1.203384
645 646 -1.044645
645 655 0.529309
645 745 -0.407470
646 647 0.026240
646 656 -1.402622
646 746 -0.332934
647 648 1.452386
647 657 -1.591487
647 747 0.610399
648 649 1.152239
648 658 1.025158
648 748 -0.663843
649 640 -0.482128
649 659 -0.199955
649 749 0.414042
650 651 0.500149
650 660 -0.283790
650 750 -0.301355
651 652 0.602199
651 661 -0.306528
651 751 0.508262
652 653 -0.074148
652 662 -0.494777
652 752 -2.272423
653 654 1.654356
653 663 -0.746815
653 753 -0.057350
654 655 -0.551477
654 664 0.867599
654 754 -0.427934
655 656 -0.536875
655 665 -1.720064
655 755 1.393711
656 657 -2.986473
656 666 -0.608023
656 756 -0.452153
657 658 -0.555240
657 667 -0.451016
657 757 1.288928
658 659 -1.342349
658 668 0.737971
658 758 -1.388662
659 650 -0.908773
659 669 0.696181
659 759 0.398199
660 661 -1.223280
660 670 0.664739
660 760 1.683709
661 662 0.464578
661 671 -0.587103
661 761 0.415990
662 663 0.154166
662 672 -0.157782
662 762 -0.257887
663 664 -0.438914
663 673 0.454649
663 763 0.167556
664 665 -0.556957
664 674 0.459654
664 764 2.329402
665 666 -0.978822
665 675 1.280748
665 765 -0.991894
666 667 1.135228
666 676 -0.601414
666 766 1.426788
667 668 -0.284564
667 677 -2.729904
667 767 -0.253540
668 669 -0.746823
668 678 1.420538
668 768 -0.995796
669 660 1.199654
669 679 -1.048662
669 769 -0.505975
670 671 0.517764
670 680 0.543961
670 770 -0.847417
671 672 -0.976656
671 681 -0.415385
671 771 0.792202
672 673 0.239229
672 682 -0.091682
672 772 0.682160
673 674 0.122075
673 683 0.335033
673 773 0.529491
674 675 -1.704517
674 684 1.021268
674 774 -2.062512
675 676 0.877911
675 685 0.670409
675 775 0.017289
676 677 -0.582511
676 686 -0.565173
676 776 0.403233
677 678 0.142247
677 687 -0.996425
677 777 1.689209
678 679 -0.054618
678 688 -0.842160
678 778 -1.952469
679 670 -0.983959
679 689 -0.535229
679 779 0.979414
680 681 -0.716183
680 690 0.378615
680 780 0.952949
681 682 -1.124949
681 691 1.921902
681 781 0.264438
682 683 -0.513779
682 692 -0.447329
682 782 1.239697
683 684 0.306168
683 693 -0.382918
683 783 -1.025449
684 685 -0.159488
684 694 0.014805
684 784 1.271073
685 686 0.962378
685 695 -1.177783
685 785 -1.113344
686 687 -1.162270
686 696 0.099548
686 786 0.113199
687 688 -0.167883
687 697 0.242435
687 787 0.149957
688 689 -1.350202
688 698 2.445958
688 788 -0.812744
689 680 -0.552458
689 699 0.203385
689 789 0.307077
690 691 0.594959
690 600 -0.776572
690 790 -0.791914
691 692 -1.243405
691 601 1.392602
691 791 1.408600
692 693 0.674319
692 602 -1.394131
692 792 -0.168691
693 694 0.294648
693 603 1.578589
693 793 -0.379287
694 695 0.493225
694 604 0.005953
694 794 0.386736
695 696 -0.343541
695 605 0.279280
695 795 0.085105
696 697 0.577961
696 606 -0.937377
696 796 -0.316784
697 698 0.680962
697 607 0.544092
697 797 0.575460
698 699 3.436538
698 608 -0.859230
698 798 0.854854
699 690 0.167062
699 609 1.261275
699 799 -0.480380
700 701 1.230752
700 710 0.643526
700 800 -0.248468
701 702 0.553978
701 711 2.956507
701 801 -1.286504
702 703 -2.039115
702 712 -0.436925
702 802 -0.878235
703 704 0.024693
703 713 0.400417
703 803 0.231667
704 705 -1.166461
704 714 0.885375
704 804 -0.577154
705 706 0.508859
705 715 0.358917
705 805 0.586635
706 707 -0.803231
706 716 0.198454
706 806 -0.128318
707 708 0.413587
707 717 0.902415
707 807 -1.202681
708 709 -0.525232
708 718 -0.765312
708 808 -0.762254
709 700 0.602527
709 719 -0.290827
709 809 0.713862
710 711 1.165470
710 720 1.868291
710 810 -0.307384
711 712 -1.165396
711 721 -1.627295
711 811 -1.082908
712 713 -0.767719
712 722 1.041205
712 812 0.000536
713 714 -0.745943
713 723 1.618257
713 813 1.131625
714 715 1.666378
714 724 -0.900487
714 814 -0.218466
715 716 -0.929987
715 725 -0.246315
715 815 0.087157
716 717 -1.162394
716 726 0.299732
716 816 0.761184
717 718 0.944131
717 727 -0.790545
717 817 -0.473283
718 719 1.133243
718 728 0.224374
718 818 1.155091
719 710 1.716561
719 729 -0.087537
719 819 -1.513223
720 721 1.138460
720 730 0.090014
720 820 -2.231292
721 722 -2.003397
721 731 -1.576598
721 821 1.844730
722 723 0.310419
722 732 -0.265286
722 822 0.576746
723 724 -0.338298
723 733 -1.911158
723 823 0.641072
724 725 -0.294051
724 734 -0.866615
724 824 -1.642712
725 726 0.794901
725 735 -0.126040
725 825 -0.008488
726 727 0.806435
726 736 -1.415728
726 826 -1.964130
727 728 0.885660
727 737 -0.914133
727 827 0.103840
728 729 -0.029585
728 738 1.677154
728 828 -0.195947
729 720 -0.142396
729 739 0.594050
729 829 -0.090462
730 731 1.595088
730 740 0.463848
730 830 0.074104
731 732 -1.341927
731 741 -0.003352
731 831 0.433634
732 733 0.438441
732 742 0.388604
732 832 -1.109704
733 734 -0.565250
733 743 2.386133
733 833 -0.826618
734 735 0.430020
734 744 1.102607
734 834 -0.968735
735 736 -0.435833
735 745 -0.801285
735 835 -0.965479
736 737 2.589012
736 746 0.322270
736 836 -2.366521
737 738 0.682497
737 747 0.032825
737 837 -2.651823
738 739 0.040201
738 748 1.990264
738 838 0.523580
739 730 0.040459
739 749 -1.165348
739 839 0.427552
740 741 -0.475256
740 750 -1.034314
740 840 0.062952
741 742 1.600492
741 751 0.042406
741 841 -1.552580
742 743 -0.465271
742 752 -0.870415
742 842 -0.877092
743 744 -1.304261
743 753 0.394460
743 843 -0.060171
744 745 -0.447555
744 754 -0.477423
744 844 -0.016830
745 746 0.036066
745 755 0.499973
745 845 -0.733276
746 747 -1.636373
746 756 0.719537
746 846 0.135570
747 748 0.375666
747 757 0.023055
747 847 -0.094107
748 749 0.615677
748 758 0.878734
748 848 0.018079
749 740 0.564822
749 759 -1.597031
749 849 -0.505571
750 751 -0.017918
750 760 0.699157
750 850 -0.739956
751 752 0.589947
751 761 -1.552459
751 851 1.806124
752 753 -0.006876
752 762 1.438690
752 852 -2.133799
753 754 0.254628
753 763 -0.991027
753 853 -1.908482
754 755 1.693334
754 764 -0.225471
754 854 0.811018
755 756 0.675687
755 765 1.666313
755 855 -0.901159
756 757 -0.849046
756 766 -1.238553
756 856 0.542720
757 758 0.248866
757 767 0.005557
757 857 0.371260
758 759 -1.305605
758 768 -0.493193
758 858 0.893626
759 750 -0.914605
759 769 -0.580285
759 859 0.957788
760 761 -0.539503
760 770 0.100698
760 860 -0.523365
761 762 -0.439106
761 771 0.495851
761 861 0.413817
762 763 2.243969
762 772 -1.043979
762 862 0.787012
763 764 0.599418
763 773 -0.842315
763 863 0.165030
764 765 -0.546540
764 774 0.635568
764 864 0.277334
765 766 0.417069
765 775 -0.099934
765 865 1.677250
766 767 -0.710822
766 776 2.030201
766 866 -0.518343
767 768 0.280459
767 777 -0.379015
767 867 -0.296880
768 769 2.055128
768 778 -1.445933
768 868 -0.527990
769 760 0.584129
769 779 -0.055278
769 869 1.243285
770 771 -1.078464
770 780 1.333762
770 870 -0.393037
771 772 0.753713
771 781 0.319391
771 871 -1.209819
772 773 -0.553375
772 782 -1.836234
772 872 0.509615
773 774 -1.044836
773 783 0.189699
773 873 0.413610
774 775 0.254086
774 784 0.574740
774 874 0.167392
775 776 0.970862
775 785 -0.395019
775 875 -0.511957
776 777 -1.283495
776 786 0.367993
776 876 1.428827
777 778 -1.520000
777 787 1.390929
777 877 -2.256454
778 779 -1.045884
778 788 0.002224
778 878 1.007936
779 770 -1.106505
779 789 0.356937
779 879 0.176917
780 781 1.142083
780 790 -0.681061
780 880 1.290177
781 782 0.278720
781 791 -0.046841
781 881 0.544672
782 783 -0.035934
782 792 -0.721434
782 882 0.138093
783 784 -0.630402
783 793 0.554423
783 883 1.296404
784 785 0.213770
784 794 -1.191014
784 884 -0.377536
785 786 -0.440348
785 795 1.634720
785 885 0.287028
786 787 -0.153786
786 796 -1.205193
786 886 0.410866
787 788 -0.012647
787 797 -0.275917
787 887 0.033897
788 789 0.903532
788 798 -0.708876
788 888 0.096965
789 780 0.103600
789 799 -0.413878
789 889 -0.190208
790 791 1.122680
790 700 0.285633
790 890 -1.475823
791 792 -0.443496
791 701 -0.169891
791 891 1.264952
792 793 -0.096118
792 702 1.679416
792 892 0.415128
793 794 0.882291
793 703 -1.177017
793 893 2.632747
794 795 -0.004550
794 704 -0.211834
794 894 -1.176616
795 796 1.007898
795 705 -0.859738
795 895 0.698909
796 797 0.464560
796 706 0.496668
796 896 0.319548
797 798 -0.706207
797 707 0.871414
797 897 -0.536460
798 799 -1.095184
798 708 0.077731
798 898 -0.135452
799 790 1.406039
799 709 1.367804
799 899 -0.725596
800 801 0.261252
800 810 -0.639869
800 900 -0.321841
801 802 0.066120
801 811 0.173005
801 901 -0.242389
802 803 -1.307444
802 812 0.954598
802 902 0.555328
803 804 0.759526
803 813 0.096492
803 903 -0.220509
804 805 -0.010847
804 814 -0.370620
804 904 0.139534
805 806 0.221859
805 815 -1.196683
805 905 0.560441
806 807 0.670153
806 816 0.133608
806 906 -0.558703
807 808 0.023720
807 817 -1.654357
807 907 1.928375
808 809 -2.318002
808 818 -0.579240
808 908 0.318027
809 800 -1.712560
809 819 1.662941
809 909 -0.655595
810 811 -0.035903
810 820 -0.437177
810 910 -0.403479
811 812 -0.419448
811 821 0.306096
811 911 -0.101933
812 813 0.169738
812 822 -1.758483
812 912 1.485669
813 814 0.702019
813 823 -0.660191
813 913 2.190934
814 815 0.234454
814 824 1.178003
814 914 -1.524167
815 816 0.849064
815 825 0.447644
815 915 -0.368550
816 817 1.269124
816 826 -1.868287
816 916 -0.275979
817 818 0.394213
817 827 -0.323829
817 917 0.685180
818 819 -1.244341
818 828 -0.410703
818 918 -1.554601
819 810 -1.555545
819 829 -0.377905
819 919 0.128723
820 821 0.129369
820 830 -1.126347
820 920 2.126928
821 822 0.230917
821 831 -0.758959
821 921 -0.604447
822 823 0.440252
822 832 -0.386537
822 922 -1.066363
823 824 -0.392469
823 833 0.724884
823 923 -0.836335
824 825 -0.817633
824 834 1.074476
824 924 -0.000378
825 826 -0.078772
825 835 -0.987759
825 925 1.492288
826 827 0.892806
826 836 -0.814746
826 926 0.478122
827 828 1.240952
827 837 -0.166223
827 927 0.533096
828 829 1.055710
828 838 0.046843
828 928 -0.671425
829 820 -0.002274
829 839 0.874276
829 929 -0.592943
830 831 -0.311625
830 840 2.229642
830 930 0.847008
831 832 -1.245970
831 841 0.159433
831 931 -1.179631
832 833 -0.771985
832 842 1.182745
832 932 -0.084144
833 834 1.325200
833 843 1.322659
833 933 0.638052
834 835 0.976056
834 844 -0.168659
834 934 -0.089733
835 836 0.271081
835 845 0.419585
835 935 -0.100920
836 837 0.352527
836 846 1.497945
836 936 -0.324462
837 838 1.335500
837 847 -0.711817
837 937 -0.349882
838 839 1.365200
838 848 0.753012
838 938 1.037897
839 830 -0.534787
839 849 0.574657
839 939 -0.020932
840 841 0.030346
840 850 0.786041
840 940 -1.876984
841 842 -0.580397
841 851 0.193992
841 941 -0.453165
842 843 -0.163523
842 852 -1.366441
842 942 0.307180
843 844 0.253710
843 853 1.209512
843 943 -0.002142
844 845 -0.762912
844 854 -0.430106
844 944 -0.775763
845 846 1.046619
845 855 1.156577
845 945 1.012373
846 847 -0.613327
846 856 1.579937
846 946 -1.194295
847 848 -0.789893
847 857 0.386876
847 947 -0.035443
848 849 0.769493
848 858 1.467428
848 948 -0.057605
849 840 -1.107708
849 859 -0.373276
849 949 0.738486
850 851 1.664540
850 860 1.834544
850 950 1.011693
851 852 1.023287
851 861 0.334968
851 951 2.060599
852 853 -1.310785
852 862 0.397968
852 952 -1.182177
853 854 -0.140848
853 863 0.389866
853 953 0.940529
854 855 -0.845036
854 864 0.472110
854 954 0.018987
855 856 -0.461238
855 865 -0.195657
855 955 -1.043927
856 857 1.015529
856 866 0.006463
856 956 0.411861
857 858 -2.891871
857 867 -0.638289
857 957 0.762808
858 859 0.548069
858 868 -0.594451
858 958 -1.738181
859 850 1.240701
859 869 -0.855893
859 959 -0.882534
860 861 -0.489584
860 870 -1.616614
860 960 0.947913
861 862 1.334964
861 871 2.251857
861 961 -0.715752
862 863 0.593297
862 872 0.767647
862 962 -0.364717
863 864 -1.603968
863 873 -0.202900
863 963 0.068135
864 865 -0.539567
864 874 -1.917520
864 964 1.327514
865 866 -0.504827
865 875 0.724930
865 965 1.018993
866 867 -0.831944
866 876 -0.120364
866 966 1.004985
867 868 0.302830
867 877 -1.985596
867 967 0.560444
868 869 1.634645
868 878 0.977865
868 968 -0.589247
869 860 -0.627009
869 879 -1.305143
869 969 -1.844830
870 871 1.534200
870 880 0.137406
870 970 -1.392236
871 872 0.353383
871 881 1.377756
871 971 0.992240
872 873 0.449565
872 882 -0.119762
872 972 0.064228
873 874 1.100964
873 883 0.064235
873 973 0.705406
874 875 0.659836
874 884 0.128324
874 974 0.007717
875 876 0.206854
875 885 -0.315383
875 975 0.131229
876 877 -0.118225
876 886 -0.680611
876 976 -0.067837
877 878 -0.214574
877 887 -0.648579
877 977 1.430613
878 879 -2.249957
878 888 0.130594
878 978 0.268795
879 870 0.760044
879 889 -1.164684
879 979 1.090382
880 881 -2.200854
880 890 0.776588
880 980 -1.058857
881 882 -0.456994
881 891 0.510499
881 981 0.996174
882 883 -1.417557
882 892 -1.278030
882 982 -1.370008
883 884 1.793763
883 893 1.394871
883 983 1.074470
884 885 0.245371
884 894 -0.947119
884 984 -0.051048
885 886 -2.106560
885 895 -0.754464
885 985 0.341031
886 887 -0.553426
886 896 0.083772
886 986 0.634722
887 888 -0.842667
887 897 -0.719632
887 987 -0.206764
888 889 -0.608366
888 898 0.561306
888 988 1.868393
889 880 0.267043
889 899 -0.613158
889 989 -0.064793
890 891 0.484067
890 800 0.604771
890 990 0.181477
891 892 0.734256
891 801 -0.378232
891 991 -0.623440
892 893 -0.581915
892 802 -0.936533
892 992 1.335631
893 894 0.445114
893 803 -0.792024
893 993 -0.692800
894 895 -1.191727
894 804 -0.724339
894 994 -0.546961
895 896 -0.831950
895 805 0.863583
895 995 -0.287863
896 897 0.678473
896 806 -1.985187
896 996 0.434701
897 898 -0.650393
897 807 -0.850457
897 997 -0.162882
898 899 -0.711935
898 808 0.580330
898 998 0.126563
899 890 0.246303
899 809 -1.088147
899 999 -2.400469
900 901 0.147359
900 910 1.478541
900 0 -0.170449
901 902 0.898883
901 911 0.315708
901 1 -0.821888
902 903 1.626223
902 912 -0.685995
902 2 -0.780372
903 904 -1.983874
903 913 -1.728263
903 3 -1.323963
904 905 1.636532
904 914 0.705356
904 4 -0.498455
905 906 1.828019
905 915 -0.628182
905 5 0.744042
906 907 0.467434
906 916 0.084929
906 6 0.570446
907 908 1.197268
907 917 0.277420
907 7 -1.628289
908 909 -0.957140
908 918 -0.426333
908 8 2.029527
909 900 -1.456484
909 919 0.342780
909 9 -2.185960
910 911 0.366485
910 920 -0.343630
910 10 -0.678752
911 912 -1.503916
911 921 -2.489438
911 11 1.111476
912 913 -1.333973
912 922 -1.991996
912 12 0.088827
913 914 -0.406005
913 923 -1.045753
913 13 0.877555
914 915 -0.773005
914 924 -0.392979
914 14 1.099595
915 916 -0.639526
915 925 0.300713
915 15 -1.358378
916 917 1.518714
916 926 0.727058
916 16 1.046070
917 918 -0.276339
917 927 0.047889
917 17 1.709090
918 919 -0.899662
918 928 -0.690842
918 18 -1.721394
919 910 1.740033
919 929 -2.441918
919 19 -1.704426
920 921 0.618962
920 930 -1.732495
920 20 0.651897
921 922 -0.463817
921 931 0.224186
921 21 -0.142698
922 923 1.421412
922 932 0.901433
922 22 0.641275
923 924 -1.685063
923 933 -0.555959
923 23 -1.359581
924 925 -0.700608
924 934 -0.129283
924 24 0.873696
925 926 0.728633
925 935 0.847759
925 25 2.120809
926 927 -0.951321
926 936 0.007453
926 26 0.924183
927 928 0.010014
927 937 0.976949
927 27 -0.716205
928 929 -0.405595
928 938 0.210420
928 28 1.140896
929 920 0.864212
929 939 0.648911
929 29 2.280327
930 931 1.059055
930 940 1.176727
930 30 -0.590607
931 932 -2.159503
931 941 -0.249510
931 31 -1.044504
932 933 -2.325311
932 942 2.271570
932 32 0.717640
933 934 0.414556
933 943 -0.623823
933 33 0.196761
934 935 -0.605639
934 944 1.842386
934 34 -0.712764
935 936 1.154061
935 945 0.268035
935 35 1.565866
936 937 -0.834051
936 946 -0.553648
936 36 0.584748
937 938 2.594793
937 947 0.497955
937 37 1.275643
938 939 -0.013498
938 948 0.336036
938 38 -0.808765
939 930 -0.115525
939 949 -0.809743
939 39 -0.398632
940 941 -0.071460
940 950 -0.490701
940 40 0.943432
941 942 -1.563128
941 951 -0.150681
941 41 -0.303817
942 943 -0.604116
942 952 0.608077
942 42 1.345830
943 944 -0.142613
943 953 0.794989
943 43 -0.001741
944 945 0.737079
944 954 -1.425044
944 44 -0.368362
945 946 0.812682
945 955 -0.948740
945 45 1.215035
946 947 1.012723
946 956 0.813956
946 46 0.934206
947 948 0.870709
947 957 0.645920
947 47 0.089552
948 949 -0.203792
948 958 -0.459503
948 48 -1.810876
949 940 1.003192
949 959 -0.088244
949 49 1.644472
950 951 1.493086
950 960 0.362092
950 50 -1.426294
951 952 -1.086353
951 961 0.107891
951 51 1.262493
952 953 -0.055917
952 962 -0.598377
952 52 -1.853824
953 954 -0.853151
953 963 -1.682235
953 53 0.713623
954 955 -0.893155
954 964 0.831715
954 54 1.010199
955 956 -0.660522
955 965 0.087787
955 55 -1.042165
956 957 -1.160766
956 966 0.107644
956 56 -0.479941
957 958 1.406978
957 967 -0.612604
957 57 -0.333310
958 959 0.579295
958 968 -0.713109
958 58 -1.541160
959 950 -0.222560
959 969 -0.202784
959 59 0.185452
960 961 -1.688638
960 970 -0.938980
960 60 -0.082018
961 962 0.869938
961 971 -0.164479
961 61 2.209464
962 963 0.776080
962 972 1.816713
962 62 0.788747
963 964 -0.272441
963 973 -0.653298
963 63 -1.060472
964 965 0.345636
964 974 -1.196490
964 64 0.061420
965 966 1.586840
965 975 -0.294717
965 65 -1.522733
966 967 -1.261555
966 976 0.781526
966 66 -0.686878
967 968 0.468201
967 977 -0.926832
967 67 -0.475774
968 969 -1.062292
968 978 -0.449662
968 68 -1.735758
969 960 1.182683
969 979 0.062297
969 69 0.104670
970 971 -2.001057
970 980 1.281115
970 70 -1.426441
971 972 1.277753
971 981 -1.147604
971 71 0.099079
972 973 -0.479808
972 982 1.140210
972 72 0.254027
973 974 -0.355945
973 983 0.403151
973 73 0.169388
974 975 -0.759336
974 984 -0.417304
974 74 -0.253507
975 976 0.771708
975 985 0.602107
975 75 1.328226
976 977 -0.106164
976 986 -0.821033
976 76 -1.288251
977 978 -0.325108
977 987 1.457548
977 77 -0.200862
978 979 -0.809136
978 988 -0.432326
978 78 -0.124836
979 970 1.073663
979 989 0.060581
979 79 1.516270
980 981 -1.691721
980 990 0.421196
980 80 2.564733
981 982 -1.248815
981 991 1.431468
981 81 -0.093672
982 983 0.191893
982 992 1.177233
982 82 0.692715
983 984 1.691127
983 993 -2.552602
983 83 0.316812
984 985 -0.737273
984 994 -0.628953
984 84 1.335802
985 986 -0.016097
985 995 -0.349028
985 85 -0.357173
986 987 0.119711
986 996 -1.564820
986 86 -0.685315
987 988 1.104473
987 997 2.126866
987 87 0.717452
988 989 -1.734658
988 998 -1.230793
988 88 0.561554
989 980 0.498802
989 999 -0.272019
989 89 -0.493671
990 991 -0.613850
990 900 -0.626691
990 90 -0.042251
991 992 0.128640
991 901 -0.505938
991 91 -1.419749
992 993 -0.289061
992 902 -1.778071
992 92 -0.446857
993 994 0.103639
993 903 -0.350414
993 93 -0.345237
994 995 -0.113255
994 904 -0.948943
994 94 0.513359
995 996 2.222551
995 905 -0.741543
995 95 0.898646
996 997 -0.183655
996 906 0.085425
996 96 -0.836672
997 998 -0.261252
997 907 0.874560
997 97 -0.716500
998 999 0.476088
998 908 -1.436555
998 98 -0.327837
999 990 0.378951
999 909 -3.505854
999 99 1.777044
