0 1 -0.570110
0 10 0.316017
0 100 -0.787817
1 2 -0.833723
1 11 1.147169
1 101 0.860952
2 3 1.783066
2 12 -0.049615
2 102 -2.786326
3 4 1.759303
3 13 -0.586097
3 103 0.024261
4 5 -1.028574
4 14 0.799309
4 104 0.521513
5 6 1.066302
5 15 -0.168869
5 105 -0.683217
6 7 2.369172
6 16 -1.444296
6 106 0.262866
7 8 -1.103393
7 17 1.416542
7 107 0.952195
8 9 1.799680
8 18 3.152964
8 108 -0.469329
9 0 0.384395
9 19 -0.437617
9 109 1.259416
10 11 -0.338754
10 20 -1.011724
10 110 -0.725704
11 12 0.259875
11 21 -0.895571
11 111 -0.369287
12 13 0.816079
12 22 0.556607
12 112 -1.621830
13 14 -1.352649
13 23 0.749351
13 113 -0.433855
14 15 -0.083911
14 24 -0.671246
14 114 0.271659
15 16 -2.207825
15 25 -0.297802
15 115 -1.407869
16 17 0.091705
16 26 -0.068799
16 116 -0.739985
17 18 -1.460598
17 27 0.921205
17 117 1.241896
18 19 0.392743
18 28 -1.306403
18 118 -0.578999
19 10 0.190362
19 29 1.694714
19 119 -1.822203
20 21 -0.767084
20 30 1.179753
20 120 -1.020020
21 22 -1.999812
21 31 -0.432230
21 121 -2.632711
22 23 -0.535669
22 32 0.169523
22 122 -1.029011
23 24 0.876913
23 33 1.078297
23 123 0.771348
24 25 -0.011394
24 34 -0.905430
24 124 -0.883516
25 26 0.412058
25 35 -0.459183
25 125 0.390549
26 27 -0.237827
26 36 -1.294021
26 126 0.866664
27 28 -0.827936
27 37 -2.488547
27 127 0.860993
28 29 0.097150
28 38 -2.300923
28 128 1.169566
29 20 -1.625646
29 39 0.059817
29 129 0.485738
30 31 -0.238845
30 40 -0.713459
30 130 0.370357
31 32 0.017162
31 41 2.553246
31 131 -0.906029
32 33 0.720794
32 42 -0.857090
32 132 -0.031945
33 34 1.494688
33 43 0.997990
33 133 -0.319705
34 35 -0.333490
34 44 1.562092
34 134 0.109659
35 36 0.691759
35 45 0.264901
35 135 -0.344299
36 37 -0.016798
36 46 0.239131
36 136 0.027009
37 38 -0.095812
37 47 -0.267905
37 137 -0.846201
38 39 -0.746642
38 48 -1.434480
38 138 0.823363
39 30 -0.638013
39 49 -0.489589
39 139 -0.011821
40 41 -0.829125
40 50 0.886448
40 140 1.397615
41 42 0.145871
41 51 -0.726258
41 141 -1.306807
42 43 -0.109908
42 52 -0.678509
42 142 -1.266814
43 44 -0.262202
43 53 -1.373391
43 143 0.054406
44 45 -0.237963
44 54 0.713392
44 144 -0.448570
45 46 0.998019
45 55 1.207783
45 145 -0.642515
46 47 0.178659
46 56 0.138498
46 146 -1.389614
47 48 1.440940
47 57 0.276844
47 147 -0.657040
48 49 -0.331683
48 58 1.556995
48 148 -0.629427
49 40 -0.596579
49 59 -1.017208
49 149 -0.576240
50 51 0.239998
50 60 2.100601
50 150 1.543658
51 52 0.627681
51 61 -0.682348
51 151 2.041045
52 53 -1.004291
52 62 0.756408
52 152 0.080219
53 54 0.656603
53 63 0.334192
53 153 0.671727
54 55 0.660011
54 64 0.229524
54 154 0.845040
55 56 -0.027254
55 65 0.717244
55 155 -0.303737
56 57 1.212651
56 66 -0.268393
56 156 -1.842529
57 58 1.072656
57 67 -1.166856
57 157 0.532191
58 59 -0.430674
58 68 -0.031314
58 158 -1.226577
59 50 -0.913665
59 69 -2.108838
59 159 1.137875
60 61 -0.022381
60 70 2.366395
60 160 0.630079
61 62 0.664206
61 71 -0.773119
61 161 1.221408
62 63 -0.473388
62 72 -1.026046
62 162 -1.494997
63 64 -1.250920
63 73 0.672343
63 163 0.339608
64 65 -0.371233
64 74 0.536308
64 164 -0.431776
65 66 1.150686
65 75 0.065122
65 165 0.267885
66 67 0.870706
66 76 0.097473
66 166 -0.115273
67 68 -0.426278
67 77 0.486574
67 167 -0.067057
68 69 0.359362
68 78 0.213314
68 168 -0.732460
69 60 1.301916
69 79 -0.054692
69 169 0.047901
70 71 0.794581
70 80 -0.229598
70 170 -1.481564
71 72 0.275573
71 81 0.517014
71 171 -1.215064
72 73 -0.036968
72 82 0.367849
72 172 0.889542
73 74 1.113789
73 83 -0.440892
73 173 0.012313
74 75 0.296815
74 84 0.257208
74 174 -0.132309
75 76 -0.216850
75 85 0.957476
75 175 0.386483
76 77 1.626792
76 86 1.654493
76 176 1.610524
77 78 -0.656263
77 87 0.786088
77 177 -0.038463
78 79 -0.580297
78 88 -1.037978
78 178 1.454740
79 70 0.684828
79 89 1.530931
79 179 0.149556
80 81 -0.471053
80 90 1.327925
80 180 0.401516
81 82 -1.544774
81 91 -0.743585
81 181 -0.352140
82 83 0.067280
82 92 0.299359
82 182 2.626732
83 84 -1.445673
83 93 0.146037
83 183 0.147434
84 85 1.325543
84 94 0.898308
84 184 -1.396216
85 86 -0.554405
85 95 -0.237995
85 185 0.297677
86 87 1.200046
86 96 0.896100
86 186 0.610857
87 88 0.962862
87 97 1.104355
87 187 -0.576320
88 89 -0.412418
88 98 0.052192
88 188 0.091422
89 80 0.603847
89 99 0.200464
89 189 0.396886
90 91 -0.450512
90 0 -0.563312
90 190 -0.497397
91 92 0.539516
91 1 -0.366656
91 191 -0.219561
92 93 1.197998
92 2 0.084507
92 192 1.177230
93 94 0.274165
93 3 0.432279
93 193 -0.718674
94 95 -0.115419
94 4 -1.081341
94 194 0.249011
95 96 0.522616
95 5 0.197346
95 195 -0.019209
96 97 0.126518
96 6 0.030864
96 196 0.191271
97 98 -0.215848
97 7 0.431379
97 197 1.313523
98 99 -2.896832
98 8 0.052664
98 198 2.751117
99 90 -0.710741
99 9 0.082224
99 199 0.101171
100 101 -0.522856
100 110 0.230931
100 200 -0.193550
101 102 -0.173659
101 111 1.055569
101 201 0.636429
102 103 -0.652112
102 112 1.377976
102 202 -0.393351
103 104 0.832852
103 113 0.358328
103 203 0.064827
104 105 -1.528653
104 114 0.486634
104 204 -0.118337
105 106 -0.068689
105 115 -0.514260
105 205 -1.005272
106 107 -2.576350
106 116 0.708363
106 206 1.859901
107 108 -0.013280
107 117 -0.926529
107 207 1.538033
108 109 -0.106369
108 118 0.111193
108 208 0.284853
109 100 -1.342956
109 119 0.706313
109 209 -0.084828
110 111 -1.200785
110 120 -2.879068
110 210 -1.218721
111 112 -0.127045
111 121 0.148498
111 211 1.236881
112 113 0.805001
112 122 -0.698217
112 212 0.008872
113 114 0.718912
113 123 -1.947056
113 213 1.202708
114 115 2.127045
114 124 -0.396555
114 214 -1.124926
115 116 0.802864
115 125 -2.426582
115 215 3.294339
116 117 -0.276282
116 126 0.630713
116 216 0.487521
117 118 -0.075953
117 127 -0.923399
117 217 -0.789243
118 119 -1.455515
118 128 0.602263
118 218 0.505846
119 110 0.555574
119 129 -1.491203
119 219 -0.435101
120 121 1.742147
120 130 -1.413707
120 220 0.564237
121 122 -0.148560
121 131 -0.761584
121 221 -0.722118
122 123 -0.496386
122 132 0.145823
122 222 -0.739683
123 124 1.000639
123 133 1.813523
123 223 -2.250276
124 125 -1.026299
124 134 1.133239
124 224 0.602225
125 126 -0.253035
125 135 -0.444665
125 225 -0.532470
126 127 -0.381353
126 136 -0.979873
126 226 0.278197
127 128 -1.096967
127 137 -0.252227
127 227 -1.035488
128 129 -1.722864
128 138 -2.078926
128 228 -0.272704
129 120 -1.791950
129 139 1.988915
129 229 -1.427172
130 131 -1.189102
130 140 -0.745158
130 230 1.220911
131 132 0.018011
131 141 0.091138
131 231 0.832906
132 133 0.689420
132 142 0.702211
132 232 -0.479874
133 134 1.113781
133 143 0.346036
133 233 0.411941
134 135 -1.209961
134 144 0.901106
134 234 0.010983
135 136 0.907783
135 145 -0.241851
135 235 0.978854
136 137 2.111850
136 146 -0.950820
136 236 0.866933
137 138 0.242207
137 147 -0.236042
137 237 0.771405
138 139 -0.578304
138 148 0.796066
138 238 0.760064
139 130 0.167220
139 149 -0.291452
139 239 -3.025616
140 141 -0.909506
140 150 0.557568
140 240 0.483341
141 142 -1.093754
141 151 -0.654545
141 241 0.739845
142 143 -0.992744
142 152 0.664697
142 242 -0.885899
143 144 0.439062
143 153 -1.352692
143 243 -0.558280
144 145 1.165349
144 154 1.680466
144 244 0.418866
145 146 -1.135227
145 155 1.317052
145 245 -0.431574
146 147 -0.130762
146 156 -0.866660
146 246 -1.823200
147 148 -0.804298
147 157 -0.791984
147 247 -0.843348
148 149 -0.351227
148 158 -0.580800
148 248 -1.273493
149 140 -1.952823
149 159 0.190345
149 249 -0.713252
150 151 -0.945940
150 160 0.544150
150 250 -0.855451
151 152 -2.676471
151 161 -1.712133
151 251 -2.205518
152 153 -0.934940
152 162 -1.925965
152 252 0.714434
153 154 1.444999
153 163 0.644800
153 253 0.122386
154 155 1.354082
154 164 -1.248126
154 254 -0.206235
155 156 0.312244
155 165 1.928839
155 255 0.349468
156 157 -0.107792
156 166 2.152405
156 256 -0.460449
157 158 1.376237
157 167 -0.768178
157 257 -0.829096
158 159 -1.019603
158 168 -0.046800
158 258 -0.156467
159 150 -0.879425
159 169 -0.240271
159 259 -1.286720
160 161 -1.938948
160 170 -0.178550
160 260 -0.577355
161 162 -0.092935
161 171 0.095460
161 261 0.178406
162 163 1.349579
162 172 -0.574114
162 262 -1.295866
163 164 -0.458548
163 173 1.676046
163 263 0.963061
164 165 -1.023863
164 174 -0.174117
164 264 -0.399713
165 166 0.090583
165 175 0.849618
165 265 -0.668148
166 167 1.074198
166 176 -1.114499
166 266 1.698852
167 168 1.079656
167 177 -0.082973
167 267 0.553451
168 169 0.052161
168 178 0.001864
168 268 -1.697386
169 160 -0.117876
169 179 0.339319
169 269 -1.049266
170 171 0.998882
170 180 0.970219
170 270 -0.223567
171 172 0.334974
171 181 0.946756
171 271 0.699306
172 173 0.375852
172 182 1.055195
172 272 -1.432419
173 174 -1.627742
173 183 0.683741
173 273 -1.251993
174 175 -1.209705
174 184 1.513440
174 274 -0.023360
175 176 -1.584832
175 185 0.127767
175 275 0.906398
176 177 0.213262
176 186 -2.996411
176 276 2.331075
177 178 1.567732
177 187 0.286992
177 277 -0.633725
178 179 0.436914
178 188 -1.199435
178 278 -0.083420
179 170 -1.573727
179 189 -0.818957
179 279 -0.392325
180 181 2.069305
180 190 0.300774
180 280 2.248409
181 182 -1.593570
181 191 0.574932
181 281 -0.943368
182 183 1.534951
182 192 0.707247
182 282 -0.725324
183 184 0.515011
183 193 -0.011523
183 283 0.016270
184 185 -1.033231
184 194 0.727432
184 284 0.598351
185 186 -0.954436
185 195 -0.670894
185 285 0.420090
186 187 0.450973
186 196 -0.160216
186 286 -1.725566
187 188 0.782140
187 197 -0.400847
187 287 1.627610
188 189 -0.374016
188 198 1.381122
188 288 -1.350978
189 180 0.335771
189 199 -1.787411
189 289 0.556662
190 191 -0.884655
190 100 1.650872
190 290 1.651810
191 192 0.229756
191 101 -0.472939
191 291 0.195715
192 193 0.371194
192 102 0.730758
192 292 -1.739334
193 194 1.179226
193 103 0.393029
193 293 0.506499
194 195 -0.831909
194 104 -0.307249
194 294 2.156594
195 196 0.798466
195 105 0.936889
195 295 0.558438
196 197 1.082367
196 106 1.123856
196 296 0.337168
197 198 1.455384
197 107 -0.674873
197 297 -1.591368
198 199 0.896550
198 108 0.737894
198 298 -0.200569
199 190 0.201933
199 109 1.377580
199 299 -0.496313
200 201 0.333725
200 210 1.143733
200 300 -2.196464
201 202 -1.537560
201 211 1.624188
201 301 0.749860
202 203 -1.166793
202 212 0.315899
202 302 -0.749082
203 204 -1.180114
203 213 -0.642062
203 303 -0.073339
204 205 1.226906
204 214 -0.770302
204 304 0.756282
205 206 -0.459549
205 215 -2.029339
205 305 0.107307
206 207 -1.136455
206 216 0.631338
206 306 -0.662972
207 208 0.814050
207 217 0.188012
207 307 0.344484
208 209 0.777817
208 218 1.683092
208 308 -0.675938
209 200 -0.030220
209 219 -1.662885
209 309 -2.118969
210 211 -1.137815
210 220 0.791271
210 310 0.290316
211 212 -1.968259
211 221 0.418888
211 311 1.345578
212 213 1.849038
212 222 0.009901
212 312 -1.192770
213 214 0.595429
213 223 -0.668017
213 313 0.017568
214 215 0.869059
214 224 0.714863
214 314 -0.556558
215 216 0.276501
215 225 0.151213
215 315 0.427696
216 217 -1.252375
216 226 0.526551
216 316 0.555054
217 218 1.396051
217 227 -0.339920
217 317 0.729610
218 219 1.255665
218 228 -0.220206
218 318 -0.042333
219 210 2.275898
219 229 0.110366
219 319 -0.056167
220 221 -0.023934
220 230 0.077303
220 320 -0.518299
221 222 0.196747
221 231 1.209158
221 321 0.256432
222 223 1.300995
222 232 1.425598
222 322 -1.160057
223 224 -1.063387
223 233 0.548991
223 323 -0.225429
224 225 -1.281537
224 234 0.022105
224 324 -0.135317
225 226 2.014302
225 235 0.569218
225 325 0.605183
226 227 -0.840846
226 236 0.514275
226 326 -0.762092
227 228 -0.534394
227 237 0.246545
227 327 0.517929
228 229 -1.039513
228 238 -0.396452
228 328 0.818829
229 220 -0.584508
229 239 -0.065194
229 329 -0.060131
230 231 -1.782721
230 240 0.741147
230 330 -0.866695
231 232 -0.953265
231 241 0.092738
231 331 -1.130395
232 233 0.986754
232 242 -0.031839
232 332 0.450184
233 234 -0.732629
233 243 1.146159
233 333 -0.092114
234 235 -0.836954
234 244 -0.246806
234 334 -0.798295
235 236 1.020164
235 245 0.004362
235 335 0.027474
236 237 0.236674
236 246 0.061288
236 336 0.422235
237 238 1.607177
237 247 0.579191
237 337 0.072248
238 239 1.146759
238 248 0.957641
238 338 -1.516163
239 230 -1.044359
239 249 -0.247136
239 339 2.039341
240 241 2.449900
240 250 0.523917
240 340 -1.382535
241 242 -0.615945
241 251 -0.270644
241 341 -0.330991
242 243 -0.431205
242 252 -0.579113
242 342 -0.642988
243 244 -1.720421
243 253 -1.402471
243 343 -0.507256
244 245 -0.696859
244 254 0.813332
244 344 0.981287
245 246 -1.032896
245 255 0.752055
245 345 -0.029697
246 247 0.057958
246 256 0.736257
246 346 0.570837
247 248 -1.292833
247 257 -0.021778
247 347 0.020708
248 249 2.762801
248 258 -0.144261
248 348 -0.071415
249 240 -1.222079
249 259 -0.600560
249 349 0.231106
250 251 -1.036552
250 260 -0.526184
250 350 -1.205575
251 252 0.457858
251 261 -1.466908
251 351 -1.357373
252 253 0.560345
252 262 0.226416
252 352 -2.210860
253 254 -0.618180
253 263 0.601481
253 353 -0.796715
254 255 -1.811835
254 264 -0.581447
254 354 -0.244974
255 256 -0.838085
255 265 1.506923
255 355 0.856395
256 257 -0.104411
256 266 -0.237014
256 356 -1.466180
257 258 -2.113386
257 267 -0.549949
257 357 -0.145455
258 259 1.166705
258 268 0.414580
258 358 -0.612255
259 250 0.190183
259 269 0.668924
259 359 -0.741766
260 261 -0.547002
260 270 -0.212235
260 360 -0.675411
261 262 0.523895
261 271 -2.320493
261 361 -0.770234
262 263 0.270581
262 272 -0.292888
262 362 0.056318
263 264 0.769657
263 273 1.680901
263 363 -0.056998
264 265 0.455992
264 274 0.815515
264 364 0.578004
265 266 1.839993
265 275 0.773431
265 365 -0.731876
266 267 -1.046832
266 276 0.104129
266 366 0.513945
267 268 0.402816
267 277 0.000906
267 367 -2.609395
268 269 -0.196690
268 278 0.992938
268 368 0.237942
269 260 -2.116276
269 279 -0.065675
269 369 0.785854
270 271 -0.291664
270 280 -2.320808
270 370 0.631307
271 272 -1.201959
271 281 -0.340421
271 371 1.588057
272 273 0.594772
272 282 0.029942
272 372 1.126152
273 274 -0.425380
273 283 -0.444436
273 373 -1.145780
274 275 -0.502132
274 284 0.492326
274 374 -2.168636
275 276 0.082473
275 285 0.152101
275 375 0.910353
276 277 -0.948482
276 286 0.992482
276 376 0.304071
277 278 0.062401
277 287 2.024216
277 377 -0.219329
278 279 0.134393
278 288 0.141880
278 378 -0.205759
279 270 -1.352100
279 289 -0.578918
279 379 0.500402
280 281 0.952893
280 290 1.007767
280 380 -0.063228
281 282 0.819445
281 291 0.037272
281 381 -0.613593
282 283 -0.083947
282 292 -1.043687
282 382 -0.975227
283 284 0.527515
283 293 -0.859647
283 383 0.393294
284 285 -1.859683
284 294 -0.307691
284 384 2.895343
285 286 -0.092749
285 295 -0.066552
285 385 -1.374870
286 287 1.543465
286 296 -0.534547
286 386 -0.365217
287 288 -1.279015
287 297 0.012831
287 387 -0.501375
288 289 0.924657
288 298 -0.371727
288 388 -2.592406
289 280 0.726475
289 299 1.083169
289 389 0.645662
290 291 0.347449
290 200 1.336682
290 390 0.136158
291 292 -0.128759
291 201 -0.436290
291 391 0.018613
292 293 -0.009705
292 202 0.165692
292 392 0.294575
293 294 -0.779629
293 203 1.110154
293 393 0.497081
294 295 0.131966
294 204 -0.640674
294 394 -0.696153
295 296 0.180614
295 205 1.498159
295 395 0.290434
296 297 0.478629
296 206 2.022778
296 396 1.203692
297 298 1.021736
297 207 0.366120
297 397 0.504869
298 299 -0.098915
298 208 0.494464
298 398 0.142404
299 290 -0.111971
299 209 0.497992
299 399 0.280886
300 301 -1.035584
300 310 -1.430101
300 400 0.137431
301 302 -1.807178
301 311 -1.527998
301 401 -0.449498
302 303 0.719328
302 312 -0.732758
302 402 0.697049
303 304 1.132317
303 313 0.321205
303 403 -0.207032
304 305 -1.072038
304 314 -0.980066
304 404 -0.233438
305 306 -2.374940
305 315 -3.526817
305 405 -0.395911
306 307 0.944274
306 316 -0.055012
306 406 -0.615596
307 308 0.897903
307 317 1.972400
307 407 -0.069621
308 309 0.918448
308 318 -0.955945
308 408 1.351383
309 300 0.712547
309 319 -1.155131
309 409 -1.054605
310 311 -1.819048
310 320 -0.671453
310 410 0.152861
311 312 -0.254553
311 321 0.872893
311 411 0.138742
312 313 -0.478410
312 322 0.052232
312 412 1.131722
313 314 -0.519614
313 323 0.693243
313 413 0.825139
314 315 0.657513
314 324 0.868443
314 414 -0.743105
315 316 -2.170977
315 325 -0.511038
315 415 0.156163
316 317 -1.046841
316 326 1.433582
316 416 -0.436713
317 318 -0.530597
317 327 -0.595912
317 417 0.857452
318 319 0.453083
318 328 0.864541
318 418 0.409318
319 310 -1.114969
319 329 -0.581122
319 419 1.283861
320 321 -0.965772
320 330 -0.653012
320 420 0.418129
321 322 -1.290204
321 331 -0.847309
321 421 0.448570
322 323 0.520198
322 332 -0.354781
322 422 0.144505
323 324 -1.174016
323 333 -0.249517
323 423 0.128753
324 325 0.893704
324 334 0.823354
324 424 -0.536006
325 326 0.195977
325 335 -1.983852
325 425 0.373980
326 327 -0.472425
326 336 1.074714
326 426 -0.660335
327 328 0.648075
327 337 -1.346347
327 427 0.591757
328 329 -0.261703
328 338 1.142305
328 428 0.547483
329 320 -0.053361
329 339 -0.403909
329 429 -0.760748
330 331 0.969853
330 340 1.760546
330 430 1.137021
331 332 -0.376407
331 341 0.269143
331 431 -0.451693
332 333 0.787520
332 342 -0.639121
332 432 1.163957
333 334 0.222685
333 343 0.122801
333 433 -1.130020
334 335 0.281614
334 344 -0.597708
334 434 -1.158891
335 336 -1.485501
335 345 -0.130293
335 435 -0.588021
336 337 -0.593654
336 346 -0.193182
336 436 -1.449015
337 338 -0.965135
337 347 0.667710
337 437 -0.712853
338 339 0.247411
338 348 -0.262949
338 438 0.917815
339 330 0.294025
339 349 1.579635
339 439 1.144870
340 341 0.768488
340 350 -0.028301
340 440 1.825590
341 342 -0.280376
341 351 -0.119655
341 441 1.678110
342 343 1.965980
342 352 0.646061
342 442 0.189947
343 344 -1.910798
343 353 -0.531580
343 443 1.568755
344 345 -0.419522
344 354 0.018063
344 444 -0.924899
345 346 1.430124
345 355 0.049375
345 445 0.195031
346 347 2.021288
346 356 1.966796
346 446 0.096801
347 348 -0.178712
347 357 -0.448721
347 447 0.088084
348 349 0.258933
348 358 -0.580482
348 448 1.352801
349 340 0.636630
349 359 0.237424
349 449 -1.217562
350 351 -0.365158
350 360 1.262639
350 450 -0.483289
351 352 0.422804
351 361 1.317172
351 451 0.016301
352 353 1.176705
352 362 -0.736796
352 452 -0.495307
353 354 0.539244
353 363 0.523051
353 453 -1.834050
354 355 -1.967404
354 364 -0.462692
354 454 0.627405
355 356 0.933462
355 365 1.189860
355 455 1.400872
356 357 1.613328
356 366 1.617418
356 456 -2.159174
357 358 -0.621048
357 367 -0.429476
357 457 -1.207487
358 359 -0.092718
358 368 0.611563
358 458 -0.353219
359 350 -0.358005
359 369 -1.300392
359 459 -0.722390
360 361 0.307363
360 370 0.887453
360 460 0.078496
361 362 -0.815479
361 371 0.385475
361 461 -1.138802
362 363 -0.863125
362 372 -0.119992
362 462 1.253554
363 364 1.016107
363 373 -0.777852
363 463 0.988112
364 365 0.538423
364 374 -0.712735
364 464 -0.889499
365 366 -2.255081
365 375 0.570608
365 465 -0.419774
366 367 -0.861466
366 376 0.403390
366 466 -2.289927
367 368 -0.679853
367 377 -0.359567
367 467 0.195735
368 369 -0.507188
368 378 -1.355496
368 468 -0.604847
369 360 -1.025389
369 379 -0.239534
369 469 -0.725584
370 371 -1.379364
370 380 -0.379499
370 470 -0.342706
371 372 -0.092600
371 381 -0.379377
371 471 -1.213210
372 373 0.674343
372 382 -0.267754
372 472 -0.294768
373 374 0.858760
373 383 -0.463119
373 473 0.165404
374 375 -1.048951
374 384 0.504654
374 474 -0.605301
375 376 -0.559321
375 385 0.994417
375 475 -0.680169
376 377 -1.004023
376 386 -0.528868
376 476 0.758339
377 378 -0.109411
377 387 0.809163
377 477 -1.175191
378 379 1.748831
378 388 -0.777509
378 478 0.005354
379 370 -1.083646
379 389 0.585554
379 479 0.618352
380 381 -0.102909
380 390 -0.313840
380 480 -1.220538
381 382 1.316073
381 391 -0.729895
381 481 0.720641
382 383 1.545218
382 392 2.211220
382 482 0.830018
383 384 -2.078966
383 393 -0.531217
383 483 -1.063946
384 385 -1.810823
384 394 0.454174
384 484 -1.210815
385 386 1.206293
385 395 0.111502
385 485 -0.934459
386 387 0.588096
386 396 2.160988
386 486 0.089456
387 388 -0.009409
387 397 -1.779844
387 487 0.851005
388 389 0.390582
388 398 0.208213
388 488 0.918284
389 380 -0.025911
389 399 0.368759
389 489 0.112788
390 391 -1.316343
390 300 1.165677
390 490 0.582526
391 392 0.981809
391 301 0.218529
391 491 -0.622663
392 393 -0.050916
392 302 1.210410
392 492 -1.212803
393 394 2.098008
393 303 0.399124
393 493 1.200748
394 395 0.598067
394 304 1.957627
394 494 -0.138548
395 396 0.486884
395 305 1.951974
395 495 0.859154
396 397 0.989675
396 306 0.389557
396 496 -2.528908
397 398 -0.351338
397 307 0.563441
397 497 -0.311206
398 399 2.000921
398 308 1.148675
398 498 -0.973442
399 390 -0.679602
399 309 -0.171134
399 499 -1.633150
400 401 1.722241
400 410 1.022651
400 500 0.516282
401 402 0.373280
401 411 0.470835
401 501 1.519353
402 403 0.409262
402 412 0.464880
402 502 0.410489
403 404 -2.188463
403 413 0.863941
403 503 -1.326128
404 405 -0.523728
404 414 -0.823078
404 504 1.967055
405 406 0.776956
405 415 1.598541
405 505 0.642436
406 407 0.522681
406 416 0.751572
406 506 -2.065056
407 408 0.346187
407 417 1.379245
407 507 -0.458429
408 409 0.352218
408 418 0.282858
408 508 -0.046588
409 400 -0.130093
409 419 0.385143
409 509 2.968762
410 411 0.326848
410 420 0.212226
410 510 -0.050835
411 412 -1.452369
411 421 -0.155759
411 511 1.842417
412 413 -0.782925
412 422 -1.353477
412 512 -0.563679
413 414 -0.425289
413 423 1.286451
413 513 0.167389
414 415 -0.986953
414 424 -1.837307
414 514 -0.154377
415 416 -0.103295
415 425 0.164064
415 515 -0.833358
416 417 -0.699739
416 426 0.448856
416 516 -2.208209
417 418 0.905888
417 427 0.899471
417 517 -1.856760
418 419 -0.034828
418 428 0.272412
418 518 -0.358391
419 410 -0.525064
419 429 0.500630
419 519 1.226824
420 421 -0.903483
420 430 -0.376943
420 520 -0.606668
421 422 1.328605
421 431 -1.617781
421 521 0.132395
422 423 0.161902
422 432 -1.218242
422 522 0.075758
423 424 0.180477
423 433 0.769744
423 523 0.160279
424 425 0.654006
424 434 1.743366
424 524 1.195108
425 426 -0.706116
425 435 0.938814
425 525 1.324130
426 427 0.013512
426 436 -1.703942
426 526 1.142192
427 428 2.443604
427 437 -0.077555
427 527 -0.208826
428 429 -0.142315
428 438 -1.781878
428 528 0.865431
429 420 -1.171759
429 439 0.650622
429 529 0.076486
430 431 0.707687
430 440 -0.746337
430 530 -0.973246
431 432 0.590596
431 441 -1.829620
431 531 -0.539292
432 433 -0.620867
432 442 0.416534
432 532 -0.909488
433 434 -0.115685
433 443 1.494305
433 533 2.137926
434 435 1.299218
434 444 0.410231
434 534 1.322481
435 436 2.013457
435 445 0.764346
435 535 -0.393624
436 437 -0.181729
436 446 -0.160476
436 536 2.483188
437 438 2.153528
437 447 1.597890
437 537 0.075206
438 439 0.893111
438 448 1.105386
438 538 -1.781585
439 430 1.157998
439 449 0.601021
439 539 -2.010551
440 441 -0.847529
440 450 0.353520
440 540 -0.879720
441 442 1.713555
441 451 -0.830611
441 541 -1.169585
442 443 1.249250
442 452 0.076745
442 542 0.738175
443 444 0.205059
443 453 1.336408
443 543 0.344429
444 445 -0.333515
444 454 1.722871
444 544 -1.250731
445 446 -0.010300
445 455 0.214167
445 545 0.860771
446 447 -0.213836
446 456 1.512445
446 546 -1.791506
447 448 0.307884
447 457 0.724957
447 547 -0.371355
448 449 -0.903006
448 458 0.236059
448 548 0.642509
449 440 2.150655
449 459 1.710683
449 549 -0.518751
450 451 1.275676
450 460 0.615477
450 550 0.478737
451 452 0.667936
451 461 1.518069
451 551 -0.746746
452 453 -0.271478
452 462 -0.929472
452 552 -0.783213
453 454 -1.421763
453 463 0.571188
453 553 -0.866975
454 455 1.194417
454 464 -0.616252
454 554 -0.276120
455 456 -1.292770
455 465 -0.659604
455 555 0.842845
456 457 0.196175
456 466 2.132722
456 556 -1.328689
457 458 -0.289159
457 467 -0.431124
457 557 1.032368
458 459 -0.027690
458 468 -0.269607
458 558 -0.493009
459 450 -0.156010
459 469 0.370965
459 559 -0.385932
460 461 -0.022969
460 470 -0.048931
460 560 0.491508
461 462 -0.134671
461 471 -0.705576
461 561 0.370404
462 463 1.069332
462 472 -1.445004
462 562 -0.917832
463 464 -0.326024
463 473 2.847418
463 563 -0.592872
464 465 -0.531462
464 474 -0.602660
464 564 0.268354
465 466 0.984204
465 475 -0.245591
465 565 -1.444314
466 467 -0.362056
466 476 0.004440
466 566 0.255133
467 468 0.846580
467 477 -0.720229
467 567 -0.512199
468 469 -0.750654
468 478 2.142578
468 568 1.625839
469 460 0.906397
469 479 -2.227526
469 569 -0.985254
470 471 -0.987435
470 480 -0.389802
470 570 -1.110717
471 472 -0.875217
471 481 -2.365893
471 571 -0.305255
472 473 -2.135581
472 482 -0.339426
472 572 -0.006544
473 474 -0.797379
473 483 1.123369
473 573 -0.833275
474 475 -0.136192
474 484 1.025282
474 574 -0.588563
475 476 -2.270630
475 485 -0.666760
475 575 1.174951
476 477 0.302032
476 486 -0.717508
476 576 -1.309930
477 478 -0.547616
477 487 1.167437
477 577 -1.197989
478 479 0.303629
478 488 -1.074371
478 578 -1.534357
479 470 -0.637407
479 489 0.878892
479 579 0.589622
480 481 0.472084
480 490 -0.854680
480 580 0.015508
481 482 1.167326
481 491 -0.021834
481 581 0.707690
482 483 0.304264
482 492 1.168215
482 582 -0.484619
483 484 0.377008
483 493 -0.024613
483 583 0.759952
484 485 1.247782
484 494 0.098620
484 584 0.944766
485 486 1.502384
485 495 0.150778
485 585 0.763788
486 487 -0.374117
486 496 0.308077
486 586 -0.799877
487 488 -1.536627
487 497 0.375100
487 587 -0.667008
488 489 0.288291
488 498 -1.066070
488 588 1.000437
489 480 1.564062
489 499 1.710993
489 589 1.123894
490 491 -1.958869
490 400 1.495752
490 590 0.393422
491 492 -1.972970
491 401 -0.253582
491 591 -0.752421
492 493 -0.380306
492 402 0.625085
492 592 1.816056
493 494 -0.805982
493 403 -0.004212
493 593 0.171172
494 495 -0.509968
494 404 -0.544542
494 594 1.848927
495 496 0.895977
495 405 0.028022
495 595 0.112597
496 497 0.992975
496 406 0.787466
496 596 -0.915386
497 498 -0.820671
497 407 -0.841077
497 597 -0.780295
498 499 1.359540
498 408 -1.091993
498 598 -0.564270
499 490 -0.425408
499 409 0.870670
499 599 0.716411
500 501 -0.389632
500 510 -0.570383
500 600 0.278775
501 502 -0.871398
501 511 0.284807
501 601 0.377321
502 503 -0.217013
502 512 0.258871
502 602 0.216504
503 504 1.227539
503 513 0.222326
503 603 0.326679
504 505 0.215908
504 514 0.421211
504 604 -0.077597
505 506 -0.255058
505 515 -0.383435
505 605 0.470388
506 507 -0.591084
506 516 2.343947
506 606 -0.576462
507 508 -0.962436
507 517 -1.077392
507 607 -1.807916
508 509 0.966649
508 518 0.164537
508 608 0.126620
509 500 0.195088
509 519 1.738244
509 609 -1.375676
510 511 -0.510105
510 520 2.405533
510 610 0.226777
511 512 -0.002087
511 521 -0.372522
511 611 -1.554757
512 513 -0.762234
512 522 -0.984933
512 612 -0.722404
513 514 0.712912
513 523 0.312616
513 613 -1.012711
514 515 0.319775
514 524 -0.049566
514 614 -1.969719
515 516 -0.755871
515 525 -0.007454
515 615 -0.106843
516 517 -0.767709
516 526 -0.774927
516 616 -0.654670
517 518 -1.127022
517 527 -1.307125
517 617 0.997774
518 519 0.329888
518 528 -0.028747
518 618 -0.965611
519 510 0.491566
519 529 -2.741723
519 619 1.962063
520 521 -0.128852
520 530 1.946329
520 620 0.863221
521 522 0.957844
521 531 -1.265957
521 621 -0.148710
522 523 -0.489904
522 532 -0.708195
522 622 -0.877426
523 524 1.546782
523 533 -0.831450
523 623 -0.775378
524 525 -0.320135
524 534 -0.606637
524 624 -0.413840
525 526 0.081862
525 535 -1.349034
525 625 0.969976
526 527 -0.207909
526 536 1.751581
526 626 -2.016268
527 528 -1.342242
527 537 1.141174
527 627 1.250008
528 529 1.578818
528 538 0.746742
528 628 0.268887
529 520 -0.591027
529 539 0.187819
529 629 -0.444949
530 531 -0.647810
530 540 -0.544209
530 630 1.540466
531 532 -0.602607
531 541 -0.010563
531 631 0.947767
532 533 -0.288454
532 542 0.272296
532 632 2.141646
533 534 -0.296863
533 543 -0.551498
533 633 -0.571027
534 535 -0.704759
534 544 0.683710
534 634 1.174891
535 536 -0.518666
535 545 -1.159059
535 635 -0.690715
536 537 0.822972
536 546 0.327164
536 636 1.840974
537 538 -0.888962
537 547 0.496155
537 637 0.069924
538 539 0.443031
538 548 -0.509109
538 638 0.605054
539 530 0.408123
539 549 0.172890
539 639 0.990999
540 541 0.493246
540 550 -0.492440
540 640 0.634769
541 542 0.962795
541 551 -1.151406
541 641 -0.404579
542 543 -0.029923
542 552 -0.308186
542 642 0.696428
543 544 -1.633169
543 553 0.042150
543 643 0.726379
544 545 -0.508780
544 554 -1.326476
544 644 -0.173753
545 546 0.122582
545 555 0.701421
545 645 -0.761159
546 547 -1.024325
546 556 -0.021597
546 646 -0.327813
547 548 -0.294058
547 557 -2.068640
547 647 -0.034629
548 549 1.607151
548 558 -0.495480
548 648 -1.418359
549 540 0.398786
549 559 -0.576301
549 649 0.878983
550 551 -0.638766
550 560 -1.451513
550 650 0.692834
551 552 -0.159284
551 561 -1.247723
551 651 2.071739
552 553 0.347734
552 562 -0.411395
552 652 1.218509
553 554 -1.002318
553 563 -0.227385
553 653 0.597965
554 555 0.316235
554 564 -1.025675
554 654 -0.232913
555 556 -0.070031
555 565 -0.447324
555 655 -0.108202
556 557 -1.156813
556 566 1.639316
556 656 0.633551
557 558 1.972153
557 567 0.462066
557 657 -0.092427
558 559 1.008097
558 568 -0.250025
558 658 0.143128
559 550 -0.238933
559 569 -0.243723
559 659 1.343581
560 561 0.162619
560 570 0.568123
560 660 1.306834
561 562 0.160335
561 571 -0.034472
561 661 -0.461533
562 563 -2.263654
562 572 -0.823226
562 662 0.490854
563 564 -0.630918
563 573 -0.514469
563 663 0.649981
564 565 -0.027139
564 574 0.415536
564 664 0.114979
565 566 -0.750312
565 575 -0.323887
565 665 -0.573933
566 567 0.491574
566 576 -0.675105
566 666 -0.398695
567 568 0.074372
567 577 -1.459207
567 667 -1.641634
568 569 0.821422
568 578 0.674509
568 668 0.356343
569 560 -0.988186
569 579 1.563073
569 669 -1.275950
570 571 -0.770628
570 580 -0.355414
570 670 0.688747
571 572 -0.497982
571 581 0.328333
571 671 -1.475373
572 573 1.487809
572 582 1.502920
572 672 -3.045890
573 574 -0.440286
573 583 -0.772575
573 673 -0.504508
574 575 -0.113815
574 584 -1.324896
574 674 -1.037872
575 576 0.357625
575 585 0.643904
575 675 0.681080
576 577 0.423725
576 586 1.010154
576 676 -0.670942
577 578 -0.524862
577 587 -0.535881
577 677 -0.141567
578 579 0.741596
578 588 -0.306391
578 678 -1.108086
579 570 -0.799165
579 589 -1.456597
579 679 1.366769
580 581 0.329139
580 590 1.831592
580 680 0.032307
581 582 0.751395
581 591 0.202127
581 681 -0.111282
582 583 0.676033
582 592 -0.076029
582 682 -2.514305
583 584 0.543839
583 593 0.444602
583 683 1.898381
584 585 -0.276934
584 594 2.121279
584 684 -0.841491
585 586 -0.300285
585 595 -0.990760
585 685 -0.861991
586 587 0.498075
586 596 -0.748660
586 686 -0.409143
587 588 0.204994
587 597 -1.718102
587 687 0.338488
588 589 0.823217
588 598 0.247894
588 688 -2.638493
589 580 -0.635236
589 599 -0.123967
589 689 -0.768106
590 591 1.078375
590 500 1.352170
590 690 -0.140733
591 592 0.183021
591 501 0.238097
591 691 0.305982
592 593 -1.184333
592 502 -0.268815
592 692 0.294467
593 594 -1.177100
593 503 1.418430
593 693 -1.315112
594 595 0.728197
594 504 -0.691590
594 694 -1.907338
595 596 1.361809
595 505 0.416654
595 695 -0.105953
596 597 0.330420
596 506 0.114029
596 696 0.305021
597 598 0.054425
597 507 0.045509
597 697 0.257587
598 599 0.515825
598 508 0.575262
598 698 -0.029879
599 590 -0.741932
599 509 -1.515084
599 699 2.440193
600 601 0.429184
600 610 0.318198
600 700 -1.029100
601 602 -0.212449
601 611 -0.422356
601 701 1.822168
602 603 0.615156
602 612 -1.076840
602 702 -1.310484
603 604 -0.501530
603 613 0.329176
603 703 -1.353108
604 605 -1.413141
604 614 0.138985
604 704 -0.433425
605 606 -0.226002
605 615 0.136739
605 705 0.530201
606 607 1.465909
606 616 -0.969033
606 706 -0.596364
607 608 -0.558552
607 617 1.027929
607 707 -1.032657
608 609 -1.633604
608 618 -0.816191
608 708 -0.405759
609 600 0.425110
609 619 2.094836
609 709 -1.688008
610 611 -1.236586
610 620 0.176858
610 710 0.622672
611 612 0.982709
611 621 1.621335
611 711 -0.236189
612 613 -0.872300
612 622 -0.612355
612 712 1.861900
613 614 0.129845
613 623 -0.333234
613 713 0.134790
614 615 0.175459
614 624 0.107237
614 714 0.554711
615 616 -0.703829
615 625 0.750912
615 715 0.421943
616 617 0.234920
616 626 -2.181238
616 716 -0.136565
617 618 -2.592870
617 627 0.346260
617 717 -0.012797
618 619 -1.062552
618 628 -0.825466
618 718 0.558784
619 610 -0.364252
619 629 -1.693233
619 719 -0.510180
620 621 1.787605
620 630 0.691024
620 720 0.645994
621 622 -2.281585
621 631 0.833164
621 721 -1.143600
622 623 -0.554965
622 632 -0.609649
622 722 1.005127
623 624 -0.687725
623 633 -0.097007
623 723 0.730984
624 625 -0.797358
624 634 0.426249
624 724 2.605929
625 626 2.608710
625 635 0.817654
625 725 0.742480
626 627 1.313639
626 636 -0.780929
626 726 0.850387
627 628 -0.476965
627 637 -0.637332
627 727 -0.188537
628 629 0.025601
628 638 1.205430
628 728 -1.574745
629 620 -0.157072
629 639 -0.220717
629 729 0.622704
630 631 0.772404
630 640 -0.228377
630 730 -0.647881
631 632 0.977130
631 641 -1.214208
631 731 0.429743
632 633 -0.457104
632 642 -1.290982
632 732 -1.769693
633 634 0.545678
633 643 1.336065
633 733 -1.599329
634 635 0.105444
634 644 1.409443
634 734 -0.094866
635 636 -1.132589
635 645 -0.585995
635 735 1.496506
636 637 -0.200892
636 646 -0.105566
636 736 -0.397886
637 638 -0.418184
637 647 -0.266889
637 737 -0.308788
638 639 -0.927462
638 648 1.187099
638 738 1.366897
639 630 0.090111
639 649 0.077526
639 739 1.107998
640 641 -0.209751
640 650 0.133569
640 740 0.259556
641 642 1.045191
641 651 0.043132
641 741 0.560876
642 643 1.146265
642 652 -0.731087
642 742 1.599359
643 644 0.131082
643 653 -0.473329
643 743 -0.655231
644 645 -0.118566
644 654 -0.254015
644 744 0.417584
645 646 0.567072
645 655 0.738627
645 745 0.368438
646 647 -1.540265
646 656 1.346273
646 746 -0.798760
647 648 0.031366
647 657 -0.863063
647 747 -0.997909
648 649 1.342561
648 658 -0.127339
648 748 -1.107905
649 640 -0.266480
649 659 0.192872
649 749 -2.504031
650 651 -1.762291
650 660 0.181837
650 750 0.002173
651 652 -0.260740
651 661 0.625130
651 751 1.203581
652 653 0.690993
652 662 0.140272
652 752 1.750694
653 654 -0.614303
653 663 1.215885
653 753 -1.005116
654 655 -1.411569
654 664 0.006974
654 754 2.362300
655 656 1.752483
655 665 0.359719
655 755 0.554320
656 657 2.981457
656 666 -0.239875
656 756 -0.604705
657 658 -0.460206
657 667 1.323387
657 757 0.049948
658 659 0.897414
658 668 1.281052
658 758 0.330473
659 650 -0.352458
659 669 1.581525
659 759 0.960441
660 661 1.395669
660 670 -0.206145
660 760 0.774780
661 662 0.739159
661 671 -1.619907
661 761 0.734615
662 663 -0.616192
662 672 1.330361
662 762 -1.404319
663 664 0.229265
663 673 0.639443
663 763 2.136745
664 665 0.695431
664 674 0.160310
664 764 0.035203
665 666 0.266255
665 675 -0.804836
665 765 1.026979
666 667 0.925208
666 676 0.727507
666 766 -0.751888
667 668 0.880426
667 677 0.340576
667 767 -0.661814
668 669 0.005199
668 678 0.557962
668 768 -2.088144
669 660 -0.411749
669 679 -2.165502
669 769 -0.411952
670 671 -0.064103
670 680 -0.885462
670 770 0.385108
671 672 0.528559
671 681 0.640672
671 771 1.025376
672 673 -0.669798
672 682 0.001934
672 772 0.237564
673 674 -0.254044
673 683 -0.600167
673 773 0.388870
674 675 0.058667
674 684 0.288334
674 774 0.186283
675 676 -0.232935
675 685 0.402436
675 775 0.485564
676 677 -0.129656
676 686 -1.388873
676 776 -0.245614
677 678 -0.701597
677 687 0.865110
677 777 -0.226542
678 679 0.743397
678 688 -0.497592
678 778 -0.711253
679 670 -0.984601
679 689 0.162547
679 779 -1.250282
680 681 -1.090473
680 690 1.551399
680 780 2.574044
681 682 -0.858404
681 691 -1.231636
681 781 0.663896
682 683 -0.217458
682 692 -1.439126
682 782 1.011267
683 684 -2.312375
683 693 -0.975137
683 783 -0.561625
684 685 -1.774630
684 694 -0.148293
684 784 0.560163
685 686 0.207653
685 695 0.352574
685 785 -0.387668
686 687 -0.469778
686 696 1.261403
686 786 -0.218281
687 688 -0.614500
687 697 -1.238573
687 787 -1.002481
688 689 -1.264917
688 698 -0.591707
688 788 -0.785187
689 680 1.240243
689 699 0.410699
689 789 -1.400982
690 691 -0.555294
690 600 -0.258305
690 790 0.733962
691 692 0.251660
691 601 -0.050100
691 791 -0.728034
692 693 -1.703882
692 602 1.576324
692 792 -0.600530
693 694 -0.188172
693 603 -1.977974
693 793 -1.272724
694 695 0.667261
694 604 1.389395
694 794 1.709556
695 696 -0.936271
695 605 -1.211191
695 795 0.129343
696 697 0.145156
696 606 0.314283
696 796 -0.548766
697 698 -1.723735
697 607 -0.002489
697 797 0.716022
698 699 -0.322173
698 608 -1.078420
698 798 0.355734
699 690 -0.860932
699 609 -1.042760
699 799 0.586920
700 701 -1.114236
700 710 0.770807
700 800 -0.394905
701 702 1.501434
701 711 0.801166
701 801 -0.946876
702 703 0.864318
702 712 -0.800295
702 802 0.429647
703 704 0.252716
703 713 2.000489
703 803 -0.408973
704 705 1.828398
704 714 0.846067
704 804 0.512112
705 706 -0.000788
705 715 1.170433
705 805 -1.946636
706 707 -0.168763
706 716 1.320130
706 806 0.135096
707 708 -2.129272
707 717 -0.271856
707 807 1.536609
708 709 -0.468180
708 718 -0.855535
708 808 -1.163598
709 700 1.113037
709 719 -0.688764
709 809 0.093421
710 711 0.613388
710 720 1.049430
710 810 0.266268
711 712 -0.471976
711 721 -0.862446
711 811 1.283301
712 713 -0.938066
712 722 -0.418083
712 812 -0.451754
713 714 0.487567
713 723 0.486669
713 813 1.078134
714 715 -1.137246
714 724 -0.506128
714 814 0.233907
715 716 2.017506
715 725 0.466814
715 815 -0.494103
716 717 0.698208
716 726 -0.406736
716 816 -1.261050
717 718 0.358683
717 727 1.494559
717 817 -0.657488
718 719 0.310771
718 728 -0.473418
718 818 0.111013
719 710 0.302597
719 729 0.759875
719 819 -2.428943
720 721 -1.264119
720 730 0.097576
720 820 0.104033
721 722 -0.462111
721 731 -0.887185
721 821 0.056168
722 723 -0.609596
722 732 -0.615898
722 822 -0.590740
723 724 -0.621925
723 733 0.954122
723 823 0.032454
724 725 0.346555
724 734 0.408811
724 824 0.155915
725 726 -0.859303
725 735 0.266004
725 825 -0.576824
726 727 -0.877164
726 736 -0.727958
726 826 -0.315248
727 728 -0.866520
727 737 -1.142811
727 827 0.790845
728 729 -1.092908
728 738 -1.030856
728 828 -0.301151
729 720 -0.191791
729 739 0.549172
729 829 -1.466393
730 731 -1.237344
730 740 0.056124
730 830 -0.119593
731 732 -1.227201
731 741 1.928189
731 831 -0.368034
732 733 1.122469
732 742 -0.361437
732 832 -0.773168
733 734 0.748662
733 743 -0.873310
733 833 0.230561
734 735 -0.398317
734 744 -1.476215
734 834 1.893306
735 736 0.271221
735 745 -0.216185
735 835 -2.314565
736 737 -1.030221
736 746 -0.541672
736 836 1.143908
737 738 -0.273773
737 747 -0.146535
737 837 0.427235
738 739 0.522611
738 748 -0.174928
738 838 -0.004572
739 730 -0.411193
739 749 -0.923523
739 839 0.178637
740 741 0.739178
740 750 -0.155822
740 840 0.933964
741 742 1.079376
741 751 -0.739374
741 841 0.393106
742 743 0.966642
742 752 -0.668866
742 842 0.755434
743 744 0.899607
743 753 1.002369
743 843 -0.228339
744 745 -0.524609
744 754 -1.337051
744 844 0.486587
745 746 -1.699814
745 755 -0.153637
745 845 0.922391
746 747 -0.336777
746 756 -1.574613
746 846 0.309385
747 748 -0.697756
747 757 0.743217
747 847 1.714990
748 749 -1.906880
748 758 1.601819
748 848 0.846087
749 740 0.811658
749 759 -1.177603
749 849 1.015191
750 751 -0.971950
750 760 1.483474
750 850 -0.210709
751 752 -3.487495
751 761 -0.550746
751 851 1.532561
752 753 -0.433346
752 762 -0.358070
752 852 0.804461
753 754 -0.107256
753 763 0.362190
753 853 -0.447614
754 755 -0.739027
754 764 1.069043
754 854 -0.181375
755 756 0.472765
755 765 2.027781
755 855 -0.794992
756 757 -0.097879
756 766 -1.121932
756 856 0.011369
757 758 1.095477
757 767 -1.284331
757 857 0.558860
758 759 -0.442146
758 768 -0.043036
758 858 2.388100
759 750 -0.218491
759 769 0.528416
759 859 -0.816541
760 761 0.291192
760 770 0.611678
760 860 0.295903
761 762 -0.648337
761 771 0.568556
761 861 -1.543363
762 763 0.295347
762 772 -2.032019
762 862 0.515722
763 764 0.839574
763 773 -0.063507
763 863 0.219704
764 765 0.508637
764 774 0.639724
764 864 0.566445
765 766 -0.769884
765 775 -1.194145
765 865 0.844960
766 767 0.574009
766 776 0.112553
766 866 0.420868
767 768 -2.164707
767 777 0.032325
767 867 -1.024423
768 769 1.209281
768 778 -1.495052
768 868 0.727603
769 760 0.481585
769 779 -0.613780
769 869 -2.045580
770 771 0.812266
770 780 -0.612866
770 870 0.260249
771 772 -1.195620
771 781 0.127461
771 871 -0.932819
772 773 -0.177600
772 782 1.199811
772 872 1.036649
773 774 -3.149209
773 783 0.320161
773 873 0.795987
774 775 -0.179798
774 784 2.646026
774 874 -1.819633
775 776 1.854923
775 785 1.040715
775 875 -0.088863
776 777 -0.016559
776 786 -0.480230
776 876 1.239193
777 778 1.464338
777 787 -1.385171
777 877 -0.715458
778 779 -0.195717
778 788 -0.212366
778 878 1.017485
779 770 -0.430890
779 789 0.234466
779 879 -0.936389
780 781 -0.748646
780 790 -0.219546
780 880 -0.731920
781 782 -0.398411
781 791 -0.248338
781 881 -1.120816
782 783 -0.835374
782 792 1.023535
782 882 0.092492
783 784 0.502677
783 793 0.882585
783 883 -0.360733
784 785 -0.537798
784 794 -0.274070
784 884 -0.532144
785 786 -0.549704
785 795 1.184981
785 885 -0.571313
786 787 1.017317
786 796 0.315524
786 886 1.779350
787 788 0.691071
787 797 0.947686
787 887 0.506906
788 789 0.819503
788 798 -0.457635
788 888 -0.159121
789 780 0.655680
789 799 -0.134449
789 889 0.762197
790 791 -1.272347
790 700 0.521417
790 890 -0.145182
791 792 0.892926
791 701 -0.451068
791 891 -0.006473
792 793 -0.280838
792 702 -1.826072
792 892 0.934738
793 794 1.096434
793 703 -0.120128
793 893 0.318230
794 795 1.770146
794 704 0.524270
794 894 -0.356666
795 796 -0.136172
795 705 1.065399
795 895 2.223223
796 797 -0.360366
796 706 0.632667
796 896 -0.019162
797 798 -0.129462
797 707 -1.813804
797 897 -0.218104
798 799 -0.902817
798 708 0.363565
798 898 0.020685
799 790 0.013282
799 709 0.423904
799 899 0.758303
800 801 1.043175
800 810 1.901520
800 900 -0.951824
801 802 0.194363
801 811 -1.888521
801 901 -0.937204
802 803 -0.978892
802 812 -0.481242
802 902 1.136855
803 804 0.391144
803 813 -0.328514
803 903 -1.287475
804 805 -0.818654
804 814 1.009136
804 904 0.316358
805 806 -1.098039
805 815 -0.745909
805 905 0.607658
806 807 -1.215287
806 816 1.029459
806 906 -1.324094
807 808 -1.399381
807 817 -0.828236
807 907 -0.494552
808 809 0.704766
808 818 -3.027768
808 908 1.996870
809 800 0.585600
809 819 -1.925274
809 909 -0.984948
810 811 1.722923
810 820 -0.051122
810 910 0.993932
811 812 -0.199411
811 821 -0.453769
811 911 0.588387
812 813 -0.192092
812 822 -0.511314
812 912 -0.808305
813 814 -0.526719
813 823 -0.453033
813 913 0.907111
814 815 -1.243917
814 824 -3.037657
814 914 0.799791
815 816 0.406321
815 825 -1.139004
815 915 0.296796
816 817 2.392465
816 826 -0.485331
816 916 0.170507
817 818 -1.731381
817 827 -0.524488
817 917 -0.580230
818 819 1.035800
818 828 0.343203
818 918 -0.577406
819 810 -0.157433
819 829 -0.260961
819 919 -0.006959
820 821 0.501086
820 830 -0.161956
820 920 0.469981
821 822 -2.424820
821 831 1.793682
821 921 -0.509870
822 823 0.594716
822 832 -0.877616
822 922 -0.235787
823 824 2.226773
823 833 0.519564
823 923 -1.062656
824 825 -0.466691
824 834 -0.615955
824 924 -0.607597
825 826 0.655127
825 835 -0.009536
825 925 0.483016
826 827 0.890767
826 836 -1.489376
826 926 0.127445
827 828 0.527544
827 837 -0.568304
827 927 -0.636359
828 829 0.061519
828 838 1.175507
828 928 -0.328812
829 820 -0.663707
829 839 0.727664
829 929 0.158895
830 831 -0.647873
830 840 -0.648124
830 930 0.391159
831 832 -0.508579
831 841 -1.914061
831 931 -0.755070
832 833 0.532503
832 842 1.612519
832 932 -0.432323
833 834 0.295411
833 843 -0.103683
833 933 -0.078808
834 835 -0.302519
834 844 0.000529
834 934 -0.010896
835 836 -0.428422
835 845 0.958506
835 935 0.597408
836 837 -1.655219
836 846 -0.794801
836 936 -0.938853
837 838 -1.518919
837 847 -0.304960
837 937 -0.189823
838 839 -0.982770
838 848 -1.835392
838 938 0.732263
839 830 0.210693
839 849 2.008353
839 939 0.263492
840 841 0.043370
840 850 0.045734
840 940 -0.828589
841 842 1.623619
841 851 -1.386679
841 941 -0.724798
842 843 -1.811635
842 852 -1.805790
842 942 0.627465
843 844 -0.838030
843 853 2.218095
843 943 0.235460
844 845 2.457899
844 854 -0.735384
844 944 0.897840
845 846 0.023021
845 855 -0.732987
845 945 2.100229
846 847 -0.586334
846 856 -0.313160
846 946 0.854818
847 848 -0.881938
847 857 0.824702
847 947 -0.465536
848 849 -3.096314
848 858 -0.667811
848 948 0.575694
849 840 0.682416
849 859 0.088297
849 949 -0.126122
850 851 0.033685
850 860 -0.400307
850 950 -0.747260
851 852 -0.440776
851 861 -0.489091
851 951 0.742139
852 853 -0.495172
852 862 0.552274
852 952 -0.806586
853 854 -1.068436
853 863 -2.146119
853 953 0.142342
854 855 1.948052
854 864 0.485060
854 954 -0.917373
855 856 1.412849
855 865 0.979297
855 955 0.582870
856 857 2.211650
856 866 -0.239027
856 956 -0.844260
857 858 0.287846
857 867 -1.202830
857 957 2.058929
858 859 -0.395358
858 868 -0.098017
858 958 -0.366062
859 850 1.248096
859 869 -1.355009
859 959 -0.290803
860 861 0.594115
860 870 0.161423
860 960 -0.547564
861 862 2.027924
861 871 -0.120993
861 961 -0.441164
862 863 -0.833248
862 872 0.916339
862 962 -0.837064
863 864 -0.444188
863 873 -0.081060
863 963 0.931082
864 865 1.106588
864 874 -0.509550
864 964 1.396584
865 866 0.574027
865 875 0.394713
865 965 0.217654
866 867 -0.005973
866 876 0.116896
866 966 -0.537398
867 868 -0.081333
867 877 -2.172901
867 967 -0.188128
868 869 1.085772
868 878 0.878257
868 968 1.439262
869 860 0.236992
869 879 0.810712
869 969 -0.501481
870 871 -1.452358
870 880 -0.608490
870 970 0.427299
871 872 0.372854
871 881 0.231968
871 971 -0.451918
872 873 -0.940510
872 882 -0.698638
872 972 -1.249721
873 874 1.482565
873 883 0.063625
873 973 1.086112
874 875 0.346726
874 884 -0.712233
874 974 -1.108658
875 876 1.201612
875 885 -1.263165
875 975 -1.826860
876 877 -0.756878
876 886 -0.375145
876 976 -0.265861
877 878 -0.169375
877 887 0.613674
877 977 1.447549
878 879 -0.258829
878 888 -0.479842
878 978 -1.229576
879 870 -0.482230
879 889 1.431323
879 979 -0.214406
880 881 0.830758
880 890 0.580904
880 980 -0.668626
881 882 0.614983
881 891 0.250294
881 981 0.500089
882 883 0.421031
882 892 -0.244418
882 982 2.323026
883 884 -0.569222
883 893 0.189845
883 983 0.507686
884 885 0.307591
884 894 0.024167
884 984 0.519489
885 886 -0.694695
885 895 -0.424819
885 985 0.005678
886 887 0.403668
886 896 -0.215197
886 986 -0.074671
887 888 -0.167406
887 897 -1.278149
887 987 -1.800644
888 889 -0.016388
888 898 -0.136262
888 988 -1.140327
889 880 -1.087523
889 899 0.396300
889 989 -1.004523
890 891 -0.849429
890 800 -0.041294
890 990 0.357162
891 892 -1.463719
891 801 -1.702640
891 991 -0.427552
892 893 0.902004
892 802 -1.448659
892 992 -0.954910
893 894 -0.777715
893 803 -0.669465
893 993 -1.082495
894 895 -0.864932
894 804 0.018905
894 994 -0.627905
895 896 -0.154614
895 805 -1.075343
895 995 0.658191
896 897 0.269086
896 806 0.368110
896 996 -3.007862
897 898 0.304673
897 807 0.343180
897 997 -1.373579
898 899 -0.174442
898 808 0.231662
898 998 1.152492
899 890 1.364896
899 809 0.688382
899 999 1.672353
900 901 0.863277
900 910 -2.700839
900 0 0.395159
901 902 1.499260
901 911 -0.226008
901 1 0.536478
902 903 -1.557084
902 912 -1.470396
902 2 -0.774685
903 904 -1.184941
903 913 -0.259945
903 3 -1.269825
904 905 -0.477165
904 914 0.000900
904 4 0.626892
905 906 1.234084
905 915 -1.943292
905 5 -0.132030
906 907 1.473966
906 916 -1.165541
906 6 1.076942
907 908 -0.029934
907 917 -1.275802
907 7 0.083767
908 909 -0.203417
908 918 -1.153915
908 8 1.356907
909 900 -1.664275
909 919 -1.251136
909 9 -0.183331
910 911 0.772164
910 920 -0.715267
910 10 0.255010
911 912 1.502583
911 921 1.077414
911 11 0.821185
912 913 1.337326
912 922 -1.066405
912 12 0.442894
913 914 0.513183
913 923 -0.441303
913 13 0.042468
914 915 0.393154
914 924 -0.251697
914 14 -1.169001
915 916 -0.051195
915 925 -0.277613
915 15 1.042759
916 917 1.905644
916 926 -1.800358
916 16 -0.128252
917 918 -0.088126
917 927 0.357916
917 17 -0.528392
918 919 0.388602
918 928 -0.171654
918 18 -1.088923
919 910 -0.824730
919 929 0.021911
919 19 -0.597542
920 921 -0.376863
920 930 -0.195751
920 20 0.610491
921 922 0.816259
921 931 1.722476
921 21 -0.042777
922 923 -0.064103
922 932 -1.423901
922 22 1.204683
923 924 -1.736867
923 933 0.120993
923 23 0.362458
924 925 -1.098695
924 934 0.868847
924 24 -0.434527
925 926 0.840322
925 935 -0.378858
925 25 -1.048943
926 927 -0.076194
926 936 1.055734
926 26 -0.174504
927 928 1.488284
927 937 -1.230963
927 27 -0.804626
928 929 -0.984206
928 938 0.796533
928 28 -1.430318
929 920 0.888744
929 939 0.159927
929 29 -0.868395
930 931 -0.217858
930 940 1.348057
930 30 -0.985479
931 932 0.760755
931 941 -0.618965
931 31 -0.009825
932 933 -2.100203
932 942 1.558262
932 32 -0.701010
933 934 0.669321
933 943 -0.178171
933 33 -0.897691
934 935 1.459494
934 944 0.359623
934 34 -0.577424
935 936 0.576160
935 945 -0.986290
935 35 0.340748
936 937 -0.287427
936 946 -1.456965
936 36 0.107739
937 938 -0.058133
937 947 -0.552346
937 37 -1.154384
938 939 0.119716
938 948 -0.833710
938 38 -0.777692
939 930 -0.454086
939 949 0.219473
939 39 1.357978
940 941 1.404638
940 950 0.736699
940 40 -0.381706
941 942 0.156264
941 951 1.686555
941 41 -0.349532
942 943 0.691413
942 952 -0.711320
942 42 0.450921
943 944 -0.394312
943 953 -0.065811
943 43 -0.157602
944 945 -1.874016
944 954 -0.148071
944 44 0.061341
945 946 0.298811
945 955 -0.481521
945 45 -1.178015
946 947 0.219548
946 956 0.116888
946 46 -1.435601
947 948 0.202006
947 957 -0.103841
947 47 -1.674394
948 949 -0.874608
948 958 -2.160641
948 48 -0.990394
949 940 -1.364138
949 959 0.322515
949 49 -1.200631
950 951 0.592597
950 960 0.664203
950 50 0.405877
951 952 0.214487
951 961 -0.531703
951 51 0.789138
952 953 -1.072827
952 962 -0.294738
952 52 0.730311
953 954 -1.155934
953 963 -1.678980
953 53 0.536632
954 955 -0.037735
954 964 -1.281791
954 54 0.798991
955 956 0.058250
955 965 0.297467
955 55 -1.979972
956 957 1.224093
956 966 0.041055
956 56 2.716263
957 958 0.175441
957 967 -0.132818
957 57 -0.570057
958 959 -1.572181
958 968 -0.081114
958 58 -0.224841
959 950 0.800733
959 969 -0.878106
959 59 0.542723
960 961 -0.827849
960 970 -0.302498
960 60 0.507147
961 962 0.021278
961 971 -0.794901
961 61 -1.148945
962 963 1.009317
962 972 0.277851
962 62 0.850886
963 964 0.519304
963 973 0.663711
963 63 -1.780395
964 965 0.574058
964 974 -0.068247
964 64 0.879430
965 966 1.032794
965 975 -1.570221
965 65 1.820512
966 967 1.621582
966 976 -0.594832
966 66 1.025320
967 968 1.578758
967 977 0.880598
967 67 1.207056
968 969 -0.575607
968 978 -0.322686
968 68 0.068655
969 960 1.135477
969 979 -0.752457
969 69 -2.281120
970 971 0.799814
970 980 -0.761505
970 70 -0.756902
971 972 1.078258
971 981 -0.219899
971 71 0.065444
972 973 1.141179
972 982 -0.309769
972 72 -0.354131
973 974 -0.257955
973 983 -0.543653
973 73 1.007345
974 975 1.494072
974 984 -1.642422
974 74 1.570505
975 976 0.016940
975 985 -0.108072
975 75 0.871422
976 977 2.175732
976 986 -0.431393
976 76 0.104169
977 978 1.102424
977 987 -0.862429
977 77 -0.933675
978 979 -0.795515
978 988 2.400979
978 78 -1.515070
979 970 0.295220
979 989 -0.699510
979 79 -0.434256
980 981 1.020838
980 990 -0.046482
980 80 -0.048016
981 982 -0.369526
981 991 0.317864
981 81 -1.209475
982 983 0.135310
982 992 -0.399397
982 82 1.749470
983 984 1.521837
983 993 -0.792915
983 83 -0.285004
984 985 -0.560475
984 994 -1.210370
984 84 0.042134
985 986 -0.185840
985 995 0.876054
985 85 0.653917
986 987 -2.123366
986 996 1.477018
986 86 0.580432
987 988 0.161496
987 997 -1.581023
987 87 -0.453678
988 989 0.872679
988 998 -0.038142
988 88 -2.049206
989 980 0.137685
989 999 0.517826
989 89 1.801018
990 991 1.307994
990 900 0.748771
990 90 0.203186
991 992 -1.578964
991 901 0.505757
991 91 -0.472946
992 993 0.579820
992 902 1.536893
992 92 0.887196
993 994 -0.019118
993 903 -0.435033
993 93 -1.270240
994 995 0.193284
994 904 1.283565
994 94 -0.192570
995 996 0.978966
995 905 -0.554731
995 95 -1.724349
996 997 0.458654
996 906 0.676176
996 96 -0.543558
997 998 -0.451282
997 907 -1.502190
997 97 -1.896032
998 999 -0.778537
998 908 -0.782652
998 98 -1.499479
999 990 0.357259
999 909 1.704638
999 99 0.243101
