0 1 -0.178756
0 10 0.264619
0 100 0.999845
1 2 -0.316764
1 11 -0.048171
1 101 -2.986683
2 3 0.225127
2 12 0.432759
2 102 0.882853
3 4 -1.304401
3 13 -0.158142
3 103 -0.515019
4 5 0.000059
4 14 2.049132
4 104 -0.047708
5 6 1.955406
5 15 0.330872
5 105 -0.368826
6 7 1.595353
6 16 -0.765466
6 106 0.215512
7 8 -0.095266
7 17 0.574809
7 107 2.015657
8 9 0.042914
8 18 0.633975
8 108 1.161356
9 0 0.192043
9 19 -1.454912
9 109 -1.319032
10 11 0.539143
10 20 -0.813610
10 110 3.310900
11 12 0.044324
11 21 -1.339806
11 111 0.448673
12 13 -1.026396
12 22 -0.738637
12 112 0.084119
13 14 -0.012875
13 23 -0.757781
13 113 -0.966491
14 15 0.534635
14 24 0.184633
14 114 -0.234685
15 16 1.733442
15 25 -0.371951
15 115 -0.338113
16 17 -2.346919
16 26 -1.891915
16 116 0.730280
17 18 -0.575152
17 27 0.340241
17 117 -0.156746
18 19 1.800108
18 28 -1.178641
18 118 0.465843
19 10 1.875701
19 29 -0.716304
19 119 0.283205
20 21 -0.297189
20 30 -0.451915
20 120 0.488150
21 22 2.545533
21 31 -0.324578
21 121 -0.815147
22 23 -1.799577
22 32 1.361297
22 122 0.573514
23 24 -0.365866
23 33 0.318970
23 123 -0.100420
24 25 -0.808441
24 34 -0.115574
24 124 0.982544
25 26 1.145614
25 35 0.939125
25 125 -0.117626
26 27 0.584696
26 36 -0.456371
26 126 1.209937
27 28 0.760439
27 37 1.685179
27 127 -0.410081
28 29 -0.183768
28 38 1.787441
28 128 -1.603691
29 20 0.364008
29 39 -0.408440
29 129 -1.391443
30 31 0.866081
30 40 0.560097
30 130 -1.072406
31 32 -1.997106
31 41 1.000303
31 131 -1.626524
32 33 -0.610177
32 42 -0.522122
32 132 0.142841
33 34 -0.354836
33 43 -0.992226
33 133 0.307001
34 35 2.199286
34 44 1.288349
34 134 -1.985807
35 36 -0.446183
35 45 0.179852
35 135 0.700317
36 37 0.728914
36 46 -2.954684
36 136 1.569832
37 38 0.496436
37 47 -1.432092
37 137 0.279690
38 39 0.709763
38 48 -1.726706
38 138 1.378841
39 30 1.104902
39 49 0.084738
39 139 0.560995
40 41 -0.539589
40 50 -0.430255
40 140 -1.633363
41 42 0.714545
41 51 1.855226
41 141 -1.791928
42 43 0.624985
42 52 0.832492
42 142 -0.006076
43 44 0.567176
43 53 -0.466192
43 143 1.094904
44 45 0.268970
44 54 0.566581
44 144 0.076703
45 46 -0.887957
45 55 -1.464315
45 145 -0.018915
46 47 -0.723872
46 56 0.987704
46 146 0.428042
47 48 2.099118
47 57 1.721490
47 147 -0.097754
48 49 0.090839
48 58 -0.645310
48 148 -0.044582
49 40 1.645475
49 59 -1.650119
49 149 -0.033829
50 51 0.688929
50 60 -0.723255
50 150 -1.234422
51 52 0.551371
51 61 0.260496
51 151 -0.031807
52 53 -0.502046
52 62 0.525913
52 152 -0.030804
53 54 -1.167332
53 63 0.545646
53 153 0.609996
54 55 0.165451
54 64 -0.651360
54 154 0.096319
55 56 -0.654531
55 65 -0.952844
55 155 -1.245064
56 57 -1.588764
56 66 0.053321
56 156 0.406222
57 58 -0.729894
57 67 -1.239478
57 157 0.631536
58 59 -0.988776
58 68 0.966499
58 158 0.725223
59 50 1.621055
59 69 0.895951
59 159 0.283166
60 61 0.674920
60 70 0.383773
60 160 0.099749
61 62 -1.420783
61 71 -1.288295
61 161 1.123649
62 63 -0.603542
62 72 -1.034426
62 162 1.824715
63 64 -0.392413
63 73 0.540878
63 163 0.904654
64 65 -0.448737
64 74 0.468328
64 164 0.196082
65 66 -0.319849
65 75 0.210829
65 165 -0.690561
66 67 1.591114
66 76 -0.572746
66 166 0.818265
67 68 -0.874265
67 77 -0.317564
67 167 -0.387603
68 69 -1.106332
68 78 -0.406152
68 168 0.983335
69 60 -0.539960
69 79 0.317213
69 169 -0.630591
70 71 -0.073868
70 80 0.126609
70 170 0.275423
71 72 1.026685
71 81 -0.057410
71 171 0.212457
72 73 -0.221212
72 82 -1.387286
72 172 2.154439
73 74 0.181306
73 83 -0.083444
73 173 0.047021
74 75 -0.319763
74 84 0.730406
74 174 0.497600
75 76 0.140836
75 85 0.799865
75 175 -1.109766
76 77 1.317027
76 86 -2.887880
76 176 0.236419
77 78 0.326898
77 87 -1.126046
77 177 -0.284161
78 79 2.482247
78 88 -1.523721
78 178 0.827018
79 70 -0.729711
79 89 0.369318
79 179 0.404249
80 81 0.008625
80 90 0.097489
80 180 0.352158
81 82 -0.338327
81 91 1.234588
81 181 0.661545
82 83 -0.822431
82 92 -0.922731
82 182 0.372097
83 84 0.869375
83 93 1.264833
83 183 1.124223
84 85 0.302077
84 94 0.420123
84 184 -0.735217
85 86 1.062461
85 95 1.252077
85 185 0.075864
86 87 -1.662855
86 96 1.962157
86 186 -1.987298
87 88 0.595313
87 97 0.538626
87 187 -0.198413
88 89 1.439941
88 98 -1.198242
88 188 0.014172
89 80 0.407542
89 99 0.208216
89 189 -0.337290
90 91 0.239107
90 0 -1.517405
90 190 -0.143449
91 92 -0.540550
91 1 -0.402536
91 191 -0.042013
92 93 1.171113
92 2 -1.534304
92 192 -0.154634
93 94 1.132516
93 3 0.534239
93 193 0.124558
94 95 -1.450816
94 4 -0.570562
94 194 0.139546
95 96 0.552659
95 5 -0.740470
95 195 -1.462807
96 97 1.774355
96 6 -1.086134
96 196 0.416505
97 98 0.355718
97 7 -1.200396
97 197 -0.965379
98 99 0.718130
98 8 0.738756
98 198 0.244394
99 90 -0.095734
99 9 0.098251
99 199 -1.636731
100 101 -0.251129
100 110 0.063264
100 200 -0.768421
101 102 -1.438726
101 111 1.300735
101 201 0.383290
102 103 -0.966816
102 112 -1.653722
102 202 0.002691
103 104 -0.653970
103 113 0.440367
103 203 -1.002080
104 105 0.623283
104 114 1.154707
104 204 0.430471
105 106 0.392698
105 115 -0.759364
105 205 -0.993160
106 107 1.990895
106 116 -0.418533
106 206 0.407442
107 108 -0.888339
107 117 0.966246
107 207 0.197451
108 109 -0.788623
108 118 -0.468820
108 208 -0.952038
109 100 -0.099770
109 119 0.169551
109 209 0.495817
110 111 0.157924
110 120 0.245255
110 210 0.814511
111 112 -1.249441
111 121 1.711354
111 211 0.024475
112 113 -1.134145
112 122 -1.373263
112 212 0.938572
113 114 -1.393599
113 123 -0.953591
113 213 -0.158351
114 115 -0.600407
114 124 -0.015883
114 214 1.436511
115 116 1.677775
115 125 0.169513
115 215 1.100933
116 117 0.284281
116 126 1.156691
116 216 0.823871
117 118 -0.929609
117 127 -0.079077
117 217 0.734114
118 119 -0.628474
118 128 -0.040470
118 218 -0.580101
119 110 1.042691
119 129 0.611413
119 219 -0.651804
120 121 0.825516
120 130 -1.163494
120 220 0.803491
121 122 -0.470702
121 131 0.318156
121 221 -1.333848
122 123 0.663072
122 132 -0.548999
122 222 0.480165
123 124 -1.238084
123 133 0.144300
123 223 0.998382
124 125 -0.092278
124 134 0.887490
124 224 -0.015964
125 126 -1.150620
125 135 1.073549
125 225 0.252101
126 127 -0.942002
126 136 0.557548
126 226 -0.360015
127 128 0.888477
127 137 0.542448
127 227 0.891544
128 129 -1.703755
128 138 0.794416
128 228 -0.273912
129 120 0.751397
129 139 0.527570
129 229 -0.486860
130 131 0.320527
130 140 -0.698343
130 230 0.253949
131 132 -1.507612
131 141 1.466629
131 231 1.441836
132 133 -0.649620
132 142 0.914515
132 232 -1.965065
133 134 -1.153097
133 143 0.187607
133 233 -0.790946
134 135 0.745370
134 144 1.635055
134 234 1.383692
135 136 -1.340879
135 145 1.639407
135 235 0.298398
136 137 0.327261
136 146 1.062117
136 236 0.508459
137 138 1.991974
137 147 -0.659507
137 237 0.099985
138 139 -0.099045
138 148 -0.901308
138 238 -1.253993
139 130 0.504396
139 149 0.097544
139 239 0.813886
140 141 -1.713679
140 150 -0.659197
140 240 0.791192
141 142 -0.681555
141 151 -1.668478
141 241 -1.413473
142 143 0.476899
142 152 1.513531
142 242 0.362394
143 144 0.485174
143 153 -0.626622
143 243 0.961190
144 145 0.931747
144 154 0.175763
144 244 -0.981469
145 146 -1.441941
145 155 1.437786
145 245 -0.315287
146 147 -0.115499
146 156 -0.416072
146 246 -0.330350
147 148 2.014894
147 157 0.009595
147 247 -0.811610
148 149 -0.716923
148 158 0.845107
148 248 -0.397046
149 140 -0.598446
149 159 -0.728654
149 249 0.080511
150 151 -0.954759
150 160 -1.932937
150 250 1.549741
151 152 1.452179
151 161 -0.294542
151 251 -1.058924
152 153 -1.464769
152 162 -0.569240
152 252 -0.972604
153 154 -0.168142
153 163 -0.492648
153 253 -0.681842
154 155 -1.805014
154 164 -2.216964
154 254 0.816678
155 156 0.532159
155 165 -0.007559
155 255 -0.110972
156 157 -1.363989
156 166 -0.002416
156 256 0.001548
157 158 -1.442133
157 167 -0.020345
157 257 0.692353
158 159 -0.286244
158 168 0.293751
158 258 -0.114435
159 150 0.914637
159 169 1.356314
159 259 2.320994
160 161 -0.822199
160 170 1.581459
160 260 0.018971
161 162 -0.760363
161 171 0.428849
161 261 -0.181728
162 163 0.320886
162 172 1.069842
162 262 -1.262218
163 164 -1.552188
163 173 -0.458709
163 263 0.585477
164 165 1.746484
164 174 0.562564
164 264 0.776643
165 166 -0.231694
165 175 0.678331
165 265 1.027081
166 167 -1.099681
166 176 0.002395
166 266 -1.079860
167 168 0.338954
167 177 -0.219761
167 267 -0.650297
168 169 0.733963
168 178 0.904385
168 268 0.459590
169 160 -0.229233
169 179 0.927183
169 269 -0.525921
170 171 -1.388500
170 180 -0.717950
170 270 0.800775
171 172 0.650601
171 181 1.496037
171 271 0.386767
172 173 -1.243025
172 182 0.859395
172 272 0.526737
173 174 0.737111
173 183 0.620078
173 273 -0.273032
174 175 0.972412
174 184 0.409127
174 274 1.173592
175 176 0.500205
175 185 -1.211910
175 275 -1.418280
176 177 -0.059794
176 186 -1.746173
176 276 0.097547
177 178 0.567146
177 187 -1.552182
177 277 0.472512
178 179 0.499428
178 188 0.699805
178 278 -0.198681
179 170 -0.679912
179 189 -0.228532
179 279 -0.107133
180 181 0.032934
180 190 -0.617448
180 280 0.944612
181 182 0.441217
181 191 -0.114383
181 281 0.948149
182 183 0.387051
182 192 0.177723
182 282 0.714022
183 184 1.448327
183 193 -0.679311
183 283 0.443358
184 185 -1.864204
184 194 -0.019541
184 284 1.487433
185 186 0.520839
185 195 1.552176
185 285 -0.984753
186 187 -2.342309
186 196 -0.703902
186 286 1.779642
187 188 1.179261
187 197 -1.177482
187 287 -0.881828
188 189 -1.414378
188 198 -0.789412
188 288 1.482087
189 180 2.213150
189 199 -0.472644
189 289 -0.294833
190 191 -1.529627
190 100 -2.117091
190 290 -1.441855
191 192 -0.086139
191 101 0.329665
191 291 -0.259602
192 193 -0.280759
192 102 0.070666
192 292 -0.072567
193 194 -0.797920
193 103 0.759944
193 293 -0.958079
194 195 -0.304508
194 104 0.070738
194 294 1.986002
195 196 -0.322503
195 105 0.311516
195 295 0.552355
196 197 -1.599108
196 106 -0.018887
196 296 -0.773879
197 198 -0.684010
197 107 -0.220343
197 297 0.522922
198 199 0.258202
198 108 1.116027
198 298 0.608539
199 190 0.658104
199 109 -0.793112
199 299 1.140140
200 201 0.350615
200 210 -1.179643
200 300 -1.786422
201 202 0.835630
201 211 -1.320535
201 301 -0.731661
202 203 -1.609453
202 212 1.737002
202 302 -1.311673
203 204 2.118738
203 213 -0.146056
203 303 -1.761077
204 205 0.193176
204 214 -1.200725
204 304 -0.740515
205 206 2.336121
205 215 0.226279
205 305 -0.595472
206 207 0.942493
206 216 -0.597724
206 306 -0.612374
207 208 -0.132955
207 217 0.636495
207 307 1.162127
208 209 -0.319727
208 218 -0.094012
208 308 0.184239
209 200 -0.193656
209 219 2.593252
209 309 -0.526446
210 211 -1.178168
210 220 0.515256
210 310 0.411346
211 212 -0.428530
211 221 -0.140820
211 311 0.350901
212 213 0.734068
212 222 0.807069
212 312 -0.065144
213 214 -0.454149
213 223 -0.446403
213 313 -0.624482
214 215 0.746131
214 224 -2.159405
214 314 -1.596730
215 216 0.745501
215 225 -1.156094
215 315 0.422281
216 217 0.763629
216 226 -0.659810
216 316 0.221463
217 218 2.850925
217 227 1.502353
217 317 1.390766
218 219 1.175991
218 228 0.094553
218 318 -0.346500
219 210 -0.138438
219 229 1.129998
219 319 1.606046
220 221 -0.431677
220 230 -0.861574
220 320 0.522448
221 222 1.163262
221 231 -2.187456
221 321 -1.382371
222 223 0.171098
222 232 -1.447273
222 322 0.171759
223 224 0.769351
223 233 0.954776
223 323 -0.911749
224 225 0.496351
224 234 -1.343884
224 324 -0.289808
225 226 3.123387
225 235 0.368771
225 325 0.648154
226 227 0.880952
226 236 -0.180079
226 326 0.124776
227 228 -0.412392
227 237 -0.537254
227 327 0.827427
228 229 -0.993238
228 238 -2.386542
228 328 0.019054
229 220 1.684199
229 239 -0.446819
229 329 0.221667
230 231 0.103834
230 240 1.052556
230 330 -0.126795
231 232 -0.719748
231 241 -0.461674
231 331 -0.708282
232 233 1.200684
232 242 0.183590
232 332 -0.335842
233 234 -0.218092
233 243 -0.332134
233 333 -0.112807
234 235 -1.027381
234 244 -1.201251
234 334 -1.654022
235 236 0.053542
235 245 -0.482646
235 335 0.384730
236 237 -0.971959
236 246 0.637506
236 336 -1.435527
237 238 -0.352137
237 247 0.159867
237 337 0.083519
238 239 -0.348624
238 248 0.709921
238 338 -0.091537
239 230 -0.293201
239 249 0.278588
239 339 0.043985
240 241 1.155382
240 250 -0.127544
240 340 -0.348355
241 242 0.253135
241 251 0.736588
241 341 0.565510
242 243 1.115301
242 252 -0.824311
242 342 -1.200512
243 244 1.024713
243 253 2.102056
243 343 0.196705
244 245 1.704032
244 254 -1.642122
244 344 0.099186
245 246 0.860876
245 255 -1.085649
245 345 -0.510948
246 247 -0.649614
246 256 0.009687
246 346 -0.145571
247 248 -0.117859
247 257 -0.335865
247 347 -0.944458
248 249 2.271183
248 258 1.350313
248 348 0.051754
249 240 0.352261
249 259 0.579644
249 349 -0.209969
250 251 -0.620028
250 260 -0.142453
250 350 1.125881
251 252 0.133532
251 261 -0.221743
251 351 -0.633189
252 253 -0.646712
252 262 -0.816754
252 352 -1.309135
253 254 0.131273
253 263 -0.662470
253 353 -0.325494
254 255 -0.227461
254 264 0.631697
254 354 0.259647
255 256 -0.280046
255 265 -0.209175
255 355 -0.533852
256 257 0.056686
256 266 1.025429
256 356 -2.247625
257 258 -0.167187
257 267 0.047591
257 357 -0.602189
258 259 0.949731
258 268 0.010196
258 358 -1.445134
259 250 -0.174384
259 269 -1.799730
259 359 -0.864541
260 261 -1.161161
260 270 -0.666179
260 360 0.374408
261 262 -0.720434
261 271 -0.283144
261 361 0.177396
262 263 0.773089
262 272 -0.420369
262 362 0.291042
263 264 -0.756978
263 273 -0.084712
263 363 -0.694327
264 265 0.629858
264 274 -0.178558
264 364 0.377351
265 266 -1.753967
265 275 -0.754915
265 365 -2.602093
266 267 -0.518010
266 276 0.458628
266 366 0.641553
267 268 -0.432215
267 277 -1.246807
267 367 -1.118054
268 269 -0.092092
268 278 -1.018510
268 368 0.830808
269 260 0.143215
269 279 0.821195
269 369 0.317810
270 271 -1.858633
270 280 -0.667803
270 370 -0.890003
271 272 0.953168
271 281 -0.246362
271 371 1.034913
272 273 0.487313
272 282 -0.368944
272 372 -1.016228
273 274 1.033260
273 283 -0.632316
273 373 0.485702
274 275 -1.385000
274 284 -1.646464
274 374 2.583320
275 276 -0.868413
275 285 -0.195745
275 375 -0.684683
276 277 -1.148283
276 286 0.653513
276 376 0.281350
277 278 -0.741150
277 287 0.628642
277 377 -2.105066
278 279 -0.249356
278 288 2.642426
278 378 1.373424
279 270 0.885004
279 289 0.136560
279 379 0.376998
280 281 -0.394280
280 290 0.008433
280 380 1.970680
281 282 -0.392945
281 291 -1.774591
281 381 -0.129772
282 283 -0.785525
282 292 -0.221131
282 382 -1.887498
283 284 -0.352751
283 293 0.151359
283 383 -0.038068
284 285 0.467109
284 294 1.815554
284 384 -2.607372
285 286 0.537035
285 295 -0.020279
285 385 -0.437381
286 287 -0.085612
286 296 0.104008
286 386 1.058016
287 288 0.107527
287 297 1.429671
287 387 1.579478
288 289 0.294123
288 298 -1.057600
288 388 -0.684599
289 280 1.455312
289 299 -0.116841
289 389 -1.124518
290 291 -0.672854
290 200 1.570394
290 390 -1.059824
291 292 0.424809
291 201 -0.626987
291 391 0.661018
292 293 -1.021293
292 202 -0.497910
292 392 0.486520
293 294 -1.034901
293 203 0.562919
293 393 -0.405634
294 295 1.586902
294 204 0.880148
294 394 -1.008384
295 296 0.351665
295 205 -0.259763
295 395 -0.803517
296 297 0.202402
296 206 0.579757
296 396 1.976241
297 298 0.799915
297 207 1.378746
297 397 3.627683
298 299 -0.860170
298 208 -0.244490
298 398 0.659365
299 290 -1.321240
299 209 0.895894
299 399 -0.290702
300 301 1.143298
300 310 -0.245963
300 400 0.372644
301 302 -2.000650
301 311 -1.182113
301 401 -0.720795
302 303 0.728403
302 312 0.431314
302 402 -0.588520
303 304 -0.544575
303 313 -0.516154
303 403 -0.979289
304 305 2.825885
304 314 -0.428911
304 404 -0.649573
305 306 -0.921809
305 315 0.756549
305 405 0.675982
306 307 1.579839
306 316 -2.063466
306 406 0.838638
307 308 -0.500986
307 317 1.316978
307 407 0.462850
308 309 0.909742
308 318 -0.352904
308 408 0.581496
309 300 0.364227
309 319 1.330451
309 409 -1.032017
310 311 -0.312199
310 320 -0.672899
310 410 -0.174142
311 312 -0.422849
311 321 1.181089
311 411 0.480004
312 313 1.024810
312 322 -0.186058
312 412 -0.871721
313 314 -1.938455
313 323 1.928893
313 413 1.302752
314 315 1.554630
314 324 1.294393
314 414 -0.386443
315 316 0.282427
315 325 0.653449
315 415 0.067828
316 317 -1.042797
316 326 -2.149053
316 416 1.224529
317 318 0.216856
317 327 -0.155871
317 417 1.905014
318 319 1.162587
318 328 1.165292
318 418 -0.630763
319 310 -0.311327
319 329 -0.661037
319 419 0.869443
320 321 -0.735503
320 330 -0.229658
320 420 -1.149746
321 322 -1.280789
321 331 -0.617667
321 421 -0.198718
322 323 0.029733
322 332 1.234809
322 422 -1.128705
323 324 -0.329521
323 333 -0.117554
323 423 -1.489044
324 325 -2.032732
324 334 -1.331831
324 424 -0.188036
325 326 -1.203747
325 335 -1.061344
325 425 -0.141962
326 327 -0.940053
326 336 -1.906417
326 426 0.524605
327 328 0.624693
327 337 0.197217
327 427 -0.012771
328 329 0.460662
328 338 0.175693
328 428 -2.063708
329 320 -1.648074
329 339 0.548732
329 429 0.903149
330 331 1.220611
330 340 -0.213195
330 430 -1.216397
331 332 0.383802
331 341 1.468896
331 431 -0.174449
332 333 -0.801558
332 342 0.106671
332 432 -0.955113
333 334 -0.102176
333 343 0.220583
333 433 1.727757
334 335 -0.777703
334 344 0.753319
334 434 1.994080
335 336 -0.248738
335 345 0.700248
335 435 -0.034801
336 337 0.638936
336 346 -0.925350
336 436 -0.350518
337 338 -0.586063
337 347 -0.013875
337 437 0.904232
338 339 0.801976
338 348 0.920110
338 438 -1.303728
339 330 0.678968
339 349 -0.851744
339 439 0.646425
340 341 -0.001260
340 350 1.783745
340 440 0.461930
341 342 -1.514751
341 351 0.324902
341 441 0.821234
342 343 -0.810506
342 352 -1.692148
342 442 0.317466
343 344 -1.573696
343 353 -0.240943
343 443 0.657813
344 345 -0.306519
344 354 0.704821
344 444 0.969681
345 346 -3.059446
345 355 1.007584
345 445 0.751852
346 347 2.930574
346 356 -0.665497
346 446 0.740003
347 348 -1.614160
347 357 -1.014798
347 447 -0.081784
348 349 -1.109853
348 358 -0.158989
348 448 -3.081446
349 340 -0.853408
349 359 0.023374
349 449 0.350931
350 351 0.062183
350 360 -2.015082
350 450 0.125937
351 352 -0.439099
351 361 0.134911
351 451 0.370463
352 353 -0.430545
352 362 1.141170
352 452 -1.312068
353 354 0.208516
353 363 -0.620784
353 453 -0.144195
354 355 -0.701829
354 364 -0.092650
354 454 0.973053
355 356 -0.529765
355 365 1.214231
355 455 0.068630
356 357 0.177828
356 366 -1.854702
356 456 -0.201163
357 358 -2.168700
357 367 0.414045
357 457 0.079560
358 359 -0.540842
358 368 -0.540592
358 458 -1.375785
359 350 1.095144
359 369 1.239015
359 459 -0.335463
360 361 -0.642340
360 370 -1.242927
360 460 0.313072
361 362 -0.965461
361 371 -1.330477
361 461 0.313283
362 363 -0.285241
362 372 -0.194042
362 462 0.536459
363 364 -0.248073
363 373 -0.769214
363 463 -0.448387
364 365 -0.314478
364 374 -0.767481
364 464 0.912110
365 366 0.673056
365 375 -0.741328
365 465 0.165804
366 367 0.626366
366 376 -1.536817
366 466 1.904601
367 368 -1.049844
367 377 1.082551
367 467 -1.579354
368 369 0.048891
368 378 0.400743
368 468 -1.089427
369 360 -0.350845
369 379 -0.858267
369 469 0.462730
370 371 0.571006
370 380 -0.833562
370 470 0.836533
371 372 -1.390062
371 381 -0.129558
371 471 -1.177679
372 373 0.146067
372 382 -0.703852
372 472 0.221201
373 374 -0.899236
373 383 -0.539785
373 473 -0.535559
374 375 0.616883
374 384 1.069704
374 474 -0.536333
375 376 0.782587
375 385 -1.692369
375 475 1.053695
376 377 0.585049
376 386 1.374905
376 476 -0.786183
377 378 0.821897
377 387 -1.079091
377 477 -0.096726
378 379 0.062954
378 388 1.324350
378 478 1.361695
379 370 -0.787215
379 389 -0.422743
379 479 -1.367086
380 381 1.078924
380 390 1.291701
380 480 -0.322946
381 382 1.262529
381 391 -1.442992
381 481 0.505298
382 383 0.433423
382 392 0.111741
382 482 -0.628924
383 384 0.698912
383 393 -0.194347
383 483 -0.911337
384 385 1.585119
384 394 0.074018
384 484 -0.623121
385 386 -1.751392
385 395 -0.058030
385 485 -1.548981
386 387 1.123585
386 396 0.482903
386 486 -0.725102
387 388 0.317188
387 397 0.641494
387 487 -1.039367
388 389 1.051029
388 398 -1.528679
388 488 -0.140168
389 380 -1.384448
389 399 -0.479123
389 489 1.174398
390 391 -0.265598
390 300 -0.528687
390 490 1.562523
391 392 1.303579
391 301 1.174834
391 491 -1.455237
392 393 0.505059
392 302 0.536233
392 492 0.488351
393 394 -0.454755
393 303 2.092821
393 493 -0.511188
394 395 -0.092911
394 304 -0.146538
394 494 -1.154892
395 396 -0.347142
395 305 -0.890259
395 495 -1.336272
396 397 -0.240502
396 306 -0.494805
396 496 -0.428800
397 398 -0.740400
397 307 -1.307954
397 497 -1.651361
398 399 -0.640942
398 308 0.207004
398 498 -1.457586
399 390 -2.031014
399 309 0.598119
399 499 -1.243478
400 401 1.111246
400 410 0.150843
400 500 -1.038367
401 402 0.682115
401 411 0.834269
401 501 -1.147618
402 403 -0.770920
402 412 -0.773449
402 502 0.740015
403 404 -0.740332
403 413 0.348629
403 503 -0.407877
404 405 -1.087469
404 414 1.450439
404 504 -0.869916
405 406 -0.439591
405 415 -0.334212
405 505 0.536534
406 407 -1.868471
406 416 -1.094144
406 506 -0.120629
407 408 0.324024
407 417 -0.568399
407 507 0.363687
408 409 -0.913657
408 418 0.676485
408 508 -0.012874
409 400 -0.450309
409 419 2.462624
409 509 -0.083075
410 411 0.154561
410 420 0.695594
410 510 -1.057929
411 412 -0.389614
411 421 -0.477375
411 511 -0.185136
412 413 -1.416709
412 422 0.556027
412 512 0.193873
413 414 -0.302000
413 423 -0.214429
413 513 0.497211
414 415 -1.342541
414 424 0.102709
414 514 1.076889
415 416 -0.190699
415 425 -0.240157
415 515 -0.509101
416 417 -1.192406
416 426 -0.339664
416 516 -0.449145
417 418 1.646170
417 427 -0.148478
417 517 0.188095
418 419 -0.040383
418 428 0.190640
418 518 0.118293
419 410 0.864161
419 429 -0.567232
419 519 0.846415
420 421 1.435961
420 430 0.062498
420 520 0.473155
421 422 -0.404245
421 431 1.010167
421 521 -0.864581
422 423 -0.262133
422 432 -0.196480
422 522 0.591456
423 424 -0.138737
423 433 -1.164974
423 523 -0.439438
424 425 -0.345003
424 434 -1.506066
424 524 -0.327637
425 426 0.767888
425 435 -0.187400
425 525 -1.436808
426 427 -1.311899
426 436 1.455673
426 526 1.840146
427 428 0.837044
427 437 -0.020142
427 527 0.564575
428 429 -0.414646
428 438 -1.115143
428 528 -0.410440
429 420 1.161706
429 439 -1.129980
429 529 0.001679
430 431 -0.341134
430 440 -0.215134
430 530 -0.141227
431 432 0.539229
431 441 -0.187985
431 531 -1.743336
432 433 0.062701
432 442 0.335996
432 532 -0.635830
433 434 -0.190916
433 443 0.215843
433 533 -1.041489
434 435 0.587737
434 444 -0.379086
434 534 -0.082392
435 436 -0.701838
435 445 0.292060
435 535 0.442899
436 437 0.209455
436 446 0.068096
436 536 1.608038
437 438 -1.121179
437 447 -2.245221
437 537 -0.407279
438 439 -0.372563
438 448 0.217618
438 538 -0.588167
439 430 -0.607215
439 449 -0.017216
439 539 -0.398759
440 441 1.440134
440 450 0.529372
440 540 0.392221
441 442 -0.002056
441 451 -0.829707
441 541 1.459180
442 443 -0.445093
442 452 -0.112987
442 542 0.226664
443 444 0.206004
443 453 -0.191693
443 543 -0.997525
444 445 -0.056287
444 454 -0.526158
444 544 0.707453
445 446 -0.211656
445 455 0.909776
445 545 2.334515
446 447 0.138721
446 456 -0.479251
446 546 -0.290525
447 448 0.615612
447 457 0.347603
447 547 0.258443
448 449 -1.617605
448 458 0.116483
448 548 0.959901
449 440 -0.254784
449 459 -0.799412
449 549 1.624154
450 451 -1.144986
450 460 -0.189090
450 550 0.122298
451 452 -0.017796
451 461 0.162428
451 551 -0.035140
452 453 -0.642294
452 462 0.230081
452 552 -0.068370
453 454 -0.051264
453 463 0.057244
453 553 0.573284
454 455 -0.815759
454 464 -0.323287
454 554 -1.366169
455 456 -0.140136
455 465 -0.477575
455 555 1.289678
456 457 0.577281
456 466 -0.931130
456 556 -0.486741
457 458 -0.527986
457 467 0.468020
457 557 0.742184
458 459 0.128114
458 468 0.081859
458 558 -1.137590
459 450 -0.135300
459 469 0.264026
459 559 -1.266700
460 461 -0.169942
460 470 0.870767
460 560 -0.448539
461 462 -0.634364
461 471 -0.745863
461 561 1.068564
462 463 0.738880
462 472 -0.715708
462 562 -0.886551
463 464 1.421609
463 473 1.454907
463 563 -1.442904
464 465 -0.250759
464 474 -0.958021
464 564 -0.447483
465 466 -0.327569
465 475 0.204977
465 565 -0.482713
466 467 0.166540
466 476 0.596371
466 566 -0.786948
467 468 -0.225560
467 477 0.733132
467 567 -0.555362
468 469 -0.865393
468 478 -1.455716
468 568 0.862982
469 460 -0.384736
469 479 1.409803
469 569 0.238643
470 471 0.344639
470 480 -0.499156
470 570 -1.429985
471 472 -0.382108
471 481 1.847877
471 571 0.328870
472 473 1.291222
472 482 0.894869
472 572 -1.744350
473 474 -1.722944
473 483 -1.728187
473 573 -0.325315
474 475 1.173107
474 484 0.132914
474 574 -0.439339
475 476 0.023626
475 485 0.097062
475 575 -0.905327
476 477 1.130535
476 486 -1.114188
476 576 0.194775
477 478 -0.511130
477 487 -1.521050
477 577 -0.533522
478 479 0.813689
478 488 0.625257
478 578 0.257725
479 470 0.335409
479 489 -0.535485
479 579 -0.048187
480 481 -1.295163
480 490 1.407948
480 580 0.584081
481 482 0.064982
481 491 -1.187640
481 581 0.047508
482 483 0.974456
482 492 0.553782
482 582 2.036959
483 484 -0.368861
483 493 -0.182565
483 583 0.829322
484 485 0.735150
484 494 0.975104
484 584 -0.019739
485 486 0.896596
485 495 -1.456068
485 585 -1.547157
486 487 1.080033
486 496 0.598697
486 586 -1.234933
487 488 0.641857
487 497 -0.138303
487 587 0.942015
488 489 0.208586
488 498 0.213403
488 588 0.161992
489 480 -0.288441
489 499 0.241013
489 589 2.171299
490 491 -1.483067
490 400 0.759135
490 590 -1.667116
491 492 -0.125643
491 401 -0.270602
491 591 -1.292350
492 493 0.189097
492 402 -1.681649
492 592 -1.924220
493 494 -1.435111
493 403 -1.413815
493 593 1.368683
494 495 0.367677
494 404 -0.797393
494 594 0.968975
495 496 -0.240281
495 405 0.220762
495 595 0.845974
496 497 -2.472339
496 406 -1.366487
496 596 -0.278581
497 498 -0.940220
497 407 -0.112313
497 597 -0.176580
498 499 0.367855
498 408 1.436383
498 598 2.373635
499 490 -0.603422
499 409 1.932706
499 599 -0.791256
500 501 -1.115758
500 510 -0.352623
500 600 -0.517587
501 502 -2.046795
501 511 1.305855
501 601 -1.082115
502 503 -0.942302
502 512 -1.919887
502 602 1.621519
503 504 -0.480499
503 513 -0.606383
503 603 1.422169
504 505 1.035493
504 514 2.024414
504 604 1.176176
505 506 2.089841
505 515 -0.409750
505 605 2.262962
506 507 0.834391
506 516 0.972725
506 606 -1.592315
507 508 1.223210
507 517 -0.503727
507 607 -0.958759
508 509 0.436440
508 518 -0.995236
508 608 -0.664112
509 500 0.891843
509 519 1.307753
509 609 1.097108
510 511 0.027337
510 520 -0.099458
510 610 -0.358405
511 512 -0.974777
511 521 -0.108604
511 611 0.898925
512 513 0.382108
512 522 -0.547703
512 612 0.939472
513 514 0.548098
513 523 1.021572
513 613 1.331581
514 515 0.742004
514 524 -0.976355
514 614 1.271275
515 516 0.863686
515 525 0.276639
515 615 -0.046112
516 517 -2.516177
516 526 0.657383
516 616 -0.222784
517 518 1.091546
517 527 -0.981909
517 617 0.739391
518 519 -1.617598
518 528 0.208742
518 618 -1.858234
519 510 -0.236158
519 529 0.636280
519 619 3.098158
520 521 0.374491
520 530 -1.786765
520 620 -0.446088
521 522 -0.272160
521 531 -0.151258
521 621 1.390517
522 523 -0.422920
522 532 -0.827602
522 622 0.980266
523 524 0.805622
523 533 -0.183402
523 623 -1.778320
524 525 0.165347
524 534 0.188051
524 624 -0.732323
525 526 1.162471
525 535 1.198812
525 625 -1.225431
526 527 -1.730037
526 536 -0.391029
526 626 -0.433675
527 528 -0.299065
527 537 1.115934
527 627 0.399901
528 529 0.822464
528 538 0.753690
528 628 2.180904
529 520 1.897824
529 539 1.170914
529 629 -0.484113
530 531 1.438935
530 540 -0.369172
530 630 0.591070
531 532 1.813709
531 541 -0.248720
531 631 0.734380
532 533 -0.685895
532 542 -0.428603
532 632 0.373468
533 534 -0.492061
533 543 -1.721999
533 633 -0.073749
534 535 0.221825
534 544 0.132200
534 634 -0.539906
535 536 1.921338
535 545 -0.301736
535 635 0.778237
536 537 1.026250
536 546 -1.328764
536 636 0.908419
537 538 1.373768
537 547 -1.611157
537 637 0.667905
538 539 1.165128
538 548 -0.419215
538 638 -0.743237
539 530 -0.893495
539 549 -0.880734
539 639 0.066047
540 541 0.064362
540 550 0.849049
540 640 0.974351
541 542 -0.338618
541 551 1.454422
541 641 -0.270696
542 543 -1.231214
542 552 -0.224098
542 642 1.771302
543 544 0.540645
543 553 -1.851371
543 643 -1.965939
544 545 0.103287
544 554 0.480282
544 644 0.680253
545 546 2.245930
545 555 0.978167
545 645 0.047527
546 547 -1.107032
546 556 -0.131318
546 646 1.042266
547 548 -1.078484
547 557 -0.673232
547 647 -0.536202
548 549 0.330957
548 558 0.187266
548 648 -0.933679
549 540 0.057908
549 559 -0.910673
549 649 -1.138668
550 551 -1.912954
550 560 0.405790
550 650 -0.563332
551 552 -0.911455
551 561 -0.331014
551 651 0.559746
552 553 -0.152923
552 562 0.662730
552 652 -0.016485
553 554 -0.155949
553 563 0.611211
553 653 -2.542884
554 555 -0.230352
554 564 -0.572019
554 654 -0.169626
555 556 0.609646
555 565 -0.867022
555 655 0.626046
556 557 0.985143
556 566 -0.958250
556 656 -0.429221
557 558 -0.697488
557 567 -0.094874
557 657 0.918865
558 559 0.383940
558 568 -1.403314
558 658 2.570811
559 550 0.352444
559 569 -0.528580
559 659 -1.081725
560 561 0.139621
560 570 0.060083
560 660 -1.176524
561 562 -0.406858
561 571 0.879881
561 661 0.022523
562 563 1.360388
562 572 -0.688361
562 662 -1.437638
563 564 -0.950370
563 573 -0.686284
563 663 -0.971916
564 565 -0.453251
564 574 -0.103598
564 664 0.875526
565 566 -0.338543
565 575 -0.433351
565 665 1.797576
566 567 -1.228919
566 576 1.010931
566 666 1.243808
567 568 0.277944
567 577 -0.555400
567 667 -1.246000
568 569 0.829275
568 578 -0.295249
568 668 -0.582805
569 560 -1.815781
569 579 -1.417520
569 669 0.115991
570 571 2.167054
570 580 -0.560168
570 670 -1.552756
571 572 0.256667
571 581 -0.660417
571 671 1.674085
572 573 0.848080
572 582 -0.824118
572 672 0.389398
573 574 0.182404
573 583 -1.761107
573 673 0.378414
574 575 -0.673465
574 584 -0.308409
574 674 -0.557657
575 576 -0.072267
575 585 -0.780128
575 675 -0.369060
576 577 -0.764140
576 586 -0.005547
576 676 -1.313135
577 578 0.226567
577 587 -0.632386
577 677 -0.600808
578 579 -0.050815
578 588 -0.479270
578 678 -0.829999
579 570 -1.117057
579 589 -0.305835
579 679 0.710594
580 581 -0.516888
580 590 0.637883
580 680 1.250704
581 582 1.361276
581 591 0.496923
581 681 -0.798936
582 583 -0.525550
582 592 -0.631931
582 682 0.023198
583 584 -1.134517
583 593 -1.686128
583 683 0.396810
584 585 -0.995330
584 594 0.120476
584 684 -0.648604
585 586 0.353717
585 595 -1.142202
585 685 -0.653280
586 587 1.586129
586 596 -2.263927
586 686 -0.349720
587 588 -0.998721
587 597 -0.498476
587 687 -1.379963
588 589 0.319997
588 598 2.089842
588 688 0.954246
589 580 0.670478
589 599 -0.952257
589 689 -0.891750
590 591 1.397659
590 500 0.451011
590 690 -1.721595
591 592 -1.348399
591 501 -0.346329
591 691 -0.117390
592 593 0.877598
592 502 -0.168115
592 692 0.507999
593 594 -0.070888
593 503 -0.623655
593 693 0.555520
594 595 -0.160837
594 504 -0.252359
594 694 -1.107334
595 596 1.021877
595 505 0.209635
595 695 -0.194261
596 597 -0.358107
596 506 1.675991
596 696 0.170827
597 598 -0.739365
597 507 1.336186
597 697 -0.069503
598 599 0.118970
598 508 0.855922
598 698 0.125942
599 590 -0.145356
599 509 1.231530
599 699 -1.971955
600 601 -1.500144
600 610 -1.098525
600 700 -0.893429
601 602 0.153982
601 611 1.088145
601 701 -2.173927
602 603 -2.224552
602 612 -0.508210
602 702 -1.544428
603 604 1.578274
603 613 -0.478158
603 703 0.592567
604 605 0.790824
604 614 -1.482191
604 704 -0.492519
605 606 -2.406092
605 615 -1.107886
605 705 -0.460506
606 607 -0.484988
606 616 -2.218469
606 706 0.388891
607 608 0.002015
607 617 0.498715
607 707 -1.729716
608 609 -0.465911
608 618 -1.219767
608 708 1.531760
609 600 0.241979
609 619 -0.989801
609 709 1.654018
610 611 1.180065
610 620 0.604249
610 710 -1.055887
611 612 0.387327
611 621 -2.115343
611 711 -0.714760
612 613 0.035691
612 622 1.725089
612 712 0.234015
613 614 0.132394
613 623 -0.554547
613 713 -0.236664
614 615 1.177809
614 624 1.048359
614 714 -0.720404
615 616 -0.813112
615 625 -0.234845
615 715 -0.955921
616 617 -0.070505
616 626 -0.146814
616 716 0.900893
617 618 0.817225
617 627 0.730715
617 717 1.112481
618 619 0.032943
618 628 0.200688
618 718 1.589058
619 610 1.704514
619 629 -0.414232
619 719 0.201354
620 621 -0.281693
620 630 -0.501563
620 720 0.491869
621 622 1.077931
621 631 0.655136
621 721 0.250310
622 623 0.708984
622 632 0.532775
622 722 -0.963512
623 624 -0.441260
623 633 0.751126
623 723 -0.695592
624 625 0.281278
624 634 0.922708
624 724 0.417969
625 626 -0.891394
625 635 1.036968
625 725 -0.561266
626 627 -0.063809
626 636 -0.333381
626 726 -0.857486
627 628 0.622048
627 637 0.589721
627 727 0.566179
628 629 0.563753
628 638 0.754315
628 728 0.613456
629 620 2.247955
629 639 0.633080
629 729 0.048956
630 631 -0.202271
630 640 -1.839094
630 730 0.177251
631 632 -0.331464
631 641 -0.142053
631 731 1.509013
632 633 0.440321
632 642 -0.257395
632 732 0.388738
633 634 1.069755
633 643 0.292688
633 733 0.603266
634 635 -0.616472
634 644 -0.123094
634 734 0.258258
635 636 -0.161076
635 645 0.477309
635 735 -1.362812
636 637 0.192430
636 646 -0.113876
636 736 1.699933
637 638 1.735680
637 647 -0.134755
637 737 -1.390824
638 639 0.721566
638 648 1.138598
638 738 2.889937
639 630 -1.329850
639 649 1.254140
639 739 -0.506473
640 641 -0.700100
640 650 -0.078109
640 740 -0.772499
641 642 0.938091
641 651 -0.326176
641 741 0.834404
642 643 -0.077570
642 652 0.855669
642 742 -0.076654
643 644 -0.843973
643 653 -0.570282
643 743 1.599652
644 645 1.340074
644 654 -1.256882
644 744 -1.374979
645 646 -1.342420
645 655 -0.363491
645 745 0.048394
646 647 0.302031
646 656 1.401032
646 746 0.521147
647 648 0.510868
647 657 -0.534628
647 747 -0.542303
648 649 -2.411489
648 658 0.963175
648 748 -2.412019
649 640 0.028309
649 659 -0.838187
649 749 0.511466
650 651 0.968327
650 660 0.964530
650 750 0.471231
651 652 -1.521527
651 661 -1.138157
651 751 0.474335
652 653 0.032312
652 662 -0.497398
652 752 -0.134288
653 654 -0.946340
653 663 -0.037242
653 753 0.172897
654 655 0.540978
654 664 -0.575404
654 754 0.330630
655 656 -0.653605
655 665 -0.593545
655 755 0.255566
656 657 -1.897881
656 666 0.510426
656 756 -1.006622
657 658 0.718393
657 667 0.248195
657 757 -2.188509
658 659 -0.278163
658 668 0.019004
658 758 0.339785
659 650 -0.987888
659 669 -1.402737
659 759 0.600632
660 661 0.832683
660 670 -1.225716
660 760 -0.113251
661 662 -0.095478
661 671 -0.043399
661 761 -0.182076
662 663 -0.208345
662 672 1.747456
662 762 -2.560218
663 664 -0.369276
663 673 0.163049
663 763 -0.514747
664 665 -0.239473
664 674 -0.964284
664 764 -0.208003
665 666 0.123009
665 675 -0.938857
665 765 2.881131
666 667 0.310309
666 676 -0.724997
666 766 2.483916
667 668 -0.115883
667 677 -0.798037
667 767 0.820365
668 669 -0.493487
668 678 0.323578
668 768 0.327832
669 660 0.857342
669 679 0.269294
669 769 -0.402583
670 671 -1.526401
670 680 -0.454102
670 770 1.449435
671 672 0.657594
671 681 0.827145
671 771 0.587004
672 673 0.127770
672 682 -1.000249
672 772 0.697479
673 674 -0.473664
673 683 -0.916659
673 773 -0.186032
674 675 -0.677180
674 684 -0.692821
674 774 0.875986
675 676 0.713940
675 685 -0.245148
675 775 1.540225
676 677 -0.272673
676 686 1.344578
676 776 -1.310413
677 678 0.923276
677 687 0.664737
677 777 -0.957466
678 679 0.378842
678 688 -1.128054
678 778 2.336155
679 670 0.506322
679 689 0.096786
679 779 0.024619
680 681 -0.303855
680 690 -1.054934
680 780 -0.742242
681 682 -0.287997
681 691 0.066629
681 781 -0.145887
682 683 -0.189359
682 692 3.019216
682 782 -1.346814
683 684 -0.115846
683 693 0.572838
683 783 -0.293501
684 685 1.797433
684 694 0.516269
684 784 0.801743
685 686 1.284575
685 695 0.086663
685 785 -0.503371
686 687 -0.836171
686 696 0.523687
686 786 -1.506442
687 688 -1.767335
687 697 -0.208635
687 787 3.055814
688 689 2.557641
688 698 -0.385813
688 788 -0.539451
689 680 -1.040519
689 699 0.228181
689 789 0.021902
690 691 -0.200909
690 600 -1.393049
690 790 -1.157674
691 692 0.458973
691 601 -0.219125
691 791 0.814320
692 693 1.090971
692 602 1.260001
692 792 -0.732960
693 694 0.237072
693 603 -0.170148
693 793 1.187211
694 695 -1.726442
694 604 -0.715473
694 794 -0.502645
695 696 0.694942
695 605 -0.303456
695 795 0.704443
696 697 0.826061
696 606 1.094942
696 796 -0.268967
697 698 0.837009
697 607 -0.240815
697 797 0.127728
698 699 -2.430559
698 608 -1.015171
698 798 -0.294623
699 690 -0.038720
699 609 -1.772734
699 799 1.503311
700 701 -0.521610
700 710 0.074267
700 800 -0.234636
701 702 1.630014
701 711 -1.468111
701 801 0.098494
702 703 -0.611150
702 712 0.208898
702 802 -0.763105
703 704 -0.091894
703 713 -2.682032
703 803 0.473656
704 705 -0.226608
704 714 0.550081
704 804 -2.261806
705 706 -0.581108
705 715 1.244769
705 805 -1.642652
706 707 -0.317786
706 716 -1.210885
706 806 0.111241
707 708 -0.273225
707 717 -0.641035
707 807 -1.894929
708 709 0.107785
708 718 -1.082082
708 808 0.171061
709 700 -0.920953
709 719 1.582945
709 809 -0.236568
710 711 1.075941
710 720 -0.405047
710 810 0.846493
711 712 0.288939
711 721 0.996326
711 811 -0.191692
712 713 -0.545346
712 722 -1.567239
712 812 -0.019477
713 714 -1.660355
713 723 2.735591
713 813 -2.489993
714 715 -0.892173
714 724 -2.155605
714 814 -0.958371
715 716 0.326443
715 725 1.109101
715 815 -0.001662
716 717 1.873928
716 726 -1.723804
716 816 1.097825
717 718 -1.128209
717 727 -1.559574
717 817 0.939486
718 719 1.235498
718 728 0.193103
718 818 -0.877548
719 710 -1.095703
719 729 -0.231865
719 819 0.318030
720 721 1.564768
720 730 -0.701560
720 820 1.289025
721 722 -1.264813
721 731 1.645757
721 821 0.728903
722 723 0.855735
722 732 0.378998
722 822 1.767056
723 724 -1.084185
723 733 1.901831
723 823 0.888931
724 725 -2.754283
724 734 -0.562911
724 824 -1.073888
725 726 0.596943
725 735 0.629418
725 825 -2.042574
726 727 -1.409105
726 736 -0.519036
726 826 1.839255
727 728 -1.685314
727 737 0.669241
727 827 -1.341706
728 729 1.106254
728 738 0.412136
728 828 -0.491082
729 720 -0.101990
729 739 1.585614
729 829 0.911341
730 731 0.608886
730 740 0.729087
730 830 1.129994
731 732 -0.251649
731 741 -2.056251
731 831 0.814963
732 733 -0.729320
732 742 -0.628381
732 832 1.062477
733 734 0.279005
733 743 0.585858
733 833 -1.523342
734 735 0.284786
734 744 1.101086
734 834 1.339869
735 736 1.537298
735 745 -0.454810
735 835 -2.141900
736 737 0.425492
736 746 -1.048097
736 836 1.675016
737 738 0.337141
737 747 1.373354
737 837 -0.842366
738 739 -0.798630
738 748 -2.395269
738 838 1.592345
739 730 -0.362464
739 749 0.275528
739 839 -0.792528
740 741 -0.992474
740 750 -0.021083
740 840 -0.458766
741 742 -0.416838
741 751 -0.027158
741 841 -0.311755
742 743 1.366784
742 752 0.440684
742 842 0.869640
743 744 -1.394388
743 753 -0.667419
743 843 -0.790517
744 745 -0.119834
744 754 0.434936
744 844 -1.467648
745 746 -0.664128
745 755 -1.557726
745 845 -0.336328
746 747 -0.402571
746 756 -1.038388
746 846 2.581312
747 748 0.600145
747 757 -1.471116
747 847 0.722013
748 749 0.400198
748 758 0.413359
748 848 -0.266629
749 740 -0.036405
749 759 -0.391713
749 849 -0.209753
750 751 2.237370
750 760 0.376319
750 850 1.063392
751 752 0.274697
751 761 -0.025965
751 851 -0.177222
752 753 -1.350357
752 762 -0.900881
752 852 -3.047756
753 754 -1.671054
753 763 -0.505482
753 853 -0.170463
754 755 0.852027
754 764 0.801566
754 854 -1.141543
755 756 -0.554231
755 765 -1.261672
755 855 -0.716847
756 757 0.364254
756 766 -0.235463
756 856 1.120127
757 758 -0.404582
757 767 0.907066
757 857 -0.010217
758 759 -0.230831
758 768 0.316692
758 858 1.303585
759 750 -0.606547
759 769 -0.730265
759 859 -0.582486
760 761 -0.147742
760 770 1.063537
760 860 -0.827715
761 762 -0.610656
761 771 -0.187391
761 861 -0.043309
762 763 -0.186855
762 772 -0.713437
762 862 -0.732919
763 764 -1.062822
763 773 0.346913
763 863 0.080811
764 765 -0.776582
764 774 2.610722
764 864 0.597545
765 766 -0.166834
765 775 -1.618562
765 865 0.258792
766 767 0.727103
766 776 -0.491033
766 866 -0.457419
767 768 0.960077
767 777 -1.356998
767 867 -0.894522
768 769 0.598742
768 778 -1.073952
768 868 0.729887
769 760 -0.887050
769 779 -1.529562
769 869 -0.144262
770 771 -0.336092
770 780 -0.870831
770 870 -1.350523
771 772 0.676893
771 781 0.049919
771 871 -1.132397
772 773 3.353543
772 782 -0.219952
772 872 -0.900035
773 774 -1.540442
773 783 -1.972536
773 873 1.029693
774 775 -0.674960
774 784 0.728193
774 874 1.487759
775 776 1.434953
775 785 1.039032
775 875 2.249740
776 777 -1.150412
776 786 -0.471150
776 876 0.213289
777 778 -0.477515
777 787 0.361292
777 877 0.280232
778 779 -1.870640
778 788 -0.354621
778 878 0.941500
779 770 0.407850
779 789 0.331600
779 879 -0.286992
780 781 -1.186874
780 790 -1.830932
780 880 1.139178
781 782 -0.798083
781 791 -0.399206
781 881 -0.023900
782 783 -1.090916
782 792 -0.117895
782 882 -0.062150
783 784 -1.618217
783 793 -0.176389
783 883 0.075983
784 785 0.333954
784 794 0.130885
784 884 -1.188007
785 786 -2.566938
785 795 0.467466
785 885 1.507813
786 787 0.534003
786 796 0.629386
786 886 1.415815
787 788 -0.511664
787 797 0.491275
787 887 0.624663
788 789 -1.107656
788 798 -0.766470
788 888 -1.455493
789 780 0.159627
789 799 0.177216
789 889 0.229965
790 791 0.445001
790 700 -0.324232
790 890 -0.821053
791 792 -1.607540
791 701 1.136929
791 891 0.191235
792 793 0.577828
792 702 -1.379976
792 892 0.263395
793 794 0.293008
793 703 -1.054037
793 893 -1.189128
794 795 0.940508
794 704 -0.602549
794 894 -1.223037
795 796 -0.666949
795 705 -0.479187
795 895 -0.258613
796 797 0.660442
796 706 2.166276
796 896 0.105801
797 798 0.374071
797 707 0.232353
797 897 0.081213
798 799 0.946379
798 708 -0.057689
798 898 0.668892
799 790 -0.667489
799 709 -0.522546
799 899 1.022203
800 801 -0.109205
800 810 -0.167903
800 900 1.055947
801 802 0.329038
801 811 -0.055065
801 901 -0.693911
802 803 1.044299
802 812 1.405581
802 902 0.603924
803 804 -0.719960
803 813 0.923218
803 903 0.688480
804 805 -0.671172
804 814 -0.563717
804 904 -1.952660
805 806 1.708249
805 815 -0.449766
805 905 -0.494522
806 807 -1.521012
806 816 -0.078899
806 906 -0.212856
807 808 0.931547
807 817 -0.010945
807 907 0.594921
808 809 -0.349836
808 818 -0.212186
808 908 -0.021534
809 800 1.479527
809 819 -0.030650
809 909 -0.058375
810 811 -1.410745
810 820 0.569404
810 910 -0.155526
811 812 0.091591
811 821 0.588108
811 911 1.143458
812 813 0.562723
812 822 2.100548
812 912 -0.228716
813 814 -0.307735
813 823 1.851304
813 913 -0.037353
814 815 0.359682
814 824 -1.266089
814 914 0.582622
815 816 2.033766
815 825 0.481099
815 915 -1.367467
816 817 -0.551834
816 826 1.023048
816 916 0.478855
817 818 0.861581
817 827 0.244242
817 917 3.006027
818 819 1.895948
818 828 -1.139303
818 918 0.266941
819 810 -0.336602
819 829 -1.894196
819 919 -0.626425
820 821 0.514944
820 830 -0.026852
820 920 -0.529322
821 822 0.515958
821 831 1.252273
821 921 0.035104
822 823 0.494628
822 832 -0.287406
822 922 0.255308
823 824 -0.350381
823 833 0.754510
823 923 0.687071
824 825 -0.438609
824 834 -0.550330
824 924 -0.767462
825 826 -0.943818
825 835 -0.526711
825 925 -0.696220
826 827 -0.578862
826 836 -0.821998
826 926 -0.067950
827 828 0.026485
827 837 -0.815628
827 927 0.627462
828 829 0.096068
828 838 -0.532035
828 928 -0.889042
829 820 -0.708502
829 839 -1.007089
829 929 1.510792
830 831 -0.813701
830 840 0.732454
830 930 1.118338
831 832 0.880587
831 841 1.097174
831 931 0.472456
832 833 -0.430214
832 842 0.427347
832 932 2.046451
833 834 -0.109909
833 843 0.817942
833 933 -2.059799
834 835 -0.669333
834 844 0.972629
834 934 1.071462
835 836 -1.281339
835 845 -1.067689
835 935 1.152584
836 837 -0.430165
836 846 -0.650487
836 936 -0.314087
837 838 -0.165244
837 847 -0.908465
837 937 -0.061597
838 839 -1.042084
838 848 -1.868314
838 938 -1.480352
839 830 -0.656519
839 849 1.119810
839 939 0.358238
840 841 0.089541
840 850 -0.344319
840 940 0.133952
841 842 1.215232
841 851 -0.184254
841 941 0.884385
842 843 -0.960073
842 852 0.097537
842 942 -0.809288
843 844 0.252192
843 853 -0.322402
843 943 -0.484112
844 845 -0.908562
844 854 -0.302388
844 944 -1.864266
845 846 0.306334
845 855 -0.527747
845 945 -0.665076
846 847 -0.260359
846 856 0.486778
846 946 1.029758
847 848 0.811969
847 857 1.062526
847 947 0.605637
848 849 -1.174903
848 858 -1.598593
848 948 0.603249
849 840 -0.260136
849 859 -0.911129
849 949 -0.728932
850 851 -1.934626
850 860 0.223824
850 950 0.020558
851 852 -0.755885
851 861 -0.370105
851 951 -0.799448
852 853 0.510123
852 862 -2.077017
852 952 -0.426716
853 854 -2.011469
853 863 0.094022
853 953 1.434956
854 855 -0.235650
854 864 -0.976166
854 954 -1.756221
855 856 0.824315
855 865 0.212173
855 955 0.813986
856 857 -0.580150
856 866 -0.474818
856 956 0.090352
857 858 -0.414580
857 867 -0.576792
857 957 -0.129396
858 859 -1.958179
858 868 0.911509
858 958 1.445347
859 850 0.022570
859 869 -0.489519
859 959 -0.395427
860 861 -0.640415
860 870 0.400283
860 960 -1.712483
861 862 -0.322929
861 871 1.507160
861 961 1.433028
862 863 0.276014
862 872 -1.213467
862 962 0.662269
863 864 -1.025162
863 873 0.229939
863 963 -0.184940
864 865 -0.284992
864 874 0.741612
864 964 -0.587283
865 866 1.552196
865 875 -0.624379
865 965 -0.670396
866 867 -0.015435
866 876 0.181550
866 966 -0.211133
867 868 1.057274
867 877 -1.681215
867 967 -1.080028
868 869 1.278660
868 878 -0.578879
868 968 0.031307
869 860 0.276355
869 879 -0.129670
869 969 0.166371
870 871 0.234683
870 880 0.401644
870 970 -0.610075
871 872 -0.648758
871 881 0.310805
871 971 0.019759
872 873 1.786536
872 882 0.456844
872 972 -0.394754
873 874 0.686866
873 883 -0.606843
873 973 -1.376184
874 875 -1.161390
874 884 -2.000693
874 974 0.101622
875 876 0.940174
875 885 -0.755226
875 975 -0.086849
876 877 2.000203
876 886 -1.364592
876 976 0.460749
877 878 1.852286
877 887 -1.542011
877 977 -0.632376
878 879 0.071472
878 888 -0.633142
878 978 -1.156488
879 870 0.238600
879 889 1.329229
879 979 0.106997
880 881 0.832088
880 890 0.440458
880 980 1.095755
881 882 -0.979219
881 891 1.304786
881 981 1.728412
882 883 0.938271
882 892 0.624786
882 982 1.103485
883 884 1.204668
883 893 0.631287
883 983 1.249660
884 885 0.468002
884 894 0.680954
884 984 -1.622484
885 886 -0.551301
885 895 0.582553
885 985 -0.209001
886 887 1.387137
886 896 -0.641889
886 986 0.713471
887 888 0.249469
887 897 1.204307
887 987 0.047858
888 889 -0.208939
888 898 0.551175
888 988 0.135229
889 880 0.739202
889 899 -0.390548
889 989 -0.579009
890 891 0.156247
890 800 1.657461
890 990 0.243563
891 892 -2.014767
891 801 -1.031035
891 991 -0.987962
892 893 1.000315
892 802 1.596172
892 992 -0.432683
893 894 0.393782
893 803 -1.269237
893 993 1.846153
894 895 -0.213631
894 804 2.733496
894 994 0.744149
895 896 -0.440762
895 805 -1.685803
895 995 0.859068
896 897 1.464801
896 806 0.099576
896 996 -0.060259
897 898 0.777297
897 807 0.233278
897 997 -0.671973
898 899 -1.250875
898 808 -0.271750
898 998 -0.664110
899 890 -1.353101
899 809 1.584371
899 999 1.272402
900 901 -0.019472
900 910 1.383352
900 0 -0.001877
901 902 -0.334565
901 911 -0.259819
901 1 -0.314272
902 903 -0.044888
902 912 -0.609171
902 2 -1.098535
903 904 -2.148887
903 913 2.189586
903 3 0.247550
904 905 0.789892
904 914 0.401651
904 4 -1.307161
905 906 -0.760047
905 915 0.899423
905 5 1.479423
906 907 0.116067
906 916 -0.170913
906 6 -0.633325
907 908 0.533769
907 917 -1.298516
907 7 -1.260136
908 909 -1.047820
908 918 0.261585
908 8 -0.511139
909 900 0.186756
909 919 -0.332098
909 9 -0.159723
910 911 -0.319082
910 920 0.547514
910 10 0.870276
911 912 -0.735229
911 921 0.065556
911 11 -0.527796
912 913 -0.563964
912 922 -1.759394
912 12 -0.632282
913 914 -0.201292
913 923 1.018627
913 13 -0.761677
914 915 0.037623
914 924 0.326161
914 14 1.551248
915 916 1.372397
915 925 1.615098
915 15 -0.403966
916 917 0.049192
916 926 1.246806
916 16 -0.402902
917 918 -1.363939
917 927 1.038226
917 17 0.622148
918 919 0.629656
918 928 -1.177603
918 18 -0.753627
919 910 1.733875
919 929 -0.889154
919 19 0.450338
920 921 -0.044396
920 930 -0.126946
920 20 -0.584054
921 922 -0.227318
921 931 -1.075411
921 21 2.037095
922 923 0.052806
922 932 -0.420241
922 22 -1.297704
923 924 0.091313
923 933 1.327074
923 23 0.696648
924 925 0.353510
924 934 1.844907
924 24 -0.944445
925 926 0.526144
925 935 1.067664
925 25 -0.484995
926 927 0.804530
926 936 -1.467820
926 26 -0.305401
927 928 0.400352
927 937 1.299336
927 27 0.231818
928 929 0.666688
928 938 1.181112
928 28 0.737088
929 920 -1.553530
929 939 -0.974007
929 29 -0.002947
930 931 -1.482877
930 940 1.178059
930 30 0.784239
931 932 -0.329143
931 941 -1.713393
931 31 0.949811
932 933 -0.505818
932 942 -0.371866
932 32 -0.654106
933 934 1.209865
933 943 -1.042891
933 33 -0.092093
934 935 -0.168055
934 944 -1.999736
934 34 -2.205093
935 936 0.359021
935 945 -0.452603
935 35 -0.209822
936 937 0.494281
936 946 -0.450075
936 36 -0.076175
937 938 1.579197
937 947 -0.011895
937 37 0.956369
938 939 -0.877811
938 948 1.197180
938 38 0.436745
939 930 -0.065071
939 949 -0.676308
939 39 -0.844874
940 941 -2.522570
940 950 2.717863
940 40 -0.178394
941 942 -0.362485
941 951 -0.647912
941 41 -0.790402
942 943 0.179955
942 952 -0.070591
942 42 -0.573175
943 944 0.892316
943 953 -0.900553
943 43 -0.249696
944 945 -0.845689
944 954 -0.210833
944 44 1.056658
945 946 -0.839341
945 955 -0.443101
945 45 1.225250
946 947 -0.847966
946 956 -0.598370
946 46 1.067307
947 948 -1.226189
947 957 1.739211
947 47 -1.198347
948 949 0.950904
948 958 -1.130757
948 48 0.108921
949 940 0.849923
949 959 -0.889125
949 49 0.238443
950 951 -0.319364
950 960 -1.659711
950 50 0.311815
951 952 0.355232
951 961 -1.122136
951 51 0.745345
952 953 -2.069789
952 962 0.852581
952 52 0.010511
953 954 0.126789
953 963 -0.681225
953 53 0.598686
954 955 0.120765
954 964 -0.406919
954 54 0.250710
955 956 0.221309
955 965 1.203387
955 55 0.021977
956 957 -1.909164
956 966 -2.518454
956 56 -0.134439
957 958 -0.435813
957 967 0.461314
957 57 0.555722
958 959 -0.027480
958 968 0.139587
958 58 1.216020
959 950 0.090514
959 969 -0.008006
959 59 0.727616
960 961 -0.910097
960 970 -0.392153
960 60 1.301719
961 962 -0.144737
961 971 0.554952
961 61 0.588626
962 963 0.079990
962 972 1.017549
962 62 -2.382884
963 964 1.063837
963 973 1.839509
963 63 0.330483
964 965 -0.519893
964 974 -0.349165
964 64 -0.080497
965 966 -0.819144
965 975 0.590640
965 65 0.960007
966 967 1.101773
966 976 -0.207149
966 66 -0.416142
967 968 -0.629494
967 977 0.680794
967 67 0.162411
968 969 0.158493
968 978 0.617779
968 68 -0.365059
969 960 -1.089568
969 979 0.913911
969 69 0.642554
970 971 0.233473
970 980 -0.535105
970 70 0.013137
971 972 -0.504878
971 981 -0.816835
971 71 -1.384489
972 973 0.226340
972 982 -1.495378
972 72 -1.959082
973 974 -1.396891
973 983 1.724555
973 73 -0.602730
974 975 0.849366
974 984 -0.345118
974 74 -0.202338
975 976 0.615659
975 985 0.828275
975 75 -0.790423
976 977 -1.219616
976 986 -0.303137
976 76 0.775343
977 978 0.235196
977 987 0.793698
977 77 0.471348
978 979 -1.318369
978 988 -0.493859
978 78 -0.789589
979 970 -1.812121
979 989 -2.205755
979 79 0.218341
980 981 -0.731443
980 990 0.119135
980 80 -2.842163
981 982 -0.146501
981 991 -0.417200
981 81 1.015228
982 983 -0.430573
982 992 -0.661019
982 82 0.009295
983 984 2.704628
983 993 0.443396
983 83 -1.076160
984 985 -0.018022
984 994 0.739070
984 84 -1.374072
985 986 -1.778773
985 995 0.038244
985 85 -1.780638
986 987 -2.005410
986 996 -1.398516
986 86 0.629608
987 988 0.918324
987 997 -1.465516
987 87 -0.215238
988 989 -0.109517
988 998 -1.352619
988 88 -0.201306
989 980 -1.404944
989 999 -0.048224
989 89 1.055354
990 991 1.464465
990 900 1.051629
990 90 0.265471
991 992 0.703735
991 901 0.781732
991 91 0.452976
992 993 0.048104
992 902 0.420361
992 92 0.117292
993 994 1.426814
993 903 0.483763
993 93 1.280056
994 995 0.497454
994 904 -0.608381
994 94 -1.326149
995 996 -1.127971
995 905 -0.708757
995 95 1.693045
996 997 0.004017
996 906 -0.415230
996 96 -1.194793
997 998 0.311415
997 907 -0.191927
997 97 1.371573
998 999 0.647568
998 908 -1.095199
998 98 -0.437424
999 990 -0.671121
999 909 0.138407
999 99 1.964624
