0 1 1.632852
0 10 1.642025
0 100 0.816387
1 2 -1.605266
1 11 0.369024
1 101 0.915625
2 3 -0.960531
2 12 1.999009
2 102 0.107361
3 4 1.061242
3 13 -0.318256
3 103 0.255051
4 5 0.042344
4 14 -0.642723
4 104 0.220889
5 6 -0.869873
5 15 -0.701943
5 105 0.775485
6 7 -1.389742
6 16 -1.885205
6 106 -0.160653
7 8 -0.741731
7 17 -1.706848
7 107 -0.953438
8 9 0.859565
8 18 0.227667
8 108 0.244021
9 0 -0.601761
9 19 3.045833
9 109 -0.818328
10 11 -0.492261
10 20 1.126027
10 110 -0.109899
11 12 1.073305
11 21 -0.378868
11 111 0.772255
12 13 0.140092
12 22 1.055457
12 112 2.128568
13 14 1.040514
13 23 -0.572092
13 113 0.354206
14 15 -0.421905
14 24 -0.168369
14 114 0.494027
15 16 -1.294873
15 25 -0.744412
15 115 -0.568241
16 17 1.341017
16 26 1.132137
16 116 -1.107693
17 18 -1.029571
17 27 0.220569
17 117 0.974107
18 19 1.210901
18 28 -1.082929
18 118 0.290063
19 10 0.885366
19 29 -0.846199
19 119 -0.544925
20 21 0.417823
20 30 -0.142584
20 120 -0.409967
21 22 3.534434
21 31 -0.572598
21 121 0.326305
22 23 -2.155387
22 32 -0.739747
22 122 1.133459
23 24 -1.930924
23 33 -0.866799
23 123 0.176074
24 25 0.214177
24 34 0.107286
24 124 1.148825
25 26 0.935907
25 35 1.065069
25 125 -0.513405
26 27 -0.224514
26 36 -0.466987
26 126 -0.791539
27 28 0.527573
27 37 -0.533074
27 127 0.886916
28 29 1.119561
28 38 0.971582
28 128 -0.120013
29 20 0.978830
29 39 -0.069218
29 129 -1.671429
30 31 -0.287173
30 40 0.662888
30 130 -0.181875
31 32 0.973629
31 41 -1.278216
31 131 0.420671
32 33 -0.425087
32 42 -1.523713
32 132 0.310763
33 34 -0.500057
33 43 -1.509129
33 133 -2.618699
34 35 -0.187526
34 44 -2.885783
34 134 -0.453920
35 36 -0.151659
35 45 -1.080857
35 135 -0.280353
36 37 0.354324
36 46 1.678050
36 136 -1.249802
37 38 2.238259
37 47 -0.839398
37 137 -0.397499
38 39 -0.554262
38 48 -0.878394
38 138 0.620752
39 30 -0.523616
39 49 1.478077
39 139 1.952704
40 41 0.514125
40 50 0.838991
40 140 -0.812685
41 42 -1.162508
41 51 1.145667
41 141 1.066880
42 43 0.172009
42 52 1.187864
42 142 -0.509541
43 44 0.621123
43 53 -0.235676
43 143 1.387674
44 45 -0.655011
44 54 -0.077377
44 144 -0.602336
45 46 0.978894
45 55 0.879749
45 145 -1.076492
46 47 -0.841937
46 56 -0.210728
46 146 1.490344
47 48 -0.207994
47 57 0.039930
47 147 -0.375559
48 49 -1.472256
48 58 -0.185249
48 148 -0.911923
49 40 0.453489
49 59 -1.034972
49 149 1.338897
50 51 0.142743
50 60 -1.667566
50 150 0.918717
51 52 -0.569892
51 61 1.148823
51 151 0.469415
52 53 0.199570
52 62 1.308143
52 152 -1.921998
53 54 -0.113959
53 63 0.203148
53 153 -0.973272
54 55 0.576173
54 64 -0.210289
54 154 0.647258
55 56 0.425506
55 65 0.247717
55 155 1.668396
56 57 1.164084
56 66 0.010209
56 156 0.244889
57 58 -0.234790
57 67 0.130583
57 157 -0.891814
58 59 0.022866
58 68 1.770681
58 158 -0.875873
59 50 0.100943
59 69 -0.400950
59 159 0.010189
60 61 -1.116027
60 70 -1.438731
60 160 0.185867
61 62 0.170603
61 71 0.364092
61 161 -0.505698
62 63 0.275474
62 72 0.061887
62 162 0.645638
63 64 2.880274
63 73 1.577060
63 163 1.051487
64 65 2.102714
64 74 -0.976512
64 164 1.959808
65 66 -0.586929
65 75 -1.488889
65 165 0.053358
66 67 0.057076
66 76 -0.378149
66 166 -0.520427
67 68 -0.830123
67 77 0.614182
67 167 -0.648049
68 69 0.102873
68 78 1.980554
68 168 -1.010799
69 60 -0.550292
69 79 0.032793
69 169 0.014141
70 71 0.519870
70 80 -2.296830
70 170 0.897941
71 72 0.757626
71 81 0.303599
71 171 1.498957
72 73 1.995581
72 82 -1.646667
72 172 -0.105086
73 74 0.741582
73 83 1.840588
73 173 0.988423
74 75 -0.710048
74 84 -2.552761
74 174 -0.952362
75 76 0.331673
75 85 -0.974392
75 175 -1.153364
76 77 -1.116986
76 86 2.508442
76 176 -0.219056
77 78 0.092764
77 87 -2.284666
77 177 0.128404
78 79 1.164519
78 88 -0.424079
78 178 0.175708
79 70 -0.335560
79 89 0.135001
79 179 -0.702863
80 81 -0.437857
80 90 0.979536
80 180 0.114741
81 82 -0.662568
81 91 2.133969
81 181 0.487870
82 83 0.515201
82 92 -0.702851
82 182 -0.057743
83 84 -0.960803
83 93 1.534687
83 183 -0.882312
84 85 1.078859
84 94 -0.684765
84 184 -0.017224
85 86 -0.244370
85 95 -0.042026
85 185 -0.245451
86 87 -0.900941
86 96 -0.816031
86 186 -1.350309
87 88 0.306819
87 97 -0.880287
87 187 -0.609533
88 89 0.083654
88 98 1.190680
88 188 0.095758
89 80 1.169156
89 99 0.457404
89 189 1.750352
90 91 0.271404
90 0 -0.150664
90 190 0.187826
91 92 0.621011
91 1 -0.719036
91 191 -1.416835
92 93 0.169924
92 2 0.569473
92 192 0.078277
93 94 0.222889
93 3 -0.562539
93 193 0.595425
94 95 0.645234
94 4 -2.133227
94 194 1.261990
95 96 2.008051
95 5 0.940897
95 195 0.618094
96 97 1.415436
96 6 -0.669773
96 196 1.791614
97 98 -1.340438
97 7 0.271862
97 197 -0.664883
98 99 0.277604
98 8 0.619874
98 198 -0.568442
99 90 -0.590669
99 9 -1.426661
99 199 -0.278457
100 101 -0.666663
100 110 -1.229904
100 200 -0.397081
101 102 0.416611
101 111 -0.027739
101 201 0.415851
102 103 0.479345
102 112 -1.242008
102 202 -0.248218
103 104 0.230017
103 113 -0.337323
103 203 -0.512962
104 105 -0.565662
104 114 0.737611
104 204 -0.850980
105 106 -0.057876
105 115 -0.282941
105 205 -0.721805
106 107 0.785241
106 116 -0.630995
106 206 0.018808
107 108 -0.247432
107 117 -0.488713
107 207 -0.683759
108 109 1.891636
108 118 -1.208178
108 208 -1.882390
109 100 -1.864389
109 119 -0.848341
109 209 -0.910434
110 111 -0.977889
110 120 0.884132
110 210 0.131241
111 112 -0.559740
111 121 -0.411763
111 211 -0.330440
112 113 1.586146
112 122 1.184909
112 212 -1.339219
113 114 -1.555755
113 123 -2.309354
113 213 0.210985
114 115 0.259816
114 124 0.650337
114 214 0.495353
115 116 -0.058387
115 125 0.142236
115 215 0.956776
116 117 0.471703
116 126 1.986097
116 216 0.651540
117 118 0.187638
117 127 -1.122573
117 217 -2.372545
118 119 -0.840464
118 128 0.212504
118 218 1.472621
119 110 0.493831
119 129 -0.286774
119 219 0.544807
120 121 0.494400
120 130 0.710357
120 220 -1.259763
121 122 -0.779056
121 131 -0.637204
121 221 0.901598
122 123 -1.003679
122 132 -0.610181
122 222 -1.421366
123 124 1.343380
123 133 0.600797
123 223 1.695036
124 125 1.519104
124 134 -0.741963
124 224 -0.285349
125 126 -0.365294
125 135 -0.082204
125 225 0.464826
126 127 -1.253584
126 136 0.046758
126 226 -0.645021
127 128 1.253812
127 137 -0.014139
127 227 -0.859127
128 129 1.150574
128 138 0.372747
128 228 -0.768786
129 120 0.134621
129 139 -0.288581
129 229 -2.284799
130 131 0.755654
130 140 0.455232
130 230 1.993013
131 132 0.168771
131 141 1.610120
131 231 -0.027876
132 133 0.679466
132 142 1.028538
132 232 0.383713
133 134 -1.731186
133 143 0.385127
133 233 1.353775
134 135 -0.722713
134 144 0.956059
134 234 1.090763
135 136 0.791489
135 145 0.381296
135 235 -1.333985
136 137 0.302475
136 146 1.171691
136 236 1.042588
137 138 0.111550
137 147 0.673303
137 237 0.911844
138 139 0.295810
138 148 0.461676
138 238 -0.458727
139 130 0.367297
139 149 -1.010910
139 239 -2.963201
140 141 1.324048
140 150 0.349935
140 240 -0.467541
141 142 -0.047666
141 151 1.039289
141 241 -0.494696
142 143 -0.604495
142 152 1.575177
142 242 -0.447220
143 144 -1.822036
143 153 0.696744
143 243 -0.990717
144 145 -0.559011
144 154 0.508219
144 244 0.300215
145 146 0.557226
145 155 1.284315
145 245 -1.091404
146 147 -0.224031
146 156 -0.389776
146 246 1.049859
147 148 0.586634
147 157 1.266180
147 247 0.730453
148 149 1.475760
148 158 0.740715
148 248 -0.138754
149 140 0.124746
149 159 0.483611
149 249 -0.147138
150 151 0.092058
150 160 -2.540181
150 250 0.846877
151 152 -0.316100
151 161 0.167599
151 251 0.215595
152 153 -1.314107
152 162 -0.431946
152 252 0.064373
153 154 0.065095
153 163 0.641868
153 253 -0.593923
154 155 -0.709426
154 164 -0.195898
154 254 -0.251377
155 156 -0.760884
155 165 0.050412
155 255 -0.615432
156 157 -1.077939
156 166 -1.574681
156 256 0.328997
157 158 0.488958
157 167 0.408557
157 257 -0.003412
158 159 1.118836
158 168 -0.103576
158 258 0.036181
159 150 -1.369494
159 169 -0.643878
159 259 0.300042
160 161 0.565581
160 170 -0.676228
160 260 0.550694
161 162 -0.334079
161 171 -0.684026
161 261 0.442626
162 163 -1.901680
162 172 0.747752
162 262 -1.178669
163 164 -0.855578
163 173 0.139989
163 263 0.832848
164 165 1.747004
164 174 -1.788605
164 264 0.425406
165 166 0.364217
165 175 0.025199
165 265 -0.024638
166 167 1.130348
166 176 0.793789
166 266 -0.330572
167 168 0.424183
167 177 -1.300845
167 267 0.640180
168 169 -0.552527
168 178 -0.344137
168 268 -0.327924
169 160 0.468297
169 179 -1.296020
169 269 -1.944057
170 171 1.590022
170 180 1.225131
170 270 0.255737
171 172 -0.400602
171 181 1.049441
171 271 0.531582
172 173 -1.093393
172 182 -1.372779
172 272 -0.506230
173 174 -0.288131
173 183 -2.623602
173 273 -0.454060
174 175 0.450895
174 184 -1.328150
174 274 -0.606070
175 176 -0.214063
175 185 0.199569
175 275 -0.719368
176 177 0.948295
176 186 -0.804437
176 276 -0.312744
177 178 1.326540
177 187 0.605845
177 277 -0.932396
178 179 2.031428
178 188 -1.588772
178 278 -0.061876
179 170 -0.096540
179 189 0.285949
179 279 2.469030
180 181 -0.414437
180 190 0.182792
180 280 -0.504154
181 182 1.133318
181 191 0.422283
181 281 0.099015
182 183 -0.949629
182 192 0.710280
182 282 -1.166048
183 184 0.162828
183 193 -0.088550
183 283 -0.525464
184 185 0.275744
184 194 1.153350
184 284 -0.187610
185 186 -0.607876
185 195 -0.735909
185 285 1.099829
186 187 3.977651
186 196 0.218184
186 286 0.315888
187 188 1.029070
187 197 0.168480
187 287 -1.557305
188 189 -0.596847
188 198 -1.614442
188 288 -0.464438
189 180 0.196053
189 199 1.409855
189 289 -1.274946
190 191 -0.374640
190 100 0.004172
190 290 0.275515
191 192 -0.398924
191 101 -0.383940
191 291 -0.000264
192 193 0.378864
192 102 -0.057950
192 292 -0.164739
193 194 0.920577
193 103 1.427204
193 293 0.471769
194 195 -1.344438
194 104 -0.060843
194 294 -0.207623
195 196 -0.576022
195 105 -0.407614
195 295 0.319724
196 197 -1.624880
196 106 -0.475225
196 296 -0.415624
197 198 -0.190433
197 107 -1.497860
197 297 1.090203
198 199 -0.529862
198 108 -1.867259
198 298 1.572371
199 190 -0.710910
199 109 -0.279151
199 299 1.709287
200 201 0.116013
200 210 -0.407472
200 300 -2.039406
201 202 -0.427896
201 211 -0.870912
201 301 0.539422
202 203 -2.389018
202 212 1.136389
202 302 -0.199640
203 204 0.797641
203 213 0.839576
203 303 -1.255190
204 205 0.946326
204 214 1.245831
204 304 -0.346386
205 206 -2.891903
205 215 -1.128245
205 305 0.150917
206 207 -1.943318
206 216 0.745585
206 306 -0.757983
207 208 0.999025
207 217 0.443383
207 307 0.880980
208 209 -1.448745
208 218 0.163988
208 308 1.115153
209 200 0.919494
209 219 0.034377
209 309 -0.210260
210 211 0.736773
210 220 -0.271447
210 310 0.603789
211 212 0.856571
211 221 0.394938
211 311 -0.262423
212 213 1.032655
212 222 0.279914
212 312 -1.414565
213 214 -1.236278
213 223 0.259344
213 313 1.305458
214 215 -0.144729
214 224 1.852863
214 314 -1.364618
215 216 -0.463026
215 225 0.752547
215 315 0.045106
216 217 -0.584750
216 226 0.456491
216 316 -0.017167
217 218 0.553932
217 227 -0.385712
217 317 -0.576814
218 219 -1.392409
218 228 -0.116098
218 318 -0.651361
219 210 0.777479
219 229 0.244614
219 319 0.165065
220 221 -2.108538
220 230 -0.387707
220 320 0.818579
221 222 0.136235
221 231 0.189049
221 321 1.270741
222 223 -0.445989
222 232 -0.036174
222 322 0.179412
223 224 -1.167917
223 233 -0.872364
223 323 0.086145
224 225 -0.026192
224 234 -1.121162
224 324 0.239364
225 226 -1.094772
225 235 -0.078277
225 325 -0.675185
226 227 -1.716767
226 236 -0.765375
226 326 -0.040361
227 228 -1.401486
227 237 -0.417413
227 327 0.433876
228 229 0.238198
228 238 -1.003463
228 328 1.803838
229 220 -0.980137
229 239 -1.885415
229 329 0.965435
230 231 0.863267
230 240 -2.052335
230 330 0.622357
231 232 -0.108872
231 241 0.038145
231 331 0.908706
232 233 -0.734615
232 242 0.202885
232 332 0.558404
233 234 -0.694966
233 243 -0.033510
233 333 0.721279
234 235 1.465337
234 244 -0.174991
234 334 -0.201693
235 236 1.593541
235 245 -0.891345
235 335 0.615369
236 237 0.218976
236 246 -0.045593
236 336 -0.742091
237 238 0.673295
237 247 0.351791
237 337 -0.437668
238 239 1.120703
238 248 0.184679
238 338 -1.171426
239 230 0.301715
239 249 0.077560
239 339 -0.429970
240 241 1.081140
240 250 1.444813
240 340 -0.510909
241 242 0.072398
241 251 -0.792393
241 341 -1.148844
242 243 -0.529503
242 252 -0.414796
242 342 -0.111436
243 244 -0.123794
243 253 -0.243261
243 343 -0.921867
244 245 -0.415975
244 254 -0.024401
244 344 0.432819
245 246 0.809984
245 255 0.203237
245 345 0.588388
246 247 -0.387912
246 256 -1.268553
246 346 -0.795166
247 248 0.907474
247 257 -0.311534
247 347 -0.641511
248 249 1.163279
248 258 1.581548
248 348 1.314792
249 240 -0.139151
249 259 -0.250779
249 349 -0.190941
250 251 -1.350577
250 260 0.741988
250 350 0.348660
251 252 -0.233706
251 261 -0.341886
251 351 -1.172323
252 253 1.451913
252 262 -0.768670
252 352 -1.337444
253 254 -0.407471
253 263 1.551570
253 353 0.837384
254 255 -0.673246
254 264 0.469964
254 354 1.204337
255 256 1.486945
255 265 0.129741
255 355 -0.658642
256 257 1.223800
256 266 0.981121
256 356 0.136900
257 258 1.221113
257 267 2.085247
257 357 -0.131327
258 259 -1.585173
258 268 -0.454146
258 358 -2.156046
259 250 0.071695
259 269 0.072379
259 359 -0.616784
260 261 1.053364
260 270 -0.638283
260 360 0.916911
261 262 2.070798
261 271 -0.113521
261 361 -0.498544
262 263 1.141255
262 272 -0.928866
262 362 0.731690
263 264 0.609185
263 273 -0.766196
263 363 0.894422
264 265 2.296554
264 274 -1.682053
264 364 0.277127
265 266 -1.007483
265 275 -1.193151
265 365 -2.039250
266 267 -1.040295
266 276 -0.382658
266 366 -0.400043
267 268 0.357775
267 277 0.334149
267 367 0.818449
268 269 -0.530607
268 278 0.923347
268 368 -1.037369
269 260 1.087572
269 279 0.227557
269 369 -0.653814
270 271 -0.713259
270 280 2.084263
270 370 -0.739095
271 272 -1.022819
271 281 2.443440
271 371 -0.131922
272 273 1.607908
272 282 1.766869
272 372 -0.141612
273 274 1.569569
273 283 -0.708469
273 373 -0.024695
274 275 -0.829080
274 284 0.071911
274 374 -0.366042
275 276 -0.393754
275 285 0.833706
275 375 -0.144794
276 277 0.151384
276 286 -1.248993
276 376 0.605678
277 278 -0.750361
277 287 -0.174137
277 377 -0.855386
278 279 0.257208
278 288 1.099989
278 378 -0.347736
279 270 -0.392902
279 289 -0.271556
279 379 -0.916003
280 281 -0.472005
280 290 -0.076942
280 380 1.909728
281 282 0.999673
281 291 1.855997
281 381 0.218162
282 283 -0.897669
282 292 -0.310756
282 382 1.154067
283 284 0.039585
283 293 -0.073996
283 383 1.193037
284 285 1.003491
284 294 -0.657941
284 384 0.447182
285 286 -0.477246
285 295 -0.105857
285 385 -1.427893
286 287 1.044299
286 296 0.714880
286 386 0.295051
287 288 -0.950195
287 297 -0.980156
287 387 1.442702
288 289 -1.300464
288 298 -0.218491
288 388 0.252933
289 280 1.453173
289 299 -0.830403
289 389 -0.908504
290 291 -0.361933
290 200 -0.874582
290 390 1.689609
291 292 -1.906109
291 201 -0.175137
291 391 -1.301542
292 293 -1.066395
292 202 -1.480849
292 392 0.390285
293 294 0.396965
293 203 0.243015
293 393 -1.036046
294 295 2.196225
294 204 -0.647186
294 394 -0.948227
295 296 1.640927
295 205 1.004103
295 395 -1.189141
296 297 0.028959
296 206 -0.369726
296 396 1.631179
297 298 1.605996
297 207 0.122924
297 397 -0.461662
298 299 0.190473
298 208 1.599028
298 398 0.161757
299 290 -1.848395
299 209 0.738230
299 399 1.174238
300 301 0.012446
300 310 -0.614891
300 400 1.062844
301 302 1.784272
301 311 0.059797
301 401 1.440351
302 303 -1.829823
302 312 -1.852310
302 402 -1.138651
303 304 0.170236
303 313 0.338078
303 403 0.401177
304 305 0.856638
304 314 -0.305582
304 404 -1.793569
305 306 -0.568769
305 315 -0.004315
305 405 -0.142123
306 307 0.490423
306 316 -0.239849
306 406 0.103825
307 308 0.691033
307 317 -0.996462
307 407 0.121698
308 309 -0.480468
308 318 0.018203
308 408 -0.042786
309 300 -0.405083
309 319 0.224219
309 409 0.721861
310 311 0.182000
310 320 -0.466173
310 410 0.391315
311 312 1.325211
311 321 -0.499478
311 411 0.894974
312 313 0.757590
312 322 -0.975593
312 412 -0.393803
313 314 -0.110687
313 323 0.134193
313 413 -0.719876
314 315 -0.352261
314 324 -0.513003
314 414 -1.160614
315 316 1.328838
315 325 0.704987
315 415 0.899445
316 317 0.004410
316 326 -0.104032
316 416 1.044458
317 318 0.529308
317 327 -1.169973
317 417 -0.080473
318 319 0.166619
318 328 0.396795
318 418 -1.264143
319 310 -0.795255
319 329 -0.884241
319 419 2.976213
320 321 -1.291137
320 330 -2.787500
320 420 1.535725
321 322 1.909744
321 331 -0.570225
321 421 -0.172641
322 323 -1.359330
322 332 1.329040
322 422 1.018789
323 324 0.281983
323 333 -0.698836
323 423 -0.111365
324 325 0.596863
324 334 1.192406
324 424 0.385016
325 326 -0.180729
325 335 0.187778
325 425 1.304666
326 327 -0.234786
326 336 0.599284
326 426 0.397728
327 328 -0.037835
327 337 -0.359174
327 427 -0.358318
328 329 -1.705484
328 338 0.213042
328 428 0.064381
329 320 0.862339
329 339 -1.107752
329 429 -1.016716
330 331 0.289838
330 340 1.416221
330 430 -0.868101
331 332 0.854285
331 341 -1.951737
331 431 0.361163
332 333 -1.095653
332 342 -0.213169
332 432 -1.224947
333 334 0.206465
333 343 -1.080064
333 433 -1.595112
334 335 0.623003
334 344 0.143875
334 434 0.954724
335 336 -0.287891
335 345 0.774127
335 435 1.112655
336 337 -1.292938
336 346 0.081424
336 436 -0.189992
337 338 0.751500
337 347 -1.193541
337 437 0.710220
338 339 0.354973
338 348 -0.483754
338 438 0.102409
339 330 -0.252841
339 349 -0.753698
339 439 -1.739270
340 341 1.054190
340 350 -0.759623
340 440 2.765160
341 342 2.495849
341 351 1.348990
341 441 1.184067
342 343 2.370880
342 352 -2.092933
342 442 -0.833298
343 344 0.694253
343 353 0.888395
343 443 -0.073449
344 345 0.552248
344 354 0.022602
344 444 -0.525482
345 346 -0.292982
345 355 1.533913
345 445 -0.216279
346 347 0.129844
346 356 0.420189
346 446 -0.751894
347 348 -0.471138
347 357 0.681297
347 447 -0.958486
348 349 -0.406667
348 358 -0.285401
348 448 -0.333079
349 340 1.346919
349 359 -0.478321
349 449 0.231424
350 351 0.440143
350 360 -0.542696
350 450 -0.448547
351 352 0.533838
351 361 0.116198
351 451 2.150092
352 353 -0.340497
352 362 2.614471
352 452 0.986959
353 354 -0.414707
353 363 0.450376
353 453 -0.762893
354 355 0.509511
354 364 -0.102860
354 454 0.393372
355 356 -0.478346
355 365 0.604346
355 455 0.160977
356 357 -0.695178
356 366 -2.620753
356 456 -1.389580
357 358 -0.593678
357 367 0.289916
357 457 -0.991334
358 359 0.352892
358 368 -0.879083
358 458 0.601265
359 350 0.196233
359 369 0.852794
359 459 1.759706
360 361 0.004840
360 370 0.108317
360 460 -0.871537
361 362 0.415814
361 371 1.359041
361 461 -1.150958
362 363 0.026427
362 372 -1.719046
362 462 0.115640
363 364 1.141580
363 373 0.800377
363 463 -0.506387
364 365 -0.724219
364 374 -1.378496
364 464 -0.197437
365 366 -1.653618
365 375 -0.552943
365 465 -0.747276
366 367 -0.651893
366 376 -0.343274
366 466 -0.386994
367 368 -0.502187
367 377 1.310009
367 467 -0.389229
368 369 -0.163446
368 378 -0.624741
368 468 -1.213261
369 360 -0.924107
369 379 0.231231
369 469 0.112738
370 371 2.338763
370 380 -0.109154
370 470 -0.774130
371 372 0.218183
371 381 -0.962235
371 471 -1.029012
372 373 1.090470
372 382 -1.387327
372 472 0.073955
373 374 0.680302
373 383 0.075239
373 473 0.428448
374 375 -0.560511
374 384 -0.539440
374 474 -0.012724
375 376 0.854529
375 385 2.522779
375 475 0.662880
376 377 0.121965
376 386 0.005171
376 476 1.373487
377 378 -0.804705
377 387 -2.613314
377 477 1.312881
378 379 0.599449
378 388 -2.224534
378 478 1.566321
379 370 -0.056276
379 389 -1.280865
379 479 -0.631894
380 381 -0.164716
380 390 -0.904380
380 480 -0.348040
381 382 0.441601
381 391 -1.438479
381 481 0.292340
382 383 -0.989113
382 392 -1.039340
382 482 -0.994066
383 384 -0.614010
383 393 0.499018
383 483 -0.057847
384 385 0.770847
384 394 1.044224
384 484 -1.382449
385 386 -2.569340
385 395 -0.033273
385 485 0.428910
386 387 -1.413782
386 396 0.864480
386 486 1.702104
387 388 -0.716527
387 397 -1.156123
387 487 0.358261
388 389 -0.620702
388 398 -0.494907
388 488 -0.293638
389 380 -1.662917
389 399 -1.939812
389 489 0.413968
390 391 0.698937
390 300 0.273826
390 490 -2.774117
391 392 1.032256
391 301 -0.049235
391 491 1.618374
392 393 0.173723
392 302 0.064092
392 492 -1.088383
393 394 -0.024391
393 303 1.750319
393 493 -0.546622
394 395 -1.219588
394 304 0.393114
394 494 -1.549328
395 396 1.280113
395 305 -0.799471
395 495 -0.326565
396 397 0.894529
396 306 -1.650598
396 496 0.412263
397 398 1.093226
397 307 -0.574022
397 497 0.111195
398 399 -0.702628
398 308 0.496103
398 498 -0.380383
399 390 -1.206178
399 309 0.149730
399 499 0.296897
400 401 1.306547
400 410 -0.056408
400 500 0.100507
401 402 0.692259
401 411 0.770598
401 501 -1.380295
402 403 1.615163
402 412 -0.336508
402 502 -0.691690
403 404 -1.846964
403 413 -0.705147
403 503 -0.918728
404 405 -0.390737
404 414 -0.301964
404 504 0.506013
405 406 0.277111
405 415 0.620732
405 505 1.198263
406 407 0.823469
406 416 -1.354166
406 506 -0.622252
407 408 -0.909248
407 417 0.212220
407 507 -0.820151
408 409 3.818765
408 418 -0.534138
408 508 -2.209751
409 400 -1.840444
409 419 -1.603612
409 509 -0.546265
410 411 -0.283579
410 420 0.976922
410 510 -1.115601
411 412 2.444322
411 421 0.058804
411 511 0.615311
412 413 1.584933
412 422 -0.142849
412 512 0.017108
413 414 -0.381248
413 423 -1.227318
413 513 0.824842
414 415 -1.920059
414 424 0.159951
414 514 0.918758
415 416 -1.315766
415 425 -0.573648
415 515 -0.616349
416 417 0.277803
416 426 -1.870709
416 516 0.103637
417 418 -1.512414
417 427 -0.651096
417 517 1.696496
418 419 0.933223
418 428 -0.766015
418 518 -0.861373
419 410 -0.052466
419 429 0.220794
419 519 -0.732351
420 421 0.445874
420 430 1.692732
420 520 -1.406413
421 422 0.024651
421 431 -1.693288
421 521 -1.272189
422 423 -1.575902
422 432 -1.058736
422 522 -0.719743
423 424 0.523137
423 433 -0.982439
423 523 0.245137
424 425 0.338398
424 434 -0.269163
424 524 0.328922
425 426 0.689639
425 435 1.311758
425 525 1.884162
426 427 1.568981
426 436 -0.995134
426 526 0.284169
427 428 -0.187818
427 437 -0.997858
427 527 0.362916
428 429 0.666524
428 438 0.294686
428 528 0.101003
429 420 -1.672398
429 439 -0.010219
429 529 -1.193451
430 431 -1.872083
430 440 -0.603415
430 530 -1.308952
431 432 -0.358117
431 441 -0.551828
431 531 -1.258833
432 433 -0.846820
432 442 0.435429
432 532 -0.742766
433 434 1.901577
433 443 1.177179
433 533 -1.342492
434 435 -0.898960
434 444 -1.139478
434 534 -1.584431
435 436 -0.734723
435 445 -0.764349
435 535 -2.417952
436 437 0.515980
436 446 -0.801232
436 536 0.392226
437 438 -1.235749
437 447 -0.555768
437 537 -0.430751
438 439 -0.406701
438 448 0.843878
438 538 -0.521632
439 430 1.763291
439 449 -0.718040
439 539 0.119557
440 441 -0.943367
440 450 1.254755
440 540 -0.187578
441 442 -0.270720
441 451 0.365439
441 541 -0.327779
442 443 0.671516
442 452 0.319873
442 542 0.054599
443 444 -0.207347
443 453 0.428486
443 543 1.615302
444 445 -0.650622
444 454 1.813817
444 544 0.143713
445 446 -1.719366
445 455 0.376093
445 545 1.956365
446 447 -2.307744
446 456 -0.884260
446 546 0.847119
447 448 1.065885
447 457 2.510300
447 547 0.918173
448 449 0.253432
448 458 -1.030786
448 548 -0.295439
449 440 -1.009289
449 459 0.070398
449 549 3.412887
450 451 1.081306
450 460 0.500055
450 550 -0.437528
451 452 -0.227057
451 461 0.103918
451 551 -0.061623
452 453 -0.511430
452 462 -0.749344
452 552 -0.017891
453 454 -0.437562
453 463 0.396462
453 553 -0.203848
454 455 -0.372915
454 464 -0.952413
454 554 -0.351898
455 456 0.835966
455 465 -0.647453
455 555 -1.037422
456 457 0.684680
456 466 1.049344
456 556 0.003271
457 458 0.418626
457 467 -0.799161
457 557 0.463139
458 459 -0.101994
458 468 0.828917
458 558 -0.208417
459 450 -0.045856
459 469 0.778812
459 559 1.035952
460 461 1.917207
460 470 0.760900
460 560 -0.837375
461 462 0.988531
461 471 0.842792
461 561 2.220292
462 463 -0.467242
462 472 -0.784964
462 562 0.793718
463 464 1.959750
463 473 -0.393653
463 563 1.249302
464 465 0.482210
464 474 1.056757
464 564 0.705672
465 466 -1.910824
465 475 -2.223800
465 565 1.027914
466 467 -0.149156
466 476 -0.588275
466 566 -0.443710
467 468 -0.554839
467 477 -0.827513
467 567 -0.846909
468 469 0.049120
468 478 0.430264
468 568 -0.062292
469 460 0.091463
469 479 0.668449
469 569 -0.357144
470 471 1.299338
470 480 -0.081372
470 570 0.521242
471 472 0.924256
471 481 1.843961
471 571 0.548917
472 473 0.065226
472 482 -0.877499
472 572 0.372463
473 474 0.339310
473 483 -0.965626
473 573 -0.839959
474 475 -0.992344
474 484 1.621681
474 574 -1.322121
475 476 -0.795905
475 485 0.156515
475 575 0.316592
476 477 -0.434202
476 486 1.095189
476 576 -0.101302
477 478 -0.622253
477 487 -2.193543
477 577 0.214070
478 479 0.583878
478 488 -1.889286
478 578 1.296525
479 470 -0.179458
479 489 -1.355841
479 579 0.623745
480 481 1.415152
480 490 -0.989336
480 580 -1.679408
481 482 0.237104
481 491 1.230043
481 581 -0.950749
482 483 -1.316599
482 492 -1.332358
482 582 0.016065
483 484 -1.289778
483 493 1.006113
483 583 -0.040034
484 485 0.132366
484 494 0.265365
484 584 0.413883
485 486 -0.974031
485 495 -0.668950
485 585 0.199413
486 487 -0.290185
486 496 -0.046824
486 586 -1.002572
487 488 0.558835
487 497 0.337953
487 587 1.421203
488 489 -0.162676
488 498 -1.271280
488 588 -1.865750
489 480 -0.764700
489 499 0.013771
489 589 1.683670
490 491 -1.109276
490 400 -1.309951
490 590 0.457400
491 492 -0.303788
491 401 1.046433
491 591 1.858034
492 493 -0.241307
492 402 0.852811
492 592 -0.946919
493 494 -0.144311
493 403 -0.023004
493 593 1.506940
494 495 -0.017121
494 404 -0.657246
494 594 -1.791177
495 496 0.069652
495 405 -2.388318
495 595 -1.478487
496 497 0.460373
496 406 -0.374199
496 596 -0.395184
497 498 -1.718294
497 407 0.708954
497 597 -0.397973
498 499 0.502828
498 408 1.517513
498 598 0.213749
499 490 -0.598431
499 409 0.945052
499 599 -0.722759
500 501 1.469388
500 510 0.022053
500 600 -1.123550
501 502 -0.390633
501 511 0.384410
501 601 -0.161937
502 503 0.292480
502 512 0.604909
502 602 -1.304687
503 504 1.205451
503 513 1.853258
503 603 0.815237
504 505 2.062915
504 514 -0.000657
504 604 1.046168
505 506 -0.022571
505 515 -0.141233
505 605 -0.675989
506 507 -1.208084
506 516 -0.413622
506 606 0.801761
507 508 0.453697
507 517 -2.203096
507 607 0.789870
508 509 -0.582345
508 518 -1.342552
508 608 0.032022
509 500 0.231117
509 519 0.770305
509 609 -1.533160
510 511 -0.164082
510 520 0.394043
510 610 0.829044
511 512 0.155587
511 521 0.763462
511 611 -0.582834
512 513 0.891597
512 522 1.058820
512 612 -0.598198
513 514 -0.246995
513 523 0.102169
513 613 -0.489466
514 515 -0.137236
514 524 0.205365
514 614 -1.157934
515 516 0.947183
515 525 1.758210
515 615 -1.210294
516 517 -0.164815
516 526 0.857793
516 616 -0.276785
517 518 1.209378
517 527 0.750653
517 617 0.026193
518 519 -1.551640
518 528 0.389810
518 618 0.638059
519 510 -1.766406
519 529 -0.836061
519 619 0.802003
520 521 1.398083
520 530 0.433007
520 620 -0.250662
521 522 0.794915
521 531 0.942293
521 621 -0.237701
522 523 0.759333
522 532 0.970125
522 622 0.024539
523 524 -0.979364
523 533 0.393776
523 623 0.896643
524 525 -0.706733
524 534 0.764325
524 624 -0.621136
525 526 -0.758643
525 535 -0.868463
525 625 0.447495
526 527 1.594699
526 536 -0.244082
526 626 -0.855183
527 528 1.336686
527 537 -1.840831
527 627 -0.396188
528 529 1.122195
528 538 0.151759
528 628 1.056918
529 520 -0.701475
529 539 0.664149
529 629 -0.189888
530 531 0.069051
530 540 0.969246
530 630 -0.416148
531 532 1.319062
531 541 -2.300000
531 631 -1.716024
532 533 -0.047845
532 542 -1.785430
532 632 1.457070
533 534 0.136944
533 543 -0.345852
533 633 1.311826
534 535 1.528344
534 544 -1.625867
534 634 -0.986779
535 536 0.590602
535 545 -1.101891
535 635 0.686712
536 537 0.888100
536 546 -0.232076
536 636 1.195004
537 538 0.347652
537 547 -0.931454
537 637 0.695474
538 539 -0.329366
538 548 -1.623840
538 638 -0.057435
539 530 0.398200
539 549 0.222943
539 639 -2.200196
540 541 0.478294
540 550 1.902307
540 640 -1.263134
541 542 2.274040
541 551 -0.392762
541 641 0.534775
542 543 -0.929497
542 552 -1.812767
542 642 0.467646
543 544 -0.583183
543 553 -1.368688
543 643 0.910404
544 545 2.065658
544 554 0.923462
544 644 0.879684
545 546 1.961602
545 555 0.642629
545 645 -0.171646
546 547 1.182632
546 556 -1.404005
546 646 1.603977
547 548 -1.272258
547 557 0.422979
547 647 -0.104047
548 549 0.912640
548 558 0.343026
548 648 -0.026949
549 540 -1.700524
549 559 0.454944
549 649 0.230441
550 551 -1.001268
550 560 0.370976
550 650 1.751305
551 552 0.192255
551 561 -0.096256
551 651 -1.679231
552 553 1.260958
552 562 -2.827436
552 652 0.607234
553 554 -0.189031
553 563 -0.323317
553 653 -0.077988
554 555 -0.552936
554 564 1.340929
554 654 -0.260031
555 556 0.309256
555 565 0.742949
555 655 -0.326970
556 557 0.930130
556 566 -0.922163
556 656 0.246642
557 558 0.385657
557 567 -1.114441
557 657 -0.097032
558 559 -1.855797
558 568 1.213932
558 658 -0.711336
559 550 0.413510
559 569 0.037503
559 659 1.254614
560 561 0.271621
560 570 0.807612
560 660 1.171935
561 562 0.865904
561 571 0.189233
561 661 -0.275718
562 563 1.031331
562 572 0.234224
562 662 1.472656
563 564 -1.338786
563 573 0.056822
563 663 -0.675287
564 565 0.648415
564 574 -1.246012
564 664 0.315696
565 566 0.378037
565 575 -0.311306
565 665 -0.029659
566 567 -0.678702
566 576 -0.524742
566 666 -1.258705
567 568 0.928742
567 577 0.507840
567 667 -2.208844
568 569 -0.035312
568 578 -0.098226
568 668 0.665957
569 560 -0.671333
569 579 -0.041601
569 669 -0.213071
570 571 -0.066910
570 580 0.371569
570 670 0.236808
571 572 0.467685
571 581 -0.049639
571 671 -0.500606
572 573 0.671700
572 582 0.126633
572 672 -1.852514
573 574 -0.253031
573 583 -0.768849
573 673 -1.036160
574 575 -2.356489
574 584 -0.604385
574 674 -1.415151
575 576 0.931447
575 585 2.435252
575 675 -0.055618
576 577 1.010636
576 586 0.156304
576 676 0.838689
577 578 -0.287771
577 587 0.665739
577 677 0.081074
578 579 0.574511
578 588 -0.390035
578 678 0.282233
579 570 -1.190971
579 589 -0.129329
579 679 -1.765577
580 581 -0.308737
580 590 1.695910
580 680 -0.035520
581 582 -2.735841
581 591 0.917479
581 681 0.841239
582 583 -0.086224
582 592 -0.794731
582 682 -0.881114
583 584 -0.640630
583 593 -0.079672
583 683 0.366989
584 585 -0.874262
584 594 -0.194151
584 684 0.574927
585 586 -0.868443
585 595 0.148346
585 685 0.658363
586 587 0.817771
586 596 -0.319952
586 686 -1.399094
587 588 -1.153571
587 597 3.145865
587 687 -0.904559
588 589 -0.034121
588 598 0.161974
588 688 1.097334
589 580 0.974757
589 599 -0.185640
589 689 0.425250
590 591 -0.127138
590 500 -0.836830
590 690 -0.298485
591 592 0.986515
591 501 0.004199
591 691 -0.447775
592 593 0.074101
592 502 -0.123113
592 692 0.022148
593 594 -0.054456
593 503 -1.457688
593 693 -0.442763
594 595 0.576797
594 504 0.804155
594 694 0.246573
595 596 0.593904
595 505 -1.591598
595 695 -1.155924
596 597 1.601378
596 506 0.459768
596 696 0.192238
597 598 -1.458565
597 507 -0.607435
597 697 0.209134
598 599 -0.110499
598 508 -1.564943
598 698 -0.867759
599 590 -0.311331
599 509 -2.371039
599 699 -0.032846
600 601 -0.385630
600 610 -0.417814
600 700 1.697529
601 602 -0.302699
601 611 -1.505762
601 701 -2.217090
602 603 0.843581
602 612 -0.190732
602 702 -1.044882
603 604 0.674166
603 613 0.354143
603 703 -0.727632
604 605 2.593969
604 614 -0.126993
604 704 0.430050
605 606 -0.118026
605 615 -1.322789
605 705 0.750426
606 607 -0.947740
606 616 -0.713788
606 706 -2.154600
607 608 -0.508132
607 617 -1.453063
607 707 -0.255428
608 609 -1.722336
608 618 1.101025
608 708 -0.040047
609 600 -1.917579
609 619 -1.149971
609 709 -1.207243
610 611 0.317156
610 620 -2.201327
610 710 -1.217083
611 612 0.776863
611 621 0.323902
611 711 -0.514622
612 613 -0.351354
612 622 2.446377
612 712 0.630191
613 614 -0.996225
613 623 -0.364656
613 713 0.481872
614 615 0.356670
614 624 0.429067
614 714 -0.803398
615 616 -0.634860
615 625 -0.799410
615 715 0.484474
616 617 -0.486890
616 626 -1.779536
616 716 -0.389695
617 618 -1.070522
617 627 0.147577
617 717 0.457414
618 619 -0.796326
618 628 -1.092553
618 718 -2.341342
619 610 -0.410441
619 629 -2.204989
619 719 -0.354593
620 621 -1.572082
620 630 1.452532
620 720 0.457932
621 622 0.081669
621 631 0.706376
621 721 -1.050909
622 623 1.114343
622 632 -0.122612
622 722 0.962548
623 624 -0.476047
623 633 -1.587927
623 723 0.378155
624 625 -0.621316
624 634 0.375916
624 724 -1.243003
625 626 1.308635
625 635 0.658534
625 725 0.049854
626 627 -0.979412
626 636 -0.593595
626 726 -1.683433
627 628 0.166252
627 637 -0.960573
627 727 1.332691
628 629 0.368335
628 638 0.458232
628 728 -2.627617
629 620 -1.380426
629 639 0.812309
629 729 0.561746
630 631 0.760320
630 640 -1.625953
630 730 -0.766913
631 632 -0.155153
631 641 -0.601233
631 731 0.472749
632 633 1.384952
632 642 -0.148630
632 732 0.327045
633 634 0.216859
633 643 0.595978
633 733 0.443314
634 635 -0.107364
634 644 -1.892527
634 734 -1.126010
635 636 0.383020
635 645 1.390848
635 735 -1.445629
636 637 -0.851734
636 646 -0.350961
636 736 -0.501746
637 638 0.180902
637 647 -2.289374
637 737 0.076881
638 639 0.696857
638 648 -0.266781
638 738 -1.215770
639 630 -0.577413
639 649 -0.192942
639 739 0.317712
640 641 -0.275663
640 650 -0.248094
640 740 -0.527281
641 642 -0.080048
641 651 0.092385
641 741 -2.244808
642 643 -1.177512
642 652 1.231436
642 742 -0.109105
643 644 0.577314
643 653 0.048130
643 743 0.137560
644 645 -0.891174
644 654 -1.251156
644 744 2.489766
645 646 1.711091
645 655 -1.323803
645 745 -1.067701
646 647 1.410991
646 656 1.083211
646 746 -1.417020
647 648 0.393359
647 657 0.453868
647 747 0.568136
648 649 -0.496287
648 658 -0.324829
648 748 0.096972
649 640 0.377660
649 659 0.705652
649 749 -0.572928
650 651 -1.227476
650 660 -0.566726
650 750 1.839922
651 652 0.499037
651 661 -1.348795
651 751 -0.254780
652 653 1.161269
652 662 -0.363538
652 752 0.028948
653 654 -0.224777
653 663 1.908666
653 753 0.294610
654 655 0.238927
654 664 -0.703590
654 754 0.523533
655 656 3.077336
655 665 -0.995297
655 755 -0.418749
656 657 1.818369
656 666 -0.208995
656 756 0.546022
657 658 0.489997
657 667 1.473245
657 757 -0.306105
658 659 0.538131
658 668 0.571530
658 758 -1.155224
659 650 0.403017
659 669 1.603563
659 759 1.060292
660 661 -0.437549
660 670 0.143917
660 760 0.440426
661 662 -0.098733
661 671 -0.615018
661 761 0.742142
662 663 0.730533
662 672 1.042437
662 762 1.502548
663 664 0.908601
663 673 0.474182
663 763 0.782674
664 665 0.103135
664 674 1.314460
664 764 -0.982479
665 666 1.186466
665 675 -0.964426
665 765 -1.124078
666 667 -0.561374
666 676 0.070687
666 766 -0.168741
667 668 -0.039815
667 677 -0.958013
667 767 0.388710
668 669 -0.109913
668 678 -0.425053
668 768 0.353944
669 660 1.268364
669 679 -0.519008
669 769 -0.834658
670 671 -1.835863
670 680 2.421043
670 770 0.549175
671 672 -1.036851
671 681 0.181086
671 771 0.014246
672 673 1.962685
672 682 0.318281
672 772 -1.056548
673 674 -0.504839
673 683 2.188017
673 773 0.439877
674 675 0.515504
674 684 1.133762
674 774 -0.288147
675 676 -1.021171
675 685 -0.329118
675 775 0.250670
676 677 -1.186004
676 686 -0.296248
676 776 -0.622597
677 678 0.237637
677 687 0.276724
677 777 -0.830969
678 679 0.294467
678 688 -0.763680
678 778 0.328302
679 670 0.116515
679 689 0.147234
679 779 -1.032382
680 681 0.689786
680 690 -0.259640
680 780 1.101280
681 682 -1.105680
681 691 1.477615
681 781 -0.581898
682 683 -0.144956
682 692 0.721026
682 782 -0.360306
683 684 1.575467
683 693 -0.057764
683 783 -0.866872
684 685 0.007474
684 694 -0.430199
684 784 -0.913106
685 686 -0.933468
685 695 -0.104747
685 785 -2.854728
686 687 1.196867
686 696 0.525401
686 786 -1.209186
687 688 0.539534
687 697 -3.109682
687 787 -0.295897
688 689 -1.013306
688 698 -1.002025
688 788 1.146135
689 680 -0.416750
689 699 -0.021102
689 789 0.981145
690 691 0.096118
690 600 0.030141
690 790 1.502890
691 692 0.388418
691 601 -0.719404
691 791 0.023497
692 693 0.238895
692 602 -1.323840
692 792 -1.983636
693 694 1.919924
693 603 0.492729
693 793 -0.021944
694 695 1.019438
694 604 -0.894425
694 794 -0.946423
695 696 0.733382
695 605 1.703046
695 795 0.445055
696 697 0.908709
696 606 1.291394
696 796 -0.431681
697 698 -1.073742
697 607 0.005906
697 797 1.591531
698 699 0.239054
698 608 0.677660
698 798 -0.381749
699 690 0.424464
699 609 -0.278919
699 799 -0.129874
700 701 0.523568
700 710 -0.825966
700 800 -1.176969
701 702 -2.636320
701 711 1.258825
701 801 1.588252
702 703 0.598407
702 712 -1.547741
702 802 -0.105480
703 704 0.838458
703 713 0.388931
703 803 1.544887
704 705 -1.549268
704 714 -0.563186
704 804 -0.703752
705 706 0.062266
705 715 0.741636
705 805 0.526331
706 707 -1.154570
706 716 -0.246949
706 806 -0.212369
707 708 -0.399839
707 717 -0.620315
707 807 -0.091846
708 709 0.951381
708 718 -0.329201
708 808 -0.049385
709 700 2.382604
709 719 -1.786282
709 809 0.134189
710 711 1.640936
710 720 -1.239349
710 810 -1.177103
711 712 -0.969592
711 721 0.283315
711 811 0.082616
712 713 -1.052156
712 722 -0.230124
712 812 -0.614703
713 714 -0.363515
713 723 0.540641
713 813 0.698457
714 715 -0.115001
714 724 0.566432
714 814 -0.166849
715 716 -0.214254
715 725 0.437259
715 815 0.979995
716 717 -1.189403
716 726 -2.873133
716 816 -0.585187
717 718 0.670373
717 727 -2.184901
717 817 -0.066017
718 719 -0.329707
718 728 0.812437
718 818 -1.008882
719 710 -1.126439
719 729 -1.028533
719 819 -0.043890
720 721 -2.304139
720 730 0.023912
720 820 0.630574
721 722 -1.173494
721 731 -0.875144
721 821 1.206698
722 723 0.265608
722 732 -1.625683
722 822 -2.827981
723 724 -0.661530
723 733 -2.619839
723 823 -0.415188
724 725 1.563174
724 734 -0.014752
724 824 -0.550978
725 726 0.662751
725 735 -0.923521
725 825 0.801719
726 727 0.440761
726 736 2.264364
726 826 0.250244
727 728 1.426671
727 737 -0.556227
727 827 -1.833715
728 729 -0.996891
728 738 -0.929164
728 828 1.676618
729 720 -0.398359
729 739 0.105970
729 829 -1.225163
730 731 -0.402179
730 740 1.246266
730 830 0.956157
731 732 -0.452440
731 741 0.502541
731 831 -0.273867
732 733 0.487939
732 742 0.448502
732 832 0.648247
733 734 -0.082394
733 743 -0.390807
733 833 0.589480
734 735 -0.439087
734 744 -0.023473
734 834 -0.854795
735 736 -0.401506
735 745 -1.562079
735 835 -0.898606
736 737 -1.239828
736 746 -0.589280
736 836 -0.299177
737 738 2.153111
737 747 1.065337
737 837 0.958115
738 739 -0.362689
738 748 0.105889
738 838 1.172223
739 730 -1.360867
739 749 -0.974834
739 839 0.748597
740 741 -0.000624
740 750 2.283188
740 840 -0.487677
741 742 -1.107229
741 751 0.769595
741 841 -1.383239
742 743 1.301385
742 752 -1.267786
742 842 0.085575
743 744 1.367888
743 753 0.954555
743 843 -0.535412
744 745 -0.802553
744 754 -0.734686
744 844 -1.397656
745 746 1.880993
745 755 -0.449415
745 845 -0.417192
746 747 1.237248
746 756 0.890603
746 846 0.892158
747 748 -1.338878
747 757 1.355194
747 847 0.533647
748 749 0.702545
748 758 -0.366671
748 848 0.381796
749 740 -1.806457
749 759 -0.528108
749 849 -0.214603
750 751 -1.277262
750 760 -1.204238
750 850 -0.686364
751 752 0.993933
751 761 -0.850066
751 851 0.193236
752 753 0.889937
752 762 0.937385
752 852 0.815990
753 754 -0.372088
753 763 0.846340
753 853 0.523265
754 755 1.019710
754 764 -0.638394
754 854 0.706199
755 756 -0.061051
755 765 0.435972
755 855 -1.240820
756 757 0.931473
756 766 1.093711
756 856 -0.800507
757 758 1.134970
757 767 -0.108791
757 857 0.425731
758 759 -1.669214
758 768 1.139049
758 858 0.580588
759 750 -0.077404
759 769 0.746381
759 859 0.299274
760 761 0.032852
760 770 0.186366
760 860 1.205500
761 762 -1.739570
761 771 -1.202733
761 861 -0.382128
762 763 -0.858466
762 772 -0.351201
762 862 0.772200
763 764 0.527974
763 773 1.122889
763 863 0.122299
764 765 -0.462095
764 774 -0.788776
764 864 0.401081
765 766 -0.117881
765 775 2.135775
765 865 0.075979
766 767 -0.083692
766 776 0.545701
766 866 1.703244
767 768 1.637845
767 777 0.645506
767 867 0.069532
768 769 -2.085487
768 778 0.336122
768 868 -0.262535
769 760 -0.786874
769 779 -1.290137
769 869 0.509659
770 771 -0.327330
770 780 0.063332
770 870 -1.043860
771 772 0.498246
771 781 -0.521873
771 871 -0.577698
772 773 1.893825
772 782 -0.879183
772 872 -0.855466
773 774 -0.478210
773 783 -1.632666
773 873 -0.446590
774 775 0.061576
774 784 -1.240059
774 874 1.020505
775 776 -0.171268
775 785 0.898260
775 875 -2.353630
776 777 -0.897156
776 786 0.108113
776 876 1.205282
777 778 -0.198513
777 787 -1.835366
777 877 0.290398
778 779 -1.196364
778 788 1.974946
778 878 -0.950101
779 770 0.853574
779 789 -2.093260
779 879 -0.367167
780 781 0.716499
780 790 -1.218634
780 880 -1.934353
781 782 0.117676
781 791 -0.418809
781 881 0.298775
782 783 1.077898
782 792 -0.959698
782 882 0.927182
783 784 0.168313
783 793 0.124098
783 883 1.955746
784 785 0.333225
784 794 -0.123004
784 884 -0.844183
785 786 0.021794
785 795 2.076864
785 885 0.158025
786 787 -1.203161
786 796 0.657558
786 886 -0.790347
787 788 -0.002744
787 797 -0.801198
787 887 -0.341259
788 789 0.871342
788 798 -0.215598
788 888 -0.026259
789 780 -0.811522
789 799 1.046006
789 889 -0.697332
790 791 0.129004
790 700 -0.085247
790 890 0.719723
791 792 1.109092
791 701 1.109790
791 891 0.321392
792 793 1.559952
792 702 -1.317231
792 892 1.043838
793 794 -2.069402
793 703 -2.267841
793 893 0.017283
794 795 -1.502942
794 704 -0.532014
794 894 -0.192425
795 796 -0.251329
795 705 -1.321388
795 895 0.754171
796 797 -0.207039
796 706 0.475276
796 896 -0.193085
797 798 -0.257176
797 707 -0.017009
797 897 -0.109489
798 799 1.661913
798 708 -1.395290
798 898 0.369599
799 790 0.422736
799 709 -0.474956
799 899 -0.147632
800 801 1.507730
800 810 1.181059
800 900 -0.048013
801 802 0.318421
801 811 -2.353176
801 901 0.402224
802 803 -1.787759
802 812 -0.364593
802 902 0.043305
803 804 -1.205545
803 813 0.756262
803 903 0.156867
804 805 1.581741
804 814 -1.583544
804 904 0.405168
805 806 -1.267749
805 815 0.665779
805 905 1.215212
806 807 -1.140110
806 816 -1.221164
806 906 1.758427
807 808 -0.704020
807 817 0.867526
807 907 -0.865279
808 809 0.967922
808 818 -0.497993
808 908 1.292765
809 800 0.546846
809 819 1.553013
809 909 0.923071
810 811 -0.120653
810 820 0.022663
810 910 -0.799167
811 812 -1.564322
811 821 -0.056020
811 911 0.018382
812 813 -1.075088
812 822 1.213035
812 912 0.340120
813 814 0.598372
813 823 -0.072425
813 913 0.049627
814 815 0.618589
814 824 -2.134406
814 914 -1.350874
815 816 -0.225740
815 825 0.895212
815 915 -0.432935
816 817 -0.513675
816 826 -1.349572
816 916 -1.145043
817 818 -0.196687
817 827 -1.847108
817 917 -0.260805
818 819 1.540511
818 828 -1.451414
818 918 -0.101422
819 810 -1.094217
819 829 -0.823156
819 919 0.600695
820 821 -2.366759
820 830 1.153884
820 920 -0.024463
821 822 0.081459
821 831 1.827145
821 921 -0.290880
822 823 0.892790
822 832 -2.615301
822 922 -0.882555
823 824 -0.443840
823 833 0.501261
823 923 0.812826
824 825 -0.414159
824 834 -0.566755
824 924 0.131127
825 826 0.565709
825 835 -0.649828
825 925 -0.144777
826 827 -0.903186
826 836 -0.981331
826 926 -0.926582
827 828 0.063634
827 837 -0.207998
827 927 0.084943
828 829 0.657199
828 838 -2.300149
828 928 -0.567045
829 820 -0.830917
829 839 -0.247989
829 929 -0.528753
830 831 -0.907147
830 840 -0.953700
830 930 0.100431
831 832 1.527637
831 841 0.452037
831 931 -0.499452
832 833 -0.974815
832 842 0.548856
832 932 -0.012049
833 834 0.873699
833 843 0.667957
833 933 -1.496173
834 835 1.110860
834 844 -0.008692
834 934 1.407409
835 836 1.266207
835 845 -0.830466
835 935 -0.326832
836 837 0.196606
836 846 0.678200
836 936 0.763124
837 838 -0.175701
837 847 -1.744955
837 937 1.719112
838 839 1.323375
838 848 -0.693814
838 938 0.439480
839 830 -1.105714
839 849 -1.804991
839 939 -1.008243
840 841 -0.435876
840 850 -0.628462
840 940 0.705571
841 842 -1.646785
841 851 0.014273
841 941 1.055986
842 843 -1.657895
842 852 -1.385612
842 942 -0.609648
843 844 -0.067078
843 853 1.878053
843 943 1.785648
844 845 -1.001918
844 854 0.737864
844 944 0.374585
845 846 -0.167873
845 855 -1.160374
845 945 -1.081464
846 847 -1.551223
846 856 1.191651
846 946 -0.518082
847 848 -0.378526
847 857 0.341508
847 947 0.130145
848 849 -0.108874
848 858 0.610295
848 948 0.151488
849 840 -2.150329
849 859 -0.823274
849 949 1.233278
850 851 -0.923144
850 860 -1.800304
850 950 -0.497171
851 852 1.097874
851 861 -0.017320
851 951 1.173235
852 853 -0.381780
852 862 -1.783026
852 952 0.489690
853 854 -0.967668
853 863 -0.947633
853 953 0.115359
854 855 1.153152
854 864 -0.122234
854 954 1.269343
855 856 -0.956206
855 865 -0.622197
855 955 -0.325481
856 857 -0.624662
856 866 -1.717165
856 956 -0.323379
857 858 -0.073303
857 867 0.647339
857 957 -1.469223
858 859 0.358747
858 868 1.254300
858 958 0.208707
859 850 0.288322
859 869 0.620519
859 959 -0.356771
860 861 0.678507
860 870 -0.665465
860 960 0.434044
861 862 -0.029267
861 871 -0.544604
861 961 -1.791101
862 863 0.390244
862 872 -0.048848
862 962 1.174383
863 864 0.830924
863 873 -0.416819
863 963 -1.665487
864 865 -1.266214
864 874 -1.429437
864 964 -0.520733
865 866 0.107783
865 875 0.392345
865 965 0.645664
866 867 0.460260
866 876 0.534735
866 966 -0.512556
867 868 2.373206
867 877 -0.433765
867 967 -0.167345
868 869 -1.325556
868 878 0.591296
868 968 -0.418131
869 860 0.888446
869 879 -1.019123
869 969 -0.418380
870 871 0.340719
870 880 0.167625
870 970 0.441941
871 872 1.966077
871 881 0.090995
871 971 1.645507
872 873 -0.492679
872 882 0.884610
872 972 1.342816
873 874 -0.842930
873 883 0.277241
873 973 -0.590246
874 875 -0.251554
874 884 0.632654
874 974 -1.382368
875 876 0.531864
875 885 1.050115
875 975 -0.333753
876 877 -0.236752
876 886 0.238010
876 976 0.331313
877 878 1.406358
877 887 -0.290095
877 977 -0.563370
878 879 0.696911
878 888 0.292617
878 978 -0.746534
879 870 0.746722
879 889 -1.416491
879 979 -1.363446
880 881 -0.818525
880 890 1.149198
880 980 0.356551
881 882 -1.092722
881 891 -0.124547
881 981 0.015534
882 883 1.082723
882 892 -0.895012
882 982 0.190338
883 884 -0.885898
883 893 0.213977
883 983 -0.172568
884 885 -0.685435
884 894 0.060958
884 984 -0.965210
885 886 -0.228127
885 895 -1.529307
885 985 0.210197
886 887 -0.472680
886 896 -0.324651
886 986 -0.778340
887 888 -1.021890
887 897 -0.228690
887 987 -2.675215
888 889 -1.112738
888 898 0.462616
888 988 1.730875
889 880 0.803137
889 899 0.067153
889 989 -0.647323
890 891 0.122637
890 800 -0.119030
890 990 0.871981
891 892 1.524865
891 801 0.075237
891 991 -0.627545
892 893 -0.984901
892 802 0.296362
892 992 -0.820467
893 894 -0.441904
893 803 0.402808
893 993 -2.001009
894 895 0.465760
894 804 0.053528
894 994 1.173717
895 896 -1.510039
895 805 -0.817560
895 995 1.202101
896 897 -0.804423
896 806 -2.489562
896 996 0.698635
897 898 0.402524
897 807 1.254987
897 997 -1.739200
898 899 0.027154
898 808 0.925975
898 998 -0.142941
899 890 1.481567
899 809 0.358829
899 999 1.488481
900 901 1.035278
900 910 -0.448705
900 0 -0.459599
901 902 -1.306332
901 911 -0.744001
901 1 -0.921379
902 903 0.091883
902 912 1.190480
902 2 -0.934214
903 904 1.428580
903 913 1.221591
903 3 0.656123
904 905 -0.639235
904 914 -0.047714
904 4 -0.136243
905 906 0.237519
905 915 -0.568400
905 5 -0.493681
906 907 -0.592860
906 916 0.858154
906 6 0.610586
907 908 1.847562
907 917 0.144780
907 7 -0.225855
908 909 -0.530527
908 918 0.728439
908 8 -0.295096
909 900 -0.526532
909 919 -0.749173
909 9 0.684566
910 911 0.479480
910 920 0.085141
910 10 -0.511712
911 912 0.509073
911 921 0.558001
911 11 -0.503263
912 913 -1.390421
912 922 0.774105
912 12 0.139041
913 914 -0.297714
913 923 -1.562990
913 13 -1.332386
914 915 -1.445074
914 924 -0.673969
914 14 -0.220431
915 916 0.809887
915 925 0.397996
915 15 0.598415
916 917 1.648170
916 926 0.066998
916 16 1.022517
917 918 0.093949
917 927 0.084460
917 17 -0.853539
918 919 0.125794
918 928 -0.076201
918 18 -0.717845
919 910 -0.049947
919 929 -0.575981
919 19 1.502366
920 921 0.112784
920 930 0.719398
920 20 -1.366359
921 922 0.520710
921 931 1.927568
921 21 1.767777
922 923 -1.042776
922 932 -1.037043
922 22 1.577632
923 924 1.179466
923 933 -0.718705
923 23 0.806121
924 925 -0.161422
924 934 -0.333066
924 24 1.091015
925 926 -0.055820
925 935 -1.650548
925 25 -0.171983
926 927 1.563898
926 936 0.631703
926 26 1.447630
927 928 -0.498430
927 937 0.033098
927 27 1.011383
928 929 0.366011
928 938 0.292993
928 28 1.219835
929 920 0.703495
929 939 0.745782
929 29 -0.950084
930 931 -0.265325
930 940 -1.402782
930 30 0.082445
931 932 -0.083451
931 941 0.937575
931 31 0.072004
932 933 -0.396775
932 942 -1.212964
932 32 -0.896080
933 934 -0.968051
933 943 -0.448707
933 33 -1.987785
934 935 -0.076816
934 944 -0.847092
934 34 0.528869
935 936 -0.764715
935 945 0.457077
935 35 0.876553
936 937 1.357259
936 946 0.235055
936 36 -0.197101
937 938 -0.371618
937 947 -1.803898
937 37 -0.238316
938 939 -1.210849
938 948 0.592957
938 38 1.615586
939 930 -0.268885
939 949 -1.443509
939 39 -0.688413
940 941 0.139523
940 950 0.626684
940 40 0.944290
941 942 0.418630
941 951 1.630552
941 41 -0.005298
942 943 0.320428
942 952 -0.160884
942 42 2.025806
943 944 0.174819
943 953 0.860229
943 43 -1.144430
944 945 0.283063
944 954 -0.771246
944 44 -0.959012
945 946 -1.527421
945 955 -1.478513
945 45 -0.724457
946 947 -2.293627
946 956 0.015912
946 46 -0.782487
947 948 -0.431901
947 957 0.772482
947 47 -1.131588
948 949 1.396780
948 958 -0.157775
948 48 -0.124542
949 940 1.701249
949 959 1.539327
949 49 -2.003758
950 951 -0.971571
950 960 0.649804
950 50 -1.596791
951 952 1.000783
951 961 -0.303065
951 51 0.769950
952 953 2.477582
952 962 0.265837
952 52 -1.195293
953 954 1.888563
953 963 0.532357
953 53 -1.546996
954 955 1.242723
954 964 0.282009
954 54 1.155090
955 956 1.279219
955 965 0.688683
955 55 -0.405904
956 957 0.989739
956 966 -0.757212
956 56 0.269225
957 958 -0.104034
957 967 -0.550687
957 57 0.496159
958 959 0.863982
958 968 -0.032227
958 58 -1.106584
959 950 -0.640413
959 969 -0.074198
959 59 1.768554
960 961 -0.422534
960 970 0.939659
960 60 -0.150077
961 962 1.009145
961 971 -0.021612
961 61 -0.382597
962 963 -0.635565
962 972 0.020322
962 62 -0.670930
963 964 -1.030540
963 973 -0.650520
963 63 -2.173167
964 965 -0.783500
964 974 -0.178300
964 64 0.564667
965 966 -1.088361
965 975 -0.859204
965 65 0.240941
966 967 -0.695844
966 976 -2.197088
966 66 0.175696
967 968 1.403274
967 977 0.757729
967 67 -1.537486
968 969 0.320472
968 978 0.141323
968 68 0.499385
969 960 -2.255793
969 979 -1.217578
969 69 0.179782
970 971 1.352625
970 980 -0.228643
970 70 -1.087854
971 972 -0.143304
971 981 -1.144980
971 71 -0.113702
972 973 -0.030841
972 982 0.207721
972 72 0.741239
973 974 -0.391023
973 983 -0.943008
973 73 -2.036520
974 975 -1.280995
974 984 -0.642098
974 74 1.416641
975 976 0.070069
975 985 0.103028
975 75 0.892782
976 977 0.634047
976 986 -0.789119
976 76 0.616486
977 978 1.085329
977 987 0.990529
977 77 -0.526584
978 979 0.851940
978 988 -0.038193
978 78 -1.341798
979 970 0.054707
979 989 1.411347
979 79 -0.890974
980 981 -1.223174
980 990 1.951459
980 80 1.111087
981 982 0.135912
981 991 1.179723
981 81 0.601634
982 983 -0.724692
982 992 0.467626
982 82 -0.295547
983 984 -0.044888
983 993 1.098550
983 83 0.569949
984 985 -3.119155
984 994 -0.209801
984 84 1.051187
985 986 0.612000
985 995 0.586368
985 85 -0.021645
986 987 0.410125
986 996 0.295203
986 86 -0.288336
987 988 0.524460
987 997 -0.086703
987 87 1.484199
988 989 0.843579
988 998 1.918582
988 88 -1.559587
989 980 -0.072996
989 999 1.044919
989 89 1.333860
990 991 -0.697152
990 900 -0.176693
990 90 -0.456198
991 992 1.582474
991 901 -0.280229
991 91 1.178803
992 993 0.671746
992 902 -0.151767
992 92 -0.016416
993 994 1.287250
993 903 0.259535
993 93 -0.726831
994 995 -0.327488
994 904 -1.117926
994 94 -0.254007
995 996 0.200966
995 905 -0.340649
995 95 -1.877048
996 997 -0.139537
996 906 0.045757
996 96 -1.384001
997 998 1.589653
997 907 1.283653
997 97 2.684436
998 999 -0.594955
998 908 -0.284361
998 98 0.326957
999 990 -0.468567
999 909 -0.616347
999 99 0.656215
