0 1 -0.692685
0 10 0.650851
0 100 1.105265
1 2 0.291358
1 11 0.134432
1 101 0.658019
2 3 0.349430
2 12 -0.235504
2 102 0.194847
3 4 1.581859
3 13 -0.188420
3 103 -1.397367
4 5 -0.694430
4 14 1.394695
4 104 -1.497480
5 6 0.018640
5 15 0.568168
5 105 -0.957476
6 7 -0.384667
6 16 1.895700
6 106 0.748392
7 8 -1.854037
7 17 -0.374763
7 107 0.502339
8 9 -0.389248
8 18 1.224858
8 108 -0.620911
9 0 1.095403
9 19 -0.931033
9 109 0.155823
10 11 -0.968577
10 20 -0.934301
10 110 1.194742
11 12 0.429664
11 21 0.507034
11 111 0.544831
12 13 -0.334664
12 22 -0.785184
12 112 -0.191819
13 14 0.011584
13 23 0.161906
13 113 1.218872
14 15 -0.572245
14 24 0.246331
14 114 -1.021167
15 16 -0.259439
15 25 0.687820
15 115 -1.371988
16 17 -0.862934
16 26 -0.449062
16 116 -1.254926
17 18 0.279544
17 27 -0.276441
17 117 0.691898
18 19 1.472749
18 28 -1.162035
18 118 -1.190154
19 10 1.865113
19 29 0.967911
19 119 0.689499
20 21 0.916541
20 30 3.363679
20 120 -0.846784
21 22 -0.277804
21 31 -0.785467
21 121 -0.141632
22 23 -1.112785
22 32 -0.216391
22 122 2.624308
23 24 1.211673
23 33 2.569475
23 123 0.647523
24 25 -1.099278
24 34 -0.107209
24 124 0.960549
25 26 0.073238
25 35 1.174707
25 125 -0.301511
26 27 -0.504213
26 36 -0.938212
26 126 0.702531
27 28 0.268861
27 37 0.269976
27 127 1.143709
28 29 -0.448887
28 38 1.529578
28 128 0.940709
29 20 0.622823
29 39 -1.438057
29 129 0.287201
30 31 0.799356
30 40 -1.960957
30 130 1.673112
31 32 0.205610
31 41 -0.029921
31 131 -0.710919
32 33 0.121749
32 42 1.706289
32 132 -1.717565
33 34 0.371933
33 43 0.870276
33 133 -0.039431
34 35 0.211638
34 44 0.265833
34 134 0.245767
35 36 -1.477376
35 45 2.203710
35 135 1.142866
36 37 -0.384761
36 46 1.652814
36 136 0.131425
37 38 -0.753288
37 47 -0.066428
37 137 -0.256076
38 39 0.681345
38 48 0.692435
38 138 -0.881381
39 30 -0.196785
39 49 2.597153
39 139 0.350835
40 41 0.416709
40 50 -0.442481
40 140 -0.510106
41 42 0.212418
41 51 0.018248
41 141 -0.275183
42 43 0.357282
42 52 -0.583690
42 142 -0.617078
43 44 0.021187
43 53 1.825972
43 143 -0.119524
44 45 -0.746777
44 54 -0.688140
44 144 1.593736
45 46 -1.748598
45 55 -1.341648
45 145 0.543943
46 47 0.448631
46 56 -0.964325
46 146 0.568314
47 48 -1.398452
47 57 0.179461
47 147 -1.483117
48 49 0.673244
48 58 1.436231
48 148 0.335331
49 40 -0.311853
49 59 -1.603005
49 149 -0.035525
50 51 -0.382226
50 60 0.285047
50 150 0.413903
51 52 0.941103
51 61 0.559430
51 151 -1.532958
52 53 0.068234
52 62 -0.479266
52 152 0.434164
53 54 0.376324
53 63 1.012068
53 153 -0.103169
54 55 2.755338
54 64 -2.186418
54 154 -0.811068
55 56 0.277231
55 65 -1.161392
55 155 -1.090990
56 57 -1.079878
56 66 -1.191108
56 156 -1.769411
57 58 -1.061230
57 67 -0.621023
57 157 -0.538528
58 59 -0.438647
58 68 1.796152
58 158 -0.367958
59 50 1.477680
59 69 -0.819157
59 159 -1.152691
60 61 1.736141
60 70 -0.278017
60 160 2.004599
61 62 0.638032
61 71 -0.984768
61 161 0.177348
62 63 0.076532
62 72 -0.517071
62 162 -2.448191
63 64 -0.612612
63 73 -1.047390
63 163 -0.593070
64 65 1.567940
64 74 -0.120295
64 164 0.584959
65 66 -2.129104
65 75 0.807196
65 165 -0.090929
66 67 -0.790503
66 76 -1.377739
66 166 -1.136849
67 68 -0.553413
67 77 0.646229
67 167 2.052997
68 69 -0.130577
68 78 1.761729
68 168 1.825715
69 60 -0.317088
69 79 -1.219726
69 169 -1.434445
70 71 0.599218
70 80 -0.927082
70 170 0.355088
71 72 0.317109
71 81 0.539535
71 171 -0.924182
72 73 -0.731224
72 82 0.953819
72 172 0.147636
73 74 0.753102
73 83 1.089087
73 173 0.409577
74 75 -0.351142
74 84 -1.029223
74 174 0.638341
75 76 -2.014641
75 85 1.227154
75 175 -1.836802
76 77 1.364694
76 86 -1.396804
76 176 -0.264231
77 78 -0.065203
77 87 -0.326595
77 177 -0.423077
78 79 -1.277442
78 88 0.795512
78 178 0.173104
79 70 2.133080
79 89 -0.223605
79 179 0.278843
80 81 1.976823
80 90 -1.504797
80 180 -1.061890
81 82 -0.529892
81 91 -0.763811
81 181 -1.797678
82 83 0.294260
82 92 -1.715941
82 182 -0.925530
83 84 -0.955568
83 93 0.898557
83 183 -0.989065
84 85 -0.316100
84 94 1.522969
84 184 0.769132
85 86 0.234662
85 95 -0.415597
85 185 -0.176790
86 87 -0.922407
86 96 -1.048321
86 186 -1.265994
87 88 -0.477815
87 97 -0.941010
87 187 -0.741807
88 89 1.258002
88 98 0.311173
88 188 -0.102062
89 80 -0.395263
89 99 -0.353028
89 189 0.074473
90 91 -0.031635
90 0 -1.520432
90 190 1.648312
91 92 0.617028
91 1 -1.084052
91 191 -0.353824
92 93 -0.549298
92 2 -0.512356
92 192 0.705613
93 94 -0.697071
93 3 -0.218352
93 193 0.598684
94 95 0.520996
94 4 -1.117074
94 194 -0.334673
95 96 -1.149760
95 5 -1.200036
95 195 0.217114
96 97 -0.770353
96 6 -0.246108
96 196 -0.077746
97 98 -0.767074
97 7 -0.830629
97 197 -0.001341
98 99 1.542698
98 8 0.249433
98 198 -1.631057
99 90 0.837722
99 9 0.294737
99 199 0.740438
100 101 -0.164477
100 110 -1.326708
100 200 0.923946
101 102 -0.452967
101 111 -0.617511
101 201 0.575408
102 103 -1.743734
102 112 -0.503049
102 202 -0.803639
103 104 -0.015532
103 113 0.363725
103 203 0.814302
104 105 -0.118604
104 114 1.993004
104 204 1.491348
105 106 0.193674
105 115 0.736463
105 205 -1.258452
106 107 -2.785814
106 116 -0.020777
106 206 -0.742948
107 108 -0.407400
107 117 0.606737
107 207 -0.396508
108 109 -1.564263
108 118 0.475923
108 208 1.263080
109 100 0.278377
109 119 0.457606
109 209 -0.435362
110 111 -0.561515
110 120 -1.000637
110 210 -1.866683
111 112 -0.297209
111 121 -1.862421
111 211 1.493622
112 113 -1.462412
112 122 1.675879
112 212 0.416829
113 114 -0.554267
113 123 1.867687
113 213 -0.509992
114 115 0.894340
114 124 -0.036918
114 214 -1.480549
115 116 -0.710408
115 125 -0.684086
115 215 -0.724851
116 117 -1.067006
116 126 -0.816551
116 216 -0.358926
117 118 -0.793286
117 127 -0.358823
117 217 0.657772
118 119 -0.418615
118 128 0.024521
118 218 0.561910
119 110 0.293628
119 129 1.124778
119 219 0.259725
120 121 2.021132
120 130 -0.978601
120 220 -0.400131
121 122 0.812906
121 131 0.843255
121 221 -0.425012
122 123 1.494273
122 132 1.165656
122 222 1.066118
123 124 0.092505
123 133 0.142415
123 223 -0.873870
124 125 -1.831093
124 134 -0.001489
124 224 1.481579
125 126 -0.113631
125 135 0.697716
125 225 -0.046220
126 127 0.854808
126 136 0.833448
126 226 0.550425
127 128 -0.735098
127 137 0.255415
127 227 -0.098308
128 129 0.499455
128 138 0.287445
128 228 0.219612
129 120 -0.534489
129 139 -0.779572
129 229 -0.154436
130 131 0.308270
130 140 1.649225
130 230 -0.683311
131 132 -0.134193
131 141 -0.737722
131 231 0.787695
132 133 0.403119
132 142 -2.421102
132 232 -1.359685
133 134 1.661373
133 143 0.434814
133 233 0.088118
134 135 1.091952
134 144 -0.251016
134 234 -0.553012
135 136 -0.299799
135 145 -0.041192
135 235 -0.135141
136 137 0.268458
136 146 1.239708
136 236 -0.153949
137 138 -1.019157
137 147 1.411996
137 237 1.787576
138 139 -0.694593
138 148 -0.478872
138 238 0.480575
139 130 -1.767679
139 149 1.026685
139 239 -0.657708
140 141 1.590402
140 150 1.422539
140 240 0.823536
141 142 1.568006
141 151 -0.242571
141 241 -0.516130
142 143 1.353179
142 152 -0.813985
142 242 -0.453444
143 144 0.289125
143 153 1.192577
143 243 -1.308836
144 145 -1.305988
144 154 -0.415301
144 244 -0.572479
145 146 -2.003278
145 155 0.736451
145 245 -1.040465
146 147 -1.658358
146 156 -0.162740
146 246 -0.070793
147 148 -0.830478
147 157 0.050108
147 247 -1.204301
148 149 0.305378
148 158 0.693820
148 248 -0.285867
149 140 -0.774729
149 159 1.431427
149 249 -0.696858
150 151 0.255627
150 160 0.576493
150 250 0.256469
151 152 0.218307
151 161 -1.329156
151 251 -0.043156
152 153 -0.822324
152 162 -0.600045
152 252 -0.261726
153 154 -0.890761
153 163 0.214013
153 253 1.223338
154 155 -0.735736
154 164 1.171646
154 254 0.425366
155 156 -0.648736
155 165 0.020342
155 255 0.078170
156 157 0.755276
156 166 -0.342665
156 256 -0.439182
157 158 -1.319984
157 167 -0.987225
157 257 -0.445851
158 159 -0.608648
158 168 -0.126758
158 258 -2.078425
159 150 -0.634608
159 169 -0.155520
159 259 2.106197
160 161 -1.746711
160 170 0.688875
160 260 -0.749660
161 162 -0.754375
161 171 -0.122703
161 261 1.313744
162 163 1.107030
162 172 0.303510
162 262 1.225379
163 164 -0.668369
163 173 -0.297831
163 263 -1.789352
164 165 0.425767
164 174 -1.427098
164 264 -1.517388
165 166 0.000518
165 175 0.454170
165 265 -0.559153
166 167 -1.043916
166 176 -0.317599
166 266 -2.358808
167 168 0.712534
167 177 0.711086
167 267 -1.094992
168 169 -0.153492
168 178 0.582262
168 268 -0.360413
169 160 0.598909
169 179 -0.001649
169 269 0.553831
170 171 -0.833116
170 180 0.099465
170 270 1.456276
171 172 -0.020494
171 181 0.875568
171 271 -1.126144
172 173 -1.697841
172 182 -0.511219
172 272 1.742732
173 174 -0.588628
173 183 -0.891918
173 273 -0.441796
174 175 -0.969955
174 184 -1.069757
174 274 0.765637
175 176 1.480538
175 185 0.152246
175 275 -0.359592
176 177 0.781430
176 186 -0.664684
176 276 -0.584486
177 178 -0.443360
177 187 -0.290217
177 277 -1.721282
178 179 -0.312930
178 188 2.438098
178 278 -1.985793
179 170 0.758464
179 189 -1.733846
179 279 1.670816
180 181 0.904304
180 190 0.380779
180 280 -0.593139
181 182 0.106824
181 191 0.408049
181 281 1.001621
182 183 -1.054499
182 192 -0.375322
182 282 0.186710
183 184 -0.250233
183 193 0.212203
183 283 -1.228636
184 185 -0.477523
184 194 0.213873
184 284 -0.345670
185 186 -0.439845
185 195 -1.571189
185 285 0.599831
186 187 0.143262
186 196 -0.143426
186 286 1.336424
187 188 -0.864394
187 197 0.272432
187 287 0.728357
188 189 -1.118532
188 198 -2.335511
188 288 -0.059802
189 180 -1.540104
189 199 1.975601
189 289 -0.331423
190 191 -0.588964
190 100 0.478828
190 290 -0.676074
191 192 1.262275
191 101 0.004013
191 291 -0.445525
192 193 0.149515
192 102 -1.027748
192 292 -0.905207
193 194 1.151534
193 103 -0.960643
193 293 0.640915
194 195 -0.973828
194 104 0.186132
194 294 1.017025
195 196 -1.046087
195 105 0.313254
195 295 -0.190904
196 197 -1.270818
196 106 0.728869
196 296 0.207930
197 198 1.932918
197 107 0.077327
197 297 -0.507694
198 199 0.321040
198 108 -1.005103
198 298 -1.132892
199 190 2.017194
199 109 0.966032
199 299 -0.878183
200 201 0.933091
200 210 1.222645
200 300 -0.412633
201 202 -0.060300
201 211 -0.472826
201 301 2.782119
202 203 0.909700
202 212 0.242894
202 302 -0.983244
203 204 -0.956650
203 213 1.278028
203 303 0.380426
204 205 -1.165420
204 214 -0.232379
204 304 -0.039274
205 206 0.755843
205 215 -1.884509
205 305 0.435809
206 207 0.061278
206 216 1.467697
206 306 0.685744
207 208 -0.188378
207 217 0.778886
207 307 0.902142
208 209 -0.213420
208 218 -1.504169
208 308 0.710228
209 200 0.838449
209 219 -1.749262
209 309 0.425405
210 211 -2.528227
210 220 0.074460
210 310 0.913992
211 212 -0.639342
211 221 1.380929
211 311 0.187119
212 213 1.146146
212 222 0.565982
212 312 0.091034
213 214 0.695977
213 223 -1.730480
213 313 0.359756
214 215 -0.937910
214 224 0.535391
214 314 -0.927988
215 216 1.219985
215 225 -1.602119
215 315 0.714273
216 217 -0.114257
216 226 -0.602072
216 316 -0.349129
217 218 2.304172
217 227 0.579087
217 317 0.417419
218 219 -0.655135
218 228 0.710879
218 318 -0.888165
219 210 0.767591
219 229 -0.762401
219 319 -0.502895
220 221 -1.357155
220 230 -1.393091
220 320 -1.274389
221 222 -2.130773
221 231 -0.409884
221 321 1.667615
222 223 0.817468
222 232 -0.013883
222 322 0.959388
223 224 0.289716
223 233 -1.461790
223 323 -0.457546
224 225 -0.849382
224 234 0.750807
224 324 -2.070086
225 226 -1.064268
225 235 0.935195
225 325 -1.247559
226 227 0.104724
226 236 -1.577938
226 326 0.252627
227 228 1.302850
227 237 -0.043850
227 327 0.681668
228 229 0.227716
228 238 -1.102583
228 328 2.284670
229 220 -0.425694
229 239 -0.199296
229 329 0.002547
230 231 0.018534
230 240 -0.889358
230 330 -0.276166
231 232 0.436275
231 241 -1.334096
231 331 0.016750
232 233 0.506782
232 242 -0.128480
232 332 -0.737173
233 234 0.908036
233 243 0.756098
233 333 -0.508472
234 235 1.473502
234 244 -0.184684
234 334 -1.491590
235 236 -1.525126
235 245 -0.395809
235 335 1.034358
236 237 -0.116054
236 246 0.567964
236 336 -0.409166
237 238 0.875031
237 247 -0.300041
237 337 -1.580952
238 239 0.037304
238 248 -1.292959
238 338 0.679532
239 230 -0.841450
239 249 -1.024029
239 339 0.287475
240 241 -0.107240
240 250 -0.117078
240 340 3.010806
241 242 0.174131
241 251 0.631485
241 341 1.296320
242 243 -0.271915
242 252 2.208973
242 342 -1.447261
243 244 0.053272
243 253 -1.725873
243 343 -1.661908
244 245 0.988730
244 254 0.054610
244 344 0.440869
245 246 1.386927
245 255 1.206245
245 345 0.282759
246 247 -0.620452
246 256 -0.689594
246 346 0.273443
247 248 0.118516
247 257 0.879496
247 347 -0.534253
248 249 -2.254267
248 258 -1.027182
248 348 -0.342443
249 240 1.197682
249 259 -0.077637
249 349 -0.027540
250 251 -0.396455
250 260 0.610377
250 350 2.052609
251 252 -1.273598
251 261 -1.505182
251 351 1.296071
252 253 -0.044466
252 262 -1.981057
252 352 0.851193
253 254 -0.814202
253 263 1.114887
253 353 0.015972
254 255 1.094535
254 264 0.807828
254 354 1.017942
255 256 1.776802
255 265 0.080751
255 355 0.993447
256 257 0.401964
256 266 -0.651936
256 356 -0.724094
257 258 -0.369078
257 267 -0.673818
257 357 0.688943
258 259 1.151081
258 268 -1.254853
258 358 1.584163
259 250 0.184885
259 269 0.099216
259 359 0.574431
260 261 0.561788
260 270 -0.892822
260 360 0.952798
261 262 -1.542947
261 271 -0.752283
261 361 -0.732314
262 263 0.183344
262 272 0.288555
262 362 1.030265
263 264 0.628041
263 273 -2.262420
263 363 0.214539
264 265 -0.556396
264 274 1.252671
264 364 -0.045651
265 266 2.197739
265 275 -0.110093
265 365 1.072581
266 267 -0.127788
266 276 -0.389741
266 366 1.025209
267 268 -0.384931
267 277 -0.491012
267 367 1.317717
268 269 -0.686698
268 278 -0.607934
268 368 0.537593
269 260 1.688421
269 279 0.855592
269 369 -2.318983
270 271 0.900132
270 280 0.426107
270 370 -0.882478
271 272 -1.576790
271 281 0.606933
271 371 -0.902534
272 273 0.826406
272 282 -1.555908
272 372 -0.333261
273 274 1.064376
273 283 -0.091779
273 373 -0.567766
274 275 0.205651
274 284 -0.839214
274 374 0.480262
275 276 -1.596164
275 285 -0.696007
275 375 0.102412
276 277 -0.639421
276 286 0.155199
276 376 0.098278
277 278 1.008503
277 287 -0.787641
277 377 0.050526
278 279 -0.300150
278 288 -1.063888
278 378 -0.757932
279 270 1.706962
279 289 -0.905029
279 379 0.704719
280 281 -0.235832
280 290 -0.966656
280 380 0.387088
281 282 0.091558
281 291 -0.328660
281 381 1.038036
282 283 -0.929143
282 292 -1.010478
282 382 0.248559
283 284 1.226603
283 293 -0.076210
283 383 1.596824
284 285 0.701864
284 294 -0.537569
284 384 -0.566042
285 286 0.162409
285 295 0.078561
285 385 0.563003
286 287 -0.381355
286 296 -0.235435
286 386 0.735857
287 288 0.278720
287 297 -2.020720
287 387 -0.169917
288 289 -1.215163
288 298 -0.632595
288 388 0.655391
289 280 -1.161840
289 299 0.348582
289 389 0.544761
290 291 0.624773
290 200 0.495070
290 390 1.028686
291 292 -0.077016
291 201 1.288270
291 391 0.616069
292 293 -0.258528
292 202 0.458552
292 392 0.587343
293 294 -0.125868
293 203 -0.228892
293 393 1.669720
294 295 -0.133593
294 204 -0.436466
294 394 0.101566
295 296 1.167224
295 205 0.540195
295 395 0.861280
296 297 0.097718
296 206 -0.107809
296 396 0.148098
297 298 -0.233489
297 207 -1.106296
297 397 1.532994
298 299 -0.283676
298 208 -0.619396
298 398 0.007631
299 290 1.775708
299 209 -0.509270
299 399 -0.664764
300 301 1.304585
300 310 0.681932
300 400 -0.127807
301 302 0.444664
301 311 -1.053069
301 401 -1.261722
302 303 -1.360780
302 312 1.517430
302 402 1.057907
303 304 0.066625
303 313 -1.196299
303 403 1.878786
304 305 0.445075
304 314 -0.609903
304 404 -0.137006
305 306 -1.542576
305 315 0.735321
305 405 -0.748314
306 307 2.201765
306 316 1.995030
306 406 -1.502719
307 308 0.305270
307 317 1.116258
307 407 0.304583
308 309 1.310583
308 318 0.079300
308 408 -0.978585
309 300 0.553059
309 319 0.348505
309 409 -0.106598
310 311 0.886502
310 320 -1.353683
310 410 0.783591
311 312 -0.798662
311 321 -0.433789
311 411 1.267585
312 313 0.079380
312 322 -1.116788
312 412 -0.464763
313 314 0.033329
313 323 0.694524
313 413 0.314177
314 315 -0.389834
314 324 0.909309
314 414 -0.575584
315 316 0.398772
315 325 -0.398066
315 415 0.963482
316 317 -1.294052
316 326 -0.641653
316 416 3.070416
317 318 -1.170045
317 327 -0.689537
317 417 0.728984
318 319 -0.029391
318 328 0.061398
318 418 -1.001193
319 310 0.842466
319 329 -1.216824
319 419 -0.137409
320 321 -1.461058
320 330 -0.605840
320 420 -0.323784
321 322 -0.409630
321 331 -0.156335
321 421 -0.847269
322 323 -0.076211
322 332 0.643266
322 422 2.092221
323 324 -0.126342
323 333 -0.266778
323 423 -0.420860
324 325 0.214628
324 334 1.046364
324 424 1.101729
325 326 -0.011314
325 335 -0.492200
325 425 -0.157940
326 327 -0.666089
326 336 1.095758
326 426 -0.253866
327 328 1.218952
327 337 0.525894
327 427 -0.958625
328 329 1.748417
328 338 -0.686163
328 428 1.980911
329 320 1.378190
329 339 0.941172
329 429 1.165515
330 331 0.108804
330 340 -0.938241
330 430 0.190146
331 332 0.070747
331 341 -0.878190
331 431 1.043594
332 333 0.529116
332 342 1.949607
332 432 0.156379
333 334 -1.652424
333 343 0.183863
333 433 0.646623
334 335 1.386156
334 344 -0.519640
334 434 -0.628449
335 336 -0.861223
335 345 0.170250
335 435 -1.169285
336 337 1.206144
336 346 -1.179386
336 436 1.522255
337 338 -0.452037
337 347 -0.636141
337 437 -1.249992
338 339 1.455142
338 348 0.001094
338 438 -0.158173
339 330 1.565399
339 349 -2.542953
339 439 -0.196458
340 341 1.387938
340 350 0.711180
340 440 -0.304301
341 342 0.988309
341 351 0.292607
341 441 0.784861
342 343 0.086800
342 352 0.326376
342 442 -0.664523
343 344 -0.857523
343 353 -1.244036
343 443 -0.004699
344 345 -1.573403
344 354 0.215153
344 444 -0.185575
345 346 0.763048
345 355 0.790614
345 445 0.458299
346 347 -0.746077
346 356 2.135019
346 446 0.195355
347 348 1.141297
347 357 -0.888323
347 447 0.117042
348 349 0.434572
348 358 0.805829
348 448 0.840013
349 340 -0.605375
349 359 -1.051989
349 449 1.869158
350 351 -0.584500
350 360 -0.787724
350 450 0.347588
351 352 0.936270
351 361 0.560202
351 451 -0.138394
352 353 0.570707
352 362 -0.574611
352 452 1.143417
353 354 0.817794
353 363 -0.338989
353 453 -1.094349
354 355 -0.412708
354 364 1.139791
354 454 -0.820703
355 356 -0.018723
355 365 -1.117535
355 455 0.054609
356 357 0.447863
356 366 -0.180659
356 456 0.116148
357 358 -0.379516
357 367 0.775672
357 457 0.034928
358 359 -0.339966
358 368 -1.036370
358 458 -0.418325
359 350 -1.980118
359 369 -1.121870
359 459 -1.120774
360 361 0.050230
360 370 -1.187558
360 460 -0.108694
361 362 0.842838
361 371 1.691151
361 461 1.324032
362 363 0.725267
362 372 -1.250254
362 462 -0.286725
363 364 1.156010
363 373 -1.390319
363 463 0.119308
364 365 0.102010
364 374 -1.100216
364 464 0.758714
365 366 0.534900
365 375 0.757269
365 465 0.714798
366 367 0.482013
366 376 -0.390556
366 466 -1.571414
367 368 1.489439
367 377 -0.796937
367 467 0.225329
368 369 -0.177412
368 378 -1.053462
368 468 -0.103600
369 360 0.771588
369 379 0.940242
369 469 1.012120
370 371 1.197378
370 380 -0.677754
370 470 2.089354
371 372 0.059124
371 381 -0.340676
371 471 0.795089
372 373 -0.089607
372 382 0.473591
372 472 0.949399
373 374 0.050817
373 383 1.337011
373 473 -0.750465
374 375 -0.351013
374 384 -0.541166
374 474 -0.205059
375 376 -0.540597
375 385 -0.496573
375 475 -0.372977
376 377 1.057964
376 386 0.483206
376 476 -0.952044
377 378 0.000522
377 387 1.268447
377 477 -0.296897
378 379 -1.122649
378 388 0.436162
378 478 -1.379841
379 370 1.359720
379 389 -0.142918
379 479 0.317478
380 381 -0.906796
380 390 0.729024
380 480 -1.335232
381 382 0.941620
381 391 -1.993455
381 481 -0.011760
382 383 1.102356
382 392 -0.164119
382 482 0.842137
383 384 -1.689274
383 393 -0.459790
383 483 0.141681
384 385 1.372423
384 394 1.534789
384 484 -1.112873
385 386 -0.951022
385 395 -0.117806
385 485 -1.194310
386 387 0.829839
386 396 -0.110724
386 486 0.897322
387 388 -1.877506
387 397 0.181347
387 487 0.833647
388 389 -0.672231
388 398 -0.334522
388 488 0.064465
389 380 -0.572098
389 399 -0.524344
389 489 -1.054433
390 391 2.770373
390 300 -1.967131
390 490 0.111536
391 392 -1.114209
391 301 -0.364414
391 491 -1.643876
392 393 -0.048700
392 302 -0.366740
392 492 1.344466
393 394 1.512793
393 303 -0.396763
393 493 1.310918
394 395 -0.618244
394 304 -0.023046
394 494 -0.483944
395 396 -0.267300
395 305 -0.497144
395 495 -0.713170
396 397 1.182556
396 306 -0.718586
396 496 0.819442
397 398 0.157075
397 307 -0.524597
397 497 -0.262411
398 399 -2.428755
398 308 0.426965
398 498 -0.097273
399 390 -0.313971
399 309 0.575627
399 499 -0.423021
400 401 -0.494632
400 410 -1.177830
400 500 -0.951333
401 402 0.546052
401 411 0.025830
401 501 0.128308
402 403 1.415115
402 412 -0.819594
402 502 -1.113481
403 404 -1.173265
403 413 0.217190
403 503 2.105961
404 405 -1.880324
404 414 -2.317572
404 504 -0.249342
405 406 -1.680889
405 415 -0.184357
405 505 -0.900626
406 407 -0.987071
406 416 -0.057678
406 506 0.608248
407 408 0.673170
407 417 -1.222794
407 507 -0.227568
408 409 0.286148
408 418 -0.741737
408 508 2.286039
409 400 -0.424939
409 419 -1.760250
409 509 0.488249
410 411 0.340851
410 420 0.962992
410 510 -0.621083
411 412 2.150065
411 421 -0.740323
411 511 -1.151257
412 413 0.851294
412 422 0.522979
412 512 -0.668581
413 414 0.008563
413 423 -0.077320
413 513 -2.250617
414 415 0.063441
414 424 -0.404750
414 514 -0.439634
415 416 -0.953590
415 425 -0.279742
415 515 1.092070
416 417 -0.436558
416 426 -0.540443
416 516 0.115566
417 418 1.064021
417 427 -0.817510
417 517 0.290056
418 419 -0.322410
418 428 -0.313027
418 518 -2.020858
419 410 -0.863479
419 429 -1.243631
419 519 0.128501
420 421 -0.946171
420 430 2.796856
420 520 -1.535998
421 422 -1.223321
421 431 -1.532678
421 521 -0.215660
422 423 -0.097918
422 432 1.805761
422 522 0.744837
423 424 -1.603819
423 433 -0.566645
423 523 0.116736
424 425 2.563263
424 434 0.285750
424 524 -1.594362
425 426 0.134311
425 435 -0.163092
425 525 -0.862718
426 427 -1.188360
426 436 -1.217934
426 526 1.071701
427 428 0.665518
427 437 -0.082015
427 527 0.306456
428 429 -1.109460
428 438 -0.225833
428 528 0.195238
429 420 1.090451
429 439 -0.427786
429 529 -0.586648
430 431 -0.486406
430 440 0.498793
430 530 0.716632
431 432 -0.891796
431 441 0.885059
431 531 1.349562
432 433 -0.602690
432 442 -0.024111
432 532 -1.571299
433 434 -0.613082
433 443 1.414380
433 533 1.420249
434 435 0.312435
434 444 0.061563
434 534 -0.131615
435 436 -0.524804
435 445 -0.235240
435 535 0.642808
436 437 1.970645
436 446 0.034224
436 536 0.049047
437 438 -0.433019
437 447 0.131567
437 537 1.187175
438 439 -0.427409
438 448 -0.645999
438 538 -0.239485
439 430 1.481044
439 449 -2.392677
439 539 -0.187644
440 441 1.748630
440 450 0.822886
440 540 -1.198983
441 442 0.277537
441 451 -1.459424
441 541 -0.851839
442 443 -0.764256
442 452 0.786730
442 542 0.823199
443 444 -0.297566
443 453 1.238563
443 543 -0.640846
444 445 -0.357361
444 454 -0.305935
444 544 -1.499083
445 446 0.787511
445 455 -0.326150
445 545 -0.776689
446 447 0.903117
446 456 0.517967
446 546 -1.453435
447 448 -0.653281
447 457 0.408852
447 547 1.598908
448 449 1.291363
448 458 -0.868418
448 548 0.093838
449 440 -1.397114
449 459 -0.799821
449 549 0.813994
450 451 -1.248621
450 460 0.135423
450 550 0.317257
451 452 0.530131
451 461 -1.904938
451 551 -2.207431
452 453 1.201228
452 462 1.483403
452 552 0.494958
453 454 -0.403762
453 463 -0.498758
453 553 -0.602873
454 455 -0.017068
454 464 1.253059
454 554 -1.633669
455 456 0.238719
455 465 0.052522
455 555 -0.564964
456 457 1.008243
456 466 -1.121329
456 556 -0.869638
457 458 -0.004516
457 467 -1.008697
457 557 -0.471917
458 459 0.029114
458 468 0.490936
458 558 -1.238988
459 450 1.556285
459 469 1.651851
459 559 1.472693
460 461 0.485913
460 470 1.180192
460 560 1.870963
461 462 0.064647
461 471 0.469125
461 561 -0.721965
462 463 0.199204
462 472 -1.034880
462 562 2.481229
463 464 0.600144
463 473 0.440821
463 563 0.029307
464 465 -0.543029
464 474 -1.267509
464 564 -1.825232
465 466 0.253430
465 475 -1.438286
465 565 -1.323553
466 467 -1.462417
466 476 -0.674849
466 566 0.322866
467 468 1.264247
467 477 -1.399354
467 567 -1.174415
468 469 -2.028372
468 478 0.223152
468 568 1.231036
469 460 -1.525743
469 479 0.331760
469 569 0.616706
470 471 0.906409
470 480 -0.338418
470 570 0.723745
471 472 0.380365
471 481 2.037178
471 571 -0.683989
472 473 1.072645
472 482 -1.721253
472 572 -1.152157
473 474 1.686536
473 483 0.454408
473 573 0.313517
474 475 -0.966202
474 484 1.913013
474 574 0.042720
475 476 0.452920
475 485 -2.128281
475 575 -0.991547
476 477 1.113901
476 486 -1.368971
476 576 -0.472474
477 478 1.621768
477 487 -1.437491
477 577 -0.628125
478 479 -0.776822
478 488 -0.645411
478 578 0.817503
479 470 -0.752410
479 489 1.416376
479 579 0.952298
480 481 -0.838032
480 490 0.874700
480 580 0.479390
481 482 -2.628907
481 491 -0.863743
481 581 2.645224
482 483 -0.364848
482 492 -0.106114
482 582 -1.352752
483 484 2.134848
483 493 -0.039753
483 583 -0.201116
484 485 -0.824109
484 494 1.532029
484 584 -0.610874
485 486 2.277038
485 495 -0.227629
485 585 -0.476074
486 487 0.424620
486 496 -0.088953
486 586 -1.545332
487 488 2.057738
487 497 -0.413965
487 587 0.240563
488 489 0.532919
488 498 1.509262
488 588 -2.670843
489 480 1.361260
489 499 0.461828
489 589 0.252750
490 491 0.547912
490 400 -0.462505
490 590 -0.093750
491 492 -0.449977
491 401 1.191263
491 591 1.408578
492 493 0.390403
492 402 0.723132
492 592 -0.608255
493 494 1.022177
493 403 0.524190
493 593 -0.621681
494 495 0.428411
494 404 -1.086865
494 594 -0.058649
495 496 -1.055788
495 405 -0.215492
495 595 0.085267
496 497 0.825655
496 406 0.076151
496 596 -0.683508
497 498 0.638745
497 407 0.172390
497 597 1.363285
498 499 -0.144827
498 408 0.351254
498 598 0.269440
499 490 -0.343384
499 409 1.125170
499 599 -0.255203
500 501 0.958071
500 510 0.327273
500 600 -0.611834
501 502 -1.702405
501 511 -0.503509
501 601 0.782210
502 503 -0.554597
502 512 -0.690769
502 602 0.917790
503 504 1.455806
503 513 -2.368670
503 603 0.142826
504 505 0.374673
504 514 1.358672
504 604 1.327687
505 506 0.539961
505 515 -0.156504
505 605 1.078397
506 507 -0.374088
506 516 -1.139716
506 606 -1.031187
507 508 -0.486805
507 517 0.285382
507 607 -0.577530
508 509 -0.678609
508 518 -0.200489
508 608 -0.927746
509 500 0.299345
509 519 -0.136848
509 609 -0.788268
510 511 1.921038
510 520 -0.518109
510 610 -2.005248
511 512 1.224669
511 521 0.626542
511 611 -0.669251
512 513 1.310095
512 522 -0.660203
512 612 0.839123
513 514 -0.615636
513 523 -0.146953
513 613 -0.104230
514 515 -1.160783
514 524 0.119155
514 614 0.429865
515 516 0.196219
515 525 0.071473
515 615 -0.462338
516 517 -1.280628
516 526 -0.472361
516 616 -0.635245
517 518 0.787333
517 527 -0.745122
517 617 -1.254424
518 519 0.092715
518 528 1.206336
518 618 -1.300090
519 510 1.588784
519 529 0.032942
519 619 0.400113
520 521 -0.274691
520 530 0.905041
520 620 -1.381397
521 522 -1.050999
521 531 0.868549
521 621 -0.305075
522 523 -2.431893
522 532 0.344588
522 622 0.661753
523 524 -0.615213
523 533 -1.227334
523 623 -0.319044
524 525 0.215884
524 534 -0.384754
524 624 1.403542
525 526 -0.514374
525 535 -1.335836
525 625 0.265566
526 527 0.015083
526 536 -1.099013
526 626 -1.067893
527 528 2.155429
527 537 -0.526304
527 627 0.438862
528 529 0.513691
528 538 -0.017610
528 628 -0.088763
529 520 1.205468
529 539 -1.949379
529 629 0.078197
530 531 1.365972
530 540 1.924754
530 630 0.801838
531 532 -0.415569
531 541 2.216440
531 631 -0.023947
532 533 0.474387
532 542 0.618200
532 632 0.415978
533 534 -2.180902
533 543 -0.853395
533 633 -0.480677
534 535 -1.344020
534 544 -0.555533
534 634 0.874739
535 536 -0.878164
535 545 -0.149323
535 635 -0.533467
536 537 -0.967409
536 546 -0.993223
536 636 -1.235695
537 538 -0.272890
537 547 0.089473
537 637 -0.157850
538 539 1.449133
538 548 -1.653301
538 638 1.056364
539 530 -0.688844
539 549 -1.250239
539 639 -0.501164
540 541 -0.012033
540 550 0.242062
540 640 0.402153
541 542 0.351688
541 551 1.144463
541 641 2.934038
542 543 -1.366090
542 552 0.917156
542 642 0.264806
543 544 -1.434055
543 553 0.694423
543 643 -0.388187
544 545 -0.773277
544 554 -0.526403
544 644 -0.623879
545 546 -1.141428
545 555 0.505508
545 645 0.014307
546 547 0.538472
546 556 0.031899
546 646 0.652711
547 548 -0.005850
547 557 -0.316142
547 647 -0.651241
548 549 1.286457
548 558 -1.478088
548 648 1.888917
549 540 -2.157716
549 559 0.962233
549 649 -0.298967
550 551 -0.791400
550 560 -0.794471
550 650 2.287192
551 552 0.200999
551 561 0.254483
551 651 0.269972
552 553 -0.628350
552 562 0.953502
552 652 -0.149359
553 554 -1.308688
553 563 -0.951285
553 653 -2.267908
554 555 0.477809
554 564 0.759055
554 654 0.611373
555 556 -0.183791
555 565 0.339402
555 655 -2.121261
556 557 -0.973440
556 566 1.068475
556 656 0.663093
557 558 -1.500326
557 567 0.370285
557 657 -0.548448
558 559 -0.383589
558 568 0.264502
558 658 0.323894
559 550 -0.222415
559 569 0.211591
559 659 0.206998
560 561 1.078228
560 570 0.794706
560 660 0.221286
561 562 -1.244500
561 571 0.091713
561 661 0.426155
562 563 0.505851
562 572 -0.203595
562 662 0.870762
563 564 -0.496098
563 573 -0.781747
563 663 -0.028814
564 565 0.496952
564 574 0.703378
564 664 -1.307363
565 566 0.515592
565 575 -0.419657
565 665 0.422872
566 567 -1.132434
566 576 -0.413488
566 666 0.554852
567 568 -0.771074
567 577 -0.876730
567 667 -1.704036
568 569 1.784938
568 578 -0.920845
568 668 -1.488421
569 560 -0.706658
569 579 0.467096
569 669 -0.449246
570 571 1.142315
570 580 0.879621
570 670 0.409299
571 572 -1.078095
571 581 1.159738
571 671 -0.924611
572 573 -0.221825
572 582 0.441907
572 672 0.326989
573 574 0.270299
573 583 -0.307488
573 673 0.592798
574 575 -0.295276
574 584 1.604212
574 674 0.827868
575 576 0.191960
575 585 0.202279
575 675 -0.879819
576 577 0.030165
576 586 -0.093685
576 676 0.507142
577 578 0.169766
577 587 0.753602
577 677 -0.286565
578 579 1.659482
578 588 0.891337
578 678 1.015151
579 570 -0.451151
579 589 0.177291
579 679 -0.701537
580 581 -2.477549
580 590 -0.108516
580 680 -0.056361
581 582 -1.315626
581 591 -1.348225
581 681 -0.425815
582 583 -0.744569
582 592 -0.070055
582 682 0.198093
583 584 1.225886
583 593 -0.550317
583 683 0.495574
584 585 0.592177
584 594 -0.260609
584 684 1.461190
585 586 -1.427829
585 595 -1.465548
585 685 -0.353176
586 587 0.769956
586 596 0.136023
586 686 0.408576
587 588 -1.484249
587 597 -1.064480
587 687 -1.195451
588 589 0.574471
588 598 -0.976939
588 688 0.463211
589 580 1.372313
589 599 -0.788127
589 689 -0.325595
590 591 -0.276400
590 500 -1.516305
590 690 -0.002462
591 592 1.129393
591 501 -0.403754
591 691 -1.052980
592 593 0.576670
592 502 -0.189643
592 692 0.471825
593 594 2.210241
593 503 -1.200132
593 693 -0.942084
594 595 -1.479654
594 504 0.531433
594 694 -2.201100
595 596 0.906998
595 505 -0.392188
595 695 0.637574
596 597 0.739654
596 506 -1.100528
596 696 0.860037
597 598 1.285340
597 507 -0.191213
597 697 -3.148716
598 599 0.630123
598 508 -2.845036
598 698 -0.833871
599 590 1.306317
599 509 0.851989
599 699 -0.998607
600 601 -0.124500
600 610 -0.315694
600 700 -0.499588
601 602 0.390926
601 611 0.095748
601 701 -1.461959
602 603 -0.290211
602 612 1.000170
602 702 -1.506541
603 604 -0.963812
603 613 -0.652437
603 703 -0.973776
604 605 0.363385
604 614 -0.062145
604 704 0.780205
605 606 2.385572
605 615 1.456507
605 705 -1.743703
606 607 1.947984
606 616 0.788284
606 706 0.558738
607 608 0.457747
607 617 -0.071999
607 707 1.150729
608 609 -0.735131
608 618 1.907159
608 708 0.817006
609 600 0.192351
609 619 -0.796320
609 709 -0.618233
610 611 -2.021362
610 620 -0.464694
610 710 -2.510126
611 612 0.632423
611 621 -1.404032
611 711 0.808590
612 613 1.966666
612 622 0.214830
612 712 0.159056
613 614 -2.048625
613 623 -0.761315
613 713 -0.084568
614 615 0.388585
614 624 2.031231
614 714 0.590983
615 616 -0.595532
615 625 0.100262
615 715 -1.653555
616 617 0.176854
616 626 -0.991111
616 716 0.221810
617 618 0.738122
617 627 0.877811
617 717 -0.488554
618 619 -0.705440
618 628 -1.065658
618 718 -0.546573
619 610 0.889633
619 629 1.192363
619 719 -1.614167
620 621 -0.473809
620 630 -0.976986
620 720 0.894086
621 622 -0.564478
621 631 0.663243
621 721 0.958769
622 623 1.089062
622 632 -1.476492
622 722 0.890528
623 624 -0.620693
623 633 -0.204178
623 723 0.040387
624 625 -0.752348
624 634 -0.351404
624 724 0.894198
625 626 2.139660
625 635 2.086248
625 725 0.124287
626 627 0.220233
626 636 -1.784818
626 726 -1.075099
627 628 0.554775
627 637 -0.894623
627 727 -1.192711
628 629 -0.995494
628 638 -0.820294
628 728 -0.426329
629 620 -0.248065
629 639 0.125593
629 729 0.661289
630 631 -1.177318
630 640 0.063812
630 730 -0.466840
631 632 0.992841
631 641 -0.017499
631 731 -0.186161
632 633 0.519200
632 642 -0.081612
632 732 0.859911
633 634 -0.842867
633 643 -0.230795
633 733 -1.462480
634 635 0.438424
634 644 0.676988
634 734 0.386465
635 636 -1.647826
635 645 0.697407
635 735 1.395002
636 637 0.164861
636 646 1.439801
636 736 0.320752
637 638 1.369338
637 647 -0.901337
637 737 -0.022706
638 639 -0.577371
638 648 0.332999
638 738 -0.266267
639 630 0.774202
639 649 -0.816341
639 739 -0.385906
640 641 1.205597
640 650 -0.029270
640 740 1.469836
641 642 1.266919
641 651 -0.389166
641 741 -0.157105
642 643 -1.688342
642 652 -0.301823
642 742 -0.111874
643 644 -1.356840
643 653 -0.199127
643 743 0.639716
644 645 0.737102
644 654 0.407501
644 744 -0.082035
645 646 -0.865030
645 655 -0.118444
645 745 -1.986863
646 647 1.651079
646 656 -1.238764
646 746 -0.432551
647 648 1.971762
647 657 1.511252
647 747 -0.195790
648 649 0.917483
648 658 -0.481208
648 748 -0.219771
649 640 -0.221213
649 659 -1.552084
649 749 -0.132954
650 651 0.489065
650 660 -0.160283
650 750 -1.390989
651 652 0.710686
651 661 -0.178047
651 751 0.945821
652 653 -2.384494
652 662 -1.290309
652 752 0.825762
653 654 -0.356753
653 663 -1.171876
653 753 0.429334
654 655 -0.203297
654 664 1.050317
654 754 0.008725
655 656 -1.193912
655 665 0.686420
655 755 1.883030
656 657 0.925142
656 666 0.667833
656 756 1.628976
657 658 -1.005049
657 667 -0.630228
657 757 -0.416270
658 659 -0.068128
658 668 -1.061779
658 758 -1.343851
659 650 0.753907
659 669 0.596279
659 759 -0.849025
660 661 -0.633835
660 670 -0.266850
660 760 -0.461552
661 662 0.346452
661 671 -1.127486
661 761 0.348981
662 663 1.439241
662 672 0.323504
662 762 -1.548758
663 664 -0.145933
663 673 -0.696170
663 763 0.855324
664 665 -0.042055
664 674 -0.440873
664 764 -0.550186
665 666 -0.501985
665 675 1.360876
665 765 -0.232514
666 667 -1.056810
666 676 -0.469582
666 766 -0.525347
667 668 -1.250052
667 677 -0.139294
667 767 0.180108
668 669 1.058563
668 678 -0.781500
668 768 -0.658087
669 660 0.939298
669 679 1.543422
669 769 1.494485
670 671 1.092291
670 680 1.010853
670 770 -0.856966
671 672 1.179905
671 681 0.171839
671 771 1.755605
672 673 -0.526918
672 682 1.031320
672 772 -0.455841
673 674 -0.777932
673 683 -0.822372
673 773 0.671767
674 675 -0.082954
674 684 -1.363877
674 774 -0.042232
675 676 1.799788
675 685 -0.902471
675 775 0.444122
676 677 0.526649
676 686 -0.470908
676 776 0.447344
677 678 -1.283054
677 687 -0.391856
677 777 0.165894
678 679 0.383679
678 688 1.104652
678 778 1.289811
679 670 1.021876
679 689 2.102039
679 779 0.046932
680 681 2.144052
680 690 -1.147968
680 780 -0.229287
681 682 0.213548
681 691 -0.165063
681 781 1.068003
682 683 1.061258
682 692 -0.120299
682 782 1.231657
683 684 -0.000091
683 693 0.405461
683 783 -0.246436
684 685 0.680093
684 694 0.938724
684 784 -0.037690
685 686 -0.360190
685 695 -0.581267
685 785 -0.056181
686 687 0.427070
686 696 -0.566482
686 786 2.435835
687 688 -0.767331
687 697 -0.737433
687 787 0.043218
688 689 0.353581
688 698 0.858918
688 788 0.640755
689 680 0.074408
689 699 1.395305
689 789 0.737660
690 691 -2.073891
690 600 -0.706279
690 790 0.973973
691 692 -1.300773
691 601 -0.558853
691 791 -0.026051
692 693 -0.313968
692 602 0.045973
692 792 1.534265
693 694 0.989814
693 603 -0.293009
693 793 -0.731103
694 695 0.216077
694 604 -0.228014
694 794 -1.233373
695 696 1.429466
695 605 -0.987394
695 795 1.628217
696 697 0.323158
696 606 -0.007147
696 796 0.466089
697 698 -0.490709
697 607 -1.562496
697 797 -1.490311
698 699 -1.136598
698 608 0.199804
698 798 0.652324
699 690 -0.136308
699 609 0.260760
699 799 1.215218
700 701 1.518834
700 710 0.757209
700 800 0.998593
701 702 -0.726770
701 711 -0.186809
701 801 1.182166
702 703 1.131907
702 712 -1.560091
702 802 1.562137
703 704 0.368599
703 713 -1.037621
703 803 0.256575
704 705 0.934610
704 714 -1.715737
704 804 -0.570547
705 706 -3.183834
705 715 -0.310991
705 805 -0.949148
706 707 -1.597106
706 716 -1.325298
706 806 1.005208
707 708 -0.387164
707 717 -0.370084
707 807 0.038706
708 709 -1.528491
708 718 -0.312401
708 808 -0.385870
709 700 0.866910
709 719 -0.586786
709 809 -0.865641
710 711 0.033151
710 720 1.487354
710 810 1.411554
711 712 -1.904130
711 721 -0.042365
711 811 1.385988
712 713 1.184640
712 722 -0.221140
712 812 -0.297044
713 714 0.792293
713 723 -0.416447
713 813 -1.311988
714 715 1.394015
714 724 0.644459
714 814 -0.628048
715 716 -0.338687
715 725 -0.318045
715 815 0.580534
716 717 0.422724
716 726 0.448208
716 816 1.912124
717 718 -0.723108
717 727 0.089436
717 817 1.192857
718 719 -0.782332
718 728 -0.764833
718 818 3.479699
719 710 -1.396499
719 729 1.393194
719 819 1.519217
720 721 0.299085
720 730 0.832370
720 820 0.363036
721 722 -1.222461
721 731 -1.011512
721 821 0.557494
722 723 0.256745
722 732 1.300517
722 822 0.026620
723 724 0.124729
723 733 -0.962184
723 823 -1.042215
724 725 -0.728331
724 734 1.194095
724 824 0.582494
725 726 -2.083519
725 735 0.723973
725 825 -1.097445
726 727 0.188651
726 736 -0.226339
726 826 -0.390554
727 728 1.253093
727 737 0.911091
727 827 0.473684
728 729 0.155293
728 738 -0.394614
728 828 -1.102927
729 720 0.349280
729 739 -0.324351
729 829 1.835045
730 731 1.306105
730 740 -1.739472
730 830 -1.381277
731 732 1.704726
731 741 1.668721
731 831 0.973523
732 733 -2.493408
732 742 1.046749
732 832 0.262006
733 734 0.954396
733 743 -0.223994
733 833 -1.364922
734 735 -0.985441
734 744 0.477445
734 834 1.673856
735 736 2.446998
735 745 -1.482457
735 835 -1.622674
736 737 -1.244142
736 746 -0.140885
736 836 0.404152
737 738 0.595150
737 747 2.254896
737 837 -0.176891
738 739 0.962750
738 748 1.241171
738 838 0.042028
739 730 0.125585
739 749 0.513020
739 839 -0.687257
740 741 0.726327
740 750 -0.154040
740 840 -1.208251
741 742 0.079349
741 751 1.135818
741 841 1.478798
742 743 0.244957
742 752 -1.239162
742 842 -0.031966
743 744 -1.579415
743 753 -1.107112
743 843 0.916133
744 745 -0.168278
744 754 -0.338903
744 844 1.062395
745 746 -0.306969
745 755 -0.242971
745 845 0.496231
746 747 -0.652072
746 756 -1.535576
746 846 0.977509
747 748 -0.803040
747 757 0.475419
747 847 -1.183709
748 749 -1.546330
748 758 -1.327414
748 848 -0.589218
749 740 0.318739
749 759 0.123219
749 849 0.628107
750 751 0.100125
750 760 -0.178292
750 850 0.827825
751 752 0.340165
751 761 0.780520
751 851 0.383046
752 753 -1.392307
752 762 1.246538
752 852 -2.023957
753 754 0.655622
753 763 -1.175721
753 853 0.545871
754 755 0.788675
754 764 -1.070789
754 854 -1.156958
755 756 0.984127
755 765 0.283108
755 855 0.250074
756 757 2.550496
756 766 1.093003
756 856 -0.128545
757 758 0.538461
757 767 0.979763
757 857 0.662838
758 759 -0.026969
758 768 0.402485
758 858 0.711145
759 750 0.069038
759 769 0.597142
759 859 -0.436630
760 761 -0.558715
760 770 -1.193048
760 860 -0.172246
761 762 1.001622
761 771 -0.007819
761 861 0.628100
762 763 0.286752
762 772 -0.473825
762 862 0.149499
763 764 -0.706101
763 773 -0.331342
763 863 1.464313
764 765 1.526849
764 774 -0.958212
764 864 2.146181
765 766 0.030167
765 775 0.855183
765 865 0.859981
766 767 1.247132
766 776 -0.539725
766 866 0.306911
767 768 0.225277
767 777 -0.367698
767 867 0.702047
768 769 0.923264
768 778 1.258551
768 868 0.803889
769 760 -0.645647
769 779 -0.299188
769 869 -0.671111
770 771 0.917109
770 780 -0.529204
770 870 0.132438
771 772 -1.379383
771 781 -2.301612
771 871 -0.821274
772 773 0.355439
772 782 -1.543575
772 872 1.638474
773 774 0.902104
773 783 -0.712694
773 873 -0.279565
774 775 -0.008189
774 784 0.830833
774 874 1.400633
775 776 -0.567348
775 785 -0.821893
775 875 -0.837764
776 777 1.883476
776 786 1.736858
776 876 0.090502
777 778 0.788215
777 787 -1.422245
777 877 -0.163797
778 779 1.663020
778 788 0.310419
778 878 -1.193849
779 770 -0.425442
779 789 0.720755
779 879 -1.332520
780 781 -0.392660
780 790 1.400550
780 880 -1.202830
781 782 -0.057856
781 791 0.146810
781 881 0.872007
782 783 0.161268
782 792 -0.147478
782 882 0.601821
783 784 -0.378189
783 793 -0.523487
783 883 -1.597944
784 785 0.674117
784 794 0.296836
784 884 0.144135
785 786 2.064338
785 795 0.438053
785 885 0.052009
786 787 0.342531
786 796 0.597257
786 886 0.802475
787 788 -0.573591
787 797 1.322019
787 887 -1.096850
788 789 -0.090785
788 798 0.358392
788 888 -0.305180
789 780 -0.829590
789 799 -1.542799
789 889 -1.248113
790 791 1.169250
790 700 1.212630
790 890 0.281185
791 792 0.582705
791 701 -1.203421
791 891 -0.688099
792 793 -0.069739
792 702 0.718196
792 892 -0.979802
793 794 0.422166
793 703 1.824061
793 893 0.114677
794 795 1.256947
794 704 -0.819913
794 894 0.343378
795 796 -1.020456
795 705 0.230987
795 895 -0.544001
796 797 0.682080
796 706 -2.726890
796 896 0.088280
797 798 -0.521901
797 707 -0.248808
797 897 0.782421
798 799 2.025600
798 708 -1.746585
798 898 0.127204
799 790 -1.852034
799 709 -0.706230
799 899 0.155280
800 801 -1.236133
800 810 0.994917
800 900 -1.295356
801 802 0.974631
801 811 1.907584
801 901 0.140464
802 803 0.469606
802 812 0.417255
802 902 -0.537667
803 804 -2.647559
803 813 -0.425754
803 903 -1.011291
804 805 -0.383701
804 814 -0.233143
804 904 0.261585
805 806 -0.153204
805 815 1.222392
805 905 -0.736947
806 807 -0.168780
806 816 -0.076441
806 906 0.184442
807 808 0.062147
807 817 -2.318777
807 907 0.723046
808 809 -1.322287
808 818 -0.041052
808 908 0.567455
809 800 0.461241
809 819 -0.123025
809 909 0.665928
810 811 0.016923
810 820 0.514825
810 910 -1.420778
811 812 0.189793
811 821 -1.386853
811 911 -1.303143
812 813 0.062626
812 822 0.368194
812 912 0.013663
813 814 0.101691
813 823 -1.353095
813 913 0.959179
814 815 -0.178558
814 824 -0.735072
814 914 -0.961279
815 816 0.986243
815 825 0.909729
815 915 1.620120
816 817 0.617128
816 826 2.078582
816 916 -1.335173
817 818 -0.915379
817 827 -0.076062
817 917 -0.801346
818 819 -0.774738
818 828 1.177550
818 918 -0.005122
819 810 0.014613
819 829 -0.798803
819 919 -0.189131
820 821 -1.996586
820 830 0.886101
820 920 0.931488
821 822 -3.157804
821 831 1.166271
821 921 0.796094
822 823 0.454710
822 832 -1.639536
822 922 0.134765
823 824 0.234844
823 833 2.114997
823 923 -0.833001
824 825 0.647115
824 834 0.780552
824 924 -0.896748
825 826 -0.717807
825 835 0.949600
825 925 0.489036
826 827 -0.172281
826 836 0.581437
826 926 2.074128
827 828 1.525569
827 837 -0.542575
827 927 0.111450
828 829 -0.913286
828 838 0.975986
828 928 -0.676115
829 820 0.481100
829 839 1.113720
829 929 -0.274106
830 831 -0.069051
830 840 0.393956
830 930 -0.326447
831 832 -0.599585
831 841 0.176319
831 931 0.896178
832 833 1.773733
832 842 1.421114
832 932 2.575301
833 834 -0.198043
833 843 0.482923
833 933 -0.488546
834 835 0.188357
834 844 1.696569
834 934 -0.316480
835 836 0.442866
835 845 0.913536
835 935 -0.004375
836 837 0.347913
836 846 -0.835643
836 936 0.008170
837 838 -0.324038
837 847 -1.295977
837 937 0.229792
838 839 -1.049712
838 848 -0.931257
838 938 0.751751
839 830 0.640425
839 849 -0.330783
839 939 -1.328662
840 841 2.575377
840 850 0.457874
840 940 -2.368346
841 842 -0.274545
841 851 0.024928
841 941 -0.185746
842 843 -0.054723
842 852 -0.499453
842 942 -0.226523
843 844 0.015328
843 853 -0.371641
843 943 0.678657
844 845 1.202381
844 854 -1.737706
844 944 1.464072
845 846 0.188937
845 855 -0.354478
845 945 0.338085
846 847 0.706765
846 856 0.953608
846 946 1.395267
847 848 -1.057285
847 857 0.211226
847 947 -0.506190
848 849 1.655338
848 858 -0.621555
848 948 -0.094580
849 840 0.633135
849 859 2.727348
849 949 -0.858142
850 851 -0.456026
850 860 0.917158
850 950 -0.245797
851 852 -0.074391
851 861 0.016317
851 951 -1.873502
852 853 0.203530
852 862 0.135983
852 952 0.202578
853 854 1.325155
853 863 0.382366
853 953 0.619324
854 855 -1.627592
854 864 -0.555901
854 954 0.734331
855 856 -0.040918
855 865 0.196719
855 955 -2.107202
856 857 -1.389672
856 866 1.306820
856 956 -1.157695
857 858 0.424015
857 867 0.476771
857 957 0.272839
858 859 0.600540
858 868 -0.658378
858 958 1.592483
859 850 0.322473
859 869 -0.301441
859 959 1.240841
860 861 -2.240672
860 870 -0.380018
860 960 1.323131
861 862 1.045238
861 871 -0.669166
861 961 -2.128726
862 863 2.382338
862 872 0.082004
862 962 2.365873
863 864 -1.010959
863 873 -0.009373
863 963 -0.024971
864 865 0.599298
864 874 -0.441621
864 964 -0.773119
865 866 0.557447
865 875 1.076360
865 965 0.414148
866 867 1.414300
866 876 -0.746785
866 966 0.055968
867 868 -2.334759
867 877 -0.885531
867 967 1.383605
868 869 0.856893
868 878 -0.322534
868 968 0.188877
869 860 -1.073150
869 879 0.832201
869 969 0.236604
870 871 0.448630
870 880 0.532673
870 970 2.286026
871 872 0.025957
871 881 -0.300828
871 971 -0.362367
872 873 0.615316
872 882 0.099792
872 972 -1.219942
873 874 -1.112217
873 883 -0.167137
873 973 0.175774
874 875 2.297895
874 884 0.717682
874 974 -0.645741
875 876 -0.276557
875 885 -1.151611
875 975 0.002610
876 877 0.244437
876 886 1.373918
876 976 0.521931
877 878 -0.745611
877 887 1.288745
877 977 -0.763842
878 879 -0.369737
878 888 -0.335942
878 978 0.948450
879 870 0.752172
879 889 0.222850
879 979 0.235746
880 881 1.057388
880 890 -1.441311
880 980 -0.837687
881 882 -0.203229
881 891 -1.557176
881 981 1.266503
882 883 -0.774568
882 892 -1.299730
882 982 0.768296
883 884 -0.827768
883 893 -0.639312
883 983 -0.068052
884 885 -0.604716
884 894 1.151536
884 984 -0.341563
885 886 -0.106797
885 895 -1.522741
885 985 0.208874
886 887 0.439261
886 896 0.633940
886 986 -0.068240
887 888 -2.261915
887 897 -1.461303
887 987 -1.008116
888 889 0.286191
888 898 -0.857068
888 988 0.770279
889 880 -0.971180
889 899 1.440233
889 989 1.514381
890 891 -0.919391
890 800 -1.624189
890 990 -0.447723
891 892 0.098635
891 801 0.341879
891 991 0.928392
892 893 -0.256826
892 802 -0.346660
892 992 0.893645
893 894 1.597905
893 803 -0.951344
893 993 0.655022
894 895 -1.397365
894 804 1.014975
894 994 0.468658
895 896 -0.546727
895 805 0.106639
895 995 -1.660112
896 897 0.489805
896 806 0.502941
896 996 0.175528
897 898 -1.115451
897 807 0.592460
897 997 0.492279
898 899 1.657015
898 808 -1.295219
898 998 -0.379793
899 890 -0.485663
899 809 0.612131
899 999 0.030977
900 901 0.266009
900 910 1.014027
900 0 0.132124
901 902 0.129640
901 911 -0.652538
901 1 -1.071046
902 903 -0.368697
902 912 0.730287
902 2 -0.796421
903 904 0.400775
903 913 0.771069
903 3 -1.351816
904 905 1.580303
904 914 0.423586
904 4 3.300729
905 906 0.886343
905 915 -0.110306
905 5 0.180652
906 907 0.908544
906 916 -0.114597
906 6 1.297063
907 908 0.500414
907 917 0.448214
907 7 1.658612
908 909 1.120371
908 918 0.393977
908 8 1.389382
909 900 1.750193
909 919 -1.450078
909 9 1.505939
910 911 -2.476869
910 920 -0.166974
910 10 0.063776
911 912 0.274440
911 921 1.484935
911 11 -1.353888
912 913 -1.249571
912 922 0.723735
912 12 -1.417583
913 914 1.104358
913 923 -0.868674
913 13 0.998709
914 915 1.208317
914 924 1.146237
914 14 -1.281926
915 916 1.292080
915 925 1.098530
915 15 0.122733
916 917 -0.524081
916 926 -0.968515
916 16 0.315774
917 918 0.825965
917 927 -2.568246
917 17 0.761723
918 919 1.700457
918 928 -1.243392
918 18 2.227552
919 910 -0.489529
919 929 -1.774330
919 19 -0.081041
920 921 0.387044
920 930 1.261747
920 20 0.351008
921 922 -1.533449
921 931 0.709015
921 21 -0.644818
922 923 1.024203
922 932 0.206897
922 22 -0.013045
923 924 0.545172
923 933 1.098706
923 23 0.260579
924 925 -0.523321
924 934 0.365317
924 24 -1.906082
925 926 0.588719
925 935 -0.445154
925 25 0.581948
926 927 -0.104228
926 936 -0.517864
926 26 0.309871
927 928 1.452704
927 937 -1.046134
927 27 -1.793979
928 929 0.199708
928 938 -0.300960
928 28 -0.199665
929 920 0.834098
929 939 0.832368
929 29 1.029858
930 931 0.296279
930 940 1.172182
930 30 1.501363
931 932 -1.918409
931 941 0.283291
931 31 -1.753390
932 933 0.357397
932 942 0.658278
932 32 1.887837
933 934 1.989823
933 943 -0.446916
933 33 -0.175660
934 935 0.694909
934 944 0.966765
934 34 -3.056860
935 936 0.881468
935 945 1.977127
935 35 0.840691
936 937 -0.641822
936 946 0.635397
936 36 0.211101
937 938 -0.694345
937 947 -0.159846
937 37 -1.375226
938 939 -1.370660
938 948 1.794028
938 38 3.375184
939 930 0.720309
939 949 0.480651
939 39 -1.986089
940 941 -0.536855
940 950 0.886018
940 40 -0.972488
941 942 0.964955
941 951 -0.695825
941 41 -0.292759
942 943 -1.118122
942 952 -0.564163
942 42 -0.715420
943 944 1.012517
943 953 0.611351
943 43 -0.366428
944 945 -0.246395
944 954 -0.332381
944 44 -0.640275
945 946 0.954585
945 955 1.451144
945 45 -0.277701
946 947 -0.767236
946 956 0.317265
946 46 0.167419
947 948 0.610925
947 957 0.877057
947 47 0.424194
948 949 -0.065518
948 958 -1.766633
948 48 -1.666450
949 940 1.565136
949 959 -0.250948
949 49 2.438504
950 951 1.532686
950 960 -0.184794
950 50 0.924653
951 952 0.426532
951 961 -1.165669
951 51 -0.416893
952 953 0.148446
952 962 -0.131408
952 52 -0.228915
953 954 -0.124382
953 963 0.185953
953 53 1.069012
954 955 -0.201992
954 964 0.013166
954 54 0.949270
955 956 0.025628
955 965 -1.351279
955 55 0.783470
956 957 1.258625
956 966 -0.057754
956 56 -0.256368
957 958 -0.198482
957 967 -1.141102
957 57 -0.491399
958 959 -0.950739
958 968 0.195518
958 58 -0.839990
959 950 -0.726308
959 969 -1.116352
959 59 -0.749812
960 961 -0.737187
960 970 0.209484
960 60 -0.184923
961 962 -0.110066
961 971 1.271549
961 61 -0.001221
962 963 -1.653334
962 972 0.698511
962 62 0.438292
963 964 0.953408
963 973 0.364389
963 63 0.781306
964 965 -0.975063
964 974 -0.071628
964 64 0.046724
965 966 0.497198
965 975 1.752324
965 65 0.685264
966 967 0.381745
966 976 -0.812083
966 66 -1.197543
967 968 1.360225
967 977 -1.555317
967 67 -0.393959
968 969 -1.491566
968 978 0.137333
968 68 -0.489786
969 960 0.006871
969 979 0.036412
969 69 0.729560
970 971 0.685861
970 980 0.384555
970 70 -0.356850
971 972 -0.728173
971 981 0.724554
971 71 0.696673
972 973 0.505741
972 982 -0.810547
972 72 -0.350861
973 974 0.724288
973 983 -0.529127
973 73 -0.576269
974 975 -1.012776
974 984 0.031776
974 74 0.177635
975 976 -0.612880
975 985 -0.757820
975 75 -1.320512
976 977 0.485944
976 986 0.569202
976 76 -0.795804
977 978 -0.289504
977 987 -0.823993
977 77 0.903321
978 979 -0.147036
978 988 2.197941
978 78 -1.269256
979 970 0.138188
979 989 0.222916
979 79 -0.142257
980 981 0.923768
980 990 1.709551
980 80 1.361731
981 982 0.619298
981 991 -0.346782
981 81 0.279325
982 983 -0.258621
982 992 -0.055780
982 82 1.011505
983 984 1.036498
983 993 -1.390475
983 83 -1.653583
984 985 0.782663
984 994 -1.188282
984 84 -0.002978
985 986 -0.207085
985 995 -0.205741
985 85 0.016248
986 987 1.126941
986 996 -0.827920
986 86 -0.134661
987 988 0.225590
987 997 -0.656882
987 87 -0.370573
988 989 0.689535
988 998 0.379286
988 88 0.213308
989 980 2.121193
989 999 -1.204112
989 89 0.200083
990 991 0.966062
990 900 -0.696313
990 90 -0.062785
991 992 -1.341869
991 901 0.534991
991 91 0.328745
992 993 0.304985
992 902 1.314859
992 92 2.816926
993 994 1.582497
993 903 -0.199424
993 93 0.821739
994 995 2.943674
994 904 -0.802920
994 94 1.705932
995 996 -0.233110
995 905 0.517606
995 95 1.013802
996 997 -0.512580
996 906 -0.398540
996 96 0.997192
997 998 -1.672882
997 907 -0.001714
997 97 -2.477609
998 999 0.831728
998 908 -0.432207
998 98 -0.465142
999 990 -0.172433
999 909 0.050842
999 99 0.101468
