0 1 -1.115534
0 10 0.149108
0 100 -0.063586
1 2 -1.002591
1 11 0.372111
1 101 -0.589865
2 3 -0.872374
2 12 1.020012
2 102 -0.121097
3 4 -0.535886
3 13 1.830733
3 103 -0.170691
4 5 0.391161
4 14 1.377019
4 104 -1.110326
5 6 0.363699
5 15 -0.040893
5 105 -0.257119
6 7 0.982987
6 16 -0.389031
6 106 -1.095736
7 8 -0.892634
7 17 -0.696385
7 107 -0.990595
8 9 0.266351
8 18 0.235555
8 108 -0.089277
9 0 -0.875026
9 19 -0.739024
9 109 1.978803
10 11 0.489273
10 20 -1.173507
10 110 -0.975858
11 12 0.122570
11 21 -1.113548
11 111 -0.820960
12 13 -0.317864
12 22 0.798930
12 112 -0.005813
13 14 0.270677
13 23 0.657720
13 113 -0.501499
14 15 -1.270953
14 24 -1.866006
14 114 0.510085
15 16 -0.525157
15 25 -0.889941
15 115 0.121983
16 17 1.487344
16 26 0.743340
16 116 -0.766509
17 18 0.496456
17 27 -0.945739
17 117 -0.026368
18 19 -0.455817
18 28 -0.533534
18 118 0.570990
19 10 1.104700
19 29 1.639451
19 119 1.393008
20 21 0.592270
20 30 0.489011
20 120 0.190266
21 22 0.950018
21 31 0.031416
21 121 -0.792765
22 23 0.983962
22 32 -0.934635
22 122 -0.503545
23 24 0.317097
23 33 -1.897053
23 123 -1.490927
24 25 0.224841
24 34 1.021591
24 124 0.536236
25 26 1.003025
25 35 0.457623
25 125 -0.396126
26 27 -0.271722
26 36 -0.281061
26 126 1.082739
27 28 -0.805734
27 37 0.144188
27 127 0.011960
28 29 -0.865176
28 38 -0.420220
28 128 1.061858
29 20 -0.943116
29 39 0.434777
29 129 -0.482630
30 31 0.353223
30 40 -1.760832
30 130 -0.703636
31 32 -0.330042
31 41 1.542665
31 131 1.079577
32 33 0.049149
32 42 0.445449
32 132 -1.129191
33 34 -1.299304
33 43 -0.517239
33 133 -1.657363
34 35 0.298711
34 44 -0.253591
34 134 -0.962540
35 36 -1.673130
35 45 -0.223547
35 135 1.859076
36 37 0.285289
36 46 -0.164034
36 136 -0.419530
37 38 -1.258066
37 47 0.385643
37 137 1.161728
38 39 1.074812
38 48 -0.394189
38 138 -0.497475
39 30 -0.712258
39 49 0.514409
39 139 -0.629397
40 41 0.825719
40 50 0.494003
40 140 -0.351377
41 42 -0.888675
41 51 0.470285
41 141 -1.919804
42 43 0.882670
42 52 0.127341
42 142 -0.577681
43 44 -1.020969
43 53 -0.806130
43 143 -0.384735
44 45 -0.158349
44 54 0.395855
44 144 1.158279
45 46 1.102553
45 55 0.624190
45 145 0.056807
46 47 0.740198
46 56 -0.105703
46 146 0.225024
47 48 -0.851109
47 57 1.682015
47 147 -2.068618
48 49 0.474029
48 58 -1.415539
48 148 -2.047623
49 40 0.906871
49 59 -1.167573
49 149 0.289573
50 51 -0.004442
50 60 1.299106
50 150 0.071809
51 52 0.306909
51 61 -0.610429
51 151 -1.310281
52 53 0.484902
52 62 1.116265
52 152 0.639505
53 54 0.801472
53 63 -1.174077
53 153 -1.612747
54 55 1.650519
54 64 -0.338332
54 154 1.270797
55 56 -0.052893
55 65 -0.005849
55 155 -0.487915
56 57 2.493061
56 66 0.014450
56 156 -1.035521
57 58 -2.164294
57 67 -0.242997
57 157 0.531832
58 59 1.293666
58 68 0.037773
58 158 0.520273
59 50 0.352602
59 69 0.378108
59 159 -0.280666
60 61 -1.582731
60 70 0.909543
60 160 0.794669
61 62 -0.757990
61 71 -0.040096
61 161 0.567631
62 63 1.472233
62 72 0.854578
62 162 -0.405623
63 64 -2.268658
63 73 1.527620
63 163 1.548868
64 65 -1.056535
64 74 -1.207940
64 164 0.195098
65 66 -0.685317
65 75 0.516894
65 165 -0.271311
66 67 -1.297713
66 76 0.419377
66 166 0.108341
67 68 0.661141
67 77 0.251032
67 167 -0.008505
68 69 0.800014
68 78 -0.295081
68 168 1.207351
69 60 0.791070
69 79 0.463091
69 169 1.645877
70 71 -0.903024
70 80 -0.647957
70 170 -0.160118
71 72 -0.498074
71 81 -0.675190
71 171 -0.282502
72 73 -0.336939
72 82 -0.913629
72 172 0.869275
73 74 0.187774
73 83 -0.063930
73 173 1.413959
74 75 1.080419
74 84 0.574554
74 174 -1.490766
75 76 0.644534
75 85 0.149757
75 175 1.408849
76 77 -0.984527
76 86 0.568712
76 176 -1.331261
77 78 1.368996
77 87 0.118875
77 177 -1.147765
78 79 -0.636177
78 88 -0.541802
78 178 -3.215604
79 70 0.591736
79 89 0.290107
79 179 0.515678
80 81 0.041025
80 90 -0.156758
80 180 -0.618995
81 82 -0.218522
81 91 -2.845651
81 181 -1.027169
82 83 -0.287546
82 92 -0.363731
82 182 0.095128
83 84 -0.663140
83 93 -0.030453
83 183 -2.170137
84 85 0.218976
84 94 0.835082
84 184 1.050588
85 86 0.963266
85 95 -0.134077
85 185 1.011563
86 87 -0.490871
86 96 -0.050156
86 186 2.818263
87 88 1.072555
87 97 0.401736
87 187 -0.211154
88 89 0.027797
88 98 -0.629838
88 188 -1.395703
89 80 -0.599411
89 99 -1.215912
89 189 1.280227
90 91 2.117682
90 0 0.222410
90 190 -0.508035
91 92 -3.213705
91 1 -0.223594
91 191 -0.196230
92 93 0.218440
92 2 -0.224758
92 192 0.982568
93 94 -0.984383
93 3 0.486044
93 193 -0.614800
94 95 -0.118879
94 4 0.858152
94 194 0.471955
95 96 -0.135163
95 5 1.064734
95 195 0.508915
96 97 0.083011
96 6 -1.965036
96 196 0.049156
97 98 0.859929
97 7 -0.548400
97 197 -0.443569
98 99 -0.268680
98 8 0.840668
98 198 -1.644802
99 90 -0.083063
99 9 -1.198304
99 199 -0.831178
100 101 0.502967
100 110 -0.131748
100 200 -2.587931
101 102 0.590228
101 111 -0.878216
101 201 -0.054484
102 103 -0.592363
102 112 -0.601214
102 202 -0.489211
103 104 0.839122
103 113 1.074321
103 203 0.696795
104 105 -0.254126
104 114 -1.428656
104 204 0.870776
105 106 -0.086990
105 115 -1.402676
105 205 0.177223
106 107 0.545843
106 116 -1.055376
106 206 -1.489057
107 108 1.137974
107 117 0.178876
107 207 1.437406
108 109 0.059504
108 118 -1.105321
108 208 0.371014
109 100 0.658813
109 119 0.006835
109 209 0.019398
110 111 0.202298
110 120 -0.738827
110 210 -1.439349
111 112 -0.484644
111 121 -1.452296
111 211 0.748971
112 113 -1.138001
112 122 0.724797
112 212 -1.407841
113 114 1.706651
113 123 0.173571
113 213 0.700882
114 115 0.477507
114 124 -0.030757
114 214 1.169241
115 116 0.437382
115 125 0.386345
115 215 0.613507
116 117 0.269884
116 126 0.333575
116 216 0.501740
117 118 -0.259500
117 127 -1.030390
117 217 0.497771
118 119 0.774572
118 128 -0.630768
118 218 -0.764698
119 110 -0.638722
119 129 0.012873
119 219 1.015082
120 121 0.335651
120 130 1.340049
120 220 -1.140893
121 122 1.401695
121 131 1.774783
121 221 0.727636
122 123 -0.093783
122 132 -0.140071
122 222 -0.528387
123 124 0.370743
123 133 -1.288711
123 223 -1.751791
124 125 0.252149
124 134 0.966058
124 224 1.534874
125 126 -1.729905
125 135 0.265055
125 225 2.230878
126 127 -0.672201
126 136 -1.293768
126 226 -2.015598
127 128 0.176964
127 137 -3.338328
127 227 -0.712184
128 129 0.267463
128 138 0.199234
128 228 0.180274
129 120 -1.082258
129 139 -0.111588
129 229 0.137550
130 131 0.797701
130 140 -1.892409
130 230 0.623682
131 132 -0.019708
131 141 -0.972884
131 231 1.100400
132 133 -0.034506
132 142 0.320144
132 232 -1.512478
133 134 -1.460155
133 143 0.333036
133 233 1.021128
134 135 -0.483317
134 144 -0.490160
134 234 -0.878075
135 136 -0.536880
135 145 -0.766218
135 235 0.669792
136 137 -0.180669
136 146 0.771267
136 236 0.812563
137 138 -1.377819
137 147 0.398225
137 237 -0.744403
138 139 0.169958
138 148 -0.725322
138 238 -0.421572
139 130 1.315986
139 149 1.679482
139 239 0.647494
140 141 0.490672
140 150 0.799922
140 240 0.250187
141 142 -0.887934
141 151 -0.365966
141 241 -0.219053
142 143 0.679726
142 152 0.920709
142 242 0.631444
143 144 -0.351460
143 153 0.442252
143 243 0.522924
144 145 -0.315401
144 154 0.853849
144 244 -1.365528
145 146 -0.852904
145 155 1.006303
145 245 1.638317
146 147 0.918468
146 156 0.486800
146 246 -0.576872
147 148 0.330468
147 157 -1.924086
147 247 0.463596
148 149 0.562484
148 158 0.512207
148 248 0.997876
149 140 -0.530162
149 159 -1.430129
149 249 0.232020
150 151 -0.237924
150 160 -0.669387
150 250 -0.795506
151 152 0.332977
151 161 1.388382
151 251 -0.481928
152 153 1.740339
152 162 1.755401
152 252 0.414047
153 154 0.961804
153 163 -0.824026
153 253 -0.857517
154 155 0.487766
154 164 2.623323
154 254 -1.068103
155 156 -0.737359
155 165 -0.164028
155 255 -0.060571
156 157 2.503701
156 166 0.401406
156 256 -0.846048
157 158 -1.036345
157 167 -1.072792
157 257 3.216071
158 159 1.357007
158 168 1.229510
158 258 -0.212555
159 150 -0.242947
159 169 1.450390
159 259 -0.843691
160 161 2.331273
160 170 -0.821386
160 260 0.530313
161 162 2.145520
161 171 -0.710870
161 261 -0.152157
162 163 -1.869508
162 172 0.244387
162 262 1.022986
163 164 0.753399
163 173 0.692524
163 263 -0.275221
164 165 0.081984
164 174 0.741647
164 264 0.866896
165 166 1.525345
165 175 0.731248
165 265 -1.573889
166 167 -1.365477
166 176 0.040020
166 266 1.704928
167 168 -1.043088
167 177 -1.033519
167 267 -0.662414
168 169 -1.077868
168 178 0.832400
168 268 -2.064948
169 160 1.088664
169 179 -1.209427
169 269 -1.054956
170 171 0.992542
170 180 3.132085
170 270 -2.401848
171 172 0.114436
171 181 0.674825
171 271 0.362250
172 173 -1.448347
172 182 -0.979162
172 272 0.482075
173 174 0.699941
173 183 0.094785
173 273 -0.849225
174 175 0.343823
174 184 -0.334498
174 274 0.366655
175 176 0.250221
175 185 1.570451
175 275 1.162980
176 177 0.492712
176 186 1.702321
176 276 -0.153215
177 178 -0.699057
177 187 0.716687
177 277 -0.660569
178 179 -0.332373
178 188 -1.516240
178 278 0.568440
179 170 -0.481861
179 189 0.738303
179 279 1.395396
180 181 0.014929
180 190 0.551577
180 280 -1.125755
181 182 1.116408
181 191 0.711259
181 281 0.303922
182 183 -0.609855
182 192 0.752374
182 282 -0.221668
183 184 -0.060780
183 193 0.178051
183 283 -1.975647
184 185 1.039400
184 194 -0.127160
184 284 0.040056
185 186 -0.542781
185 195 0.004449
185 285 -0.531587
186 187 -0.029494
186 196 0.219441
186 286 1.477168
187 188 0.331606
187 197 0.250377
187 287 0.063091
188 189 0.834338
188 198 -1.584429
188 288 1.376664
189 180 0.025109
189 199 -0.292810
189 289 1.403107
190 191 1.099528
190 100 0.640598
190 290 -1.035119
191 192 1.145284
191 101 -0.784879
191 291 -1.928950
192 193 -0.456541
192 102 0.710653
192 292 1.118205
193 194 -0.652374
193 103 -1.964428
193 293 -1.078591
194 195 0.155213
194 104 0.615369
194 294 -0.781568
195 196 1.922601
195 105 -0.545503
195 295 0.656714
196 197 0.492585
196 106 -0.396703
196 296 -0.634803
197 198 0.581359
197 107 1.299439
197 297 1.056764
198 199 0.625296
198 108 0.577713
198 298 0.568415
199 190 1.084840
199 109 -1.210431
199 299 -2.100318
200 201 -2.192474
200 210 0.974802
200 300 0.112343
201 202 0.895718
201 211 2.203160
201 301 -1.000556
202 203 2.374054
202 212 0.838329
202 302 0.662853
203 204 -0.426354
203 213 -0.885034
203 303 1.998650
204 205 -0.476167
204 214 -0.345901
204 304 -0.906441
205 206 0.011193
205 215 1.234764
205 305 -1.826627
206 207 1.661033
206 216 0.337787
206 306 0.081992
207 208 1.404462
207 217 0.306102
207 307 1.760985
208 209 -0.393956
208 218 0.157735
208 308 1.218065
209 200 -0.494496
209 219 -0.034756
209 309 -2.386877
210 211 -0.095953
210 220 0.423342
210 310 0.192778
211 212 -1.672320
211 221 -2.512504
211 311 -0.431336
212 213 -0.214218
212 222 0.043595
212 312 1.900519
213 214 0.164323
213 223 0.175166
213 313 1.939047
214 215 0.371714
214 224 0.169330
214 314 1.339312
215 216 0.614750
215 225 -0.587373
215 315 -0.198027
216 217 0.524440
216 226 -0.497579
216 316 0.514112
217 218 -1.878576
217 227 1.098187
217 317 -0.400855
218 219 0.485437
218 228 0.424808
218 318 -0.812565
219 210 -0.040669
219 229 0.896906
219 319 0.643024
220 221 1.866255
220 230 -0.374830
220 320 -1.995393
221 222 0.515189
221 231 -1.737902
221 321 0.773432
222 223 -0.320735
222 232 0.754053
222 322 0.913555
223 224 0.444675
223 233 -1.008554
223 323 -0.863781
224 225 -0.648808
224 234 -0.737443
224 324 0.193390
225 226 2.495138
225 235 -0.783909
225 325 -1.895896
226 227 1.085753
226 236 -0.314469
226 326 -1.987805
227 228 0.944700
227 237 0.655617
227 327 -1.548462
228 229 0.924461
228 238 0.614382
228 328 1.385157
229 220 0.196528
229 239 -0.662545
229 329 -0.427045
230 231 0.355416
230 240 -0.951646
230 330 0.408851
231 232 -1.695053
231 241 -0.197347
231 331 -0.658263
232 233 0.062677
232 242 -0.777916
232 332 0.832564
233 234 2.263796
233 243 -0.938153
233 333 -0.607395
234 235 -0.561149
234 244 -1.855835
234 334 -0.888458
235 236 -0.179214
235 245 -0.135345
235 335 0.085205
236 237 0.827156
236 246 -0.687259
236 336 0.152627
237 238 0.483950
237 247 -0.875597
237 337 -0.504525
238 239 -0.525260
238 248 -1.994476
238 338 -0.273442
239 230 0.159471
239 249 1.589612
239 339 0.392173
240 241 -1.901169
240 250 0.634130
240 340 2.353323
241 242 -0.946232
241 251 0.126059
241 341 -0.379321
242 243 -0.163509
242 252 0.444750
242 342 -1.331884
243 244 1.416086
243 253 0.330501
243 343 -0.620858
244 245 -0.897179
244 254 -0.275072
244 344 -0.475633
245 246 1.218820
245 255 0.415412
245 345 0.460111
246 247 0.226392
246 256 0.292333
246 346 0.518310
247 248 0.591227
247 257 -1.219264
247 347 0.585468
248 249 2.220796
248 258 -0.049536
248 348 -1.190350
249 240 -0.730105
249 259 -0.526660
249 349 -0.694845
250 251 -0.572428
250 260 0.318341
250 350 -1.110888
251 252 0.121209
251 261 0.405525
251 351 -0.769312
252 253 1.303617
252 262 -1.971735
252 352 0.959737
253 254 0.023502
253 263 -1.944238
253 353 -1.251082
254 255 1.462368
254 264 0.178598
254 354 -0.393768
255 256 -1.313527
255 265 -1.207094
255 355 1.831219
256 257 0.487510
256 266 0.032023
256 356 -1.368842
257 258 -1.926678
257 267 0.259045
257 357 -0.374276
258 259 1.308372
258 268 -0.468921
258 358 -1.939547
259 250 2.348939
259 269 0.146862
259 359 1.684028
260 261 -1.035642
260 270 -2.362494
260 360 1.643833
261 262 0.177773
261 271 0.337806
261 361 0.332170
262 263 -0.669555
262 272 -1.292985
262 362 -0.019696
263 264 0.064324
263 273 -1.254335
263 363 -1.083013
264 265 0.320373
264 274 -0.230304
264 364 0.200725
265 266 -1.567062
265 275 0.706068
265 365 -0.654150
266 267 0.400785
266 276 1.308831
266 366 0.403091
267 268 -1.582665
267 277 -1.657776
267 367 0.363902
268 269 -1.012442
268 278 0.659051
268 368 0.977416
269 260 1.022570
269 279 -1.514297
269 369 -1.747393
270 271 1.674668
270 280 -1.807946
270 370 1.182012
271 272 0.697769
271 281 -0.263722
271 371 -0.278513
272 273 0.992449
272 282 -0.876981
272 372 -0.150077
273 274 1.580011
273 283 0.377140
273 373 -0.302838
274 275 2.292930
274 284 0.962455
274 374 2.120533
275 276 -1.628809
275 285 -1.162667
275 375 -1.331328
276 277 0.292095
276 286 -0.129798
276 376 1.674879
277 278 0.402630
277 287 0.898071
277 377 0.405784
278 279 1.638024
278 288 -0.310418
278 378 -1.182680
279 270 -0.396186
279 289 -0.156197
279 379 -0.030728
280 281 0.469859
280 290 -0.563121
280 380 0.205750
281 282 0.240484
281 291 -0.678610
281 381 -1.067818
282 283 -0.653203
282 292 1.258091
282 382 0.916778
283 284 0.129492
283 293 -0.518149
283 383 -1.236351
284 285 -1.929816
284 294 -0.408379
284 384 -0.344524
285 286 0.414464
285 295 0.532154
285 385 1.275964
286 287 0.478348
286 296 0.704229
286 386 0.031347
287 288 0.433265
287 297 -0.327746
287 387 -2.408136
288 289 -0.748610
288 298 1.334117
288 388 -0.587038
289 280 -1.596833
289 299 -2.249231
289 389 -1.287670
290 291 -0.555329
290 200 1.097518
290 390 0.847330
291 292 0.580823
291 201 -1.180073
291 391 0.102451
292 293 0.075718
292 202 -0.098639
292 392 0.117953
293 294 -1.131222
293 203 1.378052
293 393 -0.745087
294 295 2.014551
294 204 -1.666397
294 394 -0.337890
295 296 0.182561
295 205 0.755159
295 395 -0.522481
296 297 -0.059394
296 206 0.825785
296 396 2.146715
297 298 -0.202590
297 207 0.414314
297 397 1.924568
298 299 0.804415
298 208 0.908267
298 398 0.049803
299 290 0.457918
299 209 2.751474
299 399 1.429666
300 301 0.865687
300 310 0.718078
300 400 0.849174
301 302 -0.691071
301 311 -0.016561
301 401 0.492365
302 303 0.910390
302 312 -0.142520
302 402 -0.682107
303 304 -0.117452
303 313 2.514222
303 403 -1.637953
304 305 -0.387304
304 314 0.007098
304 404 0.636352
305 306 -0.685831
305 315 -1.051452
305 405 1.340617
306 307 -2.231315
306 316 -1.064657
306 406 -0.514398
307 308 0.357852
307 317 0.338862
307 407 2.474158
308 309 -0.684057
308 318 -0.416929
308 408 -0.272084
309 300 -0.240716
309 319 -0.931726
309 409 -0.204496
310 311 0.419027
310 320 -1.698844
310 410 1.045506
311 312 1.234666
311 321 2.309574
311 411 0.206142
312 313 -0.393451
312 322 -0.217126
312 412 0.583772
313 314 -0.421316
313 323 -2.045556
313 413 -0.121893
314 315 0.231287
314 324 0.975302
314 414 0.733530
315 316 2.041644
315 325 -1.289635
315 415 0.140986
316 317 0.586948
316 326 2.100679
316 416 -1.079263
317 318 -1.477355
317 327 0.843943
317 417 -1.608423
318 319 -0.479824
318 328 -0.299030
318 418 -1.190117
319 310 -0.682076
319 329 0.066468
319 419 1.530191
320 321 0.035451
320 330 1.001422
320 420 -0.608723
321 322 -0.330180
321 331 -2.153650
321 421 1.307046
322 323 0.270243
322 332 -0.958435
322 422 -0.157895
323 324 -0.450542
323 333 0.031091
323 423 -1.561158
324 325 0.772335
324 334 -1.261741
324 424 -0.509071
325 326 0.128912
325 335 0.274780
325 425 -0.162387
326 327 0.415557
326 336 -0.901246
326 426 -1.523709
327 328 -1.065415
327 337 0.422060
327 427 -0.391029
328 329 -1.128067
328 338 0.271661
328 428 -1.448806
329 320 0.666500
329 339 0.125983
329 429 1.264423
330 331 1.167206
330 340 -0.031595
330 430 0.503176
331 332 0.267231
331 341 -0.773857
331 431 -0.003029
332 333 0.104626
332 342 -0.009131
332 432 0.640636
333 334 0.443478
333 343 0.693911
333 433 0.366666
334 335 0.980946
334 344 1.047343
334 434 -1.402717
335 336 -0.481734
335 345 -0.457696
335 435 0.289130
336 337 0.449856
336 346 -1.213495
336 436 1.163570
337 338 -2.399968
337 347 -0.031800
337 437 0.555744
338 339 -1.094491
338 348 0.538320
338 438 1.453299
339 330 -1.119244
339 349 0.788066
339 439 0.307828
340 341 0.100075
340 350 0.608819
340 440 -1.876704
341 342 -0.697428
341 351 1.288870
341 441 0.609909
342 343 0.636690
342 352 -0.177961
342 442 -0.404569
343 344 -0.125480
343 353 -0.314478
343 443 -2.047951
344 345 0.295850
344 354 1.649107
344 444 -0.155900
345 346 1.420643
345 355 -2.235940
345 445 0.330758
346 347 1.856646
346 356 0.452976
346 446 -0.127601
347 348 -0.978246
347 357 -0.584767
347 447 0.280711
348 349 -0.504397
348 358 1.795576
348 448 -0.028486
349 340 0.453669
349 359 -0.079915
349 449 -0.238078
350 351 0.301790
350 360 -2.145555
350 450 1.352984
351 352 0.524035
351 361 0.575111
351 451 -0.860350
352 353 0.157949
352 362 2.603389
352 452 -2.992442
353 354 0.384161
353 363 -1.530174
353 453 -1.302558
354 355 -0.550488
354 364 -0.412070
354 454 -0.416521
355 356 -0.707964
355 365 0.672101
355 455 -0.668813
356 357 -1.024076
356 366 1.186816
356 456 0.548787
357 358 -0.574028
357 367 0.767360
357 457 -0.347297
358 359 1.745817
358 368 2.488863
358 458 -0.869413
359 350 1.279238
359 369 -0.824065
359 459 0.918165
360 361 0.373039
360 370 -0.077897
360 460 -1.444594
361 362 0.490691
361 371 1.337477
361 461 -1.743856
362 363 0.879223
362 372 -0.589715
362 462 -0.690246
363 364 0.920254
363 373 1.013630
363 463 0.320206
364 365 0.516034
364 374 -0.391808
364 464 -2.670488
365 366 1.277299
365 375 0.741155
365 465 -0.107453
366 367 -1.490889
366 376 1.005107
366 466 2.233313
367 368 0.034602
367 377 -1.344214
367 467 -2.663210
368 369 -1.289159
368 378 -1.225006
368 468 -1.369154
369 360 1.478829
369 379 -2.048947
369 469 1.386331
370 371 0.014003
370 380 -0.988973
370 470 1.927270
371 372 -0.806035
371 381 2.116091
371 471 -0.946599
372 373 -0.169669
372 382 -0.738770
372 472 -0.778850
373 374 0.793528
373 383 0.634942
373 473 -1.128612
374 375 0.753104
374 384 -0.581909
374 474 0.999808
375 376 -1.283031
375 385 -1.037028
375 475 -0.505493
376 377 0.932802
376 386 -0.067636
376 476 -1.087549
377 378 0.002265
377 387 0.382323
377 477 -0.323906
378 379 -0.650392
378 388 -0.763173
378 478 0.599627
379 370 -1.552058
379 389 1.504027
379 479 1.182139
380 381 0.852569
380 390 0.235994
380 480 -0.962974
381 382 -0.984186
381 391 0.530698
381 481 0.126850
382 383 -0.721743
382 392 -0.487884
382 482 0.270237
383 384 0.949666
383 393 -0.284581
383 483 -0.518130
384 385 0.867064
384 394 1.394869
384 484 0.557200
385 386 -0.521001
385 395 -0.811180
385 485 0.296986
386 387 0.619082
386 396 1.232688
386 486 -1.545067
387 388 -0.280640
387 397 0.465073
387 487 0.387694
388 389 -0.478767
388 398 0.615744
388 488 -0.929350
389 380 -0.450587
389 399 -0.073407
389 489 -1.013170
390 391 -0.969260
390 300 0.825295
390 490 -0.738477
391 392 0.291647
391 301 1.509824
391 491 0.360278
392 393 1.165473
392 302 -0.911422
392 492 -1.046840
393 394 0.532196
393 303 1.046971
393 493 0.876750
394 395 0.887530
394 304 -0.785980
394 494 0.247112
395 396 1.525544
395 305 -1.657084
395 495 0.223285
396 397 -0.083725
396 306 -0.973300
396 496 -1.573618
397 398 -0.458913
397 307 -0.446881
397 497 0.582411
398 399 -0.807784
398 308 0.958651
398 498 0.669358
399 390 0.619579
399 309 0.185454
399 499 0.850559
400 401 0.573278
400 410 -0.237719
400 500 0.263617
401 402 1.926121
401 411 -0.690801
401 501 -0.792580
402 403 0.469770
402 412 -0.370352
402 502 0.305680
403 404 1.929560
403 413 -0.665240
403 503 0.740477
404 405 -0.460012
404 414 -0.557329
404 504 -0.418626
405 406 0.101846
405 415 0.407430
405 505 -1.075126
406 407 -0.242585
406 416 1.274902
406 506 -1.015199
407 408 2.288584
407 417 -1.116715
407 507 0.829089
408 409 0.619633
408 418 0.195840
408 508 2.397510
409 400 0.736165
409 419 -1.026492
409 509 0.725503
410 411 -0.842957
410 420 -1.341043
410 510 1.713410
411 412 -0.626038
411 421 1.415907
411 511 0.960981
412 413 -0.199317
412 422 0.062479
412 512 -0.876766
413 414 -1.750821
413 423 -1.014977
413 513 -0.262774
414 415 -0.042220
414 424 1.293861
414 514 -0.625430
415 416 -1.367445
415 425 -0.419913
415 515 0.975602
416 417 -2.984140
416 426 -1.139290
416 516 0.088896
417 418 1.284613
417 427 -0.671750
417 517 -0.700471
418 419 -0.880561
418 428 -0.956045
418 518 -0.149543
419 410 -2.127557
419 429 1.328887
419 519 1.211071
420 421 2.253826
420 430 0.728129
420 520 -0.534486
421 422 -0.000638
421 431 2.045201
421 521 0.932738
422 423 -0.144925
422 432 -0.766760
422 522 -0.346793
423 424 0.295614
423 433 -1.933969
423 523 -1.640364
424 425 -0.838985
424 434 0.797393
424 524 0.004431
425 426 -0.255882
425 435 0.792483
425 525 0.584672
426 427 0.100484
426 436 -0.740919
426 526 -0.645514
427 428 0.034785
427 437 0.268742
427 527 0.035676
428 429 -0.273982
428 438 -0.670812
428 528 1.856575
429 420 0.650638
429 439 0.267467
429 529 2.231173
430 431 -1.138763
430 440 -0.691963
430 530 -0.700349
431 432 -0.061466
431 441 0.621733
431 531 0.422202
432 433 -0.221863
432 442 0.493269
432 532 -0.582378
433 434 0.069809
433 443 -0.641438
433 533 0.726519
434 435 0.632262
434 444 1.066886
434 534 -0.696654
435 436 -0.406083
435 445 -0.210558
435 535 -1.064387
436 437 -0.652113
436 446 -0.266743
436 536 0.537967
437 438 -0.500403
437 447 1.151262
437 537 0.850381
438 439 0.189144
438 448 -0.898557
438 538 -1.190059
439 430 -0.008077
439 449 1.360535
439 539 -1.935230
440 441 -0.060978
440 450 -0.350994
440 540 0.621477
441 442 -1.423322
441 451 -0.389342
441 541 0.212950
442 443 -0.564714
442 452 -0.082836
442 542 -1.190149
443 444 -0.805433
443 453 -0.262422
443 543 0.041322
444 445 -0.153562
444 454 0.591938
444 544 1.829374
445 446 0.039612
445 455 0.459684
445 545 0.118793
446 447 0.454117
446 456 -0.090976
446 546 -1.567673
447 448 -0.218314
447 457 0.169039
447 547 0.854428
448 449 -0.762774
448 458 0.632416
448 548 -1.771019
449 440 -0.230156
449 459 1.159675
449 549 -0.586616
450 451 0.702584
450 460 1.291127
450 550 -0.217960
451 452 0.545216
451 461 1.044260
451 551 -1.502553
452 453 -1.255434
452 462 1.153686
452 552 1.258384
453 454 -0.159622
453 463 0.994015
453 553 0.423763
454 455 2.774657
454 464 1.602119
454 554 1.033289
455 456 0.183174
455 465 0.206034
455 555 -0.048686
456 457 1.131885
456 466 -0.391143
456 556 -1.667062
457 458 0.925057
457 467 1.018004
457 557 0.128354
458 459 0.960174
458 468 -0.273210
458 558 -0.346278
459 450 -0.234392
459 469 1.340511
459 559 1.261651
460 461 0.042221
460 470 -0.015553
460 560 -0.966824
461 462 -1.563431
461 471 1.930494
461 561 -1.170532
462 463 1.836882
462 472 0.408790
462 562 -0.328848
463 464 0.831616
463 473 0.068083
463 563 -0.425830
464 465 1.130912
464 474 -1.042904
464 564 -0.109113
465 466 0.560313
465 475 0.775656
465 565 1.405885
466 467 -0.914184
466 476 -0.421668
466 566 0.930328
467 468 0.731521
467 477 -0.618755
467 567 0.487775
468 469 -0.112724
468 478 0.497929
468 568 0.412642
469 460 1.306710
469 479 1.314474
469 569 -0.326616
470 471 1.457855
470 480 -1.841623
470 570 -1.040421
471 472 -1.530544
471 481 -0.108262
471 571 -0.769714
472 473 -0.554849
472 482 0.178360
472 572 -1.806951
473 474 -1.921835
473 483 -0.548033
473 573 -0.683771
474 475 -0.294810
474 484 0.927662
474 574 0.519943
475 476 0.847780
475 485 1.275497
475 575 1.276439
476 477 0.036421
476 486 -0.626055
476 576 1.624879
477 478 -0.027157
477 487 -0.206443
477 577 0.643766
478 479 -0.097314
478 488 2.586227
478 578 -1.125679
479 470 -1.663244
479 489 0.813283
479 579 0.479627
480 481 0.831650
480 490 0.121827
480 580 -1.308537
481 482 0.659837
481 491 0.671967
481 581 -3.469747
482 483 0.582148
482 492 0.335300
482 582 1.011910
483 484 1.180339
483 493 -1.007215
483 583 1.046370
484 485 -0.394648
484 494 -0.227136
484 584 1.221601
485 486 -0.814622
485 495 -0.198242
485 585 0.571878
486 487 1.009933
486 496 0.773860
486 586 0.543955
487 488 1.250315
487 497 0.480626
487 587 -0.570554
488 489 -0.141993
488 498 1.483988
488 588 1.102484
489 480 0.303787
489 499 -0.630989
489 589 0.170927
490 491 1.280774
490 400 -0.686150
490 590 0.613054
491 492 -0.223472
491 401 0.286034
491 591 0.897357
492 493 -1.409571
492 402 -1.231720
492 592 -1.432037
493 494 0.247736
493 403 0.149596
493 593 2.051145
494 495 2.270572
494 404 2.110052
494 594 -0.116771
495 496 0.153940
495 405 0.727273
495 595 -2.384888
496 497 0.053109
496 406 -1.920798
496 596 -1.284715
497 498 -1.158788
497 407 -0.810967
497 597 1.205085
498 499 1.042310
498 408 0.162831
498 598 -1.128270
499 490 -0.264239
499 409 0.660204
499 599 -0.465872
500 501 0.070873
500 510 0.402896
500 600 0.052488
501 502 -0.020677
501 511 2.241723
501 601 -1.638725
502 503 0.680331
502 512 0.873250
502 602 -0.178072
503 504 -1.587805
503 513 -1.192128
503 603 0.998436
504 505 0.500553
504 514 1.185062
504 604 -0.443380
505 506 -1.708179
505 515 1.409136
505 605 2.045358
506 507 0.311628
506 516 0.283321
506 606 -1.388918
507 508 -0.170141
507 517 0.269381
507 607 0.146270
508 509 0.426971
508 518 0.479679
508 608 -1.928967
509 500 0.155556
509 519 2.460911
509 609 -1.677786
510 511 -0.689981
510 520 0.415940
510 610 -0.071548
511 512 0.598819
511 521 1.344837
511 611 1.391086
512 513 -0.098816
512 522 0.103082
512 612 -0.543709
513 514 -0.137026
513 523 1.156573
513 613 -1.908426
514 515 0.363100
514 524 0.321732
514 614 1.939804
515 516 0.743927
515 525 -1.654784
515 615 -0.779803
516 517 0.129082
516 526 2.142539
516 616 -0.718880
517 518 1.399758
517 527 -1.156340
517 617 -0.656195
518 519 -0.504600
518 528 -0.237240
518 618 -0.435320
519 510 -0.389859
519 529 -0.531135
519 619 1.532087
520 521 0.700026
520 530 1.627389
520 620 -0.805096
521 522 -0.190367
521 531 -0.682689
521 621 2.429502
522 523 0.023629
522 532 3.075484
522 622 0.796247
523 524 -0.017839
523 533 -0.006095
523 623 0.157228
524 525 -0.501374
524 534 -0.112942
524 624 -0.299127
525 526 0.824018
525 535 -0.438720
525 625 0.718637
526 527 0.233299
526 536 -1.607636
526 626 0.528616
527 528 1.621715
527 537 0.862994
527 627 -0.804958
528 529 -0.317980
528 538 -0.277263
528 628 0.751260
529 520 -1.001598
529 539 -1.054885
529 629 0.339327
530 531 0.796216
530 540 -0.919391
530 630 -0.242449
531 532 0.966948
531 541 0.610923
531 631 -0.601066
532 533 -2.689115
532 542 1.153482
532 632 -1.773277
533 534 -0.929531
533 543 -1.750621
533 633 0.600021
534 535 -1.607325
534 544 2.750610
534 634 -1.033234
535 536 1.409864
535 545 -0.206084
535 635 -0.353107
536 537 0.186216
536 546 0.869653
536 636 -0.853500
537 538 -2.553521
537 547 -1.872987
537 637 1.660689
538 539 3.443616
538 548 -1.710315
538 638 0.805143
539 530 1.005445
539 549 0.225492
539 639 0.915993
540 541 -1.189885
540 550 1.151796
540 640 -1.972131
541 542 -1.718928
541 551 -0.811970
541 641 -1.821360
542 543 -1.150212
542 552 0.713759
542 642 -0.439039
543 544 -0.968183
543 553 0.325095
543 643 -0.826584
544 545 -0.454688
544 554 -0.017692
544 644 -0.725956
545 546 1.764541
545 555 0.665145
545 645 0.319136
546 547 0.436337
546 556 -0.642955
546 646 0.722873
547 548 0.003619
547 557 -1.430933
547 647 -1.081759
548 549 -0.584109
548 558 -0.603509
548 648 0.493248
549 540 -1.832547
549 559 0.416938
549 649 -2.354818
550 551 0.612552
550 560 -1.079877
550 650 -0.426652
551 552 0.447143
551 561 -1.109313
551 651 0.274973
552 553 -0.145146
552 562 1.051595
552 652 0.974595
553 554 -1.245741
553 563 0.270299
553 653 0.467655
554 555 0.303009
554 564 -1.759330
554 654 1.911838
555 556 1.154081
555 565 -0.530014
555 655 0.757586
556 557 -0.836459
556 566 -0.604812
556 656 0.634528
557 558 -1.002505
557 567 0.277436
557 657 -1.016944
558 559 0.018110
558 568 0.276966
558 658 -0.087483
559 550 0.074321
559 569 0.246232
559 659 1.704687
560 561 -1.000997
560 570 1.716506
560 660 0.424627
561 562 -1.317687
561 571 -0.006487
561 661 -0.955251
562 563 -0.078068
562 572 -0.340969
562 662 0.069879
563 564 -1.654473
563 573 0.536080
563 663 1.296257
564 565 0.668349
564 574 -0.645939
564 664 -0.406326
565 566 1.061673
565 575 -1.997185
565 665 2.086374
566 567 0.226069
566 576 -0.427960
566 666 0.092730
567 568 -0.728502
567 577 0.534673
567 667 0.802891
568 569 0.220532
568 578 0.836172
568 668 -0.355942
569 560 2.684807
569 579 -1.532176
569 669 -0.352996
570 571 -0.662396
570 580 -0.358090
570 670 1.190574
571 572 0.868571
571 581 0.544013
571 671 0.765601
572 573 2.023844
572 582 -0.176218
572 672 -0.931694
573 574 0.772337
573 583 -0.466299
573 673 0.670239
574 575 0.045645
574 584 0.120695
574 674 -0.215927
575 576 0.031202
575 585 0.184690
575 675 -1.096353
576 577 -0.009912
576 586 0.642528
576 676 -2.443841
577 578 1.422403
577 587 -0.025951
577 677 1.441544
578 579 -0.480008
578 588 -0.022669
578 678 0.248271
579 570 0.907755
579 589 0.618678
579 679 -0.970199
580 581 -1.027831
580 590 0.696267
580 680 0.103843
581 582 -0.099213
581 591 -1.394788
581 681 1.099405
582 583 -0.694407
582 592 0.581290
582 682 0.177434
583 584 0.866696
583 593 1.441708
583 683 -0.928339
584 585 -0.442462
584 594 1.065871
584 684 0.323254
585 586 0.009353
585 595 -1.529631
585 685 0.625501
586 587 -1.681392
586 596 -0.626807
586 686 -1.218654
587 588 0.224574
587 597 0.439418
587 687 0.435598
588 589 -0.757298
588 598 0.717095
588 688 1.383934
589 580 1.693949
589 599 -0.086967
589 689 0.689833
590 591 -1.318785
590 500 -0.696939
590 690 2.028491
591 592 -0.357753
591 501 -1.538833
591 691 1.112955
592 593 -0.068296
592 502 0.475767
592 692 1.114671
593 594 0.480030
593 503 0.205486
593 693 0.151372
594 595 -1.533911
594 504 -0.392159
594 694 1.059140
595 596 -0.711069
595 505 0.051195
595 695 -1.291006
596 597 -1.756685
596 506 1.983968
596 696 0.417041
597 598 -0.928946
597 507 0.142165
597 697 0.517488
598 599 -0.291147
598 508 1.085302
598 698 1.286802
599 590 1.535930
599 509 0.880719
599 699 -0.889927
600 601 -0.140800
600 610 0.132819
600 700 -1.631416
601 602 -1.849480
601 611 -1.279010
601 701 0.942680
602 603 -0.120113
602 612 -0.202545
602 702 0.908449
603 604 0.107153
603 613 -0.558745
603 703 0.122083
604 605 0.277178
604 614 -0.396699
604 704 1.008727
605 606 0.920552
605 615 -0.140267
605 705 -1.286285
606 607 -0.319472
606 616 0.519465
606 706 0.311560
607 608 0.543323
607 617 -0.270364
607 707 -1.444632
608 609 -0.740286
608 618 0.030597
608 708 -0.042850
609 600 0.412938
609 619 -1.110668
609 709 -1.837269
610 611 -0.495590
610 620 -0.797666
610 710 1.038894
611 612 0.188989
611 621 -0.077450
611 711 0.421144
612 613 -0.242300
612 622 1.847562
612 712 -0.557884
613 614 2.883862
613 623 -0.097829
613 713 0.408461
614 615 -1.154328
614 624 0.676663
614 714 1.198348
615 616 1.527060
615 625 1.280549
615 715 -1.831359
616 617 1.080004
616 626 -1.910561
616 716 0.872847
617 618 -0.771557
617 627 1.542448
617 717 1.131948
618 619 0.041547
618 628 0.804372
618 718 -1.829086
619 610 -0.541402
619 629 1.441189
619 719 0.339556
620 621 0.962563
620 630 -0.872633
620 720 1.656951
621 622 -1.517019
621 631 0.454871
621 721 0.540387
622 623 -0.531984
622 632 -1.193087
622 722 -0.522487
623 624 0.118442
623 633 -1.268093
623 723 -0.369923
624 625 -2.290103
624 634 0.149212
624 724 -0.694797
625 626 0.792626
625 635 0.110840
625 725 0.522315
626 627 -0.738850
626 636 0.491233
626 726 -0.424984
627 628 -0.413259
627 637 -0.521077
627 727 0.043116
628 629 0.048538
628 638 0.328947
628 728 0.504378
629 620 -0.196318
629 639 -0.071030
629 729 -0.602316
630 631 1.781317
630 640 0.639663
630 730 -1.727515
631 632 -1.977338
631 641 -0.359380
631 731 -0.808127
632 633 1.853327
632 642 -1.015338
632 732 -3.219313
633 634 0.641084
633 643 1.038316
633 733 -0.012436
634 635 0.681055
634 644 0.439654
634 734 -0.779066
635 636 -1.127838
635 645 0.293853
635 735 -0.347128
636 637 0.053592
636 646 1.106158
636 736 -0.659943
637 638 0.743596
637 647 1.812976
637 737 1.145376
638 639 -0.672467
638 648 1.417707
638 738 0.400413
639 630 0.358828
639 649 1.002200
639 739 -0.619363
640 641 1.089836
640 650 0.160477
640 740 0.020043
641 642 0.078948
641 651 -1.225187
641 741 -2.051197
642 643 -2.057684
642 652 0.096071
642 742 0.515298
643 644 0.449894
643 653 0.317645
643 743 -0.431711
644 645 0.750232
644 654 -1.322523
644 744 0.309770
645 646 -0.728077
645 655 0.010148
645 745 0.664687
646 647 1.722990
646 656 0.314515
646 746 -0.351117
647 648 -1.269586
647 657 -0.123017
647 747 1.319801
648 649 0.319588
648 658 -1.054876
648 748 0.256590
649 640 0.097349
649 659 -1.104498
649 749 -2.161846
650 651 -0.384331
650 660 0.278269
650 750 -1.581533
651 652 -0.620591
651 661 0.469663
651 751 1.080829
652 653 -0.700310
652 662 -0.644167
652 752 1.087483
653 654 -0.782761
653 663 1.047166
653 753 -1.214875
654 655 0.218295
654 664 -0.480721
654 754 1.513599
655 656 -0.793269
655 665 0.421417
655 755 -0.594490
656 657 2.079332
656 666 0.188824
656 756 -0.341246
657 658 1.217596
657 667 1.172466
657 757 0.168340
658 659 -2.000065
658 668 2.025733
658 758 1.102548
659 650 0.729363
659 669 -0.042185
659 759 -0.017230
660 661 -0.679032
660 670 -0.500636
660 760 -2.192565
661 662 0.774055
661 671 -0.262850
661 761 0.379252
662 663 1.654491
662 672 0.273397
662 762 1.690768
663 664 -1.729467
663 673 0.370603
663 763 0.290595
664 665 0.356857
664 674 -0.494961
664 764 -0.652598
665 666 0.528205
665 675 -1.139843
665 765 -0.800490
666 667 -0.913589
666 676 -2.659956
666 766 -0.284785
667 668 -0.444921
667 677 0.983519
667 767 0.040172
668 669 -0.222537
668 678 0.567817
668 768 -0.587670
669 660 1.684113
669 679 -1.030245
669 769 0.891131
670 671 -1.087825
670 680 0.267637
670 770 -0.278594
671 672 0.773995
671 681 -0.668458
671 771 -0.352073
672 673 0.054266
672 682 0.082632
672 772 0.766497
673 674 -0.802774
673 683 0.998443
673 773 0.531857
674 675 0.275306
674 684 -0.659656
674 774 -1.080299
675 676 -0.108019
675 685 -0.287936
675 775 -0.365641
676 677 0.402014
676 686 0.089684
676 776 -0.019967
677 678 1.456832
677 687 -0.735959
677 777 -0.355576
678 679 -1.151390
678 688 1.779312
678 778 1.202317
679 670 -1.289081
679 689 -1.557764
679 779 0.441318
680 681 0.151966
680 690 -0.109925
680 780 0.600014
681 682 0.248426
681 691 0.960731
681 781 1.436780
682 683 -1.128286
682 692 1.226640
682 782 1.355678
683 684 2.468529
683 693 1.911227
683 783 1.680108
684 685 0.237776
684 694 -2.061814
684 784 -1.014144
685 686 0.492348
685 695 -1.062447
685 785 -1.338780
686 687 -0.009881
686 696 -0.046947
686 786 -0.380141
687 688 1.260642
687 697 -2.609808
687 787 -0.243640
688 689 1.861895
688 698 0.725145
688 788 -0.570982
689 680 -0.341927
689 699 0.391141
689 789 -0.182980
690 691 -1.685520
690 600 1.031796
690 790 -0.688207
691 692 -0.262662
691 601 -1.424673
691 791 -0.790046
692 693 0.434454
692 602 -1.300931
692 792 2.098709
693 694 -0.154911
693 603 -0.223544
693 793 -1.349334
694 695 1.517196
694 604 -0.558678
694 794 -0.322895
695 696 1.490002
695 605 1.762186
695 795 2.191717
696 697 -1.829393
696 606 -0.757612
696 796 -0.354227
697 698 0.463936
697 607 -1.159518
697 797 -0.437194
698 699 1.086964
698 608 -0.065850
698 798 -0.529365
699 690 0.808364
699 609 -1.285695
699 799 0.193730
700 701 -0.570908
700 710 0.140487
700 800 0.548602
701 702 -0.032760
701 711 1.346385
701 801 -0.002011
702 703 1.745378
702 712 1.631060
702 802 0.763382
703 704 -0.681411
703 713 -0.038361
703 803 0.568080
704 705 0.644053
704 714 -0.386686
704 804 -0.512145
705 706 -1.038232
705 715 1.027863
705 805 -0.303888
706 707 -0.850662
706 716 0.233817
706 806 0.766218
707 708 0.523897
707 717 2.779380
707 807 -1.196313
708 709 0.469414
708 718 -0.157223
708 808 -0.412537
709 700 1.293970
709 719 -1.070084
709 809 -0.025322
710 711 0.069592
710 720 -1.436932
710 810 -0.621624
711 712 -0.906200
711 721 0.347446
711 811 -0.251153
712 713 -0.490112
712 722 -1.084466
712 812 -0.675073
713 714 1.045955
713 723 -0.583685
713 813 1.295144
714 715 -2.104943
714 724 -0.010456
714 814 -0.571364
715 716 0.715608
715 725 1.262769
715 815 0.208254
716 717 0.468990
716 726 0.265325
716 816 0.618212
717 718 1.527058
717 727 -1.735933
717 817 0.620269
718 719 0.250730
718 728 -0.905475
718 818 -1.879382
719 710 -1.468249
719 729 -0.543625
719 819 -0.462799
720 721 -0.751730
720 730 -0.085594
720 820 -1.093814
721 722 -0.336841
721 731 -0.119326
721 821 0.715493
722 723 1.604557
722 732 0.541934
722 822 0.566730
723 724 0.424617
723 733 -0.216604
723 823 0.817361
724 725 -1.038621
724 734 1.500593
724 824 -1.309183
725 726 2.200589
725 735 0.491374
725 825 -0.828440
726 727 -0.026187
726 736 0.795974
726 826 -0.098742
727 728 0.267702
727 737 0.069630
727 827 -0.326577
728 729 1.007749
728 738 -0.850249
728 828 -0.496264
729 720 0.188723
729 739 -2.098551
729 829 0.490073
730 731 -0.170893
730 740 0.937480
730 830 2.193646
731 732 0.213698
731 741 0.505554
731 831 -0.854677
732 733 -0.804062
732 742 0.744444
732 832 -0.761526
733 734 0.322316
733 743 0.447671
733 833 -0.742255
734 735 0.626255
734 744 1.966278
734 834 -1.391514
735 736 0.651045
735 745 1.931097
735 835 -0.091041
736 737 -1.031443
736 746 1.736826
736 836 0.033352
737 738 0.490977
737 747 -1.584948
737 837 0.885493
738 739 0.059698
738 748 -0.296231
738 838 -1.259474
739 730 0.575610
739 749 -1.682452
739 839 -0.030013
740 741 -1.486690
740 750 -1.348480
740 840 -0.832517
741 742 0.880066
741 751 -1.187759
741 841 -0.433140
742 743 1.035838
742 752 0.200060
742 842 1.444458
743 744 0.570979
743 753 0.056550
743 843 -1.088777
744 745 2.064859
744 754 0.886799
744 844 -0.144253
745 746 -1.051766
745 755 0.638583
745 845 -0.152581
746 747 0.690488
746 756 -0.791093
746 846 0.602858
747 748 1.617586
747 757 -0.432891
747 847 0.748209
748 749 1.910137
748 758 -1.155352
748 848 -1.418961
749 740 -0.720476
749 759 -1.167736
749 849 0.503814
750 751 -0.054857
750 760 -1.458556
750 850 0.050063
751 752 -0.631642
751 761 -0.418507
751 851 0.078415
752 753 0.341230
752 762 -0.373491
752 852 2.094956
753 754 -0.238025
753 763 1.211692
753 853 -0.664780
754 755 1.126650
754 764 0.320782
754 854 0.564462
755 756 -0.006018
755 765 -0.349622
755 855 0.356786
756 757 -0.557855
756 766 1.580444
756 856 0.867183
757 758 0.975528
757 767 -0.035454
757 857 -0.104178
758 759 0.738384
758 768 -1.566277
758 858 0.095507
759 750 -0.624307
759 769 0.406448
759 859 1.400792
760 761 -0.607696
760 770 0.810534
760 860 -2.901287
761 762 -0.865714
761 771 0.567217
761 861 1.153801
762 763 0.263845
762 772 -0.692099
762 862 0.551363
763 764 1.859113
763 773 0.976661
763 863 -0.856701
764 765 -0.423704
764 774 -0.070600
764 864 -2.782665
765 766 0.583450
765 775 1.615142
765 865 1.385727
766 767 1.045908
766 776 0.115344
766 866 1.599069
767 768 -1.091308
767 777 1.191097
767 867 -0.358197
768 769 -0.480489
768 778 -0.196515
768 868 0.042691
769 760 0.913885
769 779 0.602919
769 869 -0.362882
770 771 0.599942
770 780 0.669439
770 870 0.265386
771 772 0.810566
771 781 0.528849
771 871 -1.676059
772 773 -0.341085
772 782 0.507928
772 872 1.435109
773 774 -0.379651
773 783 0.757735
773 873 0.349952
774 775 -0.649046
774 784 -0.129470
774 874 -0.271869
775 776 0.529036
775 785 1.075896
775 875 -1.738649
776 777 0.796186
776 786 -1.287968
776 876 1.144838
777 778 -0.683560
777 787 -0.664077
777 877 -0.386620
778 779 -0.036364
778 788 0.135592
778 878 1.034236
779 770 -0.102178
779 789 0.130495
779 879 -0.480792
780 781 0.319945
780 790 -1.047356
780 880 -1.735065
781 782 -0.106148
781 791 -0.889118
781 881 0.491012
782 783 0.404406
782 792 0.077445
782 882 1.517323
783 784 -0.373650
783 793 -0.759185
783 883 -1.370984
784 785 0.562603
784 794 -0.364781
784 884 1.190550
785 786 -0.298125
785 795 -0.261469
785 885 -0.464305
786 787 0.859208
786 796 -1.704682
786 886 0.756383
787 788 0.229138
787 797 1.814823
787 887 -0.421122
788 789 -0.993564
788 798 -0.218426
788 888 0.047568
789 780 0.372808
789 799 -0.393931
789 889 -0.078953
790 791 -0.596741
790 700 -1.890282
790 890 0.647754
791 792 -0.110893
791 701 -0.985928
791 891 -0.524386
792 793 -2.644796
792 702 0.934760
792 892 0.806265
793 794 0.006822
793 703 0.290021
793 893 1.561286
794 795 -0.511321
794 704 0.667228
794 894 1.877299
795 796 0.424028
795 705 1.841340
795 895 -0.807233
796 797 -1.982558
796 706 0.360594
796 896 -1.046433
797 798 2.488103
797 707 -0.049619
797 897 -0.798473
798 799 0.527855
798 708 0.471722
798 898 -0.016351
799 790 0.403787
799 709 -1.187794
799 899 0.725015
800 801 -1.922551
800 810 -0.351408
800 900 2.373662
801 802 -0.782999
801 811 -0.178895
801 901 0.359603
802 803 0.382063
802 812 1.203326
802 902 -0.321086
803 804 -2.196931
803 813 -0.772104
803 903 -0.413024
804 805 -0.692879
804 814 2.233439
804 904 1.077088
805 806 -0.417870
805 815 0.209598
805 905 1.026791
806 807 -0.398203
806 816 -0.633058
806 906 -1.962249
807 808 0.244106
807 817 -0.272858
807 907 -0.122426
808 809 -0.561930
808 818 -0.933437
808 908 -0.368302
809 800 -0.047229
809 819 -0.008531
809 909 0.511369
810 811 0.058897
810 820 -1.606083
810 910 0.030049
811 812 -0.358088
811 821 0.277994
811 911 -0.982817
812 813 2.620544
812 822 1.990950
812 912 1.309145
813 814 0.446839
813 823 -0.053046
813 913 0.418876
814 815 0.094873
814 824 -0.895200
814 914 1.606297
815 816 0.880987
815 825 1.210638
815 915 0.257188
816 817 1.365950
816 826 0.210199
816 916 -0.086913
817 818 0.370935
817 827 -0.884860
817 917 1.259979
818 819 -0.486223
818 828 -0.327483
818 918 -0.919808
819 810 1.152505
819 829 -0.201010
819 919 1.341659
820 821 0.788246
820 830 0.456764
820 920 -0.464979
821 822 1.642151
821 831 -1.792260
821 921 -0.555074
822 823 0.261578
822 832 -0.086335
822 922 -0.760977
823 824 0.355244
823 833 0.188067
823 923 -0.485403
824 825 -0.504774
824 834 1.188045
824 924 -0.603614
825 826 1.288143
825 835 -0.106601
825 925 -0.629947
826 827 0.490347
826 836 0.598343
826 926 0.239321
827 828 -0.109084
827 837 -0.215646
827 927 -0.815722
828 829 -0.464412
828 838 -0.240222
828 928 3.084472
829 820 0.641582
829 839 0.176693
829 929 0.290712
830 831 0.149754
830 840 -0.577616
830 930 -0.900514
831 832 0.052462
831 841 -0.774807
831 931 -0.002853
832 833 1.299441
832 842 -1.561905
832 932 0.202951
833 834 0.105247
833 843 -1.034369
833 933 0.615789
834 835 -0.540263
834 844 0.980972
834 934 1.133450
835 836 0.612851
835 845 2.528571
835 935 -0.704915
836 837 -1.464003
836 846 0.115409
836 936 -0.016102
837 838 -1.513891
837 847 1.434191
837 937 0.848591
838 839 0.957249
838 848 0.967227
838 938 0.166034
839 830 1.843373
839 849 -1.392354
839 939 -0.584592
840 841 -0.828902
840 850 -2.500715
840 940 1.820029
841 842 0.736911
841 851 -1.392735
841 941 -0.075319
842 843 -0.420680
842 852 -0.532173
842 942 -1.195503
843 844 -0.803505
843 853 1.105923
843 943 0.512307
844 845 -0.077877
844 854 0.742478
844 944 -0.271377
845 846 -0.955938
845 855 -0.226211
845 945 1.909602
846 847 -1.208574
846 856 -1.042360
846 946 0.129879
847 848 0.688363
847 857 0.326092
847 947 1.949609
848 849 1.461856
848 858 -0.061498
848 948 -1.898462
849 840 0.454085
849 859 1.291303
849 949 -1.117052
850 851 -0.599235
850 860 -0.377126
850 950 -0.186232
851 852 1.140641
851 861 0.351738
851 951 0.912274
852 853 -0.907071
852 862 -1.404926
852 952 -0.211533
853 854 0.564429
853 863 -1.290137
853 953 0.014942
854 855 0.643868
854 864 0.008522
854 954 -0.370954
855 856 -0.320600
855 865 -0.733437
855 955 1.397716
856 857 0.226333
856 866 -1.886064
856 956 2.122664
857 858 -0.099237
857 867 -0.300840
857 957 -0.080718
858 859 -0.011739
858 868 -2.180763
858 958 -0.304396
859 850 -0.182740
859 869 -0.211867
859 959 -0.468598
860 861 -0.459731
860 870 -1.161004
860 960 -0.715688
861 862 0.189628
861 871 1.064502
861 961 -1.193721
862 863 0.747675
862 872 -1.208708
862 962 -0.317976
863 864 -0.079133
863 873 -0.160872
863 963 -0.182173
864 865 -0.441405
864 874 -0.658214
864 964 1.564623
865 866 -1.597073
865 875 -2.097717
865 965 -0.746340
866 867 -0.575020
866 876 2.374295
866 966 0.428767
867 868 -0.700799
867 877 0.370523
867 967 0.031147
868 869 -1.224289
868 878 -0.440409
868 968 0.568350
869 860 -1.840038
869 879 -0.753032
869 969 -1.037838
870 871 -0.806595
870 880 1.671673
870 970 0.506027
871 872 -0.003459
871 881 -0.293579
871 971 1.543164
872 873 -2.080845
872 882 0.149771
872 972 0.785897
873 874 0.318651
873 883 -0.665921
873 973 0.292148
874 875 -1.327029
874 884 -1.375677
874 974 -0.909036
875 876 -0.244763
875 885 0.003386
875 975 -0.841180
876 877 1.231867
876 886 0.142237
876 976 2.069246
877 878 -0.536250
877 887 0.233046
877 977 -1.489661
878 879 -0.117202
878 888 0.028409
878 978 0.234801
879 870 -0.717248
879 889 -0.809524
879 979 0.522772
880 881 -0.547243
880 890 -0.002656
880 980 -1.447917
881 882 -1.744569
881 891 -0.569188
881 981 -0.862942
882 883 0.769953
882 892 -0.813264
882 982 -1.281264
883 884 1.384405
883 893 -1.127530
883 983 -0.246278
884 885 -0.871621
884 894 0.870181
884 984 -1.465273
885 886 0.650906
885 895 -0.346433
885 985 2.075914
886 887 -0.005319
886 896 -1.341520
886 986 0.847308
887 888 1.476605
887 897 0.540781
887 987 -0.828577
888 889 0.286896
888 898 0.394992
888 988 -1.372804
889 880 -2.165189
889 899 -0.174601
889 989 -0.665874
890 891 1.400580
890 800 0.499434
890 990 -0.336042
891 892 1.109747
891 801 -0.027835
891 991 -0.099525
892 893 -2.243032
892 802 -0.372106
892 992 0.808773
893 894 0.606873
893 803 1.058650
893 993 0.760092
894 895 0.957395
894 804 1.263809
894 994 -1.821657
895 896 -1.692735
895 805 0.683333
895 995 0.010971
896 897 0.414706
896 806 0.263516
896 996 -0.465378
897 898 -0.634026
897 807 1.269351
897 997 0.982382
898 899 -1.380153
898 808 -0.839154
898 998 -0.420080
899 890 0.097683
899 809 1.088969
899 999 1.127041
900 901 -0.004908
900 910 -0.890781
900 0 -0.641399
901 902 -0.163390
901 911 -0.495738
901 1 -1.336302
902 903 -1.473133
902 912 0.143582
902 2 -1.066438
903 904 -0.516040
903 913 -0.442723
903 3 -1.293313
904 905 0.663672
904 914 1.094595
904 4 1.134246
905 906 0.755768
905 915 0.116664
905 5 -0.967024
906 907 1.539051
906 916 -0.517995
906 6 0.119473
907 908 1.294181
907 917 0.773570
907 7 0.377881
908 909 1.931147
908 918 0.299767
908 8 0.841291
909 900 -2.194307
909 919 0.421822
909 9 -0.082385
910 911 -0.847919
910 920 -1.704037
910 10 -1.125254
911 912 0.808759
911 921 -0.942541
911 11 -1.083817
912 913 -1.429996
912 922 -1.080288
912 12 0.794952
913 914 -0.879421
913 923 0.573347
913 13 0.287361
914 915 -0.617675
914 924 1.066709
914 14 0.831288
915 916 0.164045
915 925 -1.263175
915 15 1.517749
916 917 -0.987296
916 926 -0.057696
916 16 -0.055984
917 918 1.362343
917 927 0.357423
917 17 0.063207
918 919 -0.191422
918 928 -1.142766
918 18 -0.317621
919 910 0.719085
919 929 -0.599619
919 19 0.003595
920 921 3.051484
920 930 -1.530275
920 20 -0.032985
921 922 -1.225454
921 931 1.307717
921 21 -0.080519
922 923 0.258249
922 932 -1.014469
922 22 -0.759514
923 924 0.577594
923 933 -0.742442
923 23 -0.976992
924 925 -0.761276
924 934 -0.502024
924 24 1.987925
925 926 -0.758847
925 935 0.045768
925 25 1.916662
926 927 -0.951906
926 936 -1.024465
926 26 0.637783
927 928 -0.825930
927 937 0.301575
927 27 0.402776
928 929 -2.067396
928 938 -0.257649
928 28 0.945566
929 920 -0.594698
929 939 0.151295
929 29 1.616947
930 931 0.375661
930 940 0.865546
930 30 -0.575635
931 932 0.786192
931 941 0.860429
931 31 -1.140953
932 933 -0.201312
932 942 1.783063
932 32 1.394668
933 934 0.928382
933 943 -0.980546
933 33 1.031326
934 935 1.294426
934 944 -2.573740
934 34 -0.084805
935 936 0.634523
935 945 -0.373369
935 35 0.180742
936 937 -0.351608
936 946 0.477778
936 36 0.028271
937 938 -0.178261
937 947 -0.500926
937 37 1.521534
938 939 1.935182
938 948 0.279464
938 38 -0.904738
939 930 -1.046028
939 949 0.885818
939 39 1.696799
940 941 0.276119
940 950 0.321295
940 40 -0.222290
941 942 0.632623
941 951 0.945960
941 41 0.361330
942 943 1.779229
942 952 -1.236419
942 42 -0.537732
943 944 -1.275944
943 953 0.496714
943 43 0.644430
944 945 1.202173
944 954 -0.182386
944 44 0.147155
945 946 0.501028
945 955 0.883735
945 45 0.275642
946 947 0.148241
946 956 -0.525938
946 46 0.489685
947 948 -0.934756
947 957 -1.102449
947 47 2.347637
948 949 -0.093190
948 958 0.393001
948 48 -0.340729
949 940 1.113744
949 959 -0.181673
949 49 -0.612252
950 951 0.054303
950 960 -0.269646
950 50 0.459519
951 952 -0.240339
951 961 -0.582747
951 51 0.156171
952 953 0.468278
952 962 1.911377
952 52 0.326606
953 954 0.628419
953 963 0.438964
953 53 0.609075
954 955 -0.082667
954 964 -0.137054
954 54 0.569024
955 956 1.055385
955 965 -0.061349
955 55 0.342610
956 957 0.154770
956 966 -0.795225
956 56 -1.617218
957 958 -0.125376
957 967 -0.218019
957 57 -0.438733
958 959 2.232751
958 968 1.009259
958 58 1.486884
959 950 0.168885
959 969 -0.008778
959 59 1.563627
960 961 -1.393988
960 970 0.062687
960 60 0.833904
961 962 -1.180228
961 971 0.001153
961 61 0.635287
962 963 -0.994728
962 972 1.531076
962 62 0.820032
963 964 -0.382663
963 973 1.142405
963 63 0.190878
964 965 -1.392221
964 974 1.117650
964 64 0.249158
965 966 0.508421
965 975 -1.893964
965 65 -0.469704
966 967 0.546070
966 976 0.206639
966 66 0.951495
967 968 -0.290320
967 977 1.755131
967 67 -0.792328
968 969 0.923994
968 978 -1.186316
968 68 1.590253
969 960 1.851811
969 979 -0.811963
969 69 -1.386541
970 971 0.119448
970 980 1.619126
970 70 0.116695
971 972 -0.108427
971 981 -0.535683
971 71 0.711720
972 973 0.145925
972 982 -1.590740
972 72 -2.570753
973 974 -0.437496
973 983 -0.862703
973 73 1.163042
974 975 -0.517594
974 984 -0.165831
974 74 2.170736
975 976 1.014880
975 985 -1.777951
975 75 1.731674
976 977 0.599661
976 986 -0.348555
976 76 0.686242
977 978 -1.163401
977 987 0.111908
977 77 -1.875159
978 979 1.906212
978 988 0.419312
978 78 -0.984614
979 970 0.428260
979 989 0.043378
979 79 2.729831
980 981 0.342992
980 990 -1.326699
980 80 1.035042
981 982 0.299565
981 991 2.134984
981 81 2.293042
982 983 0.122391
982 992 1.082656
982 82 0.600203
983 984 -1.948672
983 993 -0.145265
983 83 -1.381894
984 985 -1.499740
984 994 -1.048616
984 84 0.252310
985 986 -2.704908
985 995 1.559988
985 85 -1.054853
986 987 0.102145
986 996 0.480669
986 86 -2.422653
987 988 -0.734952
987 997 0.041822
987 87 1.277333
988 989 -1.363271
988 998 -1.646807
988 88 2.068490
989 980 -0.326549
989 999 -2.433344
989 89 0.765712
990 991 1.906346
990 900 0.349243
990 90 0.434194
991 992 -0.292761
991 901 1.288918
991 91 0.300503
992 993 -0.497371
992 902 0.671709
992 92 2.213914
993 994 -0.021076
993 903 0.214242
993 93 0.669848
994 995 0.177069
994 904 1.200893
994 94 0.017906
995 996 0.231276
995 905 -1.218901
995 95 -1.017350
996 997 -0.654973
996 906 -0.872240
996 96 0.393956
997 998 -0.661310
997 907 0.128039
997 97 1.558641
998 999 0.564854
998 908 -0.905972
998 98 0.387702
999 990 -0.450989
999 909 -0.781872
999 99 -0.806660
