0 1 -0.159217
0 10 0.553576
0 100 -1.264004
1 2 1.958532
1 11 0.669886
1 101 -2.634469
2 3 -0.315746
2 12 -0.703577
2 102 0.244594
3 4 0.929393
3 13 0.828882
3 103 0.345474
4 5 -0.354712
4 14 0.612619
4 104 -0.188423
5 6 1.451099
5 15 0.582758
5 105 -0.656814
6 7 0.172223
6 16 -0.310066
6 106 -0.755650
7 8 1.061198
7 17 -1.351891
7 107 -0.970651
8 9 -1.030891
8 18 -1.516444
8 108 0.792025
9 0 0.462354
9 19 1.596723
9 109 -1.479211
10 11 -0.664841
10 20 -1.013828
10 110 -1.457863
11 12 0.135610
11 21 1.486214
11 111 0.026021
12 13 2.739514
12 22 -2.115155
12 112 -1.906808
13 14 0.618287
13 23 0.073582
13 113 -1.101409
14 15 -0.673196
14 24 0.321808
14 114 1.644807
15 16 0.373761
15 25 0.825107
15 115 0.066677
16 17 -0.020730
16 26 -0.562938
16 116 0.041295
17 18 1.356956
17 27 0.730299
17 117 0.527647
18 19 0.136571
18 28 -0.547564
18 118 1.021568
19 10 0.756414
19 29 -1.107818
19 119 1.822872
20 21 -0.038173
20 30 0.319475
20 120 -0.666654
21 22 1.044837
21 31 1.157942
21 121 1.718629
22 23 -1.641305
22 32 0.708166
22 122 0.117425
23 24 0.006395
23 33 0.862168
23 123 1.092570
24 25 0.429623
24 34 1.680138
24 124 -1.010194
25 26 -1.394658
25 35 1.050761
25 125 -1.466880
26 27 0.223147
26 36 0.000163
26 126 1.040869
27 28 0.128018
27 37 -1.281824
27 127 0.010460
28 29 -1.865793
28 38 -1.637746
28 128 -0.590333
29 20 1.032065
29 39 1.839958
29 129 -0.279177
30 31 -0.038728
30 40 -0.498564
30 130 -0.995418
31 32 0.723043
31 41 0.481996
31 131 0.643292
32 33 0.130813
32 42 0.811614
32 132 -0.680628
33 34 0.579420
33 43 1.340220
33 133 -0.415714
34 35 -0.453916
34 44 0.657130
34 134 0.301295
35 36 -1.254533
35 45 -0.837882
35 135 1.416273
36 37 0.022642
36 46 1.318578
36 136 -0.542047
37 38 0.842730
37 47 -0.381570
37 137 -1.803449
38 39 1.572640
38 48 0.402004
38 138 -0.693026
39 30 0.892037
39 49 -1.030509
39 139 0.454887
40 41 -0.291618
40 50 -1.338492
40 140 -1.299478
41 42 1.164427
41 51 -0.276744
41 141 0.615162
42 43 2.175650
42 52 0.418386
42 142 0.629538
43 44 -1.007777
43 53 0.759455
43 143 0.285913
44 45 1.873115
44 54 -0.806922
44 144 -2.261520
45 46 1.556127
45 55 0.495415
45 145 0.160522
46 47 1.121502
46 56 0.397073
46 146 -0.011805
47 48 -0.718953
47 57 1.974913
47 147 -0.149149
48 49 0.295172
48 58 0.699859
48 148 0.619502
49 40 -0.750141
49 59 0.581313
49 149 -0.595267
50 51 1.371982
50 60 -1.292099
50 150 0.515111
51 52 -0.227825
51 61 -1.986514
51 151 -0.255376
52 53 0.436257
52 62 0.697879
52 152 -0.078358
53 54 -0.213803
53 63 0.597305
53 153 -0.214058
54 55 -1.260185
54 64 0.286791
54 154 -0.247494
55 56 -0.301074
55 65 0.815875
55 155 -1.457420
56 57 -0.153122
56 66 -1.285006
56 156 -0.708041
57 58 -2.749447
57 67 0.192258
57 157 0.470802
58 59 -0.794303
58 68 -0.384542
58 158 0.710862
59 50 0.105522
59 69 -0.307452
59 159 1.118585
60 61 -0.600732
60 70 0.481229
60 160 0.764136
61 62 0.995266
61 71 0.403842
61 161 -0.513403
62 63 0.506258
62 72 0.956398
62 162 0.543281
63 64 0.570147
63 73 -1.020732
63 163 -0.126861
64 65 0.817350
64 74 -0.089941
64 164 1.955861
65 66 -0.639461
65 75 -1.262896
65 165 0.263738
66 67 0.507358
66 76 -1.807810
66 166 -0.261044
67 68 -2.399099
67 77 1.129390
67 167 -0.008566
68 69 -0.196279
68 78 0.213018
68 168 1.188603
69 60 0.288016
69 79 -0.310179
69 169 -0.432148
70 71 -1.387467
70 80 -2.720775
70 170 -2.440515
71 72 -1.051514
71 81 -1.350663
71 171 0.900955
72 73 -0.917878
72 82 -1.134756
72 172 -0.019059
73 74 -1.242481
73 83 -1.819632
73 173 -0.994453
74 75 1.123758
74 84 2.287678
74 174 -0.600243
75 76 0.327252
75 85 0.502485
75 175 1.116802
76 77 1.054625
76 86 -1.404893
76 176 -0.005513
77 78 -2.713098
77 87 -0.279044
77 177 -0.675850
78 79 -0.357331
78 88 0.834298
78 178 -1.898747
79 70 -0.843417
79 89 -1.622847
79 179 0.424438
80 81 -0.346222
80 90 -0.057104
80 180 -0.441932
81 82 -1.121583
81 91 1.309454
81 181 -0.715158
82 83 1.147911
82 92 -1.245099
82 182 0.553890
83 84 0.641479
83 93 0.447625
83 183 0.527707
84 85 0.163878
84 94 0.514070
84 184 -1.454665
85 86 -0.837380
85 95 -1.317592
85 185 0.545063
86 87 -1.373240
86 96 0.157748
86 186 -1.147233
87 88 0.551060
87 97 -0.004848
87 187 0.454900
88 89 -1.538121
88 98 2.119668
88 188 0.933162
89 80 0.253210
89 99 0.429777
89 189 -0.638889
90 91 -0.911545
90 0 -0.339403
90 190 1.618895
91 92 -0.473016
91 1 -0.568202
91 191 0.481347
92 93 1.813412
92 2 0.542844
92 192 0.214961
93 94 0.629151
93 3 -0.193517
93 193 -0.480799
94 95 -0.211966
94 4 0.961426
94 194 -1.354429
95 96 0.443423
95 5 -0.654048
95 195 -1.064655
96 97 -1.186146
96 6 0.841532
96 196 -0.368678
97 98 -0.089821
97 7 0.219962
97 197 -0.072817
98 99 0.106183
98 8 -0.020365
98 198 -0.882288
99 90 3.390263
99 9 1.236334
99 199 -1.873284
100 101 0.874773
100 110 -0.241003
100 200 0.001219
101 102 0.593552
101 111 0.124400
101 201 2.181993
102 103 0.457896
102 112 -0.524714
102 202 -0.390090
103 104 -1.853848
103 113 0.521029
103 203 -1.420103
104 105 1.162194
104 114 1.405127
104 204 -0.463644
105 106 0.298726
105 115 -0.134575
105 205 -0.005819
106 107 -0.762170
106 116 -0.323157
106 206 -0.221552
107 108 -0.243353
107 117 -0.252813
107 207 -0.382135
108 109 -0.967159
108 118 -0.416700
108 208 0.626948
109 100 -1.684044
109 119 0.071797
109 209 0.462795
110 111 -0.252785
110 120 1.373030
110 210 -0.904331
111 112 1.029387
111 121 -0.249697
111 211 -0.563021
112 113 -0.742882
112 122 0.625956
112 212 -0.231614
113 114 -0.532445
113 123 0.256045
113 213 -0.079243
114 115 0.761925
114 124 -0.299936
114 214 -0.644228
115 116 0.925351
115 125 2.343674
115 215 0.716957
116 117 0.579376
116 126 -1.464340
116 216 -2.788020
117 118 -0.901062
117 127 0.183391
117 217 -0.910131
118 119 1.338519
118 128 1.036227
118 218 -0.442206
119 110 1.261489
119 129 0.193166
119 219 -0.000930
120 121 2.189519
120 130 1.101507
120 220 -0.882594
121 122 0.019540
121 131 -0.257767
121 221 0.812164
122 123 0.341436
122 132 1.255364
122 222 -0.921453
123 124 1.008131
123 133 0.192437
123 223 0.825615
124 125 -0.027516
124 134 1.586615
124 224 -0.681638
125 126 -1.511140
125 135 0.841864
125 225 -1.187637
126 127 -0.938801
126 136 1.419725
126 226 -1.283654
127 128 -0.354771
127 137 -1.901403
127 227 -0.730654
128 129 -1.264081
128 138 1.513550
128 228 0.762308
129 120 0.381211
129 139 -1.172151
129 229 0.739631
130 131 1.097147
130 140 -0.489067
130 230 1.054265
131 132 -0.167331
131 141 -1.073705
131 231 -1.161147
132 133 -1.028475
132 142 0.869085
132 232 0.845871
133 134 1.158612
133 143 -1.292137
133 233 -0.901040
134 135 -0.059968
134 144 0.448688
134 234 1.416270
135 136 0.829063
135 145 0.118094
135 235 0.995103
136 137 -1.999902
136 146 0.970859
136 236 0.279058
137 138 -0.959391
137 147 0.398887
137 237 2.350270
138 139 -1.904846
138 148 0.608231
138 238 -1.280062
139 130 0.242699
139 149 -0.162339
139 239 -0.979679
140 141 0.494862
140 150 0.966052
140 240 -0.527637
141 142 -0.445237
141 151 -0.723599
141 241 -0.947638
142 143 -3.260363
142 152 -0.662365
142 242 -0.175846
143 144 0.179681
143 153 0.630948
143 243 -0.858147
144 145 1.644513
144 154 -1.229867
144 244 -0.321132
145 146 -0.005697
145 155 -0.546943
145 245 -0.337327
146 147 -1.680151
146 156 0.159223
146 246 -0.615630
147 148 1.353733
147 157 -0.287160
147 247 1.074706
148 149 -0.005882
148 158 0.641819
148 248 1.052498
149 140 -0.182628
149 159 -0.165339
149 249 -2.009012
150 151 -0.503582
150 160 -1.092634
150 250 0.770104
151 152 -0.269806
151 161 0.280524
151 251 0.586498
152 153 0.440245
152 162 -1.781070
152 252 0.705117
153 154 -1.708874
153 163 -2.715926
153 253 -0.537064
154 155 -0.739697
154 164 0.245002
154 254 -1.271170
155 156 0.075603
155 165 0.530100
155 255 -0.875838
156 157 -1.704167
156 166 0.461944
156 256 -0.199830
157 158 1.986675
157 167 0.615716
157 257 0.369881
158 159 0.307341
158 168 0.837023
158 258 0.483846
159 150 0.128559
159 169 0.599753
159 259 -0.672934
160 161 1.427864
160 170 -0.284906
160 260 0.135319
161 162 0.730034
161 171 -1.154853
161 261 1.059079
162 163 -0.086064
162 172 -0.167399
162 262 -1.847254
163 164 -0.420328
163 173 1.086442
163 263 -0.848488
164 165 0.029893
164 174 -1.016839
164 264 0.707791
165 166 0.499879
165 175 -0.899006
165 265 0.688470
166 167 1.390534
166 176 1.107868
166 266 -1.715065
167 168 -1.320561
167 177 -0.020472
167 267 -0.497597
168 169 0.343232
168 178 -1.550862
168 268 -0.505248
169 160 -0.751238
169 179 0.729755
169 269 0.058553
170 171 -0.166665
170 180 -1.508085
170 270 -0.275097
171 172 -0.893729
171 181 0.740518
171 271 0.023306
172 173 -0.025630
172 182 0.502027
172 272 -0.749386
173 174 0.126703
173 183 -0.301451
173 273 -0.046889
174 175 -0.659171
174 184 0.231268
174 274 2.203506
175 176 -0.015424
175 185 1.295416
175 275 0.068984
176 177 0.102075
176 186 1.189812
176 276 -0.291247
177 178 -0.586297
177 187 -1.037554
177 277 -1.326123
178 179 -1.933822
178 188 -0.720762
178 278 1.398154
179 170 0.914584
179 189 -0.519144
179 279 1.110296
180 181 0.511890
180 190 -1.957414
180 280 1.365688
181 182 1.546270
181 191 0.083355
181 281 1.808448
182 183 0.272050
182 192 -0.371087
182 282 -0.250041
183 184 0.026707
183 193 -0.181959
183 283 0.096449
184 185 1.884070
184 194 -0.776801
184 284 0.582174
185 186 -1.090978
185 195 2.086992
185 285 -0.165789
186 187 2.317659
186 196 0.088990
186 286 1.105446
187 188 1.085708
187 197 -0.336832
187 287 -0.386761
188 189 -0.468973
188 198 0.529199
188 288 0.271265
189 180 -0.893337
189 199 1.494874
189 289 0.295667
190 191 -0.127531
190 100 -0.730133
190 290 -2.291378
191 192 0.790796
191 101 0.251282
191 291 1.576451
192 193 -0.436049
192 102 0.158102
192 292 1.339847
193 194 2.115998
193 103 -0.589796
193 293 0.507256
194 195 1.133599
194 104 -0.418217
194 294 2.053348
195 196 0.375625
195 105 0.388655
195 295 1.636710
196 197 -1.443109
196 106 0.133987
196 296 0.815476
197 198 1.703663
197 107 -0.230816
197 297 1.237920
198 199 0.538539
198 108 2.168576
198 298 -0.362002
199 190 1.907841
199 109 0.782164
199 299 1.338377
200 201 -0.372842
200 210 -0.054832
200 300 -1.138423
201 202 3.379338
201 211 -0.308357
201 301 -0.740319
202 203 1.502371
202 212 0.456386
202 302 0.521481
203 204 0.012856
203 213 0.152654
203 303 -1.697740
204 205 -0.889800
204 214 1.158159
204 304 0.304000
205 206 -1.083939
205 215 1.222103
205 305 0.575212
206 207 -0.396208
206 216 0.999885
206 306 0.490662
207 208 -0.202727
207 217 -1.657185
207 307 0.027807
208 209 1.146871
208 218 -0.669132
208 308 1.506184
209 200 0.081026
209 219 1.774027
209 309 0.751322
210 211 0.091793
210 220 -0.931621
210 310 -0.282969
211 212 0.572388
211 221 0.147529
211 311 -1.365536
212 213 1.015141
212 222 0.866552
212 312 -0.066801
213 214 1.175259
213 223 -0.592546
213 313 0.825365
214 215 0.330090
214 224 -1.646700
214 314 2.241372
215 216 -0.619048
215 225 1.828147
215 315 0.557228
216 217 -0.159371
216 226 -1.101083
216 316 0.239589
217 218 0.011812
217 227 0.096187
217 317 0.992474
218 219 0.873365
218 228 -1.827473
218 318 -1.947217
219 210 -0.977854
219 229 -0.498965
219 319 -0.859044
220 221 1.643612
220 230 -0.670653
220 320 -0.553679
221 222 -0.157999
221 231 -0.094729
221 321 -0.614473
222 223 -0.694779
222 232 -0.459475
222 322 1.445376
223 224 -0.815400
223 233 1.572011
223 323 0.524283
224 225 -0.746905
224 234 -0.170491
224 324 -0.755871
225 226 -0.385412
225 235 1.934227
225 325 1.385579
226 227 -1.306074
226 236 -0.366851
226 326 0.738999
227 228 0.522127
227 237 0.229759
227 327 0.565903
228 229 -1.186446
228 238 -0.962563
228 328 0.490744
229 220 -1.311698
229 239 1.561107
229 329 0.691053
230 231 1.648515
230 240 1.244715
230 330 0.182362
231 232 0.885144
231 241 0.823760
231 331 -0.088437
232 233 -0.075656
232 242 1.399858
232 332 -1.145932
233 234 -0.863232
233 243 0.090660
233 333 -0.808384
234 235 -1.328889
234 244 -0.079534
234 334 -0.564432
235 236 0.438656
235 245 1.113084
235 335 0.315672
236 237 0.240244
236 246 0.355776
236 336 0.329800
237 238 -1.171348
237 247 0.243328
237 337 -0.849172
238 239 1.422383
238 248 0.394203
238 338 -0.519659
239 230 -0.698874
239 249 -0.088688
239 339 0.436919
240 241 0.163705
240 250 1.080683
240 340 -0.423784
241 242 1.196322
241 251 0.700739
241 341 -0.305573
242 243 -1.182979
242 252 -0.764345
242 342 0.317699
243 244 -0.106160
243 253 0.403783
243 343 -0.028245
244 245 0.453336
244 254 0.923152
244 344 -0.296848
245 246 -0.706371
245 255 -0.228178
245 345 -0.245307
246 247 -0.100614
246 256 -0.899632
246 346 0.692099
247 248 0.231030
247 257 -1.491104
247 347 -0.765188
248 249 0.483872
248 258 -1.173745
248 348 0.003203
249 240 -0.702235
249 259 0.810198
249 349 -0.503820
250 251 -0.151675
250 260 -0.133003
250 350 0.938064
251 252 -1.630942
251 261 0.553324
251 351 -0.943470
252 253 -1.357904
252 262 2.190304
252 352 0.186725
253 254 0.838586
253 263 -0.534808
253 353 -0.739599
254 255 -0.865712
254 264 -0.590319
254 354 -0.444554
255 256 -0.101950
255 265 0.111904
255 355 0.452258
256 257 2.302368
256 266 -0.251013
256 356 -0.334967
257 258 -0.158578
257 267 1.080252
257 357 0.014573
258 259 -0.412106
258 268 1.327633
258 358 -0.668974
259 250 -0.350543
259 269 -1.531630
259 359 0.960184
260 261 0.705619
260 270 0.744540
260 360 -0.196547
261 262 -0.278964
261 271 -0.932299
261 361 -1.166548
262 263 1.239041
262 272 1.395542
262 362 -1.416967
263 264 -0.796871
263 273 1.048773
263 363 0.417722
264 265 0.094850
264 274 0.524648
264 364 0.333743
265 266 0.491086
265 275 0.283278
265 365 0.946988
266 267 0.474208
266 276 1.022434
266 366 0.583211
267 268 -1.244771
267 277 0.202687
267 367 -0.371778
268 269 -0.798044
268 278 0.695681
268 368 -1.677852
269 260 -0.382896
269 279 0.576196
269 369 0.349768
270 271 -1.501388
270 280 0.403722
270 370 0.010651
271 272 -1.265255
271 281 1.375116
271 371 0.487505
272 273 0.899410
272 282 0.449576
272 372 0.191518
273 274 1.856323
273 283 -0.522704
273 373 0.249721
274 275 1.230340
274 284 0.414490
274 374 -0.242891
275 276 -0.578145
275 285 0.796350
275 375 0.258926
276 277 -1.070149
276 286 2.865811
276 376 0.464911
277 278 0.165207
277 287 -0.610574
277 377 1.165894
278 279 -0.231244
278 288 0.687839
278 378 -0.123028
279 270 0.122955
279 289 -0.869439
279 379 0.049393
280 281 0.771919
280 290 -0.683977
280 380 -1.058178
281 282 0.862897
281 291 0.144968
281 381 1.033406
282 283 -1.890898
282 292 -0.090806
282 382 1.132574
283 284 -1.038096
283 293 2.532774
283 383 0.341464
284 285 -0.328945
284 294 -0.578134
284 384 -1.693384
285 286 -0.103726
285 295 0.380584
285 385 -0.697553
286 287 -1.551030
286 296 -0.266186
286 386 -1.395786
287 288 0.969230
287 297 1.182080
287 387 1.259749
288 289 -0.384450
288 298 1.471007
288 388 -0.434790
289 280 -2.311285
289 299 -0.829873
289 389 -0.533654
290 291 0.736465
290 200 -1.231815
290 390 -0.473522
291 292 1.837503
291 201 0.755899
291 391 0.069238
292 293 -0.624509
292 202 -0.081532
292 392 -0.220050
293 294 0.730132
293 203 -0.152398
293 393 -0.812884
294 295 -0.786263
294 204 1.591837
294 394 -0.038013
295 296 0.096451
295 205 1.258816
295 395 -0.482036
296 297 -1.945851
296 206 -1.468643
296 396 0.441279
297 298 -1.309579
297 207 0.785282
297 397 -2.055852
298 299 -2.532694
298 208 -0.393514
298 398 1.132006
299 290 1.281593
299 209 -2.022856
299 399 -0.522011
300 301 0.743784
300 310 -1.653988
300 400 0.762160
301 302 0.385315
301 311 0.977948
301 401 -0.816679
302 303 0.457727
302 312 -1.199165
302 402 -0.930827
303 304 -0.435373
303 313 0.610194
303 403 1.259067
304 305 1.320833
304 314 0.425975
304 404 -0.156972
305 306 1.165040
305 315 -2.057385
305 405 -0.511574
306 307 -0.668724
306 316 -0.687372
306 406 1.500129
307 308 -1.169446
307 317 0.326544
307 407 -1.338707
308 309 -0.888346
308 318 0.065292
308 408 -0.313194
309 300 -1.475587
309 319 0.612781
309 409 -0.690267
310 311 0.546832
310 320 -0.151374
310 410 0.633026
311 312 -0.320937
311 321 1.326975
311 411 0.902361
312 313 0.268356
312 322 1.173793
312 412 -0.409161
313 314 1.016661
313 323 -0.974203
313 413 1.264213
314 315 -0.403446
314 324 -0.837135
314 414 -0.748999
315 316 1.416996
315 325 1.453601
315 415 -1.255071
316 317 -1.489491
316 326 1.455137
316 416 -0.122545
317 318 -0.502866
317 327 -0.303594
317 417 0.455282
318 319 -1.075286
318 328 -0.042454
318 418 1.914257
319 310 -0.748675
319 329 -0.644714
319 419 0.596089
320 321 -0.017433
320 330 1.573268
320 420 0.010761
321 322 -0.299726
321 331 -1.595985
321 421 1.670210
322 323 1.070533
322 332 0.089493
322 422 -0.027508
323 324 -0.311421
323 333 2.814497
323 423 -0.224344
324 325 0.357473
324 334 0.330942
324 424 1.072121
325 326 -0.499502
325 335 -0.781596
325 425 -0.468375
326 327 0.696509
326 336 0.117185
326 426 0.943003
327 328 -0.247649
327 337 -1.623174
327 427 0.192586
328 329 -0.842425
328 338 -1.109253
328 428 0.106271
329 320 0.261317
329 339 0.294511
329 429 1.358728
330 331 0.424598
330 340 -0.371531
330 430 0.247088
331 332 1.467421
331 341 0.042590
331 431 -1.112111
332 333 0.272509
332 342 0.135985
332 432 -0.438157
333 334 1.138193
333 343 -0.752613
333 433 0.931640
334 335 0.429038
334 344 -2.636302
334 434 -0.447708
335 336 -1.785843
335 345 0.552330
335 435 0.844112
336 337 0.096624
336 346 0.197525
336 436 0.513985
337 338 -0.821644
337 347 -1.046871
337 437 1.515700
338 339 -0.219500
338 348 -0.479815
338 438 0.531834
339 330 -0.104222
339 349 0.033944
339 439 -1.170271
340 341 -1.122299
340 350 -0.222657
340 440 0.915462
341 342 -1.549579
341 351 -1.352572
341 441 0.527271
342 343 -0.417033
342 352 0.019682
342 442 -2.425100
343 344 1.090820
343 353 -0.047070
343 443 -1.593980
344 345 1.257255
344 354 0.285167
344 444 -0.681453
345 346 -0.905654
345 355 0.860036
345 445 0.291381
346 347 1.728509
346 356 0.219777
346 446 -1.262377
347 348 0.794960
347 357 -0.749514
347 447 0.162508
348 349 -1.659450
348 358 -1.256153
348 448 0.585750
349 340 2.459263
349 359 0.053559
349 449 0.252237
350 351 0.938959
350 360 1.096528
350 450 0.972294
351 352 0.037940
351 361 -0.191536
351 451 -0.786975
352 353 1.910727
352 362 -0.397696
352 452 -0.675409
353 354 0.018181
353 363 1.703450
353 453 -0.482347
354 355 0.051018
354 364 1.013923
354 454 0.624904
355 356 1.852421
355 365 0.145315
355 455 0.654382
356 357 -1.681865
356 366 -0.869632
356 456 -0.788266
357 358 0.107552
357 367 1.548088
357 457 0.409213
358 359 -0.395328
358 368 0.091229
358 458 0.363036
359 350 -0.500877
359 369 -0.296742
359 459 -0.254833
360 361 -0.418748
360 370 -0.254099
360 460 1.402888
361 362 -0.048891
361 371 0.636153
361 461 0.440015
362 363 -1.026073
362 372 -1.176217
362 462 2.002843
363 364 -0.678857
363 373 0.637989
363 463 1.048693
364 365 2.080438
364 374 -1.334073
364 464 -0.528299
365 366 0.982587
365 375 1.118596
365 465 1.438064
366 367 -0.598118
366 376 0.876388
366 466 -1.116775
367 368 -2.053855
367 377 -0.778429
367 467 0.091019
368 369 2.387417
368 378 -0.492724
368 468 0.136466
369 360 1.674363
369 379 -0.612912
369 469 1.373924
370 371 1.684020
370 380 0.712906
370 470 -0.795061
371 372 0.361779
371 381 -0.425695
371 471 1.264883
372 373 -0.857057
372 382 0.068269
372 472 -1.030185
373 374 -0.239012
373 383 -0.025917
373 473 1.478510
374 375 0.987706
374 384 0.293670
374 474 -2.014032
375 376 -1.558132
375 385 -1.962512
375 475 0.164533
376 377 -0.050338
376 386 0.095933
376 476 -0.665793
377 378 1.515714
377 387 0.292808
377 477 0.446044
378 379 -1.798354
378 388 0.176081
378 478 -0.173488
379 370 -1.091564
379 389 0.638294
379 479 0.782660
380 381 -0.822440
380 390 -1.055632
380 480 -1.987851
381 382 -0.125692
381 391 0.061396
381 481 -1.075924
382 383 1.060234
382 392 1.631088
382 482 -0.604607
383 384 0.038777
383 393 0.945983
383 483 0.013740
384 385 0.632175
384 394 -0.904527
384 484 -1.067373
385 386 1.654470
385 395 -0.744082
385 485 0.855051
386 387 -0.357784
386 396 -0.060545
386 486 0.539636
387 388 1.670833
387 397 2.555313
387 487 -0.739364
388 389 0.180039
388 398 -0.503006
388 488 0.124499
389 380 -0.812349
389 399 3.834150
389 489 0.222611
390 391 -1.605357
390 300 0.458841
390 490 0.186665
391 392 -1.572256
391 301 -0.909088
391 491 0.866116
392 393 0.444081
392 302 -1.951641
392 492 0.827753
393 394 -0.056463
393 303 0.855015
393 493 0.147593
394 395 -1.202926
394 304 0.098965
394 494 0.815653
395 396 -1.016594
395 305 -1.084290
395 495 -0.849014
396 397 0.602184
396 306 0.129937
396 496 -1.205171
397 398 -0.475357
397 307 -0.441390
397 497 1.212168
398 399 1.838375
398 308 -1.239670
398 498 -0.454498
399 390 -0.264758
399 309 -0.224062
399 499 -0.703001
400 401 -0.573331
400 410 -0.485175
400 500 1.395327
401 402 -0.279392
401 411 0.244208
401 501 -0.844353
402 403 0.172554
402 412 1.692654
402 502 -0.606819
403 404 -2.212565
403 413 0.133412
403 503 1.663285
404 405 -0.011088
404 414 0.205295
404 504 -0.385414
405 406 0.361792
405 415 -0.227638
405 505 0.588473
406 407 0.785056
406 416 0.883860
406 506 -0.980217
407 408 -1.329031
407 417 0.162730
407 507 -0.335538
408 409 -1.428836
408 418 1.384192
408 508 0.933172
409 400 -0.085826
409 419 0.954359
409 509 0.965179
410 411 1.067648
410 420 1.052814
410 510 0.065051
411 412 0.017359
411 421 -0.058290
411 511 0.432450
412 413 -1.751152
412 422 1.516918
412 512 0.605804
413 414 -0.792375
413 423 0.098812
413 513 1.937246
414 415 -0.295213
414 424 0.272115
414 514 -0.133932
415 416 -0.208226
415 425 -0.669747
415 515 0.481713
416 417 0.109721
416 426 2.891292
416 516 1.130081
417 418 0.590335
417 427 1.030005
417 517 -1.095983
418 419 -0.363505
418 428 -0.953777
418 518 -1.050225
419 410 -0.453589
419 429 -0.814542
419 519 1.249586
420 421 1.397172
420 430 0.337221
420 520 0.050254
421 422 -1.493610
421 431 0.511644
421 521 0.293176
422 423 -0.425921
422 432 0.617652
422 522 -2.702913
423 424 0.936398
423 433 0.004070
423 523 0.458538
424 425 1.196703
424 434 2.211498
424 524 1.237139
425 426 0.218617
425 435 -1.710956
425 525 -0.248312
426 427 -1.189079
426 436 1.105785
426 526 -1.195548
427 428 -0.558268
427 437 -0.407396
427 527 1.345029
428 429 -0.144294
428 438 1.838968
428 528 -0.233352
429 420 0.300587
429 439 1.270887
429 529 0.463788
430 431 -0.235434
430 440 0.276067
430 530 -0.987936
431 432 -0.860379
431 441 1.153095
431 531 -0.565740
432 433 -0.330439
432 442 -0.491589
432 532 1.190357
433 434 1.330813
433 443 -0.885973
433 533 0.476954
434 435 -0.040869
434 444 1.662993
434 534 0.436571
435 436 -0.721903
435 445 -1.411551
435 535 0.479301
436 437 0.780251
436 446 -1.121516
436 536 -0.379769
437 438 2.067697
437 447 0.904684
437 537 -0.415582
438 439 0.065375
438 448 -0.574623
438 538 0.446161
439 430 0.082033
439 449 -1.039875
439 539 -0.571228
440 441 -1.130909
440 450 0.240668
440 540 1.089420
441 442 -0.190238
441 451 -0.275405
441 541 1.258453
442 443 -1.505761
442 452 -1.356117
442 542 1.658608
443 444 -1.343871
443 453 -1.844036
443 543 -0.342771
444 445 -1.624117
444 454 -0.519335
444 544 0.226160
445 446 -0.490640
445 455 -0.422701
445 545 -0.932380
446 447 2.006277
446 456 -2.712297
446 546 -1.308493
447 448 -2.770744
447 457 -0.107157
447 547 -0.165167
448 449 1.086011
448 458 -0.319531
448 548 -1.329284
449 440 -2.297136
449 459 0.084788
449 549 -1.323252
450 451 -0.331011
450 460 1.865680
450 550 0.488262
451 452 0.578731
451 461 -0.611098
451 551 0.726886
452 453 -1.435700
452 462 0.831738
452 552 -0.325708
453 454 1.115900
453 463 0.413509
453 553 -0.894537
454 455 -0.109064
454 464 -0.109123
454 554 0.138799
455 456 -0.494802
455 465 -0.299710
455 555 0.084282
456 457 -0.334509
456 466 -1.098859
456 556 0.313314
457 458 1.705277
457 467 -0.764987
457 557 -1.528837
458 459 -1.254330
458 468 0.904579
458 558 -0.055886
459 450 -1.396539
459 469 0.282521
459 559 -1.049980
460 461 0.476659
460 470 -1.658258
460 560 -0.345648
461 462 -0.797297
461 471 -0.024417
461 561 0.113337
462 463 0.468853
462 472 1.220819
462 562 -0.697024
463 464 -1.299180
463 473 -0.105124
463 563 -0.103701
464 465 0.895102
464 474 -0.577732
464 564 0.246023
465 466 1.162770
465 475 1.719901
465 565 -1.122810
466 467 0.242116
466 476 -0.460939
466 566 -0.752174
467 468 -0.292607
467 477 -0.444959
467 567 -1.611204
468 469 -0.168480
468 478 -0.606230
468 568 -0.283298
469 460 -0.089841
469 479 1.218981
469 569 0.309588
470 471 1.385368
470 480 0.671904
470 570 -0.199803
471 472 -0.392956
471 481 0.660537
471 571 0.072919
472 473 1.381595
472 482 -0.917147
472 572 -1.320177
473 474 0.300046
473 483 -0.784826
473 573 0.498360
474 475 -0.035126
474 484 0.374906
474 574 -0.861491
475 476 0.887392
475 485 0.656352
475 575 -0.913735
476 477 0.159602
476 486 0.229153
476 576 0.938229
477 478 2.218600
477 487 -0.181187
477 577 1.642901
478 479 -0.240243
478 488 -0.960476
478 578 1.614568
479 470 -0.662503
479 489 0.859755
479 579 -0.341807
480 481 -1.221575
480 490 -0.097929
480 580 1.113405
481 482 0.935281
481 491 0.670454
481 581 0.971907
482 483 0.305457
482 492 0.087528
482 582 1.148846
483 484 1.957434
483 493 -1.007729
483 583 0.062758
484 485 0.143706
484 494 0.926261
484 584 -0.823513
485 486 -0.580891
485 495 -0.465743
485 585 1.507279
486 487 -0.312837
486 496 0.041525
486 586 -0.763243
487 488 2.571786
487 497 -2.242760
487 587 -1.442478
488 489 -1.535455
488 498 0.735970
488 588 -0.353736
489 480 -0.710035
489 499 2.156198
489 589 1.169469
490 491 0.668889
490 400 -1.106232
490 590 0.324506
491 492 0.543682
491 401 0.056191
491 591 0.113205
492 493 -1.117269
492 402 0.028931
492 592 -1.420956
493 494 0.282418
493 403 -0.131988
493 593 0.324809
494 495 -1.502524
494 404 -0.441010
494 594 -0.267207
495 496 1.422403
495 405 -0.312803
495 595 1.477229
496 497 0.115080
496 406 -1.180535
496 596 0.312068
497 498 -0.540938
497 407 -0.686401
497 597 1.133357
498 499 -1.331532
498 408 0.429319
498 598 1.690418
499 490 0.263011
499 409 0.082870
499 599 -1.115363
500 501 0.798943
500 510 -2.099350
500 600 0.881331
501 502 -0.463555
501 511 0.186072
501 601 -0.741897
502 503 -0.897541
502 512 -0.853713
502 602 -0.831548
503 504 1.561796
503 513 1.041084
503 603 1.205360
504 505 1.332135
504 514 -0.446108
504 604 1.099417
505 506 -1.253921
505 515 -0.409132
505 605 0.059624
506 507 -1.802989
506 516 0.989972
506 606 0.055248
507 508 1.282272
507 517 -2.418607
507 607 0.205408
508 509 -1.400055
508 518 -0.340922
508 608 -0.536842
509 500 -1.014573
509 519 1.000876
509 609 -0.381530
510 511 -0.139933
510 520 -0.176103
510 610 -0.798024
511 512 0.725851
511 521 0.096617
511 611 -0.703739
512 513 0.497634
512 522 -0.011711
512 612 -0.584893
513 514 1.016300
513 523 -0.916659
513 613 -0.917565
514 515 -0.202359
514 524 -1.558229
514 614 0.576109
515 516 0.482878
515 525 -0.085048
515 615 -1.361969
516 517 -1.315421
516 526 -0.630698
516 616 -2.141648
517 518 0.121032
517 527 -0.603813
517 617 -1.683733
518 519 -0.504526
518 528 1.123704
518 618 -0.069914
519 510 1.525518
519 529 -0.792205
519 619 1.012065
520 521 -1.006727
520 530 0.133567
520 620 -0.277917
521 522 0.228350
521 531 1.089223
521 621 -0.375637
522 523 -0.255059
522 532 0.194403
522 622 -0.143601
523 524 -1.883994
523 533 0.569549
523 623 -1.022871
524 525 0.582790
524 534 -0.332795
524 624 0.907983
525 526 -0.750758
525 535 0.402114
525 625 -1.041822
526 527 0.185799
526 536 -0.172478
526 626 0.106249
527 528 1.068348
527 537 -0.843380
527 627 -2.210875
528 529 -0.656163
528 538 0.010842
528 628 -0.464346
529 520 0.893947
529 539 0.525495
529 629 1.004668
530 531 -0.581197
530 540 -0.963850
530 630 -1.311141
531 532 1.735097
531 541 1.185223
531 631 -0.059032
532 533 1.154868
532 542 1.704585
532 632 -0.322660
533 534 -1.455042
533 543 0.035001
533 633 -2.507354
534 535 -1.512774
534 544 0.882338
534 634 0.002139
535 536 1.393665
535 545 -0.242801
535 635 0.915353
536 537 1.455668
536 546 -0.447347
536 636 0.328463
537 538 0.203254
537 547 -0.674944
537 637 1.153703
538 539 -0.486240
538 548 -1.012490
538 638 1.319035
539 530 -1.052452
539 549 0.861750
539 639 -0.425627
540 541 0.271123
540 550 0.467901
540 640 0.821027
541 542 0.126319
541 551 -0.427710
541 641 1.428036
542 543 1.316154
542 552 -1.206982
542 642 -1.517079
543 544 -1.281254
543 553 -0.133484
543 643 1.145981
544 545 0.484755
544 554 0.313841
544 644 0.916724
545 546 1.204101
545 555 -1.351173
545 645 -0.388579
546 547 -0.533490
546 556 -1.105730
546 646 0.586196
547 548 1.035604
547 557 1.237746
547 647 -1.021627
548 549 -0.615001
548 558 -0.715487
548 648 -0.256827
549 540 -1.413605
549 559 -0.185404
549 649 0.962412
550 551 1.527967
550 560 -0.629859
550 650 0.918625
551 552 0.004230
551 561 0.314827
551 651 -1.301206
552 553 0.762542
552 562 -1.680487
552 652 2.024301
553 554 1.707456
553 563 -1.423553
553 653 -0.225758
554 555 0.269249
554 564 0.773312
554 654 0.162670
555 556 -1.908771
555 565 0.537615
555 655 0.352128
556 557 1.112396
556 566 -0.635079
556 656 -1.276190
557 558 -1.019411
557 567 0.808543
557 657 1.530354
558 559 -1.157846
558 568 1.097977
558 658 -0.227337
559 550 -0.831577
559 569 -0.565836
559 659 1.354341
560 561 0.735123
560 570 0.105935
560 660 -0.167054
561 562 0.472360
561 571 1.103505
561 661 -0.546016
562 563 -0.363977
562 572 0.655924
562 662 -0.818928
563 564 1.673991
563 573 1.128701
563 663 0.166779
564 565 1.279358
564 574 -1.095972
564 664 -1.125155
565 566 -0.563500
565 575 -0.204095
565 665 1.217976
566 567 0.363307
566 576 0.718651
566 666 1.307894
567 568 1.138507
567 577 0.852825
567 667 0.910311
568 569 -1.690885
568 578 1.017210
568 668 1.772120
569 560 0.810831
569 579 -0.449006
569 669 -1.154290
570 571 1.007843
570 580 1.028429
570 670 -0.525653
571 572 -1.183119
571 581 -1.137023
571 671 1.969324
572 573 1.228378
572 582 -0.288950
572 672 0.484336
573 574 -0.248371
573 583 -1.227824
573 673 0.909388
574 575 -2.120950
574 584 -0.009052
574 674 0.096255
575 576 -0.875358
575 585 -0.617394
575 675 0.545400
576 577 -0.337769
576 586 -0.551632
576 676 -0.259531
577 578 -1.342756
577 587 -0.583396
577 677 -0.025121
578 579 -0.033841
578 588 -0.042269
578 678 -0.074502
579 570 -0.226971
579 589 -0.099567
579 679 -0.024317
580 581 -0.012109
580 590 0.109942
580 680 -1.390740
581 582 -1.706816
581 591 1.075636
581 681 -0.498674
582 583 -1.776961
582 592 -0.333166
582 682 0.798068
583 584 0.510699
583 593 0.088029
583 683 1.264588
584 585 0.394439
584 594 1.333167
584 684 0.698302
585 586 0.822249
585 595 -1.046707
585 685 -1.580227
586 587 -1.388512
586 596 0.464651
586 686 0.281023
587 588 -0.364823
587 597 0.045972
587 687 0.555993
588 589 0.280949
588 598 1.333610
588 688 -2.151273
589 580 0.631574
589 599 -1.165438
589 689 2.216305
590 591 -0.515186
590 500 1.501790
590 690 0.176365
591 592 1.887626
591 501 -0.819358
591 691 -0.146419
592 593 0.647075
592 502 0.236809
592 692 0.693956
593 594 2.586580
593 503 -0.048202
593 693 -0.671970
594 595 2.728429
594 504 -0.190151
594 694 0.759349
595 596 1.880130
595 505 -1.407907
595 695 -0.942825
596 597 -0.903556
596 506 -0.641568
596 696 -0.964958
597 598 0.817877
597 507 2.253805
597 697 -0.363018
598 599 -0.803314
598 508 0.103356
598 698 -0.458151
599 590 0.386037
599 509 0.831892
599 699 -0.594422
600 601 -0.585118
600 610 0.839004
600 700 1.045705
601 602 -0.641048
601 611 0.564732
601 701 -0.911933
602 603 -0.071808
602 612 1.874626
602 702 -0.596230
603 604 0.947084
603 613 -0.011461
603 703 -0.914622
604 605 -0.112301
604 614 0.553487
604 704 -0.839073
605 606 -2.860688
605 615 0.905082
605 705 -1.097840
606 607 1.706241
606 616 -0.870268
606 706 1.982048
607 608 0.746784
607 617 -1.548396
607 707 -0.099570
608 609 1.376357
608 618 0.641029
608 708 0.694492
609 600 -1.148220
609 619 -0.648478
609 709 0.898338
610 611 -1.482185
610 620 -0.199673
610 710 -1.557210
611 612 -0.103925
611 621 -1.030065
611 711 -0.880836
612 613 0.070886
612 622 2.231234
612 712 -1.081493
613 614 1.628580
613 623 1.510020
613 713 -1.027801
614 615 0.441347
614 624 -0.673080
614 714 1.086585
615 616 -0.862457
615 625 -0.230371
615 715 0.658953
616 617 0.468592
616 626 1.384910
616 716 -0.321488
617 618 1.134208
617 627 0.837152
617 717 1.398837
618 619 -1.834860
618 628 1.076582
618 718 -0.002509
619 610 0.243044
619 629 1.176208
619 719 2.602196
620 621 0.683558
620 630 -0.601944
620 720 0.577448
621 622 -0.177824
621 631 0.578459
621 721 0.480020
622 623 0.883139
622 632 -0.011349
622 722 0.713620
623 624 0.112371
623 633 -1.256719
623 723 0.514673
624 625 0.144091
624 634 -0.143643
624 724 -1.314521
625 626 0.262163
625 635 0.415359
625 725 1.478516
626 627 0.186202
626 636 1.785430
626 726 -0.061447
627 628 -0.250634
627 637 0.290715
627 727 -1.646688
628 629 0.787932
628 638 -0.962650
628 728 1.329433
629 620 0.229277
629 639 -1.728878
629 729 -0.620859
630 631 1.319364
630 640 -0.009484
630 730 -0.874813
631 632 -0.995177
631 641 0.458246
631 731 -0.499760
632 633 -0.960466
632 642 -1.329365
632 732 -1.656701
633 634 0.477849
633 643 -0.707057
633 733 0.450176
634 635 -1.362506
634 644 -0.746567
634 734 0.038647
635 636 -0.708368
635 645 0.533198
635 735 -0.085456
636 637 -0.740064
636 646 1.527913
636 736 -0.133995
637 638 -0.968347
637 647 1.694181
637 737 0.948758
638 639 3.261042
638 648 -0.270942
638 738 0.438823
639 630 -0.286167
639 649 -0.678788
639 739 -0.552832
640 641 0.993858
640 650 -2.453657
640 740 1.303542
641 642 -1.683818
641 651 -0.487120
641 741 -0.851266
642 643 -0.123298
642 652 0.465707
642 742 -1.192752
643 644 1.327936
643 653 1.103333
643 743 -1.117146
644 645 0.773670
644 654 -0.133834
644 744 -0.444330
645 646 -0.607992
645 655 -1.295028
645 745 0.293758
646 647 -2.476249
646 656 -1.298517
646 746 0.897211
647 648 0.404645
647 657 -1.272344
647 747 0.780994
648 649 0.602289
648 658 -0.180303
648 748 -0.915352
649 640 0.540612
649 659 0.129870
649 749 0.189429
650 651 -0.133401
650 660 0.628905
650 750 0.628796
651 652 -0.189469
651 661 -1.730486
651 751 0.389613
652 653 0.618404
652 662 0.729897
652 752 1.408025
653 654 -1.091367
653 663 0.784489
653 753 -0.868362
654 655 -0.840712
654 664 -1.328373
654 754 -2.598039
655 656 0.305270
655 665 -0.077983
655 755 -0.036390
656 657 0.288301
656 666 0.646117
656 756 0.313414
657 658 -0.445012
657 667 -1.556846
657 757 -0.281652
658 659 1.272667
658 668 1.072020
658 758 -0.669355
659 650 -1.154342
659 669 -0.430101
659 759 -0.853106
660 661 -1.646563
660 670 -0.492115
660 760 -0.129355
661 662 -0.250582
661 671 0.656787
661 761 1.631232
662 663 0.728181
662 672 -0.871979
662 762 0.016348
663 664 0.025285
663 673 -2.978623
663 763 -0.136176
664 665 -2.001355
664 674 0.236750
664 764 0.799731
665 666 1.358902
665 675 0.700529
665 765 -0.380196
666 667 -0.190815
666 676 -0.788191
666 766 0.344512
667 668 0.370559
667 677 -3.025073
667 767 -0.542249
668 669 -0.986942
668 678 1.491763
668 768 -0.793889
669 660 -2.019420
669 679 -0.712539
669 769 -0.154481
670 671 0.984600
670 680 0.539967
670 770 0.737999
671 672 0.020195
671 681 -0.418607
671 771 1.362590
672 673 1.674874
672 682 -0.902005
672 772 0.583012
673 674 0.216340
673 683 0.466387
673 773 0.271249
674 675 -1.132482
674 684 0.013433
674 774 1.856333
675 676 -0.480388
675 685 -0.436174
675 775 -0.136518
676 677 -1.494507
676 686 0.103486
676 776 1.698247
677 678 1.269015
677 687 1.341198
677 777 0.571085
678 679 -0.443865
678 688 0.978418
678 778 0.247791
679 670 -0.303880
679 689 -0.335129
679 779 -0.125402
680 681 -0.199002
680 690 -1.688929
680 780 0.334765
681 682 -1.586310
681 691 0.822062
681 781 0.559533
682 683 0.214585
682 692 -0.400475
682 782 1.623604
683 684 -0.174509
683 693 1.352884
683 783 1.046308
684 685 1.061232
684 694 0.478224
684 784 0.386274
685 686 1.244364
685 695 -0.062195
685 785 1.386286
686 687 1.090255
686 696 -1.052624
686 786 -0.655714
687 688 -0.708077
687 697 0.465198
687 787 -0.287408
688 689 -0.593692
688 698 1.789355
688 788 -0.561476
689 680 -1.161872
689 699 0.348867
689 789 -0.401117
690 691 -0.907645
690 600 -0.033295
690 790 -1.694526
691 692 -0.034000
691 601 -0.438963
691 791 1.972306
692 693 1.365093
692 602 -0.722407
692 792 -0.277608
693 694 -0.029369
693 603 0.398457
693 793 1.079745
694 695 0.423326
694 604 -1.690174
694 794 2.779822
695 696 -0.504491
695 605 0.763143
695 795 1.409997
696 697 0.942547
696 606 -1.452169
696 796 0.310029
697 698 -0.230647
697 607 -0.259548
697 797 -0.756938
698 699 1.332684
698 608 -0.223123
698 798 0.531008
699 690 1.047999
699 609 -0.070492
699 799 0.969476
700 701 1.339599
700 710 0.593752
700 800 -0.083673
701 702 0.366129
701 711 0.000817
701 801 0.062411
702 703 -1.605667
702 712 -2.224914
702 802 1.420448
703 704 -0.328901
703 713 0.554820
703 803 0.530865
704 705 -1.039758
704 714 -1.246447
704 804 0.263541
705 706 0.895645
705 715 0.765304
705 805 1.672015
706 707 -0.100895
706 716 -0.633515
706 806 2.005947
707 708 0.014829
707 717 -0.467793
707 807 0.512941
708 709 -0.492621
708 718 1.993657
708 808 -1.094752
709 700 1.695321
709 719 -1.319083
709 809 0.202258
710 711 -0.798434
710 720 1.792963
710 810 -1.499917
711 712 -0.727573
711 721 -1.844451
711 811 0.748529
712 713 1.059676
712 722 0.249360
712 812 -0.257362
713 714 0.961949
713 723 -0.330197
713 813 0.331866
714 715 2.683164
714 724 -0.661895
714 814 0.627042
715 716 1.684097
715 725 -0.545187
715 815 0.274459
716 717 1.123950
716 726 -2.911668
716 816 -0.398398
717 718 0.481807
717 727 -1.628854
717 817 0.639279
718 719 -0.957403
718 728 -0.630045
718 818 -0.211401
719 710 -0.056557
719 729 1.221133
719 819 1.656727
720 721 -0.671077
720 730 0.250920
720 820 -0.737073
721 722 -0.259022
721 731 -1.415611
721 821 -0.518158
722 723 -0.597023
722 732 -0.729406
722 822 -0.489033
723 724 -0.312953
723 733 -1.120341
723 823 -1.913703
724 725 -0.752773
724 734 -1.276698
724 824 0.174524
725 726 -0.345039
725 735 1.604777
725 825 0.224257
726 727 -0.449730
726 736 -0.801484
726 826 -0.411968
727 728 0.656356
727 737 -0.861935
727 827 -0.633047
728 729 0.545148
728 738 -0.911576
728 828 0.957996
729 720 0.453319
729 739 -0.765722
729 829 -1.471168
730 731 -1.100810
730 740 -0.674962
730 830 -0.903416
731 732 0.146047
731 741 0.038210
731 831 -0.965381
732 733 0.341936
732 742 -0.768680
732 832 0.932706
733 734 1.987790
733 743 1.475130
733 833 1.534621
734 735 1.397947
734 744 1.673805
734 834 -0.547290
735 736 -0.803805
735 745 0.064390
735 835 0.425686
736 737 -0.065377
736 746 0.633266
736 836 0.479088
737 738 0.737557
737 747 -0.313669
737 837 -0.272085
738 739 1.302208
738 748 0.335445
738 838 -1.073780
739 730 -0.161773
739 749 1.400384
739 839 -0.421030
740 741 -3.059438
740 750 1.284256
740 840 1.826164
741 742 -0.431555
741 751 -0.503407
741 841 -0.000996
742 743 0.304983
742 752 -0.439563
742 842 -1.028326
743 744 -2.193890
743 753 -1.665612
743 843 0.250335
744 745 1.119298
744 754 0.299294
744 844 -1.928771
745 746 -1.323553
745 755 0.479195
745 845 -0.513059
746 747 0.578298
746 756 2.155096
746 846 -1.546127
747 748 0.298351
747 757 0.781485
747 847 -0.054510
748 749 1.462191
748 758 -1.060108
748 848 0.419005
749 740 -1.655747
749 759 -1.564860
749 849 -1.205283
750 751 2.657450
750 760 0.121875
750 850 0.465350
751 752 1.411192
751 761 0.963604
751 851 0.656213
752 753 0.066299
752 762 -0.843485
752 852 -1.474047
753 754 0.161637
753 763 0.263145
753 853 -0.779048
754 755 -2.408397
754 764 -0.626755
754 854 0.887315
755 756 -0.007979
755 765 -1.119785
755 855 -0.418859
756 757 -1.674761
756 766 -0.645156
756 856 0.165100
757 758 0.991108
757 767 1.030593
757 857 0.512481
758 759 -0.075632
758 768 -1.145740
758 858 0.172710
759 750 -0.276519
759 769 -0.380240
759 859 1.721966
760 761 1.877060
760 770 -1.705572
760 860 1.682883
761 762 -1.047449
761 771 -1.222354
761 861 -0.888037
762 763 -0.439806
762 772 0.372141
762 862 -0.298140
763 764 -1.241970
763 773 0.337805
763 863 0.290870
764 765 2.494408
764 774 0.702060
764 864 0.365731
765 766 0.479185
765 775 -0.548263
765 865 -0.871369
766 767 1.708584
766 776 -0.219102
766 866 -1.574727
767 768 0.551695
767 777 0.989306
767 867 -0.802712
768 769 -0.220960
768 778 0.964106
768 868 1.416110
769 760 0.512430
769 779 1.521944
769 869 -2.163645
770 771 0.598143
770 780 -1.652658
770 870 1.175601
771 772 -0.142808
771 781 -0.047974
771 871 -1.468089
772 773 -1.964478
772 782 0.893401
772 872 0.649789
773 774 1.167945
773 783 0.810785
773 873 -0.659131
774 775 -0.401646
774 784 -1.162524
774 874 -0.435928
775 776 1.665875
775 785 0.719905
775 875 0.550960
776 777 -0.101720
776 786 -0.670449
776 876 -0.228670
777 778 -0.088693
777 787 -0.889362
777 877 -1.055939
778 779 0.045490
778 788 -0.795415
778 878 -1.101363
779 770 1.266578
779 789 -0.646261
779 879 1.281345
780 781 1.695872
780 790 0.275965
780 880 0.543647
781 782 -1.163913
781 791 -1.318144
781 881 0.321065
782 783 1.289839
782 792 -0.946429
782 882 0.293447
783 784 -0.808147
783 793 -0.419623
783 883 -2.227870
784 785 0.445828
784 794 0.007572
784 884 -2.606831
785 786 -1.359850
785 795 0.831772
785 885 0.555963
786 787 -0.082432
786 796 0.936277
786 886 0.410927
787 788 -0.262128
787 797 0.360079
787 887 -2.979485
788 789 1.355489
788 798 0.289035
788 888 0.302100
789 780 1.636227
789 799 -0.081420
789 889 1.277986
790 791 1.048285
790 700 0.011920
790 890 0.531640
791 792 -0.015283
791 701 1.034054
791 891 -0.615478
792 793 -1.668211
792 702 -0.649849
792 892 -0.913373
793 794 -0.376252
793 703 -0.310377
793 893 -0.449323
794 795 -0.429162
794 704 -0.286250
794 894 0.632803
795 796 1.605484
795 705 -1.173031
795 895 0.842576
796 797 -1.211649
796 706 -1.199803
796 896 0.044319
797 798 -0.637205
797 707 -0.693194
797 897 0.021900
798 799 2.130606
798 708 -0.663871
798 898 -0.508167
799 790 -0.961767
799 709 -0.121572
799 899 -0.412956
800 801 -0.388527
800 810 0.773345
800 900 -0.931394
801 802 1.349153
801 811 0.505253
801 901 -1.218042
802 803 1.019793
802 812 -0.781494
802 902 -0.555522
803 804 -0.874463
803 813 0.972536
803 903 -0.523777
804 805 -0.374644
804 814 -1.575204
804 904 0.716508
805 806 1.357794
805 815 -0.876055
805 905 -0.512643
806 807 -0.125522
806 816 0.286878
806 906 -0.078954
807 808 -0.374021
807 817 1.714696
807 907 0.762803
808 809 1.387230
808 818 0.961179
808 908 -0.776231
809 800 -0.237358
809 819 0.338774
809 909 0.500635
810 811 -0.335532
810 820 1.459137
810 910 0.218142
811 812 0.748088
811 821 -0.066764
811 911 0.401599
812 813 0.384051
812 822 -1.199989
812 912 -0.791284
813 814 1.882003
813 823 -0.352849
813 913 -0.526746
814 815 1.315188
814 824 -0.126302
814 914 0.985840
815 816 -1.159373
815 825 -2.459011
815 915 -0.424628
816 817 2.042000
816 826 -0.258160
816 916 0.906779
817 818 0.114467
817 827 -0.182207
817 917 -0.951768
818 819 -0.927134
818 828 -1.109387
818 918 0.633501
819 810 -2.154988
819 829 1.509309
819 919 -0.134105
820 821 0.550753
820 830 -1.006576
820 920 0.577692
821 822 0.961881
821 831 0.398711
821 921 -0.103889
822 823 -0.304701
822 832 -0.216172
822 922 0.975209
823 824 -2.658043
823 833 -1.051892
823 923 -0.759978
824 825 0.387681
824 834 -0.962354
824 924 -0.606096
825 826 -0.817799
825 835 0.564141
825 925 -1.865494
826 827 1.127334
826 836 0.251168
826 926 0.412878
827 828 -0.272757
827 837 0.585839
827 927 -0.545590
828 829 -0.203114
828 838 -1.364181
828 928 -2.006267
829 820 1.385324
829 839 1.533540
829 929 -2.195248
830 831 0.188738
830 840 -0.340619
830 930 -0.359701
831 832 0.088400
831 841 -1.524518
831 931 -0.219606
832 833 0.217800
832 842 -0.587650
832 932 -1.047941
833 834 -1.155383
833 843 0.878061
833 933 1.721948
834 835 -0.230696
834 844 0.368114
834 934 0.916765
835 836 1.160817
835 845 0.015095
835 935 -0.563532
836 837 0.496624
836 846 1.232282
836 936 0.584430
837 838 -1.437317
837 847 -1.076221
837 937 0.319759
838 839 -0.306080
838 848 -0.208780
838 938 0.197317
839 830 -0.430292
839 849 1.036041
839 939 -0.388643
840 841 -0.056390
840 850 0.369183
840 940 -0.137419
841 842 -0.517359
841 851 0.074512
841 941 1.053978
842 843 0.896451
842 852 -2.003957
842 942 1.759746
843 844 -0.217714
843 853 2.319054
843 943 0.192433
844 845 0.406379
844 854 0.949241
844 944 0.455159
845 846 -0.819397
845 855 0.656695
845 945 -0.447502
846 847 0.887503
846 856 -0.116558
846 946 0.774227
847 848 0.187314
847 857 0.842979
847 947 0.439080
848 849 0.186952
848 858 -0.389612
848 948 1.204095
849 840 0.964010
849 859 0.315914
849 949 0.100096
850 851 -1.133661
850 860 0.512006
850 950 0.610317
851 852 -1.264144
851 861 -0.794435
851 951 -0.775399
852 853 -1.602657
852 862 1.346858
852 952 0.893152
853 854 -0.025847
853 863 -0.397933
853 953 -0.212753
854 855 0.807216
854 864 -0.056315
854 954 -1.332167
855 856 0.140566
855 865 -1.778539
855 955 0.190083
856 857 -1.587465
856 866 -0.759973
856 956 0.580194
857 858 -0.290632
857 867 0.225609
857 957 0.520730
858 859 -1.053744
858 868 -0.756696
858 958 -0.725852
859 850 0.771487
859 869 1.159504
859 959 0.276287
860 861 -1.061007
860 870 0.407663
860 960 -1.499120
861 862 2.099722
861 871 0.525989
861 961 -0.340306
862 863 1.164683
862 872 -1.286566
862 962 0.830342
863 864 0.797546
863 873 -0.855278
863 963 -0.726262
864 865 -0.905227
864 874 -1.655961
864 964 -0.275958
865 866 -2.430010
865 875 -0.827447
865 965 -0.282281
866 867 0.549571
866 876 1.108679
866 966 -1.974452
867 868 1.269886
867 877 0.172341
867 967 0.700257
868 869 -1.227548
868 878 0.399104
868 968 -0.269364
869 860 -0.634557
869 879 -0.145171
869 969 0.687806
870 871 -1.202169
870 880 -2.067405
870 970 0.097695
871 872 -1.751877
871 881 -1.251776
871 971 0.114555
872 873 2.362287
872 882 0.426675
872 972 -0.645277
873 874 -1.601753
873 883 -0.837136
873 973 1.055545
874 875 -0.230298
874 884 -0.534171
874 974 0.180240
875 876 0.438569
875 885 -0.035804
875 975 -0.796657
876 877 0.414827
876 886 0.662328
876 976 1.684028
877 878 1.524594
877 887 -1.571393
877 977 0.927374
878 879 0.259899
878 888 -0.429748
878 978 0.254529
879 870 2.142395
879 889 0.706702
879 979 -0.483865
880 881 -1.558702
880 890 0.818843
880 980 1.206636
881 882 0.123310
881 891 -0.822491
881 981 -0.970805
882 883 -0.766567
882 892 -0.076708
882 982 -0.319737
883 884 0.337478
883 893 1.472675
883 983 0.420552
884 885 0.601523
884 894 -0.666490
884 984 0.942755
885 886 -0.222768
885 895 1.634791
885 985 1.453754
886 887 0.364945
886 896 -0.835638
886 986 -0.131172
887 888 -0.548204
887 897 -0.171247
887 987 -0.415406
888 889 1.517785
888 898 -0.277082
888 988 -1.652646
889 880 2.114757
889 899 -1.387024
889 989 -0.049580
890 891 -0.530354
890 800 -0.304151
890 990 -0.791595
891 892 -0.617782
891 801 -0.408603
891 991 0.001385
892 893 0.383474
892 802 -0.510965
892 992 -0.474875
893 894 0.119252
893 803 -2.116907
893 993 -0.622988
894 895 0.689019
894 804 -0.441435
894 994 -0.466757
895 896 2.652150
895 805 1.397799
895 995 -0.013498
896 897 0.308784
896 806 -0.954452
896 996 -0.372953
897 898 -1.269356
897 807 -1.213304
897 997 0.759882
898 899 -0.528371
898 808 -0.440148
898 998 0.201611
899 890 -0.359534
899 809 -0.072779
899 999 -0.781696
900 901 -0.346256
900 910 -1.355183
900 0 -0.069199
901 902 -0.365927
901 911 -0.492574
901 1 0.893766
902 903 1.828072
902 912 0.537468
902 2 1.985816
903 904 -0.424165
903 913 -0.227349
903 3 -1.329940
904 905 -0.364699
904 914 0.577255
904 4 -0.747325
905 906 0.851551
905 915 -0.078968
905 5 1.295116
906 907 -1.689474
906 916 1.479459
906 6 0.082969
907 908 0.908443
907 917 -1.258325
907 7 -0.565429
908 909 -0.521833
908 918 0.004836
908 8 -0.800856
909 900 0.479270
909 919 0.802683
909 9 -1.438577
910 911 0.720914
910 920 -0.206202
910 10 0.439940
911 912 1.088893
911 921 0.135698
911 11 1.183474
912 913 0.144469
912 922 0.671420
912 12 -0.076734
913 914 0.502054
913 923 -0.609739
913 13 1.208107
914 915 -0.292937
914 924 -0.189756
914 14 -1.910336
915 916 0.866087
915 925 0.053281
915 15 0.010919
916 917 -0.106177
916 926 0.462456
916 16 -0.949901
917 918 -0.319362
917 927 0.765360
917 17 0.304949
918 919 0.537403
918 928 -2.234904
918 18 1.025072
919 910 0.886605
919 929 -0.274418
919 19 0.377634
920 921 -0.100262
920 930 -0.270519
920 20 -1.485578
921 922 -1.271253
921 931 -0.024027
921 21 1.318107
922 923 0.324130
922 932 -0.100637
922 22 1.240859
923 924 -1.146758
923 933 -1.213774
923 23 -1.331338
924 925 0.802753
924 934 -1.694257
924 24 -0.590443
925 926 -0.241127
925 935 1.090667
925 25 0.019176
926 927 0.197831
926 936 -0.463676
926 26 -0.670480
927 928 0.782225
927 937 1.265684
927 27 0.887615
928 929 0.600799
928 938 0.439731
928 28 -0.622024
929 920 0.402446
929 939 0.894216
929 29 2.356732
930 931 -1.243308
930 940 -0.269618
930 30 0.161723
931 932 2.003775
931 941 -0.122336
931 31 -0.907266
932 933 1.612482
932 942 -0.588373
932 32 0.536762
933 934 1.154984
933 943 0.440733
933 33 -1.352090
934 935 0.279554
934 944 -0.281332
934 34 -0.648859
935 936 0.700850
935 945 0.467571
935 35 1.262678
936 937 -1.693951
936 946 -0.086376
936 36 0.367121
937 938 -1.662291
937 947 0.311349
937 37 -0.041104
938 939 -1.791265
938 948 -0.945830
938 38 -0.348897
939 930 -1.155714
939 949 -0.987194
939 39 1.084019
940 941 -1.150035
940 950 -0.833447
940 40 0.173250
941 942 0.073204
941 951 0.030274
941 41 1.227635
942 943 0.620587
942 952 -0.465418
942 42 0.690740
943 944 0.090176
943 953 1.598856
943 43 0.895683
944 945 -0.179499
944 954 1.538790
944 44 0.437294
945 946 -0.608494
945 955 0.036850
945 45 -1.735616
946 947 -0.347206
946 956 -0.039641
946 46 -0.884515
947 948 1.368635
947 957 0.120301
947 47 2.281803
948 949 0.870676
948 958 -0.448424
948 48 0.223061
949 940 0.384241
949 959 -1.416073
949 49 -0.143539
950 951 0.781815
950 960 0.300767
950 50 -0.898488
951 952 -0.527061
951 961 0.491106
951 51 1.847567
952 953 0.785317
952 962 -1.584268
952 52 0.170081
953 954 1.971331
953 963 0.006311
953 53 -1.079074
954 955 0.280458
954 964 -0.506906
954 54 -0.639668
955 956 -0.181609
955 965 -0.305256
955 55 -1.014708
956 957 0.891698
956 966 -0.266076
956 56 0.207719
957 958 -1.902145
957 967 1.340936
957 57 0.846825
958 959 -1.120889
958 968 -0.107140
958 58 -0.783759
959 950 -0.551379
959 969 0.040216
959 59 0.164764
960 961 -0.623554
960 970 1.039033
960 60 0.652800
961 962 -0.098147
961 971 1.563695
961 61 -0.810728
962 963 0.431235
962 972 -0.087197
962 62 1.260637
963 964 0.109983
963 973 -0.139353
963 63 0.123718
964 965 0.326251
964 974 -0.844978
964 64 0.873113
965 966 -1.526032
965 975 -0.983376
965 65 0.234224
966 967 1.206514
966 976 -0.963179
966 66 1.162239
967 968 0.197371
967 977 1.915946
967 67 0.072342
968 969 -0.037085
968 978 -0.780599
968 68 -2.383353
969 960 0.389614
969 979 0.503405
969 69 0.580099
970 971 -0.919484
970 980 -1.765846
970 70 0.089609
971 972 -1.620228
971 981 0.907423
971 71 1.113254
972 973 0.754442
972 982 0.020642
972 72 1.547977
973 974 -1.960811
973 983 -0.542966
973 73 -0.592998
974 975 -1.252918
974 984 0.806050
974 74 1.502721
975 976 -0.642662
975 985 -1.952721
975 75 0.195751
976 977 1.585542
976 986 0.762434
976 76 -0.935459
977 978 -0.786090
977 987 1.320233
977 77 -0.279131
978 979 -0.750930
978 988 0.875156
978 78 -0.022916
979 970 0.236681
979 989 1.935463
979 79 0.170167
980 981 -1.087054
980 990 1.889105
980 80 -0.676054
981 982 -1.950156
981 991 -0.929613
981 81 -0.416805
982 983 -1.897593
982 992 1.357854
982 82 -1.653792
983 984 1.715480
983 993 -1.067479
983 83 -0.375413
984 985 0.077292
984 994 0.458993
984 84 -1.374111
985 986 -0.532140
985 995 0.224914
985 85 -0.780951
986 987 -0.211639
986 996 1.038055
986 86 -1.096451
987 988 0.375662
987 997 0.273950
987 87 0.432770
988 989 0.568805
988 998 0.248888
988 88 -0.029407
989 980 -1.025076
989 999 1.701817
989 89 -0.485274
990 991 -0.856596
990 900 0.164097
990 90 -1.367591
991 992 -1.630639
991 901 0.481067
991 91 -0.710347
992 993 1.953346
992 902 0.495579
992 92 0.126519
993 994 -2.178598
993 903 0.058104
993 93 -1.508672
994 995 -0.958599
994 904 -0.653244
994 94 1.504815
995 996 0.439664
995 905 -0.771905
995 95 -0.594456
996 997 -0.078229
996 906 0.971604
996 96 -1.831546
997 998 -0.412808
997 907 -1.436683
997 97 -1.149000
998 999 -0.404155
998 908 0.280831
998 98 1.179912
999 990 0.023385
999 909 -0.915670
999 99 0.481475
